Cluster,Dist,mean,median,std,min,max,bag_count,day_count,Cluster_Rank,Cluster_perc
0,"[0.43408415841584513, 0.4274059405940636, 0.42740594059405806, 0.6210742574257427, 0.5342574257425782, 1.7363366336633694, 2.624539603960404, 0.5008663366336653, 0.16027722772277178, 0.7012128712871314, 1.1352970297029765, 0.7012128712871314, 0.20034653465346614, 0.3539455445544564, 0.8548118811881217, 0.12020792079207744, 0.560970297029704, 0.4741534653465339, 0.39401485148515075, 0.2738069306930733, 1.1620099009901024, 0.3005198019801992, 1.4091039603960442, 0.3673019801980194, 1.9099702970297094, 1.43581683168317, 1.255504950495054, 0.888202970297029, 0.3873366336633693, 2.070247524752481, 0.06010396039603872, 0.6010396039603983, 0.1402425742574274, 0.03339108910891287, 0.3739801980198008, 0.4941881188118838, 0.6411089108910927, 1.6428415841584232, 0.9750198019801992, 1.5560247524752533, 0.29384158415841766, 0.16695544554455324, 0.6811782178217815, 0.7212475247524758, 0.5409356435643596, 1.4758861386138644, 1.3757128712871314, 0.6077178217821798, 1.2087574257425782, 2.6312178217821853, 0.8614900990099031, 0.9883762376237676, 3.1120495049505066, 0.06010396039603872, 0.24041584158416046, 0.05342574257425726, 0.4741534653465339, 0.06010396039603872, 0.6210742574257427, 1.2154356435643596, 0.7212475247524758, 0.18699009900990318, 0.888202970297029, 0.26045049504950485, 1.021767326732675, 0.2203811881188105, 0.7145693069306943, 0.6477871287128741, 0.02671287128713141, 0.8080643564356459, 0.3005198019801992, 0.4274059405940636, 0.5476138613861411, 0.233737623762379, 0.560970297029704, 0.06010396039603872, 0.17363366336634026, 0.6077178217821798, 0.6477871287128741, 0.04006930693069433, 0.9750198019801992, 0.2537722772277234, 0.03339108910891287, 0.9015594059405976, 0.5810049504950484, 1.255504950495054, 0.6745, 0.8347772277227774, 1.035123762376238, 0.5542920792079226, 0.2470940594059419, 0.3806584158415879, 0.9750198019801992, 0.04006930693069433, 1.0150891089108935, 0.020034653465344388, 2.0568910891089183, 0.908237623762379, 0.6010396039603983, 0.3673019801980194, 1.7630495049505008, 0.33391089108911204, 0.8013861386138645, 0.6010396039603983, 0.11352970297029599, 2.2038118811881273, 1.2755396039603983, 1.0952277227722822, 1.8565445544554522, 0.8347772277227719, 0.3739801980198008, 1.3289653465346556, 0.013356435643562923, 0.4941881188118838, 0.3739801980198008, 0.40069306930693227, 0.11352970297029599, 2.7781386138613944, 1.0618366336633693, 0.6878564356435685, 1.1753663366336653, 0.39401485148515075, 1.4491732673267386, 1.3957475247524813, 0.69453465346535, 0.32723267326733063, 0.10685148514851452, 0.15359900990099032, 1.6495198019802046, 0.16695544554455324, 0.2203811881188105, 0.46747524752475245, 1.135297029702971, 0.24041584158416046, 0.46747524752475245, 0.0, 1.3623564356435685, 0.3539455445544564, 0.08013861386138867, 1.0751930693069323, 0.20034653465346614, 0.04006930693069433, 0.2470940594059419, 0.9416287128712919, 1.1887227722772338, 0.995054455445549, 0.7546386138613886, 0.09349504950495159, 0.774673267326733, 0.41404950495049514, 1.1820445544554468, 0.16027722772277178, 1.021767326732675, 0.7613168316831701, 0.6143960396039613, 0.04006930693069433, 0.6077178217821798, 1.489242574257433, 0.15359900990099032, 1.1486534653465394, 0.32723267326733063, 0.03339108910891287, 1.4825643564356459, 1.0551584158415879, 0.32055445544554356, 1.2955742574257483, 1.235470297029704, 0.9750198019801992, 0.7947079207920831, 1.0818712871287137, 0.6878564356435685, 2.030178217821787, 0.5275792079207967, 0.4073712871287137, 0.7412821782178257, 1.943361386138617, 1.5359900990099034, 1.5159554455445587, 0.2470940594059419, 1.0484801980198064, 0.9349504950495049, 0.5209009900990097, 1.3957475247524813, 1.6962673267326804, 0.9483069306930733, 0.20034653465346614, 1.3623564356435685, 0.13356435643564593, 0.5142227722772282, 1.4825643564356459, 0.9015594059405976, 0.46747524752475245, 0.3806584158415879, 0.08681683168317013, 1.021767326732675, 0.3539455445544564, 0.6878564356435685, 1.4625297029703015, 1.008410891089112, 0.3405891089108935, 0.16695544554455324, 0.20034653465346614, 0.327232673267325, 0.9149158415841604, 1.1887227722772282, 0.12020792079207744, 0.8481336633663402, 0.5075445544554468, 2.1704207920792147, 1.5359900990099034, 0.39401485148515075, 0.6477871287128741, 0.8347772277227719, 0.39401485148515075, 1.2955742574257483, 0.046747524752475796, 0.7613168316831701, 0.5075445544554468, 0.581004950495054, 0.22705940594059199, 0.1736336633663347, 1.1352970297029765, 0.5943613861386169, 0.5142227722772282, 1.5693811881188162, 0.04006930693069433, 0.5409356435643596, 0.26045049504950485, 2.6579306930693165, 0.16695544554455324, 1.2287920792079225, 1.1085841584158451, 0.2671287128712863, 2.083603960396044, 0.3673019801980194, 0.560970297029704, 0.7346039603960388, 0.7679950495049517, 0.5876831683168353, 0.995054455445549, 0.774673267326733, 0.4941881188118838, 1.2354702970297096, 0.6878564356435685, 0.46079702970297093, 0.6745, 0.8481336633663402, 0.2470940594059419, 0.4741534653465339, 0.09349504950495159, 0.5409356435643596, 2.19713366336634, 0.7012128712871314, 1.689589108910899, 0.447440594059408, 0.3005198019801992, 0.05342574257425726, 0.7880297029703015, 0.7947079207920831, 0.2671287128712863, 1.155331683168321, 1.4758861386138644, 0.4741534653465339, 0.18699009900990318, 1.5760594059405975, 0.020034653465344388, 0.2203811881188105, 0.9282722772277233, 1.021767326732675, 0.7546386138613886, 0.39401485148515075, 1.021767326732675, 0.3606237623762379, 1.2354702970297096, 1.3556782178217872, 0.40069306930693227, 1.8097970297029766, 0.21370297029702903, 1.5760594059405975, 1.36903465346535, 0.1402425742574274, 0.013356435643562923, 0.46747524752475245, 1.669554455445549, 0.2203811881188105, 6.204064356435662, 0.7346039603960388, 0.4875099009901024, 0.4274059405940636, 0.7412821782178257, 0.4875099009901024, 0.006678217821781462, 0.14692079207920883, 2.571113861386147, 1.4291386138613886, 1.5226336633663402, 1.3156089108910927, 0.9215940594059419, 0.347267326732675, 1.3089306930693112, 0.2203811881188105, 1.7096237623762434, 1.2020792079207967, 0.7145693069306943, 2.2238465346534717, 1.1286188118811895, 0.33391089108911204, 0.7479603960396072, 1.8431881188118837, 1.669554455445549, 0.44076237623762654, 0.0, 0.908237623762379, 0.14692079207920883, 1.2354702970297096, 0.4541188118811895, 1.4625297029703015, 0.2537722772277234, 1.7563712871287191, 0.69453465346535, 0.995054455445549, 2.691321782178224, 0.28048514851484924, 0.2738069306930733, 2.050212871287137, 2.490975247524758, 0.560970297029704, 0.3405891089108935, 0.233737623762379, 0.908237623762379, 0.4073712871287137, 0.6477871287128741, 0.15359900990099032, 0.10685148514851452, 0.6077178217821798, 0.894881188118816, 0.6811782178217815, 0.8748465346534662, 0.9816980198019807, 1.0618366336633693, 1.1152623762376266, 0.42072772277227666, 0.06678217821782019, 0.28048514851484924, 1.9233267326732724, 1.656198019801986, 0.7679950495049517, 0.681178217821787, 0.6745, 4.3675544554455605, 0.24041584158416046, 0.04006930693069433, 0.2203811881188105, 1.943361386138617, 0.4808316831683153, 0.9282722772277233, 1.3222871287128743, 0.0734603960396072, 0.581004950495054, 1.442495049504957, 0.4941881188118838, 1.5092772277227773, 0.3405891089108935, 0.14692079207920883, 0.8481336633663402, 1.2688613861386169, 1.4625297029703015, 0.7212475247524758, 4.133816831683181, 0.15359900990099032, 0.04006930693069433, 1.3022524752475297, 0.12020792079207744, 0.20702475247524757, 0.15359900990099032, 0.3873366336633693, 2.250559405940603, 0.4875099009901024, 1.0150891089108935, 0.7813514851485145, 3.405891089108924, 0.4741534653465339, 0.0, 0.2537722772277234, 0.30719801980198064, 0.8681683168316847, 0.4875099009901024, 0.5409356435643596, 0.7479603960396072, 0.14692079207920883, 0.1268861386138589, 1.0484801980198064, 1.141975247524758, 1.5693811881188162, 0.7346039603960388, 1.0818712871287137, 0.8815247524752475, 0.5275792079207967, 0.9750198019801992, 0.3673019801980194, 0.06010396039603872, 0.09349504950495159, 0.774673267326733, 0.3005198019801992, 1.5693811881188162, 0.29384158415841766, 0.9616633663366362, 0.8147425742574274, 0.3539455445544564, 0.40069306930693227, 2.1503861386138645, 0.8548118811881217, 1.2354702970297096, 0.6544653465346556, 1.8031188118811952, 1.2154356435643596, 1.6762326732673305, 0.574326732673267, 4.941881188118827, 1.335643564356437, 3.1187277227722876, 0.29384158415841766, 0.14692079207920883, 1.5359900990099034, 0.5209009900990097, 1.7363366336633694, 0.4741534653465339, 0.5676485148514855, 0.7546386138613886, 0.046747524752475796, 0.24041584158416046, 0.9282722772277233, 0.18031188118811617, 0.5542920792079226, 0.21370297029702903, 0.04006930693069433, 1.3022524752475297, 0.3673019801980194, 0.5209009900990097, 1.4291386138613886, 1.121940594059408, 0.2537722772277234, 0.12020792079207744, 1.9233267326732724, 1.7563712871287191, 0.020034653465344388, 0.6811782178217815, 0.7212475247524758, 0.19366831683168464, 3.799905940594069, 0.3806584158415879, 0.46079702970297093, 3.1187277227722876, 0.7546386138613886, 1.7163019801980248, 3.385856435643574, 1.4224603960396072, 1.2354702970297096, 1.883257425742578, 0.11352970297029599, 1.469207920792083, 1.5760594059405975, 0.560970297029704, 0.10017326732673307, 1.1887227722772338, 0.8548118811881217, 0.6477871287128741, 0.44076237623762654, 0.46079702970297093, 0.4741534653465339, 0.2537722772277234, 0.9816980198019861, 1.4291386138613886, 1.5493465346534716, 0.8414554455445588, 0.4808316831683209, 1.5693811881188162, 2.4041584158415934, 0.6411089108910927, 0.347267326732675, 0.12020792079207744, 0.9750198019801992, 0.9349504950495049, 1.7897623762376265, 1.0618366336633693, 0.6544653465346556, 0.3539455445544564, 0.5275792079207912, 0.46079702970297093, 0.78135148514852, 0.40069306930693227, 1.4424950495049516, 1.6428415841584232, 1.5025990099009958, 0.8013861386138645, 0.7813514851485145, 0.7479603960396072, 1.4291386138613886, 0.0801386138613831, 0.3673019801980194, 0.447440594059408, 2.0235000000000056, 1.4825643564356459, 0.19366831683168464, 0.347267326732675, 0.5810049504950484, 0.16027722772277178, 0.28716336633663625, 0.30719801980198064, 0.4541188118811895, 0.05342574257425726, 1.255504950495054, 0.6878564356435685, 0.42072772277227666, 1.9834306930693113, 1.0952277227722822, 0.3539455445544564, 0.29384158415841766, 0.560970297029704, 0.06678217821782019, 0.31387623762376204, 0.32723267326733063, 0.2671287128712863, 0.15359900990099032, 2.177099009900996, 1.6895891089108934, 1.0618366336633693, 1.1352970297029765, 1.5493465346534716, 0.43408415841584513, 0.013356435643562923, 0.8548118811881217, 0.7479603960396072, 0.3673019801980194, 1.8431881188118895, 0.7212475247524758, 0.4541188118811895, 0.4541188118811895, 1.4157821782178257, 0.3005198019801992, 0.31387623762376204, 0.006678217821781462, 2.2572376237623843, 0.11352970297029599, 0.4941881188118838, 2.263915841584166, 1.1954009900990152, 1.0952277227722822, 0.447440594059408, 0.4741534653465339, 0.8548118811881217, 1.3289653465346556, 0.4875099009901024, 0.21370297029702903, 1.9366831683168355, 2.5844702970297098, 0.5142227722772282, 0.8748465346534662, 0.9215940594059419, 0.9750198019801992, 0.0734603960396072, 0.13356435643564593, 1.0484801980198064, 0.5275792079207912, 0.8548118811881217, 0.560970297029704, 0.5409356435643596, 0.09349504950495159, 0.7479603960396072, 0.5810049504950484, 1.0685148514851508, 0.24041584158416046, 1.5760594059405975, 1.5627029702970348, 0.5542920792079226, 0.447440594059408, 0.11352970297029599, 2.143707920792083, 1.1085841584158451, 0.13356435643564593, 0.4073712871287137, 0.5676485148514855, 0.2537722772277234, 0.13356435643564593, 1.8298316831683208, 0.006678217821781462, 0.9015594059405976, 1.2955742574257483, 1.1152623762376266, 0.9215940594059419, 0.5342574257425782, 0.08013861386138867, 1.1085841584158451, 0.4808316831683153, 0.32723267326733063, 0.3673019801980194, 0.6477871287128741, 0.03339108910891287, 1.1686881188118838, 1.1019059405940637, 2.183777227722777, 0.29384158415841766, 0.29384158415841766, 1.6428415841584176, 0.7012128712871314, 0.3405891089108935, 1.3890693069306943, 0.560970297029704, 0.9282722772277233, 0.6678217821782185, 0.29384158415841766, 2.0368564356435686, 0.7546386138613886, 0.8147425742574274, 0.9750198019801992, 0.43408415841584513, 0.3673019801980194, 1.3089306930693112, 0.560970297029704, 1.3623564356435685, 0.9483069306930733, 0.20702475247524757, 0.12020792079207744, 0.7546386138613886, 0.20702475247524757, 0.44076237623762654, 0.9149158415841604, 0.006678217821781462, 0.7947079207920831, 0.7346039603960388, 1.3957475247524813, 0.06678217821782019, 0.02671287128713141, 0.6344306930693057, 0.18699009900990318, 0.0734603960396072, 0.020034653465344388, 0.8080643564356459, 0.6143960396039613, 0.29384158415841766, 0.33391089108911204, 0.2738069306930678, 0.6277524752475241, 0.6611435643564372, 0.6477871287128741, 0.9750198019801992, 0.19366831683168464, 0.3539455445544564, 2.4842970297029763, 0.8147425742574274, 0.2203811881188105, 1.6762326732673305, 0.6611435643564372, 0.42072772277227666, 0.0801386138613831, 0.026712871287125847, 0.8414554455445588, 0.20702475247524757, 1.0885495049505007, 1.3356435643564426, 0.18699009900990318, 0.14692079207920883, 0.9416287128712919, 1.335643564356437, 0.681178217821787, 1.235470297029704, 1.6161287128712918, 1.2822178217821796, 1.3089306930693112, 3.34578712871288, 0.5075445544554468, 0.11352970297029599, 0.46079702970297093, 1.2822178217821796, 0.3673019801980194, 0.30719801980198064, 0.006678217821781462, 1.288896039603961, 0.6210742574257427, 0.8614900990099031, 0.3806584158415879, 1.0551584158415879, 0.5209009900990097, 0.0, 0.09349504950495159, 0.39401485148515075, 0.3005198019801992, 0.13356435643564593, 2.3373762376237677, 0.3739801980198008, 1.7496930693069377, 0.44076237623762654, 0.2203811881188105, 0.10017326732673307, 0.5075445544554468, 0.3405891089108935, 1.1820445544554468, 0.3673019801980194, 0.8347772277227719, 0.07346039603960165, 0.06678217821782019, 0.347267326732675, 1.3089306930693112, 0.7813514851485145, 1.5493465346534716, 0.4541188118811895, 0.8548118811881217, 0.908237623762379, 0.7679950495049517, 0.30719801980198064, 0.7613168316831701, 0.09349504950495159, 0.020034653465344388, 0.447440594059408, 1.2955742574257483, 0.18699009900990318, 1.3022524752475297, 0.7212475247524758, 0.7880297029703015, 0.41404950495049514, 0.16695544554455324, 0.1402425742574274, 0.4808316831683209, 0.8614900990099031, 0.3673019801980194, 0.2738069306930733, 1.1286188118811895, 1.0017326732673306, 0.03339108910891287, 0.9750198019801992, 1.0952277227722822, 0.3873366336633693, 0.3606237623762379, 0.03339108910891287, 4.2139554455445705, 0.774673267326733, 0.10685148514851452, 0.4741534653465339, 0.10685148514851452, 2.0034653465346612, 1.6428415841584176, 0.2470940594059419, 1.3890693069307, 0.1402425742574274, 0.8481336633663402, 0.9483069306930733, 2.016821782178224, 0.13356435643564593, 0.013356435643562923, 0.8548118811881217, 0.44076237623762654, 0.03339108910891287, 0.30719801980198064, 0.7546386138613886, 0.6611435643564372, 0.9416287128712919, 0.7212475247524758, 0.28716336633663625, 1.3289653465346556, 0.7412821782178257, 0.7145693069306943, 0.3606237623762379, 0.3739801980198008, 0.6811782178217815, 1.7096237623762434, 0.574326732673267, 0.10017326732673307, 1.9300049504950538, 0.06010396039603872, 1.255504950495054, 1.6228069306930732, 0.7212475247524758, 0.13356435643564593, 0.4541188118811895, 0.5075445544554468, 0.8681683168316847, 0.327232673267325, 0.2470940594059419, 0.3405891089108935, 0.774673267326733, 1.4091039603960442, 1.3957475247524813, 0.26045049504950485, 0.8748465346534662, 0.020034653465344388, 0.9483069306930733, 0.8548118811881217, 0.006678217821781462, 0.4274059405940636, 0.20034653465346614, 0.42740594059405806, 0.69453465346535, 0.233737623762379, 0.14692079207920883, 0.5943613861386169, 0.42072772277227666, 0.42072772277227666, 0.4541188118811895, 1.1753663366336653, 2.1236732673267387, 0.06010396039603872, 0.18699009900990318, 0.43408415841584513, 0.447440594059408, 0.5342574257425726, 0.42072772277227666, 1.5693811881188162, 0.3005198019801992, 0.8214207920792088, 2.7514257425742685, 0.2537722772277234, 0.894881188118816, 0.3739801980198008, 0.7412821782178257, 0.13356435643564593, 0.6544653465346556, 0.2671287128712863, 0.6210742574257427, 0.7012128712871314, 2.2238465346534717, 1.1152623762376266, 0.12020792079207744, 0.10685148514851452, 1.3356435643564426, 0.46747524752475245, 0.33391089108911204, 0.29384158415841766, 0.7412821782178257, 0.3739801980198008, 0.6010396039603983, 0.10017326732673307, 0.40069306930693227, 0.33391089108911204, 0.7412821782178257, 2.263915841584166, 1.2755396039603983, 0.4875099009901024, 0.560970297029704, 0.06678217821782019, 0.6143960396039613, 1.1954009900990152, 0.9883762376237676, 0.2738069306930678, 0.03339108910891287, 0.18699009900990318, 0.20702475247524757, 0.3405891089108935, 0.04006930693069433, 0.2470940594059419, 0.6143960396039613, 0.46747524752475245, 0.6544653465346556, 0.21370297029702903, 0.24041584158416046, 0.3739801980198008, 0.11352970297029599, 0.5542920792079226, 0.3806584158415823, 0.8414554455445588, 0.42740594059405806, 1.7229801980198063, 0.7346039603960443, 0.06678217821782019, 0.3005198019801992, 1.3222871287128743, 1.3890693069306943, 3.5394554455445646, 0.10685148514851452, 2.410836633663375, 2.4776188118811953, 1.963396039603967, 0.3405891089108935, 1.5359900990099087, 2.9050247524752586, 0.7412821782178257, 0.6878564356435685, 0.07346039603960165, 1.021767326732675, 0.5409356435643596, 0.6811782178217815, 0.5008663366336653, 1.4024257425742628, 0.8481336633663402, 1.0618366336633693, 1.3289653465346556, 1.729658415841588, 1.582737623762379, 0.026712871287125847, 0.14692079207920883, 0.26045049504950485, 0.8080643564356459, 0.2203811881188105, 0.5542920792079226, 1.2154356435643596, 0.5008663366336653, 0.06678217821782019, 0.16027722772277178, 0.44076237623762654, 1.0150891089108935, 2.177099009900996, 0.347267326732675, 0.7346039603960388, 0.08681683168317013, 0.020034653465344388, 0.12688613861386447, 0.9349504950495049, 1.1887227722772282, 1.916648514851491, 1.2755396039603983, 2.611183168316841, 1.141975247524758, 0.20034653465346614, 0.7279257425742572, 0.8882029702970345, 0.6477871287128741, 0.16027722772277178, 0.6077178217821798, 0.7212475247524758, 1.255504950495054, 0.12688613861386447, 0.24041584158416046, 0.020034653465344388, 0.19366831683168464, 0.7145693069306943, 0.7078910891089129, 0.40069306930693227, 0.3005198019801992, 0.5542920792079226, 0.26045049504950485, 0.3673019801980194, 0.7279257425742572, 0.43408415841584513, 1.1352970297029765, 0.33391089108911204, 0.5075445544554468, 0.1268861386138589, 0.10017326732673307, 1.0952277227722822, 0.5943613861386169, 0.6477871287128741, 1.5894158415841604, 0.3806584158415879, 0.3673019801980194, 0.33391089108911204, 0.7546386138613886, 0.5209009900990097, 0.04006930693069433, 1.2154356435643596, 0.5542920792079226, 0.9816980198019861, 0.5142227722772282, 0.3673019801980194, 1.3556782178217872, 0.10017326732673307, 1.669554455445549, 0.2203811881188105, 1.141975247524758, 2.8983465346534714, 0.31387623762376204, 0.560970297029704, 1.3022524752475297, 0.7947079207920831, 2.985163366336642, 3.212222772277239, 0.6477871287128741, 1.5226336633663402, 0.24041584158416046, 0.8748465346534662, 0.2270594059405975, 0.046747524752475796, 0.8280990099009903, 1.4024257425742628, 0.9282722772277233, 3.7731930693069433, 1.8632227722772337, 0.995054455445549, 0.8614900990099031, 1.43581683168317, 0.2738069306930678, 1.529311881188122, 0.15359900990099032, 0.894881188118816, 0.3873366336633693, 0.12020792079207744, 1.0685148514851508, 1.602772277227729, 0.19366831683168464, 0.6477871287128741, 0.19366831683168464, 0.42072772277227666, 0.6745, 1.3156089108910927, 0.046747524752475796, 1.4758861386138644, 0.32055445544554356, 0.46079702970297093, 2.571113861386147, 0.18699009900990318, 2.4842970297029763, 0.2203811881188105, 1.0551584158415879, 1.3623564356435685, 0.13356435643564593, 1.7630495049505008, 5.075445544554474, 0.447440594059408, 0.44076237623762654, 0.7947079207920831, 0.7412821782178257, 1.141975247524758, 0.4941881188118838, 0.18699009900990318, 1.4091039603960442, 1.8298316831683208, 0.9683415841584178, 1.4625297029703015, 0.04006930693069433, 1.582737623762379, 3.733123762376249, 1.4491732673267386, 0.69453465346535, 3.299039603960404, 0.7947079207920831, 2.571113861386147, 2.4842970297029763, 0.7546386138613886, 0.8548118811881217, 1.4625297029703015, 0.020034653465344388, 1.883257425742578, 0.0734603960396072, 0.18699009900990318, 0.681178217821787, 0.3806584158415879, 1.7363366336633694, 0.8548118811881217, 0.3673019801980194, 1.222113861386141, 0.6210742574257427, 0.12020792079207744, 1.9233267326732724, 0.46747524752475245, 0.06678217821782019, 3.5461336633663456, 1.5760594059405975, 0.347267326732675, 0.020034653465344388, 0.894881188118816, 0.3539455445544564, 0.5142227722772282, 0.20034653465346614, 3.5728465346534772, 0.12020792079207744, 6.911955445544575, 0.1736336633663347, 0.8481336633663402, 0.7279257425742629, 0.1402425742574274, 0.8013861386138645, 0.33391089108911204, 0.3606237623762379, 0.8481336633663402, 1.5092772277227773, 0.6745, 1.4424950495049516, 0.5275792079207912, 0.41404950495049514, 3.766514851485162, 0.46079702970297093, 2.1503861386138645, 1.3222871287128743, 0.5275792079207912, 0.42072772277227666, 0.24041584158416046, 0.15359900990099032, 1.3490000000000055, 0.5142227722772282, 0.8280990099009903, 1.7496930693069377, 1.9901089108910928, 1.2688613861386169, 1.7363366336633694, 0.7412821782178257, 0.8347772277227719, 1.008410891089112, 0.40069306930693227, 0.7880297029703015, 0.9282722772277233, 1.121940594059408, 1.155331683168321, 0.7546386138613886, 1.6762326732673305, 0.6344306930693057, 1.7830841584158452, 1.682910891089112, 0.5142227722772282, 0.8815247524752475, 0.6878564356435685, 1.6962673267326804, 0.16027722772277178, 1.1085841584158451, 0.581004950495054, 0.09349504950495159, 0.6611435643564372, 0.5209009900990097, 1.1686881188118838, 0.9750198019801992, 0.6477871287128741, 0.10685148514851452, 0.4741534653465339, 0.7279257425742629, 0.18031188118812175, 4.73485643564358, 0.6878564356435685, 0.4541188118811895, 0.7078910891089129, 1.1686881188118838, 0.30719801980198064, 5.001985148514866, 0.8614900990099031, 1.4491732673267386, 1.883257425742578, 1.7363366336633694, 0.7012128712871314, 0.7012128712871314, 0.46079702970297093, 0.8414554455445588, 1.2354702970297096, 5.249079207920808, 0.6878564356435685, 0.2203811881188105, 0.20702475247524757, 0.3606237623762379, 1.121940594059408, 0.013356435643562923, 0.5810049504950484, 0.046747524752475796, 0.7412821782178257, 0.11352970297029599, 1.7229801980198063, 0.8147425742574274, 2.15038613861387, 0.2537722772277234, 1.008410891089112, 0.5676485148514855, 0.5876831683168353, 2.8315643564356514, 1.121940594059408, 0.10017326732673307, 0.995054455445549, 0.7613168316831701, 0.347267326732675, 0.18699009900990318, 0.06010396039603872, 1.5092772277227773, 0.2270594059405975, 0.6077178217821798, 0.9750198019801992, 5.082123762376255, 0.18031188118812175, 0.15359900990099032, 1.4091039603960442, 0.5342574257425782, 0.26045049504950485, 0.10685148514851452, 0.9215940594059419, 0.1402425742574274, 0.7613168316831701, 0.046747524752475796, 0.32055445544554356, 0.6878564356435685, 0.43408415841584513, 0.5409356435643596, 0.020034653465344388, 0.6077178217821798, 1.36903465346535, 0.7679950495049517, 0.9549851485148547, 1.5359900990099034, 0.6477871287128741, 4.447693069306943, 0.3673019801980194, 0.02671287128713141, 5.910222772277245, 0.006678217821781462, 1.0818712871287193, 0.7279257425742572, 0.327232673267325, 0.24041584158416046, 0.7279257425742629, 0.6344306930693112, 1.442495049504957, 0.8347772277227719, 1.041801980198025, 0.1402425742574274, 0.2470940594059419, 1.242148514851491, 0.0734603960396072, 1.121940594059408, 0.22705940594059199, 0.03339108910891287, 0.581004950495054, 3.459316831683181, 0.26045049504950485, 1.0685148514851508, 0.46747524752475245, 1.6762326732673305, 4.941881188118827, 1.041801980198025, 1.2154356435643596, 0.560970297029704, 0.2671287128712863, 2.677965346534661, 2.3039851485148604, 0.19366831683168464, 0.581004950495054, 0.33391089108911204, 0.006678217821781462, 5.64977227722774, 8.942133663366363, 0.19366831683168464, 4.6480396039604095, 1.4224603960396072, 0.5209009900990097, 0.5409356435643596, 1.6628762376237676, 0.233737623762379, 0.995054455445549, 1.7830841584158452, 1.8899356435643595, 0.7479603960396072, 0.5075445544554468, 0.22705940594059199, 2.0635693069306997, 0.09349504950495159, 2.971806930693079, 0.6344306930693112, 0.9215940594059419, 0.6010396039603983, 0.774673267326733, 0.1736336633663347, 0.2203811881188105, 1.5092772277227773, 0.8481336633663402, 0.5476138613861411, 1.0150891089108935, 0.4741534653465339, 3.1454405940594135, 0.16695544554455324, 0.15359900990099032, 0.1402425742574274, 0.020034653465344388, 0.7145693069306943, 0.9750198019801992, 1.3757128712871314, 0.9883762376237676, 4.34751980198021, 1.0618366336633693, 1.1152623762376266, 0.7279257425742572, 1.602772277227729, 2.096960396039613, 1.0618366336633693, 0.16695544554455324, 0.2537722772277234, 0.8414554455445588, 1.021767326732675, 1.1620099009901024, 0.7412821782178257, 0.3806584158415823, 4.5545445544554575, 0.681178217821787, 0.6477871287128741, 0.9416287128712919, 3.4793514851485257, 0.5876831683168353, 5.689841584158434, 3.819940594059419, 2.0034653465346612, 0.5409356435643596, 0.2203811881188105, 0.560970297029704, 0.7546386138613886, 0.9149158415841604, 0.9549851485148547, 0.7145693069306943, 0.06678217821782019, 0.8147425742574274, 1.0751930693069323, 0.13356435643564593, 1.0952277227722822, 1.963396039603967, 0.5476138613861411, 2.6045049504950595, 0.10017326732673307, 2.9517722772277346, 2.4776188118811953, 1.896613861386141, 0.3673019801980194, 0.4541188118811895, 0.1736336633663347, 0.233737623762379, 1.7563712871287191, 0.7279257425742572, 0.7212475247524758, 0.14692079207920883, 0.10685148514851452, 0.7479603960396072, 0.7412821782178257, 0.18699009900990318, 1.008410891089112, 0.9416287128712919, 0.7012128712871314, 0.8414554455445588, 0.20702475247524757, 0.39401485148515075, 0.8214207920792088, 1.3757128712871314, 0.4808316831683209, 2.2572376237623843, 1.6161287128712918, 4.4410148514851615, 0.9282722772277233, 1.702945544554462, 3.5461336633663456, 0.11352970297029599, 2.1704207920792147, 0.026712871287125847, 0.29384158415841766, 0.29384158415841766, 1.4625297029703015, 1.602772277227729, 1.0952277227722822, 0.7613168316831701, 0.39401485148515075, 0.1402425742574274, 1.7630495049505008, 0.1402425742574274, 0.19366831683168464, 1.4224603960396072, 0.2738069306930678, 0.5275792079207912, 1.5226336633663402, 0.78135148514852, 0.18699009900990318, 2.030178217821787, 3.5928811881188216, 1.1954009900990152, 0.2537722772277234, 1.1019059405940637, 0.560970297029704, 1.5359900990099087, 0.21370297029702903, 0.581004950495054, 0.9349504950495049, 1.36903465346535, 0.09349504950495159, 3.799905940594069, 0.32055445544554356, 0.233737623762379, 0.06678217821782019, 0.4741534653465339, 0.46747524752475245, 0.05342574257425726, 1.008410891089112, 0.9149158415841604, 1.255504950495054, 2.2238465346534717, 0.3005198019801992, 0.9683415841584178, 0.8614900990099031, 0.233737623762379, 0.908237623762379, 1.0618366336633693, 0.5075445544554468, 1.7163019801980248, 0.9549851485148547, 5.309183168316847, 3.5728465346534772, 0.8080643564356459, 0.8080643564356459, 0.03339108910891287, 0.8147425742574274, 1.1286188118811895, 0.7212475247524758, 1.008410891089112, 3.6596633663366473, 2.390801980198025, 0.8681683168316847, 0.7212475247524758, 1.4491732673267386, 1.7163019801980248, 0.29384158415841766, 0.8815247524752475, 1.4091039603960442, 0.11352970297029599, 0.05342574257425726, 0.4541188118811895, 0.10685148514851452, 0.31387623762376204, 0.6811782178217815, 1.0751930693069323, 0.5676485148514855, 0.020034653465344388, 0.020034653465344388, 0.7813514851485145, 1.3623564356435685, 1.8298316831683208, 0.02671287128713141, 1.5493465346534716, 0.03339108910891287, 0.5209009900990097, 0.8214207920792088, 1.1753663366336653, 0.4875099009901024, 1.1019059405940637, 0.988376237623762, 1.682910891089112, 1.903292079207928, 0.9683415841584178, 0.233737623762379, 0.41404950495049514, 4.193920792079219, 0.26045049504950485, 1.041801980198025, 0.39401485148515075, 0.233737623762379, 1.5426683168316901, 0.5008663366336653, 0.4541188118811895, 1.3890693069307, 0.988376237623762, 1.8565445544554522, 0.006678217821781462, 0.2671287128712863, 1.5359900990099087, 0.08013861386138867, 1.5025990099009958, 0.30719801980198064, 0.4941881188118838, 0.7412821782178257, 0.32055445544554356, 0.22705940594059199, 0.08681683168317013, 0.6077178217821798, 0.4741534653465339, 2.096960396039613, 0.7679950495049517, 1.1085841584158451, 1.36903465346535, 4.881777227722788, 0.8080643564356459, 1.5894158415841604, 5.676485148514872, 0.42740594059405806, 5.309183168316847, 2.1036386138613943, 0.006678217821781462, 0.4274059405940636, 2.0902821782178256, 0.42740594059405806, 1.8431881188118837, 1.7764059405940638, 0.6745, 1.9500396039604038, 0.6477871287128741, 0.0, 2.0235000000000056, 0.09349504950495159, 0.5542920792079226, 12.174391089108946, 0.8815247524752475, 5.636415841584177, 0.15359900990099032, 0.16695544554455324, 1.135297029702971, 0.16027722772277178, 6.511262376237643, 1.041801980198025, 3.225579207920802, 1.242148514851491, 0.20034653465346614, 0.8882029702970345, 0.6210742574257427, 1.8231534653465393, 0.10017326732673307, 0.581004950495054, 1.255504950495054, 1.8899356435643595, 2.016821782178224, 1.1486534653465394, 0.39401485148515075, 0.0801386138613831, 1.6495198019802046, 0.006678217821781462, 0.6277524752475298, 1.8899356435643595, 0.6878564356435685, 0.5542920792079226, 0.16695544554455324, 1.2688613861386169, 0.5275792079207912, 2.1370297029703016, 0.4541188118811895, 0.26045049504950485, 0.5676485148514855, 0.41404950495049514, 0.44076237623762654, 0.5075445544554468, 0.14692079207920883, 1.5894158415841662, 0.08681683168317013, 0.21370297029702903, 0.2537722772277234, 1.0751930693069323, 0.07346039603960165, 0.10685148514851452, 0.43408415841584513, 0.7212475247524758, 0.013356435643562923, 0.06678217821782019, 0.629533333333333, 1.689461904761899, 0.14132380952380985, 0.17344285714285929, 0.24410476190476155, 0.46893809523809665, 1.0278095238095222, 0.30191904761905153, 0.14132380952380985, 0.6552285714285735, 0.051390476190475834, 0.8158238095238098, 1.1370142857142824, 1.6188000000000022, 0.38542857142857145, 0.3404619047619044, 1.605952380952379, 1.9721095238095188, 0.4368190476190473, 1.0470809523809483, 0.6423809523809506, 0.4046999999999979, 0.15417142857142752, 0.8158238095238045, 0.7901285714285746, 0.21840952380952097, 1.850057142857146, 0.661652380952377, 0.661652380952377, 2.453895238095233, 0.35330952380952735, 0.8093999999999958, 1.4710523809523781, 0.4496666666666649, 0.17986666666666276, 1.1305904761904737, 0.9314523809523846, 1.0021142857142815, 0.19913809523809986, 2.3511142857142815, 0.5588714285714254, 0.629533333333333, 0.7580095238095198, 0.2248333333333351, 0.0321190476190494, 0.4817857142857143, 0.802976190476187, 0.03854285714285821, 0.2762238095238056, 0.8800619047619033, 0.10920476190476049, 1.2462190476190431, 0.1284761904761869, 1.5802571428571386, 0.057814285714289995, 1.426085714285711, 0.6744999999999947, 0.12205238095238345, 0.9314523809523793, 0.7965523809523835, 0.2826476190476197, 0.07066190476190762, 1.1948285714285725, 1.3489999999999946, 0.706619047619044, 0.5074809523809548, 0.36615714285713963, 0.4368190476190473, 0.4753619047619001, 1.5931047619047616, 1.117742857142856, 1.2654904761904746, 0.2248333333333351, 0.7001952380952352, 0.025695238095240592, 0.5010571428571408, 0.6038380952380977, 1.605952380952379, 1.734428571428566, 1.3297285714285683, 1.0085380952380956, 1.0149619047619043, 0.6680761904761913, 0.3597333333333362, 2.0234999999999945, 0.12205238095238345, 0.0899333333333287, 1.1434380952380914, 0.38542857142857145, 1.0213857142857132, 1.9978047619047594, 0.8672142857142803, 0.17344285714285393, 1.0535047619047573, 2.0556190476190492, 0.8736380952380945, 0.9507238095238055, 0.5524476190476219, 0.0321190476190494, 0.01284761904762297, 1.5417142857142858, 0.9571476190476144, 1.5224428571428592, 2.286876190476188, 2.1648238095238046, 0.5010571428571461, 0.9442999999999968, 0.7580095238095251, 0.051390476190475834, 0.5717190476190483, 0.6744999999999947, 0.01927142857142643, 0.18629047619047154, 0.38542857142857145, 0.3404619047619044, 0.14132380952380455, 0.01927142857143178, 0.44324285714285605, 0.0064238095238141595, 0.5010571428571408, 0.16701904761905048, 0.23125714285714394, 0.9764190476190515, 1.0727761904761943, 1.0213857142857132, 0.9250285714285703, 0.8672142857142857, 0.4239714285714243, 0.661652380952377, 0.1220523809523781, 0.4560904761904737, 1.895023809523808, 0.4625142857142825, 0.14774761904761868, 0.08993333333333405, 0.9121809523809528, 0.01284761904762297, 0.6359571428571419, 0.539599999999999, 0.04496666666666702, 0.9892666666666691, 0.6166857142857101, 0.2505285714285757, 0.19913809523809986, 0.3597333333333362, 0.23125714285713858, 1.072776190476189, 0.24410476190476155, 1.0342333333333362, 0.5460238095238077, 0.4689380952380913, 2.2033666666666627, 1.2976095238095189, 0.8222476190476187, 2.4217761904761836, 0.1220523809523781, 0.7130428571428582, 0.0899333333333287, 0.35330952380952735, 0.2954952380952427, 0.6552285714285682, 0.30834285714285503, 0.44324285714286144, 0.7901285714285746, 1.034233333333331, 1.5288666666666682, 0.04496666666666702, 1.7986666666666649, 1.111319047619042, 0.07708571428571642, 1.7087333333333308, 0.1991380952380945, 0.6937714285714264, 1.5224428571428539, 0.41754761904761545, 0.4046999999999979, 1.355423809523809, 0.2055619047619087, 0.43039523809523844, 0.9764190476190462, 0.5781428571428519, 0.5652952380952394, 1.259066666666666, 0.0064238095238088105, 2.588795238095234, 0.6359571428571472, 0.2762238095238056, 0.5010571428571461, 0.4689380952380913, 0.9764190476190462, 0.7387380952380989, 0.6423809523809506, 0.7644333333333286, 0.6937714285714264, 1.5095952380952364, 0.09635714285714286, 0.025695238095240592, 0.37900476190476257, 0.8672142857142857, 0.30191904761905153, 0.37900476190476257, 1.393966666666667, 1.5481380952380945, 0.6937714285714264, 1.072776190476189, 1.040657142857145, 2.9356809523809475, 0.8929095238095209, 1.092047619047621, 0.46893809523809665, 1.0406571428571396, 0.8607904761904769, 0.24410476190476155, 0.687347619047623, 1.3297285714285683, 0.15417142857143284, 0.8479428571428539, 0.7130428571428529, 1.5224428571428539, 0.719466666666667, 1.644495238095232, 0.12847619047619224, 1.7215809523809538, 0.025695238095240592, 0.4882095238095231, 1.1305904761904788, 0.07066190476190762, 0.7515857142857164, 0.526752380952376, 0.30834285714286036, 0.687347619047623, 0.5460238095238077, 0.01927142857142643, 0.8222476190476187, 1.4196619047619077, 1.0213857142857132, 0.4753619047619001, 0.629533333333333, 0.3147666666666692, 0.8864857142857121, 1.0663523809523803, 1.4389333333333287, 0.1284761904761869, 1.5417142857142803, 0.4496666666666649, 1.2397952380952395, 1.1434380952380914, 0.9892666666666637, 0.0835095238095199, 1.0984714285714297, 0.32119047619047797, 0.04496666666666702, 0.04496666666666702, 0.10278095238095167, 1.117742857142856, 1.6316476190476197, 1.252642857142857, 0.706619047619044, 0.3982761904761944, 0.8929095238095209, 0.4368190476190473, 1.2783380952380925, 0.04496666666666702, 0.8993333333333298, 2.0941619047619073, 0.38542857142857145, 1.1884047619047637, 0.854366666666668, 1.4132380952380987, 0.44324285714285605, 0.35330952380952735, 0.01927142857142643, 0.9186047619047615, 0.01927142857142643, 0.2569523809523845, 1.4068142857142847, 0.04496666666666702, 0.32761428571428675, 0.16059523809523632, 0.49463333333333187, 1.8307857142857142, 0.6038380952380977, 0.10920476190476049, 0.9250285714285703, 0.12205238095238345, 0.30834285714285503, 0.8029761904761923, 1.2205238095238076, 0.17344285714285929, 2.0813142857142846, 1.1305904761904737, 1.3040333333333276, 0.6102619047619066, 0.9442999999999968, 1.0085380952380902, 0.9442999999999968, 0.32761428571428675, 0.16701904761904512, 0.09635714285714286, 1.12416666666667, 1.8757523809523813, 1.888599999999999, 0.23125714285714394, 0.6680761904761913, 0.0, 1.259066666666666, 0.7258904761904758, 1.7408523809523804, 0.629533333333333, 1.3618476190476176, 0.2826476190476197, 1.5417142857142858, 0.1798666666666681, 0.10920476190476049, 0.32119047619047797, 0.5588714285714307, 0.6359571428571472, 0.9057571428571439, 0.10920476190476049, 1.0599285714285716, 1.040657142857145, 0.629533333333333, 1.8629047619047585, 0.025695238095240592, 1.4132380952380987, 0.16059523809523632, 0.629533333333333, 0.8094000000000011, 0.7644333333333341, 2.267604761904756, 0.3404619047619044, 0.9699952380952374, 0.8607904761904769, 1.0535047619047573, 1.162709523809523, 0.7258904761904758, 0.8094000000000011, 0.6744999999999947, 0.7708571428571429, 0.5010571428571461, 1.6123761904761933, 0.09635714285714286, 0.2890714285714286, 1.6766142857142867, 1.2333714285714308, 1.2719142857142889, 1.7537000000000034, 0.353309523809522, 0.14774761904761868, 0.30834285714285503, 0.7130428571428582, 0.0321190476190494, 0.051390476190475834, 10.201009523809514, 1.3875428571428583, 1.5224428571428539, 0.4496666666666702, 0.7066190476190494, 1.4646285714285692, 1.4710523809523834, 0.21198571428571747, 0.5331761904761901, 0.9186047619047615, 0.9250285714285703, 0.9828428571428603, 0.07708571428571108, 1.4325095238095251, 1.0984714285714243, 0.7901285714285746, 1.8757523809523813, 0.7258904761904758, 1.4839000000000009, 2.78150952380952, 0.19271428571428573, 0.4368190476190473, 0.8286714285714274, 0.3147666666666692, 0.14774761904761868, 0.7130428571428582, 0.2698000000000021, 0.30834285714285503, 0.687347619047623, 0.2826476190476197, 1.0213857142857132, 0.23768095238094739, 0.13489999999999572, 1.3682714285714264, 0.19271428571428573, 0.20556190476190334, 4.740771428571421, 0.5074809523809495, 0.687347619047623, 0.057814285714289995, 0.32119047619047797, 0.7708571428571376, 2.049195238095235, 0.6231095238095241, 0.051390476190475834, 0.411123809523812, 0.25695238095237916, 0.12847619047619224, 0.7323142857142846, 1.0278095238095222, 2.24833333333333, 0.8286714285714274, 0.629533333333333, 0.4496666666666649, 1.3233047619047646, 0.9250285714285703, 0.5781428571428519, 0.24410476190476155, 0.01927142857143178, 0.3982761904761944, 0.6102619047619012, 0.6423809523809506, 0.7644333333333286, 0.9057571428571386, 0.9057571428571386, 0.46893809523809665, 0.44324285714286144, 1.5417142857142858, 1.959261904761901, 0.6937714285714264, 0.30191904761904614, 0.38542857142857145, 2.0042285714285737, 0.9314523809523793, 1.5674095238095265, 0.21198571428571747, 3.603757142857139, 0.6038380952380923, 0.8222476190476187, 0.35330952380952735, 1.2269476190476218, 0.7772809523809516, 0.629533333333333, 0.0899333333333287, 0.29549523809523737, 1.4003904761904757, 0.49463333333333187, 0.7837047619047658, 1.5545619047619033, 0.19271428571428573, 10.907628571428559, 0.5524476190476165, 0.057814285714289995, 1.4710523809523781, 2.1327047619047605, 0.6873476190476177, 0.9314523809523846, 0.5203285714285725, 0.13490000000000105, 0.5010571428571461, 1.1884047619047582, 0.6423809523809559, 1.4903238095238045, 0.14774761904761868, 0.051390476190475834, 2.7365428571428527, 0.9121809523809474, 0.2184095238095263, 0.5203285714285671, 0.3147666666666638, 0.4239714285714296, 0.9250285714285703, 0.5460238095238131, 1.0535047619047573, 0.6744999999999947, 0.9057571428571439, 0.01927142857143178, 1.0406571428571396, 0.8158238095238045, 0.025695238095235242, 0.4303952380952331, 0.5267523809523813, 0.051390476190475834, 0.49463333333333187, 1.9207190476190483, 0.30834285714285503, 1.3875428571428583, 1.0470809523809483, 0.2826476190476197, 2.383233333333331, 0.4368190476190473, 1.3297285714285734, 1.1434380952380967, 0.4496666666666702, 1.4839000000000009, 0.16059523809523632, 0.0835095238095199, 0.1220523809523781, 1.2397952380952395, 0.32119047619047797, 0.2890714285714286, 1.1370142857142824, 1.6573428571428603, 1.162709523809523, 0.9764190476190515, 0.23125714285714394, 1.2783380952380976, 0.16059523809523632, 1.7215809523809484, 1.3104571428571419, 0.051390476190475834, 1.3361523809523825, 0.0, 0.44324285714285605, 0.629533333333333, 1.085623809523812, 0.398276190476189, 1.4903238095238045, 1.6894619047619042, 1.2654904761904746, 0.30834285714286036, 0.6809238095238088, 1.7922428571428561, 0.3276142857142814, 0.9443000000000021, 1.175557142857146, 1.12416666666667, 1.2333714285714252, 0.7901285714285693, 0.2184095238095263, 0.12847619047619224, 0.8929095238095264, 0.01284761904762297, 0.23125714285714394, 0.9057571428571439, 0.5139047619047638, 0.9443000000000021, 10.75988095238094, 1.0213857142857132, 1.5609857142857122, 0.20556190476190334, 1.8757523809523813, 1.708733333333336, 0.41754761904761545, 0.9764190476190462, 0.01927142857143178, 0.19913809523809986, 0.43039523809523844, 0.5203285714285725, 0.629533333333333, 1.7151571428571448, 1.0856238095238067, 0.03211904761904405, 0.38542857142857145, 0.25695238095237916, 2.3639619047619043, 0.9314523809523793, 0.6166857142857101, 0.17344285714285929, 0.48178571428570893, 0.10278095238095701, 0.7258904761904758, 1.092047619047621, 1.4260857142857164, 0.5845666666666659, 0.8929095238095264, 1.5609857142857122, 1.2333714285714252, 0.07066190476190227, 0.6166857142857154, 0.7387380952380935, 0.5588714285714254, 1.5031714285714275, 0.6745, 1.4582047619047604, 0.0064238095238141595, 1.5160190476190503, 0.7066190476190494, 1.2205238095238076, 1.670190476190478, 0.5974142857142889, 0.5267523809523813, 0.6937714285714317, 1.2333714285714252, 1.1691333333333318, 0.01284761904762297, 0.6488047619047594, 1.843633333333332, 0.16701904761904512, 1.297609523809524, 1.0085380952380902, 0.17986666666666276, 0.2762238095238109, 0.11562857142856929, 1.5031714285714275, 1.5738333333333296, 0.4047000000000032, 0.398276190476189, 0.9378761904761933, 0.07708571428571108, 0.49463333333333187, 0.20556190476190334, 1.0535047619047626, 1.7922428571428506, 0.0, 0.03854285714285821, 1.079200000000003, 0.11562857142856929, 0.5524476190476219, 1.9528380952380977, 0.6423809523809506, 0.07708571428571642, 0.39185238095238023, 0.6937714285714264, 1.6830380952380954, 1.0535047619047626, 1.4325095238095198, 0.7066190476190494, 0.8350952380952363, 1.1691333333333318, 1.059928571428566, 0.025695238095240592, 0.2890714285714286, 0.687347619047623, 0.4882095238095231, 0.37900476190476257, 0.5010571428571461, 2.286876190476188, 0.9057571428571386, 1.5545619047619033, 1.9656857142857154, 0.5396000000000042, 0.10278095238095701, 1.4710523809523781, 0.47536190476190543, 0.32119047619047264, 0.5074809523809495, 1.2140999999999988, 0.4882095238095231, 0.08993333333333405, 0.7644333333333341, 0.7644333333333286, 1.0085380952380956, 0.39185238095238023, 0.04496666666666702, 0.4368190476190473, 1.5866809523809473, 0.10278095238095167, 1.4196619047619021, 0.47536190476190543, 0.5717190476190429, 0.2826476190476197, 0.17344285714285393, 0.33403809523809563, 1.2719142857142889, 2.274028571428565, 0.5652952380952394, 0.37900476190476257, 1.9078714285714307, 0.4625142857142825, 0.8864857142857174, 1.5224428571428539, 0.4560904761904737, 0.16059523809524165, 0.2633761904761933, 0.2055619047619087, 0.37900476190476257, 2.0106523809523824, 1.6252238095238054, 1.1113190476190473, 0.6423809523809559, 2.1712476190476186, 1.760123809523812, 0.37900476190475724, 0.9443000000000021, 1.0599285714285716, 1.4260857142857164, 0.45609047619047904, 0.41112380952380667, 0.07066190476190762, 0.11562857142856929, 0.8607904761904769, 0.9443000000000021, 0.9121809523809528, 0.19271428571428573, 0.9057571428571439, 0.10920476190476583, 1.1048952380952384, 1.0406571428571396, 0.08350952380952524, 0.1284761904761869, 1.2719142857142889, 0.9443000000000021, 0.0064238095238088105, 0.411123809523812, 0.2248333333333351, 1.5031714285714275, 2.1327047619047605, 0.9121809523809528, 1.0727761904761943, 0.0064238095238088105, 0.6423809523809506, 0.8093999999999958, 0.7837047619047605, 2.9742238095238056, 0.6102619047619012, 2.9613761904761877, 0.03211904761904405, 0.7837047619047605, 1.0085380952380902, 0.9892666666666691, 0.1862904761904769, 1.689461904761899, 0.6166857142857101, 0.12205238095238345, 0.5909904761904801, 0.6102619047619012, 0.6809238095238088, 0.7580095238095251, 0.661652380952377, 1.9399904761904747, 1.8629047619047636, 1.5738333333333296, 0.08993333333333405, 0.0064238095238088105, 0.5781428571428519, 0.9828428571428603, 0.5845666666666659, 0.5460238095238077, 0.08350952380952524, 0.9250285714285703, 0.09635714285714286, 1.4132380952380987, 1.1498619047619, 0.7451619047619022, 0.6102619047619012, 0.14774761904761868, 0.8350952380952363, 1.2205238095238131, 0.33403809523809563, 1.4325095238095251, 1.9399904761904747, 0.4368190476190473, 0.4689380952380913, 0.7901285714285693, 3.6551476190476144, 0.263376190476188, 0.10920476190476049, 0.7451619047619022, 0.23768095238094739, 0.30191904761904614, 1.3425761904761857, 0.539599999999999, 1.0663523809523803, 0.687347619047623, 1.014961904761899, 0.4625142857142879, 0.35973333333333085, 0.9571476190476144, 2.710847619047612, 1.162709523809523, 0.9442999999999968, 3.2825666666666606, 0.6423809523809559, 0.2505285714285757, 0.5588714285714254, 0.36615714285713963, 0.6680761904761858, 1.5160190476190452, 0.5331761904761901, 0.09635714285714286, 0.43039523809523844, 1.1691333333333318, 2.363961904761899, 0.2505285714285704, 1.111319047619042, 0.21198571428571214, 0.8415190476190452, 0.5010571428571461, 0.2954952380952427, 0.11562857142857463, 1.4967476190476134, 0.398276190476189, 0.09635714285714286, 1.079199999999998, 0.0642380952380988, 0.2890714285714286, 0.49463333333333726, 0.057814285714284645, 0.41112380952380667, 0.9699952380952374, 0.012847619047617621, 0.5974142857142836, 0.39185238095238023, 2.3061476190476142, 1.059928571428566, 0.13490000000000105, 0.5396000000000042, 0.9571476190476197, 0.353309523809522, 0.07708571428571642, 0.5588714285714307, 0.1862904761904769, 0.01927142857143178, 0.4560904761904737, 1.1305904761904737, 0.07708571428571642, 1.843633333333332, 0.8479428571428539, 1.3875428571428527, 1.368271428571432, 0.8222476190476187, 0.21198571428571747, 0.7644333333333341, 0.13490000000000105, 0.2505285714285704, 0.36615714285713963, 0.5460238095238131, 0.21840952380952097, 1.670190476190478, 0.7451619047619022, 1.3618476190476176, 0.051390476190475834, 0.2505285714285757, 1.2076761904761846, 3.019190476190473, 0.8479428571428539, 0.0321190476190494, 1.7408523809523804, 0.9443000000000021, 0.9443000000000021, 0.2762238095238109, 0.07066190476190227, 1.117742857142856, 0.19271428571428573, 1.426085714285711, 0.982842857142855, 0.24410476190476155, 1.2719142857142838, 0.0642380952380988, 1.4646285714285745, 0.16059523809524165, 0.5267523809523813, 0.2055619047619087, 0.4239714285714243, 0.49463333333333187, 0.8350952380952363, 0.995690476190478, 0.4882095238095231, 0.48178571428570893, 0.7515857142857164, 0.9057571428571386, 0.23125714285713858, 0.03211904761904405, 1.349, 1.8372095238095179, 0.16701904761904512, 1.259066666666666, 0.9057571428571439, 0.7194666666666617, 0.5781428571428519, 1.349, 0.49463333333333187, 2.6723047619047593, 0.5652952380952394, 0.1991380952380945, 0.6038380952380977, 0.539599999999999, 2.4667428571428505, 0.2505285714285757, 0.11562857142857463, 0.9507238095238109, 0.8158238095238045, 0.6359571428571419, 1.650919047619046, 0.13490000000000105, 0.526752380952376, 0.43039523809523844, 0.6102619047619012, 0.33403809523809563, 1.3939666666666615, 1.137014285714288, 0.10278095238095167, 4.991299999999992, 0.7001952380952406, 0.01284761904762297, 0.5074809523809548, 1.0085380952380902, 0.48178571428570893, 0.37900476190475724, 0.4625142857142879, 1.1948285714285725, 0.23125714285713858, 1.5866809523809473, 0.8929095238095264, 0.057814285714284645, 0.1991380952380945, 6.899171428571422, 0.09635714285714286, 0.7258904761904758, 0.30191904761905153, 2.35753809523809, 0.44324285714286144, 0.6166857142857154, 2.7493904761904706, 0.051390476190475834, 1.6958857142857078, 0.17344285714285393, 0.5396000000000042, 0.3982761904761944, 1.3811190476190494, 0.661652380952377, 0.06423809523809346, 0.5974142857142836, 0.5588714285714307, 0.21198571428571214, 0.2890714285714286, 1.6187999999999967, 0.30191904761905153, 3.1990571428571353, 0.7451619047619022, 0.9507238095238055, 0.3404619047619044, 0.9121809523809528, 0.39185238095238023, 1.3168809523809506, 0.3147666666666638, 0.3468857142857132, 0.29549523809523737, 0.15417142857142752, 1.3618476190476176, 3.218328571428572, 1.9207190476190483, 0.30834285714286036, 0.14774761904761868, 0.629533333333333, 0.3597333333333362, 0.07708571428571642, 1.0535047619047626, 0.49463333333333187, 3.8671333333333267, 0.19271428571428573, 1.2783380952380925, 1.1305904761904788, 1.6958857142857078, 1.1434380952380914, 0.012847619047617621, 1.072776190476189, 1.162709523809523, 0.0899333333333287, 0.21840952380952097, 0.41112380952380667, 1.2462190476190431, 0.44324285714286144, 0.802976190476187, 2.21621428571428, 1.2076761904761901, 0.20556190476190334, 3.873557142857135, 0.7644333333333286, 0.3404619047619044, 0.5652952380952341, 0.39185238095238023, 1.5288666666666682, 1.96568571428571, 0.7580095238095198, 0.16059523809524165, 3.2568714285714253, 0.7066190476190494, 0.08993333333333405, 0.6166857142857101, 1.3682714285714264, 1.3233047619047595, 1.072776190476189, 1.2333714285714308, 0.49463333333333726, 0.2505285714285704, 0.1220523809523781, 0.5524476190476219, 0.5331761904761901, 0.4882095238095231, 0.06423809523809346, 1.0663523809523803, 0.8736380952380945, 0.04496666666666702, 0.7387380952380935, 0.5652952380952341, 1.8050904761904791, 0.9443000000000021, 0.2762238095238109, 0.7387380952380989, 0.2505285714285757, 1.9335666666666604, 1.2076761904761901, 0.4882095238095231, 1.875752380952376, 2.6594571428571365, 1.2783380952380925, 0.629533333333333, 1.5352904761904715, 1.2140999999999988, 1.0856238095238067, 0.7323142857142846, 0.6680761904761913, 1.2333714285714252, 0.32761428571428675, 0.8222476190476187, 0.9057571428571439, 0.13490000000000105, 0.32119047619047264, 0.8158238095238045, 0.5010571428571461, 1.0406571428571396, 1.137014285714288, 0.23768095238094739, 0.4882095238095231, 1.1691333333333318, 1.650919047619046, 0.0064238095238088105, 0.9443000000000021, 0.30191904761905153, 0.5460238095238077, 0.8993333333333298, 1.2012523809523814, 1.3618476190476176, 0.10920476190476583, 0.35330952380952735, 0.5203285714285671, 0.44324285714286144, 0.7515857142857111, 10.907628571428559, 1.137014285714288, 0.20556190476190334, 0.5460238095238077, 1.4517809523809515, 1.6188000000000022, 0.4560904761904737, 0.4817857142857143, 4.824280952380946, 9.71279999999999, 8.672142857142846, 0.39185238095238023, 0.5460238095238131, 0.16059523809523632, 0.5652952380952394, 1.252642857142857, 0.5460238095238131, 1.2076761904761901, 1.5674095238095265, 0.43039523809523844, 1.6830380952380903, 0.4047000000000032, 0.1798666666666681, 0.8415190476190452, 0.6552285714285682, 0.0835095238095199, 0.5139047619047638, 1.843633333333332, 0.32119047619047264, 0.03211904761904405, 0.5074809523809548, 0.4882095238095231, 1.9849571428571418, 1.117742857142856, 0.8158238095238098, 0.09635714285714286, 0.9314523809523793, 1.085623809523812, 0.15417142857142752, 4.49024285714285, 3.083428571428566, 0.4303952380952331, 4.470971428571424, 1.6380714285714284, 0.057814285714284645, 6.160433333333324, 1.5674095238095265, 1.259066666666666, 0.4046999999999979, 7.6957238095238, 0.23768095238094739, 1.6316476190476197, 1.7665476190476208, 4.181899999999995, 0.6038380952380977, 0.03854285714285286, 0.33403809523809563, 3.4688571428571375, 0.37258095238094846, 3.5844857142857065, 0.982842857142855, 0.37900476190476257, 0.7323142857142846, 0.687347619047623, 0.4625142857142825, 0.5460238095238131, 2.4603190476190417, 2.0235, 0.30834285714285503, 0.13489999999999572, 0.49463333333333726, 0.7772809523809516, 0.35330952380952735, 5.967719047619037, 0.8479428571428539, 3.2440238095238025, 0.0064238095238088105, 0.2762238095238056, 1.1691333333333318, 0.0064238095238141595, 0.9314523809523846, 0.07708571428571108, 0.4368190476190473, 1.6701904761904727, 0.44324285714286144, 0.4303952380952331, 0.6038380952380977, 0.37900476190476257, 1.3361523809523825, 0.7901285714285693, 0.5139047619047638, 2.2868761904761934, 1.3297285714285734, 0.45609047619047904, 1.034233333333331, 1.8050904761904736, 0.41754761904761545, 1.7537000000000034, 0.0835095238095199, 0.30191904761904614, 0.0835095238095199, 0.21198571428571214, 1.2847619047619065, 0.19913809523809986, 1.747276190476189, 0.30191904761904614, 1.3554238095238034, 0.10278095238095167, 0.7965523809523835, 3.648723809523811, 1.7537000000000034, 1.426085714285711, 0.08993333333333405, 0.629533333333333, 1.5417142857142858, 0.5139047619047583, 2.678728571428568, 0.6809238095238088, 1.0727761904761943, 2.755814285714284, 0.5203285714285725, 1.3682714285714264, 0.19913809523809986, 0.7451619047619022, 0.7451619047619076, 2.229061904761898, 0.8222476190476187, 0.01927142857143178, 0.5139047619047638, 1.920719047619043, 0.411123809523812, 0.04496666666666702, 0.4689380952380913, 0.8800619047619033, 1.663766666666664, 0.8094000000000011, 0.6488047619047648, 0.0642380952380988, 1.085623809523812, 0.32761428571428675, 0.411123809523812, 0.9892666666666691, 1.181980952380955, 0.19271428571428573, 1.8050904761904791, 1.895023809523808, 0.057814285714289995, 0.5203285714285671, 0.7258904761904758, 0.37900476190475724, 0.24410476190476155, 0.6552285714285682, 0.7580095238095251, 1.5417142857142858, 0.7515857142857164, 0.3597333333333362, 0.5717190476190429, 0.7965523809523835, 1.4710523809523781, 0.01927142857143178, 0.5074809523809548, 0.5717190476190429, 0.19271428571428573, 0.4882095238095231, 0.411123809523812, 0.15417142857143284, 0.47536190476190543, 0.7515857142857111, 1.3040333333333276, 0.854366666666668, 1.0021142857142868, 1.1434380952380914, 0.995690476190478, 0.9121809523809528, 0.5974142857142889, 1.3104571428571419, 0.051390476190475834, 0.21198571428571747, 1.6701904761904727, 0.5331761904761901, 1.3104571428571419, 0.21198571428571747, 1.4453571428571377, 0.35973333333333085, 0.06423809523809346, 1.2333714285714308, 0.8222476190476187, 0.24410476190476155, 0.661652380952377, 1.117742857142856, 1.2205238095238131, 0.4368190476190473, 1.3233047619047646, 0.2954952380952427, 1.0599285714285716, 0.37258095238094846, 2.1519761904761867, 0.6745, 0.14132380952380455, 1.3040333333333332, 0.6488047619047594, 1.9142952380952343, 0.411123809523812, 5.832819047619042, 0.4368190476190473, 1.0342333333333362, 1.297609523809524, 1.8757523809523813, 2.068466666666662, 0.11562857142857463, 0.6231095238095241, 0.30191904761905153, 2.5438285714285676, 0.7001952380952352, 0.995690476190478, 1.162709523809523, 0.9764190476190462, 0.16059523809524165, 1.5160190476190452, 1.9142952380952343, 0.4689380952380913, 1.5866809523809473, 1.0535047619047573, 0.0064238095238088105, 1.6316476190476146, 0.9699952380952374, 2.909985714285707, 0.9378761904761933, 0.01284761904762297, 0.5331761904761901, 1.3168809523809506, 0.6744999999999947, 0.25695238095237916, 1.2140999999999988, 0.353309523809522, 0.8286714285714274, 0.7001952380952352, 0.01927142857143178, 5.8906333333333265, 3.1733619047619, 2.3382666666666636, 2.7236952380952353, 1.663766666666669, 3.5459428571428537, 0.21198571428571747, 6.616523809523803, 12.070338095238082, 1.3425761904761857, 2.1134333333333286, 0.7901285714285693, 1.7729714285714298, 1.7215809523809484, 0.9186047619047562, 0.5717190476190429, 0.9507238095238109, 0.3597333333333362, 0.5203285714285725, 0.012847619047617621, 0.01284761904762297, 0.8479428571428592, 1.3104571428571419, 1.5481380952380892, 0.7451619047619076, 0.09635714285714286, 1.104895238095233, 1.0085380952380902, 1.2526428571428518, 1.124166666666665, 0.2890714285714286, 0.23125714285713858, 0.17986666666666276, 0.16701904761904512, 0.719466666666667, 0.44324285714286144, 1.2333714285714252, 0.6231095238095241, 0.07708571428571108, 1.593104761904756, 2.325419047619046, 0.7001952380952352, 0.7130428571428582, 0.39185238095238023, 0.19271428571428573, 1.3939666666666615, 1.0213857142857132, 0.7837047619047658, 0.30191904761905153, 0.2505285714285757, 1.137014285714288, 0.33403809523809025, 0.2055619047619087, 1.2269476190476165, 0.398276190476189, 3.5073999999999956, 1.3618476190476176, 1.297609523809524, 0.5845666666666659, 1.5866809523809473, 0.37900476190476257, 0.19271428571428573, 0.995690476190478, 1.079199999999998, 0.5010571428571461, 4.708652380952377, 0.7258904761904758, 0.706619047619044, 0.17344285714285393, 0.9443000000000021, 1.2783380952380925, 0.0064238095238141595, 1.4260857142857164, 1.349, 1.175557142857146, 0.24410476190476155, 1.1755571428571407, 0.35330952380952735, 2.049195238095235, 0.19271428571428573, 0.37900476190475724, 0.08993333333333405, 0.7001952380952352, 0.47536190476190543, 1.104895238095233, 0.0642380952380988, 0.19271428571428573, 0.7451619047619022, 0.4689380952380913, 0.539599999999999, 0.30834285714285503, 0.5974142857142889, 1.4003904761904704, 0.01927142857142643, 0.3597333333333362, 0.7772809523809516, 0.7130428571428529, 0.8864857142857174, 0.21198571428571214, 0.4046999999999979, 0.41754761904761545, 0.23125714285714394, 0.5588714285714307, 0.34688571428571857, 0.9378761904761933, 1.0021142857142868, 0.012847619047617621, 0.8929095238095209, 0.14132380952380455, 8.171085714285706, 0.5717190476190483, 0.8286714285714274, 0.2633761904761933, 0.802976190476187, 0.17344285714285929, 0.6102619047619012, 1.2526428571428518, 1.972109523809524, 0.32761428571428675, 1.117742857142856, 3.0127666666666637, 2.5374047619047584, 1.2783380952380925, 0.19271428571428573, 0.6680761904761858, 0.15417142857142752, 0.6937714285714264, 0.9635714285714232, 0.20556190476190334, 0.6038380952380923, 0.6744999999999947, 0.4303952380952331, 0.0899333333333287, 1.3297285714285734, 0.7323142857142846, 0.5010571428571461, 0.5396000000000042, 0.9571476190476197, 0.4496666666666702, 0.9764190476190515, 1.5866809523809473, 0.6809238095238088, 0.03854285714285286, 0.5267523809523813, 0.9764190476190462, 0.19913809523809986, 1.708733333333336, 0.2762238095238056, 0.04496666666666702, 1.1562857142857088, 0.719466666666667, 0.6166857142857154, 2.010652380952377, 1.0213857142857132, 0.398276190476189, 1.1691333333333318, 0.6359571428571472, 0.9250285714285703, 1.1498619047619, 0.661652380952377, 0.08350952380952524, 0.5203285714285671, 1.1434380952380967, 0.22483333333332975, 0.2890714285714286, 0.9057571428571439, 0.7515857142857111, 0.7580095238095198, 0.6680761904761913, 0.7066190476190494, 0.982842857142855, 0.8800619047619033, 0.854366666666668, 1.0213857142857132, 0.09635714285714286, 0.8286714285714274, 0.3597333333333362, 0.9314523809523846, 1.040657142857145, 0.7194666666666617, 0.5074809523809548, 0.5974142857142889, 0.687347619047623, 1.2719142857142889, 0.5460238095238131, 0.4625142857142879, 1.6316476190476146, 0.3147666666666692, 0.5524476190476165, 2.762238095238088, 2.1648238095238046, 0.2505285714285704, 0.4303952380952331, 0.4496666666666702, 0.4753619047619001, 0.35330952380952735, 0.09635714285714286, 1.12416666666667, 0.3147666666666692, 0.6680761904761913, 1.3233047619047595, 0.5331761904761901, 0.4046999999999979, 1.0984714285714297, 1.3233047619047595, 1.0213857142857132, 5.524476190476182, 0.526752380952376, 0.14774761904761868, 0.19271428571428573, 1.3297285714285683, 0.20556190476190334, 0.11562857142856929, 1.4710523809523781, 0.01927142857142643, 0.8800619047619086, 0.07066190476190762, 0.7258904761904758, 0.16701904761905048, 0.5588714285714254, 0.8222476190476187, 0.7837047619047658, 0.8672142857142803, 0.7644333333333341, 1.8307857142857142, 1.6894619047619042, 0.15417142857142752, 1.0535047619047626, 0.19913809523809986, 0.25695238095237916, 0.10278095238095167, 0.5974142857142836, 0.8736380952380945, 1.8372095238095179, 0.6745, 1.4967476190476134, 1.0984714285714297, 0.012847619047617621, 0.6873476190476177, 1.0278095238095275, 0.8496105769230803, 0.40210576923077057, 1.9262163461538564, 0.6745, 0.03891346153846288, 0.2529375000000007, 0.1880817307692328, 0.3826490384615418, 0.05188461538461538, 0.34373557692307893, 0.453990384615386, 0.43453365384615716, 3.398442307692327, 0.3631923076923131, 0.882038461538467, 1.809475961538473, 1.8354182692307834, 1.381427884615392, 0.5577596153846167, 0.713413461538463, 1.4138557692307787, 0.43453365384615716, 0.6939567307692341, 0.34373557692307893, 0.05837019230769163, 0.8236682692307699, 0.4993894230769251, 0.08431250000000202, 1.971615384615401, 1.0960625000000046, 0.3826490384615364, 0.9209519230769299, 0.8431250000000041, 0.8106971153846229, 0.3891346153846181, 0.758812500000002, 0.6291009615384663, 0.35670673076923687, 0.7393557692307732, 0.3761634615384602, 0.4993894230769251, 0.48641826923077264, 0.1880817307692328, 0.5253317307692301, 0.31130769230769767, 0.8885240384615432, 0.668014423076929, 0.9209519230769299, 4.7279855769231025, 0.23996634615384815, 0.6096442307692376, 0.8042115384615411, 0.11674038461538866, 0.7912403846153886, 0.7977259615384649, 1.465740384615394, 0.9858076923076977, 0.4799326923076963, 0.48641826923077264, 0.5253317307692354, 0.6031586538461612, 0.012971153846157896, 0.20753846153846695, 0.4604759615384622, 0.7393557692307732, 1.1674038461538543, 0.5772163461538454, 1.4008846153846262, 0.7069278846153866, 1.1674038461538543, 0.012971153846152494, 1.7770480769230863, 0.7652980769230836, 0.2205096153846194, 0.5318173076923117, 0.4993894230769251, 1.1868605769230829, 1.290629807692314, 0.8301538461538515, 0.479932692307691, 1.3425144230769293, 0.5512740384615459, 0.5188461538461593, 0.9404086538461586, 0.12971153846153577, 0.49290384615384886, 0.9987788461538502, 0.30482211538462145, 1.2517163461538507, 1.9910721153846296, 1.5565384615384723, 0.4410192307692335, 0.22699519230769027, 0.13619711538461202, 0.8885240384615432, 1.601937500000006, 1.6538221153846269, 0.7198990384615391, 1.5824807692307772, 0.9209519230769299, 1.4397980769230891, 0.8366394230769277, 0.8106971153846229, 0.41507692307692845, 0.045399038461539136, 1.271173076923085, 0.9079807692307773, 0.2205096153846194, 0.4604759615384676, 0.8106971153846229, 0.5058750000000014, 0.07782692307692576, 0.6615288461538474, 0.40210576923077057, 0.09079807692307827, 1.5824807692307827, 1.1738894230769306, 0.6355865384615424, 0.7393557692307732, 0.6939567307692341, 0.9793221153846214, 2.5682884615384753, 0.6809855769230817, 2.2504951923077066, 0.5512740384615404, 0.2269951923076957, 0.12322596153846492, 1.1933461538461647, 0.3631923076923077, 0.9663509615384636, 1.5695096153846249, 0.29185096153846357, 0.19456730769230904, 0.35670673076923687, 0.23348076923077193, 0.20753846153846695, 0.2594230769230769, 1.6343653846153927, 0.9728365384615453, 0.8885240384615432, 0.34373557692307893, 0.2205096153846194, 0.9987788461538502, 1.8808173076923225, 0.46696153846154387, 0.35022115384615515, 0.9793221153846214, 0.33076442307692644, 1.2192884615384696, 0.3826490384615418, 0.5577596153846222, 0.07134134615384413, 1.0052644230769319, 0.14268269230769365, 0.46696153846154387, 0.512360576923083, 1.7186778846153947, 1.725163461538471, 0.12971153846154115, 0.5318173076923117, 0.09079807692307827, 0.9209519230769299, 0.07134134615384953, 0.30482211538462145, 0.8885240384615432, 1.4527692307692364, 0.09079807692307827, 0.2659086538461586, 0.30482211538462145, 0.7263846153846207, 1.4981682692307754, 0.77178365384616, 1.336028846153858, 1.5176250000000095, 1.4397980769230836, 1.0052644230769265, 2.088355769230784, 0.8366394230769277, 0.2723942307692348, 0.9209519230769299, 0.18159615384615654, 0.23996634615384815, 1.0701201923076997, 0.11025480769230703, 0.6355865384615424, 0.4604759615384622, 0.8366394230769277, 0.35022115384615515, 1.7900192307692442, 0.08431249999999663, 0.10376923076923077, 0.882038461538467, 0.5772163461538454, 1.122004807692315, 0.19456730769230904, 2.081870192307708, 0.24645192307692443, 0.5577596153846222, 0.20753846153846695, 1.076605769230776, 0.6939567307692341, 1.8354182692307834, 0.732870192307697, 0.5512740384615404, 1.076605769230776, 0.20753846153846695, 2.205096153846167, 0.7198990384615446, 0.7588125000000074, 0.5966730769230796, 2.198610576923091, 0.1880817307692328, 0.3631923076923131, 0.6550432692307766, 1.2128028846153878, 1.0830913461538523, 0.7782692307692362, 2.3737211538461715, 1.5111394230769333, 1.4722259615384703, 0.6680144230769237, 0.17511057692307488, 0.7782692307692362, 0.1880817307692328, 0.11674038461538326, 0.29185096153846357, 0.05188461538461538, 0.5447884615384643, 0.3631923076923077, 0.02594230769230499, 0.10376923076923077, 0.09079807692307827, 0.9663509615384689, 2.328322115384632, 1.3295432692307767, 1.6538221153846269, 1.7381346153846287, 0.5512740384615404, 0.12971153846154115, 0.1880817307692328, 0.7912403846153886, 1.2322596153846221, 1.3100865384615479, 1.0960625000000046, 1.0960625000000046, 0.40859134615384685, 0.3761634615384656, 0.26590865384615314, 0.15565384615384617, 1.4722259615384703, 0.8236682692307753, 0.42804807692308094, 0.6550432692307713, 0.0, 0.6420721153846188, 0.7458413461538549, 0.30482211538462145, 1.9521586538461666, 1.3684567307692395, 0.40210576923077057, 0.05837019230769163, 1.2646875000000086, 0.2269951923076957, 0.2205096153846194, 0.3826490384615418, 1.1155192307692388, 1.7770480769230919, 0.4475048076923097, 0.9014951923077011, 0.03891346153845749, 0.479932692307691, 0.6226153846153847, 1.2387451923076982, 0.025942307692310394, 0.7977259615384702, 0.6161298076923084, 0.882038461538467, 1.7316490384615526, 1.0571490384615418, 0.6745, 0.7069278846153866, 0.6355865384615424, 0.8560961538461619, 0.538302884615388, 2.088355769230784, 1.6408509615384688, 0.6420721153846188, 0.33076442307692644, 0.7912403846153886, 0.3372500000000027, 0.3956201923076943, 0.3891346153846181, 0.07782692307692576, 0.20105288461538529, 7.413014423076968, 1.699221153846166, 0.9663509615384636, 0.4410192307692335, 0.9533798076923164, 0.4215625000000047, 3.190903846153865, 0.019456730769234144, 0.48641826923077264, 0.11674038461538326, 1.0830913461538523, 0.07134134615384953, 0.2723942307692294, 0.2529375000000007, 2.1013269230769365, 1.1414615384615439, 0.5707307692307746, 0.012971153846157896, 4.390735576923101, 0.713413461538463, 1.0506634615384656, 5.071721153846181, 0.4604759615384622, 0.3891346153846181, 0.479932692307691, 0.9663509615384636, 0.3891346153846181, 0.7782692307692362, 0.8625817307692382, 1.1479471153846257, 2.114298076923089, 0.8431250000000041, 0.7198990384615391, 1.8354182692307834, 0.7977259615384649, 0.6745000000000054, 0.05837019230769163, 0.11674038461538866, 0.8885240384615432, 0.5707307692307746, 0.5966730769230796, 0.732870192307697, 0.538302884615388, 0.05837019230769163, 0.35022115384615515, 0.3761634615384656, 0.21402403846154316, 0.06485576923076788, 1.4916826923077044, 0.006485576923076247, 1.3230576923077004, 3.0676778846154, 2.328322115384632, 0.6615288461538474, 0.3761634615384656, 0.9079807692307773, 0.3631923076923131, 0.2788798076923111, 0.31779326923076856, 0.1621394230769278, 0.77178365384616, 0.15565384615384617, 3.3465576923077163, 1.1349759615384676, 1.2257740384615459, 0.5253317307692354, 1.5370817307692435, 0.3761634615384602, 3.456812500000018, 1.1025480769230864, 1.1544326923077017, 0.9014951923076956, 0.35022115384615515, 0.6291009615384663, 0.8431250000000041, 0.012971153846152494, 0.5837019230769271, 0.6680144230769237, 0.09079807692307827, 0.317793269230774, 0.36967788461538936, 1.4592548076923177, 0.10376923076923077, 2.3218365384615507, 1.809475961538473, 1.0247211538461605, 0.1621394230769278, 4.993894230769262, 0.025942307692310394, 0.36967788461538936, 0.5188461538461538, 0.6420721153846188, 0.5966730769230796, 0.4475048076923097, 0.48641826923077264, 4.040514423076946, 0.9922932692307793, 0.6745000000000054, 0.6031586538461612, 1.1090336538461572, 0.46696153846153843, 0.03891346153846288, 0.9404086538461586, 0.3761634615384656, 3.1001057692307867, 1.0247211538461605, 0.23348076923077193, 0.6161298076923137, 1.6797644230769373, 0.23996634615384815, 1.2128028846153878, 0.5966730769230796, 0.49290384615384886, 0.15565384615384617, 0.006485576923076247, 0.4410192307692335, 1.336028846153853, 0.8366394230769277, 0.9663509615384636, 0.03242788461538664, 0.006485576923076247, 0.07134134615384953, 0.6031586538461559, 0.012971153846152494, 0.8301538461538515, 0.019456730769228745, 0.24645192307692443, 0.20753846153846695, 2.2180673076923196, 1.4073701923076969, 0.1621394230769278, 0.6615288461538529, 0.22050961538461405, 0.05837019230769163, 0.35670673076923687, 0.5188461538461538, 0.23348076923077193, 0.3372500000000027, 0.9404086538461586, 0.3372500000000027, 0.2659086538461586, 0.6615288461538474, 0.18159615384615116, 0.6939567307692341, 1.1155192307692388, 3.5865240384615595, 0.8560961538461566, 0.9014951923077011, 2.049442307692316, 0.31130769230769767, 0.41507692307692307, 1.037692307692313, 0.7263846153846207, 0.7198990384615391, 0.5058750000000014, 0.4604759615384622, 5.169004807692336, 7.82809134615389, 0.8625817307692382, 1.9391875000000087, 0.20753846153846695, 5.266288461538491, 1.1609182692307725, 0.7263846153846207, 1.8029903846153967, 0.6096442307692376, 0.05188461538461538, 0.2723942307692348, 0.05837019230769163, 0.479932692307691, 0.8366394230769277, 0.5901875000000034, 2.5553173076923223, 2.438576923076939, 1.7121923076923187, 1.3295432692307767, 1.2128028846153933, 0.20753846153846695, 0.42804807692308094, 0.48641826923077264, 0.9922932692307793, 0.3761634615384602, 2.192125000000009, 1.2387451923077037, 0.7393557692307732, 0.08431249999999663, 0.19456730769230904, 1.8029903846153912, 1.1933461538461647, 0.4734471153846147, 0.012971153846157896, 1.0830913461538523, 0.6031586538461559, 0.18159615384615654, 0.13619711538461202, 1.7186778846153947, 0.4215625000000047, 0.9014951923076956, 1.0571490384615472, 0.4215624999999993, 0.3826490384615418, 0.882038461538467, 0.7004423076923157, 2.088355769230784, 2.600716346153862, 1.2322596153846221, 0.8625817307692327, 1.206317307692317, 1.0830913461538523, 0.5837019230769271, 1.39439903846155, 0.12971153846153577, 1.1868605769230829, 0.49290384615384886, 0.1621394230769278, 0.20753846153846695, 0.09079807692307827, 1.076605769230776, 0.9339230769230823, 0.7782692307692362, 0.1880817307692328, 0.49290384615384886, 0.77178365384616, 1.3230576923077004, 1.0312067307692367, 1.3619711538461634, 0.3372500000000027, 0.49290384615384886, 0.9014951923076956, 4.520447115384641, 2.192125000000009, 0.05188461538461538, 0.2205096153846194, 0.9663509615384689, 1.1090336538461572, 1.9716153846153954, 1.5759951923077011, 0.9858076923076977, 0.4993894230769251, 1.4787115384615463, 0.09728365384615452, 0.045399038461539136, 0.48641826923077264, 0.6291009615384663, 0.46696153846153843, 0.48641826923077264, 0.9144663461538483, 0.43453365384615716, 0.4993894230769251, 1.0052644230769319, 0.4410192307692335, 0.025942307692310394, 0.46696153846153843, 0.8755528846153907, 1.2582019230769326, 0.4215625000000047, 1.1284903846153915, 0.6615288461538474, 0.5837019230769271, 0.06485576923076788, 0.12322596153845951, 0.3826490384615364, 0.1361971153846174, 0.5318173076923117, 0.9793221153846214, 0.5253317307692301, 0.9858076923076977, 1.1284903846153915, 0.22699519230769027, 3.0482211538461716, 0.9858076923076977, 0.8496105769230857, 0.6615288461538474, 1.0052644230769319, 0.304822115384616, 1.2582019230769272, 0.006485576923076247, 0.8625817307692382, 1.3554855769230871, 1.4333125000000129, 0.032427884615381236, 0.05188461538461538, 0.3761634615384602, 0.317793269230774, 0.46696153846154387, 0.564245192307693, 0.11674038461538866, 0.34373557692307893, 0.12322596153846492, 0.21402403846154316, 3.5735528846154065, 0.3761634615384602, 0.2788798076923111, 1.465740384615394, 0.8366394230769277, 1.2192884615384696, 0.2594230769230823, 0.9079807692307773, 1.1609182692307725, 0.3761634615384602, 0.1491682692307699, 1.0571490384615472, 0.0, 0.11674038461538326, 0.10376923076923077, 1.7965048076923205, 0.41507692307692307, 0.35670673076923687, 1.39439903846155, 1.0830913461538523, 0.9339230769230823, 0.1880817307692328, 1.5111394230769333, 0.2594230769230823, 0.6420721153846188, 0.032427884615381236, 0.77178365384616, 0.3631923076923077, 0.6550432692307766, 0.7588125000000074, 0.8431250000000041, 0.7458413461538496, 1.601937500000006, 0.2723942307692294, 1.199831730769241, 0.4215625000000047, 0.42804807692307556, 0.23996634615384815, 1.2322596153846221, 0.6161298076923084, 1.764076923076934, 1.1738894230769306, 0.5188461538461593, 1.0701201923076997, 0.2529375000000007, 0.31130769230769767, 0.21402403846154316, 0.5188461538461538, 1.336028846153853, 0.27887980769230564, 1.0117500000000081, 1.1479471153846257, 0.6874711538461579, 1.2971153846153953, 0.5966730769230796, 0.9468942307692402, 1.4333125000000129, 2.7174567307692503, 0.7004423076923157, 0.7588125000000074, 0.668014423076929, 1.5759951923077011, 0.10376923076923077, 1.1738894230769306, 1.4333125000000073, 0.5447884615384643, 0.8042115384615411, 2.3607500000000137, 0.648557692307695, 0.1880817307692328, 0.019456730769234144, 0.15565384615384617, 0.18159615384615116, 0.9339230769230823, 0.9728365384615453, 0.0, 0.09079807692307827, 0.07134134615384953, 0.07134134615384413, 1.1090336538461627, 0.06485576923077328, 2.205096153846167, 0.3372500000000027, 0.6615288461538474, 0.35022115384615515, 1.5630240384615486, 0.7912403846153886, 0.08431249999999663, 0.538302884615388, 1.2387451923076982, 0.6485576923077004, 0.10376923076923077, 0.012971153846152494, 0.33076442307692105, 0.31130769230769234, 0.732870192307697, 1.2128028846153933, 0.36967788461538936, 0.5901875000000034, 3.3725000000000165, 0.17511057692307488, 0.6031586538461612, 0.6031586538461612, 1.7900192307692442, 0.6745, 0.882038461538467, 0.24645192307692443, 0.8560961538461619, 0.19456730769230904, 1.5111394230769333, 0.49290384615384886, 0.5772163461538454, 0.20105288461538529, 0.34373557692307893, 0.3242788461538502, 0.6096442307692376, 2.269951923076941, 0.8950096153846248, 0.4475048076923097, 0.4993894230769251, 0.7004423076923157, 0.3242788461538502, 0.1361971153846174, 0.927437500000006, 0.07134134615384953, 2.7628557692307893, 0.6420721153846188, 0.49290384615384886, 1.0182355769230844, 1.6343653846153927, 0.2723942307692294, 0.6420721153846188, 0.21402403846153778, 0.538302884615388, 0.3242788461538502, 0.5447884615384643, 1.4397980769230891, 0.2983365384615398, 0.2594230769230769, 0.03891346153846288, 0.869067307692309, 1.0830913461538523, 0.3372500000000027, 0.26590865384615314, 0.8560961538461619, 0.08431250000000202, 0.8625817307692327, 1.4916826923077044, 0.16862499999999864, 0.13619711538461202, 0.5512740384615404, 0.648557692307695, 0.6355865384615424, 0.8625817307692327, 0.7393557692307732, 0.9793221153846214, 0.045399038461539136, 1.1803750000000068, 0.019456730769234144, 0.19456730769230904, 0.7069278846153866, 2.029985576923087, 1.7770480769230919, 0.3891346153846181, 0.11025480769231241, 2.192125000000009, 0.34373557692307893, 0.08431250000000202, 1.0117500000000028, 0.17511057692307488, 0.33076442307692105, 1.2063173076923117, 0.025942307692310394, 0.34373557692307893, 1.7575913461538577, 2.2180673076923196, 0.5058750000000067, 0.7523269230769258, 0.36967788461538936, 1.290629807692319, 0.006485576923076247, 0.4539903846153914, 0.2723942307692348, 1.3554855769230871, 2.049442307692321, 1.1155192307692334, 0.032427884615381236, 0.34373557692307893, 0.9468942307692348, 0.012971153846157896, 1.699221153846166, 0.8301538461538515, 2.4061490384615527, 0.7523269230769258, 0.07782692307692576, 0.6420721153846188, 0.35022115384615515, 0.16213942307692242, 0.025942307692310394, 1.0441778846153948, 1.1868605769230884, 0.5253317307692301, 0.9663509615384636, 1.0830913461538523, 0.62261538461539, 0.1491682692307699, 0.2529375000000007, 1.0052644230769319, 1.5695096153846249, 0.6161298076923084, 0.6615288461538529, 1.0960625000000102, 0.2723942307692294, 0.14268269230769365, 0.5837019230769271, 0.36967788461538936, 0.8625817307692327, 0.6031586538461559, 0.31779326923076856, 0.3696778846153839, 1.5759951923077011, 1.1738894230769306, 1.336028846153853, 0.16213942307692242, 0.9209519230769299, 0.9209519230769299, 0.7458413461538496, 0.7393557692307732, 0.6291009615384663, 0.05188461538461538, 0.6550432692307766, 0.882038461538467, 1.8743317307692462, 0.46696153846153843, 3.1844182692307883, 0.6745, 0.8496105769230857, 0.8042115384615411, 0.6420721153846188, 0.2659086538461586, 0.4539903846153914, 1.0830913461538523, 1.6667932692307792, 2.004043269230782, 0.869067307692309, 0.9533798076923164, 0.14268269230769365, 3.054706730769253, 0.15565384615384617, 0.6355865384615424, 1.1738894230769306, 0.26590865384615314, 0.5966730769230796, 2.153211538461552, 0.35022115384615515, 0.09079807692307827, 0.6291009615384663, 1.1349759615384676, 1.660307692307703, 1.8354182692307834, 1.4073701923077024, 0.025942307692310394, 0.09079807692307827, 0.9468942307692402, 0.6355865384615424, 0.21402403846154316, 0.3826490384615364, 0.7652980769230783, 1.5954519230769297, 0.7847548076923124, 0.8301538461538515, 0.23996634615384815, 0.17511057692307488, 2.224552884615396, 1.4851971153846282, 0.2529375000000007, 1.5241105769230858, 0.30482211538462145, 0.62261538461539, 1.4397980769230891, 0.8301538461538515, 1.4008846153846262, 0.512360576923083, 1.3425144230769293, 0.11025480769230703, 0.20105288461538529, 0.4734471153846201, 1.0117500000000081, 0.07782692307692038, 2.6201730769230904, 0.49290384615384886, 0.20105288461538529, 0.7847548076923124, 0.41507692307692307, 0.40859134615385223, 0.07134134615384953, 0.43453365384615716, 0.6615288461538529, 0.012971153846152494, 3.4243846153846373, 0.7069278846153866, 0.11025480769231241, 1.0571490384615472, 0.6550432692307766, 0.6096442307692376, 0.23348076923076652, 0.9598653846153873, 0.3242788461538502, 3.5930096153846356, 5.875932692307729, 0.35022115384615515, 1.3165721153846242, 3.2427884615384803, 0.4410192307692335, 1.2257740384615459, 0.7069278846153866, 1.8743317307692462, 1.8613605769230883, 1.8483894230769307, 0.8885240384615432, 0.14268269230769365, 1.6732788461538555, 0.2853653846153873, 0.9339230769230823, 1.54356730769232, 0.4734471153846147, 0.5577596153846222, 1.2387451923076982, 0.77178365384616, 0.12322596153845951, 1.2192884615384696, 0.7717836538461544, 0.9404086538461586, 0.8171826923076937, 0.9339230769230823, 0.2529375000000007, 0.4475048076923097, 0.5058750000000014, 0.6420721153846188, 0.5901875000000034, 2.607201923076938, 0.0, 5.804591346153879, 0.35670673076923687, 1.0895769230769339, 0.9922932692307739, 0.538302884615388, 1.271173076923085, 0.08431249999999663, 2.5553173076923223, 0.9728365384615453, 0.5901875000000034, 0.3567067307692315, 1.2582019230769272, 0.402105769230776, 0.8042115384615411, 0.29185096153846357, 0.7069278846153921, 1.3425144230769344, 0.9339230769230823, 1.0052644230769265, 1.7186778846153947, 2.159697115384628, 1.122004807692315, 0.7977259615384649, 0.045399038461539136, 1.336028846153858, 4.896610576923107, 5.026322115384643, 9.313288461538518, 0.8755528846153907, 0.7069278846153921, 1.426826923076931, 0.18159615384615116, 1.9262163461538615, 1.7316490384615526, 0.41507692307692845, 1.0182355769230789, 1.29711538461539, 0.7004423076923103, 1.2841442307692377, 1.7316490384615473, 5.305201923076954, 0.3631923076923131, 1.3165721153846242, 1.4722259615384703, 0.6874711538461579, 1.1284903846153915, 1.8873028846153934, 1.2063173076923117, 1.2776586538461612, 1.2257740384615459, 1.8224471153846253, 2.892567307692325, 0.907980769230772, 0.27887980769230564, 0.6420721153846188, 0.2529375000000007, 0.3891346153846181, 0.11674038461538326, 0.6939567307692341, 0.33076442307692105, 0.9858076923076977, 1.1479471153846257, 0.3956201923076943, 2.412634615384634, 1.3490000000000109, 0.4734471153846201, 0.4410192307692335, 2.3023798076923216, 0.9598653846153926, 5.979701923076959, 1.601937500000006, 7.043336538461578, 1.2582019230769326, 0.11025480769231241, 1.1414615384615439, 0.5188461538461593, 1.5046538461538517, 0.512360576923083, 1.4008846153846206, 0.3631923076923077, 0.4993894230769251, 0.7004423076923157, 1.037692307692313, 0.13619711538461202, 0.48641826923077264, 0.817182692307699, 0.02594230769230499, 0.8366394230769277, 3.781091346153868, 0.6615288461538529, 1.6149086538461639, 0.9598653846153873, 0.6680144230769237, 0.927437500000006, 4.715014423076951, 0.5512740384615404, 1.4138557692307787, 1.6862500000000133, 0.953379807692311, 0.07782692307692576, 1.1414615384615492, 1.1284903846153915, 0.03242788461538664, 0.8560961538461566, 0.3631923076923131, 1.24523076923078, 0.6809855769230817, 0.9144663461538483, 1.1155192307692388, 0.8625817307692327, 0.9987788461538555, 0.4993894230769251, 0.1491682692307699, 2.0105288461538584, 1.037692307692313, 4.708528846153874, 0.35022115384615515, 0.31779326923076856, 0.3956201923076943, 1.900274038461546, 1.3230576923077004, 1.2322596153846221, 0.8885240384615432, 0.7652980769230836, 0.9987788461538555, 0.5966730769230796, 0.304822115384616, 0.9922932692307793, 0.5253317307692301, 0.3567067307692315, 1.725163461538471, 0.07782692307692038, 2.2958942307692456, 1.271173076923085, 1.6862500000000082, 1.634365384615398, 0.17511057692307488, 0.609644230769232, 1.0312067307692367, 1.1025480769230809, 0.05837019230769163, 0.40210576923077057, 0.3826490384615364, 0.2529375000000007, 4.1767115384615625, 0.1880817307692328, 0.713413461538463, 1.8354182692307834, 0.20753846153846695, 0.402105769230776, 1.588966346153859, 0.20753846153846695, 0.2269951923076957, 0.5188461538461593, 1.8159615384615493, 0.1880817307692328, 0.5447884615384643, 0.24645192307692443, 1.39439903846155, 3.495725961538481, 1.6149086538461639, 0.2723942307692294, 1.2517163461538563, 0.4993894230769251, 0.23996634615384815, 0.6355865384615424, 0.9209519230769244, 0.18159615384615654, 5.376543269230798, 3.340072115384635, 1.1933461538461647, 5.888903846153881, 0.006485576923076247, 3.450326923076942, 0.08431250000000202, 0.09728365384615452, 0.3631923076923077, 0.9404086538461586, 1.24523076923078, 0.4215624999999993, 0.09079807692307827, 0.9144663461538483, 0.9014951923077011, 0.5577596153846222, 0.14268269230769365, 0.14268269230769365, 0.6291009615384663, 4.857697115384645, 6.569889423076963, 0.5772163461538509, 0.6161298076923084, 1.7900192307692442, 1.1349759615384676, 4.526932692307717, 0.5058750000000014, 1.3230576923077004, 1.5759951923077011, 0.609644230769232, 1.6538221153846269, 6.420721153846193, 0.27887980769230564, 1.0895769230769339, 0.5253317307692301, 0.7393557692307732, 0.16213942307692242, 0.2983365384615398, 0.31130769230769234, 4.513961538461566, 0.012971153846157896, 3.495725961538481, 0.5188461538461593, 1.0247211538461605, 0.22699519230769027, 0.5772163461538509, 0.7004423076923103, 0.9663509615384689, 0.538302884615388, 0.7263846153846207, 0.9144663461538536, 0.22050961538461405, 1.122004807692315, 6.2845240384615755, 1.3036009615384716, 1.4073701923076969, 6.109413461538495, 0.9144663461538483, 5.48679807692311, 1.1868605769230884, 0.09079807692307827, 1.2128028846153878, 0.31779326923076856, 0.8885240384615432, 0.20105288461538529, 0.13619711538461202, 0.23348076923077193, 0.4215625000000047, 0.42804807692308094, 2.6850288461538585, 0.1621394230769278, 0.9209519230769244, 1.5954519230769353, 0.6745, 3.2752163461538615, 0.6291009615384663, 2.678543269230782, 3.4762692307692524, 3.735692307692329, 9.760793269230827, 1.1155192307692334, 4.76041346153849, 1.978100961538477, 0.07134134615384953, 0.05188461538461538, 0.12971153846154115, 0.03242788461538664, 4.183197115384639, 0.006485576923076247, 0.2529375000000007, 0.6291009615384663, 0.564245192307693, 0.402105769230776, 0.7393557692307732, 1.0636346153846234, 0.5966730769230796, 0.8496105769230803, 1.3230576923077004, 5.992673076923112, 5.000379807692338, 1.037692307692313, 4.929038461538489, 4.9355240384615655, 1.076605769230776, 0.7977259615384702, 0.07782692307692038, 0.8885240384615432, 1.1155192307692388, 3.307644230769248, 0.9404086538461586, 0.6031586538461612, 1.5759951923077011, 5.078206730769259, 0.18159615384615654, 0.7717836538461544, 0.012971153846152494, 0.025942307692310394, 4.157254807692328, 0.7977259615384702, 1.1349759615384676, 0.927437500000006, 3.3854711538461744, 0.22699519230769027, 1.1609182692307725, 0.46696153846154387, 0.11674038461538866, 0.453990384615386, 0.5577596153846167, 0.40210576923077057, 1.2582019230769272, 0.8755528846153907, 0.7198990384615446, 2.4580336538461682, 0.2594230769230823, 0.3956201923076943, 0.11025480769230703, 1.1803750000000068, 6.362350961538496, 0.9533798076923164, 0.6745000000000054, 1.1738894230769306, 0.31130769230769767, 5.305201923076954, 0.20753846153846153, 0.2529375000000007, 0.30482211538462145, 0.7523269230769312, 3.255759615384633, 0.22699519230769027, 1.7057067307692422, 0.31779326923076856, 0.05837019230769163, 1.4138557692307787, 1.699221153846166, 0.3242788461538502, 0.9339230769230823, 1.1803750000000068, 1.588966346153859, 2.9574230769230927, 0.045399038461539136, 0.3696778846153839, 0.648557692307695, 0.3372500000000027, 0.8171826923076937, 0.24645192307692443, 0.03891346153845749, 0.9533798076923164, 1.2063173076923117, 0.09079807692307827, 0.9468942307692348, 0.40210576923077057, 1.8159615384615493, 0.045399038461539136, 0.19456730769230904, 1.0247211538461605, 2.1207836538461704, 0.5447884615384643, 0.26590865384615314, 0.9404086538461586, 0.006485576923076247, 0.0, 0.8560961538461619, 0.34373557692307893, 0.30482211538462145, 2.6201730769230904, 0.8431250000000041, 0.8950096153846194, 0.9598653846153873, 0.006485576923076247, 0.09079807692307827, 0.5318173076923117, 0.025942307692310394, 2.2504951923077066, 0.11025480769231241, 0.538302884615388, 0.9987788461538502, 0.15565384615384617, 0.8171826923076937, 1.5241105769230858, 3.340072115384635, 0.453990384615386, 0.4604759615384676, 0.8236682692307699, 0.5058750000000014, 0.3956201923076943, 0.1361971153846174, 0.24645192307692443, 0.20105288461538529, 0.6291009615384663, 1.9262163461538564, 0.22050961538461405, 3.489240384615405, 1.3684567307692395, 0.24645192307692443, 0.26590865384615314, 1.050663461538471, 0.16862499999999864, 0.927437500000006, 1.6019375000000116, 0.2594230769230823, 2.049442307692321, 1.8354182692307834, 0.713413461538463, 0.1491682692307699, 0.4734471153846201, 1.588966346153859, 1.1284903846153915, 0.6291009615384663, 1.3295432692307767, 1.2257740384615459, 0.7847548076923124, 0.5837019230769271, 2.5358605769230937, 0.4215625000000047, 0.35022115384615515, 0.12971153846153577, 0.09728365384615452, 1.037692307692313, 0.7393557692307732, 0.24645192307692443, 0.22050961538461405, 1.1090336538461572, 0.02594230769230499, 0.4993894230769251, 0.31130769230769767, 0.8106971153846229, 0.4993894230769251, 1.5695096153846249, 0.6939567307692341, 0.5512740384615404, 1.0182355769230844, 0.3761634615384602, 1.0960625000000046, 1.037692307692313, 0.42804807692307556, 0.3826490384615364, 0.3761634615384656, 0.6615288461538474, 0.006485576923076247, 0.5966730769230796, 0.1751105769230803, 0.5318173076923117, 1.271173076923085, 1.9651298076923192, 0.24645192307692443, 0.1880817307692328, 0.3372500000000027, 0.14268269230769365, 0.5318173076923117, 3.8394615384615602, 0.7782692307692362, 0.03242788461538664, 0.12322596153846492, 0.9728365384615453, 0.2529375000000007, 0.7523269230769312, 0.10376923076923077, 0.1491682692307699, 0.7393557692307732, 0.07782692307692038, 0.453990384615386, 0.35022115384615515, 5.577596153846184, 0.09079807692307827, 1.7316490384615473, 2.607201923076938, 4.663129807692335, 0.8885240384615432, 0.02594230769230499, 0.453990384615386, 1.050663461538471, 0.08431249999999663, 3.6124663461538646, 0.6680144230769237, 0.4993894230769251, 2.3348076923077032, 0.8690673076923143, 4.384250000000025, 0.479932692307691, 1.3490000000000053, 0.08431249999999663, 4.118341346153871, 8.314509615384662, 0.3372500000000027, 0.9014951923076956, 1.660307692307703, 1.5305961538461672, 9.935903846153902, 1.854875000000012, 2.2634663461538587, 1.3490000000000053, 1.5889663461538535, 0.953379807692311, 1.6732788461538555, 1.8289326923077072, 1.1933461538461592, 0.4993894230769251, 0.5188461538461538, 0.77178365384616, 4.0859134615384844, 0.7198990384615446, 0.8171826923076937, 0.6291009615384663, 4.7409567307692555, 1.0247211538461605, 0.3956201923076943, 0.41507692307692845, 0.21402403846153778, 2.205096153846167, 0.14268269230769365, 0.11674038461538866, 0.8885240384615432, 0.882038461538467, 0.6809855769230817, 1.3230576923077004, 1.0960625000000046, 0.24645192307692443, 1.4851971153846282, 0.8690673076923143, 0.9468942307692348, 0.41507692307692307, 0.5707307692307746, 0.07134134615384413, 0.732870192307697, 1.2582019230769272, 0.5837019230769271, 0.402105769230776, 0.20753846153846153, 1.9975576923077003, 0.8236682692307753, 0.2788798076923111, 0.7174227272727329, 0.11037272727273088, 0.5641272727272741, 0.9810909090909123, 2.3239590909091, 0.0367909090909103, 0.4108318181818206, 1.4409772727272783, 1.4103181818181856, 0.23300909090909175, 0.25140454545454943, 0.8952454545454567, 0.5334681818181815, 0.932036363636367, 0.6131818181818196, 0.5273363636363639, 0.6070500000000021, 0.459886363636366, 0.3617772727272752, 0.1900863636363639, 0.4476227272727309, 0.8891136363636392, 0.0, 0.13490000000000102, 0.7419500000000031, 0.4353590909090958, 0.797136363636366, 0.19621818181818143, 0.17782272727272885, 1.765963636363643, 1.6310636363636422, 1.1466500000000062, 1.5758772727272792, 0.9810909090909123, 0.6745, 0.3556454545454526, 1.042409090909098, 0.018395454545452595, 0.5702590909090917, 1.5206909090909164, 0.3679090909090928, 1.864072727272734, 0.0919772727272732, 1.4961636363636412, 0.3495136363636402, 0.7174227272727329, 0.4353590909090958, 0.17782272727272885, 0.2881954545454546, 0.07971363636363812, 0.5641272727272741, 0.5518636363636392, 0.018395454545457702, 0.7726090909090958, 0.7664772727272783, 0.4353590909090907, 1.189572727272729, 1.2508909090909144, 0.30659090909091236, 0.42922727272727323, 0.8952454545454567, 1.1405181818181886, 1.201836363636369, 0.39243636363636286, 0.055186363636362895, 0.19621818181818143, 0.12876818181818347, 0.9810909090909123, 0.012263636363635063, 0.23300909090909175, 0.3433818181818226, 0.4782818181818186, 0.12876818181818347, 2.0725545454545555, 0.018395454545452595, 2.3178272727272824, 0.3311181818181824, 0.3495136363636402, 0.21461363636363914, 1.281550000000002, 0.055186363636362895, 1.416450000000008, 0.42922727272727323, 0.9872227272727299, 0.8707181818181865, 0.47828181818182364, 0.13490000000000102, 0.4476227272727309, 0.23300909090909175, 1.1098590909090957, 0.6622363636363648, 0.4108318181818206, 1.6555909090909176, 0.2391409090909093, 1.2815500000000073, 0.5763909090909144, 2.5017818181818288, 0.3311181818181824, 1.6555909090909176, 2.1277409090909183, 0.024527272727270125, 0.3679090909090928, 0.5886545454545494, 1.416450000000008, 0.9872227272727299, 0.919772727272732, 0.8400590909090938, 0.472150000000001, 0.07971363636363812, 0.9565636363636422, 0.2207454545454567, 0.4537545454545484, 0.13490000000000102, 0.527336363636369, 0.6009181818181845, 1.3060772727272774, 0.3556454545454577, 0.3311181818181824, 0.3617772727272752, 0.31885454545454744, 0.04905454545454536, 0.8216636363636411, 0.7603454545454555, 1.0853318181818206, 1.943786363636372, 0.9810909090909123, 0.3495136363636402, 0.6990272727272752, 0.42309545454545566, 0.21461363636363404, 0.852322727272734, 1.416450000000003, 0.42922727272727323, 1.416450000000003, 0.2084818181818216, 0.3617772727272752, 2.679604545454558, 1.3183409090909122, 0.30659090909090725, 1.079200000000003, 0.8891136363636392, 0.9136409090909143, 1.1098590909090957, 1.5452181818181865, 0.7235545454545504, 0.2759318181818196, 0.944300000000007, 0.527336363636369, 1.1159909090909133, 1.851809090909099, 0.47828181818182364, 1.5697454545454617, 0.8829818181818215, 0.864586363636364, 0.25753636363636695, 0.21461363636363914, 0.5089409090909113, 0.3617772727272752, 0.09810909090909072, 1.2079681818181864, 0.9013772727272793, 0.13490000000000102, 0.6009181818181845, 0.8707181818181865, 0.6070500000000021, 0.7419500000000031, 0.20235000000000405, 0.3617772727272752, 0.6683681818181876, 0.39243636363636286, 0.3617772727272752, 0.8155318181818185, 0.3433818181818175, 0.31885454545454744, 1.6862500000000051, 1.1037272727272784, 0.20235000000000405, 0.4353590909090958, 0.5212045454545463, 1.1221227272727308, 0.349513636363635, 0.29432727272727216, 0.8400590909090938, 1.2263636363636392, 0.3679090909090928, 0.9381681818181845, 0.4108318181818206, 0.7051590909090928, 0.17782272727272885, 0.1839545454545464, 1.6310636363636422, 1.1343863636363711, 1.2447590909090969, 0.5641272727272741, 0.055186363636362895, 0.9075090909090917, 0.4905454545454587, 1.054672727272733, 0.7112909090909103, 0.012263636363635063, 0.2268772727272742, 2.906481818181832, 0.9749590909090947, 0.9872227272727299, 0.8829818181818215, 1.551350000000004, 0.2391409090909093, 0.09810909090909072, 0.5334681818181866, 0.8339272727272763, 0.5028090909090938, 0.30659090909091236, 1.0485409090909155, 0.09810909090909072, 0.1900863636363639, 0.2084818181818216, 0.3801727272727278, 0.13490000000000102, 1.0056181818181875, 0.7296863636363681, 0.8584545454545515, 0.9933545454545474, 0.3556454545454577, 0.055186363636362895, 1.6310636363636422, 0.8155318181818236, 0.41696363636363815, 0.8584545454545465, 0.39243636363636286, 0.932036363636367, 1.189572727272729, 0.12876818181818347, 0.5825227272727268, 0.15329545454545362, 0.6499727272727299, 0.6622363636363648, 0.9013772727272793, 0.4353590909090907, 0.42922727272727323, 0.15942727272727625, 0.48441363636364115, 0.5028090909090938, 3.1640181818181934, 1.33673636363637, 0.797136363636366, 2.1400045454545533, 0.30045909090909484, 1.0853318181818206, 1.7904909090909185, 1.2754181818181844, 1.8088863636363712, 0.15942727272727625, 1.2324954545454567, 0.32498636363636496, 0.29432727272727727, 0.7358181818181856, 0.7174227272727329, 1.9867090909090999, 0.5579954545454566, 0.7296863636363681, 0.6377090909090949, 0.6377090909090949, 1.5022954545454639, 0.5886545454545494, 0.4844136363636361, 1.1343863636363658, 1.1282545454545483, 0.5150727272727288, 0.3433818181818226, 0.4353590909090958, 0.4660181818181835, 1.1037272727272784, 0.8400590909090938, 1.9499181818181894, 0.14716363636363608, 0.3495136363636402, 1.1098590909090957, 0.8155318181818236, 1.5084272727272814, 0.6131818181818196, 0.6806318181818175, 0.5886545454545494, 0.19621818181818143, 0.11037272727273088, 1.1282545454545536, 1.4409772727272783, 0.459886363636366, 0.3679090909090928, 1.3122090909090947, 1.1895727272727339, 0.17782272727272885, 1.3122090909090947, 1.4532409090909184, 1.9069954545454617, 1.054672727272733, 2.054159090909098, 0.2575363636363619, 0.0367909090909103, 1.753700000000008, 0.4660181818181835, 0.944300000000002, 0.055186363636362895, 1.4593727272727308, 0.21461363636363914, 1.0301454545454576, 1.3060772727272774, 0.9075090909090917, 1.4225818181818255, 0.2636681818181845, 0.6315772727272773, 2.2135863636363737, 0.6377090909090949, 0.1900863636363639, 1.201836363636369, 0.5212045454545463, 0.7664772727272783, 0.48441363636364115, 1.7046454545454628, 1.404186363636368, 0.349513636363635, 1.0178818181818226, 1.2938136363636423, 1.4716363636363712, 0.7174227272727278, 0.8584545454545465, 0.6622363636363648, 0.0919772727272732, 0.6377090909090949, 0.5825227272727268, 0.23300909090909175, 0.39243636363636286, 0.3679090909090928, 0.7112909090909103, 1.661722727272735, 1.4716363636363712, 0.472150000000001, 0.4414909090909134, 0.7480818181818206, 0.7051590909090928, 2.8022409090909184, 1.5022954545454588, 1.1159909090909133, 0.06744999999999796, 1.2386272727272791, 0.6683681818181824, 0.7542136363636381, 0.8829818181818215, 0.024527272727275232, 5.604481818181841, 1.3306045454545525, 0.5150727272727288, 0.28206363636363707, 0.42922727272727323, 0.24527272727272678, 0.797136363636366, 0.6928954545454576, 0.14716363636363608, 0.7112909090909154, 0.5579954545454566, 0.3679090909090928, 0.4414909090909082, 0.15329545454545362, 0.006131818181817531, 1.4471090909090958, 1.226363636363644, 0.1900863636363639, 0.09810909090909072, 0.49667727272727624, 1.6555909090909176, 1.7353045454545555, 0.31885454545454744, 0.2268772727272742, 1.4103181818181856, 3.820122727272741, 0.012263636363635063, 0.1716909090909113, 5.573822727272749, 0.10424090909090826, 0.3740409090909103, 0.15942727272727114, 1.851809090909099, 4.316800000000017, 0.10424090909090826, 0.42309545454545566, 0.14716363636363608, 0.4414909090909134, 0.8461909090909113, 0.32498636363636496, 0.9810909090909123, 0.2207454545454567, 0.40470000000000306, 0.8339272727272763, 0.6193136363636371, 3.642300000000012, 0.6683681818181824, 1.1282545454545536, 0.30659090909091236, 0.006131818181817531, 0.8523227272727288, 3.550322727272739, 0.40470000000000306, 2.9984590909091002, 1.526822727272734, 0.6438409090909124, 2.1767954545454637, 0.0367909090909103, 0.9688272727272772, 0.7848727272727308, 0.3433818181818226, 3.489004545454559, 1.3796590909090978, 1.0914636363636434, 0.3556454545454577, 0.14716363636363608, 1.011750000000005, 0.852322727272734, 1.1957045454545514, 0.9013772727272742, 0.7542136363636381, 0.4108318181818206, 1.4103181818181856, 0.3740409090909103, 0.30045909090909484, 4.979036363636382, 0.876850000000004, 0.472150000000001, 0.24527272727272678, 0.15942727272727625, 0.7296863636363681, 0.17782272727272885, 0.8216636363636411, 0.018395454545452595, 0.4537545454545484, 0.3004590909090897, 0.6438409090909124, 1.1282545454545536, 1.3735272727272803, 0.12876818181818347, 1.7230409090909153, 0.7542136363636381, 0.0367909090909103, 2.5017818181818288, 2.2074545454545516, 1.1711772727272762, 0.3311181818181824, 0.20848181818181652, 0.04905454545454536, 0.25140454545454943, 0.4476227272727258, 0.1900863636363639, 0.3433818181818175, 0.7480818181818206, 2.6121545454545547, 0.15942727272727114, 0.9259045454545495, 0.07358181818181549, 0.5150727272727288, 0.28206363636363707, 0.3740409090909103, 0.6009181818181845, 0.8094000000000061, 1.0178818181818226, 0.19621818181818143, 0.4108318181818206, 1.3980545454545503, 1.956050000000007, 4.586600000000019, 1.661722727272735, 2.5753636363636443, 0.2391409090909093, 3.955022727272742, 2.1277409090909183, 0.8461909090909113, 0.31885454545454744, 0.4108318181818206, 0.4108318181818206, 0.20235000000000405, 0.459886363636366, 0.3740409090909103, 0.20235000000000405, 0.3311181818181824, 0.13490000000000102, 1.9621818181818247, 0.919772727272732, 1.2631545454545494, 0.24527272727272678, 1.079200000000003, 0.2575363636363619, 0.7480818181818206, 0.024527272727275232, 0.6867636363636401, 0.4905454545454587, 0.4353590909090958, 1.011750000000005, 0.7726090909090958, 0.29432727272727727, 2.0173681818181928, 0.42922727272727323, 0.08584545454545565, 0.7112909090909103, 1.5206909090909164, 0.2636681818181845, 0.9504318181818197, 0.04905454545454536, 0.49667727272727624, 0.8829818181818215, 1.02401363636364, 0.0735818181818206, 1.67398636363637, 1.1957045454545514, 1.7843590909090958, 0.472150000000001, 0.06744999999999796, 0.2268772727272742, 0.3740409090909103, 0.1165045454545433, 0.5579954545454566, 0.7112909090909103, 0.6867636363636401, 1.4593727272727361, 0.5579954545454566, 0.7419500000000031, 0.39243636363636286, 0.8094000000000061, 0.8277954545454588, 3.8691772727272866, 0.6990272727272752, 0.8523227272727288, 0.9136409090909143, 0.5212045454545463, 0.0919772727272732, 2.434331818181831, 1.514559090909099, 1.7904909090909185, 1.7475681818181905, 1.7598318181818255, 1.097595454545461, 0.6806318181818175, 0.527336363636369, 0.5028090909090938, 1.091463636363638, 1.1650454545454587, 0.0919772727272732, 0.07358181818181549, 0.6622363636363648, 0.4660181818181835, 0.4414909090909082, 0.3801727272727278, 0.5028090909090938, 0.024527272727275232, 0.8216636363636411, 0.0, 3.1027000000000133, 0.6806318181818175, 4.010209090909105, 0.7910045454545483, 0.04292272727272783, 0.41696363636363815, 0.6990272727272752, 1.5697454545454617, 0.4660181818181835, 0.03065909090908766, 0.3495136363636402, 0.32498636363636496, 1.6985136363636453, 1.6126681818181894, 0.9626954545454597, 0.04292272727272783, 1.8334136363636464, 1.6923818181818278, 0.9075090909090917, 0.14716363636363608, 0.08584545454545565, 0.5212045454545463, 1.1773090909090989, 0.5028090909090938, 0.1716909090909113, 1.2141000000000042, 0.40470000000000306, 0.5825227272727319, 0.6745000000000051, 1.2938136363636423, 0.7480818181818206, 1.0178818181818226, 0.055186363636362895, 0.41696363636363815, 0.20848181818181652, 0.2881954545454546, 0.4108318181818206, 1.1343863636363711, 0.5641272727272741, 1.2079681818181864, 1.7598318181818255, 0.38630454545455045, 0.6867636363636401, 0.15942727272727114, 0.6683681818181876, 0.2084818181818216, 3.127227272727283, 0.030659090909092763, 0.5579954545454566, 0.012263636363635063, 0.17782272727272885, 1.2079681818181864, 0.9810909090909123, 1.5452181818181916, 0.12876818181818347, 0.018395454545452595, 1.6555909090909176, 0.11037272727272579, 0.28206363636363707, 0.7480818181818206, 0.944300000000007, 1.011750000000005, 0.5947863636363669, 1.3796590909090978, 0.49054545454545356, 0.15942727272727114, 0.49054545454545356, 1.1589136363636412, 0.1900863636363639, 0.3556454545454526, 0.3617772727272752, 0.4537545454545484, 0.5089409090909113, 0.7174227272727329, 0.7051590909090928, 0.3679090909090928, 0.4108318181818206, 1.066936363636368, 0.7235545454545453, 0.33725, 1.079200000000003, 1.851809090909099, 1.0178818181818226, 0.20235000000000405, 1.6310636363636422, 1.3244727272727297, 0.2207454545454567, 0.15329545454545362, 1.2447590909090969, 0.2575363636363619, 1.6004045454545544, 0.5150727272727288, 2.023500000000005, 1.5452181818181916, 0.2084818181818216, 1.6249318181818246, 0.7848727272727308, 1.1159909090909133, 0.41696363636363815, 0.6193136363636422, 1.1037272727272784, 0.1716909090909113, 0.8952454545454567, 0.29432727272727727, 0.5947863636363669, 0.7603454545454608, 0.7480818181818206, 0.6990272727272752, 1.784359090909101, 0.41696363636363815, 0.472150000000001, 0.31885454545454744, 1.054672727272733, 0.876850000000004, 0.797136363636366, 1.33673636363637, 2.0664227272727382, 1.6862500000000102, 2.6428136363636474, 0.49667727272727624, 0.349513636363635, 0.6745000000000051, 0.4476227272727258, 1.054672727272733, 0.3617772727272752, 2.685736363636375, 1.0178818181818226, 1.7230409090909153, 0.26980000000000204, 0.7296863636363681, 0.3617772727272752, 0.33725, 0.944300000000007, 0.7910045454545483, 0.3801727272727278, 1.5697454545454617, 0.7419500000000031, 0.20848181818181652, 0.4353590909090907, 0.16555909090908869, 2.630550000000012, 0.7051590909090928, 0.8584545454545515, 0.26980000000000204, 2.6489454545454647, 1.864072727272734, 0.5028090909090938, 0.061318181818180426, 1.036277272727275, 2.3239590909091, 0.459886363636366, 0.9381681818181845, 0.5763909090909144, 0.2391409090909093, 0.4108318181818206, 0.39243636363636797, 0.5273363636363639, 0.28206363636363707, 2.6489454545454647, 0.14103181818181854, 0.3004590909090897, 0.5518636363636392, 0.3740409090909103, 0.5212045454545463, 1.5145590909090938, 0.6867636363636401, 0.12876818181818347, 1.3612636363636401, 0.3617772727272752, 0.14716363636363608, 0.08584545454545565, 0.6315772727272773, 0.5150727272727288, 0.9565636363636422, 1.416450000000008, 3.942759090909107, 0.5089409090909113, 0.3556454545454577, 0.9136409090909143, 0.30659090909091236, 2.060290909090915, 0.49054545454545356, 0.19621818181818143, 0.6990272727272752, 0.7358181818181856, 1.324472727272735, 0.055186363636362895, 0.006131818181817531, 0.06744999999999796, 1.821150000000006, 0.3740409090909103, 1.0975954545454556, 2.2933000000000123, 0.32498636363636496, 0.5457318181818217, 0.6561045454545473, 0.9381681818181845, 0.932036363636367, 0.5947863636363669, 0.5641272727272741, 0.7480818181818206, 0.5518636363636392, 1.2263636363636392, 0.9749590909090947, 3.5687181818181966, 0.21461363636363404, 0.012263636363635063, 1.7046454545454628, 1.257022727272732, 0.5518636363636392, 1.8334136363636464, 4.280009090909107, 0.0, 0.9749590909090947, 0.012263636363635063, 0.9013772727272793, 1.1037272727272784, 1.2754181818181898, 0.5886545454545494, 0.6622363636363648, 1.5636136363636441, 2.9923272727272825, 0.5150727272727288, 2.6673409090909224, 0.12876818181818347, 0.42922727272727323, 0.17782272727272885, 0.8461909090909113, 2.9861954545454696, 1.7291727272727329, 0.6193136363636371, 0.4476227272727309, 1.4777681818181887, 2.0173681818181874, 0.28206363636363707, 0.2759318181818196, 0.5150727272727288, 3.709750000000015, 1.3428681818181876, 0.33725, 1.1773090909090989, 2.1032136363636433, 1.085331818181826, 4.37198636363638, 0.10424090909090826, 0.10424090909090826, 1.2141000000000042, 0.2881954545454546, 1.1159909090909133, 0.30659090909090725, 0.14103181818181854, 0.12263636363636596, 2.5876272727272847, 0.9381681818181845, 1.3244727272727297, 0.3433818181818175, 0.25140454545454943, 0.32498636363636496, 3.9795500000000175, 0.07971363636363812, 3.7342772727272857, 0.4476227272727258, 1.0178818181818226, 4.0776590909091075, 2.2135863636363737, 0.6561045454545473, 0.4108318181818206, 0.3679090909090928, 1.8579409090909165, 0.8155318181818185, 0.944300000000007, 1.1773090909090937, 1.3183409090909175, 1.0301454545454576, 0.6928954545454576, 0.39243636363636797, 2.115477272727278, 2.6182863636363725, 1.3857909090909153, 2.4895181818181937, 2.2871681818181897, 1.8088863636363712, 1.956050000000007, 0.6928954545454576, 0.8277954545454588, 3.1394909090909233, 1.1221227272727308, 3.2192045454545566, 0.40470000000000306, 0.3311181818181824, 0.4537545454545484, 0.25753636363636695, 0.5150727272727288, 0.6009181818181845, 0.10424090909090826, 1.6555909090909176, 6.4016181818182085, 0.17782272727272885, 2.8819545454545565, 1.0485409090909155, 1.526822727272734, 1.4348454545454608, 1.3060772727272774, 0.07358181818181549, 0.061318181818180426, 0.055186363636362895, 0.7664772727272783, 0.24527272727272678, 0.49667727272727624, 0.6315772727272722, 0.5702590909090917, 0.5825227272727268, 0.09810909090909072, 0.5641272727272741, 0.5763909090909144, 1.1650454545454587, 0.8461909090909113, 0.2268772727272742, 1.2202318181818217, 0.2391409090909093, 0.3679090909090928, 0.8707181818181865, 2.8145045454545587, 0.04905454545454536, 0.9565636363636372, 0.7603454545454608, 0.49667727272727624, 0.04292272727272783, 0.5641272727272741, 0.539599999999999, 0.29432727272727216, 0.33725, 0.39856818181818554, 0.30045909090909484, 0.25753636363636695, 1.066936363636368, 0.1716909090909113, 0.3495136363636402, 0.6254454545454546, 0.6990272727272752, 0.1839545454545464, 0.9933545454545525, 0.012263636363635063, 0.4476227272727309, 0.99948636363637, 0.4905454545454587, 1.0914636363636434, 0.3495136363636402, 0.1839545454545464, 0.6745, 1.821150000000006, 1.7904909090909185, 0.26980000000000204, 0.21461363636363404, 0.9688272727272772, 0.29432727272727727, 0.024527272727270125, 0.4537545454545484, 0.8891136363636392, 0.04905454545454536, 0.7174227272727329, 1.1343863636363711, 0.31885454545454744, 0.5028090909090938, 0.9259045454545495, 0.2514045454545443, 0.6070500000000021, 0.38630454545454534, 0.4108318181818206, 0.8032681818181886, 0.5212045454545463, 0.26980000000000204, 1.3428681818181876, 0.12876818181818347, 1.042409090909098, 0.5273363636363639, 0.8829818181818215, 1.5636136363636441, 0.6315772727272773, 0.42922727272727323, 0.25753636363636695, 1.416450000000008, 0.16555909090908869, 0.5334681818181866, 0.030659090909092763, 1.5452181818181916, 0.7480818181818206, 0.6009181818181845, 0.8707181818181865, 0.9504318181818247, 0.12263636363636596, 0.8952454545454567, 0.21461363636363914, 1.2324954545454567, 0.7112909090909103, 0.5396000000000041, 0.2268772727272742, 0.4537545454545484, 0.28206363636363707, 0.7419500000000031, 0.12876818181818347, 0.5028090909090938, 0.15329545454545362, 0.8277954545454588, 0.0, 1.1159909090909133, 0.5886545454545494, 0.1900863636363639, 0.30659090909090725, 0.47828181818182364, 0.8952454545454567, 0.1165045454545433, 1.2631545454545494, 0.5886545454545494, 3.525795454545469, 0.30659090909091236, 1.526822727272734, 3.0843045454545557, 1.3796590909090978, 0.20234999999999898, 0.932036363636367, 1.2386272727272791, 1.0608045454545505, 1.833413636363641, 0.20848181818181652, 0.472150000000001, 0.8277954545454588, 1.3673954545454576, 1.2876818181818248, 0.6806318181818226, 0.10424090909090826, 0.5150727272727288, 0.2268772727272742, 0.5150727272727288, 0.21461363636363914, 0.7296863636363681, 0.919772727272732, 1.956050000000007, 1.9867090909090999, 0.6928954545454576, 0.5825227272727319, 0.6745000000000051, 0.7603454545454608, 0.42309545454545566, 1.4103181818181905, 0.2759318181818196, 0.6990272727272752, 1.1711772727272762, 0.6622363636363648, 0.8891136363636392, 0.4844136363636361, 1.269286363636372, 1.097595454545461, 0.21461363636363404, 0.9810909090909123, 0.14103181818181854, 0.11037272727273088, 1.8272818181818287, 0.10424090909090826, 0.5028090909090938, 0.07358181818181549, 0.4782818181818186, 0.8277954545454588, 1.2324954545454616, 0.6867636363636401, 0.12876818181818347, 0.20848181818181652, 1.6004045454545544, 0.7603454545454608, 1.066936363636368, 1.349000000000005, 0.07358181818181549, 0.30659090909090725, 0.9013772727272793, 0.9504318181818247, 0.006131818181817531, 0.47828181818182364, 0.28206363636363707, 0.7726090909090958, 0.8523227272727288, 1.5758772727272792, 0.4844136363636361, 4.138977272727288, 0.6990272727272752, 0.04905454545454536, 0.11037272727273088, 0.47828181818182364, 0.4660181818181835, 1.02401363636364, 0.32498636363636496, 0.6928954545454576, 0.15329545454545362, 1.3551318181818226, 0.33725, 1.5574818181818266, 0.944300000000007, 0.9013772727272742, 0.5579954545454566, 0.4353590909090907, 0.33725, 0.4844136363636361, 0.4108318181818206, 0.39243636363636286, 0.31885454545454744, 0.6867636363636401, 1.1773090909090937, 1.2815500000000073, 0.26366818181817936, 0.6806318181818175, 3.8139909090909234, 1.1098590909090957, 1.2202318181818266, 0.006131818181817531, 0.15942727272727625, 2.728659090909103, 0.8891136363636392, 0.5518636363636392, 0.40470000000000306, 0.4108318181818206, 0.6622363636363648, 1.2202318181818217, 3.1640181818181934, 1.2263636363636392, 0.07358181818181549, 1.066936363636368, 0.15942727272727114, 1.1282545454545483, 0.7051590909090928, 0.5028090909090938, 1.066936363636368, 1.2202318181818266, 0.024527272727270125, 0.944300000000007, 0.11650454545454843, 0.33725, 2.2871681818181897, 0.852322727272734, 1.054672727272733, 0.5886545454545494, 0.0, 0.1716909090909113, 0.21461363636363404, 0.8216636363636411, 1.6249318181818246, 0.5763909090909092, 0.2391409090909093, 0.25140454545454943, 1.1221227272727308, 1.1650454545454587, 0.459886363636366, 0.2268772727272742, 0.5641272727272741, 0.349513636363635, 1.6862500000000102, 0.7174227272727329, 1.6494590909090947, 0.7358181818181856, 1.3857909090909153, 0.13490000000000102, 0.24527272727272678, 1.0730681818181855, 1.324472727272735, 1.0056181818181875, 2.04802727272728, 1.3122090909090947, 0.13490000000000102, 1.226363636363644, 1.0301454545454576, 0.030659090909092763, 2.0173681818181874, 0.6499727272727299, 0.6745000000000051, 1.02401363636364, 1.3857909090909153, 0.4108318181818206, 1.2386272727272791, 0.9872227272727299, 0.7480818181818206, 1.257022727272732, 2.1767954545454637, 0.8216636363636411, 0.472150000000001, 0.3679090909090928, 1.1773090909090937, 0.31885454545454744, 0.024527272727270125, 0.20848181818181652, 0.49667727272727624, 1.0485409090909104, 0.3801727272727278, 0.024527272727275232, 0.1900863636363639, 0.8707181818181865, 1.2815500000000073, 0.4844136363636361, 0.10424090909090826, 0.7480818181818206, 0.1900863636363639, 0.006131818181817531, 1.4287136363636432, 0.0367909090909103, 1.67398636363637, 0.4537545454545484, 1.2386272727272791, 0.2268772727272742, 0.3495136363636402, 0.15329545454545362, 0.29432727272727727, 0.2207454545454567, 0.1655590909090938, 0.6683681818181824, 1.0178818181818226, 1.2202318181818217, 0.15329545454545362, 0.6928954545454576, 0.3617772727272752, 0.1655590909090938, 0.919772727272732, 0.8277954545454588, 0.5089409090909113, 0.6193136363636422, 0.5702590909090917, 0.5518636363636392, 1.226363636363644, 0.4782818181818186, 0.7848727272727308, 0.20235000000000405, 0.012263636363635063, 0.6806318181818226, 2.9432727272727424, 0.5702590909090917, 1.1282545454545483, 1.1466500000000062, 0.4660181818181835, 1.1773090909090937, 0.4905454545454587, 4.329063636363653, 0.024527272727270125, 5.426659090909113, 0.12876818181818347, 3.593245454545467, 0.39243636363636286, 1.833413636363641, 1.349000000000005, 1.2938136363636423, 0.12263636363636085, 3.5564545454545615, 6.953481818181848, 0.2084818181818216, 1.4777681818181887, 0.99948636363637, 0.2084818181818216, 0.49667727272727624, 0.7235545454545504, 5.481845454545476, 1.5758772727272792, 0.14716363636363608, 0.6377090909090949, 0.5334681818181866, 0.2391409090909093, 3.5564545454545615, 0.6193136363636371, 3.777200000000013, 0.030659090909092763, 0.14716363636363608, 3.1517545454545584, 1.2079681818181864, 0.3679090909090928, 1.0178818181818226, 0.527336363636369, 1.6985136363636402, 2.471122727272736, 0.04292272727272783, 1.2631545454545494, 0.4108318181818206, 1.3060772727272774, 3.6729590909091048, 3.887572727272744, 1.1650454545454587, 0.5947863636363669, 1.3673954545454627, 0.11037272727272579, 2.3178272727272824, 0.30659090909091236, 0.7726090909090958, 0.6254454545454597, 0.15329545454545362, 0.8277954545454588, 0.17782272727272885, 0.2759318181818196, 1.2999454545454598, 1.2938136363636423, 0.42922727272727323, 0.9565636363636422, 0.07358181818181549, 0.6193136363636422, 0.39243636363636286, 0.6806318181818226, 0.7296863636363681, 2.0602909090909205, 0.3679090909090928, 0.9872227272727299, 0.25753636363636695, 0.2575363636363619, 0.527336363636369, 0.061318181818185526, 0.5457318181818217, 1.1895727272727339, 0.19621818181818143, 0.42922727272727323, 0.28206363636363707, 0.9259045454545495, 1.2754181818181898, 0.26366818181817936, 1.9315227272727369, 0.26980000000000204, 4.574336363636379, 1.3122090909090947, 0.30659090909091236, 0.8952454545454567, 0.7235545454545504, 0.4353590909090907, 0.5886545454545494, 0.5947863636363669, 0.8707181818181865, 3.9979454545454702, 0.8891136363636392, 0.38630454545455045, 1.8824681818181865, 0.5579954545454566, 1.5942727272727368, 0.15942727272727114, 0.26980000000000204, 2.7838454545454656, 0.42309545454545566, 0.4782818181818186, 0.018395454545457702, 0.5334681818181866, 1.5022954545454639, 0.9013772727272793, 0.472150000000001, 0.5150727272727288, 0.864586363636369, 0.26980000000000204, 0.49054545454545356, 0.15329545454545362, 0.8891136363636392, 0.13490000000000102, 1.4593727272727361, 0.055186363636362895, 0.07358181818181549, 1.741436363636373, 1.7169090909090978, 0.29432727272727727, 0.797136363636366, 0.5334681818181866, 1.3919227272727328, 0.5089409090909113, 1.4593727272727361, 0.5334681818181815, 0.061318181818180426, 0.006131818181817531, 1.551350000000009, 0.7787409090909133, 2.5447045454545565, 1.5881409090909144, 0.15942727272727625, 0.6009181818181845, 0.944300000000002, 1.4777681818181887, 4.267745454545472, 0.6806318181818175, 0.3679090909090928, 0.6009181818181845, 0.5641272727272741, 1.3183409090909122, 0.7051590909090928, 0.061318181818180426, 4.09605454545456, 0.6990272727272752, 5.175254545454563, 8.535490909090944, 0.7910045454545483, 1.1957045454545514, 0.3556454545454526, 0.04292272727272783, 0.9749590909090947, 0.0735818181818206, 1.6433272727272823, 0.030659090909092763, 0.10424090909090826, 0.2268772727272742, 0.018395454545457702, 0.14716363636363608, 0.012263636363635063, 1.4839000000000062, 1.0178818181818226, 0.39243636363636797, 0.7174227272727329, 6.131818181818206, 0.6745, 0.07971363636363812, 0.2881954545454546, 1.189572727272729, 1.0975954545454556, 4.8257409090909285, 1.2324954545454567, 0.08584545454545565, 0.21461363636363404, 0.03065909090908766, 0.15329545454545362, 0.4353590909090958, 1.0301454545454576, 1.1773090909090937, 0.9749590909090947, 2.103213636363648, 0.6131818181818196, 0.5763909090909144, 0.13490000000000102, 0.0367909090909103, 0.39243636363636286, 0.42922727272727323, 0.1655590909090938, 1.1282545454545536, 0.6806318181818175, 0.3740409090909103, 0.21461363636363404, 0.8339272727272763, 0.5089409090909113, 0.055186363636362895, 1.324472727272735, 5.273363636363659, 2.691868181818193, 7.186490909090939, 1.226363636363644, 3.4092909090909203, 0.6377090909090949, 2.0786863636363733, 0.8523227272727288, 1.2386272727272791, 1.9008636363636442, 0.8891136363636392, 1.4532409090909133, 0.07358181818181549, 0.7910045454545483, 0.17782272727272885, 0.24527272727272678, 0.944300000000007, 0.07971363636363812, 1.011750000000005, 2.4343318181818256, 0.2514045454545443, 1.7782272727272783, 5.187518181818204, 0.24527272727272678, 1.1711772727272762, 0.3004590909090897, 0.20848181818181652, 0.7726090909090958, 2.158400000000006, 0.15329545454545362, 0.7358181818181856, 0.5641272727272741, 0.38630454545455045, 0.04292272727272783, 1.0424090909090926, 0.99948636363637, 3.96115454545456, 1.269286363636367, 5.144595454545476, 0.4844136363636361, 2.8635590909091038, 0.1839545454545464, 1.201836363636369, 1.1589136363636412, 0.2207454545454567, 0.5947863636363669, 0.030659090909092763, 1.0485409090909104, 0.39243636363636286, 0.1655590909090938, 0.04292272727272783, 0.03065909090908766, 0.41696363636363815, 0.9626954545454597, 0.33725, 0.5641272727272741, 0.49667727272727624, 0.26980000000000204, 0.5212045454545463, 0.539599999999999, 0.6683681818181876, 1.8763363636363741, 0.47828181818182364, 0.15942727272727625, 0.5763909090909144, 1.269286363636367, 1.753700000000008, 0.4844136363636361, 0.99948636363637, 0.527336363636369, 4.635654545454565, 1.0608045454545505, 0.1900863636363639, 0.6254454545454546, 2.2074545454545516, 0.7726090909090958, 0.5886545454545494, 0.23300909090909175, 0.9075090909090968, 0.07971363636363812, 0.8952454545454567, 0.08584545454545565, 0.11650454545454843, 1.6249318181818246, 0.1839545454545464, 0.2575363636363619, 1.5084272727272763, 2.1093454545454606, 0.14103181818181854, 0.20234999999999898, 0.459886363636366, 2.0848181818181906, 1.606536363636367, 1.0424090909090926, 1.539086363636369, 0.42309545454545566, 0.41696363636363815, 5.73325000000002, 0.3801727272727278, 0.3311181818181824, 2.36075000000001, 0.4353590909090958, 1.066936363636368, 0.944300000000007, 0.5089409090909113, 5.49410909090911, 0.9933545454545525, 0.06744999999999796, 0.7174227272727278, 0.8707181818181865, 0.13490000000000102, 0.41696363636363815, 0.7419500000000031, 0.3679090909090928, 0.6009181818181845, 2.69800000000001, 0.6867636363636401, 0.932036363636367, 0.15329545454545362, 0.9259045454545495, 0.9688272727272772, 2.0786863636363733, 0.25140454545454943, 1.4900318181818237, 0.48441363636364115, 0.2575363636363619, 0.9565636363636372, 0.5579954545454566, 1.2938136363636423, 0.2391409090909093, 0.15942727272727114, 0.4108318181818206, 0.9872227272727299, 0.797136363636366, 0.7112909090909103, 0.5396000000000041, 0.8032681818181835, 0.012263636363635063, 1.3428681818181876, 0.9626954545454597, 0.9872227272727299, 7.241677272727302, 1.2079681818181864, 0.7112909090909103, 8.081736363636395, 0.28206363636363707, 2.464990909090919, 1.4409772727272783, 0.876850000000004, 0.7480818181818206, 0.6806318181818226, 0.04905454545454536, 0.15329545454545362, 0.6499727272727299, 0.14103181818181854, 1.416450000000003, 1.3244727272727297, 0.5641272727272741, 4.028604545454563, 0.29432727272727216, 1.404186363636368, 1.2202318181818217, 0.9565636363636422, 1.741436363636373, 2.1400045454545533, 2.1706636363636465, 1.4900318181818237, 0.9504318181818197, 13.600372727272788, 1.7598318181818255, 1.833413636363641, 2.4527272727272833, 1.349000000000005, 0.20235000000000405, 0.21461363636363914, 0.4537545454545484, 2.262640909090919, 0.7480818181818206, 1.3673954545454576, 0.2391409090909093, 1.7475681818181905, 0.4905454545454587, 0.0, 1.1895727272727339, 0.09810909090909072, 1.6678545454545526, 2.464990909090919, 0.7848727272727308, 0.39856818181818554, 1.2202318181818266, 2.464990909090919, 2.691868181818193, 5.028090909090928, 0.030659090909092763, 0.6315772727272722, 0.6806318181818226, 0.12263636363636085, 0.6193136363636371, 1.3551318181818226, 2.02350000000001, 0.5702590909090917, 0.3617772727272752, 0.6070500000000021, 0.4414909090909134, 1.4287136363636432, 0.5089409090909113, 0.17782272727272885, 1.7230409090909153, 1.796622727272736, 0.13490000000000102, 0.4476227272727258, 0.30659090909091236, 1.1098590909090957, 0.07358181818181549, 1.9376545454545544, 1.7046454545454628, 2.0970818181818256, 0.3433818181818175, 1.011750000000005, 3.280522727272742, 0.055186363636362895, 1.054672727272733, 1.404186363636368, 0.23300909090909175, 1.526822727272734, 1.0362772727272802, 0.5763909090909092, 0.6745, 0.21461363636363914, 0.23300909090909175, 0.0919772727272732, 0.8400590909090938, 1.8579409090909165, 0.30659090909090725, 0.2391409090909093, 1.539086363636369, 0.41696363636363815, 2.5569681818181915, 1.8886000000000092, 2.1584000000000114, 0.33725, 0.3801727272727278, 0.13490000000000102, 1.8579409090909165, 0.9504318181818197, 1.3673954545454627, 0.4537545454545484, 0.6438409090909124, 2.2565090909090966, 1.2447590909090969, 0.2391409090909093, 0.2575363636363619, 2.041895454545463, 0.6070500000000021, 0.3127227272727299, 0.7051590909090928, 0.2759318181818196, 3.3111818181818298, 0.055186363636362895, 2.029631818181828, 0.3679090909090928, 0.49054545454545356, 0.6193136363636371, 0.1716909090909113, 2.29943181818183, 1.2508909090909144, 0.23300909090909175, 3.470609090909106, 0.24527272727272678, 0.4782818181818186, 0.9259045454545495, 7.664772727272757, 2.189059090909099, 0.6990272727272752, 1.9867090909090999, 9.927413636363676, 1.269286363636372, 0.1165045454545433, 0.2268772727272742, 1.091463636363638, 0.9381681818181845, 0.6867636363636401, 0.7848727272727308, 0.9259045454545495, 0.11650454545454843, 0.6745000000000051, 1.1834409090909164, 0.6499727272727299, 0.39243636363636286, 0.6131818181818196, 1.7782272727272783, 2.281036363636372, 0.3556454545454526, 0.7910045454545483, 0.6131818181818196, 0.15329545454545362, 0.1900863636363639, 0.41696363636363815, 0.23300909090909175, 0.2514045454545443, 1.6004045454545544, 0.1655590909090938, 1.1895727272727339, 1.6371954545454597, 7.235545454545485, 1.6862500000000051, 0.9688272727272772, 0.3004590909090897, 1.054672727272733, 0.3556454545454526, 0.07971363636363812, 1.0178818181818226, 1.079200000000003, 0.9872227272727299, 0.33725, 2.0173681818181928, 1.6555909090909176, 0.5641272727272741, 0.11037272727273088, 0.6683681818181824, 0.49667727272727624, 1.0301454545454576, 11.883463636363684, 1.1343863636363658, 1.2079681818181864, 0.9565636363636422, 0.5702590909090917, 0.864586363636364, 0.15329545454545362, 0.8707181818181865, 0.6315772727272722, 0.459886363636366, 0.1165045454545433, 0.864586363636364, 0.6193136363636422, 10.503804545454587, 4.083790909090926, 0.5273363636363639, 0.030659090909092763, 0.7174227272727329, 1.416450000000008, 0.5212045454545463, 1.4348454545454608, 1.4348454545454608, 0.459886363636366, 2.391409090909103, 1.2876818181818248, 3.6545636363636524, 0.6622363636363648, 0.2881954545454546, 0.5947863636363669, 8.584545454545488, 1.036277272727275, 1.3244727272727297, 3.6300363636363775, 7.198754545454574, 13.312177272727322, 0.6867636363636401, 1.6188000000000071, 0.6070500000000021, 0.5763909090909144, 2.900350000000009, 2.477254545454554, 0.2207454545454567, 0.006131818181817531, 0.8952454545454567, 0.932036363636367, 0.5702590909090917, 1.6801181818181876, 0.9933545454545525, 1.0485409090909155, 1.5574818181818217, 0.9626954545454597, 8.418986363636396, 0.9626954545454597, 0.7051590909090928, 0.1655590909090938, 14.054127272727325, 6.0888954545454785, 1.0730681818181855, 0.3617772727272752, 0.5641272727272741, 0.29432727272727216, 1.0424090909090926, 0.48441363636364115, 1.7230409090909153, 1.2938136363636423, 0.5028090909090938, 1.8824681818181865, 0.8584545454545465, 0.8216636363636411, 1.7782272727272834, 6.144081818181841, 0.7358181818181856, 6.6346272727272995, 0.7542136363636381, 0.3617772727272752, 0.39856818181818554, 0.20235000000000405, 0.6622363636363648, 0.9075090909090968, 8.376063636363668, 0.29432727272727727, 1.833413636363641, 0.9504318181818247, 0.12876818181818347, 0.1839545454545464, 0.459886363636366, 0.07971363636363812, 1.514559090909099, 0.4353590909090958, 0.7174227272727329, 1.4777681818181887, 1.5329545454545515, 0.39856818181818554, 0.7051590909090928, 0.5518636363636392, 0.6499727272727299, 0.40470000000000306, 0.14103181818181854, 0.19621818181818143, 0.7419500000000031, 1.2202318181818266, 1.6310636363636422, 0.5212045454545463, 1.4961636363636412, 0.6928954545454576, 1.0056181818181875, 1.6433272727272772, 1.1098590909090957, 0.9749590909090947, 0.20848181818181652, 0.09810909090909072, 0.4844136363636361, 0.33725, 0.12263636363636596, 0.7726090909090907, 0.0367909090909103, 0.7235545454545504, 1.8395454545454586, 1.257022727272732, 0.006131818181817531, 0.12876818181818347, 0.13490000000000102, 0.6070500000000021, 0.1165045454545433, 1.416450000000008, 0.11037272727272579, 1.042409090909098, 0.6928954545454576, 0.9495388349514525, 1.093606796116501, 0.6745, 0.7858252427184449, 1.879432038834946, 0.09167961165048596, 1.0412184466019383, 1.4144854368932018, 0.44530097087378506, 0.7530825242718413, 1.8204951456310636, 0.01964563106795894, 1.6698786407766955, 0.08513106796116632, 1.0281213592232992, 0.20955339805825052, 0.5435291262135907, 0.8709563106796058, 1.8008495145630992, 0.33397572815534016, 0.28158737864077205, 0.39291262135922245, 0.07858252427184666, 0.28813592233009716, 0.1571650485436879, 0.7137912621359234, 0.6941456310679589, 0.09822815533980561, 1.3751941747572787, 0.4845922330097084, 1.4799708737864037, 0.720339805825243, 0.09822815533980561, 0.8840533980582506, 1.6436844660194112, 1.1394466019417442, 1.1852864077669871, 1.2049320388349458, 0.9102475728155346, 0.44530097087378506, 1.3293543689320357, 1.0805097087378617, 0.20300485436893087, 1.676427184466015, 1.6960728155339742, 0.3863640776699028, 0.5107864077669925, 3.0974611650485366, 1.4210339805825216, 1.3228058252427157, 0.536980582524271, 0.9953786407766955, 0.7858252427184449, 0.10477669902912526, 0.8513106796116469, 0.29468446601941684, 0.7399854368932018, 0.8840533980582506, 0.14406796116504858, 0.4583980582524244, 0.7530825242718413, 0.648305825242716, 0.536980582524271, 0.6548543689320356, 0.3077815533980561, 0.3667184466019384, 0.42565533980582615, 0.36671844660194386, 1.2835145631067926, 0.9691844660194168, 0.09822815533980561, 0.39291262135922245, 0.11787378640777, 1.1590922330097029, 1.78775242718446, 0.28158737864077205, 0.42565533980582065, 0.9364417475728131, 0.28813592233009716, 0.5500776699029103, 0.11132524271844492, 1.1394466019417442, 1.3097087378640713, 0.3863640776699028, 1.8401407766990225, 1.1067038834951404, 0.3798155339805777, 0.30123300970873645, 0.29468446601941684, 0.10477669902912526, 0.2422961165048542, 0.15061650485436823, 0.9036990291262095, 0.39946116504854207, 0.8054708737864038, 0.23574757281553457, 1.421033980582516, 0.23574757281553457, 0.7334368932038823, 0.08513106796116632, 0.22919902912620946, 1.2835145631067926, 0.6024660194174729, 0.28813592233009716, 0.22919902912621493, 0.536980582524271, 1.4144854368931963, 1.2704174757281532, 1.4079368932038767, 0.07858252427184666, 0.5435291262135907, 0.7137912621359234, 0.10477669902912526, 0.40600970873786174, 0.9495388349514525, 0.06548543689320192, 0.37326699029125804, 0.8054708737864038, 0.7334368932038823, 0.11787378640776455, 1.0543155339805832, 1.833592233009703, 1.3293543689320357, 0.7465339805825215, 1.1198009708737797, 0.22919902912621493, 0.28813592233009716, 0.7923737864077646, 0.20300485436893087, 0.648305825242716, 1.8401407766990225, 0.910247572815529, 0.34052427184465983, 3.5231165048543573, 0.35362135922329907, 0.22265048543688984, 1.0739611650485366, 0.032742718446598235, 0.47149514563106365, 2.0693398058252375, 1.5781990291262096, 1.1721893203883422, 0.5697233009708746, 0.8906019417475701, 0.23574757281553457, 1.2180291262135907, 0.19645631067961122, 1.4079368932038823, 0.8840533980582506, 0.4387524271844654, 0.7792766990291253, 0.9691844660194168, 1.4799708737864037, 1.4013883495145572, 0.9364417475728131, 0.18335922330097193, 0.45184951456310474, 0.04583980582524298, 0.9953786407766955, 0.163713592233013, 0.9429902912621327, 1.1721893203883422, 1.5651019417475647, 0.9167961165048543, 0.1571650485436879, 0.2750388349514524, 0.22265048543688984, 1.6109417475728132, 0.5697233009708746, 1.8663349514563012, 1.5520048543689253, 1.8663349514563012, 1.303160194174757, 1.1590922330097029, 0.42565533980582615, 0.9233446601941684, 0.8775048543689308, 0.9167961165048488, 2.259247572815529, 1.073961165048542, 1.7615582524271816, 0.03929126213592333, 1.0412184466019383, 0.06548543689320192, 0.19645631067961122, 0.15061650485436823, 1.0870582524271815, 0.8971504854368898, 1.5061650485436877, 1.5978446601941683, 0.11787378640777, 0.7006941747572786, 0.4191067961165065, 1.1198009708737797, 0.45184951456310474, 1.944917475728148, 0.5107864077669925, 0.39946116504854207, 0.12442233009708965, 0.6941456310679589, 0.5762718446601889, 0.3601699029126188, 0.3601699029126188, 1.3555485436893142, 0.8120194174757235, 0.39946116504854207, 0.1244223300970842, 0.30123300970873645, 1.1721893203883422, 1.5520048543689307, 2.7503883495145574, 0.8644077669902861, 0.6221116504854319, 0.7727281553398055, 1.5781990291262096, 0.01964563106795894, 1.1525436893203833, 0.06548543689320192, 0.17026213592233264, 0.7006941747572786, 1.1983834951456263, 0.6548543689320356, 0.3601699029126188, 0.5631747572815496, 1.807398058252419, 1.3097087378640713, 2.3312815533980507, 0.44530097087378506, 0.7072427184465981, 0.7530825242718413, 0.5697233009708693, 1.2114805825242656, 0.536980582524271, 0.35362135922329907, 0.16371359223300755, 0.975733009708731, 0.3208786407766954, 0.6155631067961178, 0.5304320388349514, 1.6895242718446541, 0.4845922330097084, 0.6810485436893197, 0.9167961165048543, 0.5304320388349514, 0.22919902912620946, 0.5435291262135907, 0.3274271844660151, 0.6417572815533963, 0.6155631067961121, 0.7530825242718413, 0.8775048543689308, 0.9036990291262095, 0.3077815533980561, 1.7353640776698973, 0.31433009708738124, 0.6614029126213606, 1.1263495145631046, 0.6548543689320356, 0.013097087378639294, 0.5304320388349514, 0.1571650485436879, 1.8532378640776674, 0.18335922330097193, 0.9495388349514525, 0.44530097087378506, 0.163713592233013, 0.8316650485436878, 2.102082524271836, 1.2049320388349514, 1.0870582524271815, 0.4125582524271814, 0.45184951456310474, 0.3863640776699028, 0.33397572815534016, 0.20955339805825052, 0.5631747572815551, 0.6221116504854374, 0.39291262135922245, 0.4845922330097084, 0.7399854368932018, 0.45184951456310474, 0.6875970873786393, 1.1918349514563067, 0.27503883495145787, 2.6325145631067874, 0.8382135922330075, 1.0608640776698974, 1.4275825242718412, 0.3208786407766954, 1.493067961165043, 0.49768932038834773, 1.0281213592232992, 0.18990776699029158, 2.7176456310679535, 0.01964563106795894, 0.6679514563106803, 0.11787378640776455, 0.8513106796116469, 0.6614029126213606, 0.6679514563106803, 0.5173349514563066, 0.33397572815534016, 0.4125582524271814, 0.5893689320388337, 0.36671844660194386, 0.7137912621359178, 0.16371359223300755, 0.18335922330097193, 0.03274271844660369, 0.163713592233013, 0.28813592233009716, 0.1833592233009665, 0.2161019417475756, 1.9842087378640711, 0.8054708737864038, 0.5762718446601943, 0.20300485436893087, 0.9429902912621327, 0.1833592233009665, 1.0019271844660151, 0.5893689320388337, 0.09822815533980561, 1.2507718446601888, 1.1590922330097029, 1.7288155339805777, 0.8513106796116469, 0.7989223300970841, 1.3489999999999946, 0.9233446601941684, 0.22919902912621493, 2.4229611650485365, 0.6352087378640766, 0.10477669902912526, 0.6417572815533963, 0.006548543689319647, 0.29468446601941684, 0.36671844660194386, 0.8382135922330075, 0.39946116504854207, 0.23574757281553457, 3.2022378640776616, 0.6679514563106749, 1.0346699029126187, 0.006548543689319647, 0.5893689320388337, 0.04583980582524298, 1.2442233009708692, 1.6043932038834936, 2.0300485436893143, 0.7268883495145626, 0.7661796116504805, 0.058936893203882276, 0.3863640776699028, 1.2442233009708692, 0.910247572815529, 0.2422961165048542, 0.27503883495145787, 0.8054708737864038, 0.536980582524271, 0.20300485436893087, 0.02619417475728404, 0.3863640776699028, 1.7812038834951402, 2.0693398058252375, 0.47804368932038876, 0.4583980582524244, 0.37326699029125804, 1.1394466019417442, 0.09167961165048596, 0.5893689320388337, 0.2422961165048542, 0.8447621359223271, 0.5631747572815496, 0.10477669902912526, 0.9626359223300918, 0.22265048543689525, 1.1459951456310637, 1.5192621359223217, 1.892529126213585, 1.3097087378640713, 0.7334368932038823, 0.20300485436893087, 0.1571650485436879, 0.11132524271844492, 0.7923737864077646, 0.7006941747572786, 1.0739611650485366, 0.1244223300970842, 1.1852864077669871, 1.8532378640776674, 1.1590922330097029, 1.2376747572815496, 0.9626359223300918, 1.6240388349514525, 0.7465339805825215, 0.45184951456310474, 0.55662621359223, 1.0412184466019383, 0.45184951456310474, 2.567029126213585, 0.7072427184465981, 1.1525436893203833, 1.859786407766987, 0.23574757281553457, 0.9560873786407775, 0.8120194174757235, 2.6259660194174677, 1.879432038834946, 0.09167961165048596, 1.3293543689320357, 0.628660194174757, 0.5500776699029103, 1.00847572815534, 0.03274271844660369, 0.10477669902912526, 2.3574757281553294, 1.4603252427184448, 1.6895242718446541, 1.0412184466019383, 0.2161019417475756, 1.2507718446601888, 0.5042378640776674, 0.19645631067961122, 1.0019271844660151, 1.493067961165043, 1.1001553398058206, 1.630587378640772, 0.1833592233009665, 0.5893689320388337, 0.42565533980582065, 1.715718446601933, 0.6221116504854319, 0.6221116504854319, 0.8840533980582506, 1.5258106796116468, 0.18335922330097193, 0.5173349514563066, 0.3208786407766954, 0.3863640776699028, 0.17026213592232717, 2.612868932038828, 0.9822815533980561, 0.517334951456312, 0.34052427184465983, 1.1394466019417442, 1.918723300970869, 0.19645631067961122, 1.0870582524271815, 1.2442233009708692, 0.27503883495145787, 0.3077815533980561, 1.4865194174757235, 0.7727281553398001, 0.22265048543689525, 0.6155631067961121, 1.1067038834951404, 2.0496941747572732, 0.7334368932038823, 1.630587378640772, 0.4583980582524244, 0.13751941747572893, 2.0104029126213496, 0.20300485436893087, 0.8906019417475701, 0.13751941747572893, 1.0412184466019383, 0.09167961165048596, 0.5631747572815551, 0.40600970873786174, 0.5697233009708746, 0.013097087378639294, 1.650233009708731, 0.5435291262135907, 0.5304320388349514, 1.9842087378640711, 0.8513106796116469, 0.11787378640776455, 0.26849029126213825, 0.47804368932038876, 0.05238834951456263, 0.33397572815534016, 0.3601699029126188, 1.3424514563106749, 0.9560873786407775, 0.5697233009708746, 0.4845922330097084, 1.3228058252427157, 1.3817427184465982, 0.3601699029126188, 1.807398058252419, 1.2835145631067926, 0.10477669902912526, 0.9626359223300972, 0.6024660194174729, 1.4799708737864037, 0.55662621359223, 0.47149514563106365, 1.7288155339805777, 0.1571650485436879, 0.6155631067961178, 0.7989223300970841, 0.8447621359223271, 0.3208786407767009, 0.31433009708738124, 0.5697233009708746, 0.3208786407766954, 0.7268883495145572, 0.7596310679611609, 1.8859805825242655, 1.656781553398056, 0.2161019417475756, 0.39291262135922245, 0.9036990291262095, 0.6024660194174729, 0.40600970873786174, 0.11132524271844492, 0.7006941747572786, 0.7989223300970841, 0.648305825242716, 1.3817427184465982, 1.853237864077662, 2.0431456310679534, 0.17681067961165228, 0.28813592233009716, 1.558553398058245, 0.8447621359223271, 1.5323592233009666, 1.8466893203883477, 0.1833592233009665, 0.3143300970873758, 1.3620970873786338, 0.34707281553397945, 1.1721893203883422, 0.6745, 0.29468446601941684, 1.3228058252427157, 0.9953786407766955, 1.833592233009703, 1.0739611650485366, 0.5828203883495141, 1.892529126213585, 0.07203398058252702, 0.18990776699029158, 0.11132524271844492, 0.6745, 0.8054708737864038, 0.7530825242718413, 0.7858252427184449, 2.4491553398058152, 0.2553932038834935, 1.1852864077669871, 0.6679514563106749, 0.720339805825243, 0.536980582524271, 2.0889854368931964, 0.14406796116504858, 2.0300485436893143, 1.853237864077662, 1.5192621359223217, 0.5697233009708746, 0.1571650485436879, 0.013097087378639294, 0.30123300970873645, 1.741912621359217, 1.1001553398058206, 1.1328980582524244, 0.6417572815533963, 0.28813592233009716, 0.47804368932038876, 0.9364417475728131, 0.44530097087378506, 1.846689320388342, 0.6679514563106803, 0.2553932038834935, 0.7923737864077646, 0.9364417475728131, 0.910247572815529, 0.7072427184465981, 0.03274271844660369, 1.3620970873786393, 1.296611650485432, 0.19645631067961122, 1.093606796116501, 3.5624077669902805, 0.10477669902912526, 0.9495388349514525, 1.5651019417475702, 0.7203398058252376, 1.8204951456310636, 0.45184951456310474, 0.4845922330097084, 1.5323592233009666, 1.7943009708737796, 0.39291262135922245, 0.8906019417475701, 0.8840533980582506, 0.37981553398058315, 1.5781990291262096, 1.0346699029126187, 0.9167961165048488, 0.15061650485436823, 0.7727281553398055, 0.013097087378639294, 1.1263495145631046, 0.22919902912620946, 1.0019271844660151, 0.6679514563106803, 0.5893689320388337, 0.23574757281553457, 0.006548543689319647, 0.19645631067961122, 2.0889854368931964, 0.4387524271844654, 0.9888300970873758, 1.5585533980582507, 0.8447621359223271, 1.3031601941747517, 1.1001553398058206, 0.28813592233009716, 0.4845922330097084, 0.17681067961165228, 0.7399854368932018, 0.49114077669902806, 0.17681067961164684, 1.2180291262135852, 0.1309708737864093, 0.2161019417475756, 0.20955339805825052, 0.3077815533980561, 1.1721893203883422, 0.4125582524271814, 0.6679514563106803, 0.8447621359223271, 0.5435291262135907, 0.6679514563106749, 0.1309708737864093, 0.14406796116504858, 1.8728834951456261, 0.9560873786407775, 0.42565533980582615, 0.34052427184465983, 0.13751941747572893, 0.2161019417475756, 0.28158737864077754, 0.46494660194174403, 0.7072427184465981, 1.2900631067961121, 0.9102475728155346, 1.1918349514563067, 1.1263495145631046, 0.7727281553398055, 0.5959174757281533, 0.09167961165048596, 1.257320388349514, 1.1459951456310637, 1.1198009708737797, 0.7268883495145572, 0.648305825242716, 1.1067038834951404, 0.6548543689320356, 0.41255825242718686, 0.37326699029126353, 0.5762718446601943, 1.2900631067961121, 1.6043932038834936, 1.3620970873786338, 1.1525436893203833, 1.047766990291258, 1.5454563106796058, 0.9233446601941738, 1.5258106796116468, 0.517334951456312, 1.4734223300970841, 0.006548543689319647, 0.9626359223300972, 1.3359029126213553, 1.0412184466019383, 1.6698786407766955, 0.07858252427184666, 0.628660194174757, 1.067412621359217, 0.5959174757281533, 1.1525436893203833, 1.0346699029126187, 1.5389077669902862, 0.006548543689319647, 0.04583980582524298, 1.0543155339805776, 0.9102475728155346, 1.3751941747572787, 1.0346699029126187, 1.0739611650485366, 0.43220388349514577, 1.2114805825242656, 0.766179611650486, 0.6024660194174729, 1.5978446601941683, 0.7465339805825215, 1.0739611650485366, 0.26849029126213825, 0.6221116504854374, 0.5500776699029103, 1.1132524271844655, 0.648305825242716, 0.6810485436893197, 1.892529126213585, 1.067412621359217, 1.1394466019417442, 0.3601699029126188, 0.648305825242716, 0.8513106796116469, 0.8906019417475701, 0.1309708737864093, 0.6679514563106749, 0.18990776699029158, 0.812019417475729, 0.3077815533980561, 0.058936893203882276, 1.0608640776698974, 0.7465339805825215, 0.6745, 0.8513106796116469, 1.4341310679611607, 1.7681067961165011, 0.44530097087378506, 0.9953786407766955, 0.9167961165048543, 0.07203398058252157, 0.15061650485436823, 0.18990776699029158, 0.9233446601941684, 0.07203398058252702, 0.47804368932038876, 0.7858252427184449, 0.43220388349514577, 1.0346699029126187, 2.770033980582516, 0.8382135922330075, 2.1348252427184393, 0.47149514563106915, 0.10477669902912526, 0.5500776699029103, 5.192995145631053, 0.17681067961164684, 1.296611650485432, 0.9298932038834935, 0.019645631067964395, 1.997305825242716, 0.09167961165048596, 0.09167961165048596, 0.6875970873786393, 0.9822815533980561, 0.18335922330097193, 1.4734223300970841, 0.7727281553398055, 1.6240388349514525, 0.30123300970873645, 1.493067961165043, 0.07203398058252702, 1.650233009708731, 1.0412184466019383, 0.6221116504854319, 1.2376747572815496, 0.5828203883495141, 0.5893689320388337, 0.2684902912621328, 0.8775048543689308, 0.8709563106796112, 0.536980582524271, 0.09822815533980561, 1.5323592233009666, 1.3293543689320357, 1.1918349514563067, 0.3208786407766954, 0.17681067961165228, 1.6567815533980506, 0.28813592233009716, 0.9495388349514525, 0.10477669902912526, 0.20300485436893087, 4.485752427184455, 0.15061650485436823, 0.28813592233009716, 4.25655339805824, 1.6043932038834936, 0.9888300970873758, 0.536980582524271, 0.3274271844660151, 0.013097087378639294, 0.13751941747572893, 0.8054708737864038, 0.6417572815533963, 0.6352087378640766, 0.28813592233009716, 0.7858252427184449, 0.9822815533980561, 0.9233446601941684, 1.971111650485432, 1.722266990291258, 1.8008495145631047, 1.0346699029126187, 0.20300485436893087, 0.5500776699029103, 0.6941456310679589, 0.7137912621359234, 0.44530097087378506, 1.4865194174757235, 0.24884466019417387, 1.1132524271844655, 0.40600970873786174, 0.8709563106796058, 0.29468446601941684, 0.3798155339805777, 0.9036990291262095, 0.026194174757278588, 0.648305825242716, 1.6633300970873757, 0.22265048543689525, 3.293917475728148, 0.8709563106796112, 2.586674757281544, 0.34707281553397945, 0.8971504854368898, 5.317417475728143, 3.431436893203877, 0.5762718446601889, 0.09822815533980561, 0.7137912621359178, 1.0346699029126187, 1.421033980582516, 4.02735436893203, 0.5631747572815496, 1.3620970873786338, 3.241529126213585, 0.06548543689320192, 0.03274271844660369, 0.4845922330097084, 0.5762718446601889, 0.06548543689320192, 0.7858252427184449, 3.6344417475728075, 0.34707281553397945, 0.536980582524271, 1.3948398058252376, 0.7858252427184449, 6.103242718446582, 0.45184951456310474, 1.1328980582524244, 0.7596310679611663, 0.19645631067961122, 0.9233446601941684, 1.3228058252427157, 0.8775048543689308, 0.5631747572815551, 0.22919902912620946, 0.2422961165048542, 0.7268883495145626, 0.39946116504854207, 5.363257281553386, 0.5828203883495141, 0.8054708737864038, 0.28158737864077205, 0.4125582524271814, 0.19645631067961122, 0.6941456310679589, 1.1852864077669871, 0.32742718446602054, 0.5631747572815496, 2.914101941747565, 2.0496941747572732, 3.706475728155329, 0.3077815533980561, 1.1001553398058206, 5.206092233009692, 1.8532378640776674, 0.9560873786407721, 1.4472281553398, 0.5828203883495141, 0.27503883495145787, 0.30123300970873645, 0.9298932038834935, 4.099388349514552, 1.7484611650485367, 0.5238834951456318, 6.6795145631067765, 0.6221116504854374, 3.35285436893203, 0.6352087378640766, 1.3751941747572787, 1.1001553398058206, 0.5762718446601889, 0.1833592233009665, 0.39946116504854207, 0.11132524271844492, 0.4191067961165065, 1.3489999999999946, 0.5631747572815496, 6.293150485436874, 0.648305825242716, 0.02619417475728404, 0.11787378640777, 0.49114077669902806, 0.5238834951456263, 1.3228058252427157, 2.0234999999999945, 2.3771213592232936, 0.47149514563106365, 0.4583980582524244, 0.09822815533980561, 1.5978446601941683, 0.10477669902912526, 0.6875970873786393, 1.6960728155339742, 0.22265048543688984, 0.07858252427184666, 0.20955339805825052, 0.9102475728155346, 0.17681067961165228, 0.22919902912620946, 1.0346699029126187, 2.1151796116504804, 0.09167961165048596, 0.55662621359223, 1.5323592233009666, 1.1852864077669871, 1.5781990291262096, 0.15061650485436823, 0.6155631067961178, 1.1132524271844655, 0.49768932038834773, 0.5697233009708746, 1.00847572815534, 0.26849029126213825, 0.6679514563106803, 1.1852864077669871, 0.40600970873786174, 0.9364417475728131, 0.45184951456310474, 1.9580145631067871, 0.8840533980582506, 0.7268883495145626, 0.16371359223300755, 0.09167961165048596, 0.7465339805825215, 1.5847475728155291, 0.33397572815534016, 1.3686456310679533, 0.7596310679611609, 1.4144854368932018, 0.5435291262135907, 0.0, 1.6109417475728132, 1.1459951456310637, 0.7792766990291253, 0.5042378640776674, 0.7661796116504805, 0.47149514563106915, 0.4845922330097084, 1.5061650485436826, 0.2161019417475756, 0.43220388349514577, 1.1067038834951404, 0.42565533980582615, 0.8906019417475701, 0.7399854368932018, 0.7072427184465981, 1.5520048543689253, 0.032742718446598235, 0.5042378640776674, 0.9167961165048488, 1.1198009708737797, 0.9298932038834935, 0.163713592233013, 0.648305825242716, 2.298538834951447, 0.21610194174757016, 1.6109417475728132, 1.9580145631067927, 0.34707281553397945, 0.013097087378639294, 0.05238834951456263, 1.3882912621359178, 0.8185679611650432, 1.047766990291258, 0.6024660194174729, 1.296611650485432, 0.14406796116504858, 0.6352087378640766, 0.5697233009708693, 0.3274271844660151, 1.0150242718446598, 0.1571650485436879, 0.058936893203882276, 0.22919902912621493, 0.5959174757281533, 0.517334951456312, 0.7792766990291253, 0.9495388349514525, 0.17681067961165228, 1.7550097087378616, 1.3489999999999946, 1.7484611650485367, 0.16371359223300755, 0.13097087378640385, 0.8840533980582506, 4.8328252427184335, 1.021572815533974, 0.44530097087378506, 1.0543155339805776, 1.4472281553398, 0.08513106796116632, 0.8054708737864038, 0.28158737864077205, 0.33397572815534016, 0.1244223300970842, 0.7465339805825215, 1.303160194174757, 3.7785097087378565, 0.9298932038834935, 1.3359029126213553, 0.6090145631067926, 0.47149514563106365, 0.1309708737864093, 0.006548543689319647, 0.6024660194174729, 1.1787378640776673, 1.2835145631067926, 0.34707281553397945, 0.47149514563106915, 0.3208786407766954, 1.3948398058252376, 0.45184951456310474, 0.058936893203882276, 0.20300485436893087, 0.9167961165048543, 1.5716504854368898, 0.8120194174757235, 0.8906019417475701, 0.20955339805825052, 0.9626359223300918, 0.09822815533980561, 0.32742718446602054, 1.6436844660194112, 0.5959174757281533, 1.3817427184465982, 0.5828203883495141, 0.1244223300970842, 1.1459951456310637, 0.08513106796116632, 0.04583980582524298, 1.6371359223300916, 0.42565533980582065, 0.15061650485436823, 0.3274271844660151, 0.04583980582524298, 1.0608640776698974, 0.6024660194174729, 0.7465339805825215, 0.8513106796116469, 0.5042378640776674, 0.12442233009708965, 0.9888300970873758, 0.47149514563106915, 0.517334951456312, 0.8251165048543628, 0.7268883495145572, 0.26194174757281313, 0.163713592233013, 0.8316650485436878, 0.8054708737864038, 0.34707281553397945, 0.536980582524271, 0.7792766990291253, 0.9822815533980561, 0.9364417475728131, 1.296611650485432, 0.1571650485436879, 0.55662621359223, 0.9888300970873758, 0.17681067961164684, 0.34052427184465983, 1.3424514563106749, 0.30123300970873645, 0.18990776699029158, 0.6024660194174729, 0.9036990291262095, 1.0543155339805776, 0.43220388349514577, 0.11132524271844492, 0.6744999999999945, 1.0608640776698974, 0.39291262135922245, 0.3208786407767009, 0.7137912621359178, 1.421033980582516, 0.30123300970873645, 0.11132524271844492, 0.5893689320388337, 0.8775048543689308, 1.2049320388349458, 0.11132524271844492, 0.19645631067961122, 1.0805097087378617, 0.1244223300970842, 0.03929126213592333, 0.47149514563106915, 2.6325145631067874, 1.2442233009708692, 0.3601699029126188, 0.04583980582524298, 0.6548543689320356, 0.4191067961165065, 0.07858252427184666, 1.3686456310679533, 0.5631747572815551, 0.032742718446598235, 1.8663349514563012, 0.609014563106798, 1.11325242718446, 0.6875970873786393, 0.47149514563106365, 0.34052427184465983, 0.34707281553397945, 1.1459951456310637, 1.4799708737864037, 1.5389077669902862, 5.199543689320372, 0.34707281553397945, 0.6221116504854374, 0.006548543689319647, 0.6090145631067926, 3.7785097087378565, 0.5959174757281533, 0.8185679611650432, 0.08513106796116632, 0.43220388349514577, 0.019645631067964395, 0.7465339805825215, 1.650233009708731, 0.3601699029126188, 2.5015436893203833, 0.6875970873786393, 0.536980582524271, 0.812019417475729, 0.43220388349514577, 2.3967669902912583, 0.18990776699029158, 0.14406796116504858, 0.9691844660194113, 1.3228058252427157, 0.8120194174757235, 0.15061650485436823, 0.5697233009708693, 0.2422961165048542, 0.6024660194174729, 4.642917475728142, 1.0608640776698974, 5.48767961165047, 2.6587087378640657, 0.6614029126213606, 1.0281213592232992, 0.536980582524271, 0.3863640776699028, 1.1067038834951404, 0.5042378640776674, 0.9953786407766955, 0.37326699029125804, 0.7596310679611609, 0.15061650485436823, 1.2769660194174728, 0.4125582524271814, 0.6548543689320356, 0.6352087378640766, 0.609014563106798, 0.22919902912621493, 1.6240388349514525, 0.9888300970873758, 0.9364417475728131, 0.07858252427184666, 0.8513106796116469, 0.49768932038834773, 0.5631747572815496, 0.40600970873786174, 0.40600970873786174, 1.1983834951456263, 0.11132524271844492, 0.41910679611650103, 1.4799708737864037, 0.8709563106796112, 4.924504854368919, 10.739611650485404, 0.30123300970873645, 0.28813592233009716, 0.12442233009708965, 0.7006941747572786, 0.9167961165048543, 0.03929126213592333, 0.41910679611650103, 0.5697233009708746, 1.7026213592232937, 2.5015436893203775, 1.6633300970873703, 0.33397572815534016, 0.5631747572815551, 0.09822815533980561, 0.8513106796116469, 0.9364417475728131, 1.6698786407766955, 0.12442233009708965, 0.3667184466019384, 0.7072427184465981, 0.6352087378640766, 6.568189320388331, 0.13751941747572893, 0.5238834951456318, 1.7484611650485367, 0.13751941747572893, 0.766179611650486, 0.49768932038834773, 1.1132524271844655, 0.6941456310679589, 2.46880097087378, 0.11132524271844492, 1.4079368932038767, 1.2769660194174728, 0.8054708737864038, 1.1263495145631046, 0.3667184466019384, 5.428742718446587, 1.5127135922330022, 1.1590922330097029, 0.7727281553398055, 0.9757330097087364, 3.0778155339805724, 1.9121747572815442, 0.6614029126213553, 1.4406796116504805, 0.34707281553397945, 0.49114077669902806, 0.6221116504854319, 1.2311262135922298, 0.9167961165048488, 0.5959174757281533, 28.761203883495064, 0.39291262135922245, 0.39946116504854207, 1.0281213592232992, 0.910247572815529, 2.33783009708737, 1.1263495145631046, 0.23574757281553457, 0.06548543689320192, 0.29468446601941684, 2.33783009708737, 0.12442233009708965, 0.7792766990291253, 1.2049320388349458, 0.5435291262135907, 0.5173349514563066, 0.5762718446601889, 0.6875970873786393, 0.9364417475728131, 4.394072815533968, 1.00847572815534, 0.3601699029126188, 0.20300485436893087, 0.41255825242718686, 0.058936893203882276, 0.3601699029126188, 0.6155631067961178, 0.41910679611650103, 3.0909126213592173, 2.291990291262133, 0.5238834951456318, 2.1151796116504804, 1.0870582524271815, 1.4799708737864037, 0.43220388349514577, 0.20300485436893087, 0.24884466019417387, 0.05238834951456263, 0.8644077669902861, 1.1787378640776673, 0.6614029126213553, 2.770033980582516, 0.9429902912621327, 0.6875970873786393, 1.0084757281553347, 0.44530097087378506, 0.7530825242718413, 4.557786407766977, 1.2114805825242712, 2.3705728155339743, 0.6548543689320356, 1.0412184466019383, 0.42565533980582615, 0.8447621359223271, 1.3031601941747517, 0.28158737864077205, 0.19645631067961122, 0.28813592233009716, 1.5978446601941683, 0.8382135922330075, 0.0, 0.5238834951456318, 0.628660194174757, 2.0627912621359124, 0.4845922330097084, 0.510786407766987, 0.21610194174757016, 2.324733009708731, 0.8054708737864038, 0.5697233009708746, 0.7727281553398055, 1.7550097087378562, 0.648305825242716, 0.55662621359223, 0.3798155339805777, 0.6221116504854319, 0.3863640776699028, 1.1590922330097029, 0.013626262626261135, 0.27933838383838167, 0.24527272727272884, 0.8652676767676786, 2.7320656565656583, 0.4428535353535323, 1.7986666666666686, 0.6131818181818193, 0.7085656565656585, 1.4920757575757588, 0.5654898989898995, 0.08175757575757815, 0.1567020202020201, 0.11582323232323101, 0.0068131313131305675, 1.1786717171717187, 0.5109848484848494, 0.5382373737373772, 0.9947171717171708, 0.442853535353538, 1.9962474747474777, 0.047691919191919646, 0.47010606060606025, 1.5806464646464675, 1.0219696969696987, 0.4292272727272712, 0.5177979797979799, 0.20439393939393974, 0.9538383838383874, 0.27933838383838167, 0.5382373737373772, 1.165045454545452, 0.6881262626262667, 0.7017525252525222, 1.4035050505050501, 0.6404343434343414, 1.1377929292929296, 0.7971363636363615, 0.0068131313131305675, 0.5246111111111105, 1.4920757575757588, 0.5995555555555524, 1.7032828282828292, 0.6199949494949498, 1.2127373737373717, 0.2929646464646485, 0.47691919191919085, 1.532954545454548, 0.27252525252525106, 0.34746969696969865, 0.7494444444444476, 0.10219696969696987, 0.7221919191919196, 0.6063686868686887, 0.17032828282828125, 0.020439393939391703, 1.328560606060608, 0.17714141414141746, 0.558676767676769, 0.34746969696969865, 0.8993333333333371, 1.19229797979798, 0.21802020202020087, 0.19758080808080916, 0.4087878787878795, 0.0, 1.0969141414141406, 0.442853535353538, 0.14988888888888952, 0.47010606060606025, 1.5942727272727288, 0.0068131313131305675, 0.6131818181818193, 0.06813131313131135, 0.9947171717171708, 1.0832878787878795, 0.2112070707070703, 0.8788939393939397, 0.6199949494949498, 1.86679797979798, 0.817575757575759, 2.289212121212126, 0.5450505050505021, 0.3406565656565681, 1.0492222222222265, 0.0068131313131305675, 0.7017525252525222, 0.16351515151515067, 0.5109848484848494, 0.3406565656565625, 1.7782272727272712, 0.47010606060606025, 0.21802020202020087, 0.5450505050505021, 0.6813131313131306, 0.3202171717171707, 0.32703030303030134, 0.9538383838383817, 0.5450505050505079, 0.585929292929297, 1.117353535353538, 0.23164646464646768, 1.648777777777779, 1.0219696969696987, 0.7698838383838392, 1.2944949494949496, 1.3490000000000002, 0.8788939393939397, 0.531424242424241, 0.790323232323231, 1.86679797979798, 0.7766969696969698, 1.7646010101010101, 0.5246111111111105, 0.25889898989898996, 0.23845959595959826, 0.0, 0.3202171717171707, 1.0083434343434319, 0.2929646464646485, 0.36790909090909035, 0.25889898989898996, 0.013626262626261135, 1.328560606060608, 2.0098737373737388, 0.6676868686868693, 0.34746969696969865, 0.8243888888888895, 0.047691919191919646, 1.4307575757575781, 0.6336212121212109, 0.8243888888888895, 0.2657121212121205, 0.6268080808080804, 0.23845959595959826, 0.817575757575759, 1.3694393939393972, 0.6336212121212109, 1.0355959595959598, 0.5791161616161606, 1.0015303030303013, 1.2672424242424218, 1.3013080808080801, 0.040878787878789076, 0.817575757575759, 0.2112070707070703, 1.219550505050508, 0.20439393939393974, 0.10219696969696987, 0.3406565656565625, 0.2929646464646485, 0.23164646464646768, 0.16351515151515067, 1.233176767676769, 0.7835101010101004, 0.6404343434343472, 1.4988888888888894, 1.6828434343434375, 0.3815353535353515, 0.5041717171717187, 0.6336212121212109, 0.22483333333333144, 1.6147121212121205, 0.8857070707070703, 0.17032828282828125, 1.3081212121212165, 1.4580101010101003, 0.03406565656565851, 0.8993333333333314, 0.947025252525251, 3.399752525252528, 1.0287828282828293, 1.9553686868686886, 0.1362626262626284, 0.6813131313131306, 0.38153535353535717, 1.3490000000000002, 1.19229797979798, 0.7358181818181807, 0.7221919191919196, 0.5859292929292913, 0.8925202020202009, 1.389878787878789, 0.6063686868686887, 0.6608737373737388, 0.817575757575759, 0.18395454545454237, 0.2112070707070703, 0.020439393939397376, 0.32703030303030134, 1.0287828282828293, 0.8380151515151506, 1.205924242424247, 1.8327323232323272, 1.648777777777779, 0.8448282828282869, 0.32703030303030134, 1.4852626262626283, 1.049222222222221, 1.7169090909090903, 0.14307575757575894, 0.040878787878789076, 1.1650454545454576, 1.3626262626262613, 0.06813131313131135, 0.817575757575759, 0.4019747474747489, 0.10901010101010043, 0.7766969696969698, 0.47010606060606025, 0.14988888888888952, 2.1120707070707088, 1.9826212121212166, 1.5533939393939395, 0.8788939393939397, 0.5859292929292913, 0.11582323232323101, 0.10219696969696987, 0.16351515151515067, 0.24527272727272884, 1.2399898989898996, 0.7766969696969698, 0.3134040404040402, 1.076474747474749, 0.03406565656565851, 1.158232323232327, 0.09538383838383929, 0.6608737373737388, 0.7085656565656585, 0.6199949494949498, 0.14307575757575894, 1.117353535353538, 1.7100959595959597, 0.3406565656565681, 1.015156565656568, 1.0219696969696987, 0.30659090909090964, 0.19758080808080916, 0.5791161616161606, 1.0287828282828293, 1.7850404040404073, 0.4224141414141406, 1.8736111111111162, 1.015156565656568, 1.6692171717171764, 1.062848484848482, 0.6131818181818193, 0.19076767676767858, 0.48373232323232707, 1.3694393939393972, 0.36790909090909035, 0.6608737373737388, 0.14988888888888952, 0.6404343434343472, 1.2672424242424276, 1.4307575757575781, 0.7698838383838392, 0.47010606060606025, 0.817575757575759, 0.22483333333333144, 0.83120202020202, 2.3437171717171705, 2.323277777777779, 0.0, 1.4580101010101003, 1.6692171717171764, 0.23164646464646202, 1.66240404040404, 0.2657121212121205, 0.08857070707070873, 1.1037272727272711, 0.17714141414141177, 0.061318181818180786, 0.5041717171717187, 1.9826212121212166, 0.3883484848484878, 0.08857070707070873, 1.3762525252525277, 0.4019747474747489, 0.18395454545454237, 0.2112070707070703, 1.0015303030303013, 1.0628484848484878, 0.6131818181818193, 0.6336212121212109, 0.1294494949494978, 0.17032828282828125, 0.8380151515151506, 1.2876818181818193, 1.417131313131317, 0.7835101010101004, 0.49054545454545767, 0.5791161616161606, 0.25208585858585936, 1.19229797979798, 0.558676767676769, 1.1854848484848495, 0.17714141414141177, 1.1854848484848495, 0.11582323232323101, 0.3202171717171707, 1.7509747474747488, 0.08857070707070873, 0.08857070707070873, 0.2657121212121205, 0.3610959595959598, 1.5397676767676785, 0.34746969696969865, 0.08175757575757815, 0.790323232323231, 0.4292272727272712, 0.7085656565656585, 1.9962474747474777, 0.020439393939391703, 0.8039494949494921, 0.09538383838383929, 0.8039494949494921, 1.2672424242424218, 1.8463585858585883, 0.9197727272727289, 0.5382373737373716, 0.9129595959595982, 0.41560101010101, 0.38834848484848206, 0.25208585858585936, 0.3338434343434376, 0.17032828282828125, 0.6676868686868693, 0.6608737373737388, 0.29977777777777903, 1.0969141414141406, 1.328560606060608, 1.4988888888888894, 0.6199949494949498, 0.906146464646462, 0.5041717171717187, 0.2861515151515179, 0.4632929292929297, 0.047691919191919646, 0.4632929292929297, 1.1991111111111106, 0.4019747474747489, 0.8993333333333371, 0.9879040404040402, 1.9417424242424275, 1.6692171717171707, 0.040878787878789076, 0.4224141414141406, 1.4375707070707087, 0.6676868686868693, 2.0575656565656586, 0.6608737373737388, 1.4103181818181862, 0.0, 0.5382373737373772, 1.19229797979798, 0.6199949494949498, 1.3966919191919196, 0.6404343434343414, 0.37472222222222096, 0.8516414141414118, 0.47691919191919085, 1.6964696969696986, 0.6813131313131306, 0.8925202020202009, 0.7562575757575781, 0.14988888888888952, 0.6745000000000001, 1.1446060606060602, 0.7562575757575781, 0.7221919191919196, 0.06813131313131135, 0.2248333333333371, 1.2740555555555582, 0.6472474747474721, 2.6707474747474773, 0.27933838383838167, 0.047691919191919646, 0.817575757575759, 2.234707070707076, 0.27252525252525106, 0.7426313131313113, 0.16351515151515067, 0.040878787878789076, 0.9674646464646485, 0.1567020202020201, 0.22483333333333144, 0.7766969696969698, 0.7017525252525278, 1.92130303030303, 0.6336212121212109, 0.5791161616161606, 0.83120202020202, 0.23845959595959257, 0.5041717171717187, 0.2657121212121205, 0.12944949494949212, 0.35428282828282925, 0.93339898989899, 0.6268080808080804, 0.7630707070707087, 0.9129595959595982, 0.6540606060606082, 0.25208585858585936, 1.1650454545454576, 0.6268080808080804, 0.21802020202020087, 0.38153535353535717, 0.6063686868686887, 0.12944949494949212, 1.1718585858585882, 0.7835101010101004, 1.3081212121212165, 1.1582323232323213, 1.2944949494949496, 1.0969141414141406, 2.2142676767676788, 0.20439393939393974, 0.08175757575757249, 0.3815353535353515, 0.3134040404040402, 1.3013080808080801, 0.27252525252525106, 0.06813131313131135, 0.8652676767676786, 0.47010606060606025, 0.2112070707070703, 0.790323232323231, 0.1567020202020201, 1.2876818181818193, 1.2468030303030302, 0.6608737373737388, 0.1362626262626227, 0.30659090909090964, 0.36790909090909035, 0.03406565656565851, 1.2536161616161607, 0.8720808080808091, 0.7766969696969698, 0.8993333333333314, 1.205924242424247, 1.7169090909090903, 0.0068131313131305675, 1.5397676767676785, 0.16351515151515067, 0.10901010101010043, 0.9538383838383817, 0.7221919191919196, 1.9008636363636384, 0.19758080808080916, 1.3694393939393972, 0.5109848484848494, 0.32703030303030134, 1.117353535353538, 0.4087878787878795, 0.16351515151515067, 0.21802020202020087, 0.29977777777777903, 0.3134040404040402, 0.35428282828282925, 1.4511969696969698, 0.7358181818181807, 0.9606515151515123, 1.0969141414141406, 0.83120202020202, 0.7085656565656585, 0.585929292929297, 1.5397676767676785, 0.020439393939391703, 0.020439393939391703, 0.48373232323232707, 0.49054545454545767, 0.4087878787878795, 0.6404343434343414, 1.546580808080809, 0.12944949494949212, 1.2059242424242411, 0.25889898989898996, 0.9197727272727289, 0.5723030303030301, 0.7971363636363615, 0.7494444444444476, 0.9606515151515123, 1.015156565656568, 1.3558131313131307, 0.1362626262626227, 0.23845959595959257, 0.5041717171717187, 1.9553686868686886, 0.2793383838383873, 0.7426313131313113, 1.1241666666666685, 2.0439393939393975, 0.10901010101010043, 2.5617373737373774, 0.5791161616161606, 1.5874595959595983, 1.0628484848484878, 1.417131313131317, 1.09010101010101, 1.4307575757575781, 0.49054545454545767, 0.41560101010101, 1.4988888888888894, 0.08857070707070873, 1.1377929292929296, 2.398222222222227, 1.689656565656568, 0.5177979797979799, 0.93339898989899, 0.36790909090909035, 0.5859292929292913, 0.4292272727272712, 0.44966666666666855, 1.2536161616161607, 1.7509747474747488, 0.25889898989898996, 0.08857070707070873, 1.7441616161616182, 0.08175757575757815, 1.5397676767676785, 0.38834848484848206, 0.7085656565656585, 0.2112070707070703, 0.8652676767676786, 1.532954545454548, 0.17032828282828125, 0.013626262626261135, 0.5927424242424275, 2.050752525252528, 1.4852626262626283, 0.27933838383838167, 0.6268080808080804, 0.061318181818180786, 0.790323232323231, 0.23845959595959826, 0.9197727272727289, 1.3081212121212165, 0.8925202020202009, 0.5450505050505079, 1.0424090909090904, 1.1650454545454576, 0.2248333333333371, 0.3338434343434319, 1.2468030303030302, 0.7630707070707087, 1.0696616161616184, 1.0083434343434319, 0.32703030303030134, 0.2861515151515179, 0.2657121212121205, 0.2929646464646485, 1.9144898989898995, 0.7358181818181807, 0.7835101010101004, 0.7153787878787891, 1.60789898989899, 1.3217474747474776, 0.18395454545454237, 0.7698838383838392, 0.25208585858585936, 0.6949393939393916, 1.314934343434347, 0.7766969696969698, 0.4292272727272712, 0.37472222222222096, 0.5927424242424275, 1.7373484848484877, 0.5654898989898995, 0.6813131313131306, 2.8138232323232364, 0.14307575757575894, 2.3437171717171763, 1.4852626262626283, 0.47691919191919085, 0.2657121212121205, 0.34746969696969865, 1.117353535353538, 1.4239444444444418, 0.4360404040404074, 0.7698838383838392, 0.061318181818180786, 0.6745000000000001, 0.4632929292929297, 0.6404343434343472, 0.10219696969696987, 0.08857070707070873, 1.2263636363636385, 1.1786717171717187, 0.23164646464646768, 0.7358181818181807, 0.047691919191919646, 0.25889898989898996, 0.5518636363636384, 1.519328282828281, 1.1037272727272711, 0.9947171717171708, 0.2861515151515122, 0.48373232323232707, 0.34746969696969865, 1.3694393939393918, 2.3505303030303013, 0.4837323232323214, 0.8107626262626284, 0.41560101010101, 1.1854848484848495, 0.054505050505050216, 1.2127373737373717, 1.0424090909090904, 0.47691919191919085, 1.117353535353538, 1.6147121212121205, 0.442853535353538, 0.47691919191919085, 1.6555909090909096, 0.5654898989898995, 1.6760303030303012, 0.41560101010101, 0.48373232323232707, 0.5246111111111105, 1.0560353535353573, 1.1991111111111106, 0.17032828282828125, 2.7865707070707084, 1.205924242424247, 2.602616161616166, 1.635151515151518, 0.5654898989898995, 1.049222222222221, 1.546580808080809, 0.4292272727272712, 0.07494444444444759, 0.08175757575757249, 0.5791161616161606, 0.2929646464646485, 0.6199949494949498, 2.411848484848488, 0.44966666666666855, 0.5041717171717187, 1.3830656565656587, 0.5450505050505021, 2.0098737373737388, 1.4648232323232366, 1.4920757575757588, 0.2929646464646485, 0.6608737373737388, 0.07494444444444759, 2.370969696969699, 0.35428282828282925, 0.35428282828282925, 0.8243888888888895, 0.040878787878789076, 0.18395454545454804, 0.5723030303030301, 0.12263636363636723, 1.8463585858585883, 0.1362626262626227, 0.906146464646462, 0.12944949494949212, 1.532954545454548, 0.5041717171717187, 0.9197727272727289, 1.015156565656568, 0.9265858585858594, 1.1105404040404017, 0.25208585858585936, 0.4224141414141406, 0.8652676767676786, 0.4564797979797991, 2.3437171717171705, 0.27252525252525106, 0.12944949494949212, 1.7237222222222266, 0.6881262626262611, 0.17032828282828125, 0.5382373737373772, 0.47691919191919085, 0.6063686868686887, 0.25889898989898996, 0.4087878787878795, 0.19758080808080916, 0.6199949494949498, 0.2248333333333371, 0.0, 1.328560606060608, 0.7698838383838392, 0.3338434343434376, 0.442853535353538, 2.139323232323231, 2.22789393939394, 1.6555909090909096, 0.4973585858585882, 0.9129595959595982, 0.5450505050505021, 1.519328282828281, 0.9061464646464676, 0.7630707070707087, 0.2929646464646485, 0.23164646464646768, 0.9538383838383874, 1.3490000000000002, 0.5927424242424275, 0.8516414141414175, 1.6828434343434375, 0.19076767676767858, 0.013626262626261135, 0.21802020202020087, 2.159762626262628, 1.8531717171717188, 0.1294494949494978, 0.020439393939397376, 1.0832878787878795, 0.9265858585858594, 0.3134040404040402, 0.7562575757575781, 0.35428282828282925, 0.30659090909090964, 0.7221919191919196, 0.02725252525252227, 0.5109848484848494, 1.1446060606060602, 1.5397676767676785, 1.2399898989898996, 1.3558131313131307, 0.442853535353538, 0.8857070707070703, 0.4564797979797991, 0.6336212121212109, 0.30659090909090964, 1.3217474747474776, 0.013626262626261135, 0.7153787878787891, 1.4580101010101003, 0.8516414141414118, 0.4019747474747489, 0.14988888888888952, 0.4564797979797991, 1.1854848484848495, 1.2604292929292913, 0.3202171717171707, 1.389878787878789, 1.0628484848484878, 0.47010606060606025, 0.17032828282828125, 1.4648232323232366, 1.1854848484848495, 0.1294494949494978, 0.054505050505050216, 1.6964696969696986, 1.0696616161616184, 1.8736111111111104, 0.10901010101010043, 3.358873737373739, 1.2808686868686887, 0.6813131313131306, 0.11582323232323101, 1.1241666666666685, 0.2861515151515122, 4.530732323232327, 5.409626262626266, 2.0711919191919197, 0.5859292929292913, 1.1037272727272711, 0.9879040404040402, 0.5995555555555581, 0.585929292929297, 1.0083434343434374, 0.9129595959595982, 2.1325101010101, 0.08857070707070873, 2.7388787878787895, 0.30659090909090964, 0.9402121212121205, 4.435348484848488, 0.047691919191919646, 0.5041717171717187, 0.19758080808080916, 0.790323232323231, 1.3081212121212165, 0.5041717171717187, 0.6949393939393973, 1.9621818181818191, 0.974277777777779, 1.6419646464646485, 3.6450252525252567, 5.518636363636368, 1.0083434343434374, 0.558676767676769, 1.3830656565656587, 0.3815353535353515, 1.5806464646464675, 0.020439393939391703, 0.11582323232323101, 1.9894343434343416, 6.595111111111116, 1.2468030303030302, 0.19076767676767858, 0.19076767676767858, 0.6608737373737388, 0.03406565656565851, 0.20439393939393974, 0.4973585858585882, 1.1991111111111106, 0.16351515151515067, 0.14307575757575894, 0.7562575757575781, 0.7630707070707087, 5.041717171717177, 0.6676868686868693, 0.93339898989899, 0.6676868686868693, 0.7835101010101004, 0.858454545454548, 4.946333333333337, 1.0424090909090904, 0.25208585858585936, 1.4511969696969698, 4.878202020202026, 0.1567020202020201, 0.27933838383838167, 1.015156565656568, 0.2929646464646485, 0.4973585858585882, 0.8039494949494921, 1.3081212121212165, 0.83120202020202, 2.452727272727277, 2.6230555555555584, 0.4224141414141406, 0.21802020202020087, 0.35428282828282925, 0.8107626262626284, 1.8940505050505079, 1.7441616161616182, 0.11582323232323101, 3.713156565656568, 1.2399898989898996, 0.5109848484848494, 2.5481111111111105, 1.2468030303030302, 1.0628484848484878, 5.832040404040407, 0.19076767676767858, 0.14988888888888952, 1.4920757575757588, 0.41560101010101, 0.790323232323231, 4.660181818181825, 0.47010606060606025, 0.2793383838383873, 2.12569696969697, 1.0969141414141406, 0.4087878787878795, 0.6608737373737388, 0.020439393939391703, 0.4224141414141406, 0.4360404040404074, 4.741939393939398, 1.0969141414141406, 1.6419646464646485, 0.20439393939393974, 1.4784494949494977, 0.027252525252527946, 0.38834848484848206, 4.919080808080815, 0.09538383838383929, 1.7986666666666686, 1.0696616161616184, 0.020439393939391703, 0.18395454545454804, 0.03406565656565851, 2.6434949494949493, 0.6676868686868693, 0.14988888888888952, 0.16351515151515067, 1.2263636363636385, 2.0235, 0.1362626262626284, 0.49054545454545195, 1.4716363636363614, 0.6131818181818193, 0.5177979797979799, 1.50570202020202, 0.6813131313131306, 0.2657121212121205, 0.25208585858585936, 0.061318181818180786, 1.0424090909090904, 0.7153787878787891, 0.47691919191919085, 1.130979797979799, 0.24527272727272884, 0.5041717171717187, 1.130979797979799, 1.5670202020202009, 0.8516414141414118, 0.23164646464646202, 0.4224141414141406, 1.0424090909090904, 0.17032828282828125, 2.0371262626262667, 2.6094292929292973, 1.9417424242424275, 2.166575757575759, 1.532954545454548, 0.44966666666666855, 0.37472222222222096, 0.906146464646462, 1.1514191919191907, 0.3338434343434376, 0.23164646464646202, 1.2127373737373717, 1.9417424242424275, 0.4360404040404074, 0.41560101010101, 0.3815353535353515, 0.25208585858585936, 0.27933838383838167, 1.5738333333333314, 0.6676868686868693, 0.06813131313131135, 1.062848484848482, 1.9349292929292912, 0.07494444444444759, 0.08857070707070873, 1.6828434343434375, 1.219550505050508, 0.08175757575757815, 0.4019747474747489, 0.5450505050505021, 1.158232323232327, 1.3830656565656587, 0.5927424242424275, 1.8054797979797992, 1.2263636363636385, 1.880424242424241, 0.11582323232323101, 0.24527272727272884, 0.5177979797979799, 0.93339898989899, 1.3558131313131307, 6.349838383838387, 0.8380151515151506, 0.36790909090909035, 0.6881262626262611, 0.47691919191919085, 0.8448282828282869, 0.6813131313131306, 0.43604040404040173, 0.21802020202020087, 2.7320656565656583, 0.3202171717171707, 0.3951616161616183, 0.858454545454548, 0.34746969696969865, 0.30659090909090964, 0.11582323232323101, 0.29977777777777903, 0.790323232323231, 1.5738333333333314, 0.5382373737373716, 0.47691919191919085, 0.27933838383838167, 0.558676767676769, 1.0492222222222265, 2.4799797979797993, 0.7766969696969698, 1.2944949494949496, 0.2861515151515179, 0.6813131313131306, 0.12263636363636157, 0.061318181818180786, 0.8788939393939397, 0.6608737373737388, 0.5177979797979799, 0.9879040404040402, 1.6760303030303012, 1.8940505050505079, 1.7100959595959597, 2.037126262626261, 1.165045454545452, 0.7698838383838392, 0.5654898989898995, 0.4019747474747489, 0.947025252525251, 0.9538383838383874, 0.8448282828282812, 0.013626262626261135, 0.20439393939393974, 0.8516414141414175, 1.0015303030303013, 0.7562575757575781, 1.1446060606060602, 0.5246111111111105, 1.7714141414141407, 0.6540606060606082, 0.4292272727272712, 0.054505050505050216, 0.3202171717171707, 0.5246111111111105, 1.907676767676769, 1.09010101010101, 1.0696616161616184, 1.09010101010101, 0.03406565656565851, 0.3134040404040402, 0.5041717171717187, 0.29977777777777903, 3.1136010101010156, 0.5382373737373772, 0.30659090909090964, 0.5041717171717187, 0.013626262626261135, 2.091631313131317, 0.03406565656565851, 0.8925202020202009, 0.6472474747474721, 0.8788939393939397, 1.3081212121212107, 0.07494444444444759, 0.4428535353535323, 0.10901010101010043, 0.35428282828282925, 0.0068131313131305675, 1.062848484848482, 0.3610959595959598, 0.5995555555555524, 0.02725252525252227, 2.8819545454545477, 0.974277777777779, 0.5995555555555524, 0.585929292929297, 1.3013080808080801, 1.7237222222222208, 1.165045454545452, 0.3815353535353515, 1.975808080808086, 1.1377929292929296, 0.9265858585858594, 0.44966666666666855, 0.5518636363636384, 1.648777777777779, 0.6404343434343472, 1.7986666666666686, 0.08857070707070873, 0.16351515151515067, 1.3694393939393918, 0.3610959595959598, 0.2861515151515122, 0.3610959595959598, 1.975808080808086, 0.0068131313131305675, 0.7698838383838392, 0.7085656565656585, 1.1991111111111106, 0.8039494949494921, 2.050752525252528, 0.14307575757575894, 1.5533939393939395, 0.08857070707070873, 0.24527272727272884, 1.5738333333333314, 0.8925202020202009, 0.4019747474747489, 0.947025252525251, 0.2112070707070703, 1.076474747474749, 0.41560101010101, 0.8857070707070703, 0.6268080808080804, 1.3966919191919196, 1.1718585858585882, 0.8788939393939397, 0.742631313131317, 0.19076767676767858, 1.7577878787878793, 0.6472474747474721, 0.44966666666666855, 0.9947171717171708, 3.0045909090909095, 0.12263636363636157, 1.09010101010101, 1.8872373737373715, 0.4019747474747489, 0.9879040404040402, 0.18395454545454804, 1.689656565656568, 0.947025252525251, 3.2294242424242467, 0.7630707070707087, 0.7494444444444476, 0.20439393939393974, 0.6336212121212109, 0.5654898989898995, 1.130979797979799, 1.076474747474749, 1.7441616161616182, 1.015156565656568, 0.14307575757575894, 0.83120202020202, 0.2248333333333371, 0.5654898989898995, 0.6676868686868693, 3.3043686868686883, 2.0166868686868695, 1.5602070707070703, 1.1377929292929296, 1.1037272727272769, 0.6949393939393973, 0.32703030303030134, 2.193828282828281, 1.0287828282828293, 0.7630707070707087, 1.1786717171717187, 1.8191060606060603, 0.5450505050505021, 0.03406565656565851, 0.25208585858585936, 1.6419646464646485, 0.9265858585858594, 0.43604040404040173, 0.558676767676769, 0.29977777777777903, 1.5602070707070703, 1.2672424242424218, 1.519328282828281, 1.205924242424247, 0.9129595959595982, 0.047691919191919646, 0.8448282828282812, 0.5995555555555581, 1.8531717171717188, 0.10219696969696987, 0.8993333333333371, 0.5518636363636384, 1.4511969696969698, 1.532954545454548, 0.3815353535353515, 0.25208585858585936, 1.9689949494949497, 0.8380151515151506, 3.0727222222222266, 0.02725252525252227, 0.2793383838383873, 1.1446060606060602, 0.020439393939391703, 1.2808686868686887, 1.0355959595959598, 0.12263636363636157, 0.5995555555555581, 0.6608737373737388, 0.7971363636363672, 0.11582323232323101, 0.1294494949494978, 1.2059242424242411, 1.6147121212121205, 0.3883484848484878, 0.35428282828282925, 1.1582323232323213, 1.934929292929297, 0.4837323232323214, 2.309651515151518, 1.66240404040404, 0.6199949494949498, 0.5109848484848494, 0.1567020202020201, 0.27252525252525106, 5.450505050505055, 1.50570202020202, 0.6881262626262667, 0.2929646464646485, 1.6147121212121205, 0.27933838383838167, 0.34746969696969865, 0.49054545454545195, 1.2127373737373774, 0.6881262626262667, 0.790323232323231, 0.1362626262626284, 0.49054545454545767, 0.6881262626262667, 0.2248333333333371, 0.29977777777777903, 0.7017525252525278, 0.7562575757575781, 0.4632929292929297, 0.18395454545454804, 0.8857070707070703, 1.1105404040404017, 0.8107626262626284, 0.5109848484848494, 0.1294494949494978, 0.027252525252527946, 0.1567020202020201, 0.7426313131313113, 0.8720808080808091, 0.790323232323231, 0.6472474747474721, 0.6881262626262667, 0.0068131313131305675, 1.7509747474747488, 0.6336212121212109, 0.06813131313131135, 0.44966666666666855, 0.020439393939397376, 0.7835101010101004, 1.3081212121212107, 0.30659090909090964, 1.19229797979798, 0.34746969696969865, 0.10219696969696987, 0.7153787878787891, 1.219550505050508, 1.5397676767676785, 0.47010606060606025, 2.3777828282828293, 0.2861515151515179, 0.19076767676767858, 1.8327323232323272, 0.6336212121212109, 0.7835101010101004, 0.83120202020202, 0.6745000000000001, 0.18395454545454237, 4.517106060606066, 0.17032828282828125, 0.4632929292929297, 0.27252525252525106, 0.7017525252525278, 1.4580101010101003, 0.17032828282828125, 0.9129595959595982, 0.14988888888888952, 0.09538383838383929, 0.5382373737373772, 1.2399898989898996, 0.6540606060606082, 0.2929646464646485, 1.0287828282828293, 0.6949393939393973, 1.233176767676769, 4.585237373737377, 0.8857070707070703, 0.4837323232323214, 0.12263636363636157, 0.1294494949494978, 1.2944949494949496, 1.1446060606060602, 1.0083434343434374, 0.8652676767676786, 2.296025252525257, 0.34746969696969865, 0.585929292929297, 3.120414141414146, 0.6336212121212109, 0.5450505050505079, 0.25889898989898996, 0.6199949494949498, 0.35428282828282925, 1.1991111111111106, 0.790323232323231, 5.559515151515156, 0.047691919191919646, 3.869858585858588, 1.2059242424242411, 0.013626262626261135, 0.9947171717171708, 0.5041717171717187, 0.10901010101010043, 0.07494444444444759, 0.27252525252525106, 0.09538383838383929, 0.5927424242424219, 1.1650454545454576, 0.4564797979797991, 0.3134040404040402, 1.0560353535353573, 0.18395454545454237, 0.9538383838383874, 1.3353737373737387, 0.6131818181818193, 0.12263636363636157, 0.8107626262626284, 0.9606515151515179, 1.0355959595959598, 0.3815353535353515, 0.974277777777779, 0.25889898989898996, 0.7562575757575781, 0.4087878787878795, 0.5109848484848494, 0.6676868686868693, 1.5261414141414118, 0.6131818181818193, 1.86679797979798, 0.8788939393939397, 1.389878787878789, 0.8857070707070703, 0.25208585858585936, 0.17032828282828125, 1.0015303030303013, 1.158232323232327, 1.0015303030303013, 2.9432727272727286, 8.604984848484856, 1.519328282828281, 0.4428535353535323, 0.0, 0.11582323232323101, 1.8327323232323214, 1.5125151515151505, 1.09010101010101, 0.21802020202020087, 0.47010606060606025, 0.9197727272727289, 1.50570202020202, 0.7698838383838392, 2.466353535353538, 2.9364595959595983, 1.2263636363636385, 2.0439393939393975, 1.1786717171717187, 0.17032828282828125, 0.83120202020202, 0.3202171717171707, 0.35428282828282925, 0.07494444444444759, 0.6336212121212109, 0.906146464646462, 4.7555656565656585, 0.4564797979797991, 0.3951616161616183, 0.8720808080808091, 1.4239444444444418, 0.2112070707070703, 2.0166868686868695, 0.0068131313131305675, 1.3626262626262666, 1.4852626262626283, 0.9129595959595982, 0.22483333333333144, 0.3134040404040402, 2.18020202020202, 9.885853535353544, 0.9061464646464676, 0.5177979797979799, 1.2876818181818193, 0.37472222222222096, 0.0068131313131305675, 1.3149343434343412, 0.7426313131313113, 1.0696616161616184, 0.040878787878789076, 0.03406565656565851, 1.0560353535353573, 0.9129595959595982, 12.28407575757577, 3.6859040404040457, 1.6147121212121205, 0.16351515151515067, 1.4852626262626283, 1.1377929292929296, 0.061318181818180786, 0.531424242424241, 1.8872373737373715, 1.1514191919191965, 1.1854848484848495, 0.19076767676767858, 0.5927424242424275, 1.7373484848484877, 1.0696616161616184, 0.36790909090909035, 0.23164646464646768, 0.3406565656565681, 0.9061464646464676, 0.5723030303030301, 0.5041717171717187, 1.1991111111111106, 0.7290050505050502, 0.3338434343434376, 1.3830656565656587, 1.7100959595959597, 0.03406565656565851, 0.9265858585858594, 0.02725252525252227, 0.44966666666666855, 0.054505050505050216, 0.37472222222222096, 0.19758080808080916, 0.817575757575759, 1.5125151515151563, 0.5518636363636384, 0.34746969696969304, 0.947025252525251, 0.3406565656565625, 0.41560101010101, 0.49054545454545195, 2.132510101010106, 0.23845959595959257, 0.9674646464646428, 0.7562575757575725, 1.2740555555555524, 0.3202171717171707, 0.047691919191919646, 1.6555909090909096, 0.6949393939393916, 0.6336212121212109, 0.93339898989899, 0.36790909090909035, 1.8736111111111104, 1.2876818181818193, 0.8788939393939397, 0.9470252525252568, 0.6745000000000001, 0.08175757575757249, 1.389878787878789, 0.7290050505050502, 0.08175757575757249, 2.275585858585865, 0.39516161616161266, 0.9810909090909096, 0.061318181818180786, 0.558676767676769, 1.478449494949492, 1.3013080808080801, 1.042409090909096, 0.09538383838383929, 0.7835101010101004, 1.3013080808080801, 1.7509747474747488, 0.21802020202020087, 1.1650454545454576, 1.6215252525252568, 0.742631313131317, 0.1567020202020201, 0.5382373737373716, 1.4239444444444476, 0.35428282828282925, 0.6199949494949498, 1.062848484848482, 1.894050505050502, 0.03406565656565851, 1.19229797979798, 0.9470252525252568, 1.0560353535353515, 0.12944949494949212, 0.9129595959595982, 0.47010606060606025, 0.18395454545454804, 0.6404343434343414, 0.4360404040404074, 0.4087878787878795, 1.0015303030303069, 0.39516161616161266, 0.5518636363636328, 0.4564797979797991, 0.6472474747474721, 0.5041717171717187, 0.25889898989898996, 1.1718585858585882, 0.17714141414141746, 0.93339898989899, 1.3353737373737387, 0.06813131313131703, 1.676030303030307, 0.3338434343434376, 1.7714141414141462, 0.25208585858585936, 0.8993333333333371, 2.3028383838383872, 0.020439393939391703, 0.4224141414141406, 1.6078989898989955, 1.7100959595959655, 1.2672424242424218, 0.7153787878787891, 2.43910101010101, 1.2672424242424218, 0.8652676767676786, 1.0560353535353515, 0.4087878787878795, 0.2861515151515122, 1.0560353535353515, 0.9129595959595982, 1.144606060606066, 0.531424242424241, 0.9129595959595982, 1.219550505050508, 1.3217474747474722, 0.10901010101010043, 0.5518636363636384, 0.08857070707070307, 0.27252525252525106, 2.9296464646464675, 0.5518636363636384, 0.531424242424241, 0.6063686868686887, 0.29977777777777337, 1.19229797979798, 0.07494444444444759, 0.11582323232323101, 1.5397676767676785, 1.0083434343434319, 2.0575656565656586, 2.152949494949498, 0.7562575757575725, 0.2657121212121205, 0.4973585858585882, 0.39516161616161266, 1.3217474747474776, 0.9606515151515123, 0.83120202020202, 0.2248333333333371, 0.23164646464646202, 0.39516161616161266, 0.7358181818181864, 0.034065656565652844, 0.5995555555555524, 0.034065656565652844, 0.83120202020202, 0.6472474747474778, 0.3202171717171707, 0.14988888888888952, 0.42922727272727684, 1.9281161616161606, 1.4035050505050557, 0.6472474747474778, 0.6745000000000001, 0.38834848484848206, 1.9281161616161664, 0.9606515151515123, 0.49735858585858256, 0.5654898989898995, 0.6608737373737388, 0.29296464646464276, 1.66240404040404, 0.6676868686868693, 0.790323232323231, 1.6624040404040459, 0.6472474747474778, 0.17714141414141746, 0.4769191919191965, 1.042409090909096, 0.23164646464646768, 1.996247474747472, 0.6063686868686887, 0.6676868686868693, 1.4580101010101003, 0.11582323232323101, 1.0969141414141406, 1.3353737373737387, 0.054505050505050216, 0.2657121212121205, 3.972055555555558, 0.7835101010101061, 3.713156565656568, 0.1362626262626227, 0.5791161616161606, 0.25889898989898996, 0.27252525252525106, 1.0083434343434319, 0.5927424242424275, 0.7290050505050502, 0.8993333333333314, 0.6199949494949498, 1.0219696969696987, 1.0969141414141463, 0.36790909090909035, 4.026560606060608, 0.9606515151515123, 0.763070707070703, 0.4837323232323214, 0.6199949494949498, 0.6540606060606027, 1.7032828282828292, 1.233176767676769, 1.0832878787878795, 0.12263636363636723, 0.885707070707076, 1.3149343434343412, 1.2740555555555524, 0.5723030303030301, 1.0083434343434319, 1.1037272727272711, 0.7290050505050502, 0.10219696969696987, 0.34746969696969865, 0.8652676767676786, 1.19229797979798, 0.08175757575757815, 0.858454545454548, 0.8243888888888895, 0.4360404040404074, 0.7494444444444476, 0.4564797979797991, 0.0068131313131305675, 0.42922727272727684, 0.0068131313131305675, 0.6676868686868693, 1.7782272727272768, 0.2112070707070703, 0.9879040404040459, 0.6336212121212109, 0.3202171717171707, 1.9621818181818191, 1.165045454545452, 0.42922727272727684, 2.4527272727272713, 0.30659090909090964, 0.06813131313131703, 0.10901010101010043, 0.01362626262626681, 0.027252525252527946, 0.36790909090909035, 1.4511969696969698, 1.5533939393939395, 0.3202171717171764, 0.1567020202020201, 0.10901010101010043, 0.0068131313131305675, 0.11582323232323669, 0.7698838383838392, 0.9947171717171708, 0.7562575757575725, 1.0219696969696987, 0.7290050505050502, 0.7290050505050502, 0.6949393939393916, 1.3966919191919196, 0.3815353535353515, 0.14307575757575328, 1.1241666666666685, 0.34746969696969304, 0.974277777777779, 0.4224141414141406, 0.29977777777777337, 1.2740555555555524, 0.6745000000000001, 0.7766969696969698, 1.3081212121212165, 0.37472222222222096, 0.14307575757575328, 0.04087878787878341, 0.5246111111111161, 0.0068131313131305675, 0.742631313131317, 0.4224141414141406, 0.054505050505050216, 1.1718585858585882, 0.6949393939393916, 1.5533939393939395, 0.2861515151515122, 0.14307575757575894, 0.061318181818180786, 0.22483333333333144, 0.2248333333333371, 0.6268080808080859, 0.4973585858585882, 1.246803030303036, 0.3610959595959598, 1.5942727272727288, 1.328560606060608, 0.7358181818181807, 0.9538383838383874, 0.7698838383838392, 1.8667979797979857, 1.0015303030303013, 0.10219696969696987, 2.3028383838383872, 0.7971363636363672, 1.907676767676769, 3.140853535353538, 0.17032828282828125, 0.034065656565652844, 1.4103181818181862, 4.56479797979798, 0.19076767676767858, 0.585929292929297, 2.4799797979797993, 0.48373232323232707, 0.2112070707070703, 0.17032828282828125, 0.6881262626262667, 0.1362626262626284, 1.635151515151518, 0.8380151515151563, 0.7358181818181864, 1.0969141414141463, 1.130979797979799, 0.3134040404040402, 0.20439393939393974, 0.606368686868683, 0.8039494949494977, 0.23164646464646202, 0.6472474747474721, 1.1037272727272711, 0.558676767676769, 0.4632929292929297, 0.47691919191919085, 1.3966919191919196, 0.18395454545454237, 0.6131818181818193, 0.41560101010101, 0.3338434343434319, 0.23845959595959257, 0.2112070707070703, 0.9265858585858594, 1.7237222222222266, 1.1241666666666685, 0.5791161616161606, 1.4920757575757588, 0.93339898989899, 0.3202171717171707, 0.3406565656565625, 1.117353535353538, 0.4837323232323214, 0.0068131313131305675, 1.1241666666666628, 0.16351515151515067, 0.5109848484848494, 0.8993333333333371, 0.48373232323232707, 0.41560101010101, 0.9879040404040402, 0.49054545454545195, 2.7252525252525275, 0.47010606060606025, 0.23845959595959826, 2.6639343434343474, 1.4580101010101003, 0.531424242424241, 1.8736111111111162, 0.19758080808080347, 0.2657121212121205, 0.442853535353538, 0.061318181818180786, 0.5109848484848494, 1.2672424242424276, 0.790323232323231, 0.817575757575759, 1.8940505050505079, 1.0696616161616126, 0.3406565656565625, 0.1294494949494978, 0.7153787878787891, 1.6828434343434375, 0.7903232323232366, 0.7358181818181864, 0.37472222222222096, 1.5670202020202009, 1.2195505050505022, 1.328560606060608, 0.5791161616161606, 2.6298686868686882, 0.885707070707076, 1.6283383838383874, 0.6745000000000001, 0.9674646464646428, 0.08175757575757249, 0.7358181818181864, 0.7698838383838392, 0.32703030303030695, 0.5654898989898995, 0.14988888888888952, 0.17032828282828688, 0.8107626262626226, 0.6131818181818193, 1.7509747474747488, 0.3406565656565625, 1.1377929292929296, 0.9129595959595925, 0.6199949494949498, 0.24527272727272315, 1.8191060606060603, 0.906146464646462, 0.606368686868683, 0.5450505050505079, 0.885707070707076, 1.3285606060606028, 0.6199949494949498, 1.0015303030303069, 0.93339898989899, 0.531424242424241, 0.2657121212121205, 0.17714141414141746, 0.39516161616161266, 0.8243888888888895, 2.064378787878789, 0.29296464646464276, 1.8463585858585883, 0.7766969696969698, 0.9674646464646485, 1.1514191919191907, 0.47691919191919085, 0.24527272727272315, 0.2861515151515122, 0.29977777777777337, 0.4973585858585882, 0.5723030303030301, 0.5382373737373716, 2.8138232323232306, 0.27933838383838167, 0.9129595959595982, 0.0, 0.09538383838383929, 1.2536161616161607, 0.19076767676767295, 0.3951616161616183, 0.585929292929297, 0.4564797979797991, 0.6676868686868693, 0.29977777777777903, 0.9947171717171764, 1.1650454545454576, 0.29977777777777337, 1.8395454545454577, 1.2876818181818193, 2.4322878787878794, 0.20439393939393974, 0.5109848484848494, 1.5193282828282868, 1.7577878787878793, 2.0711919191919255, 0.8039494949494921, 1.8463585858585883, 2.350530303030307, 1.0219696969696987, 0.03406565656565851, 0.0, 0.47010606060606025, 1.2740555555555524, 0.5791161616161664, 0.0, 0.6813131313131306, 0.5382373737373772, 0.41560101010101, 0.5518636363636384, 1.3285606060606028, 1.8327323232323272, 0.040878787878789076, 0.6813131313131362, 1.9758080808080805, 0.3610959595959598, 0.2657121212121205, 1.3217474747474776, 0.9402121212121205, 1.5125151515151563, 0.8720808080808091, 0.4087878787878795, 2.0166868686868695, 0.047691919191919646, 0.37472222222222096, 0.35428282828282925, 0.4632929292929297, 1.2672424242424276, 0.24527272727272884, 0.17714141414141746, 0.6404343434343472, 1.5806464646464675, 0.9810909090909096, 1.7100959595959597, 1.1991111111111161, 1.8804242424242468, 0.047691919191919646, 0.9606515151515179, 1.5057020202020257, 0.1294494949494978, 0.2929646464646485, 0.4360404040404074, 0.49735858585858256, 0.9674646464646485, 0.09538383838383929, 0.7017525252525222, 0.23845959595959826, 0.23845959595959257, 1.3626262626262613, 1.2740555555555582, 1.0969141414141463, 0.9879040404040402, 0.1362626262626284, 0.5041717171717187, 1.2263636363636328, 0.21802020202020655, 2.9228333333333314, 0.5246111111111105, 0.41560101010101, 0.8107626262626226, 0.5995555555555581, 0.5654898989898995, 0.5927424242424219, 0.16351515151515067, 0.12944949494949212, 0.6199949494949498, 0.06813131313131135, 1.2740555555555582, 1.1991111111111161, 1.19229797979798, 0.06813131313131703, 0.39516161616161266, 2.2483333333333313, 0.8039494949494921, 1.4988888888888894, 1.076474747474749, 0.41560101010101, 0.6268080808080859, 1.478449494949492, 0.49054545454545767, 9.081904040404046, 1.573833333333337, 0.1362626262626227, 0.6540606060606082, 5.743469696969698, 0.8925202020202065, 0.5723030303030301, 1.5261414141414174, 0.11582323232323669, 0.9879040404040459, 0.25889898989898996, 1.6692171717171707, 0.49054545454545195, 11.548257575757583, 0.040878787878789076, 0.47010606060606025, 0.5041717171717187, 1.0492222222222265, 0.18395454545454237, 0.7835101010101004, 0.5450505050505021, 1.573833333333337, 0.10219696969696987, 0.27933838383838167, 2.0848181818181866, 4.5102929292929295, 0.8720808080808091, 0.9061464646464676, 1.0355959595959598, 0.7698838383838392, 0.3815353535353515, 0.08857070707070307, 0.8720808080808091, 0.027252525252527946, 0.6131818181818193, 0.504171717171713, 0.5927424242424275, 0.5927424242424219, 0.6949393939393916, 0.12944949494949212, 1.4035050505050501, 0.7290050505050502, 0.5177979797979799, 0.5859292929292913, 0.8380151515151563, 3.6995303030303015, 0.6881262626262667, 1.6419646464646485, 1.5329545454545423, 1.09010101010101, 0.7290050505050502, 0.25208585858585936, 0.5791161616161664, 0.35428282828282925, 0.6745000000000001, 0.44966666666666855, 0.9129595959595982, 1.0492222222222265, 4.292272727272729, 5.879732323232327, 1.5397676767676785, 0.3406565656565625, 3.883484848484849, 0.5518636363636328, 0.43604040404040173, 0.8652676767676729, 5.1575404040404065, 0.19758080808080916, 4.57161111111111, 0.5927424242424275, 0.20439393939393974, 1.062848484848482, 0.4973585858585882, 0.9810909090909096, 1.1991111111111161, 2.0439393939393917, 1.2944949494949496, 0.8788939393939397, 0.14307575757575328, 1.4648232323232366, 1.2399898989898996, 0.3134040404040402, 4.1219444444444475, 3.0182171717171706, 1.1582323232323213, 0.4564797979797991, 0.8243888888888895, 0.09538383838383929, 0.7017525252525278, 1.5942727272727288, 0.5109848484848494, 3.331621212121211, 0.4087878787878795, 0.35428282828282925, 1.50570202020202, 0.1567020202020201, 0.9402121212121262, 0.2112070707070703, 0.8652676767676729, 0.93339898989899, 0.11582323232323669, 0.0068131313131305675, 0.2725252525252568, 1.3966919191919196, 0.22483333333333144, 4.51710606060606, 1.3626262626262613, 2.030313131313136, 0.9538383838383874, 3.863045454545458, 0.742631313131317, 4.782818181818187, 1.1037272727272769, 0.6131818181818193, 4.857762626262629, 0.19758080808080347, 1.6624040404040459, 0.4019747474747489, 2.037126262626261, 0.5314242424242467, 0.6063686868686887, 0.6472474747474721, 1.6010858585858594, 0.2929646464646485, 0.4019747474747489, 0.3610959595959598, 1.4443838383838392, 0.5995555555555524, 4.850949494949498, 2.5344848484848495, 1.7714141414141462, 1.4784494949494977, 0.9265858585858594, 0.4769191919191965, 0.1635151515151563, 0.9265858585858594, 0.34746969696969865, 0.7358181818181807, 0.6199949494949498, 0.013626262626261135, 0.4019747474747432, 0.03406565656565851, 4.128757575757578, 1.1786717171717187, 1.8259191919191908, 2.5140454545454523, 0.4564797979797991, 0.504171717171713, 1.1991111111111161, 0.6813131313131362, 0.5927424242424275, 0.7426313131313113, 0.22483333333333144, 0.8925202020202009, 0.35428282828282925, 1.941742424242422, 0.1567020202020201, 0.4224141414141406, 2.500419191919191, 0.5791161616161606, 2.0575656565656586, 0.6676868686868693, 0.30659090909090964, 0.08857070707070873, 0.47691919191919085, 1.614712121212126, 0.29977777777777337, 1.0628484848484878, 0.49054545454545767, 0.4224141414141463, 0.4564797979797991, 0.17032828282828688, 0.21802020202020655, 1.0355959595959598, 0.4087878787878795, 0.5654898989898995, 0.36790909090909035, 1.3966919191919196, 0.9129595959595925, 1.7373484848484877, 1.1241666666666685, 0.03406565656565851, 1.9213030303030358, 0.7698838383838392, 1.3490000000000055, 1.3558131313131307, 0.09538383838383929, 1.0355959595959598, 0.742631313131317, 0.9674646464646485, 0.02725252525252227, 0.3202171717171707, 0.4564797979797991, 1.2672424242424276, 0.7835101010101004, 0.6540606060606082, 1.6896565656565623, 1.92130303030303, 2.0575656565656586, 0.5382373737373716, 0.7358181818181807, 0.4564797979797991, 0.6676868686868693, 0.0068131313131305675, 0.0068131313131305675, 0.6676868686868693, 0.6472474747474721, 0.23845959595959826, 1.1854848484848495, 0.9538383838383817, 0.040878787878789076, 0.12263636363636157, 0.20439393939393974, 1.0424090909090904, 0.4428535353535323, 0.9810909090909096, 0.12263636363636157, 0.49735858585858256, 1.19229797979798, 0.3134040404040402, 2.030313131313136, 0.442853535353538, 0.054505050505050216, 0.7221919191919196, 0.16351515151515067, 0.7017525252525222, 2.9977777777777788, 0.6063686868686887, 1.2536161616161665, 0.27252525252525106, 0.054505050505050216, 0.790323232323231, 0.3747222222222266, 3.713156565656568, 0.08175757575757815, 0.23164646464646768, 0.23845959595959826, 0.4224141414141406, 3.903924242424241, 0.6608737373737332, 0.061318181818180786, 0.6608737373737388, 0.29977777777777903, 0.12263636363636157, 2.7116262626262664, 1.4511969696969755, 0.8857070707070703, 0.3406565656565625, 0.6608737373737332, 1.3762525252525277, 0.39516161616161266, 0.11582323232323669, 0.4564797979797991, 0.3951616161616183, 0.8039494949494977, 0.37472222222222096, 0.12263636363636157, 0.7971363636363672, 2.0235, 0.013626262626261135, 1.233176767676769, 3.2157979797979857, 0.5995555555555524, 0.44966666666666855, 0.558676767676769, 1.0219696969696987, 0.585929292929297, 1.8054797979797992, 0.6745000000000001, 0.585929292929297, 0.25889898989898996, 1.3626262626262666, 0.24527272727272315, 0.38153535353535717, 0.5177979797979799, 0.606368686868683, 0.08857070707070873, 0.08857070707070307, 0.35428282828282925, 0.12944949494949212, 0.47691919191919085, 0.1567020202020201, 1.3353737373737387, 0.36790909090909035, 0.20439393939393974, 1.1854848484848495, 0.9129595959595982, 0.2861515151515179, 0.020439393939397376, 1.205924242424247, 1.3558131313131307, 1.5738333333333314, 0.22483333333333144, 0.8448282828282812, 0.02725252525252227, 0.6881262626262667, 0.34746969696969304, 1.260429292929297, 0.12944949494949212, 2.527671717171719, 1.0083434343434374, 0.3406565656565681, 1.3353737373737387, 0.034065656565652844, 2.12569696969697, 1.389878787878789, 0.585929292929297, 0.37472222222222096, 0.7698838383838392, 1.2944949494949496, 1.7850404040404073, 1.5738333333333314, 0.27252525252525106, 1.6010858585858594, 1.4716363636363614, 0.06813131313131135, 0.2657121212121205, 1.4852626262626225, 0.5450505050505021, 0.8380151515151563, 0.3951616161616183, 0.12263636363636723, 0.34746969696969865, 0.5927424242424275, 0.9947171717171708, 0.12263636363636157, 0.10219696969696987, 0.763070707070703, 0.10901010101010043, 0.2112070707070703, 1.3694393939393972, 0.32703030303030134, 1.3353737373737387, 1.4103181818181807, 0.17714141414141746, 1.8940505050505079, 0.2793383838383873, 0.4564797979797991, 0.7562575757575725, 0.25889898989898996, 6.479287878787879, 0.32703030303030134, 0.6268080808080804, 1.4375707070707087, 2.364156565656568, 0.11582323232323101, 1.8463585858585883, 0.034065656565652844, 0.7630707070707087, 0.3134040404040402, 1.4988888888888894, 0.6472474747474721, 0.8243888888888895, 1.0560353535353515, 0.5518636363636328, 2.0439393939393975, 0.7153787878787891, 1.117353535353538, 2.330090909090915, 0.6881262626262611, 2.8887676767676784, 0.2861515151515122, 3.869858585858588, 0.5995555555555524, 0.35428282828282925, 0.19076767676767858, 1.7782272727272768, 0.19758080808080347, 0.6608737373737388, 0.3815353535353515, 1.355813131313136, 0.8039494949494977, 0.6745000000000001, 0.37472222222222096, 0.885707070707076, 0.25889898989898996, 0.41560101010101, 0.442853535353538, 0.44966666666666855, 0.23164646464646768, 0.974277777777779, 1.5602070707070759, 0.8380151515151506, 3.5019494949494976, 0.47010606060606025, 0.7358181818181807, 1.0969141414141463, 0.5177979797979799, 0.5927424242424275, 0.5041717171717187, 0.06131818181818646, 0.09538383838383929, 0.22483333333333144, 1.6624040404040459, 0.17714141414141746, 0.20439393939393974, 0.7766969696969698, 1.66240404040404, 0.8380151515151563, 0.2861515151515179, 0.29977777777777903, 0.8788939393939397, 1.2399898989898996, 0.6813131313131362, 0.7971363636363672, 0.2725252525252568, 4.237767676767678, 1.0355959595959598, 0.885707070707076, 1.0015303030303013, 0.4087878787878795, 0.558676767676769, 1.3694393939393972, 1.042409090909096, 0.8652676767676729, 1.0083434343434319, 0.6608737373737332, 1.062848484848482, 3.4678838383838393, 0.034065656565652844, 0.8516414141414175, 0.906146464646462, 0.3202171717171707, 0.4496666666666629, 0.32703030303030134, 0.37472222222222096, 0.8380151515151506, 0.5995555555555524, 2.0371262626262667, 1.3217474747474776, 0.0, 1.6624040404040459, 0.7153787878787891, 1.233176767676769, 0.17714141414141746, 0.3406565656565625, 0.5177979797979799, 6.772252525252528, 0.42922727272727684, 0.8380151515151506, 0.27252525252525106, 2.105257575757578, 1.219550505050508, 1.1241666666666628, 1.9281161616161664, 1.158232323232327, 0.9879040404040402, 0.9674646464646485, 0.3202171717171707, 1.6624040404040459, 1.8736111111111162, 0.5518636363636328, 0.38834848484848206, 0.23845959595959826, 0.7085656565656527, 2.0575656565656586, 0.7766969696969698, 1.9621818181818191, 0.38153535353535717, 0.83120202020202, 0.4564797979797991, 0.08857070707070307, 1.7100959595959655, 0.2929646464646485, 0.8788939393939397, 1.5533939393939395, 2.8001969696969753, 0.14307575757575328, 1.66240404040404, 0.5450505050505021, 1.205924242424247, 0.37472222222222096, 0.5246111111111161, 0.8380151515151563, 0.8107626262626284, 11.282545454545463, 2.200641414141412, 1.1377929292929296, 0.21802020202020087, 1.9281161616161664, 1.0696616161616184, 1.6419646464646485, 0.35428282828282925, 1.4784494949494977, 0.5314242424242467, 0.12263636363636157, 0.27252525252525106, 0.7358181818181807, 0.6268080808080804, 1.2468030303030302, 3.256676767676769, 0.6745000000000001, 1.4103181818181862, 0.9606515151515123, 1.573833333333337, 0.040878787878789076, 1.2740555555555582, 1.09010101010101, 0.7698838383838392, 1.5670202020202064, 0.9129595959595982, 0.14307575757575894, 1.0696616161616126, 0.974277777777779, 0.10219696969696987, 1.0355959595959598, 0.7085656565656527, 2.2226380952380946, 0.3404619047619044, 0.8286714285714274, 1.605952380952379, 3.1091238095238065, 0.5331761904761901, 1.9849571428571418, 0.38542857142857145, 0.43039523809523844, 0.8415190476190505, 0.5652952380952394, 2.113433333333334, 0.5010571428571461, 0.25695238095237916, 0.8350952380952363, 0.411123809523812, 0.44324285714285605, 1.3168809523809506, 0.5909904761904747, 0.15417142857142752, 0.16059523809523632, 1.4903238095238098, 0.4368190476190473, 1.7601238095238065, 1.3618476190476176, 1.5224428571428592, 0.6488047619047594, 0.17344285714285929, 0.661652380952377, 0.1991380952380945, 0.03854285714285821, 1.5738333333333296, 0.057814285714284645, 1.7601238095238065, 0.353309523809522, 0.7515857142857164, 0.629533333333333, 0.41754761904761545, 0.32761428571428675, 0.7130428571428582, 0.629533333333333, 0.025695238095240592, 0.9571476190476197, 0.2505285714285704, 1.5545619047619033, 0.4496666666666649, 0.5717190476190483, 0.5974142857142836, 0.4625142857142879, 1.9464142857142837, 0.982842857142855, 0.7323142857142846, 1.1113190476190473, 0.2762238095238109, 0.4817857142857143, 0.41112380952380667, 1.2911857142857153, 1.8115142857142823, 1.567409523809521, 1.0278095238095222, 0.16059523809523632, 0.9314523809523793, 0.6231095238095241, 0.057814285714284645, 0.995690476190478, 1.5738333333333352, 1.5609857142857122, 1.4967476190476188, 1.4710523809523781, 0.41754761904762083, 2.2997238095238113, 1.888599999999999, 2.4153523809523803, 1.1691333333333318, 1.7087333333333308, 0.23125714285714394, 1.2012523809523814, 1.4774761904761922, 2.107009523809525, 1.0599285714285716, 1.580257142857144, 2.4089285714285715, 1.6380714285714284, 1.034233333333331, 1.5031714285714275, 0.9699952380952374, 0.23125714285714394, 0.12847619047619224, 1.972109523809524, 1.181980952380955, 0.20556190476190334, 0.051390476190475834, 1.2783380952380925, 0.04496666666666702, 0.1284761904761869, 0.539599999999999, 0.14132380952380985, 0.6166857142857154, 0.22483333333332975, 0.10278095238095167, 0.08350952380952524, 1.0984714285714297, 0.7387380952380935, 1.0470809523809483, 1.349, 1.259066666666666, 0.1798666666666681, 3.128395238095233, 1.0085380952380956, 1.747276190476189, 4.181899999999995, 0.2505285714285704, 0.6937714285714264, 0.1991380952380945, 1.7344285714285714, 0.982842857142855, 1.1562857142857144, 0.17344285714285929, 1.7858190476190472, 0.051390476190475834, 0.3404619047619044, 0.1284761904761869, 2.318995238095237, 1.1819809523809495, 0.9764190476190462, 1.9142952380952394, 1.040657142857145, 0.8286714285714274, 0.1862904761904769, 0.5845666666666659, 0.629533333333333, 0.17344285714285393, 1.3875428571428583, 2.2740285714285706, 1.9849571428571418, 0.366157142857145, 2.1134333333333286, 1.2269476190476165, 0.23768095238095271, 1.3040333333333332, 0.2698000000000021, 0.353309523809522, 1.252642857142857, 1.6252238095238054, 1.7601238095238065, 0.012847619047617621, 0.49463333333333187, 1.7665476190476208, 0.8800619047619033, 0.43039523809523844, 0.0, 0.1862904761904769, 0.17344285714285393, 0.6423809523809506, 1.2205238095238076, 0.706619047619044, 1.0278095238095222, 0.9764190476190462, 0.025695238095240592, 0.19271428571428573, 1.4003904761904757, 0.5074809523809495, 1.2719142857142838, 1.0149619047619043, 0.5203285714285725, 0.5781428571428572, 1.3233047619047595, 1.137014285714288, 0.6809238095238088, 0.8672142857142857, 0.29549523809523737, 0.08350952380952524, 0.2697999999999968, 0.3147666666666638, 1.1819809523809495, 0.25695238095237916, 0.9571476190476197, 0.32119047619047797, 0.0321190476190494, 0.3725809523809538, 0.7901285714285693, 0.8800619047619033, 1.895023809523808, 1.2076761904761901, 0.23768095238095271, 0.5652952380952341, 0.5010571428571408, 1.0278095238095222, 0.012847619047617621, 0.33403809523809563, 0.025695238095235242, 0.8350952380952363, 0.5267523809523813, 0.3725809523809538, 1.0149619047619043, 0.4239714285714296, 0.8736380952380945, 0.30191904761904614, 3.3211095238095187, 2.158400000000001, 1.0149619047619043, 1.4839000000000009, 0.9571476190476197, 1.8243619047619, 0.2505285714285704, 0.2826476190476197, 1.5224428571428592, 1.0278095238095222, 1.393966666666667, 1.3297285714285734, 0.7130428571428582, 0.39185238095238023, 1.9978047619047594, 0.6745, 2.0556190476190492, 1.0213857142857132, 0.9892666666666637, 0.14132380952380985, 0.2633761904761933, 0.3404619047619044, 1.843633333333332, 1.972109523809524, 1.0470809523809483, 0.13490000000000105, 0.7258904761904758, 1.0663523809523803, 0.6102619047619066, 2.518133333333332, 0.802976190476187, 0.8350952380952363, 1.0535047619047626, 0.39185238095238023, 0.8094000000000011, 0.0064238095238088105, 1.1819809523809495, 0.9250285714285703, 0.5717190476190483, 0.5717190476190483, 0.051390476190475834, 0.12847619047619224, 0.719466666666667, 0.01927142857143178, 1.6380714285714284, 0.6038380952380923, 1.6766142857142814, 1.3425761904761913, 0.7901285714285693, 0.21198571428571214, 0.30191904761904614, 0.8800619047619033, 1.034233333333331, 0.7837047619047605, 1.779395238095233, 0.10278095238095167, 0.9057571428571386, 0.4368190476190473, 0.353309523809522, 1.3104571428571419, 0.995690476190478, 0.7515857142857164, 0.2633761904761933, 2.325419047619046, 1.349, 1.0535047619047573, 1.0470809523809537, 0.5267523809523813, 0.3725809523809538, 0.2505285714285704, 2.5823714285714257, 1.1370142857142824, 0.5524476190476219, 0.5010571428571461, 0.6680761904761913, 0.43039523809523844, 0.11562857142856929, 0.19271428571428573, 0.3147666666666692, 1.0663523809523803, 1.0599285714285716, 1.3168809523809506, 1.4325095238095198, 0.5652952380952394, 1.9656857142857154, 0.4625142857142825, 0.23125714285714394, 2.0363476190476173, 0.2633761904761933, 0.1798666666666681, 0.41754761904761545, 0.3404619047619044, 1.5352904761904715, 2.293299999999997, 0.43039523809523844, 1.5995285714285703, 0.9250285714285703, 2.2611809523809527, 0.46893809523809665, 1.7665476190476155, 0.8029761904761923, 2.0363476190476173, 0.5010571428571461, 0.11562857142857463, 0.5203285714285725, 0.6423809523809506, 1.0085380952380956, 0.04496666666666702, 0.6873476190476177, 0.47536190476190543, 1.4196619047619021, 1.0920476190476154, 0.9442999999999968, 1.124166666666665, 1.1370142857142824, 0.19271428571428573, 0.6680761904761913, 0.398276190476189, 1.3811190476190494, 0.8350952380952363, 0.08350952380952524, 1.2269476190476165, 0.6937714285714264, 0.44324285714285605, 0.3404619047619044, 0.5909904761904747, 0.44324285714285605, 0.13490000000000105, 0.9378761904761933, 0.10278095238095167, 3.0384619047619044, 0.025695238095240592, 0.6166857142857154, 0.7323142857142846, 0.30834285714285503, 0.5909904761904747, 0.5524476190476219, 1.072776190476189, 0.025695238095240592, 0.411123809523812, 0.398276190476189, 0.47536190476190543, 0.0642380952380988, 1.5288666666666628, 2.5695238095238073, 0.10920476190476049, 1.6894619047619042, 0.4047000000000032, 0.08993333333333405, 0.6488047619047594, 0.9699952380952374, 1.1884047619047637, 2.871442857142854, 0.06423809523809346, 0.15417142857142752, 0.9635714285714286, 0.366157142857145, 1.4646285714285692, 2.408928571428566, 0.9699952380952374, 0.6423809523809506, 1.355423809523809, 0.0, 1.0535047619047573, 0.539599999999999, 0.796552380952378, 0.7451619047619076, 2.402504761904763, 0.8350952380952363, 1.1819809523809495, 0.6745, 1.3618476190476176, 0.09635714285714286, 1.6380714285714284, 0.36615714285713963, 0.4625142857142825, 1.5417142857142858, 1.3104571428571419, 0.9443000000000021, 0.9121809523809528, 1.779395238095233, 1.1305904761904737, 2.383233333333331, 1.1434380952380914, 0.3404619047619044, 0.5139047619047583, 0.4625142857142825, 1.5160190476190452, 1.5738333333333296, 0.4368190476190473, 0.30191904761904614, 0.6102619047619066, 0.9121809523809528, 1.8050904761904736, 0.6873476190476177, 0.13490000000000105, 1.663766666666664, 0.30191904761904614, 0.8800619047619033, 1.0278095238095222, 1.5609857142857122, 0.30191904761904614, 1.3361523809523825, 0.8607904761904769, 0.2184095238095263, 2.0427714285714265, 0.6745, 0.21198571428571747, 1.1434380952380914, 0.2826476190476197, 0.37258095238094846, 0.43039523809523844, 0.41754761904761545, 2.698, 0.5652952380952341, 1.4196619047619021, 0.20556190476190334, 1.5160190476190452, 0.2633761904761933, 0.17344285714285393, 0.8993333333333351, 0.2505285714285704, 1.438933333333334, 0.4882095238095231, 0.17344285714285929, 0.5139047619047583, 0.937876190476188, 1.5417142857142858, 0.24410476190476155, 0.9443000000000021, 0.5267523809523813, 0.012847619047617621, 1.3618476190476176, 0.8158238095238098, 1.9913809523809505, 0.6038380952380923, 0.6552285714285735, 0.982842857142855, 0.49463333333333187, 1.4838999999999958, 0.9507238095238055, 0.5524476190476165, 0.39185238095238023, 1.4838999999999958, 0.9250285714285703, 1.259066666666666, 0.10278095238095167, 1.8693285714285723, 0.09635714285714286, 0.7258904761904758, 0.719466666666667, 0.3147666666666692, 0.7001952380952352, 0.9892666666666637, 1.349, 0.1798666666666681, 0.15417142857142752, 0.6680761904761913, 0.15417142857142752, 0.012847619047617621, 1.5545619047619033, 0.5010571428571461, 0.5652952380952341, 1.2076761904761901, 0.09635714285714286, 1.0920476190476154, 0.37258095238094846, 0.057814285714284645, 0.719466666666667, 0.9635714285714286, 0.16701904761904512, 0.49463333333333187, 0.2248333333333351, 1.5545619047619033, 0.4625142857142879, 1.137014285714288, 0.4496666666666649, 0.6038380952380977, 0.398276190476189, 0.2184095238095263, 0.051390476190475834, 0.8864857142857121, 0.16701904761904512, 1.7729714285714242, 1.0920476190476154, 0.14774761904761868, 1.0021142857142868, 2.0813142857142846, 2.184095238095236, 0.4046999999999979, 1.1113190476190473, 1.9913809523809505, 1.4132380952380934, 1.29118571428571, 0.16059523809523632, 2.4795904761904737, 1.3425761904761913, 3.3146857142857096, 1.612376190476188, 0.7580095238095198, 1.252642857142857, 0.5267523809523813, 0.9956904761904727, 1.336152380952377, 0.25695238095237916, 1.5866809523809526, 1.1948285714285725, 0.21198571428571214, 0.14132380952380985, 0.33403809523809563, 0.16701904761905048, 1.5545619047619033, 0.7901285714285693, 2.280452380952379, 0.07708571428571642, 0.9635714285714286, 0.0, 0.7580095238095198, 1.079199999999998, 0.13490000000000105, 0.9250285714285703, 0.11562857142857463, 0.7644333333333341, 0.20556190476190334, 0.3147666666666692, 0.08993333333333405, 0.8607904761904769, 0.11562857142856929, 1.605952380952379, 0.39185238095238023, 1.96568571428571, 0.1220523809523781, 0.5139047619047638, 0.32761428571428675, 0.24410476190476155, 0.6359571428571419, 0.14774761904761868, 0.7387380952380935, 0.36615714285713963, 0.21198571428571214, 0.012847619047617621, 0.16701904761905048, 1.1434380952380914, 0.19271428571428573, 1.0406571428571396, 0.8158238095238098, 0.11562857142856929, 0.15417142857142752, 0.32119047619047797, 0.07066190476190227, 0.7644333333333341, 0.9186047619047615, 0.8736380952380945, 0.2505285714285704, 1.0213857142857132, 0.12205238095238345, 0.2698000000000021, 1.1370142857142824, 0.6359571428571419, 1.612376190476188, 0.8094000000000011, 1.3233047619047595, 3.0448857142857135, 0.32761428571428675, 1.1498619047619, 0.2697999999999968, 2.004228571428568, 0.8607904761904769, 1.2269476190476165, 0.2697999999999968, 0.5139047619047638, 0.5845666666666659, 0.4560904761904737, 1.2719142857142838, 0.09635714285714286, 0.5781428571428572, 0.14774761904761868, 2.267604761904756, 0.6038380952380977, 0.47536190476190543, 1.4517809523809515, 1.6573428571428548, 0.5267523809523813, 1.2654904761904746, 0.11562857142856929, 0.32119047619047264, 2.126280952380952, 0.06423809523809346, 0.07708571428571642, 0.9442999999999968, 1.2076761904761901, 0.7130428571428529, 0.8158238095238098, 0.4625142857142879, 0.5652952380952341, 0.4496666666666649, 0.353309523809522, 0.9186047619047615, 0.20556190476190334, 0.7001952380952352, 1.8243619047619, 0.2890714285714286, 0.6038380952380977, 1.8115142857142823, 0.29549523809523737, 0.10278095238095167, 0.21198571428571747, 1.3104571428571419, 2.254757142857144, 0.4047000000000032, 0.19271428571428573, 1.7922428571428561, 1.137014285714288, 0.6038380952380977, 0.4882095238095231, 0.33403809523809563, 0.22483333333332975, 0.4047000000000032, 0.33403809523809563, 0.15417142857142752, 2.9934952380952375, 2.755814285714284, 0.09635714285714286, 0.5909904761904747, 0.14132380952380985, 0.6231095238095241, 0.5010571428571461, 1.612376190476188, 1.092047619047621, 0.6038380952380923, 1.8564809523809493, 0.706619047619044, 0.41754761904761545, 1.6958857142857133, 0.7580095238095198, 1.978533333333333, 0.38542857142857145, 1.124166666666665, 0.7323142857142846, 0.09635714285714286, 0.2698000000000021, 0.23768095238095271, 1.8629047619047636, 0.15417142857142752, 0.9571476190476197, 0.3468857142857132, 2.16482380952381, 0.9057571428571386, 0.43039523809523844, 0.23125714285714394, 0.2184095238095263, 0.9250285714285703, 0.10920476190476049, 0.6745, 0.8864857142857121, 1.2140999999999988, 0.7644333333333341, 0.1991380952380945, 0.14774761904761868, 0.07708571428571642, 2.9999190476190463, 0.09635714285714286, 0.6873476190476177, 0.41754761904761545, 1.117742857142856, 0.30191904761904614, 6.321028571428565, 0.24410476190476155, 0.10278095238095167, 0.5717190476190483, 0.5588714285714254, 0.6745, 0.6231095238095241, 0.19271428571428573, 0.051390476190475834, 2.1327047619047605, 5.633680952380947, 1.4582047619047604, 1.0470809523809483, 0.06423809523809346, 5.601561904761903, 0.7451619047619022, 1.5224428571428539, 1.355423809523809, 1.5866809523809526, 0.16059523809523632, 1.0663523809523803, 1.0149619047619043, 0.3597333333333362, 1.3682714285714264, 0.7451619047619076, 0.7901285714285693, 3.449585714285711, 0.08350952380952524, 0.9314523809523793, 0.6809238095238088, 0.09635714285714286, 0.21840952380952097, 0.04496666666666702, 0.32761428571428675, 0.9507238095238055, 0.08350952380952524, 0.5588714285714307, 0.29549523809523737, 5.286795238095234, 1.2140999999999988, 0.47536190476190543, 0.7580095238095198, 2.145552380952378, 0.0642380952380988, 3.2311761904761904, 0.21198571428571747, 3.4303142857142848, 0.9956904761904727, 3.5138238095238097, 9.963328571428562, 0.2762238095238056, 0.2890714285714286, 0.051390476190475834, 1.6958857142857133, 0.7258904761904758, 1.7601238095238065, 1.124166666666665, 0.6166857142857154, 0.49463333333333187, 0.5845666666666659, 0.32119047619047797, 1.580257142857144, 0.8672142857142857, 0.36615714285713963, 0.38542857142857145, 0.5909904761904747, 1.1691333333333318, 0.982842857142855, 1.5352904761904715, 0.1991380952380945, 2.524557142857141, 1.3104571428571419, 2.2033666666666627, 0.9443000000000021, 0.21198571428571214, 0.10920476190476049, 0.11562857142857463, 0.38542857142857145, 1.2719142857142838, 0.7580095238095198, 0.5524476190476219, 1.0470809523809537, 0.17344285714285929, 0.4882095238095231, 0.796552380952378, 1.0599285714285716, 0.24410476190476155, 0.16059523809523632, 2.685152380952377, 1.2654904761904746, 0.19271428571428573, 0.13490000000000105, 1.605952380952379, 0.012847619047617621, 0.8222476190476187, 0.2762238095238109, 0.995690476190478, 1.162709523809523, 0.8093999999999958, 0.5845666666666659, 0.21840952380952097, 0.5267523809523813, 0.03211904761904405, 0.01927142857142643, 0.629533333333333, 0.23768095238095271, 2.3575380952380955, 0.5845666666666659, 1.034233333333331, 0.35973333333333085, 1.779395238095233, 0.982842857142855, 0.6166857142857154, 2.0235, 6.9634095238095215, 1.5160190476190452, 0.17344285714285393, 1.5738333333333296, 1.393966666666667, 0.23125714285714394, 0.09635714285714286, 2.8329000000000013, 1.6701904761904727, 1.3040333333333332, 1.040657142857145, 1.259066666666666, 4.066271428571427, 0.47536190476190543, 2.8136285714285694, 0.4046999999999979, 0.9442999999999968, 0.04496666666666702, 0.20556190476190334, 1.2012523809523814, 0.6552285714285682, 1.1948285714285725, 0.6488047619047648, 0.2505285714285704, 0.5139047619047638, 0.4817857142857143, 3.6487238095238053, 0.45609047619047904, 0.08350952380952524, 1.0085380952380956, 1.040657142857145, 0.025695238095240592, 0.17344285714285929, 0.5845666666666659, 2.1327047619047605, 0.14774761904761868, 0.398276190476189, 0.47536190476190543, 0.29549523809523737, 0.5524476190476165, 0.1220523809523781, 2.383233333333331, 0.14132380952380985, 0.20556190476190334, 0.4625142857142825, 1.1819809523809495, 1.4068142857142847, 0.19271428571428573, 0.32119047619047797, 0.3725809523809538, 0.30834285714285503, 0.7644333333333341, 0.5717190476190483, 0.9571476190476197, 2.942104761904761, 0.1862904761904769, 1.0920476190476154, 0.0642380952380988, 0.9571476190476197, 0.7451619047619022, 0.5974142857142836, 2.8457476190476187, 3.918523809523808, 0.4560904761904737, 0.8672142857142857, 1.2333714285714252, 0.4689380952380913, 0.7901285714285693, 1.0085380952380956, 0.796552380952378, 1.2847619047619065, 1.6766142857142867, 1.0149619047619043, 0.09635714285714286, 0.4496666666666649, 0.06423809523809346, 0.21198571428571747, 1.2462190476190482, 0.012847619047617621, 1.8115142857142823, 0.23768095238095271, 0.10278095238095167, 1.4774761904761922, 0.22483333333332975, 0.7580095238095251, 0.14774761904761868, 1.079199999999998, 0.5845666666666659, 0.353309523809522, 0.7258904761904758, 1.3746952380952353, 0.1798666666666681, 0.1220523809523781, 0.6809238095238088, 0.32119047619047264, 0.8286714285714274, 3.3789238095238083, 0.21840952380952097, 0.04496666666666702, 1.0920476190476154, 0.10278095238095167, 2.1905190476190453, 0.41754761904761545, 0.10278095238095167, 0.6038380952380977, 0.04496666666666702, 1.0085380952380956, 2.3511142857142815, 1.9399904761904747, 1.1562857142857144, 0.29549523809523737, 0.20556190476190334, 1.0470809523809483, 0.7580095238095198, 1.29118571428571, 0.8543666666666627, 0.20556190476190334, 1.085623809523812, 0.7066190476190494, 1.5224428571428592, 1.6187999999999967, 0.7515857142857111, 0.32119047619047264, 1.1370142857142824, 0.10920476190476049, 0.11562857142857463, 2.0941619047619024, 1.477476190476187, 1.9913809523809505, 0.44324285714285605, 1.4582047619047604, 0.0321190476190494, 0.4882095238095231, 2.434623809523807, 0.0642380952380988, 1.0021142857142815, 0.5010571428571461, 0.7001952380952406, 1.959261904761901, 0.5652952380952394, 0.5074809523809495, 0.5781428571428572, 1.1884047619047637, 0.025695238095235242, 1.4710523809523781, 0.7901285714285693, 0.025695238095240592, 0.5267523809523813, 0.1798666666666681, 0.1991380952380945, 0.7837047619047605, 0.7001952380952406, 0.7837047619047605, 0.2826476190476197, 2.241909523809521, 3.276142857142857, 0.8607904761904769, 0.38542857142857145, 0.4496666666666649, 0.6680761904761913, 0.36615714285713963, 1.355423809523809, 0.04496666666666702, 0.6423809523809506, 0.0, 0.4496666666666649, 1.0984714285714243, 0.38542857142857145, 0.5460238095238077, 0.5074809523809548, 0.0064238095238088105, 0.6680761904761913, 0.051390476190475834, 1.5160190476190452, 0.7001952380952352, 0.8350952380952363, 0.19271428571428573, 1.4389333333333287, 0.1991380952380945, 1.336152380952377, 0.0, 0.5331761904761901, 1.2140999999999988, 0.5460238095238077, 1.034233333333331, 0.7001952380952406, 0.5652952380952394, 1.9528380952380924, 0.353309523809522, 0.5331761904761901, 0.5524476190476165, 0.6552285714285735, 0.5652952380952341, 0.43039523809523844, 0.057814285714284645, 1.3682714285714264, 0.6166857142857154, 0.6359571428571419, 0.629533333333333, 1.1819809523809495, 0.30191904761904614, 1.5545619047619033, 0.29549523809523737, 1.034233333333331, 0.353309523809522, 0.29549523809523737, 0.5074809523809495, 1.8050904761904736, 0.9121809523809528, 0.937876190476188, 1.0021142857142868, 0.051390476190475834, 1.3168809523809506, 0.8222476190476187, 2.10700952380952, 0.366157142857145, 0.7258904761904758, 0.9121809523809528, 0.03211904761904405, 1.3104571428571419, 0.8093999999999958, 0.30834285714286036, 0.8415190476190452, 0.539599999999999, 0.5652952380952341, 0.012847619047617621, 0.0321190476190494, 0.5652952380952394, 0.7965523809523835, 0.3468857142857132, 1.6894619047619042, 0.6873476190476177, 0.37900476190476257, 0.9121809523809528, 1.2911857142857153, 1.0535047619047626, 0.7515857142857164, 0.33403809523809563, 0.2184095238095263, 0.5717190476190483, 0.7901285714285693, 0.5781428571428572, 1.6380714285714284, 0.1862904761904769, 0.7901285714285693, 0.23125714285714394, 0.19271428571428573, 1.1305904761904737, 0.4882095238095231, 0.1798666666666681, 0.8094000000000011, 0.07066190476190227, 0.3468857142857132, 0.6102619047619012, 0.39185238095238023, 1.2205238095238076, 0.9121809523809528, 1.6958857142857133, 1.124166666666665, 0.6680761904761913, 0.7323142857142846, 0.6231095238095241, 0.5139047619047583, 0.30834285714286036, 0.9186047619047615, 0.982842857142855, 1.96568571428571, 0.03854285714285821, 1.3297285714285734, 0.5652952380952394, 0.1798666666666681, 1.4196619047619021, 0.4047000000000032, 0.051390476190475834, 1.4582047619047604, 0.398276190476189, 0.04496666666666702, 0.539599999999999, 0.43039523809523844, 0.30191904761904614, 0.12847619047619224, 1.96568571428571, 0.661652380952377, 1.4903238095238098, 1.0984714285714297, 0.4882095238095231, 1.2783380952380976, 4.817857142857138, 0.012847619047617621, 4.586599999999999, 0.2762238095238056, 0.19271428571428573, 15.693366666666657, 1.3682714285714264, 0.8736380952380945, 0.4689380952380913, 0.8222476190476187, 0.8543666666666627, 0.39185238095238023, 0.41754761904761545, 0.5331761904761901, 0.47536190476190543, 0.44324285714285605, 0.5717190476190483, 0.5203285714285725, 2.1327047619047605, 0.012847619047617621, 0.5010571428571461, 1.4646285714285692, 0.5010571428571461, 2.0299238095238086, 0.8929095238095209, 0.5203285714285725, 0.2697999999999968, 0.9956904761904727, 0.03211904761904405, 0.7580095238095198, 0.4625142857142825, 0.1798666666666681, 0.4882095238095231, 0.051390476190475834, 1.3168809523809506, 0.9121809523809528, 0.7901285714285693, 0.15417142857142752, 0.01927142857142643, 1.8307857142857142, 0.2698000000000021, 0.0642380952380988, 1.117742857142856, 1.4003904761904757, 1.2012523809523814, 0.5588714285714307, 1.3425761904761857, 0.39185238095238023, 0.5074809523809548, 1.612376190476188, 0.12847619047619224, 2.3960809523809536, 1.0406571428571396, 0.01927142857142643, 0.7451619047619076, 0.9635714285714286, 0.8093999999999958, 1.612376190476188, 0.9250285714285703, 1.2783380952380976, 0.41112380952380667, 0.3597333333333362, 0.14774761904761868, 0.08350952380952524, 0.08350952380952524, 0.5652952380952341, 1.2140999999999988, 0.9764190476190462, 0.9250285714285703, 0.5845666666666659, 1.4967476190476188, 0.08993333333333405, 0.8607904761904769, 0.8350952380952363, 0.15417142857142752, 0.1798666666666681, 1.1370142857142824, 1.477476190476187, 1.124166666666665, 0.06423809523809346, 0.17344285714285393, 0.7580095238095251, 1.29118571428571, 0.30191904761904614, 0.9121809523809528, 0.8286714285714274, 2.1198571428571373, 1.355423809523809, 0.7515857142857164, 1.1562857142857144, 0.5074809523809495, 0.37900476190476257, 0.0064238095238088105, 1.3040333333333332, 1.252642857142857, 0.6873476190476177, 0.7772809523809516, 1.9014476190476166, 0.4817857142857143, 0.3404619047619044, 0.2762238095238056, 3.102699999999998, 0.6552285714285735, 0.07066190476190227, 0.12205238095238345, 0.6809238095238088, 0.25695238095237916, 0.2633761904761933, 0.6809238095238088, 1.124166666666665, 0.8864857142857121, 0.20556190476190334, 2.331842857142855, 0.3597333333333362, 0.3468857142857132, 1.5031714285714275, 0.10278095238095167, 0.08993333333333405, 0.6231095238095241, 2.21621428571428, 0.37900476190476257, 1.5738333333333352, 0.5267523809523813, 0.5139047619047638, 0.12847619047619224, 0.03854285714285821, 1.3040333333333332, 0.2826476190476197, 0.4239714285714296, 1.1884047619047582, 1.3746952380952353, 0.15417142857142752, 4.856399999999995, 0.49463333333333187, 0.6745, 1.1048952380952384, 0.9250285714285703, 0.8415190476190452, 1.1755571428571407, 0.10920476190476049, 1.2719142857142838, 0.5267523809523813, 0.3468857142857132, 1.1948285714285725, 2.518133333333332, 0.5074809523809548, 0.6231095238095241, 0.3597333333333362, 1.1691333333333318, 0.3147666666666692, 0.7258904761904758, 1.0920476190476154, 0.3404619047619044, 0.47536190476190543, 1.605952380952379, 1.2847619047619012, 4.149780952380952, 0.7130428571428529, 0.47536190476190543, 0.6166857142857154, 0.5074809523809495, 1.2462190476190482, 0.4625142857142879, 0.5781428571428572, 0.5139047619047638, 0.9956904761904727, 0.8929095238095209, 0.1991380952380945, 1.6187999999999967, 0.6616523809523823, 0.19271428571428573, 1.1884047619047582, 0.7901285714285693, 0.5974142857142836, 0.49463333333333187, 0.057814285714284645, 1.0149619047619043, 0.44324285714285605, 2.5759476190476165, 0.7580095238095251, 0.6488047619047594, 1.0856238095238067, 1.1948285714285725, 0.5331761904761901, 0.025695238095240592, 1.978533333333333, 0.7001952380952352, 1.8629047619047585, 0.2505285714285704, 0.12205238095238345, 0.33403809523809563, 9.282404761904754, 1.0599285714285716, 1.88217619047619, 2.2547571428571382, 0.353309523809522, 0.33403809523809563, 0.9507238095238109, 1.1048952380952384, 1.1819809523809495, 2.235485714285712, 1.6187999999999967, 1.381119047619044, 0.6231095238095241, 2.235485714285712, 1.1562857142857144, 0.9764190476190462, 0.7258904761904758, 0.6423809523809506, 0.9635714285714286, 1.8500571428571406, 0.2248333333333351, 0.6809238095238088, 0.0321190476190494, 0.5524476190476165, 2.8007809523809515, 0.7515857142857111, 0.2762238095238109, 2.550252380952381, 0.03854285714285821, 1.6766142857142867, 0.5460238095238077, 0.07708571428571642, 0.5845666666666659, 1.5160190476190452, 0.8222476190476187, 1.1755571428571407, 0.5460238095238077, 2.0427714285714265, 0.06423809523809346, 1.381119047619044, 0.12847619047619224, 0.9764190476190462, 0.5139047619047638, 0.2248333333333351, 0.051390476190475834, 0.5074809523809495, 1.3040333333333332, 1.381119047619044, 0.19271428571428573, 0.3147666666666638, 0.057814285714284645, 0.2184095238095263, 4.682957142857136, 2.2740285714285706, 0.39185238095238023, 0.8800619047619033, 0.6937714285714264, 0.12205238095238345, 0.16701904761904512, 0.20556190476190334, 0.8929095238095209, 1.9271428571428573, 0.13490000000000105, 0.9186047619047615, 0.17344285714285929, 1.933566666666666, 0.5139047619047638, 0.9507238095238109, 0.33403809523809563, 0.2184095238095263, 0.263376190476188, 0.2248333333333351, 0.8415190476190452, 1.0021142857142868, 0.2826476190476197, 1.2012523809523814, 0.39185238095238023, 1.7151571428571397, 1.2719142857142838, 0.2890714285714286, 3.809319047619042, 1.1048952380952384, 0.012847619047617621, 0.12205238095238345, 0.012847619047617621, 1.6187999999999967, 0.7001952380952352, 0.9956904761904727, 0.08350952380952524, 0.29549523809523737, 0.25695238095237916, 0.09635714285714286, 1.2333714285714252, 1.5352904761904769, 1.2911857142857153, 1.117742857142856, 0.0321190476190494, 0.3404619047619044, 0.9635714285714286, 1.1884047619047582, 0.6745, 0.8094000000000011, 0.0, 0.14132380952380985, 0.4882095238095231, 0.6937714285714264, 0.38542857142857145, 0.5010571428571408, 2.062042857142853, 0.5909904761904747, 0.057814285714284645, 0.8929095238095209, 0.5524476190476165, 0.33403809523809563, 1.079199999999998, 2.24833333333333, 1.4903238095238098, 0.5074809523809495, 0.6231095238095241, 0.3404619047619044, 0.398276190476189, 0.04496666666666702, 0.1862904761904769, 2.8457476190476187, 1.8564809523809493, 0.9699952380952374, 0.057814285714284645, 1.7665476190476155, 0.7258904761904758, 0.4625142857142879, 0.19271428571428573, 0.5460238095238077, 0.07708571428571642, 0.5010571428571408, 0.2248333333333351, 0.16701904761904512, 0.937876190476188, 0.32119047619047797, 0.3147666666666638, 0.23125714285714394, 0.5139047619047638, 0.5845666666666659, 0.16059523809523632, 0.6873476190476177, 0.7837047619047605, 0.30191904761904614, 2.2162142857142855, 1.2076761904761901, 0.2762238095238109, 0.32761428571428675, 0.3725809523809538, 0.9956904761904727, 1.2462190476190482, 0.16701904761904512, 0.5074809523809495, 0.6359571428571419, 1.5160190476190452, 0.4368190476190473, 0.5524476190476165, 0.3147666666666638, 0.16059523809523632, 1.3425761904761913, 0.6873476190476177, 0.14774761904761868, 0.9186047619047615, 1.0984714285714297, 0.1991380952380945, 0.8350952380952363, 0.15417142857142752, 0.025695238095240592, 0.539599999999999, 1.124166666666665, 0.25695238095237916, 0.10278095238095167, 0.4046999999999979, 0.6873476190476177, 1.2012523809523814, 0.4625142857142879, 0.04496666666666702, 0.6937714285714264, 1.3104571428571419, 0.9764190476190462, 0.13490000000000105, 0.08993333333333405, 0.9571476190476197, 0.2762238095238109, 0.23768095238095271, 0.057814285714284645, 0.2505285714285704, 1.0406571428571396, 0.8607904761904769, 0.4496666666666649, 1.2333714285714252, 1.0149619047619043, 1.0278095238095222, 0.14132380952380985, 0.23125714285714394, 1.6316476190476197, 1.072776190476189, 0.4496666666666649, 1.7087333333333308, 0.398276190476189, 0.539599999999999, 1.349, 1.2397952380952395, 0.12847619047619224, 0.8350952380952363, 0.39185238095238023, 0.25695238095237916, 0.38542857142857145, 1.5352904761904769, 0.7001952380952352, 0.41754761904762083, 0.39185238095238023, 0.23125714285714394, 1.3618476190476176, 1.0856238095238067, 0.982842857142855, 1.1755571428571407, 0.46893809523809665, 0.3725809523809538, 0.38542857142857145, 0.4817857142857143, 1.162709523809523, 1.0856238095238067, 0.5974142857142836, 0.5652952380952394, 0.719466666666667, 0.2505285714285704, 1.2205238095238076, 0.5267523809523813, 3.1219714285714244, 1.6380714285714284, 0.0064238095238088105, 1.0085380952380956, 0.5331761904761901, 1.6444952380952373, 0.9892666666666637, 1.4967476190476188, 1.092047619047621, 0.6616523809523823, 0.8736380952380945, 0.6873476190476177, 1.3104571428571419, 1.7922428571428561, 0.16701904761904512, 1.1819809523809495, 0.41112380952380667, 1.0535047619047626, 0.051390476190475834, 0.9699952380952374, 0.10278095238095167, 0.398276190476189, 1.888599999999999, 0.7001952380952352, 1.1305904761904737, 0.539599999999999, 0.9121809523809528, 0.41754761904762083, 0.16701904761904512, 0.7001952380952352, 1.3425761904761913, 1.978533333333333, 0.9571476190476197, 0.7901285714285693, 0.057814285714284645, 0.9507238095238109, 1.2076761904761901, 0.3404619047619044, 0.4368190476190473, 1.7408523809523804, 1.1755571428571407, 1.0085380952380956, 0.2890714285714286, 0.7580095238095251, 0.21198571428571214, 0.32119047619047797, 2.0813142857142846, 1.0406571428571396, 0.7130428571428582, 0.5074809523809495, 0.25695238095237916, 1.8050904761904736, 0.6166857142857154, 2.7879333333333287, 0.263376190476188, 0.6038380952380923, 0.01927142857142643, 2.659457142857142, 0.366157142857145, 0.796552380952378, 0.04496666666666702, 0.43039523809523844, 1.0470809523809537, 0.7772809523809516, 0.21840952380952097, 1.9978047619047594, 1.663766666666664, 0.15417142857142752, 1.88217619047619, 0.38542857142857145, 0.6166857142857154, 0.14132380952380985, 0.01927142857142643, 0.8222476190476187, 0.7130428571428582, 0.2762238095238109, 0.16701904761904512, 0.30834285714285503, 0.33403809523809563, 0.4496666666666649, 0.3468857142857132, 0.7644333333333341, 0.15417142857142752, 1.2397952380952395, 0.8350952380952363, 1.7858190476190472, 0.6231095238095241, 0.37900476190476257, 1.5738333333333296, 0.14132380952380985, 0.3468857142857132, 0.10920476190476049, 1.4839000000000009, 0.4239714285714296, 0.37900476190476257, 1.3168809523809506, 1.2076761904761901, 1.7665476190476155, 0.9764190476190462, 0.629533333333333, 0.9507238095238109, 2.826476190476187, 1.1691333333333318, 0.41754761904762083, 0.4046999999999979, 0.32761428571428675, 0.7258904761904758, 0.5588714285714254, 0.47536190476190543, 1.6380714285714284, 0.7837047619047605, 0.6038380952380923, 0.33403809523809563, 0.46893809523809665, 1.5095952380952364, 0.6423809523809506, 0.9764190476190462, 0.14774761904761868, 1.1498619047619056, 0.1798666666666681, 2.518133333333332, 0.7387380952380935, 0.7772809523809516, 0.35973333333333085, 0.5909904761904747, 1.0470809523809537, 0.5524476190476165, 0.2826476190476197, 0.9121809523809528, 2.004228571428568, 1.4646285714285692, 0.41754761904762083, 1.117742857142856, 1.2012523809523814, 2.10700952380952, 0.07708571428571642, 0.366157142857145, 0.6423809523809506, 1.0149619047619043, 0.012847619047617621, 2.1712476190476186, 0.8736380952380945, 0.6616523809523823, 2.0941619047619024, 0.7644333333333341, 1.0984714285714297, 0.5781428571428572, 0.0, 0.32119047619047797, 0.6616523809523823, 0.6423809523809506, 0.8672142857142857, 1.3168809523809506, 1.7215809523809484, 1.7601238095238065, 1.3297285714285683, 2.318995238095237, 0.03854285714285821, 0.9507238095238109, 1.0149619047619043, 0.3147666666666638, 0.263376190476188, 4.708652380952377, 0.07066190476190227, 1.2076761904761901, 0.057814285714284645, 0.4560904761904737, 1.5609857142857122, 0.263376190476188, 2.010652380952377, 1.5481380952380945, 0.33403809523809563, 0.03854285714285821, 0.4560904761904737, 0.1862904761904769, 0.9121809523809528, 0.08350952380952524, 0.9635714285714286, 0.30834285714285503, 0.30191904761904614, 0.20556190476190334, 0.366157142857145, 0.07066190476190227, 1.7087333333333308, 2.0235, 1.2076761904761901, 1.1819809523809495, 0.44324285714285605, 1.0470809523809537, 0.9892666666666637, 0.10278095238095167, 0.366157142857145, 0.6552285714285682, 1.0021142857142868, 1.2783380952380925, 0.06423809523809346, 1.605952380952379, 0.7580095238095251, 0.6616523809523823, 0.7130428571428582, 0.3725809523809538, 0.8479428571428539, 2.062042857142853, 0.6616523809523823, 1.8564809523809493, 1.0920476190476154, 0.9314523809523793, 0.30834285714285503, 0.9571476190476197, 0.41112380952380667, 0.6680761904761913, 0.1220523809523781, 0.4882095238095231, 0.8222476190476187, 0.6552285714285682, 0.21198571428571214, 1.9078714285714253, 0.6873476190476177, 0.7708571428571429, 2.0877380952380937, 1.381119047619044, 0.539599999999999, 0.11562857142856929, 0.03854285714285821, 0.16701904761904512, 0.398276190476189, 0.6359571428571419, 1.2333714285714252, 1.0278095238095222, 1.124166666666665, 0.263376190476188, 2.2676047619047615, 0.8479428571428539, 0.07066190476190227, 0.5909904761904747, 0.2890714285714286, 0.39185238095238023, 0.5074809523809495, 2.6080666666666663, 1.9271428571428573, 0.2248333333333351, 0.263376190476188, 0.8736380952380945, 0.03854285714285821, 0.1862904761904769, 0.30191904761904614, 0.7708571428571429, 0.2826476190476197, 0.44324285714285605, 1.6252238095238054, 0.24410476190476155, 1.8179380952380912, 0.6616523809523823, 0.29549523809523737, 1.2205238095238076, 0.7644333333333341, 0.7708571428571429, 0.3404619047619044, 0.15417142857142752, 0.12205238095238345, 0.15417142857142752, 0.5781428571428572, 0.08350952380952524, 0.08350952380952524, 0.2762238095238109, 0.6873476190476177, 0.5845666666666659, 1.6701904761904727, 0.6616523809523823, 1.5738333333333296, 0.33403809523809563, 1.580257142857144, 0.5717190476190483, 2.376809523809522, 0.4496666666666649, 0.2505285714285704, 0.051390476190475834, 0.8158238095238098, 1.4839000000000009, 0.13490000000000105, 0.13490000000000105, 0.3468857142857132, 1.477476190476187, 1.888599999999999, 1.4903238095238098, 0.6745, 0.4560904761904737, 0.6552285714285735, 0.21840952380952097, 0.1991380952380945, 0.30834285714285503, 0.10278095238095167, 1.438933333333334, 0.0321190476190494, 1.162709523809523, 0.6745, 1.0599285714285716, 1.5866809523809526, 1.438933333333334, 1.3425761904761913, 0.25695238095237916, 0.6745, 0.7451619047619022, 0.06423809523809346, 0.5717190476190483, 0.5203285714285725, 0.0064238095238088105, 0.16059523809523632, 1.477476190476187, 0.6937714285714264, 0.19271428571428573, 0.6745, 0.9764190476190462, 1.3425761904761913, 1.2783380952380925, 0.04496666666666702, 1.0599285714285716, 1.1113190476190473, 1.3875428571428583, 0.2184095238095263, 0.9314523809523793, 0.15417142857142752, 0.6873476190476177, 1.3875428571428583, 0.5331761904761901, 0.3147666666666638, 0.7258904761904758, 0.5074809523809495, 1.4453571428571428, 0.5909904761904747, 2.196942857142854, 0.2505285714285704, 0.7837047619047605, 0.7066190476190494, 0.057814285714284645, 1.2205238095238076, 1.5095952380952364, 0.46893809523809665, 1.355423809523809, 0.4882095238095231, 0.4496666666666649, 0.1798666666666681, 0.5139047619047638, 1.1884047619047582, 1.88217619047619, 0.30834285714285503, 0.39185238095238023, 1.9207190476190483, 0.366157142857145, 1.072776190476189, 0.16059523809523632, 0.16059523809523632, 0.0064238095238088105, 0.5588714285714254, 0.0064238095238088105, 1.0535047619047626, 1.0984714285714297, 0.21840952380952097, 1.6894619047619042, 0.4046999999999979, 0.0321190476190494, 0.12847619047619224, 0.353309523809522, 0.7708571428571429, 0.29549523809523737, 0.2698000000000021, 0.32761428571428675, 0.7515857142857111, 0.24410476190476155, 0.7451619047619022, 0.6423809523809506, 0.2184095238095263, 0.9764190476190462, 0.4368190476190473, 1.4196619047619021, 0.14774761904761868, 3.2568714285714253, 0.07708571428571642, 0.06423809523809346, 0.21198571428571214, 0.0064238095238088105, 0.9186047619047615, 0.03854285714285821, 1.5095952380952364, 0.38542857142857145, 0.1991380952380945, 1.5352904761904769, 1.2847619047619012, 0.2826476190476197, 1.3104571428571419, 1.117742857142856, 0.6873476190476177, 0.5909904761904747, 1.1884047619047582, 0.3404619047619044, 2.184095238095236, 0.8158238095238098, 1.3168809523809506, 0.04496666666666702, 1.4325095238095198, 1.1305904761904737, 0.9699952380952374, 0.46893809523809665, 0.1991380952380945, 1.2462190476190482, 1.1691333333333318, 1.0085380952380956, 1.4132380952380934, 0.7708571428571429, 0.9057571428571439, 1.0406571428571396, 1.2654904761904746, 0.263376190476188, 0.08993333333333405, 0.051390476190475834, 1.092047619047621, 0.5074809523809495, 0.539599999999999, 1.1048952380952384, 1.612376190476188, 0.8672142857142857, 0.12847619047619224, 0.3468857142857132, 0.8029761904761923, 0.2890714285714286, 1.5545619047619033, 0.8029761904761923, 0.30834285714285503, 1.0984714285714297, 0.6937714285714264, 0.6809238095238088, 0.23125714285714394, 0.8607904761904769, 0.14132380952380985, 1.3297285714285683, 0.995690476190478, 0.25695238095237916, 0.11562857142856929, 0.1991380952380945, 0.8864857142857121, 1.3682714285714264, 0.4817857142857143, 0.2762238095238109, 0.1798666666666681, 0.12205238095238345, 2.1134333333333286, 0.7772809523809516, 0.025695238095240592, 0.10920476190476049, 1.124166666666665, 1.6380714285714284, 0.6423809523809506, 0.5588714285714254, 0.7387380952380935, 0.41112380952380667, 0.2762238095238109, 0.16701904761904512, 1.580257142857144, 0.0064238095238088105, 1.2719142857142838, 0.6552285714285735, 1.034233333333331, 0.539599999999999, 0.4496666666666649, 0.23125714285714394, 0.10920476190476049, 0.7323142857142846, 1.0278095238095222, 0.4560904761904737, 0.263376190476188, 1.2076761904761901, 0.3468857142857132, 0.10920476190476049, 1.2847619047619012, 0.2890714285714286, 0.6166857142857154, 1.580257142857144, 0.8415190476190452, 1.7601238095238065, 2.4603190476190475, 0.7580095238095251, 1.8243619047619055, 0.8929095238095209, 1.4325095238095198, 0.9892666666666637, 0.16059523809523632, 0.5588714285714254, 0.6937714285714264, 0.7708571428571429, 0.5460238095238077, 1.4710523809523781, 1.5352904761904769, 4.2268666666666626, 0.16059523809523632, 0.2890714285714286, 0.32119047619047797, 2.518133333333332, 5.6850714285714234, 0.7901285714285693, 0.2698000000000021, 0.5074809523809495, 0.0, 2.0813142857142846, 1.079199999999998, 1.7087333333333308, 1.3682714285714264, 0.1991380952380945, 1.612376190476188, 0.03854285714285821, 1.96568571428571, 0.19271428571428573, 0.9121809523809528, 1.1691333333333318, 0.7451619047619022, 0.6745, 1.7151571428571397, 0.9571476190476197, 1.0599285714285716, 0.398276190476189, 0.366157142857145, 1.2911857142857153, 0.8286714285714274, 0.6552285714285735, 0.8736380952380945, 1.4003904761904757, 0.6745, 0.8864857142857121, 0.5139047619047638, 0.4496666666666649, 0.025695238095240592, 2.6723047619047593, 0.2890714285714286, 0.012847619047617621, 0.7001952380952352, 0.8929095238095209, 0.23125714285714394, 0.10920476190476049, 0.9057571428571439, 0.7772809523809516, 0.025695238095240592, 1.2269476190476165, 0.1862904761904769, 0.2890714285714286, 2.049195238095235, 0.719466666666667, 2.16482380952381, 0.9635714285714286, 0.7837047619047605, 0.0064238095238088105, 1.2911857142857153, 1.3104571428571419, 0.35973333333333085, 0.8094000000000011, 0.6745, 0.10278095238095167, 0.5331761904761901, 0.6745, 1.3040333333333332, 0.30191904761904614, 0.9057571428571439, 1.3618476190476176, 1.7151571428571397, 0.8286714285714274, 0.04496666666666702, 0.7580095238095251, 0.5460238095238077, 0.7001952380952352, 0.33403809523809563, 4.438852380952375, 0.9121809523809528, 1.4068142857142847, 0.7258904761904758, 0.6231095238095241, 0.9507238095238109, 1.2462190476190482, 2.017076190476191, 0.5717190476190483, 0.9314523809523793, 1.9978047619047594, 10.50292857142856, 2.6209142857142838, 0.16059523809523632, 0.6359571428571419, 0.30834285714285503, 0.6680761904761913, 0.4817857142857143, 0.08993333333333405, 0.5331761904761901, 0.16059523809523632, 0.6552285714285682, 0.15417142857142752, 0.6873476190476177, 0.09635714285714286, 0.33403809523809563, 0.6102619047619066, 2.2162142857142855, 1.2719142857142838, 0.8158238095238098, 0.44324285714285605, 0.11562857142856929, 0.15417142857142752, 0.5074809523809495, 0.9635714285714286, 0.9764190476190462, 1.0021142857142868, 0.09635714285714286, 1.9078714285714253, 1.9271428571428573, 2.0556190476190443, 0.41754761904762083, 2.286876190476188, 0.796552380952378, 0.4368190476190473, 1.2333714285714252, 0.13490000000000105, 0.6937714285714264, 0.12205238095238345, 0.32761428571428675, 0.23125714285714394, 0.6616523809523823, 3.9249476190476162, 8.209628571428564, 0.19271428571428573, 4.072695238095235, 2.7236952380952353, 0.2762238095238109, 1.6830380952380954, 0.11562857142856929, 0.9442999999999968, 2.3061476190476196, 0.8479428571428539, 0.32761428571428675, 1.1434380952380967, 0.08993333333333405, 2.698, 1.7858190476190472, 2.2162142857142855, 0.2248333333333351, 0.10920476190476049, 0.7772809523809516, 0.5652952380952394, 0.09635714285714286, 0.10920476190476049, 0.6038380952380923, 4.599447619047616, 1.297609523809524, 0.051390476190475834, 0.43039523809523844, 1.2012523809523814, 0.5267523809523813, 0.4046999999999979, 0.8029761904761923, 1.259066666666666, 0.5074809523809495, 0.01927142857142643, 2.4153523809523803, 1.2140999999999988, 0.8158238095238098, 0.8094000000000011, 0.9635714285714286, 0.6809238095238088, 0.7066190476190494, 0.366157142857145, 0.6873476190476177, 1.5224428571428539, 0.8158238095238098, 1.1498619047619056, 1.7729714285714242, 4.798585714285711, 1.1498619047619056, 0.4368190476190473, 0.46893809523809665, 0.6488047619047594, 0.012847619047617621, 3.128395238095233, 1.6958857142857133, 0.3404619047619044, 1.6316476190476197, 2.2676047619047615, 0.6937714285714264, 1.7344285714285714, 0.9699952380952374, 1.2397952380952395, 0.4625142857142879, 3.1733619047619, 0.982842857142855, 0.5909904761904747, 0.2184095238095263, 1.2911857142857153, 0.6809238095238088, 0.025695238095240592, 0.4817857142857143, 0.2762238095238109, 1.1948285714285725, 0.08993333333333405, 1.0535047619047626, 0.4625142857142879, 2.0235, 1.5545619047619033, 1.124166666666665, 2.235485714285712, 0.7066190476190494, 1.8179380952380912, 0.6423809523809506, 0.38542857142857145, 0.03854285714285821, 0.051390476190475834, 0.4882095238095231, 5.2225571428571405, 1.0021142857142868, 1.6252238095238054, 2.126280952380952, 0.46893809523809665, 1.5288666666666628, 1.0535047619047626, 0.7451619047619022, 1.4646285714285692, 0.366157142857145, 0.07708571428571642, 1.1370142857142824, 1.381119047619044, 0.33403809523809563, 1.895023809523808, 0.2698000000000021, 0.8864857142857121, 1.2140999999999988, 0.6166857142857154, 0.7515857142857111, 1.1370142857142824, 1.4517809523809515, 1.2783380952380925, 0.33403809523809563, 0.6873476190476177, 0.057814285714284645, 0.33403809523809563, 0.8350952380952363, 0.263376190476188, 0.09635714285714286, 0.04496666666666702, 0.10278095238095167, 2.280452380952379, 2.1905190476190453, 0.07708571428571642, 1.0406571428571396, 1.9913809523809505, 2.717271428571426, 1.1948285714285725, 1.477476190476187, 0.1991380952380945, 2.3125714285714287, 0.25695238095237916, 0.6937714285714264, 0.29549523809523737, 1.0663523809523803, 1.2462190476190482, 1.0856238095238067, 0.025695238095240592, 0.6616523809523823, 0.46893809523809665, 0.43039523809523844, 1.2847619047619012, 3.642299999999997, 0.32761428571428675, 0.5267523809523813, 1.162709523809523, 0.854366666666668, 0.5845666666666659, 0.051390476190475834, 0.12847619047619224, 0.9314523809523793, 0.17344285714285929, 0.09635714285714286, 1.7922428571428561, 0.16701904761904512, 0.7772809523809516, 0.8736380952380945, 0.5139047619047638, 0.10920476190476049, 0.4882095238095231, 0.4560904761904737, 0.23768095238095271, 0.0321190476190494, 0.23768095238095271, 0.33403809523809563, 0.14132380952380985, 0.8864857142857121, 0.38542857142857145, 0.24410476190476155, 1.4517809523809515, 1.1305904761904737, 1.9528380952380924, 1.0663523809523803, 0.6680761904761913, 0.19271428571428573, 1.336152380952377, 1.0085380952380956, 0.16701904761904512, 0.7130428571428582, 0.49463333333333187, 0.03854285714285821, 1.355423809523809, 1.5417142857142858, 0.2248333333333351, 0.8993333333333351, 0.41754761904762083, 0.10278095238095167, 0.2505285714285704, 0.5974142857142836, 0.6616523809523823, 1.1819809523809495, 1.0470809523809537, 0.3404619047619044, 0.2505285714285704, 0.995690476190478, 0.19271428571428573, 0.32119047619047797, 0.012847619047617621, 0.46893809523809665, 0.25695238095237916, 0.4496666666666649, 1.0213857142857132, 0.08993333333333405, 0.7837047619047605, 0.1862904761904769, 0.32119047619047797, 0.30191904761904614, 0.263376190476188, 0.21198571428571214, 0.7001952380952352, 0.5588714285714307, 1.1562857142857144, 0.15417142857142752, 0.16701904761904512, 2.7686619047619025, 0.21840952380952097, 1.0278095238095222, 0.32761428571428675, 0.10278095238095167, 2.2997238095238055, 0.057814285714284645, 1.702309523809522, 0.7580095238095251, 1.5481380952380945, 1.7344285714285714, 0.23768095238095271, 1.6187999999999967, 0.8929095238095209, 0.398276190476189, 0.7258904761904758, 0.43039523809523844, 2.0299238095238086, 0.24410476190476155, 1.2012523809523814, 0.796552380952378, 0.07066190476190227, 0.08993333333333405, 0.07708571428571642, 0.07066190476190227, 1.0149619047619043, 1.8179380952380912, 0.8479428571428539, 0.7644333333333341, 2.049195238095235, 1.7793952380952385, 1.933566666666666, 2.24833333333333, 0.263376190476188, 0.6937714285714264, 0.20556190476190334, 1.9399904761904747, 0.14132380952380985, 1.6894619047619042, 1.4132380952380934, 1.7922428571428561, 1.7280047619047627, 0.8864857142857121, 0.398276190476189, 0.25695238095237916, 0.8415190476190452, 0.23125714285714394, 0.47536190476190543, 0.7515857142857111, 0.32761428571428675, 1.4839000000000009, 1.6573428571428548, 0.07708571428571642, 0.32761428571428675, 0.16059523809523632, 0.5010571428571408, 0.263376190476188, 0.7644333333333341, 0.9699952380952374, 0.3404619047619044, 0.29549523809523737, 0.4882095238095231, 0.41754761904762083, 1.3618476190476176, 0.4368190476190473, 0.796552380952378, 1.0406571428571396, 0.5331761904761901, 2.742966666666662, 0.4882095238095231, 0.9571476190476197, 0.06423809523809346, 1.8693285714285723, 1.4003904761904757, 0.2248333333333351, 1.837209523809523, 0.5010571428571408, 0.16701904761904512, 0.2698000000000021, 0.47536190476190543, 0.9699952380952374, 0.2505285714285704, 0.41112380952380667, 0.23768095238095271, 0.5074809523809495, 0.3147666666666638, 2.004228571428568, 1.1562857142857144, 5.415271428571427, 0.4239714285714296, 0.01927142857142643, 0.32119047619047797, 0.854366666666668, 1.6573428571428548, 0.9507238095238109, 0.9764190476190462, 0.16059523809523632, 0.012847619047617621, 0.1991380952380945, 0.6166857142857154, 0.37900476190476257, 0.5139047619047638, 0.46893809523809665, 1.1498619047619056, 2.2097904761904767, 0.5717190476190483, 0.01927142857142643, 0.1991380952380945, 0.8158238095238098, 0.21198571428571214, 0.8286714285714274, 0.4239714285714296, 1.2847619047619012, 0.16701904761904512, 1.7665476190476155, 0.5267523809523813, 2.3446904761904723, 2.55667619047619, 1.7408523809523804, 0.10278095238095167, 0.6231095238095241, 1.2205238095238076, 0.5652952380952394, 1.6444952380952373, 0.13490000000000105, 1.0535047619047626, 0.32119047619047797, 1.0663523809523803, 2.0877380952380937, 0.08993333333333405, 1.1948285714285725, 0.9571476190476197, 0.2505285714285704, 0.17344285714285929, 1.1819809523809495, 0.06423809523809346, 0.7323142857142846, 0.7387380952380935, 1.3682714285714264, 0.6166857142857154, 0.09635714285714286, 0.025695238095240592, 0.33403809523809563, 0.0064238095238088105, 1.580257142857144, 1.4710523809523781, 0.29549523809523737, 0.32761428571428675, 2.280452380952379, 1.4196619047619021, 0.6166857142857154, 0.6231095238095241, 0.23768095238095271, 0.4817857142857143, 0.4817857142857143, 0.7772809523809516, 1.9078714285714253, 0.37900476190476257, 1.072776190476189, 0.9121809523809528, 1.4839000000000009, 0.2890714285714286, 0.35973333333333085, 1.1113190476190473, 0.04496666666666702, 0.16701904761904512, 0.8672142857142857, 1.1434380952380967, 0.9764190476190462, 2.196942857142854, 0.16701904761904512, 1.1498619047619056, 0.2248333333333351, 0.1798666666666681, 0.4560904761904737, 0.29549523809523737, 0.8672142857142857, 0.1798666666666681, 0.796552380952378, 3.9056761904761848, 0.43039523809523844, 0.539599999999999, 0.796552380952378, 0.5203285714285725, 0.057814285714284645, 2.1712476190476186, 0.08993333333333405, 0.5331761904761901, 0.6423809523809506, 0.29549523809523737, 2.1391285714285693, 0.6359571428571419, 1.2462190476190482, 0.012847619047617621, 0.7066190476190494, 0.8479428571428539, 0.366157142857145, 1.933566666666666, 0.7451619047619022, 1.567409523809521, 0.5845666666666659, 0.8350952380952363, 0.41754761904762083, 1.6252238095238054, 0.995690476190478, 0.30191904761904614, 0.1798666666666681, 1.0085380952380956, 1.2397952380952395, 1.4196619047619021, 0.2248333333333351, 0.37900476190476257, 0.46893809523809665, 0.41112380952380667, 0.9635714285714286, 0.43039523809523844, 0.15417142857142752, 5.498780952380946, 0.7580095238095251, 0.7001952380952352, 0.24410476190476155, 0.796552380952378, 0.4046999999999979, 0.2762238095238109, 1.4453571428571428, 0.5267523809523813, 0.9186047619047615, 0.7580095238095251, 0.6745, 2.1391285714285693, 0.1862904761904769, 1.663766666666664, 0.10920476190476049, 1.0085380952380956, 0.39185238095238023, 0.7837047619047605, 1.959261904761901, 1.0856238095238067, 1.5095952380952364, 0.17344285714285929, 0.39185238095238023, 0.2826476190476197, 1.0213857142857132, 0.5074809523809495, 0.9764190476190462, 0.8607904761904769, 0.5909904761904747, 1.3168809523809506, 0.08993333333333405, 1.3875428571428583, 0.1991380952380945, 0.07066190476190227, 0.8415190476190452, 1.6830380952380954, 0.8286714285714274, 0.4817857142857143, 0.04496666666666702, 1.297609523809524, 2.2162142857142855, 0.4368190476190473, 0.2762238095238109, 1.079199999999998, 0.30834285714285503, 0.8286714285714274, 0.6102619047619066, 2.524557142857141, 3.494552380952378, 1.4517809523809515, 1.4003904761904757, 0.353309523809522, 1.1562857142857144, 0.5331761904761901, 0.4368190476190473, 0.7130428571428582, 1.5160190476190452, 1.5160190476190452, 0.04496666666666702, 3.835014285714282, 0.32119047619047797, 0.37900476190476257, 0.37900476190476257, 0.25695238095237916, 0.7451619047619022, 0.7708571428571429, 0.5588714285714254, 1.0213857142857132, 0.7001952380952352, 0.7451619047619022, 0.3468857142857132, 0.8607904761904769, 0.12847619047619224, 1.0663523809523803, 3.218328571428567, 1.252642857142857, 0.19271428571428573, 1.663766666666664, 0.16701904761904512, 0.8993333333333351, 0.07066190476190227, 0.263376190476188, 0.5010571428571408, 0.07066190476190227, 0.5909904761904747, 0.4496666666666649, 1.259066666666666, 0.263376190476188, 3.4303142857142848, 0.5524476190476165, 0.04496666666666702, 0.051390476190475834, 0.5139047619047638, 2.004228571428568, 4.599447619047616, 1.124166666666665, 0.8736380952380945, 0.9314523809523793, 0.24410476190476155, 0.5652952380952394, 0.47536190476190543, 0.8350952380952363, 0.32761428571428675, 0.47536190476190543, 4.7214999999999945, 5.325338095238092, 5.742885714285708, 0.2826476190476197, 0.7387380952380935, 0.3147666666666638, 0.9186047619047615, 0.8286714285714274, 1.0406571428571396, 2.1327047619047605, 1.2911857142857153, 0.7323142857142846, 0.30834285714285503, 0.46893809523809665, 1.7151571428571397, 2.0877380952380937, 1.0278095238095222, 2.158399999999996, 0.7580095238095251, 0.23125714285714394, 0.5974142857142836, 0.33403809523809563, 0.5717190476190483, 0.7451619047619022, 1.0663523809523803, 0.4882095238095231, 0.10278095238095167, 0.263376190476188, 0.21198571428571214, 0.7001952380952352, 2.1776714285714274, 0.9956904761904727, 0.5203285714285725, 0.11562857142856929, 1.0599285714285716, 3.950642857142852, 0.13490000000000105, 0.057814285714284645, 1.4839000000000009, 0.7130428571428582, 0.07708571428571642, 0.5139047619047638, 0.15417142857142752, 0.29549523809523737, 0.7066190476190494, 0.23125714285714394, 0.9314523809523793, 0.43039523809523844, 0.47536190476190543, 1.4710523809523781, 2.7943571428571428, 3.179785714285709, 1.0085380952380956, 0.9442999999999968, 0.9314523809523793, 0.398276190476189, 1.8115142857142823, 0.19271428571428573, 0.2248333333333351, 1.9399904761904747, 2.126280952380952, 0.8350952380952363, 0.23768095238095271, 1.5545619047619033, 0.7644333333333341, 2.3125714285714287, 0.7901285714285693, 0.9186047619047615, 1.0920476190476154, 0.10278095238095167, 1.702309523809522, 0.057814285714284645, 0.10278095238095167, 0.0064238095238088105, 1.1048952380952384, 1.978533333333333, 0.5974142857142836, 0.5524476190476165, 0.07708571428571642, 5.016995238095232, 0.4368190476190473, 1.297609523809524, 0.5331761904761901, 0.7323142857142846, 1.5352904761904769, 0.5974142857142836, 1.1370142857142824, 4.027728571428568, 0.8222476190476187, 1.4132380952380934, 1.117742857142856, 1.747276190476189, 1.612376190476188, 1.6701904761904727, 0.6552285714285735, 0.8350952380952363, 6.468776190476183, 1.747276190476189, 1.393966666666667, 0.6873476190476177, 0.15417142857142752, 0.7644333333333341, 0.0321190476190494, 0.4368190476190473, 1.2012523809523814, 0.3468857142857132, 1.9528380952380924, 0.2698000000000021, 1.2719142857142838, 1.0406571428571396, 0.04496666666666702, 1.0213857142857132, 1.259066666666666, 1.4196619047619021, 2.0427714285714265, 1.162709523809523, 0.263376190476188, 1.2333714285714252, 0.051390476190475834, 0.012847619047617621, 1.6830380952380954, 0.5652952380952394, 0.32761428571428675, 0.3725809523809538, 0.0, 0.14774761904761868, 0.4046999999999979, 0.0064238095238088105, 0.7837047619047605, 0.0321190476190494, 0.2248333333333351, 0.8929095238095209, 0.7001952380952352, 2.3061476190476142, 0.37900476190476257, 2.5438285714285676, 1.6316476190476197, 0.6488047619047594, 0.5845666666666659, 0.5331761904761901, 0.32119047619047797, 1.663766666666664, 1.0021142857142868, 0.41754761904762083, 0.7387380952380935, 0.2698000000000021, 0.15417142857142752, 0.6359571428571419, 0.20556190476190334, 0.6102619047619066, 0.9764190476190462, 0.08350952380952524, 2.062042857142853, 3.2054809523809498, 1.2333714285714252, 0.25695238095237916, 0.7837047619047605, 0.4368190476190473, 0.32119047619047797, 0.4625142857142879, 0.5781428571428572, 0.982842857142855, 0.5010571428571408, 0.6552285714285735, 0.6745, 0.5074809523809495, 0.8864857142857121, 0.353309523809522, 0.9442999999999968, 0.5524476190476165, 0.6809238095238088, 4.689380952380951, 1.2012523809523814, 1.2333714285714252, 0.08993333333333405, 2.865019047619045, 0.3404619047619044, 0.9057571428571439, 0.8672142857142857, 0.01927142857142643, 0.0064238095238088105, 0.2890714285714286, 0.366157142857145, 0.6680761904761913, 0.6616523809523823, 0.49463333333333187, 0.8607904761904769, 0.10920476190476049, 0.4474405940593988, 0.3673019801980219, 1.6762326732673167, 1.1686881188118796, 0.06010396039603823, 1.5560247524752404, 0.24709405940593432, 0.4207277227722787, 0.6945346534653443, 0.1869900990098961, 0.3606237623762349, 0.5609702970297049, 1.1553316831683058, 0.28048514851485246, 1.0484801980197977, 0.9683415841584098, 1.0217673267326721, 1.1686881188118796, 0.6143960396039617, 0.834777227722765, 0.9282722772277157, 1.4758861386138522, 0.10017326732673223, 0.4207277227722787, 0.2270594059405901, 0.4207277227722787, 0.2404158415841585, 1.2822178217821747, 0.4340841584158359, 1.1419752475247487, 0.5409356435643496, 0.6745, 0.28048514851485246, 1.1620099009900928, 0.747960396039601, 0.6745, 0.10685148514851364, 0.9616633663366283, 0.2938415841584097, 1.0351237623762295, 0.9015594059405901, 2.985163366336617, 1.2955742574257376, 0.6010396039603935, 0.5676485148514864, 0.24709405940593432, 0.8882029702970272, 1.3890693069306828, 0.788029702970295, 0.9750198019801911, 1.1887227722772185, 1.0217673267326721, 1.175366336633661, 0.5209009900990109, 0.40737128712871035, 0.9015594059405901, 0.47415346534652997, 0.6411089108910819, 0.14024257425742623, 0.7947079207920765, 0.6678217821782186, 0.21370297029703283, 0.834777227722765, 1.4024257425742457, 0.6010396039603935, 2.637896039603945, 0.5275792079207923, 0.11352970297029505, 0.34726732673267213, 1.5092772277227593, 3.886722772277207, 1.2555049504950435, 0.7279257425742569, 1.0551584158415792, 1.3089306930693003, 0.3606237623762349, 2.003465346534639, 0.2270594059405901, 0.08681683168316942, 0.6678217821782131, 0.04006930693068844, 5.402678217821753, 0.9416287128712786, 0.2938415841584097, 0.9149158415841584, 0.06678217821781963, 0.554292079207918, 1.9300049504950436, 0.8481336633663332, 0.6878564356435628, 0.18031188118811467, 1.2955742574257376, 0.10017326732673223, 0.7746732673267267, 1.3690346534653441, 1.5693811881188031, 0.3940148514851475, 0.18031188118812025, 0.08681683168316942, 0.6277524752475246, 0.9549851485148468, 0.8548118811881147, 0.5209009900990109, 1.3022524752475189, 1.3156089108910818, 0.46079702970296715, 0.04006930693068844, 0.8948811881188086, 0.4407623762376174, 0.2537722772277213, 1.2888960396039562, 1.141975247524743, 1.4157821782178142, 0.9483069306930655, 1.0685148514851475, 0.2404158415841529, 0.05342574257425682, 0.06010396039603823, 1.3356435643564315, 1.4157821782178142, 0.480831683168317, 0.30051980198019673, 0.45411881188118575, 0.5676485148514807, 1.14865346534653, 0.32055445544554645, 1.5493465346534587, 0.594361386138612, 0.20034653465346447, 0.3071980198019781, 0.10017326732673223, 0.1669554455445574, 2.217168316831672, 1.6161287128712785, 0.6678217821782131, 0.46747524752474856, 0.8280990099009891, 0.18031188118812025, 0.5209009900990109, 0.5743267326732677, 1.702945544554448, 0.02671287128713119, 0.18031188118811467, 0.7546386138613824, 0.6611435643564316, 0.22705940594059565, 2.5310445544554314, 1.4758861386138522, 3.1320841584158248, 0.5609702970297049, 1.5092772277227593, 1.342321782178213, 0.5476138613861365, 0.4140495049504973, 0.40069306930692894, 0.6477871287128633, 1.8765792079207813, 1.4091039603960327, 0.13356435643563927, 0.6945346534653443, 0.3272326732673223, 1.228792079207918, 1.3022524752475189, 0.7746732673267323, 0.6611435643564316, 0.9483069306930599, 0.3940148514851475, 1.1620099009900928, 0.5876831683168305, 0.0734603960396066, 0.634430693069306, 1.9300049504950436, 0.0734603960396066, 0.30051980198019673, 0.026712871287125628, 0.6077178217821748, 0.5209009900990109, 0.4207277227722787, 0.6678217821782131, 0.5609702970296994, 1.1286188118811802, 1.4157821782178142, 0.26712871287128964, 0.6277524752475246, 0.3472673267326665, 0.8481336633663277, 1.0751930693069234, 0.7145693069306884, 0.5810049504950436, 1.2822178217821747, 0.5142227722772296, 0.06010396039604379, 0.7479603960395955, 0.9149158415841584, 0.160277227722776, 0.5743267326732677, 1.222113861386131, 0.7279257425742512, 0.8080643564356392, 0.8414554455445519, 0.6477871287128633, 0.2404158415841585, 0.10685148514851919, 0.554292079207918, 0.547613861386131, 0.5275792079207923, 0.3272326732673223, 0.37398019801980326, 1.3757128712871256, 0.4140495049504973, 1.0952277227722675, 0.34726732673267213, 2.6979999999999835, 0.34058910891089067, 0.46747524752474856, 1.5359900990098907, 0.2537722772277213, 0.6945346534653443, 0.4340841584158415, 0.29384158415841527, 0.3138762376237651, 0.4340841584158359, 0.4941881188118742, 0.20034653465346447, 0.013356435643562814, 0.14692079207920763, 0.9616633663366283, 0.45411881188118575, 1.6762326732673223, 0.4808316831683114, 0.5876831683168305, 0.5209009900990109, 0.3606237623762405, 0.5342574257425737, 0.9416287128712841, 0.06678217821781963, 0.6678217821782131, 0.20702475247524585, 1.7964405940593933, 1.776405940594049, 0.6411089108910819, 2.4375495049504803, 0.5342574257425737, 1.3556782178217759, 1.14865346534653, 0.20702475247524585, 1.342321782178213, 0.9883762376237539, 0.2804851485148469, 0.020034653465349783, 0.7746732673267267, 0.7279257425742569, 0.44076237623762293, 0.8080643564356392, 0.04674752475247541, 0.09349504950495081, 1.4024257425742457, 0.17363366336633326, 0.4340841584158415, 0.8347772277227705, 1.582737623762366, 1.0084108910891036, 1.6561980198019726, 0.9483069306930599, 0.3606237623762405, 1.0952277227722675, 1.8632227722772183, 0.49418811881187974, 1.4224603960395954, 0.5275792079207868, 1.0618366336633605, 1.9567178217821637, 0.5008663366336612, 0.8414554455445463, 0.20702475247524585, 0.20034653465346447, 0.6077178217821748, 0.547613861386131, 0.3272326732673279, 0.6544653465346502, 3.0519455445544366, 0.868168316831683, 1.4959207920791966, 0.4674752475247541, 0.07346039603960104, 1.2354702970296938, 0.8347772277227705, 0.04006930693068844, 0.7078910891089071, 0.40737128712871035, 0.4808316831683114, 0.5876831683168305, 0.21370297029703283, 1.2154356435643496, 0.20034653465346447, 0.16027722772277048, 0.7746732673267323, 0.5609702970297049, 0.21370297029703283, 0.46079702970296715, 1.4091039603960327, 0.3071980198019781, 1.5293118811881092, 2.5310445544554367, 0.3806584158415847, 0.020034653465349783, 0.594361386138612, 4.294094059405918, 0.21370297029702728, 1.6561980198019668, 0.8080643564356392, 2.137029702970284, 0.6945346534653386, 0.8147425742574207, 1.101905940594049, 0.46079702970297276, 1.7163019801980106, 1.62280693069306, 0.5342574257425737, 1.8832574257425683, 0.6544653465346502, 1.1152623762376173, 1.7096237623762294, 1.8431881188118686, 0.6344306930693004, 1.7764059405940544, 0.6678217821782131, 1.9901089108910763, 0.160277227722776, 0.4941881188118742, 0.8748465346534644, 0.861490099009896, 1.3489999999999942, 0.34058910891089067, 0.9015594059405845, 1.1019059405940546, 3.172153465346519, 1.075193069306929, 1.836509900990093, 0.29384158415841527, 1.3222871287128688, 0.3472673267326665, 0.09349504950495081, 0.6344306930693004, 1.3556782178217759, 0.22038118811881424, 0.6277524752475246, 0.8481336633663277, 0.10685148514851364, 0.861490099009896, 1.702945544554448, 1.0551584158415792, 0.2804851485148469, 1.035123762376235, 0.12688613861386341, 0.5676485148514864, 1.228792079207918, 0.6477871287128688, 1.222113861386131, 0.26045049504950823, 0.18031188118812025, 1.3022524752475135, 0.5142227722772296, 1.8765792079207868, 0.49418811881187974, 0.3339108910891093, 0.3873366336633661, 1.6962673267326664, 1.836509900990093, 0.5743267326732622, 0.3071980198019781, 1.9099702970296937, 0.4808316831683114, 0.5810049504950436, 0.747960396039601, 0.37398019801979776, 1.3757128712871256, 0.2404158415841529, 0.033391089108907035, 0.3606237623762349, 0.09349504950494526, 1.682910891089098, 1.4157821782178142, 0.7279257425742512, 1.3156089108910818, 0.7078910891089071, 0.8013861386138523, 0.2203811881188087, 0.7279257425742512, 0.8414554455445519, 1.295574257425732, 0.554292079207918, 0.8080643564356392, 0.14692079207920763, 0.7546386138613824, 0.9750198019801911, 0.2537722772277213, 0.7813514851485136, 0.7012128712871256, 0.3873366336633661, 0.781351485148508, 0.9683415841584098, 1.8966138613861252, 0.21370297029703283, 0.8347772277227705, 1.542668316831672, 0.6878564356435628, 0.7279257425742569, 0.1669554455445574, 0.3272326732673223, 0.07346039603960104, 0.9215940594059399, 0.10017326732673223, 1.4892425742574207, 0.020034653465349783, 0.8748465346534644, 0.2270594059405901, 0.11352970297030061, 0.28716336633663386, 0.3472673267326665, 0.14692079207920763, 0.14692079207920763, 1.4024257425742512, 0.40069306930692894, 0.4674752475247541, 1.9433613861386063, 0.3138762376237595, 0.13356435643563927, 0.3272326732673223, 0.4474405940593988, 0.3806584158415791, 1.015089108910885, 0.6010396039603935, 0.6744999999999944, 0.04674752475247541, 2.4108366336633495, 0.033391089108907035, 0.6678217821782186, 0.6744999999999944, 1.4625297029702895, 1.7096237623762238, 0.9483069306930655, 0.7346039603960383, 0.5142227722772296, 1.1954009900989997, 1.108584158415836, 1.015089108910885, 1.3690346534653388, 1.2087574257425682, 3.6129158415841416, 1.0551584158415792, 1.3356435643564315, 0.2871633663366283, 0.28048514851485246, 0.861490099009896, 0.30051980198019673, 1.2488267326732565, 0.9883762376237595, 0.634430693069306, 0.587683168316825, 0.18031188118812025, 0.6277524752475246, 0.5209009900990054, 0.4741534653465355, 0.28716336633663386, 0.06010396039604379, 0.3606237623762349, 1.6561980198019726, 0.11352970297029505, 1.342321782178213, 1.295574257425732, 0.7212475247524698, 1.82315346534653, 1.7964405940593988, 0.12688613861386341, 0.6411089108910873, 0.160277227722776, 0.6411089108910873, 0.10685148514851364, 2.003465346534645, 0.6878564356435628, 2.6979999999999884, 1.222113861386131, 1.3623564356435574, 1.2955742574257376, 0.7546386138613824, 0.3940148514851475, 0.8147425742574207, 0.9483069306930655, 0.2604504950495027, 1.3623564356435574, 0.6143960396039562, 2.544400990099, 0.6411089108910873, 0.33391089108910377, 0.587683168316825, 1.0084108910891036, 0.9015594059405901, 0.12688613861385786, 1.9166485148514751, 0.4140495049504973, 0.46747524752474856, 2.297306930693054, 0.8080643564356392, 1.0351237623762295, 1.1286188118811802, 0.24709405940593432, 0.22038118811881424, 0.18031188118811467, 0.6210742574257431, 0.0, 0.160277227722776, 0.5075445544554426, 0.5743267326732622, 0.24709405940593432, 0.06678217821781963, 0.40069306930692894, 0.026712871287125628, 0.09349504950495081, 0.9483069306930599, 0.5075445544554426, 0.013356435643562814, 1.2421485148514808, 1.3623564356435574, 1.3222871287128632, 1.8498663366336556, 1.0685148514851475, 0.3405891089108851, 1.1486534653465243, 0.8481336633663277, 0.42740594059405457, 0.7813514851485136, 0.5810049504950436, 1.4491732673267266, 0.7746732673267267, 0.834777227722765, 1.4758861386138522, 0.30051980198019673, 1.6228069306930657, 0.5943613861386063, 0.3673019801980219, 0.6210742574257375, 0.5810049504950491, 1.5894158415841473, 0.5142227722772296, 0.14692079207920763, 1.7964405940593988, 1.515955445544546, 0.20034653465346447, 0.46747524752474856, 0.6411089108910819, 1.14865346534653, 1.8365099009900872, 1.4692079207920707, 0.9616633663366283, 1.0418019801980163, 0.5342574257425682, 0.18699009900990163, 0.11352970297029505, 0.8080643564356392, 1.515955445544546, 0.5943613861386063, 0.9816980198019781, 0.6344306930693004, 0.587683168316825, 1.262183168316825, 0.788029702970295, 0.3071980198019781, 0.554292079207918, 1.0351237623762295, 0.2203811881188087, 1.4091039603960327, 1.3022524752475135, 1.7096237623762294, 0.35394554455445354, 1.0084108910891036, 0.020034653465349783, 0.1869900990098961, 1.783084158415836, 1.3156089108910818, 0.2604504950495027, 0.3138762376237595, 0.2604504950495027, 0.30051980198019673, 0.14692079207920763, 0.08681683168316387, 2.357410891089098, 1.2221138613861366, 0.42072772277227316, 0.9950544554455408, 0.026712871287125628, 2.6445742574257265, 0.4340841584158415, 1.4291386138613769, 0.14024257425742068, 0.5008663366336612, 2.7313910891088957, 1.1620099009900928, 0.7746732673267323, 1.3156089108910818, 1.2755396039603935, 1.2755396039603935, 0.5142227722772296, 0.0, 0.2537722772277213, 0.8548118811881147, 0.05342574257425682, 0.13356435643564482, 1.0217673267326721, 0.3606237623762405, 1.1486534653465243, 1.0084108910891036, 0.47415346534652997, 1.262183168316825, 0.32055445544554645, 0.3472673267326665, 2.791495049504934, 1.7630495049504862, 1.0751930693069234, 0.8548118811881147, 0.26712871287128964, 0.42072772277227316, 0.6678217821782186, 0.5209009900990054, 0.8147425742574207, 1.7964405940593933, 0.2537722772277213, 1.449173267326721, 2.2839504950494973, 0.35394554455445354, 1.2287920792079123, 0.05342574257425682, 0.7346039603960327, 0.26712871287128964, 1.1286188118811857, 0.08681683168316942, 1.228792079207918, 0.714569306930694, 1.2755396039603935, 0.9483069306930655, 0.7012128712871201, 0.9416287128712841, 2.043534653465333, 1.182044554455437, 1.6762326732673167, 0.14692079207920763, 1.0551584158415792, 1.4758861386138522, 0.033391089108907035, 1.0618366336633605, 1.4024257425742512, 1.1620099009900928, 0.2604504950495027, 0.34726732673267213, 0.37398019801980326, 1.2354702970296993, 2.0234999999999888, 0.040069306930694, 1.2488267326732623, 0.9750198019801911, 0.5943613861386063, 0.7012128712871256, 0.40069306930692894, 0.48750990099009833, 0.4340841584158359, 0.0066782178217869685, 1.2354702970296993, 1.202079207920787, 1.0551584158415792, 1.0618366336633605, 1.4424950495049453, 0.9750198019801967, 0.33391089108910377, 1.6962673267326664, 1.3623564356435574, 0.42740594059405457, 0.7813514851485136, 0.2404158415841585, 0.874846534653459, 0.9816980198019726, 2.8182079207920596, 1.8632227722772183, 4.334163366336606, 0.2537722772277213, 1.9366831683168249, 2.123673267326721, 0.8347772277227705, 0.3071980198019781, 0.5876831683168305, 1.1419752475247487, 0.05342574257425682, 0.080138613861388, 0.3606237623762349, 0.13356435643564482, 0.8882029702970217, 1.9967871287128633, 0.17363366336633884, 1.3823910891089068, 0.5075445544554426, 0.20034653465346447, 0.7212475247524753, 0.5275792079207868, 0.2404158415841585, 0.6143960396039562, 0.10017326732673223, 0.3806584158415847, 1.6762326732673167, 1.2287920792079123, 0.9215940594059399, 2.163742574257415, 0.3873366336633661, 0.10017326732673223, 0.23373762376237706, 0.5275792079207868, 0.26045049504950823, 0.20702475247524585, 1.4758861386138522, 0.7279257425742569, 0.5142227722772239, 0.14692079207920763, 1.3222871287128632, 0.02671287128713119, 0.8414554455445463, 0.09349504950494526, 0.4674752475247541, 1.5627029702970219, 0.7279257425742512, 0.40737128712871035, 2.2305247524752403, 0.627752475247519, 0.6745, 0.3272326732673279, 2.52436633663365, 0.5209009900990054, 1.3222871287128632, 0.21370297029702728, 0.45411881188118575, 0.4941881188118742, 0.2337376237623715, 1.7096237623762294, 1.2421485148514808, 0.013356435643568376, 1.0685148514851475, 0.480831683168317, 0.6010396039603935, 2.1971336633663276, 1.175366336633661, 0.3606237623762349, 0.5676485148514807, 0.12688613861385786, 2.0101435643564205, 1.9166485148514751, 0.15359900990098904, 0.1669554455445574, 1.7163019801980106, 1.7630495049504862, 1.809797029702956, 0.26045049504950823, 1.2955742574257376, 1.0084108910891036, 1.82315346534653, 1.4291386138613824, 0.37398019801980326, 0.5943613861386063, 0.5275792079207868, 0.2604504950495027, 1.0084108910891036, 0.9616633663366283, 1.6695544554455353, 0.160277227722776, 0.5810049504950436, 0.36730198019801635, 0.30051980198019673, 0.3138762376237595, 0.7546386138613824, 0.16027722772277048, 0.09349504950494526, 0.3606237623762349, 1.2154356435643496, 0.554292079207918, 1.0418019801980163, 0.9416287128712841, 0.07346039603960104, 2.190455445544541, 0.14024257425742623, 0.17363366336633326, 0.7012128712871201, 0.02003465346534422, 1.9300049504950378, 1.8765792079207813, 0.3272326732673223, 0.1869900990098961, 0.24709405940593987, 0.5876831683168305, 1.0484801980197922, 1.4424950495049396, 0.40737128712871035, 0.3606237623762405, 0.2938415841584097, 0.7078910891089071, 0.04674752475247541, 0.6277524752475246, 0.09349504950495081, 1.4024257425742512, 1.095227722772273, 0.08681683168316387, 0.42740594059406006, 0.9883762376237595, 1.1419752475247487, 0.3940148514851475, 0.05342574257425682, 0.821420792079202, 0.5409356435643552, 1.702945544554448, 0.6210742574257375, 0.4474405940594043, 0.821420792079202, 2.1437079207920706, 0.8080643564356392, 1.2488267326732565, 1.2154356435643496, 0.33391089108910377, 0.6143960396039617, 0.16027722772277048, 1.7163019801980106, 1.4358168316831583, 0.32055445544554645, 0.868168316831683, 0.06010396039603823, 0.8214207920792076, 1.2755396039603935, 1.1152623762376173, 0.40069306930692894, 0.22038118811881424, 0.35394554455445354, 0.4140495049504917, 0.06678217821781963, 0.9683415841584098, 0.42072772277227316, 0.42740594059406006, 0.2738069306930655, 0.861490099009896, 0.26045049504950823, 1.7363366336633606, 1.1486534653465243, 0.24709405940593987, 1.475886138613858, 0.8481336633663332, 2.0368564356435575, 0.5409356435643552, 0.8815247524752459, 1.3823910891089068, 1.39574752475247, 0.6745, 0.5943613861386063, 0.5810049504950436, 0.14692079207920763, 0.7613168316831638, 0.15359900990098904, 0.8414554455445519, 0.10685148514851919, 0.3272326732673279, 1.2354702970296938, 1.342321782178213, 0.8548118811881147, 0.7012128712871256, 1.1286188118811802, 0.7746732673267267, 0.8882029702970272, 0.7613168316831638, 2.3039851485148413, 0.5676485148514807, 1.856544554455437, 0.6143960396039562, 0.0, 0.2404158415841529, 0.10017326732673223, 0.14692079207920763, 2.75142574257424, 0.40069306930692894, 1.1019059405940546, 1.4291386138613824, 1.8498663366336499, 0.9816980198019781, 0.45411881188118575, 0.8815247524752403, 1.8031188118811803, 0.27380693069307105, 1.5693811881188031, 1.836509900990093, 0.2404158415841529, 0.7346039603960327, 0.17363366336633884, 1.0885495049504916, 1.0084108910891036, 1.4291386138613824, 0.10017326732673223, 0.3071980198019781, 1.449173267326721, 0.5476138613861365, 0.12688613861385786, 0.3071980198019781, 0.9015594059405845, 0.4207277227722787, 0.02003465346534422, 0.7947079207920709, 0.10685148514851919, 0.8347772277227705, 1.7964405940593988, 0.9149158415841528, 0.5342574257425682, 1.1486534653465243, 0.8948811881188086, 0.12020792079207646, 0.17363366336633326, 1.188722772277224, 0.6544653465346502, 0.4941881188118742, 0.6143960396039617, 0.06678217821782519, 0.3071980198019781, 0.5342574257425682, 0.12688613861386341, 0.2671287128712841, 0.2203811881188087, 1.0284455445544534, 0.788029702970295, 0.16695544554455188, 2.517688118811869, 0.20702475247524585, 0.394014851485142, 2.2505594059405847, 1.2154356435643496, 0.34058910891089067, 0.040069306930694, 0.14692079207920763, 2.3039851485148355, 2.3240198019801857, 0.42740594059406006, 0.6210742574257375, 0.9950544554455408, 0.861490099009896, 0.2537722772277213, 0.26045049504950823, 0.394014851485142, 1.8365099009900872, 1.776405940594049, 0.8280990099009891, 0.4674752475247541, 0.5008663366336612, 0.7613168316831638, 0.28048514851485246, 0.4340841584158359, 0.834777227722765, 0.47415346534652997, 0.20034653465346447, 0.6878564356435573, 1.0017326732673166, 0.14692079207920763, 3.0920148514851307, 1.0217673267326666, 0.3606237623762405, 3.399212871287109, 7.586455445544512, 0.874846534653459, 0.06010396039604379, 0.821420792079202, 0.5476138613861365, 0.02671287128713119, 3.005198019801961, 0.07346039603960104, 0.3272326732673223, 0.9549851485148468, 0.554292079207918, 6.4044108910890705, 0.7346039603960327, 0.40069306930692894, 1.8298316831683057, 0.594361386138612, 0.8280990099009834, 4.561222772277202, 0.46747524752474856, 1.5693811881188031, 0.6678217821782131, 2.6579306930692894, 2.6846435643564206, 1.068514851485142, 0.36730198019801635, 1.0751930693069234, 2.1837772277227594, 1.182044554455437, 0.6744999999999944, 1.8498663366336556, 0.7679950495049453, 0.7679950495049453, 0.9750198019801967, 0.2738069306930655, 0.28048514851485246, 0.7412821782178196, 0.45411881188118575, 0.5008663366336612, 0.23373762376237706, 1.2087574257425682, 0.4674752475247541, 0.013356435643568376, 0.4140495049504973, 0.3138762376237651, 0.8882029702970272, 0.14692079207920763, 1.14865346534653, 0.5676485148514807, 0.026712871287125628, 0.861490099009896, 0.4207277227722787, 0.554292079207918, 0.5810049504950436, 0.24709405940593432, 0.7412821782178196, 0.9950544554455408, 0.9816980198019781, 1.3489999999999942, 0.2203811881188087, 0.5609702970296994, 0.3405891089108851, 0.7012128712871201, 0.21370297029703283, 1.0551584158415792, 0.5943613861386063, 3.4659950495049343, 1.4692079207920707, 1.3757128712871256, 1.5760594059405846, 1.228792079207918, 0.08681683168316942, 0.5209009900990054, 1.1954009900990055, 0.8280990099009834, 0.3940148514851475, 0.11352970297030061, 2.003465346534639, 0.8414554455445519, 0.7279257425742512, 0.4474405940593988, 0.14024257425742623, 2.0101435643564205, 0.594361386138612, 1.9500396039603878, 1.682910891089098, 0.1869900990098961, 0.5876831683168305, 0.4808316831683114, 0.2270594059405901, 0.37398019801979776, 0.32055445544554095, 0.8948811881188086, 1.1887227722772185, 0.6010396039603935, 1.0084108910891036, 2.4509059405940437, 1.856544554455437, 0.5075445544554426, 0.714569306930694, 1.5560247524752404, 0.006678217821781407, 1.729658415841579, 0.42740594059406006, 0.4941881188118742, 0.9816980198019726, 0.20702475247524585, 0.9483069306930655, 0.14024257425742623, 0.2671287128712841, 0.4340841584158359, 0.160277227722776, 6.704930693069267, 0.6210742574257431, 0.7546386138613824, 5.135549504950464, 0.19366831683167748, 0.8147425742574262, 0.3806584158415847, 0.834777227722765, 0.46079702970296715, 1.0418019801980107, 0.27380693069307105, 0.6077178217821748, 1.4358168316831583, 1.342321782178213, 0.2671287128712841, 1.141975247524743, 0.9082376237623715, 1.1553316831683058, 1.1152623762376173, 0.22038118811881424, 1.035123762376235, 0.0734603960396066, 0.2337376237623715, 0.46747524752474856, 0.7546386138613824, 0.7012128712871256, 0.7679950495049508, 0.861490099009896, 0.6744999999999944, 0.34726732673267213, 0.34726732673267213, 1.3289653465346447, 0.8548118811881147, 1.8699009900989998, 2.3106633663366174, 0.8481336633663332, 0.28716336633663386, 0.5476138613861365, 0.2671287128712841, 1.2287920792079123, 1.4358168316831639, 0.8681683168316775, 0.7012128712871201, 0.8414554455445519, 8.574831683168266, 1.0551584158415792, 2.5911485148514695, 1.4491732673267266, 0.15359900990098904, 0.7212475247524753, 0.20034653465346447, 0.2537722772277213, 1.5827376237623714, 0.2604504950495027, 0.006678217821781407, 0.7212475247524698, 0.7679950495049508, 0.08681683168316387, 0.2738069306930655, 0.20034653465346447, 0.4741534653465355, 0.3071980198019781, 0.0066782178217869685, 0.17363366336633326, 2.1837772277227594, 7.760089108910846, 0.5876831683168305, 0.9349504950494971, 1.5092772277227648, 0.5676485148514807, 0.3339108910891093, 0.6878564356435573, 0.4140495049504917, 0.894881188118803, 0.2537722772277213, 0.40737128712871035, 0.32055445544554095, 0.3272326732673279, 0.09349504950495081, 1.702945544554448, 0.7279257425742512, 0.160277227722776, 0.02003465346534422, 1.7697277227722676, 1.9300049504950378, 0.12020792079207646, 0.37398019801979776, 1.2955742574257376, 0.11352970297030061, 0.394014851485142, 1.9700742574257322, 0.9082376237623715, 0.4474405940593988, 0.46079702970297276, 0.47415346534652997, 0.09349504950495081, 0.2404158415841585, 1.182044554455437, 1.6495198019801856, 1.0284455445544478, 0.40737128712871035, 0.788029702970295, 1.495920792079202, 0.4875099009900928, 0.06010396039603823, 0.28716336633663386, 0.9215940594059343, 0.9683415841584153, 4.367554455445519, 0.6010396039603935, 3.779871287128688, 0.29384158415841527, 0.05342574257425682, 0.0, 0.5209009900990054, 0.49418811881187974, 0.45411881188118575, 0.8548118811881147, 0.23373762376237706, 0.8882029702970272, 1.2020792079207812, 1.6628762376237538, 1.5293118811881146, 0.26045049504950823, 0.46079702970297276, 0.2270594059405901, 0.14024257425742623, 0.16695544554455188, 0.6411089108910819, 0.6143960396039617, 0.33391089108910377, 0.080138613861388, 0.040069306930694, 0.04006930693068844, 1.1686881188118743, 0.08681683168316942, 5.409356435643535, 1.342321782178213, 0.868168316831683, 1.1286188118811857, 0.4140495049504973, 1.542668316831672, 0.5676485148514864, 1.642841584158404, 0.2337376237623715, 0.2938415841584097, 1.2955742574257376, 0.6611435643564316, 1.7229801980197976, 0.3272326732673223, 1.175366336633661, 1.2822178217821691, 0.14024257425742623, 0.5476138613861365, 0.6878564356435573, 0.7546386138613824, 1.1954009900989997, 0.7746732673267267, 0.2938415841584097, 0.7679950495049508, 0.080138613861388, 0.26712871287128964, 0.0066782178217869685, 0.8280990099009891, 0.594361386138612, 0.34726732673267213, 1.255504950495038, 0.15359900990098904, 0.32055445544554095, 0.46079702970296715, 1.268861386138612, 0.36730198019801635, 1.0551584158415792, 0.4474405940594043, 0.6210742574257431, 1.1620099009900928, 0.634430693069306, 0.02671287128713119, 0.6477871287128688, 0.04674752475247541, 0.28716336633663386, 0.5209009900990109, 1.5493465346534587, 0.2203811881188087, 0.6878564356435628, 2.27727227722771, 1.4491732673267266, 0.8548118811881147, 0.37398019801980326, 0.4340841584158359, 1.6561980198019726, 3.8533316831682947, 5.876831683168283, 0.5142227722772296, 2.397480198019786, 0.4140495049504973, 2.7313910891088957, 0.06010396039604379, 2.043534653465333, 0.08013861386138245, 1.4358168316831583, 3.799905940594038, 0.34058910891089067, 4.634683168316802, 6.4044108910890705, 0.7078910891089071, 0.13356435643564482, 0.554292079207918, 4.080391089108885, 0.6811782178217813, 0.8147425742574262, 1.7496930693069233, 1.228792079207918, 0.3606237623762405, 0.5342574257425737, 0.3405891089108851, 0.15359900990098904, 0.8080643564356392, 1.255504950495038, 1.32896534653465, 0.5609702970297049, 1.3222871287128688, 0.8280990099009891, 0.6945346534653386, 0.4407623762376174, 1.7563712871287047, 1.582737623762366, 0.6611435643564316, 0.6745, 5.409356435643535, 0.17363366336633326, 3.766514851485125, 1.0084108910891036, 0.3806584158415791, 1.642841584158404, 1.9834306930692949, 0.10685148514851919, 1.222113861386131, 0.46747524752474856, 1.5293118811881146, 2.27727227722771, 0.45411881188118575, 0.634430693069306, 2.257237623762366, 1.0618366336633605, 0.27380693069307105, 0.5075445544554426, 0.0734603960396066, 0.35394554455445354, 1.068514851485142, 0.16695544554455188, 0.11352970297030061, 1.0618366336633605, 1.702945544554448, 0.09349504950495081, 2.0101435643564263, 0.15359900990098904, 0.5743267326732677, 2.0702475247524643, 0.6811782178217813, 2.3440544554455354, 0.4140495049504917, 0.15359900990098904, 0.7012128712871201, 0.4875099009900928, 0.12688613861386341, 1.1152623762376173, 0.12688613861385786, 0.06678217821782519, 0.6210742574257375, 0.9282722772277157, 0.6878564356435628, 0.16027722772277048, 0.7880297029702894, 0.554292079207918, 1.3089306930693003, 0.05342574257425682, 0.6344306930693004, 0.2337376237623715, 1.7163019801980106, 0.5609702970296994, 0.4407623762376174, 0.9816980198019781, 0.9883762376237595, 0.9750198019801911, 0.9683415841584153, 5.162262376237596, 0.09349504950495081, 1.175366336633661, 0.04674752475247541, 1.6428415841584096, 0.20702475247524585, 0.6678217821782131, 0.0, 0.28716336633663386, 1.9032920792079124, 0.14024257425742068, 0.9616633663366283, 0.2537722772277213, 1.141975247524743, 0.6878564356435573, 1.1286188118811857, 0.6010396039603935, 1.14865346534653, 0.27380693069307105, 0.11352970297029505, 0.6210742574257431, 0.24709405940593432, 0.1669554455445574, 0.7679950495049453, 1.4224603960396012, 1.2154356435643496, 0.04674752475247541, 0.7947079207920765, 2.2906287128712783, 0.20034653465346447, 4.975272277227693, 0.4741534653465355, 5.055410891089081, 0.834777227722765, 0.6678217821782131, 0.30051980198019673, 0.6210742574257375, 0.7880297029702894, 0.08013861386138245, 0.040069306930694, 1.1286188118811857, 0.5743267326732622, 0.14692079207920763, 0.6878564356435628, 0.7212475247524753, 2.3039851485148413, 0.42740594059406006, 0.21370297029703283, 1.0818712871287104, 0.21370297029702728, 0.6411089108910819, 0.0066782178217869685, 0.6945346534653443, 0.6544653465346502, 0.040069306930694, 1.4892425742574207, 0.17363366336633326, 2.0836039603960326, 1.2421485148514808, 1.0418019801980107, 0.5743267326732622, 0.05342574257425682, 1.5960940594059343, 0.6143960396039617, 0.27380693069307105, 1.3022524752475189, 1.8765792079207868, 1.2555049504950435, 0.8481336633663332, 0.15359900990098904, 0.9750198019801911, 1.4825643564356337, 0.2404158415841529, 0.46747524752474856, 0.2404158415841585, 0.9683415841584153, 0.3673019801980219, 1.8431881188118742, 1.1753663366336555, 0.36730198019801635, 1.1019059405940546, 0.7947079207920765, 0.160277227722776, 0.18031188118812025, 1.7964405940593988, 0.8948811881188086, 0.7479603960395955, 1.836509900990093, 0.26045049504950823, 1.2888960396039562, 0.40069306930692894, 0.5008663366336612, 0.0734603960396066, 0.2404158415841585, 2.177099009900978, 0.11352970297029505, 0.18699009900990163, 0.6143960396039617, 0.8280990099009891, 2.8849900990098907, 0.12688613861386341, 0.5743267326732622, 0.5342574257425737, 1.1620099009900928, 0.06678217821782519, 0.4407623762376174, 0.6143960396039562, 1.141975247524743, 0.026712871287125628, 0.6010396039603935, 1.101905940594049, 0.20702475247524585, 1.268861386138612, 0.547613861386131, 0.7679950495049453, 0.26045049504950823, 1.0551584158415792, 0.2337376237623715, 1.228792079207918, 1.3823910891089015, 0.7880297029702894, 0.49418811881187974, 1.8031188118811803, 0.3272326732673223, 1.1820445544554428, 0.9950544554455408, 0.10685148514851919, 0.2404158415841585, 0.7212475247524698, 0.9950544554455408, 0.37398019801979776, 1.4825643564356337, 0.7212475247524753, 0.42740594059406006, 0.3405891089108851, 2.0836039603960326, 1.7764059405940544, 1.3823910891089068, 0.3806584158415791, 0.7813514851485136, 0.9883762376237595, 2.257237623762366, 1.095227722772273, 0.4808316831683114, 0.22038118811881424, 0.9549851485148468, 0.40737128712871035, 0.5743267326732622, 0.02671287128713119, 0.4140495049504973, 0.6678217821782186, 1.1820445544554428, 0.7012128712871201, 0.013356435643562814, 1.642841584158404, 0.3272326732673279, 0.08681683168316942, 0.47415346534652997, 1.3156089108910818, 0.42740594059406006, 0.0066782178217869685, 1.4825643564356337, 0.9950544554455353, 0.18031188118811467, 0.080138613861388, 1.3156089108910818, 0.7746732673267323, 0.594361386138612, 0.2404158415841529, 0.2604504950495027, 0.08681683168316942, 0.9149158415841528, 0.7412821782178141, 0.8548118811881147, 1.015089108910885, 1.2822178217821747, 0.4474405940593988, 1.0685148514851475, 1.0017326732673224, 0.9950544554455408, 1.8498663366336499, 0.7078910891089071, 0.9082376237623715, 1.4625297029702895, 1.9099702970296883, 0.7346039603960383, 1.068514851485142, 0.9950544554455353, 0.08013861386138245, 0.4207277227722787, 0.6811782178217758, 1.5092772277227593, 0.19366831683168306, 0.5609702970297049, 0.9215940594059399, 0.4741534653465355, 0.26712871287128964, 2.063569306930677, 1.1286188118811802, 0.9349504950495027, 0.781351485148508, 1.1553316831683114, 0.6344306930693004, 1.1152623762376173, 0.08013861386138245, 0.04006930693068844, 0.3873366336633606, 1.5693811881188031, 1.4157821782178142, 0.9282722772277213, 1.5760594059405846, 1.3156089108910818, 0.6811782178217758, 0.12020792079207646, 0.49418811881187974, 1.1753663366336555, 1.4625297029702895, 1.4157821782178142, 2.063569306930677, 0.6611435643564316, 0.34726732673267213, 0.480831683168317, 0.06678217821782519, 1.816475247524743, 1.3757128712871256, 2.2238465346534535, 0.35394554455445354, 0.5342574257425737, 1.1152623762376173, 0.3873366336633661, 0.09349504950494526, 0.7880297029702894, 0.23373762376237706, 0.12020792079208201, 0.627752475247519, 0.040069306930694, 0.8882029702970272, 1.3823910891089015, 0.20702475247524585, 0.3606237623762349, 0.9483069306930599, 0.04674752475247541, 2.9651287128712673, 0.20034653465346447, 0.5609702970296994, 0.28048514851485246, 0.35394554455445354, 1.5894158415841473, 1.0017326732673224, 0.46747524752474856, 0.9816980198019726, 0.7279257425742512, 0.4140495049504917, 0.5209009900990054, 0.0734603960396066, 0.480831683168317, 0.0, 0.9416287128712786, 0.6477871287128633, 0.8280990099009834, 0.34058910891089067, 0.20034653465346447, 0.30051980198019673, 2.1637425742574097, 0.9616633663366283, 0.8214207920792076, 0.6010396039603935, 0.5075445544554426, 0.24709405940593432, 4.935202970296999, 0.9416287128712786, 1.14865346534653, 0.16695544554455188, 0.5075445544554426, 1.0818712871287104, 0.42740594059405457, 1.0885495049504916, 1.0217673267326721, 2.063569306930683, 0.02003465346534422, 1.2087574257425682, 1.1352970297029614, 0.5342574257425682, 0.6678217821782186, 0.040069306930694, 0.8815247524752459, 0.3940148514851475, 1.1019059405940546, 1.1419752475247487, 1.515955445544546, 0.6878564356435628, 0.8080643564356392, 1.4291386138613824, 0.29384158415841527, 0.7012128712871256, 0.19366831683167748, 1.0284455445544534, 0.3806584158415847, 0.7813514851485136, 3.1387623762376062, 0.9549851485148468, 0.6210742574257375, 0.3071980198019781, 0.17363366336633326, 0.4340841584158415, 1.8498663366336499, 0.05342574257425682, 0.03339108910891259, 0.30051980198019673, 2.190455445544541, 0.30051980198019673, 0.7212475247524698, 0.6277524752475246, 0.33391089108910377, 2.1837772277227647, 0.6678217821782186, 0.2404158415841585, 0.4474405940593988, 0.9215940594059399, 1.7363366336633606, 0.12020792079208201, 1.2955742574257376, 0.5275792079207923, 1.5226336633663275, 2.484297029702956, 1.088549504950486, 1.956717821782169, 1.6561980198019726, 0.3071980198019781, 1.0551584158415792, 0.20034653465346447, 0.3138762376237651, 1.3690346534653441, 0.4340841584158359, 0.10685148514851364, 1.9967871287128633, 0.747960396039601, 0.6143960396039617, 2.357410891089098, 1.3890693069306885, 0.24709405940593987, 0.4941881188118742, 0.14692079207920763, 0.5075445544554426, 1.2555049504950435, 0.6143960396039617, 0.37398019801979776, 0.9950544554455353, 0.2604504950495027, 1.62280693069306, 0.26712871287128964, 0.5743267326732677, 0.3071980198019781, 0.7746732673267267, 0.5008663366336612, 1.6895891089108794, 0.20034653465346447, 0.714569306930694, 1.6161287128712785, 0.05342574257425682, 0.587683168316825, 0.9616633663366283, 0.8013861386138523, 0.8347772277227705, 0.7613168316831638, 0.9816980198019726, 0.3405891089108851, 1.3489999999999942, 0.5676485148514864, 1.589415841584153, 1.0284455445544534, 0.5342574257425737, 0.7880297029702894, 0.2938415841584097, 1.2354702970296938, 1.449173267326721, 0.874846534653459, 0.6010396039603935, 1.228792079207918, 0.5409356435643552, 0.7679950495049508, 0.554292079207918, 0.6811782178217813, 0.24709405940593432, 0.17363366336633884, 1.7163019801980106, 1.1954009900990055, 0.4474405940593988, 0.48750990099009833, 1.4825643564356392, 1.1152623762376173, 1.1620099009900928, 2.0568910891089014, 0.11352970297029505, 0.14024257425742623, 0.3606237623762349, 0.35394554455445354, 1.1954009900990055, 0.35394554455445354, 0.554292079207918, 0.5275792079207923, 1.1954009900990055, 1.14865346534653, 1.7096237623762294, 0.8347772277227705, 0.4474405940593988, 0.2537722772277213, 0.20034653465346447, 0.6344306930693004, 1.0217673267326666, 0.5008663366336612, 0.08681683168316387, 0.29384158415841527, 1.268861386138612, 0.013356435643562814, 0.9816980198019781, 0.894881188118803, 1.3690346534653441, 0.1669554455445574, 0.21370297029703283, 1.015089108910885, 1.0217673267326721, 0.5342574257425682, 0.2804851485148469, 0.627752475247519, 0.8147425742574262, 0.2270594059405901, 0.6277524752475246, 1.4157821782178142, 1.8632227722772183, 0.4474405940594043, 0.13356435643564482, 0.08681683168316387, 0.4808316831683114, 0.4941881188118742, 1.3089306930693003, 0.8414554455445463, 0.45411881188118575, 0.5209009900990109, 0.06678217821781963, 0.09349504950495081, 0.20034653465346447, 0.9349504950495027, 1.3890693069306828, 0.05342574257425682, 2.2839504950494973, 0.5275792079207923, 1.2154356435643496, 0.6544653465346502, 0.013356435643568376, 1.4625297029702895, 0.2871633663366283, 0.6611435643564316, 1.776405940594049, 0.45411881188118575, 0.4941881188118742, 1.62280693069306, 1.3489999999999942, 0.2938415841584097, 1.141975247524743, 0.35394554455445354, 0.6477871287128633, 0.6544653465346502, 0.4140495049504973, 1.629485148514847, 0.20034653465346447, 0.3806584158415847, 0.20034653465346447, 1.4358168316831583, 0.2738069306930655, 0.32055445544554095, 4.494440594059382, 10.438054455445485, 1.4024257425742512, 0.49418811881187974, 0.12688613861385786, 0.06678217821782519, 0.013356435643562814, 0.8214207920792076, 6.9920940594059005, 6.417767326732639, 9.790267326732623, 5.375965346534622, 2.2839504950494915, 0.9215940594059343, 1.9300049504950378, 0.1869900990098961, 1.295574257425732, 0.32055445544554645, 0.5209009900990109, 1.5693811881188031, 0.37398019801980326, 5.068767326732644, 0.9750198019801911, 1.489242574257415, 6.758356435643524, 4.200599009900967, 0.06010396039603823, 3.6730198019801743, 1.0217673267326721, 1.5226336633663333, 4.347519801980174, 0.5342574257425737, 0.160277227722776, 3.372499999999978, 0.6878564356435573, 1.7897623762376171, 0.9683415841584098, 2.0101435643564205, 0.02003465346534422, 6.905277227722731, 3.3791782178217646, 1.9300049504950378, 1.7964405940593988, 0.547613861386131, 5.970326732673234, 1.7563712871287047, 0.5476138613861365, 0.11352970297029505, 0.16027722772277048, 2.764782178217803, 2.7046782178217645, 5.389321782178185, 3.232257425742557, 0.20034653465346447, 0.18031188118812025, 0.04674752475247541, 0.37398019801979776, 4.814995049504923, 0.2738069306930655, 0.2537722772277213, 0.42740594059406006, 0.2203811881188087, 0.42740594059406006, 3.045267326732661, 1.2955742574257376, 0.8013861386138579, 0.8280990099009834, 1.1152623762376173, 1.175366336633661, 0.714569306930694, 0.7078910891089071, 0.2270594059405901, 0.04674752475247541, 0.23373762376237706, 0.5142227722772296, 0.34726732673267213, 0.834777227722765, 6.55800990099006, 0.587683168316825, 4.494440594059382, 0.06010396039604379, 0.20702475247524585, 4.073712871287103, 1.1620099009900928, 2.4642623762376066, 0.44076237623762293, 0.2270594059405901, 2.2238465346534535, 9.963900990098955, 1.015089108910885, 0.0734603960396066, 1.3289653465346447, 0.634430693069306, 4.814995049504923, 3.7398019801979996, 3.412569306930672, 7.98047029702966, 0.5075445544554426, 3.2923613861385954, 6.350985148514813, 3.7130891089108684, 4.207277227722748, 0.20034653465346447, 0.6745, 0.6411089108910819, 4.774925742574229, 0.6945346534653443, 3.9468267326732454, 1.3890693069306828, 0.2404158415841529, 1.2354702970296993, 0.6210742574257431, 4.254024752475224, 0.40069306930692894, 1.9433613861386063, 0.2203811881188087, 0.40069306930692894, 0.8013861386138579, 0.40737128712871035, 1.1820445544554428, 4.628004950495021, 4.668074257425714, 0.6745, 0.394014851485142, 0.6811782178217813, 1.2154356435643496, 0.3873366336633661, 0.7613168316831638, 0.2938415841584097, 0.3339108910891093, 1.8699009900989998, 6.204064356435606, 0.45411881188118575, 0.3138762376237651, 0.48750990099009833, 0.5409356435643552, 0.3138762376237651, 0.5943613861386063, 1.5560247524752346, 0.6811782178217758, 0.6544653465346502, 0.5409356435643552, 1.956717821782169, 0.12688613861386341, 2.1837772277227594, 8.140747524752431, 0.03339108910891259, 1.3222871287128688, 0.554292079207918, 2.484297029702956, 5.843440594059371, 2.03017821782177, 6.537975247524715, 2.0368564356435517, 0.40069306930692894, 0.7346039603960383, 2.210490099009885, 0.6544653465346502, 0.14024257425742068, 0.20702475247524585, 1.0017326732673224, 1.1954009900989997, 6.731643564356398, 1.6495198019801856, 0.2738069306930655, 4.3742326732673, 3.2055445544554257, 0.33391089108910377, 0.02671287128713119, 2.1503861386138468, 1.8765792079207868, 4.561222772277202, 6.9119554455445185, 0.3138762376237595, 1.6762326732673167, 6.571366336633628, 0.3272326732673279, 1.4558514851485025, 0.868168316831683, 2.864955445544535, 0.4140495049504917, 0.14692079207920763, 0.2938415841584097, 0.20702475247524585, 2.2839504950494915, 1.4825643564356337, 0.0, 1.0751930693069234, 2.6178613861385953, 0.2738069306930655, 0.6477871287128633, 0.5743267326732622, 0.020034653465349783, 2.878311881188104, 0.3472673267326665, 0.9616633663366283, 4.240668316831661, 0.7947079207920709, 0.4474405940594043, 0.0066782178217869685, 2.9117029702970103, 1.2822178217821747, 0.3940148514851475, 0.5142227722772239, 0.026712871287125628, 0.5476138613861365, 0.7746732673267267, 1.4358168316831583, 1.4024257425742512, 3.2656485148514642, 1.5493465346534534, 1.0418019801980107, 0.040069306930694, 0.0734603960396066, 0.8882029702970217, 1.7897623762376118, 0.4474405940594043, 1.0818712871287048, 4.55454455445542, 0.32055445544554095, 2.771460396039584, 1.582737623762366, 0.05342574257425682, 1.9834306930693002, 1.9500396039603822, 0.9750198019801911, 1.809797029702956, 1.7764059405940544, 3.4860297029702787, 0.9282722772277213, 1.455851485148508, 0.821420792079202, 0.10685148514851919, 0.4941881188118742, 1.0551584158415792, 1.0418019801980163, 3.392534653465327, 1.0484801980197977, 1.1419752475247487, 1.0618366336633605, 0.5075445544554426, 0.4340841584158359, 0.5409356435643552, 1.3222871287128632, 1.4224603960395954, 0.026712871287125628, 0.47415346534652997, 0.6811782178217813, 0.27380693069307105, 2.3373762376237486, 0.033391089108907035, 1.4692079207920707, 11.586707920792016, 3.232257425742557, 1.4625297029702895, 1.268861386138612, 0.2871633663366283, 0.6010396039603935, 0.7012128712871256, 4.521153465346508, 1.3957475247524642, 0.10017326732673223, 0.14024257425742068, 0.6611435643564316, 0.587683168316825, 2.0101435643564205, 0.3339108910891093, 0.34058910891089067, 0.7346039603960327, 1.4625297029702895, 0.6077178217821748, 0.1869900990098961, 0.8080643564356392, 0.894881188118803, 0.4207277227722787, 0.14024257425742623, 0.5342574257425737, 0.26045049504950823, 0.0, 0.5142227722772296, 1.3356435643564315, 0.6611435643564316, 0.6344306930693004, 1.242148514851475, 2.0969603960395897, 0.5342574257425737, 0.14024257425742068, 0.26045049504950823, 1.108584158415836, 4.8617425742573985, 0.4340841584158359, 2.8315643564356283, 0.5342574257425682, 1.0284455445544478, 1.0284455445544534, 1.108584158415836, 0.12020792079208201, 1.5693811881188031, 1.3289653465346447, 1.1486534653465243, 0.160277227722776, 0.9683415841584153, 0.32055445544554645, 1.4291386138613824, 0.8815247524752403, 0.5409356435643552, 1.9633960396039507, 1.2354702970296938, 5.122193069306902, 1.0818712871287048, 4.006930693069283, 0.2270594059405901, 1.2888960396039562, 1.1553316831683058, 0.14024257425742623, 4.9886287128712565, 1.4291386138613824, 0.42072772277227316, 2.0902821782178083, 0.3673019801980219, 0.6411089108910819, 0.5409356435643552, 0.0734603960396066, 1.2287920792079123, 0.3606237623762405, 0.6411089108910873, 1.6962673267326664, 0.6210742574257375, 1.228792079207918, 0.1262610837438455, 0.5714975369458127, 0.2591674876847291, 0.657886699507391, 1.2958374384236508, 1.5284236453202056, 0.7176945812807891, 1.6214581280788218, 1.3224187192118255, 0.9104088669950764, 0.07309852216749095, 1.3622906403940929, 0.49175369458128365, 0.01993596059113088, 1.5018423645320254, 0.15948768472906363, 0.19271428571428728, 0.7907931034482801, 1.9803054187192217, 1.0566059113300528, 0.5847881773399054, 0.31897536945812727, 0.27910344827586, 0.21265024630541818, 1.5350689655172491, 2.0467586206896637, 0.38542857142857456, 0.13290640394088912, 0.21265024630541818, 0.013290640394087252, 0.7974384236453237, 1.754364532019711, 1.6679753694581327, 0.07974384236453458, 2.6381921182266073, 0.2192955665024618, 0.28574876847290914, 1.1297044334975381, 0.35220197044335094, 1.6214581280788218, 0.5714975369458127, 0.6977586206896582, 1.0898325123152763, 1.3024827586206944, 0.47181773399014726, 0.20600492610837454, 1.2094482758620728, 1.4088078817734038, 1.9337881773399055, 0.15948768472906363, 0.03987192118226729, 0.4120098522167491, 1.2958374384236508, 1.2094482758620728, 0.10632512315270909, 0.2791034482758655, 0.9104088669950764, 0.5249802955665018, 2.4454778325123256, 0.36549261083743817, 0.8904729064039455, 0.47181773399014726, 1.3357093596059129, 0.09303448275862183, 0.21265024630541818, 0.27245812807881636, 1.73442857142858, 1.2891921182266073, 0.37213793103448733, 0.42530049261083636, 0.6778226600985273, 0.7110492610837454, 1.7875911330049348, 0.15948768472906363, 1.1762216748768548, 1.0034433497536983, 1.5483596059113365, 0.5582068965517255, 1.142995073891631, 1.0765418719211837, 0.8373103448275909, 0.053162561576354544, 0.49175369458128365, 1.2692561576354708, 0.5781428571428563, 0.09303448275862183, 1.6480394088670018, 0.5648522167487691, 0.24587684729064183, 1.7144926108374436, 0.8506009852216782, 0.15284236453202, 0.2192955665024618, 0.2591674876847291, 0.5515615763546818, 0.5449162561576382, 2.1065665024630618, 0.40536453201970546, 0.16613300492610727, 1.8341083743842457, 0.7243399014778383, 0.48510837438424004, 0.7775024630541928, 0.9702167487684746, 0.3123300492610836, 0.43859113300492913, 0.18606896551724367, 1.2891921182266073, 0.01993596059113088, 0.7775024630541928, 0.2392315270935982, 0.6379507389162601, 1.1762216748768548, 0.6246600985221729, 0.7309852216748819, 0.9104088669950764, 0.15284236453202, 0.9104088669950764, 0.0863891625615782, 0.9369901477832564, 0.10632512315270909, 0.006645320197043626, 0.15284236453202, 0.6645320197044345, 0.29903940886699637, 1.0499605911330092, 1.176221674876849, 2.126502463054193, 0.5515615763546818, 0.631305418719211, 1.3556453201970493, 2.119857142857149, 1.727783251231531, 2.9305862068965602, 0.28574876847290914, 0.6778226600985273, 2.379024630541878, 0.9369901477832564, 1.1230591133004946, 0.2658128078817727, 0.5847881773399054, 0.7509211822660127, 0.6512413793103472, 0.20600492610837454, 0.1727783251231564, 1.0366699507389219, 0.5183349753694582, 0.5382709359605946, 0.15284236453202, 1.3290640394088746, 0.7044039408867019, 0.07974384236452904, 0.9768620689655237, 0.5183349753694582, 1.9337881773399055, 0.5183349753694582, 0.1727783251231564, 0.43859113300492913, 0.3920738916256182, 0.5914334975369492, 1.023379310344829, 2.1530837438423727, 0.1794236453201945, 2.8375517241379438, 0.48510837438424004, 0.10632512315270909, 0.8439556650246346, 1.3622906403940929, 0.8506009852216782, 0.35220197044335094, 0.16613300492610727, 1.5018423645320254, 1.7610098522167548, 1.4819064039408947, 0.10632512315270909, 1.2759014778325144, 0.5980788177339927, 0.8572463054187218, 0.2192955665024618, 0.40536453201970546, 0.2658128078817727, 0.0664532019704418, 0.9104088669950764, 0.053162561576354544, 0.9967980295566546, 0.46517241379310365, 1.6347487684729147, 1.9803054187192164, 0.4319458128078855, 0.8173743842364545, 0.17277832512315086, 0.61136945812808, 0.6246600985221729, 0.14619704433497635, 0.026581280788180037, 0.48510837438424004, 0.40536453201970546, 0.7708571428571437, 0.14619704433497635, 1.4420344827586273, 1.023379310344829, 0.8971182266009892, 0.20600492610837454, 0.7044039408867019, 1.1496403940886746, 3.0435566502463183, 0.8971182266009892, 1.2958374384236508, 0.8838275862069018, 0.13955172413793274, 0.42530049261083636, 1.754364532019711, 0.5714975369458127, 0.11297044334975272, 0.013290640394087252, 0.20600492610837454, 1.6347487684729147, 0.15948768472906363, 1.6148128078817783, 0.8638916256157655, 1.1297044334975437, 0.41865517241379274, 0.0, 1.0100886699507419, 0.49175369458128365, 0.13955172413793274, 0.7708571428571437, 0.5847881773399054, 1.142995073891631, 1.2958374384236508, 0.5249802955665073, 1.4088078817734038, 0.6379507389162601, 0.8638916256157655, 0.11961576354679634, 0.6180147783251236, 0.7907931034482801, 0.4120098522167491, 1.4951970443349818, 0.33226600985221455, 0.6445960591133036, 0.6711773399014782, 0.2325862068965546, 0.05980788177339817, 0.8306650246305474, 0.21265024630541818, 0.0664532019704418, 0.25252216748768547, 0.6445960591133036, 1.5018423645320254, 0.42530049261084185, 0.0, 1.0898325123152763, 2.5650935960591217, 0.9236995073891636, 0.9037635467980327, 0.42530049261084185, 0.8904729064039455, 0.13290640394088912, 0.9369901477832564, 0.8306650246305474, 0.2192955665024618, 1.2891921182266073, 0.6911133004926147, 1.5948768472906474, 1.189512315270942, 0.29903940886699637, 1.4885517241379382, 1.3888719211822729, 0.8506009852216782, 0.8439556650246346, 0.7309852216748819, 1.023379310344829, 1.06989655172414, 0.24587684729064183, 1.6613300492610892, 0.2392315270935982, 0.8439556650246346, 0.03322660098522366, 1.5417142857142927, 1.9736600985221728, 2.4454778325123256, 0.5582068965517255, 2.62490147783252, 1.0632512315270966, 1.0831871921182328, 0.5648522167487691, 1.22273891625616, 0.8771822660098527, 0.46517241379310365, 1.6613300492610892, 0.07309852216749095, 0.43859113300492913, 1.601522167487691, 0.33226600985222005, 0.36549261083743817, 1.0300246305418728, 0.9236995073891636, 0.18606896551724367, 1.0964778325123201, 0.7110492610837454, 0.5714975369458127, 0.39871921182266185, 1.5151330049261127, 0.13290640394088912, 0.2192955665024618, 1.4819064039408947, 0.14619704433497635, 0.07309852216749095, 0.35220197044335094, 0.2192955665024618, 0.5050443349753709, 0.39871921182266185, 0.3920738916256182, 0.6047241379310364, 0.04651724137931092, 1.4686157635468018, 0.11961576354679634, 0.19271428571428728, 0.22594088669951096, 0.46517241379310365, 0.3787832512315254, 0.7907931034482801, 0.1727783251231564, 0.3123300492610836, 0.6246600985221729, 0.35220197044335094, 0.2658128078817727, 1.7676551724137983, 1.0100886699507419, 1.3689359605911364, 1.0765418719211892, 0.8838275862069018, 0.2658128078817727, 0.3787832512315254, 0.9502807881773436, 0.9104088669950764, 0.7110492610837454, 0.6645320197044345, 0.40536453201970546, 1.0366699507389219, 0.8705369458128092, 1.0632512315270966, 3.8144137931034616, 1.5882315270936038, 0.631305418719211, 0.8240197044334981, 0.48510837438424004, 0.0664532019704418, 0.45852709359606, 2.272699507389169, 0.7708571428571437, 0.9569261083743873, 0.5781428571428563, 0.7176945812807891, 0.7442758620689691, 2.000241379310353, 0.47181773399015275, 0.9967980295566546, 0.8572463054187218, 0.6844679802955709, 1.601522167487691, 1.1031231527093637, 0.6180147783251236, 1.4353891625615782, 1.933788177339911, 0.20600492610837454, 0.2591674876847291, 0.3721379310344818, 0.5714975369458127, 1.0566059113300528, 0.7176945812807891, 0.9236995073891636, 0.20600492610837454, 1.6746206896551763, 0.07974384236452904, 0.7907931034482801, 1.24932019704434, 0.7841477832512309, 1.3888719211822729, 0.9236995073891636, 1.9736600985221728, 1.7477192118226672, 1.1828669950738984, 0.3123300492610836, 0.31897536945812727, 0.5847881773399054, 0.45852709359606, 0.44523645320197275, 0.38542857142857456, 0.40536453201970546, 0.4784630541871964, 0.0664532019704418, 1.0831871921182272, 0.09967980295566546, 0.49175369458128365, 0.24587684729064183, 0.0863891625615782, 0.33226600985222005, 0.053162561576354544, 1.2028029556650293, 0.9303448275862073, 0.7376305418719256, 0.5382709359605946, 0.09967980295566546, 1.7610098522167548, 0.6645320197044345, 0.44523645320197275, 0.7376305418719256, 0.6844679802955709, 1.1363497536945875, 2.1331477832512418, 0.22594088669950543, 0.11961576354679634, 0.8107290640394109, 0.19935960591133092, 0.9835073891625618, 1.40216256157636, 1.176221674876849, 1.2958374384236508, 1.6746206896551763, 0.39871921182266185, 0.9569261083743873, 1.4553251231527147, 0.3256206896551709, 0.39871921182266185, 0.0664532019704418, 0.11297044334975272, 1.6546847290640454, 1.116413793103451, 0.6047241379310364, 0.6047241379310364, 0.24587684729064183, 0.20600492610837454, 0.7309852216748763, 0.006645320197043626, 1.1496403940886746, 0.7708571428571437, 0.8638916256157655, 0.18606896551724367, 0.2392315270935982, 0.4319458128078799, 0.07309852216748543, 1.6148128078817783, 1.3357093596059129, 1.5417142857142927, 0.8971182266009892, 0.8240197044334981, 1.116413793103451, 1.6746206896551763, 0.7575665024630563, 1.9470788177339982, 0.16613300492610727, 1.1695763546798055, 0.9901527093596109, 1.8473990147783328, 0.2658128078817727, 0.2392315270935982, 1.0034433497536983, 0.2392315270935982, 0.13290640394088912, 0.15948768472906363, 0.6313054187192164, 0.35220197044335094, 0.7708571428571437, 1.3357093596059129, 0.33226600985221455, 0.631305418719211, 0.7110492610837454, 0.5515615763546818, 0.7974384236453237, 1.6746206896551763, 0.13955172413793274, 0.7176945812807891, 1.2891921182266073, 4.153325123152726, 0.49175369458128365, 0.27245812807882186, 0.4120098522167491, 0.35220197044335094, 1.2626108374384273, 0.33891133004926366, 0.47181773399015275, 1.1695763546798055, 0.5781428571428563, 0.6844679802955709, 0.01993596059113088, 0.38542857142857456, 0.5515615763546818, 0.07974384236453458, 0.5183349753694582, 1.3024827586206944, 0.9104088669950764, 1.8075270935960654, 0.07974384236452904, 2.0467586206896637, 0.33226600985221455, 0.7841477832512364, 0.6512413793103472, 0.9702167487684746, 1.176221674876849, 0.9436354679803001, 1.1828669950738928, 0.9303448275862128, 0.40536453201970546, 0.7442758620689691, 1.4088078817734038, 0.35220197044335094, 1.1695763546798055, 0.3256206896551709, 0.31897536945812727, 0.19935960591133092, 0.04651724137931092, 0.9037635467980327, 0.5648522167487691, 1.1230591133004946, 0.48510837438424004, 0.8306650246305418, 0.8638916256157655, 0.28574876847290914, 0.8040837438423674, 0.33891133004926366, 1.315773399014782, 0.4319458128078855, 1.0300246305418728, 1.6879113300492692, 0.5515615763546818, 0.91705418719212, 0.47181773399014726, 1.0167339901477854, 1.9204975369458182, 0.5449162561576382, 0.24587684729064183, 0.9901527093596109, 0.7642118226601, 0.33226600985222005, 0.16613300492610727, 0.33226600985222005, 1.2293842364532093, 0.27245812807882186, 0.17277832512315086, 0.1262610837438455, 0.9702167487684746, 0.03987192118226729, 0.9303448275862128, 0.5382709359605946, 0.45188177339901636, 0.7176945812807891, 1.0566059113300528, 0.7110492610837454, 1.3290640394088746, 0.5781428571428618, 0.2192955665024618, 0.4983990147783273, 1.142995073891631, 11.934995073891665, 0.4120098522167491, 0.21265024630541818, 0.2658128078817727, 0.5847881773399054, 0.17942364532020005, 0.8971182266009892, 0.37213793103448733, 0.32562068965517643, 0.35220197044335094, 0.7841477832512309, 0.9967980295566546, 0.42530049261083636, 0.9768620689655182, 2.8309064039408947, 0.3920738916256182, 0.4983990147783273, 1.5350689655172438, 0.07974384236453458, 0.19271428571428728, 0.5183349753694582, 1.2293842364532035, 0.9835073891625618, 0.5382709359605946, 1.3290640394088746, 1.5018423645320254, 0.10632512315270909, 1.601522167487691, 0.6180147783251236, 0.09303448275862183, 1.0898325123152763, 0.19271428571428728, 2.086630541871931, 0.33891133004926366, 1.4287438423645344, 0.42530049261084185, 0.9236995073891636, 0.5582068965517255, 0.2392315270935982, 0.5714975369458127, 0.11297044334975272, 1.933788177339911, 0.05980788177339817, 0.48510837438424004, 3.2163349753694694, 0.6180147783251236, 0.19271428571428728, 0.7642118226601, 0.3787832512315254, 1.40216256157636, 0.61136945812808, 1.2692561576354708, 0.5382709359605946, 0.8306650246305474, 0.963571428571431, 0.5116896551724145, 0.8040837438423674, 0.7974384236453237, 0.31897536945812727, 1.9736600985221728, 0.49175369458128365, 0.09303448275862183, 0.9236995073891636, 0.3123300492610836, 0.5116896551724145, 2.1929556650246402, 0.5249802955665073, 1.8872709359605944, 1.1961576354679855, 0.0863891625615782, 2.0201773399014837, 0.2923940886699527, 0.27245812807881636, 0.19271428571428728, 0.6911133004926147, 0.0, 1.7144926108374436, 1.8274630541871963, 0.5582068965517255, 0.9967980295566546, 0.8107290640394109, 2.5252216748768546, 0.03322660098522366, 0.7708571428571437, 1.953724137931042, 0.4983990147783273, 0.17942364532020005, 0.378783251231531, 1.8075270935960654, 0.05980788177339817, 0.19935960591133092, 0.5582068965517255, 0.9104088669950764, 1.8075270935960654, 0.6977586206896582, 0.6379507389162601, 0.4784630541871909, 0.35884729064039456, 0.7708571428571437, 0.33891133004926366, 0.6445960591133036, 0.5249802955665073, 0.6379507389162601, 0.61136945812808, 0.4784630541871964, 1.37558128078818, 1.0034433497536983, 0.11961576354679634, 0.91705418719212, 1.2559655172413837, 0.9569261083743873, 0.1794236453201945, 1.1762216748768548, 0.2325862068965546, 1.8806256157635566, 1.40216256157636, 0.31897536945812727, 0.1727783251231564, 2.01353201970444, 0.3920738916256182, 0.36549261083743817, 1.3888719211822729, 0.09303448275862183, 0.45188177339901636, 0.2392315270935982, 1.1230591133004946, 0.657886699507391, 0.36549261083743817, 0.18606896551724367, 0.8439556650246346, 0.25252216748768547, 0.9502807881773436, 0.21265024630541818, 0.6711773399014782, 1.8540443349753764, 1.1562857142857184, 2.0467586206896637, 0.27245812807882186, 0.11297044334975272, 0.2923940886699527, 0.8838275862069018, 0.42530049261083636, 0.6844679802955709, 1.189512315270942, 0.4120098522167491, 0.8240197044334981, 0.006645320197043626, 0.2791034482758655, 0.11961576354679634, 0.7509211822660127, 0.6645320197044345, 1.1097684729064072, 0.61136945812808, 0.19271428571428728, 0.8705369458128092, 1.162931034482762, 1.7942364532019783, 2.01353201970444, 0.30568472906404, 0.5382709359605946, 0.5249802955665073, 0.657886699507391, 0.31897536945812727, 0.01993596059113088, 1.4220985221674909, 0.7110492610837454, 1.0100886699507419, 0.15284236453202, 0.13955172413793274, 0.33226600985221455, 0.25252216748768547, 0.10632512315270909, 0.8506009852216782, 0.24587684729064183, 0.05980788177339817, 0.5781428571428563, 0.7110492610837454, 0.27910344827586, 2.1597290640394164, 0.9104088669950764, 1.5815862068965603, 1.142995073891631, 1.3224187192118255, 0.09967980295566546, 0.3123300492610836, 0.9369901477832564, 0.4983990147783273, 1.5682955665024674, 0.36549261083743817, 1.0566059113300528, 1.4220985221674909, 1.5682955665024674, 0.5714975369458127, 0.3123300492610836, 0.07974384236452904, 1.40216256157636, 0.12626108374383996, 0.5183349753694582, 0.6047241379310364, 0.31897536945812727, 0.8240197044335038, 0.026581280788180037, 0.14619704433497635, 0.37213793103448733, 0.6977586206896582, 0.026581280788180037, 1.754364532019711, 0.053162561576354544, 1.0366699507389219, 1.3622906403940929, 0.4319458128078855, 2.2461182266009945, 1.3357093596059129, 1.0499605911330092, 0.5980788177339927, 0.36549261083743817, 0.2658128078817727, 0.29903940886699637, 1.0167339901477854, 0.38542857142857456, 0.0, 0.43859113300492913, 1.2094482758620728, 0.48510837438424004, 1.1695763546798055, 0.4120098522167491, 0.45188177339901636, 0.7575665024630563, 0.8040837438423674, 2.3723793103448343, 0.7376305418719256, 0.5980788177339927, 0.9436354679803001, 0.04651724137931092, 0.2591674876847291, 0.05980788177339817, 0.9303448275862128, 0.9369901477832564, 0.6778226600985273, 0.3256206896551709, 1.3091280788177382, 1.3822266009852293, 0.5781428571428618, 1.2692561576354708, 0.7110492610837454, 0.5781428571428563, 0.5249802955665073, 1.8939162561576437, 0.16613300492610727, 1.315773399014782, 1.2094482758620728, 0.8373103448275909, 0.9768620689655182, 1.4553251231527147, 0.45188177339901636, 0.8705369458128092, 0.5116896551724145, 3.1631724137931148, 0.11961576354679634, 0.053162561576354544, 0.2192955665024618, 0.22594088669950543, 0.963571428571431, 1.9404334975369546, 0.5914334975369492, 0.21265024630541818, 0.4983990147783273, 0.15948768472906363, 0.9303448275862128, 0.42530049261084185, 0.0863891625615782, 0.33891133004926366, 0.6645320197044345, 1.5284236453202056, 0.7974384236453237, 0.6778226600985218, 0.6180147783251236, 0.35884729064039456, 1.754364532019711, 0.12626108374383996, 0.4983990147783273, 1.800881773399022, 1.3955172413793164, 1.5815862068965603, 0.5382709359605946, 0.11961576354679634, 0.10632512315270909, 1.4819064039408947, 0.21265024630541818, 0.5847881773399054, 0.9901527093596109, 1.3357093596059129, 0.7309852216748819, 0.8506009852216782, 1.3822266009852235, 0.19271428571428728, 0.24587684729064183, 1.4088078817734038, 0.29903940886699637, 1.116413793103451, 0.11297044334975272, 0.8173743842364545, 0.013290640394087252, 0.6246600985221729, 0.6047241379310364, 0.15284236453202, 0.1262610837438455, 0.6180147783251236, 0.7110492610837454, 0.18606896551724367, 0.18606896551724367, 0.46517241379310365, 1.0433152709359654, 1.6281034482758712, 0.6645320197044345, 0.45852709359606, 0.1794236453201945, 0.9901527093596109, 1.3822266009852293, 3.2429162561576494, 0.5582068965517255, 1.927142857142862, 0.2591674876847291, 0.1262610837438455, 0.4120098522167491, 0.46517241379310365, 0.2923940886699527, 0.8373103448275909, 0.31897536945812727, 1.6214581280788218, 0.49175369458128365, 0.9037635467980327, 0.20600492610837454, 0.5316256157635454, 0.15284236453202, 1.142995073891631, 0.6246600985221672, 0.28574876847290914, 1.6347487684729147, 1.2692561576354708, 0.9236995073891636, 0.2325862068965546, 0.8506009852216782, 0.8107290640394109, 0.7243399014778327, 0.12626108374383996, 0.24587684729064183, 1.8872709359606001, 0.8904729064039455, 1.6480394088670018, 0.7575665024630563, 0.6512413793103472, 1.8739802955665072, 0.13955172413793274, 1.3689359605911364, 0.19271428571428728, 0.053162561576354544, 5.5820689655172595, 0.11297044334975272, 0.6911133004926147, 0.4784630541871909, 0.026581280788174504, 0.3787832512315254, 0.9104088669950764, 0.8838275862068963, 0.6778226600985218, 0.15948768472906363, 1.2825467980295637, 0.2923940886699527, 0.8439556650246346, 0.22594088669951096, 0.33226600985222005, 0.33891133004926366, 1.0566059113300528, 0.657886699507391, 0.33226600985221455, 1.3556453201970493, 0.8971182266009892, 0.35884729064039456, 0.09303448275862183, 0.5847881773399054, 0.6047241379310364, 1.0167339901477854, 0.026581280788180037, 0.5116896551724145, 1.4353891625615838, 0.0863891625615782, 0.49175369458128365, 0.24587684729064183, 1.5018423645320254, 1.3689359605911364, 1.3224187192118255, 2.1929556650246402, 0.07974384236453458, 0.25252216748768547, 0.657886699507391, 0.8838275862068963, 1.2891921182266073, 0.9037635467980327, 0.4319458128078799, 0.7775024630541928, 0.14619704433497635, 0.7243399014778327, 2.086630541871931, 0.6711773399014782, 0.3787832512315254, 0.378783251231531, 1.0300246305418728, 0.8240197044335038, 0.61136945812808, 0.3787832512315254, 1.2559655172413837, 0.11961576354679634, 0.38542857142857456, 3.435630541871931, 2.611610837438433, 0.8638916256157655, 0.41865517241379274, 1.0433152709359654, 1.5018423645320254, 2.126502463054193, 1.8939162561576437, 0.17942364532020005, 0.05980788177339817, 0.47181773399014726, 1.4287438423645402, 0.0863891625615782, 0.3123300492610836, 0.43859113300492913, 0.07309852216748543, 0.17942364532020005, 0.8904729064039455, 1.9404334975369546, 1.06989655172414, 1.06989655172414, 0.9569261083743873, 0.19271428571428728, 0.47181773399014726, 1.7012019704433563, 0.2591674876847291, 1.9935960591133093, 0.03322660098522366, 0.9037635467980327, 1.2360295566502473, 1.1097684729064072, 1.4951970443349818, 0.03987192118226729, 0.5582068965517255, 0.7376305418719256, 0.8771822660098583, 0.49175369458128365, 0.5449162561576382, 1.9670147783251293, 0.10632512315270909, 0.05980788177339817, 0.006645320197043626, 1.7875911330049348, 1.0566059113300528, 0.27910344827586, 1.0964778325123201, 0.0, 1.5284236453202056, 0.7708571428571437, 0.19935960591133092, 1.282546798029558, 3.355886699507402, 0.6379507389162601, 0.13290640394088912, 1.5084876847290691, 0.16613300492610727, 1.5550049261083803, 0.026581280788174504, 2.212891625615771, 0.4319458128078799, 0.45188177339901636, 0.5449162561576382, 0.0, 0.9768620689655237, 0.5980788177339927, 0.006645320197043626, 0.6246600985221729, 1.5084876847290691, 1.6347487684729147, 0.6778226600985218, 1.5483596059113365, 0.7110492610837454, 0.2591674876847291, 0.963571428571431, 2.8441970443349818, 2.2527635467980383, 0.25252216748768547, 0.1727783251231564, 2.2461182266009945, 0.5582068965517255, 0.45852709359606, 0.18606896551724367, 0.33226600985221455, 0.27245812807881636, 0.37213793103448733, 0.11961576354679634, 0.8771822660098583, 1.5417142857142927, 1.1828669950738928, 1.0300246305418728, 0.49175369458128365, 0.6379507389162601, 1.329064039408869, 0.053162561576354544, 1.0100886699507419, 0.33891133004926366, 0.9104088669950764, 0.5116896551724145, 0.10632512315270909, 0.17277832512315086, 0.5714975369458127, 0.15948768472906363, 0.04651724137931092, 1.0300246305418728, 0.0863891625615782, 1.40216256157636, 0.8638916256157655, 1.37558128078818, 0.2325862068965546, 0.8506009852216782, 1.0898325123152763, 0.631305418719211, 0.17277832512315086, 2.0467586206896637, 0.15948768472906363, 0.21265024630541818, 0.43859113300492913, 0.13290640394088912, 0.5050443349753709, 1.6613300492610892, 1.8141724137931092, 0.15284236453202, 0.3123300492610836, 5.296320197044351, 0.9901527093596109, 0.3920738916256182, 0.6445960591133036, 0.1727783251231564, 0.7442758620689691, 0.5316256157635509, 0.7775024630541872, 1.5483596059113365, 0.34555665024630733, 1.0566059113300528, 0.49175369458128365, 0.657886699507391, 0.2192955665024618, 2.611610837438433, 1.5151330049261127, 0.5980788177339927, 0.15284236453202, 0.5116896551724145, 0.657886699507391, 0.5781428571428563, 2.585029556650253, 0.8173743842364545, 0.19935960591133092, 0.631305418719211, 0.27245812807881636, 0.03987192118226729, 1.1562857142857184, 0.33891133004926366, 0.15284236453202, 1.5018423645320254, 0.006645320197043626, 0.3787832512315254, 0.19935960591133092, 0.9569261083743873, 1.1363497536945875, 0.6645320197044345, 1.7277832512315363, 1.6546847290640454, 0.39871921182266185, 0.9502807881773436, 1.3423546798029617, 0.4319458128078855, 0.7841477832512364, 1.8341083743842457, 0.09303448275862183, 0.8904729064039455, 0.4784630541871964, 1.8341083743842457, 0.40536453201970546, 0.31897536945812727, 0.46517241379310365, 0.5515615763546818, 1.9603694581280857, 0.2192955665024618, 0.9369901477832564, 0.7974384236453237, 2.146438423645329, 0.026581280788174504, 1.7942364532019783, 1.2958374384236508, 1.0034433497536983, 0.3920738916256182, 0.11961576354679634, 1.3357093596059129, 1.37558128078818, 2.0534039408867075, 1.2360295566502473, 0.006645320197043626, 0.17942364532020005, 1.40216256157636, 0.1794236453201945, 1.4885517241379382, 0.38542857142857456, 0.7708571428571437, 0.5116896551724145, 0.2392315270935982, 0.9104088669950764, 0.15284236453202, 1.2958374384236508, 0.3787832512315254, 0.7509211822660127, 1.3357093596059129, 1.5882315270936038, 0.09303448275862183, 3.907448275862084, 0.05980788177339817, 0.8173743842364545, 0.4784630541871964, 0.7442758620689691, 1.0034433497536983, 0.04651724137931092, 0.7442758620689691, 1.4819064039408947, 0.8904729064039455, 0.17277832512315086, 1.0034433497536983, 1.8141724137931092, 1.2825467980295637, 0.20600492610837454, 0.07309852216748543, 0.43859113300492913, 0.026581280788174504, 1.0433152709359654, 1.1031231527093637, 0.9835073891625673, 1.6613300492610892, 1.2360295566502528, 1.142995073891631, 6.306408866995094, 0.7575665024630563, 0.3920738916256182, 1.0964778325123201, 1.2426748768472964, 0.3123300492610836, 4.605206896551742, 0.5249802955665073, 1.2626108374384273, 0.7442758620689691, 1.0433152709359654, 1.2293842364532035, 0.026581280788180037, 2.34579802955666, 0.0863891625615782, 2.4787044334975437, 0.28574876847290914, 0.0863891625615782, 0.47181773399015275, 1.5815862068965603, 0.32562068965517643, 0.2192955665024618, 1.8739802955665072, 0.5316256157635454, 6.087113300492631, 0.2591674876847291, 1.0964778325123201, 0.07309852216748543, 0.19271428571428728, 0.46517241379310365, 0.5183349753694582, 0.2791034482758655, 0.6180147783251236, 1.727783251231531, 0.006645320197043626, 0.13290640394088912, 0.30568472906404, 2.6647733990147873, 0.21265024630541818, 0.9037635467980327, 0.6246600985221672, 1.7277832512315363, 0.5847881773399054, 1.4420344827586273, 0.5116896551724145, 1.5284236453202056, 1.4420344827586273, 0.8638916256157655, 1.0898325123152763, 0.3123300492610836, 0.7775024630541872, 0.7176945812807891, 3.7878325123152816, 2.6448374384236564, 1.2692561576354708, 0.026581280788180037, 1.0831871921182328, 0.2325862068965546, 0.5582068965517255, 0.15284236453202, 0.5582068965517255, 2.0932758620689746, 2.1132118226601055, 1.37558128078818, 0.6711773399014782, 0.7176945812807891, 0.35220197044335094, 0.40536453201970546, 1.0300246305418783, 0.013290640394087252, 0.5847881773399054, 1.023379310344829, 1.754364532019711, 1.927142857142862, 1.0566059113300528, 1.6812660098522256, 2.9305862068965602, 1.4088078817734038, 0.47181773399015275, 1.0632512315270966, 0.0, 1.6613300492610892, 1.4553251231527147, 0.7309852216748763, 1.574940886699511, 0.9104088669950764, 0.5714975369458127, 0.45188177339901636, 0.6645320197044345, 4.120098522167502, 0.3256206896551709, 0.6844679802955709, 0.8373103448275909, 0.48510837438424004, 0.9967980295566546, 0.1727783251231564, 1.6480394088670018, 0.33891133004926366, 0.006645320197043626, 0.013290640394087252, 5.901044334975388, 4.598561576354693, 0.7376305418719256, 0.18606896551724367, 1.7743004926108419, 1.0964778325123201, 1.1230591133004946, 4.385911330049275, 0.03987192118226729, 0.5781428571428618, 2.62490147783252, 0.378783251231531, 2.5252216748768546, 0.13290640394088912, 0.13290640394088912, 0.17942364532020005, 1.9603694581280857, 0.9236995073891636, 9.449645320197078, 1.4752610837438453, 0.5914334975369492, 4.498881773399027, 0.013290640394087252, 1.1695763546798055, 0.026581280788174504, 0.07974384236452904, 0.34555665024630733, 0.5582068965517255, 1.2360295566502528, 3.442275862068975, 0.9967980295566546, 0.5515615763546818, 0.10632512315270909, 4.9175369458128255, 0.05980788177339817, 0.27245812807882186, 0.35220197044335094, 1.4553251231527147, 1.6347487684729147, 3.7811871921182383, 0.15948768472906363, 1.0898325123152763, 0.4120098522167491, 1.4885517241379382, 2.299280788177349, 7.216817733990174, 1.787591133004929, 5.980788177339922, 0.7110492610837454, 0.8107290640394109, 0.9369901477832564, 0.35884729064039456, 0.4319458128078855, 0.2325862068965546, 0.61136945812808, 2.9837487684729145, 1.933788177339911, 0.9901527093596109, 0.1727783251231564, 0.40536453201970546, 0.5515615763546818, 0.61136945812808, 0.7708571428571437, 0.04651724137931092, 0.0664532019704418, 0.44523645320197275, 0.29903940886699637, 1.2626108374384273, 0.38542857142857456, 0.2392315270935982, 0.09967980295566546, 0.9303448275862073, 0.9768620689655237, 1.023379310344829, 0.22594088669950543, 1.6148128078817783, 0.47181773399014726, 0.35220197044335094, 0.16613300492610727, 0.30568472906404, 4.465655172413809, 2.325862068965524, 1.8673349753694637, 0.3920738916256182, 0.16613300492610727, 0.7575665024630563, 1.0831871921182328, 5.675103448275882, 0.8373103448275909, 1.6812660098522199, 0.04651724137931092, 0.19935960591133092, 0.6778226600985273, 1.8075270935960654, 1.1961576354679855, 0.1727783251231564, 3.5220197044335095, 6.259891625615782, 1.2160935960591164, 0.16613300492610727, 0.38542857142857456, 5.2431576354679965, 0.15948768472906363, 1.0964778325123201, 1.3224187192118255, 5.56213300492613, 1.2692561576354708, 0.09303448275862183, 2.6514827586207, 0.48510837438424004, 0.05980788177339817, 3.5751822660098638, 0.22594088669951096, 0.7509211822660127, 0.9901527093596109, 0.30568472906404, 1.0034433497536983, 10.798645320197082, 0.45852709359606, 0.0863891625615782, 0.21265024630541818, 1.3423546798029617, 4.166615763546813, 8.18703448275865, 0.18606896551724367, 0.6711773399014782, 0.5582068965517255, 1.0566059113300528, 0.0, 1.5616502463054238, 0.35220197044335094, 4.492236453201984, 0.6844679802955709, 0.2325862068965546, 0.6844679802955709, 0.8705369458128092, 1.6945566502463127, 1.6945566502463127, 0.963571428571431, 1.0366699507389219, 1.2028029556650293, 1.4951970443349818, 0.19271428571428728, 1.2028029556650293, 1.1297044334975381, 0.8373103448275909, 0.28574876847290914, 0.0863891625615782, 0.6911133004926147, 0.33226600985222005, 0.15948768472906363, 1.9803054187192164, 0.7642118226601, 0.5914334975369492, 0.6246600985221729, 0.04651724137931092, 0.9037635467980327, 0.9702167487684746, 0.45852709359606, 1.0499605911330092, 2.3989605911330143, 0.9569261083743873, 0.14619704433497635, 0.6645320197044345, 0.6445960591133036, 0.7509211822660127, 0.27910344827586, 0.13955172413793274, 0.46517241379310365, 0.48510837438424004, 1.3490000000000055, 1.1031231527093637, 1.3423546798029617, 0.6911133004926147, 1.5350689655172491, 4.565334975369475, 1.5948768472906474, 0.5847881773399054, 0.006645320197043626, 2.412251231527102, 0.2791034482758655, 0.2923940886699527, 0.35884729064039456, 1.3357093596059182, 1.1297044334975381, 0.04651724137931092, 0.8506009852216782, 0.01993596059113088, 1.7277832512315363, 0.61136945812808, 0.8506009852216782, 1.3224187192118255, 1.2759014778325144, 1.4088078817734038, 3.6682167487684856, 0.7841477832512364, 5.415935960591153, 0.2192955665024618, 1.0034433497536983, 0.10632512315270909, 1.6546847290640454, 1.448679802955671, 0.48510837438424004, 0.5847881773399054, 0.38542857142857456, 0.6711773399014782, 1.7144926108374436, 0.5183349753694582, 3.435630541871931, 0.35884729064039456, 0.36549261083743817, 1.0433152709359654, 0.33226600985222005, 0.4319458128078799, 0.5648522167487691, 0.09967980295566546, 1.6480394088670018, 0.7974384236453237, 0.31897536945812727, 1.6413940886699583, 1.1695763546798055, 0.6711773399014782, 0.48510837438424004, 0.33226600985221455, 0.07974384236452904, 0.35220197044335094, 0.7243399014778383, 0.6911133004926147, 2.31921674876848, 1.2360295566502473, 0.7442758620689691, 0.46517241379310365, 0.24587684729064183, 1.1097684729064072, 0.13290640394088912, 2.0467586206896637, 1.22273891625616, 0.8771822660098583, 0.33226600985222005, 0.6180147783251236, 2.9505221674876965, 1.5084876847290691, 0.7974384236453237, 0.30568472906404, 0.8040837438423674, 1.2094482758620728, 0.07974384236452904, 0.5316256157635509, 2.352443349753704, 1.0831871921182272, 5.1700591133005105, 0.61136945812808, 0.01993596059113088, 0.8240197044335038, 0.10632512315270909, 0.9104088669950764, 0.14619704433497635, 1.2759014778325144, 2.4587684729064128, 1.2360295566502528, 1.7942364532019783, 0.5914334975369492, 0.37213793103448733, 2.299280788177349, 0.026581280788174504, 0.46517241379310365, 0.5582068965517255, 0.657886699507391, 0.5116896551724145, 0.2192955665024618, 0.2192955665024618, 0.15284236453202, 0.053162561576354544, 2.0799852216748818, 0.8373103448275909, 1.3622906403940929, 1.601522167487691, 4.352684729064056, 0.7575665024630563, 0.6445960591133036, 0.6313054187192164, 0.35884729064039456, 0.006645320197043626, 5.568778325123173, 1.8407536945812892, 0.1262610837438455, 0.3123300492610836, 0.006645320197043626, 1.1363497536945875, 1.7676551724137983, 0.6445960591133036, 0.10632512315270909, 0.5582068965517255, 0.03322660098522366, 0.8638916256157655, 0.01993596059113641, 1.3955172413793164, 2.0666945812807946, 2.2793448275862125, 0.5382709359605946, 0.13955172413793274, 2.5717389162561655, 1.3888719211822729, 0.0, 0.9436354679803001, 0.0, 0.30568472906404, 0.61136945812808, 0.5914334975369492, 1.4287438423645402, 1.1097684729064072, 0.03322660098522366, 0.61136945812808, 2.332507389162573, 0.2192955665024618, 0.9369901477832564, 1.176221674876849, 1.1363497536945875, 0.15948768472906363, 0.42530049261083636, 0.5847881773399054, 0.15284236453202, 0.5914334975369492, 0.7841477832512309, 0.5714975369458127, 0.8638916256157655, 0.4120098522167491, 1.8208177339901528, 0.6977586206896582, 1.1695763546798055, 0.4983990147783273, 0.8705369458128092, 1.2958374384236508, 0.0, 0.33891133004926366, 0.657886699507391, 0.013290640394087252, 0.15948768472906363, 1.1695763546798055, 0.8705369458128092, 0.7309852216748763, 0.27245812807882186, 1.6812660098522256, 1.2028029556650293, 0.8373103448275909, 1.5948768472906474, 0.43859113300492913, 0.07309852216749095, 0.19271428571428728, 0.5249802955665073, 0.378783251231531, 1.2160935960591164, 0.48510837438424004, 4.3327487684729205, 0.9967980295566546, 0.20600492610837454, 0.19271428571428728, 0.7110492610837454, 1.1695763546798055, 1.142995073891631, 0.5515615763546818, 0.14619704433497635, 2.126502463054193, 0.8240197044334981, 0.5050443349753709, 0.16613300492610727, 1.2360295566502473, 2.0467586206896637, 0.44523645320197275, 0.6047241379310364, 1.2958374384236508, 0.15948768472906363, 0.35884729064039456, 1.2958374384236508, 1.1230591133004946, 0.48510837438424004, 0.6180147783251236, 0.4319458128078855, 1.1562857142857184, 0.9768620689655237, 0.6246600985221729, 0.1727783251231564, 0.053162561576354544, 1.176221674876849, 0.48510837438424004, 1.3423546798029617, 0.27910344827586, 0.5449162561576382, 1.7410738916256236, 0.6911133004926147, 0.6512413793103472, 0.07309852216748543, 0.9768620689655237, 0.12626108374383996, 0.34555665024630733, 0.15284236453202, 1.3224187192118255, 0.7309852216748763, 0.6379507389162601, 0.18606896551724367, 0.3920738916256182, 1.2360295566502473, 0.013290640394087252, 0.42530049261083636, 1.1297044334975437, 0.9901527093596109, 0.49175369458128365, 0.006645320197043626, 1.0964778325123201, 0.09967980295566546, 0.13955172413793274, 0.03987192118226729, 1.0632512315270966, 0.30568472906404, 0.12626108374383996, 1.5616502463054238, 0.9436354679803001, 0.9569261083743873, 0.053162561576354544, 0.19935960591133092, 0.14619704433497635, 0.8904729064039455, 0.9702167487684746, 0.378783251231531, 0.8971182266009892, 0.7509211822660127, 0.40536453201970546, 0.8306650246305418, 1.8872709359606001, 0.5515615763546818, 1.0300246305418783, 0.19935960591133092, 0.8506009852216782, 1.5284236453202056, 0.2923940886699527, 0.6778226600985273, 0.8838275862068963, 0.38542857142857456, 0.01993596059113641, 0.40536453201970546, 0.9967980295566546, 0.5980788177339927, 0.8173743842364545, 0.8638916256157655, 0.4784630541871964, 0.05980788177339817, 1.0632512315270966, 0.6844679802955709, 1.2028029556650293, 1.8806256157635566, 0.5914334975369492, 2.2062463054187273, 0.8771822660098583, 0.43859113300492913, 0.4983990147783273, 2.0334679802955766, 0.38542857142857456, 0.8506009852216782, 0.013290640394087252, 0.36549261083743817, 0.7442758620689691, 0.006645320197043626, 0.963571428571431, 0.8771822660098583, 0.4983990147783273, 1.7743004926108419, 2.000241379310353, 0.47181773399015275, 0.15284236453202, 1.1230591133004946, 1.1363497536945875, 2.8774236453202056, 2.000241379310353, 2.060049261083751, 1.5018423645320254, 1.1297044334975437, 0.25252216748768547, 0.45188177339901636, 0.35220197044335094, 0.8439556650246346, 0.3123300492610836, 1.2426748768472964, 0.8506009852216782, 0.5116896551724145, 0.5382709359605946, 0.7442758620689691, 0.4784630541871964, 2.2859901477832563, 1.4885517241379382, 1.0167339901477854, 0.6977586206896582, 0.8306650246305474, 0.9835073891625618, 0.5382709359605946, 1.1031231527093637, 1.4154532019704473, 0.4319458128078855, 0.27245812807881636, 2.9970394088670074, 0.61136945812808, 0.9303448275862128, 0.8572463054187218, 0.39871921182266185, 3.176463054187202, 0.2791034482758655, 0.2658128078817727, 0.3123300492610836, 1.0100886699507419, 1.1562857142857184, 0.49175369458128365, 1.0964778325123201, 1.8473990147783328, 0.7176945812807891, 0.2658128078817727, 1.2094482758620728, 1.6148128078817783, 1.2559655172413837, 0.16613300492610727, 0.11961576354679634, 1.5815862068965603, 0.006645320197043626, 1.2426748768472964, 0.33891133004926366, 0.24587684729064183, 0.8173743842364545, 1.448679802955671, 1.24932019704434, 0.6778226600985218, 0.5249802955665018, 0.18606896551724367, 4.658369458128096, 0.8771822660098527, 0.5116896551724145, 0.6512413793103472, 0.2923940886699527, 0.2392315270935982, 1.5151330049261127, 0.11297044334975272, 0.2192955665024618, 1.800881773399022, 1.2759014778325202, 0.8705369458128092, 0.01993596059113641, 0.01993596059113641, 2.3125714285714367, 1.5284236453202, 0.4319458128078855, 0.5582068965517255, 1.1695763546798055, 0.9303448275862128, 0.3787832512315254, 0.6645320197044345, 3.070137931034493, 0.2325862068965546, 0.2392315270935982, 3.834349753694593, 1.2426748768472964, 0.5183349753694582, 0.11961576354679634, 0.21265024630541818, 0.25252216748768547, 1.4752610837438453, 1.023379310344829, 0.18606896551724367, 0.45852709359606, 2.305926108374393, 0.16613300492610727, 0.45188177339901636, 0.05980788177339817, 0.13290640394088912, 1.2692561576354708, 0.4784630541871964, 1.1230591133004946, 0.36549261083743817, 0.9303448275862128, 0.7176945812807891, 0.27245812807882186, 3.5153743842364653, 0.9037635467980327, 0.42530049261084185, 1.1230591133004946, 0.47181773399015275, 0.8572463054187218, 0.2192955665024618, 0.6047241379310364, 0.9569261083743873, 1.116413793103451, 0.8306650246305418, 1.06989655172414, 0.6711773399014782, 1.22273891625616, 0.5183349753694582, 1.0034433497536983, 0.35884729064039456, 1.3490000000000055, 0.7841477832512364, 0.5116896551724145, 0.20600492610837454, 0.6645320197044345, 0.013290640394087252, 1.5682955665024674, 1.1562857142857184, 0.6844679802955709, 0.27910344827586, 0.7509211822660127, 1.162931034482762, 1.0100886699507419, 0.91705418719212, 0.03322660098522366, 1.3556453201970493, 1.2160935960591164, 0.20600492610837454, 0.19271428571428728, 0.026581280788180037, 0.44523645320197275, 0.45188177339901636, 0.11961576354679634, 0.21265024630541818, 1.189512315270942, 0.33226600985222005, 0.5249802955665018, 1.0433152709359654, 2.1663743842364602, 0.47181773399015275, 0.0664532019704418, 0.7775024630541872, 1.0366699507389219, 0.9369901477832564, 0.5781428571428618, 1.8739802955665072, 0.2923940886699527, 0.34555665024630733, 0.5316256157635454, 0.43859113300492913, 0.5316256157635509, 0.4120098522167491, 0.40536453201970546, 0.8040837438423674, 0.5249802955665073, 0.8439556650246346, 0.2192955665024618, 0.03322660098522366, 0.2591674876847291, 0.91705418719212, 1.116413793103451, 1.4088078817734038, 0.8572463054187218, 1.2094482758620728, 0.657886699507391, 0.05980788177339817, 5.1700591133005105, 0.6645320197044345, 2.884068965517249, 11.057812807881811, 2.8441970443349818, 6.9908768472906635, 0.2658128078817727, 0.0863891625615782, 0.4120098522167491, 1.5483596059113365, 0.22594088669950543, 3.036911330049269, 4.552044334975382, 1.0632512315270966, 1.6679753694581327, 2.1065665024630618, 1.1230591133004946, 0.9901527093596109, 0.013290640394087252, 0.8838275862068963, 0.2658128078817727, 0.6246600985221672, 0.5582068965517255, 0.8771822660098583, 1.1031231527093637, 0.21265024630541818, 0.18606896551724367, 0.5648522167487691, 0.19935960591133092, 0.7708571428571437, 1.8872709359605944, 1.5217783251231565, 0.5582068965517255, 0.46517241379310365, 0.0, 1.0034433497536983, 1.5350689655172438, 0.5714975369458127, 1.574940886699511, 0.7442758620689691, 0.0, 1.2426748768472964, 0.9835073891625673, 0.9303448275862073, 3.6216995073891747, 0.22594088669950543, 0.15948768472906363, 0.45852709359606, 1.8141724137931092, 0.07309852216748543, 0.11961576354679634, 0.053162561576354544, 0.15948768472906363, 0.5050443349753709, 0.10632512315270909, 1.1961576354679855, 2.9505221674876965, 0.36549261083743817, 0.25252216748768547, 0.5050443349753709, 0.15948768472906363, 1.176221674876849, 5.183349753694598, 0.15948768472906363, 3.767896551724151, 4.326103448275877, 0.17277832512315086, 0.10632512315270909, 0.19935960591133092, 3.6482807881773494, 0.40536453201970546, 0.19935960591133092, 5.42922660098524, 0.3123300492610836, 4.299522167487696, 0.9967980295566546, 0.7176945812807891, 0.5249802955665073, 0.6645320197044345, 0.07309852216749095, 1.0964778325123201, 0.9236995073891636, 0.9037635467980327, 2.2527635467980383, 0.3920738916256182, 0.9236995073891636, 1.0964778325123201, 0.7907931034482801, 0.7907931034482801, 0.09967980295566546, 4.02706403940888, 4.598561576354693, 1.7078472906403999, 0.29903940886699637, 0.8572463054187218, 0.22594088669950543, 1.5018423645320254, 0.7376305418719256, 8.73859605911333, 0.07309852216748543, 12.453330049261128, 0.36549261083743817, 0.7044039408867019, 5.236512315270953, 0.8240197044335038, 3.1631724137931148, 0.46517241379310365, 8.10064532019707, 5.136832512315288, 9.090798029556682, 0.03322660098522366, 0.19935960591133092, 1.3556453201970493, 0.5781428571428618, 0.47181773399015275, 1.1828669950738928, 0.8572463054187218, 1.315773399014782, 0.01993596059113641, 1.142995073891631, 0.11961576354679634, 0.22594088669950543, 4.405847290640411, 0.6246600985221672, 7.057330049261106, 0.5316256157635509, 0.44523645320197275, 0.1727783251231564, 4.020418719211836, 0.04651724137931092, 4.930827586206913, 0.5382709359605946, 0.2392315270935982, 1.8540443349753764, 0.6844679802955709, 1.5018423645320254, 0.8971182266009892, 0.7708571428571437, 4.598561576354693, 0.7044039408867019, 1.2559655172413837, 0.19935960591133092, 5.5820689655172595, 6.8712610837438675, 2.917295566502473, 1.0898325123152763, 0.3920738916256182, 0.9569261083743873, 4.120098522167502, 3.316014778325135, 0.5183349753694582, 1.24932019704434, 0.29903940886699637, 2.146438423645329, 1.3423546798029617, 0.657886699507391, 1.1297044334975437, 0.5116896551724145, 3.6216995073891747, 1.9736600985221728, 0.5316256157635509, 0.28574876847290914, 3.8675763546798163, 10.46637931034486, 6.911133004926129, 0.7110492610837454, 0.4120098522167491, 0.5980788177339927, 5.389354679802973, 0.7176945812807891, 0.41865517241379274, 2.1597290640394164, 0.2591674876847291, 0.4319458128078855, 3.316014778325135, 1.0433152709359654, 0.2325862068965546, 1.3357093596059182, 0.2791034482758655, 0.28574876847290914, 0.8771822660098583, 3.4555665024630673, 0.36549261083743817, 0.6047241379310364, 0.7243399014778383, 1.2028029556650293, 5.721620689655193, 7.794960591133031, 0.44523645320197275, 1.5217783251231565, 0.7575665024630563, 1.5417142857142927, 1.481906403940889, 1.2759014778325202, 0.43859113300492913, 0.4784630541871909, 0.8572463054187218, 0.61136945812808, 2.1597290640394164, 0.11961576354679634, 0.39871921182266185, 5.1235418719212005, 2.884068965517249, 0.0863891625615782, 1.24932019704434, 0.47181773399014726, 4.6650147783251406, 0.17277832512315086, 0.5449162561576382, 1.574940886699511, 0.33226600985222005, 0.6445960591133036, 4.51217241379312, 0.61136945812808, 0.0863891625615782, 5.023862068965535, 0.5515615763546818, 0.0664532019704418, 0.33226600985221455, 1.5350689655172491, 1.0034433497536983, 0.38542857142857456, 2.4720591133005, 0.9303448275862073, 5.801364532019722, 1.6879113300492639, 3.395758620689664, 0.3256206896551709, 0.0, 4.279586206896566, 0.38542857142857456, 1.3556453201970493, 0.9569261083743873, 1.6413940886699583, 0.7775024630541872, 1.5151330049261127, 4.545399014778338, 0.5249802955665073, 0.7575665024630563, 5.8877536945813, 0.1727783251231564, 0.6445960591133036, 0.4319458128078855, 0.8838275862069018, 0.4120098522167491, 1.315773399014782, 0.91705418719212, 0.45852709359606, 0.28574876847290914, 0.7243399014778327, 4.432428571428585, 2.8774236453202056, 0.40536453201970546, 0.4120098522167491, 0.18606896551724367, 2.3723793103448343, 3.701443349753709, 0.8572463054187218, 0.6844679802955709, 0.5116896551724145, 3.741315270935971, 2.6847093596059235, 0.11297044334975272, 2.824261083743851, 0.5249802955665073, 0.13955172413793274, 2.086630541871931, 1.162931034482762, 2.0534039408867075, 0.91705418719212, 0.4319458128078799, 0.9303448275862073, 2.392315270935971, 0.05980788177339817, 0.45188177339901636, 0.35884729064039456, 0.5914334975369492, 1.7875911330049348, 0.8638916256157655, 1.6879113300492639, 0.8638916256157655, 0.5116896551724145, 0.2192955665024618, 0.28574876847290914, 0.03322660098522366, 1.6546847290640454, 1.0100886699507419, 0.657886699507391, 0.09967980295566546, 0.42468518518518616, 0.7869166666666702, 0.6120462962962978, 1.0679583333333325, 0.6932361111111143, 0.7556898148148165, 0.19360648148148138, 0.11866203703703462, 0.5745740740740745, 0.8243888888888883, 0.33725, 0.40594907407407704, 0.08743518518518614, 0.6495185185185213, 0.4621574074074095, 0.9118240740740745, 0.7307083333333324, 1.7487037037037072, 0.8306342592592632, 1.1116759259259308, 0.6932361111111143, 0.7931620370370398, 2.192125000000008, 1.2116018518518563, 0.4871388888888935, 0.03122685185184848, 0.6745, 0.26855092592592295, 1.8985925925925957, 0.23732407407407446, 0.44342129629629523, 1.2615648148148189, 0.5246111111111117, 1.7861759259259307, 0.3747222222222234, 3.110194444444452, 0.7182175925925931, 0.9055787037037047, 0.5558379629629654, 0.7994074074074095, 1.2116018518518563, 0.4059490740740718, 0.8805972222222208, 1.2365833333333351, 0.056208333333332465, 0.32475925925926064, 0.8743518518518563, 0.5246111111111117, 0.12490740740740433, 0.38096759259259305, 0.7431990740740771, 0.5808194444444441, 0.9805231481481514, 0.724462962962968, 0.32475925925926064, 1.5863240740740745, 1.555097222222226, 0.012490740740739392, 2.2733148148148192, 0.16237962962962768, 0.6745, 0.09368055555555585, 0.9805231481481514, 0.6682546296296303, 1.9298194444444494, 1.0929398148148164, 0.5495925925925904, 0.9555416666666675, 2.6980000000000053, 1.1803750000000026, 1.2990370370370372, 0.4684027777777792, 0.7556898148148165, 0.5371018518518511, 1.105430555555556, 1.4988888888888936, 0.4309305555555558, 2.6855092592592658, 1.5426064814814866, 0.9555416666666675, 1.330263888888891, 0.8243888888888935, 0.49338425925926316, 0.39345833333333763, 1.5863240740740745, 0.7244629629629628, 0.5058750000000026, 0.45591203703703465, 0.7931620370370398, 0.012490740740739392, 1.0679583333333376, 1.242828703703705, 0.39345833333333247, 0.24981481481481382, 0.9930138888888909, 0.7744259259259255, 0.15613425925925803, 1.1304120370370399, 0.3434953703703697, 0.7619351851851861, 0.7182175925925931, 0.518365740740742, 0.19360648148148138, 0.7244629629629628, 1.3864722222222285, 0.06245370370370736, 0.28728703703703723, 0.39970370370370734, 1.1553935185185185, 0.4559120370370398, 0.6932361111111143, 0.6932361111111143, 0.3185138888888909, 0.1311527777777792, 1.286546296296298, 0.2935324074074069, 0.4808935185185186, 1.5426064814814866, 1.1616388888888936, 0.01873611111110909, 0.6869907407407446, 1.2678101851851888, 0.006245370370369696, 0.9992592592592606, 0.5870648148148191, 2.6980000000000053, 4.034509259259271, 0.9368055555555584, 0.7619351851851861, 0.2747962962962978, 1.779930555555561, 2.7979259259259304, 0.8681064814814813, 0.06869907407407186, 1.2553194444444442, 0.018736111111114288, 0.08743518518518614, 0.04371759259259307, 0.7931620370370398, 0.10617129629629524, 0.9992592592592606, 0.03122685185184848, 1.2615648148148189, 0.518365740740742, 1.0055046296296304, 0.811898148148149, 0.7744259259259307, 0.7806712962962953, 0.3185138888888909, 0.5808194444444441, 0.21858796296296015, 0.8368796296296328, 0.08743518518518614, 0.15613425925925803, 0.7307083333333376, 1.0679583333333325, 0.5870648148148138, 0.1623796296296329, 1.486398148148149, 1.0991851851851862, 0.14364351851851861, 0.20609722222222596, 1.149148148148149, 0.8681064814814866, 0.1311527777777792, 0.5433472222222208, 0.693236111111109, 0.41219444444444675, 0.4621574074074095, 0.22483333333333508, 0.006245370370369696, 2.029745370370375, 0.2810416666666675, 0.9555416666666675, 1.3365092592592607, 0.22483333333333508, 0.6432731481481463, 1.2803009259259281, 0.14364351851851861, 1.3677361111111142, 0.7994074074074095, 0.8181435185185238, 1.0055046296296304, 0.17487037037037229, 1.848629629629633, 0.16237962962962768, 1.4301898148148164, 0.1623796296296329, 1.1304120370370399, 0.04371759259259307, 0.09368055555555585, 0.4371759259259256, 0.6620092592592606, 0.24356944444444417, 0.4621574074074095, 0.5433472222222208, 0.14364351851851861, 1.555097222222226, 0.5371018518518562, 1.5738333333333403, 1.036731481481484, 0.4371759259259256, 0.3310046296296303, 1.9672916666666727, 0.1998518518518511, 1.954800925925928, 1.3989629629629678, 1.2303379629629652, 1.8548750000000027, 0.36847685185185364, 0.1686249999999974, 2.073462962962968, 1.1179212962962952, 1.5426064814814866, 0.08118981481481645, 0.04996296296296277, 0.9742777777777818, 1.7049861111111142, 0.5558379629629654, 0.7869166666666702, 2.7791898148148215, 0.1623796296296329, 0.518365740740742, 0.7182175925925931, 0.5121203703703723, 0.006245370370369696, 0.493384259259258, 0.30602314814815157, 1.4739074074074097, 2.1733888888888937, 0.3310046296296303, 0.899333333333335, 0.6182916666666676, 0.4059490740740718, 0.5808194444444441, 1.3864722222222232, 0.4371759259259256, 0.6495185185185213, 1.623796296296303, 0.11866203703703462, 0.6869907407407394, 0.6745, 1.4614166666666701, 1.3802268518518537, 0.8243888888888883, 0.562083333333335, 1.0429768518518536, 1.6862500000000054, 1.2553194444444493, 0.12490740740740952, 1.754949074074077, 1.417699074074077, 0.1311527777777792, 0.362231481481484, 0.5870648148148138, 0.34974074074074457, 1.5238703703703722, 0.5308564814814813, 0.3747222222222234, 0.08118981481481645, 0.09992592592592554, 0.5995555555555584, 1.2428287037037098, 1.4364351851851862, 1.4301898148148164, 0.562083333333335, 1.0929398148148164, 0.543347222222226, 0.9930138888888909, 0.562083333333335, 0.6495185185185213, 0.3122685185185212, 0.25606018518518353, 0.3747222222222234, 1.1304120370370399, 1.0554675925925983, 1.1429027777777792, 0.11241666666666493, 1.0929398148148164, 0.26230555555555324, 1.2990370370370372, 0.518365740740742, 3.5036527777777846, 0.09992592592592554, 1.061712962962968, 0.19360648148148138, 0.38721296296296276, 1.0117500000000053, 0.3559861111111143, 0.6994814814814839, 1.3677361111111142, 0.9305601851851887, 0.4684027777777792, 0.4559120370370398, 0.1873611111111117, 0.6245370370370372, 1.167884259259263, 0.41219444444444675, 1.2803009259259281, 0.2935324074074069, 1.373981481481484, 0.024981481481478784, 0.5371018518518511, 0.7119722222222233, 1.3864722222222285, 0.7744259259259307, 1.5613425925925957, 2.179634259259263, 0.6307824074074121, 0.22483333333333508, 0.8493703703703723, 0.9742777777777818, 0.5371018518518511, 0.9555416666666675, 0.6245370370370372, 0.4371759259259256, 0.855615740740742, 0.5683287037037048, 0.16237962962962768, 0.012490740740739392, 0.9055787037037047, 1.3115277777777818, 0.35598611111110906, 0.9742777777777818, 1.8174027777777844, 1.0929398148148164, 0.09992592592592554, 0.181115740740742, 0.08743518518518614, 0.7431990740740771, 0.30602314814815157, 0.04996296296296277, 0.7369537037037073, 0.5683287037037048, 1.4301898148148164, 1.105430555555556, 0.25606018518518353, 1.642532407407412, 0.11241666666667013, 0.5371018518518511, 0.29977777777777664, 0.4871388888888935, 1.598814814814819, 0.8431250000000027, 1.2490740740740796, 0.34974074074074457, 1.061712962962968, 0.14364351851851861, 1.149148148148149, 1.4489259259259306, 0.48713888888888834, 0.811898148148149, 0.15613425925925803, 0.12490740740740952, 0.8368796296296328, 1.0554675925925983, 0.23107870370370476, 0.08118981481481645, 0.5495925925925956, 1.7174768518518588, 0.3310046296296303, 1.1741296296296329, 0.9492962962962979, 0.7681805555555558, 1.2365833333333351, 0.518365740740742, 1.305282407407412, 1.2240925925925956, 1.392717592592593, 0.5308564814814813, 0.2685509259259281, 0.8618611111111116, 0.31226851851851606, 0.15613425925925803, 0.6495185185185213, 0.2685509259259281, 0.29977777777777664, 0.7556898148148165, 1.2927916666666674, 0.5433472222222208, 0.6682546296296303, 0.8868425925925957, 1.46766203703704, 2.1296712962963005, 1.4551712962963006, 0.41219444444444675, 1.036731481481484, 0.9180694444444494, 0.21234259259259047, 0.14988888888888832, 2.1234259259259307, 1.0429768518518536, 1.1179212962963005, 0.4371759259259256, 0.4184398148148164, 0.2747962962962978, 0.38096759259259305, 0.23732407407407446, 0.6745, 0.4996296296296329, 0.07494444444444155, 0.34974074074074457, 0.899333333333335, 1.5675879629629652, 0.8431250000000027, 0.11241666666667013, 0.8743518518518512, 0.6058009259259282, 0.7744259259259255, 0.33725, 1.2803009259259281, 0.018736111111114288, 0.1311527777777792, 0.6058009259259282, 0.9180694444444442, 0.9930138888888909, 0.8056527777777791, 0.4184398148148164, 0.33725, 0.7556898148148165, 0.41219444444444675, 0.21234259259259566, 1.2303379629629652, 0.38721296296296276, 0.15613425925925803, 1.3115277777777818, 1.3614907407407446, 0.6932361111111143, 2.479412037037045, 0.1311527777777792, 0.5870648148148191, 0.9305601851851887, 0.4371759259259256, 1.1179212962963005, 0.07494444444444674, 1.8985925925925957, 0.6370277777777766, 0.2997777777777818, 0.14988888888888832, 0.2685509259259281, 0.6245370370370372, 0.5246111111111117, 2.8416435185185236, 0.28728703703703723, 1.149148148148149, 1.12416666666667, 0.7369537037037022, 1.5238703703703722, 0.4871388888888935, 0.012490740740739392, 1.2490740740740796, 1.1991111111111168, 0.9742777777777818, 0.9805231481481514, 0.11241666666666493, 2.9040972222222257, 0.47464814814814893, 1.6987407407407447, 2.048481481481484, 1.1616388888888882, 0.1686250000000026, 0.6370277777777766, 0.6120462962962978, 0.006245370370369696, 0.7057268518518537, 1.7237222222222286, 2.7979259259259304, 0.36847685185185364, 3.753467592592598, 0.3497407407407394, 0.3622314814814788, 0.9118240740740745, 0.5246111111111117, 1.061712962962968, 0.3997037037037022, 0.181115740740742, 0.36847685185185364, 0.8431250000000027, 0.9742777777777818, 1.7049861111111142, 2.004763888888896, 0.6245370370370372, 0.3310046296296303, 0.09992592592592554, 0.19360648148148138, 0.5121203703703723, 1.3864722222222232, 1.0617129629629627, 0.5495925925925956, 0.6994814814814839, 0.03747222222222337, 1.305282407407407, 1.779930555555561, 1.9110833333333404, 0.17487037037037229, 0.42468518518518616, 0.562083333333335, 0.006245370370369696, 0.5246111111111117, 1.2178472222222259, 0.01873611111110909, 1.3927175925925983, 0.4871388888888935, 0.23107870370370476, 0.2935324074074069, 0.9118240740740745, 0.9180694444444494, 0.811898148148149, 0.23107870370370476, 0.693236111111109, 0.30602314814815157, 1.9110833333333404, 0.09992592592592554, 0.056208333333332465, 0.2810416666666675, 1.2740555555555586, 1.149148148148149, 0.0, 1.9485555555555583, 1.6612685185185212, 0.9180694444444494, 0.09992592592592554, 0.6307824074074121, 1.623796296296298, 0.08118981481481645, 0.8930879629629653, 0.03747222222222337, 0.9492962962962979, 0.1311527777777792, 0.03747222222222337, 0.9118240740740745, 0.5121203703703723, 0.3060231481481463, 0.3497407407407394, 0.2060972222222208, 1.1116759259259255, 1.1304120370370399, 1.6113055555555582, 1.642532407407412, 1.055467592592593, 0.7681805555555558, 0.8868425925925957, 0.8368796296296328, 0.24356944444444417, 0.7869166666666649, 0.11241666666666493, 0.04371759259259307, 0.8368796296296328, 0.3434953703703697, 0.25606018518518875, 0.08118981481481645, 0.5121203703703723, 0.49338425925926316, 1.036731481481484, 0.11241666666666493, 0.04371759259259307, 2.4606759259259303, 0.7994074074074095, 1.979782407407412, 0.9930138888888909, 0.8805972222222208, 0.04371759259259307, 0.44342129629629523, 0.899333333333335, 0.6307824074074121, 1.0492222222222234, 0.26230555555555324, 1.79866666666667, 0.1686250000000026, 0.018736111111114288, 1.2365833333333351, 0.29977777777777664, 0.12490740740740952, 1.0742037037037073, 1.2740555555555586, 0.10617129629629524, 0.21234259259259566, 0.018736111111114288, 1.7487037037037072, 0.7119722222222233, 0.1311527777777792, 2.0359907407407447, 0.4871388888888935, 0.4309305555555558, 0.6432731481481463, 0.31226851851851606, 1.5051342592592631, 1.305282407407412, 1.1741296296296329, 2.342013888888891, 0.5558379629629654, 0.056208333333332465, 0.3185138888888909, 0.7307083333333376, 0.2810416666666675, 0.11241666666666493, 0.21858796296296015, 0.6307824074074069, 0.4621574074074095, 0.08118981481481645, 1.0179953703703697, 0.24981481481481382, 0.5933101851851887, 0.6994814814814839, 0.14364351851851861, 0.7307083333333324, 0.15613425925925803, 0.38721296296296276, 0.8930879629629653, 0.7744259259259255, 0.2810416666666675, 1.1429027777777792, 0.8056527777777791, 0.08743518518518614, 0.9118240740740745, 0.42468518518518616, 0.8618611111111116, 0.5933101851851835, 1.0742037037037073, 1.2803009259259281, 1.3864722222222232, 0.09992592592592554, 0.8306342592592632, 0.5308564814814813, 1.3427546296296355, 1.598814814814819, 0.9680324074074121, 2.004763888888891, 0.7619351851851861, 0.32475925925926064, 2.154652777777779, 0.562083333333335, 0.8493703703703723, 0.811898148148149, 1.080449074074077, 0.4184398148148164, 0.3622314814814788, 0.14988888888888832, 0.1373981481481489, 0.39970370370370734, 0.1311527777777792, 0.09992592592592554, 0.44342129629629523, 0.07494444444444674, 1.9735370370370424, 0.34974074074074457, 0.44966666666666494, 2.0859537037037073, 3.0664768518518586, 0.44966666666667016, 0.08118981481481645, 0.9430509259259281, 1.1179212962962952, 0.07494444444444674, 0.3310046296296303, 0.7556898148148165, 1.1553935185185238, 1.5863240740740796, 0.9305601851851887, 0.9617870370370424, 0.181115740740742, 0.14364351851851861, 1.3864722222222285, 0.03122685185185368, 0.7057268518518537, 0.6869907407407446, 0.7494444444444468, 0.4371759259259256, 0.8243888888888883, 0.7494444444444468, 0.36847685185185364, 0.8056527777777791, 0.6307824074074121, 0.28728703703703723, 0.26855092592592295, 0.1686249999999974, 0.15613425925925803, 1.3552453703703748, 0.9430509259259281, 0.9430509259259281, 0.28728703703703723, 0.1873611111111117, 2.029745370370375, 1.4364351851851913, 2.7729444444444518, 0.5933101851851835, 0.4808935185185186, 0.5308564814814813, 0.9055787037037047, 1.1491481481481542, 0.2747962962962978, 0.8681064814814813, 0.5495925925925904, 2.2920509259259285, 0.1373981481481489, 0.01873611111110909, 0.7057268518518537, 0.3185138888888909, 1.5675879629629652, 0.7869166666666702, 0.7182175925925931, 0.5995555555555584, 0.8056527777777791, 0.7994074074074095, 1.2303379629629652, 0.06869907407407706, 1.3365092592592607, 0.21858796296296015, 0.9867685185185212, 0.880597222222226, 0.8743518518518512, 1.0742037037037073, 0.08743518518518614, 0.1311527777777792, 1.773685185185186, 0.024981481481478784, 0.5683287037037048, 0.7931620370370398, 0.518365740740742, 0.724462962962968, 0.2623055555555584, 0.25606018518518353, 0.3997037037037022, 1.1553935185185238, 0.6869907407407446, 0.35598611111110906, 0.8181435185185238, 0.26230555555555324, 1.623796296296298, 0.2997777777777818, 0.08118981481481645, 1.192865740740742, 0.24356944444444417, 0.11866203703703462, 0.1311527777777792, 0.3122685185185212, 0.6869907407407446, 0.1686250000000026, 0.7744259259259307, 0.3497407407407394, 0.28728703703703723, 1.8111574074074146, 0.3310046296296303, 0.23732407407407446, 1.0617129629629627, 0.12490740740740952, 0.1311527777777792, 1.149148148148149, 1.149148148148149, 0.2997777777777818, 0.8181435185185238, 1.4364351851851913, 1.1803750000000026, 0.056208333333332465, 1.4801527777777792, 0.9055787037037047, 0.36847685185185364, 0.26855092592592295, 0.17487037037037229, 1.0866944444444468, 0.0, 0.493384259259258, 1.5426064814814866, 0.2060972222222208, 0.38096759259259305, 0.7744259259259255, 0.1311527777777792, 1.773685185185186, 1.036731481481484, 0.9305601851851887, 0.6869907407407394, 0.4184398148148164, 0.01873611111110909, 0.41219444444444675, 0.8493703703703723, 1.1553935185185238, 1.3115277777777818, 0.08118981481481645, 1.1366574074074096, 0.9742777777777767, 2.7729444444444518, 1.6300416666666726, 1.7861759259259307, 0.04996296296296277, 0.11866203703703983, 0.8431250000000027, 2.2358425925925958, 0.39970370370370734, 0.5058750000000026, 1.46766203703704, 0.06245370370370736, 0.5870648148148138, 0.33725, 0.11866203703703462, 1.754949074074077, 1.3115277777777818, 2.4606759259259303, 0.5995555555555584, 1.5363611111111168, 1.4863981481481543, 6.98856944444446, 0.35598611111110906, 0.5495925925925956, 1.12416666666667, 1.5238703703703722, 0.6307824074074121, 0.4184398148148164, 1.9672916666666675, 0.5371018518518562, 0.03747222222222337, 1.036731481481484, 1.6862500000000054, 0.8493703703703723, 0.7369537037037022, 0.11241666666666493, 0.6869907407407394, 0.30602314814815157, 0.14364351851851861, 1.4114537037037074, 0.14364351851851861, 0.47464814814814893, 0.01873611111110909, 1.1803750000000026, 2.248333333333335, 1.5863240740740745, 0.7681805555555558, 0.899333333333335, 0.2747962962962978, 1.4489259259259255, 0.6994814814814839, 1.3927175925925983, 0.7182175925925931, 1.305282407407407, 0.7307083333333324, 2.2295972222222256, 1.0929398148148164, 0.9492962962962979, 0.5308564814814813, 0.23732407407407446, 0.5558379629629654, 0.44966666666667016, 0.7494444444444468, 1.2365833333333351, 0.11866203703703462, 0.8056527777777791, 0.6182916666666676, 0.21234259259259566, 2.110935185185191, 1.3240185185185211, 0.3434953703703697, 0.7057268518518537, 0.4371759259259256, 0.03122685185185368, 0.9992592592592606, 0.811898148148149, 1.2990370370370425, 0.31226851851851606, 0.5870648148148191, 0.4059490740740718, 1.0679583333333376, 0.3747222222222234, 0.2623055555555584, 0.1873611111111117, 1.0055046296296304, 1.6113055555555582, 1.961046296296303, 0.5870648148148138, 1.8361388888888936, 0.1311527777777792, 0.9617870370370372, 0.724462962962968, 0.49338425925926316, 1.1616388888888936, 0.062453703703702165, 0.47464814814814893, 0.181115740740742, 0.22483333333333508, 0.1373981481481489, 0.1686250000000026, 3.6722777777777873, 0.1873611111111117, 0.056208333333332465, 1.0742037037037073, 0.6182916666666676, 0.6869907407407394, 1.7487037037037072, 0.6245370370370372, 0.24356944444444417, 1.01175, 1.373981481481484, 0.35598611111110906, 1.7237222222222286, 2.0110092592592608, 1.555097222222226, 0.7431990740740771, 1.2365833333333351, 0.2685509259259281, 0.2623055555555584, 0.6682546296296303, 1.6800046296296356, 0.4621574074074095, 0.3747222222222234, 0.38721296296296276, 0.012490740740739392, 0.25606018518518875, 1.417699074074077, 0.06869907407407706, 1.036731481481484, 0.899333333333335, 0.40594907407407704, 0.8618611111111116, 0.24981481481481382, 0.7057268518518537, 0.6994814814814839, 0.3434953703703697, 0.5058750000000026, 0.36847685185185364, 0.5371018518518562, 0.6869907407407394, 0.9243148148148138, 1.8861018518518562, 1.1991111111111168, 1.3240185185185211, 0.4684027777777792, 1.0242407407407446, 0.06869907407407186, 2.2608240740740797, 1.4926435185185238, 2.0984444444444468, 1.2116018518518563, 0.4684027777777792, 0.21234259259259566, 0.7057268518518537, 1.0991851851851862, 1.0679583333333376, 0.08118981481481645, 2.092199074074077, 0.41219444444444675, 0.3060231481481463, 0.4309305555555558, 1.2116018518518512, 0.23107870370370476, 0.32475925925926064, 0.9930138888888909, 0.33725, 0.4871388888888935, 0.08118981481481645, 0.1998518518518511, 1.2990370370370372, 1.8423842592592632, 0.2747962962962978, 1.642532407407412, 0.1311527777777792, 0.3497407407407394, 0.6120462962962978, 0.49338425925926316, 0.5933101851851835, 1.9048379629629706, 0.3747222222222234, 0.2997777777777818, 0.48713888888888834, 0.693236111111109, 0.7182175925925931, 0.08743518518518614, 0.8868425925925957, 1.2553194444444493, 0.1623796296296329, 0.8930879629629653, 0.36847685185185364, 0.04371759259259307, 2.3357685185185213, 0.7057268518518537, 0.03122685185184848, 1.4739074074074097, 0.35598611111110906, 0.899333333333335, 1.9610462962962978, 0.6682546296296303, 0.03122685185184848, 0.9805231481481514, 0.4184398148148164, 0.493384259259258, 0.4684027777777792, 0.09368055555555585, 0.2685509259259281, 1.0242407407407446, 1.7611944444444467, 0.07494444444444674, 0.6994814814814839, 0.7057268518518537, 0.693236111111109, 0.024981481481483984, 0.1373981481481489, 0.5495925925925904, 0.4808935185185186, 0.5308564814814813, 0.17487037037037229, 1.398962962962963, 0.22483333333333508, 0.1873611111111117, 0.44966666666667016, 0.4808935185185186, 0.1686249999999974, 0.7931620370370398, 0.2060972222222208, 0.23107870370370476, 0.06245370370370736, 1.1991111111111168, 1.9110833333333404, 0.4184398148148164, 0.1311527777777792, 0.07494444444444674, 1.3552453703703748, 0.855615740740742, 1.0179953703703697, 0.5308564814814813, 0.4621574074074095, 0.056208333333332465, 0.5745740740740745, 0.06869907407407706, 0.5808194444444441, 0.4871388888888935, 0.4309305555555558, 0.21234259259259047, 0.924314814814819, 2.766699074074077, 0.44966666666666494, 0.6682546296296303, 0.42468518518518616, 0.4621574074074095, 0.1686250000000026, 1.0742037037037073, 0.3559861111111143, 0.38096759259259305, 0.25606018518518875, 1.6862500000000054, 1.6362870370370424, 0.22483333333333508, 1.3802268518518537, 0.9555416666666675, 1.4863981481481543, 0.09368055555555585, 0.15613425925925803, 1.7924212962963004, 0.09368055555555585, 0.6620092592592606, 0.22483333333333508, 0.6307824074074121, 0.4559120370370398, 0.3622314814814788, 0.8306342592592632, 1.12416666666667, 0.49338425925926316, 1.4801527777777792, 0.24981481481481382, 0.855615740740742, 1.2990370370370425, 0.006245370370369696, 1.0055046296296304, 2.142162037037045, 0.181115740740742, 1.1741296296296329, 0.3997037037037022, 0.1373981481481489, 0.45591203703703465, 0.493384259259258, 1.080449074074077, 0.8181435185185238, 1.911083333333335, 0.3747222222222234, 0.6869907407407446, 1.3552453703703748, 0.6120462962962978, 0.6682546296296303, 1.1491481481481542, 0.06869907407407706, 0.1998518518518511, 0.8056527777777791, 1.486398148148149, 1.8049120370370397, 1.8111574074074095, 1.286546296296298, 0.6869907407407446, 0.7119722222222233, 0.35598611111110906, 0.2747962962962978, 1.1179212962963005, 0.4434212962963004, 0.25606018518518875, 0.24981481481481382, 0.012490740740739392, 0.1311527777777792, 0.04371759259259307, 1.8985925925925957, 1.6800046296296356, 0.7307083333333324, 0.6869907407407446, 0.6745, 0.42468518518518616, 2.791680555555561, 1.0679583333333376, 0.518365740740742, 1.0991851851851862, 1.5863240740740796, 0.12490740740740433, 0.2060972222222208, 1.5176250000000027, 1.01175, 1.779930555555561, 1.8736111111111116, 1.1491481481481542, 0.5745740740740745, 0.1373981481481489, 0.12490740740740433, 0.5121203703703723, 0.1311527777777792, 1.5176250000000027, 0.8493703703703723, 1.648777777777782, 1.055467592592593, 0.3434953703703697, 2.2795601851851885, 0.9305601851851887, 1.7611944444444467, 0.2623055555555584, 1.5176250000000027, 0.9617870370370424, 0.6745, 0.4808935185185186, 1.648777777777782, 0.8056527777777791, 1.1304120370370399, 1.4863981481481543, 0.7119722222222233, 1.2053564814814866, 1.5426064814814866, 1.8673657407407473, 0.23107870370370476, 1.642532407407412, 9.293111111111132, 0.5308564814814813, 0.012490740740739392, 0.03122685185184848, 1.2365833333333351, 0.36847685185185364, 3.984546296296303, 0.39345833333333247, 0.3122685185185212, 0.32475925925926064, 2.092199074074077, 1.192865740740742, 0.7369537037037073, 0.1373981481481489, 0.024981481481483984, 4.709009259259271, 0.7869166666666702, 0.7369537037037073, 0.9118240740740745, 0.7182175925925931, 2.3982222222222283, 0.4371759259259256, 0.22483333333333508, 0.7744259259259307, 0.7307083333333376, 1.2303379629629652, 1.8798564814814867, 0.1998518518518511, 1.1741296296296329, 0.724462962962968, 1.5613425925925957, 0.8306342592592579, 0.49962962962962765, 0.5246111111111117, 0.7119722222222233, 0.38096759259259305, 0.3185138888888909, 0.5745740740740745, 0.25606018518518353, 0.3060231481481463, 0.7994074074074095, 0.7494444444444468, 0.6869907407407446, 0.056208333333332465, 0.06869907407407706, 0.09992592592592554, 1.0304861111111143, 1.0742037037037073, 0.4059490740740718, 0.3122685185185212, 0.4059490740740718, 1.2116018518518512, 0.08743518518518614, 0.181115740740742, 1.7174768518518537, 0.23107870370370476, 2.991532407407412, 0.6682546296296303, 1.6175509259259282, 0.44966666666667016, 2.0110092592592608, 0.06245370370370736, 0.9305601851851887, 1.979782407407412, 0.03122685185184848, 0.6495185185185213, 1.3365092592592607, 0.39345833333333763, 0.04371759259259307, 0.24356944444444417, 0.9805231481481514, 0.5495925925925904, 0.0, 2.8291527777777845, 0.15613425925925803, 0.48713888888888834, 0.4371759259259256, 0.5371018518518511, 0.09992592592592554, 0.062453703703702165, 3.203875000000008, 0.6994814814814839, 4.927597222222231, 1.2240925925925956, 4.890125000000008, 1.242828703703705, 3.4599351851851914, 3.7722037037037124, 0.49962962962962765, 0.21234259259259566, 0.9430509259259281, 0.14364351851851861, 0.5683287037037048, 1.7237222222222233, 0.8243888888888935, 0.4808935185185186, 0.21234259259259047, 0.24981481481481382, 0.012490740740739392, 2.3170324074074125, 0.7369537037037022, 0.6932361111111143, 1.754949074074077, 0.5558379629629654, 0.5246111111111117, 0.5870648148148138, 0.8805972222222208, 1.398962962962963, 2.0172546296296354, 0.5745740740740745, 7.706787037037053, 4.05949074074075, 1.8611203703703723, 1.0429768518518536, 1.9235740740740797, 0.056208333333332465, 0.11241666666667013, 5.539643518518528, 0.03122685185185368, 0.5495925925925904, 0.024981481481483984, 1.5051342592592631, 0.2935324074074069, 0.2935324074074069, 0.7994074074074095, 3.0602314814814893, 3.7722037037037124, 1.3614907407407446, 0.2810416666666675, 0.855615740740742, 0.9555416666666675, 2.0359907407407447, 0.4871388888888935, 0.4184398148148164, 0.5558379629629654, 8.44374074074076, 0.9180694444444494, 1.6300416666666726, 2.7979259259259304, 0.24356944444444417, 0.12490740740740433, 1.8861018518518562, 0.6807453703703696, 0.08743518518518614, 0.8181435185185186, 1.2303379629629652, 0.5683287037037048, 0.5933101851851835, 0.7119722222222233, 0.3434953703703697, 0.39345833333333247, 0.8930879629629653, 0.04996296296296277, 0.1686249999999974, 1.2053564814814812, 0.17487037037037229, 0.8243888888888883, 6.270351851851867, 0.6245370370370372, 1.8548750000000027, 1.1116759259259308, 0.08118981481481645, 0.2997777777777818, 0.5870648148148191, 0.19360648148148138, 1.9672916666666675, 0.5121203703703723, 0.24981481481481382, 2.029745370370375, 4.215625000000008, 0.518365740740742, 0.7182175925925931, 0.5995555555555584, 4.184398148148154, 3.203875000000008, 0.32475925925926064, 0.7806712962963005, 0.1373981481481489, 1.1616388888888936, 0.23732407407407446, 1.4364351851851862, 0.7744259259259255, 3.7035046296296352, 0.062453703703702165, 0.9430509259259281, 1.1116759259259255, 0.493384259259258, 5.645814814814824, 1.1366574074074096, 0.024981481481478784, 0.26855092592592295, 0.22483333333333508, 1.7924212962963004, 0.9930138888888909, 1.2178472222222259, 3.029004629629635, 3.872129629629638, 0.06869907407407706, 0.2747962962962978, 0.3060231481481463, 1.0866944444444468, 0.362231481481484, 1.1179212962963005, 0.8431250000000027, 5.477189814814826, 5.658305555555569, 0.4559120370370398, 0.3185138888888909, 1.3427546296296302, 2.48565740740741, 0.10617129629629524, 0.07494444444444674, 0.9368055555555584, 0.31226851851851606, 1.5738333333333403, 0.16237962962962768, 3.7409768518518587, 1.3115277777777818, 0.38721296296296276, 0.9742777777777818, 0.680745370370375, 4.121944444444452, 0.2935324074074069, 0.41219444444444675, 4.440458333333344, 1.167884259259263, 0.5058750000000026, 4.452949074074082, 0.25606018518518353, 4.0345092592592655, 0.03747222222222337, 0.1623796296296329, 0.33725, 1.5863240740740745, 0.4621574074074095, 1.4489259259259255, 1.4052083333333376, 2.941569444444449, 0.3122685185185212, 0.062453703703702165, 2.4232037037037073, 1.623796296296298, 0.19360648148148138, 1.4988888888888936, 0.7931620370370398, 4.40298611111112, 3.753467592592598, 1.4551712962963006, 0.21858796296296015, 0.3185138888888909, 0.21234259259259047, 0.4808935185185186, 3.5910879629629706, 0.08118981481481645, 1.0304861111111143, 1.5738333333333403, 0.01873611111110909, 0.33725, 0.07494444444444674, 0.14364351851851861, 0.4309305555555558, 0.15613425925925803, 4.665291666666677, 0.5308564814814813, 1.5363611111111168, 5.102467592592603, 0.6745, 0.03122685185184848, 4.121944444444452, 0.8868425925925957, 0.3185138888888909, 0.2685509259259281, 1.417699074074077, 1.055467592592593, 0.1623796296296329, 1.3240185185185211, 1.2178472222222259, 0.08743518518518614, 3.965810185185194, 1.330263888888891, 1.6987407407407447, 0.7057268518518537, 0.49962962962962765, 0.7307083333333376, 1.9298194444444494, 0.38096759259259305, 0.8743518518518563, 1.8611203703703723, 0.6307824074074069, 0.08743518518518614, 0.2935324074074069, 0.6058009259259282, 0.16237962962962768, 1.9860277777777817, 0.024981481481478784, 0.5995555555555584, 0.056208333333332465, 1.0679583333333325, 0.018736111111114288, 0.31226851851851606, 0.07494444444444155, 0.362231481481484, 0.693236111111109, 0.6495185185185213, 0.006245370370369696, 1.0179953703703697, 0.5933101851851835, 1.4988888888888936, 0.924314814814819, 1.46766203703704, 0.3622314814814788, 1.2490740740740796, 1.1803750000000026, 1.1616388888888936, 0.1623796296296329, 0.24981481481481382, 0.26855092592592295, 0.28728703703703723, 1.0179953703703748, 0.012490740740739392, 0.10617129629629524, 0.7307083333333376, 1.3552453703703748, 0.6620092592592606, 0.30602314814815157, 0.6682546296296303, 1.8736111111111116, 0.5495925925925956, 0.4059490740740718, 0.518365740740742, 2.179634259259263, 0.38721296296296276, 1.3240185185185211, 0.9867685185185212, 0.6994814814814839, 0.7869166666666649, 0.5495925925925956, 0.8930879629629653, 5.452208333333343, 0.6682546296296303, 0.22483333333333508, 2.0422361111111145, 1.2553194444444442, 1.167884259259263, 0.40594907407407704, 0.4871388888888935, 0.41219444444444675, 1.036731481481484, 0.693236111111109, 1.305282407407407, 0.5870648148148191, 0.07494444444444155, 1.1741296296296329, 0.47464814814814893, 0.7806712962962953, 0.7869166666666649, 1.1866203703703722, 0.6307824074074069, 1.5863240740740745, 1.373981481481484, 0.6745, 0.056208333333332465, 0.8930879629629653, 1.036731481481484, 0.8431250000000027, 1.2178472222222259, 0.024981481481478784, 0.5683287037037048, 0.562083333333335, 3.203875000000008, 2.4232037037037073, 0.9180694444444442, 0.23732407407407446, 0.5558379629629654, 0.4371759259259256, 0.012490740740739392, 0.21858796296296015, 0.09368055555555585, 1.2178472222222259, 0.5495925925925904, 1.1429027777777792, 0.04996296296296277, 0.7931620370370398, 1.46766203703704, 1.1803750000000026, 0.09992592592592554, 2.454430555555561, 0.08743518518518614, 0.21234259259259047, 0.024981481481478784, 0.518365740740742, 0.924314814814819, 0.9368055555555584, 2.073462962962968, 0.0, 0.9680324074074121, 0.01873611111110909, 0.8681064814814866, 1.0304861111111143, 0.8493703703703723, 0.03122685185184848, 0.0, 0.17487037037037229, 0.25606018518518353, 1.286546296296298, 0.9867685185185212, 0.3747222222222234, 1.1741296296296329, 1.0991851851851862, 1.330263888888891, 0.5933101851851835, 1.598814814814819, 0.5433472222222208, 0.7556898148148165, 0.06869907407407706, 0.6495185185185213, 0.5246111111111117, 0.8493703703703723, 0.7119722222222233, 0.14364351851851861, 1.0679583333333376, 0.6245370370370372, 1.2927916666666674, 1.3802268518518537, 0.08743518518518614, 1.4114537037037074, 0.14988888888888832, 0.5683287037037048, 0.9805231481481514, 0.32475925925926064, 0.5745740740740745, 0.8930879629629653, 3.922092592592601, 0.38096759259259305, 2.110935185185191, 0.5933101851851887, 0.08743518518518614, 0.2747962962962978, 0.9305601851851887, 1.5800787037037098, 0.9992592592592606, 1.167884259259263, 0.35598611111110906, 2.092199074074077, 1.3490000000000053, 1.3614907407407446, 0.8056527777777791, 0.3310046296296303, 0.6682546296296303, 0.2935324074074069, 0.17487037037037229, 0.21858796296296015, 0.06869907407407186, 0.5371018518518511, 0.28728703703703723, 1.4364351851851913, 0.47464814814814893, 0.012490740740739392, 1.530115740740742, 0.35598611111110906, 0.7057268518518537, 0.562083333333335, 0.09368055555555585, 0.6932361111111143, 0.41219444444444675, 0.24981481481481382, 0.7182175925925931, 1.2927916666666674, 1.080449074074077, 0.7182175925925931, 0.9805231481481514, 0.29977777777777664, 1.3864722222222232, 0.12490740740740433, 1.4364351851851862, 0.5745740740740745, 0.5308564814814813, 0.6432731481481515, 0.6682546296296303, 0.7931620370370398, 3.7409768518518587, 5.602097222222231, 0.38096759259259305, 0.2935324074074069, 0.21858796296296015, 1.055467592592593, 0.11866203703703983, 2.3295231481481515, 0.5495925925925956, 0.3185138888888909, 0.23107870370370476, 2.004763888888896, 1.1741296296296329, 2.1733888888888937, 0.7806712962963005, 0.7307083333333376, 0.493384259259258, 0.16237962962962768, 0.7307083333333376, 0.06869907407407186, 0.4309305555555558, 0.32475925925926064, 0.9930138888888909, 0.9805231481481514, 2.292050925925933, 0.8868425925925957, 0.6432731481481515, 0.6245370370370372, 0.03122685185184848, 0.8618611111111116, 0.1311527777777792, 2.3545046296296355, 0.15613425925925803, 0.3310046296296303, 1.0929398148148164, 0.2935324074074069, 0.7182175925925931, 1.0492222222222234, 0.056208333333332465, 0.8681064814814866, 1.1304120370370399, 0.9430509259259281, 0.3622314814814788, 0.9305601851851887, 0.5745740740740745, 0.07494444444444674, 0.7619351851851861, 0.5308564814814813, 0.056208333333332465, 0.10617129629629524, 0.04996296296296277, 1.1429027777777792, 0.7619351851851861, 0.4371759259259256, 1.0492222222222234, 0.181115740740742, 0.22483333333333508, 0.15613425925925803, 0.14364351851851861, 0.40594907407407704, 0.9055787037037047, 0.07494444444444155, 0.4371759259259256, 1.2615648148148189, 0.3434953703703697, 1.7861759259259307, 1.3427546296296302, 0.5808194444444441, 0.181115740740742, 0.3310046296296303, 0.4808935185185186, 1.0429768518518536, 1.2178472222222259, 0.6869907407407446, 0.1686250000000026, 0.9805231481481514, 1.2240925925925956, 0.24356944444444417, 1.0117500000000053, 0.056208333333332465, 0.1623796296296329, 1.1803750000000026, 0.062453703703702165, 1.2303379629629652, 0.3060231481481463, 0.15613425925925803, 1.486398148148149, 0.49962962962962765, 0.6620092592592606, 0.35598611111110906, 1.0055046296296304, 0.006245370370369696, 0.6307824074074069, 0.19360648148148138, 2.0422361111111145, 1.0742037037037073, 1.754949074074077, 0.1373981481481489, 0.44342129629629523, 0.056208333333332465, 0.1686250000000026, 1.3365092592592607, 0.9118240740740745, 0.056208333333332465, 3.04149537037038, 2.7729444444444518, 1.0679583333333376, 0.1873611111111117, 0.9742777777777818, 0.26230555555555324, 1.4551712962963006, 0.2685509259259281, 0.23732407407407446, 1.080449074074077, 0.31226851851851606, 1.1491481481481542, 0.10617129629629524, 0.08743518518518614, 0.5558379629629654, 0.8681064814814866, 0.012490740740739392, 0.7744259259259307, 0.8431250000000027, 0.018736111111114288, 0.33725, 2.7791898148148215, 0.8306342592592579, 2.4294490740740824, 1.6862500000000054, 0.26230555555555324, 2.2358425925925958, 1.3365092592592607, 1.1803750000000026, 0.7369537037037073, 1.0554675925925983, 0.03747222222222337, 0.8805972222222208, 1.6800046296296303, 0.5558379629629654, 0.19360648148148138, 0.23732407407407446, 0.7431990740740771, 1.01175, 2.6667731481481516, 0.47464814814814893, 1.530115740740742, 5.439717592592603, 0.06245370370370736, 0.9867685185185212, 0.35598611111110906, 2.0110092592592608, 0.25606018518518353, 0.7494444444444468, 0.012490740740739392, 5.552134259259268, 0.4184398148148164, 0.8805972222222208, 4.0345092592592655, 0.7369537037037022, 0.23107870370370476, 0.3185138888888909, 1.2490740740740796, 1.6175509259259282, 1.7049861111111142, 0.7806712962963005, 0.6620092592592606, 0.6058009259259282, 1.9485555555555583, 0.03747222222222337, 0.811898148148149, 0.2747962962962978, 0.3559861111111143, 0.5246111111111117, 0.08743518518518614, 1.7487037037037072, 4.434212962962973, 0.25606018518518875, 0.15613425925925803, 1.12416666666667, 0.16237962962962768, 0.04996296296296277, 0.03747222222222337, 1.0117500000000053, 0.39345833333333763, 0.8930879629629653, 0.4621574074074095, 1.0242407407407446, 0.6370277777777817, 0.22483333333333508, 0.2747962962962978, 0.562083333333335, 0.03747222222222337, 1.1116759259259308, 0.09368055555555585, 0.5683287037037048, 0.21858796296296015, 0.8056527777777791, 0.2685509259259281, 1.0242407407407446, 0.47464814814814893, 0.8181435185185238, 0.9305601851851887, 1.4301898148148164, 4.540384259259269, 0.25606018518518353, 0.493384259259258, 0.1373981481481489, 1.3802268518518537, 0.6120462962962978, 0.7494444444444468, 0.8181435185185186, 0.2935324074074069, 0.21858796296296015, 0.9742777777777818, 1.01175, 0.15613425925925803, 0.493384259259258, 0.32475925925926064, 0.006245370370369696, 1.1991111111111168, 0.14364351851851861, 0.1623796296296329, 0.1311527777777792, 1.1304120370370399, 1.486398148148149, 0.08743518518518614, 3.72224074074075, 0.03747222222222337, 0.01873611111110909, 0.08743518518518614, 1.3365092592592607, 1.2740555555555586, 0.24981481481481382, 0.5683287037037048, 1.0991851851851862, 3.541125000000008, 0.9368055555555584, 1.0929398148148164, 2.548111111111117, 0.5495925925925956, 1.0179953703703697, 1.5051342592592631, 1.2553194444444493, 1.1116759259259255, 0.34974074074074457, 0.9930138888888909, 0.4434212962963004, 0.4808935185185186, 0.1373981481481489, 0.5433472222222208, 0.11866203703703983, 3.803430555555561, 2.6667731481481516, 0.1998518518518511, 0.24356944444444417, 1.4052083333333376, 0.4684027777777792, 3.0914583333333376, 1.1616388888888936, 0.724462962962968, 1.511379629629633, 0.562083333333335, 0.7806712962963005, 0.4808935185185186, 1.167884259259263, 0.7806712962963005, 0.7619351851851861, 1.4364351851851913, 0.33725, 1.6113055555555582, 0.34974074074074457, 0.5745740740740745, 0.024981481481478784, 1.7861759259259307, 0.7994074074074095, 1.4614166666666701, 1.6800046296296303, 0.12490740740740433, 1.9048379629629653, 3.9408287037037097, 0.181115740740742, 0.6058009259259282, 1.4364351851851862, 0.8431250000000027, 0.6058009259259282, 0.6495185185185213, 0.5058750000000026, 1.3989629629629678, 1.6862500000000054, 1.1054305555555612, 2.2920509259259285, 0.04371759259259307, 0.03122685185185368, 0.10617129629629524, 1.1179212962963005, 1.1116759259259255, 0.9805231481481514, 0.08118981481481645, 0.08118981481481645, 0.362231481481484, 0.9742777777777767, 3.5036527777777846, 0.3622314814814788, 0.7556898148148165, 0.14988888888888832, 0.5495925925925956, 1.598814814814819, 0.5121203703703723, 1.0679583333333325, 0.9492962962962979, 1.779930555555561, 0.5495925925925904, 1.167884259259263, 0.1373981481481489, 0.9805231481481514, 1.8736111111111116, 0.23107870370370476, 1.0492222222222234, 5.683287037037047, 6.632583333333345, 1.0742037037037073, 0.880597222222226, 0.4059490740740718, 0.8368796296296328, 0.6682546296296303, 2.516884259259263, 0.44966666666667016, 0.6932361111111143, 1.12416666666667, 0.2747962962962978, 0.7806712962962953, 0.2685509259259281, 0.3185138888888909, 0.32475925925926064, 0.20609722222222596, 2.179634259259263, 0.3060231481481463, 0.9305601851851887, 0.36847685185185364, 0.15613425925925803, 1.1491481481481542, 0.6932361111111143, 3.6847685185185264, 0.9055787037037047, 0.44966666666667016, 0.28728703703703723, 1.1553935185185238, 0.8681064814814866, 1.7487037037037072, 0.2060972222222208, 0.28728703703703723, 0.08743518518518614, 1.9235740740740797, 0.6869907407407394, 0.3622314814814788, 0.28728703703703723, 0.07494444444444674, 0.39345833333333247, 1.1304120370370399, 0.03747222222222337, 0.8743518518518563, 0.7681805555555558, 0.1311527777777792, 0.1686249999999974, 0.8493703703703723, 0.11866203703703983, 1.2990370370370425, 0.7869166666666649, 1.061712962962968, 0.4559120370370398, 0.8618611111111116, 3.8284120370370447, 1.036731481481484, 0.33725, 0.44966666666666494, 0.8743518518518512, 0.23732407407407446, 0.9243148148148138, 1.080449074074077, 0.6994814814814839, 0.7681805555555558, 0.4621574074074095, 0.44966666666666494, 0.8930879629629653, 0.3622314814814788, 0.19360648148148138, 0.34974074074074457, 1.6862500000000054, 0.018736111111114288, 3.72224074074075, 0.08118981481481645, 0.8681064814814866, 0.10617129629629524, 0.01873611111110909, 1.8049120370370397, 0.5808194444444441, 0.7931620370370398, 0.7806712962962953, 1.4739074074074097, 0.7057268518518537, 5.8081944444444575, 0.5995555555555584, 0.42468518518518616, 0.6807453703703696, 1.598814814814819, 2.8291527777777845, 1.4364351851851913, 0.3997037037037022, 0.12490740740740952, 1.8736111111111116, 2.7417175925925985, 0.06869907407407186, 4.5466296296296385, 0.5933101851851887, 0.9430509259259281, 0.19360648148148138, 0.08743518518518614, 0.9867685185185212, 8.962106481481502, 1.8298935185185237, 1.0554675925925983, 0.9180694444444494, 0.17487037037037229, 0.25606018518518875, 0.9492962962962979, 0.2060972222222208, 0.9742777777777818, 0.855615740740742, 0.7182175925925931, 0.06869907407407186, 0.6495185185185213, 0.17487037037037229, 0.6495185185185213, 0.11241666666667013, 1.286546296296298, 1.2303379629629652, 0.14988888888888832, 1.1741296296296329, 1.1553935185185185, 0.22483333333333508, 1.0742037037037073, 0.42468518518518616, 0.006245370370369696, 0.47464814814814893, 0.9492962962962979, 1.2178472222222259, 0.7744259259259307, 0.3122685185185212, 0.24356944444444417, 0.22483333333333508, 0.5995555555555584, 0.724462962962968, 1.648777777777782, 2.4481851851851912, 1.4239444444444467, 1.192865740740742, 1.5051342592592631, 0.03747222222222337, 0.880597222222226, 1.1304120370370399, 0.07494444444444674, 1.692495370370375, 0.6682546296296303, 0.8930879629629653, 0.45591203703703465, 0.06869907407407186, 0.6307824074074069, 1.642532407407412, 0.8181435185185186, 0.6058009259259282, 1.0554675925925983, 0.899333333333335, 1.0929398148148164, 3.153912037037045, 0.10617129629629524, 0.7369537037037073, 0.7307083333333376, 0.3185138888888909, 0.12490740740740433, 0.6432731481481515, 0.47464814814814893, 1.4863981481481543, 0.8930879629629653, 0.38096759259259305, 0.9680324074074121, 0.8868425925925957, 0.5121203703703723, 1.623796296296303, 0.32475925925926064, 0.21840952380952097, 1.0920476190476154, 2.074890476190476, 0.2505285714285704, 0.1798666666666681, 1.2076761904761901, 0.41112380952380667, 0.6359571428571419, 0.10920476190476049, 1.2719142857142838, 0.5331761904761901, 1.2140999999999988, 0.6616523809523823, 0.3468857142857132, 0.41112380952380667, 0.17344285714285929, 0.057814285714284645, 1.4710523809523781, 0.9250285714285703, 1.4517809523809515, 0.0321190476190494, 0.5781428571428572, 0.012847619047617621, 1.6187999999999967, 0.8800619047619033, 1.7087333333333308, 1.5095952380952364, 0.10278095238095167, 0.8864857142857121, 1.6573428571428548, 0.03854285714285821, 0.9507238095238109, 0.14132380952380985, 1.3233047619047595, 0.7837047619047605, 1.7087333333333308, 0.23768095238095271, 0.14132380952380985, 0.19271428571428573, 0.6680761904761913, 0.3404619047619044, 1.162709523809523, 0.32761428571428675, 0.937876190476188, 0.5652952380952394, 0.9121809523809528, 0.4882095238095231, 0.0, 1.702309523809522, 0.8864857142857121, 0.2248333333333351, 1.6701904761904727, 0.2890714285714286, 0.6745, 0.7001952380952352, 1.567409523809521, 1.0021142857142868, 0.4239714285714296, 0.1991380952380945, 0.30191904761904614, 0.7837047619047605, 0.539599999999999, 0.7644333333333341, 0.09635714285714286, 1.3168809523809506, 0.8029761904761923, 1.3682714285714264, 0.09635714285714286, 0.17344285714285929, 1.567409523809521, 0.4239714285714296, 0.398276190476189, 0.7901285714285693, 0.23125714285714394, 0.30191904761904614, 0.8929095238095209, 1.888599999999999, 1.0406571428571396, 0.6680761904761913, 0.057814285714284645, 0.3404619047619044, 1.2205238095238076, 0.9571476190476197, 0.08350952380952524, 0.6873476190476177, 1.1434380952380967, 0.9699952380952374, 2.710847619047618, 1.0278095238095222, 1.2783380952380925, 0.12205238095238345, 0.41754761904762083, 0.6423809523809506, 0.2826476190476197, 0.2505285714285704, 1.9978047619047594, 0.4046999999999979, 0.3725809523809538, 0.4368190476190473, 0.6166857142857154, 1.1305904761904737, 0.6873476190476177, 0.06423809523809346, 2.3446904761904723, 1.1819809523809495, 1.0470809523809537, 0.17344285714285929, 0.7387380952380935, 1.252642857142857, 0.5460238095238077, 0.5974142857142836, 1.0213857142857132, 2.235485714285712, 1.0984714285714297, 1.297609523809524, 1.1884047619047582, 1.5095952380952364, 0.8672142857142857, 1.393966666666667, 0.4560904761904737, 0.16701904761904512, 1.162709523809523, 1.4068142857142847, 1.3168809523809506, 0.15417142857142752, 2.1776714285714274, 1.7986666666666649, 1.079199999999998, 0.796552380952378, 0.7130428571428582, 0.4368190476190473, 0.11562857142856929, 0.2505285714285704, 0.8736380952380945, 1.0984714285714297, 0.33403809523809563, 0.5652952380952394, 0.7323142857142846, 0.3725809523809538, 1.3425761904761913, 0.353309523809522, 0.9057571428571439, 0.35973333333333085, 0.796552380952378, 0.23768095238095271, 0.3404619047619044, 0.5652952380952394, 0.38542857142857145, 1.9399904761904747, 0.25695238095237916, 0.6102619047619066, 0.30191904761904614, 0.8993333333333351, 1.7986666666666649, 0.3468857142857132, 0.1798666666666681, 0.8993333333333351, 0.5267523809523813, 0.1862904761904769, 2.9934952380952375, 0.6745, 0.21840952380952097, 1.8693285714285672, 0.353309523809522, 0.2762238095238109, 0.9507238095238109, 0.10920476190476049, 0.5267523809523813, 0.7772809523809516, 1.2140999999999988, 0.44324285714285605, 1.1498619047619056, 1.0406571428571396, 0.2890714285714286, 0.5781428571428572, 0.17344285714285929, 1.5224428571428539, 1.034233333333331, 1.4967476190476188, 0.5139047619047638, 0.9121809523809528, 0.2762238095238109, 0.5652952380952394, 0.8479428571428539, 1.3040333333333332, 1.1305904761904737, 0.13490000000000105, 1.2847619047619012, 0.6166857142857154, 1.2654904761904746, 0.21198571428571214, 0.7901285714285693, 0.3404619047619044, 0.8158238095238098, 0.08993333333333405, 0.3147666666666638, 0.9635714285714286, 0.07708571428571642, 0.012847619047617621, 1.5931047619047616, 0.07066190476190227, 0.2762238095238109, 1.1048952380952384, 0.9442999999999968, 0.44324285714285605, 0.854366666666668, 1.1434380952380967, 0.3404619047619044, 1.663766666666664, 0.7837047619047605, 0.8350952380952363, 1.2333714285714252, 1.079199999999998, 1.0021142857142868, 0.7901285714285693, 0.17344285714285929, 0.8929095238095209, 0.5652952380952394, 0.398276190476189, 0.7387380952380935, 0.2248333333333351, 1.0021142857142868, 0.09635714285714286, 0.7451619047619022, 0.16701904761904512, 0.46893809523809665, 0.7451619047619022, 0.4882095238095231, 0.49463333333333187, 0.39185238095238023, 0.29549523809523737, 1.2205238095238076, 0.719466666666667, 1.2140999999999988, 0.8350952380952363, 1.8629047619047585, 1.9078714285714253, 1.0470809523809537, 1.1305904761904737, 0.9442999999999968, 0.6552285714285682, 0.4817857142857143, 0.49463333333333187, 0.4496666666666649, 0.9057571428571439, 1.933566666666666, 0.2890714285714286, 0.9956904761904727, 1.3361523809523825, 1.8629047619047585, 0.5588714285714307, 0.10278095238095167, 0.6231095238095241, 0.5652952380952394, 0.08993333333333405, 0.43039523809523844, 1.072776190476189, 0.9057571428571439, 0.9507238095238109, 0.4046999999999979, 0.3404619047619044, 1.3168809523809506, 1.567409523809521, 0.10920476190476049, 0.8736380952380945, 0.629533333333333, 1.2333714285714252, 0.25695238095237916, 0.7515857142857111, 0.46893809523809665, 0.7580095238095251, 0.38542857142857145, 0.7066190476190494, 0.5460238095238077, 0.8029761904761923, 0.2505285714285704, 0.06423809523809346, 2.2997238095238055, 2.8393238095238043, 0.5010571428571408, 0.08350952380952524, 0.7837047619047605, 0.16059523809523632, 0.5139047619047638, 0.7772809523809516, 0.29549523809523737, 0.8350952380952363, 1.9142952380952343, 1.567409523809521, 0.263376190476188, 1.605952380952379, 1.6894619047619042, 0.30834285714285503, 0.8479428571428539, 2.062042857142853, 1.426085714285711, 1.663766666666664, 0.23768095238095271, 0.9314523809523793, 0.37900476190476257, 1.4839000000000009, 1.5995285714285703, 2.7365428571428527, 0.2505285714285704, 0.5331761904761901, 0.7515857142857111, 0.4882095238095231, 0.35973333333333085, 1.124166666666665, 0.1991380952380945, 0.16701904761904512, 0.7901285714285693, 2.5309809523809492, 0.4496666666666649, 0.2248333333333351, 1.1498619047619056, 0.08993333333333405, 2.6144904761904746, 0.07708571428571642, 0.6680761904761913, 0.23768095238095271, 0.10278095238095167, 1.1819809523809495, 1.0085380952380956, 1.381119047619044, 1.0984714285714297, 0.12205238095238345, 1.3361523809523825, 0.6616523809523823, 0.9507238095238109, 0.43039523809523844, 0.6680761904761913, 0.13490000000000105, 0.04496666666666702, 0.5139047619047638, 0.6616523809523823, 0.39185238095238023, 0.6359571428571419, 0.6166857142857154, 0.8094000000000011, 0.16059523809523632, 0.8672142857142857, 0.7644333333333341, 0.0321190476190494, 1.1562857142857144, 1.7665476190476155, 0.9507238095238109, 1.4517809523809515, 1.124166666666665, 1.0085380952380956, 0.6937714285714264, 0.6937714285714264, 0.10278095238095167, 0.33403809523809563, 0.44324285714285605, 1.2397952380952395, 0.051390476190475834, 0.3147666666666638, 0.19271428571428573, 1.1113190476190473, 0.012847619047617621, 0.8864857142857121, 0.17344285714285929, 0.9892666666666637, 1.7601238095238065, 1.6958857142857133, 0.8993333333333351, 1.9849571428571418, 0.1862904761904769, 0.057814285714284645, 0.5267523809523813, 3.282566666666666, 0.9121809523809528, 0.6745, 1.6380714285714284, 1.0213857142857132, 1.0470809523809537, 2.017076190476191, 0.43039523809523844, 0.32119047619047797, 0.5909904761904747, 0.796552380952378, 1.8050904761904736, 0.5074809523809495, 0.7644333333333341, 1.663766666666664, 0.6745, 0.6166857142857154, 1.162709523809523, 0.2505285714285704, 2.1519761904761867, 0.23768095238095271, 0.24410476190476155, 0.30834285714285503, 0.17344285714285929, 2.0363476190476173, 0.0321190476190494, 0.3468857142857132, 0.8993333333333351, 0.796552380952378, 0.5588714285714307, 0.5588714285714307, 0.6745, 0.9699952380952374, 0.5460238095238077, 1.8050904761904736, 0.4239714285714296, 1.072776190476189, 1.259066666666666, 0.37900476190476257, 0.5588714285714307, 0.2826476190476197, 1.4068142857142847, 0.7130428571428582, 1.2462190476190482, 1.7601238095238065, 0.5588714285714307, 0.5524476190476165, 0.7001952380952352, 0.1991380952380945, 2.4281999999999977, 1.3040333333333332, 0.08993333333333405, 0.43039523809523844, 2.184095238095236, 0.39185238095238023, 0.1862904761904769, 0.16059523809523632, 0.7001952380952352, 1.4453571428571428, 0.4046999999999979, 2.0427714285714265, 1.1819809523809495, 1.1948285714285725, 1.0085380952380956, 0.3404619047619044, 0.051390476190475834, 1.5095952380952364, 0.16059523809523632, 0.629533333333333, 0.6423809523809506, 0.4239714285714296, 0.4496666666666649, 0.5588714285714307, 0.854366666666668, 0.0321190476190494, 0.43039523809523844, 0.4817857142857143, 0.44324285714285605, 0.4817857142857143, 0.5588714285714307, 1.3040333333333332, 0.2762238095238109, 0.8479428571428539, 0.4368190476190473, 0.23125714285714394, 2.017076190476191, 1.117742857142856, 0.23768095238095271, 0.07066190476190227, 0.16059523809523632, 0.4882095238095231, 0.5203285714285725, 0.5524476190476165, 0.30834285714285503, 0.23125714285714394, 0.9057571428571439, 1.8693285714285672, 1.2333714285714252, 0.9250285714285703, 0.3147666666666638, 1.297609523809524, 1.5738333333333296, 0.17344285714285929, 1.4068142857142847, 0.7258904761904758, 0.1862904761904769, 2.678728571428568, 0.7515857142857111, 0.4560904761904737, 0.7644333333333341, 1.843633333333332, 1.1884047619047582, 0.7901285714285693, 0.30191904761904614, 3.777199999999998, 0.8864857142857121, 0.37900476190476257, 0.8736380952380945, 1.3361523809523825, 0.9764190476190462, 1.843633333333332, 2.241909523809521, 0.33403809523809563, 0.3468857142857132, 1.0470809523809537, 0.16059523809523632, 0.5139047619047638, 0.30834285714285503, 0.32119047619047797, 0.8929095238095209, 0.2826476190476197, 0.9057571428571439, 0.33403809523809563, 0.4496666666666649, 1.9014476190476166, 0.719466666666667, 0.23125714285714394, 1.3618476190476176, 1.2397952380952395, 0.16059523809523632, 0.19271428571428573, 0.0321190476190494, 0.6552285714285682, 0.04496666666666702, 0.5909904761904747, 1.0085380952380956, 1.5417142857142858, 1.0406571428571396, 0.012847619047617621, 0.7130428571428582, 0.10278095238095167, 0.0064238095238088105, 0.8222476190476187, 1.702309523809522, 1.438933333333334, 0.5010571428571408, 0.7066190476190494, 1.1755571428571407, 0.012847619047617621, 0.5909904761904747, 1.7215809523809484, 0.46893809523809665, 0.9057571428571439, 1.2140999999999988, 0.14132380952380985, 0.12205238095238345, 1.2333714285714252, 0.7258904761904758, 0.012847619047617621, 0.7066190476190494, 1.124166666666665, 0.7644333333333341, 1.124166666666665, 0.8929095238095209, 0.025695238095240592, 0.32119047619047797, 0.5588714285714307, 0.2762238095238109, 0.2762238095238109, 0.5524476190476165, 0.4882095238095231, 0.4239714285714296, 0.5781428571428572, 0.3725809523809538, 1.4967476190476188, 4.014880952380951, 1.1048952380952384, 0.6488047619047594, 0.353309523809522, 0.23125714285714394, 0.9571476190476197, 1.1819809523809495, 0.2248333333333351, 0.16701904761904512, 0.14774761904761868, 0.6616523809523823, 1.0213857142857132, 0.025695238095240592, 0.539599999999999, 0.9699952380952374, 1.2012523809523814, 1.426085714285711, 0.01927142857142643, 0.353309523809522, 0.15417142857142752, 0.04496666666666702, 0.43039523809523844, 0.5974142857142836, 1.5609857142857122, 0.6231095238095241, 0.07066190476190227, 0.8800619047619033, 0.4560904761904737, 0.38542857142857145, 0.9699952380952374, 0.7066190476190494, 0.3147666666666638, 1.9014476190476166, 1.0984714285714297, 0.08993333333333405, 2.113433333333334, 0.6745, 1.0984714285714297, 0.33403809523809563, 1.5481380952380945, 2.0877380952380937, 0.5267523809523813, 1.1562857142857144, 0.4817857142857143, 0.41112380952380667, 1.2783380952380925, 0.23125714285714394, 0.057814285714284645, 0.7130428571428582, 1.2783380952380925, 0.9699952380952374, 0.46893809523809665, 0.3468857142857132, 0.12847619047619224, 0.5074809523809495, 0.30191904761904614, 0.1991380952380945, 0.5909904761904747, 0.6937714285714264, 0.2505285714285704, 1.9849571428571418, 0.8929095238095209, 0.6680761904761913, 1.2205238095238076, 0.44324285714285605, 0.12205238095238345, 0.08350952380952524, 0.398276190476189, 1.0021142857142868, 0.8800619047619033, 1.2269476190476165, 0.32119047619047797, 0.17344285714285929, 0.2505285714285704, 0.6359571428571419, 0.5845666666666659, 1.7665476190476155, 1.1048952380952384, 0.15417142857142752, 1.2333714285714252, 0.08350952380952524, 1.1305904761904737, 1.0599285714285716, 0.8286714285714274, 0.5588714285714307, 0.7066190476190494, 0.9314523809523793, 1.2076761904761901, 0.29549523809523737, 0.9699952380952374, 0.5845666666666659, 2.2547571428571382, 1.1498619047619056, 0.6166857142857154, 0.1991380952380945, 0.5331761904761901, 0.23125714285714394, 0.1862904761904769, 0.06423809523809346, 0.4882095238095231, 1.438933333333334, 1.3233047619047595, 0.5139047619047638, 0.06423809523809346, 1.6573428571428548, 0.25695238095237916, 1.0663523809523803, 0.33403809523809563, 1.9078714285714253, 0.7001952380952352, 1.1434380952380967, 0.8864857142857121, 0.9699952380952374, 0.025695238095240592, 1.0213857142857132, 0.9442999999999968, 1.0149619047619043, 1.6766142857142867, 0.7515857142857111, 0.8479428571428539, 0.09635714285714286, 0.09635714285714286, 1.0085380952380956, 1.1562857142857144, 0.29549523809523737, 0.057814285714284645, 0.30191904761904614, 0.47536190476190543, 0.21840952380952097, 0.8479428571428539, 0.9892666666666637, 1.5481380952380945, 0.5588714285714307, 0.10278095238095167, 0.08350952380952524, 0.04496666666666702, 0.057814285714284645, 3.0320380952380903, 2.2740285714285706, 1.0535047619047626, 0.8736380952380945, 0.6102619047619066, 0.09635714285714286, 0.6166857142857154, 1.252642857142857, 0.1991380952380945, 2.659457142857142, 1.4967476190476188, 0.49463333333333187, 0.5652952380952394, 0.6937714285714264, 0.8993333333333351, 0.7708571428571429, 1.3361523809523825, 1.6958857142857133, 3.0641571428571392, 0.09635714285714286, 0.24410476190476155, 0.8350952380952363, 0.0321190476190494, 0.38542857142857145, 1.3618476190476176, 0.5331761904761901, 1.2140999999999988, 0.6038380952380923, 2.775085714285711, 0.2826476190476197, 1.1434380952380967, 0.6745, 0.5781428571428572, 1.2911857142857153, 0.10278095238095167, 0.6616523809523823, 1.1755571428571407, 0.33403809523809563, 0.44324285714285605, 0.5588714285714307, 1.1434380952380967, 0.3725809523809538, 0.20556190476190334, 1.1691333333333318, 0.8736380952380945, 0.39185238095238023, 0.6937714285714264, 0.14132380952380985, 0.23768095238095271, 1.2269476190476165, 0.6680761904761913, 0.0064238095238088105, 1.072776190476189, 0.15417142857142752, 0.09635714285714286, 1.1948285714285725, 1.978533333333333, 1.0085380952380956, 1.4646285714285692, 0.2890714285714286, 1.1884047619047582, 0.353309523809522, 1.8693285714285672, 0.7387380952380935, 0.29549523809523737, 0.17344285714285929, 0.366157142857145, 0.4046999999999979, 0.09635714285714286, 0.366157142857145, 1.4453571428571428, 0.7323142857142846, 0.5781428571428572, 1.1434380952380967, 0.07066190476190227, 1.1755571428571407, 2.6209142857142838, 2.3575380952380955, 1.0984714285714297, 0.09635714285714286, 1.3425761904761913, 3.359652380952377, 1.747276190476189, 0.7001952380952352, 0.5974142857142836, 1.8243619047619055, 0.24410476190476155, 0.8029761904761923, 0.9635714285714286, 0.982842857142855, 0.7644333333333341, 1.6252238095238054, 0.8736380952380945, 1.5031714285714275, 1.079199999999998, 0.6745, 0.9507238095238109, 2.4217761904761894, 0.1991380952380945, 0.1991380952380945, 1.6830380952380954, 2.100585714285711, 0.982842857142855, 1.438933333333334, 0.982842857142855, 1.4453571428571428, 0.24410476190476155, 0.6937714285714264, 1.4903238095238098, 0.25695238095237916, 0.3147666666666638, 1.1113190476190473, 0.9635714285714286, 0.9699952380952374, 0.263376190476188, 1.2397952380952395, 0.6745, 0.44324285714285605, 2.466742857142856, 0.6937714285714264, 0.30834285714285503, 1.079199999999998, 0.9314523809523793, 0.6166857142857154, 0.33403809523809563, 0.08993333333333405, 0.33403809523809563, 0.9571476190476197, 0.8607904761904769, 0.7387380952380935, 1.2140999999999988, 1.477476190476187, 0.4817857142857143, 1.0856238095238067, 1.2654904761904746, 1.1691333333333318, 1.1884047619047582, 0.2698000000000021, 0.2890714285714286, 0.09635714285714286, 0.8415190476190452, 0.35973333333333085, 0.07066190476190227, 0.9057571428571439, 0.5074809523809495, 0.9442999999999968, 0.8607904761904769, 0.13490000000000105, 1.3618476190476176, 0.39185238095238023, 0.8479428571428539, 0.7772809523809516, 1.426085714285711, 0.4496666666666649, 0.14132380952380985, 2.916409523809521, 0.08350952380952524, 0.7901285714285693, 0.11562857142856929, 1.0278095238095222, 0.6680761904761913, 0.3147666666666638, 0.8029761904761923, 1.650919047619046, 0.8864857142857121, 1.426085714285711, 0.7387380952380935, 2.145552380952378, 0.3147666666666638, 0.9442999999999968, 0.2505285714285704, 1.4903238095238098, 1.2076761904761901, 0.32761428571428675, 0.15417142857142752, 0.9507238095238109, 0.9121809523809528, 1.297609523809524, 0.3468857142857132, 0.7451619047619022, 0.057814285714284645, 0.35973333333333085, 0.12205238095238345, 0.37900476190476257, 0.263376190476188, 1.1305904761904737, 1.5866809523809526, 0.06423809523809346, 1.605952380952379, 0.21840952380952097, 0.30191904761904614, 0.7451619047619022, 1.8693285714285672, 0.8094000000000011, 0.5524476190476165, 0.051390476190475834, 0.1991380952380945, 1.843633333333332, 0.19271428571428573, 0.6937714285714264, 1.381119047619044, 0.8415190476190452, 0.5074809523809495, 0.7901285714285693, 0.32761428571428675, 2.017076190476191, 0.4046999999999979, 0.8029761904761923, 1.0021142857142868, 0.15417142857142752, 1.650919047619046, 0.9699952380952374, 0.025695238095240592, 2.113433333333334, 0.4368190476190473, 0.30191904761904614, 0.6231095238095241, 0.6552285714285682, 1.2719142857142838, 0.5010571428571408, 2.550252380952381, 0.5267523809523813, 1.747276190476189, 0.5781428571428572, 3.8414380952380913, 0.937876190476188, 1.5545619047619033, 1.349, 1.3297285714285683, 0.7644333333333341, 0.09635714285714286, 0.2826476190476197, 1.079199999999998, 1.0085380952380956, 0.5652952380952394, 0.025695238095240592, 0.12205238095238345, 0.7708571428571429, 1.5224428571428539, 0.15417142857142752, 2.241909523809521, 0.0064238095238088105, 0.6166857142857154, 1.0535047619047626, 0.9571476190476197, 0.8158238095238098, 1.0599285714285716, 0.10920476190476049, 1.7344285714285714, 1.5095952380952364, 2.074890476190476, 0.4560904761904737, 0.2698000000000021, 0.7772809523809516, 0.6423809523809506, 0.995690476190478, 1.3746952380952353, 0.6745, 0.6423809523809506, 1.5481380952380945, 0.8222476190476187, 1.837209523809523, 1.438933333333334, 0.398276190476189, 0.8864857142857121, 0.5845666666666659, 0.33403809523809563, 0.39185238095238023, 1.3746952380952353, 0.29549523809523737, 0.11562857142856929, 0.4817857142857143, 1.7729714285714298, 0.13490000000000105, 0.5074809523809495, 2.2997238095238055, 0.8479428571428539, 0.17344285714285929, 1.1434380952380967, 0.7130428571428582, 0.9635714285714286, 0.2826476190476197, 0.23768095238095271, 0.8029761904761923, 0.9764190476190462, 0.8479428571428539, 0.07708571428571642, 0.9314523809523793, 0.719466666666667, 0.08350952380952524, 2.2740285714285706, 2.004228571428568, 1.3168809523809506, 0.629533333333333, 0.366157142857145, 0.01927142857142643, 0.5909904761904747, 0.15417142857142752, 1.0278095238095222, 0.5139047619047638, 0.07066190476190227, 0.35973333333333085, 0.366157142857145, 0.5460238095238077, 0.19271428571428573, 0.3725809523809538, 0.4882095238095231, 0.23768095238095271, 0.5652952380952394, 0.5717190476190483, 0.353309523809522, 0.38542857142857145, 1.5160190476190452, 1.895023809523808, 0.23125714285714394, 0.10278095238095167, 0.6102619047619066, 1.1434380952380967, 0.6423809523809506, 0.6873476190476177, 0.6680761904761913, 1.6252238095238054, 0.39185238095238023, 0.9699952380952374, 3.0641571428571392, 1.0149619047619043, 0.32761428571428675, 0.0, 2.601642857142857, 0.1991380952380945, 0.5267523809523813, 0.7708571428571429, 0.6231095238095241, 0.24410476190476155, 0.012847619047617621, 0.8607904761904769, 1.9207190476190483, 1.426085714285711, 1.5866809523809526, 0.629533333333333, 0.23768095238095271, 0.6359571428571419, 0.5139047619047638, 3.006342857142855, 1.349, 1.2333714285714252, 0.44324285714285605, 0.8094000000000011, 0.7066190476190494, 0.719466666666667, 1.1434380952380967, 0.5267523809523813, 0.051390476190475834, 1.6958857142857133, 0.08993333333333405, 1.0213857142857132, 0.5845666666666659, 0.32119047619047797, 1.7601238095238065, 0.353309523809522, 1.079199999999998, 1.259066666666666, 0.7130428571428582, 0.41112380952380667, 0.2890714285714286, 0.398276190476189, 1.2205238095238076, 4.972028571428565, 0.995690476190478, 0.0, 0.6809238095238088, 0.32761428571428675, 0.2762238095238109, 0.7837047619047605, 0.29549523809523737, 2.2611809523809527, 0.3468857142857132, 0.6102619047619066, 1.6701904761904727, 4.593023809523808, 0.5524476190476165, 0.5331761904761901, 0.15417142857142752, 5.286795238095234, 1.0085380952380956, 0.012847619047617621, 0.2505285714285704, 4.143357142857138, 0.33403809523809563, 1.2076761904761901, 0.7901285714285693, 0.2826476190476197, 0.2505285714285704, 0.9507238095238109, 0.7515857142857111, 0.03854285714285821, 0.32119047619047797, 0.03854285714285821, 0.35973333333333085, 0.32119047619047797, 1.0149619047619043, 0.012847619047617621, 1.7922428571428561, 0.5267523809523813, 4.3810380952380905, 0.8929095238095209, 1.5352904761904769, 0.14132380952380985, 0.6937714285714264, 0.03854285714285821, 0.2505285714285704, 0.6038380952380923, 1.3361523809523825, 0.41112380952380667, 0.3468857142857132, 3.211904761904758, 0.9121809523809528, 1.4646285714285692, 0.30834285714285503, 1.5288666666666628, 0.9314523809523793, 1.1562857142857144, 0.4560904761904737, 1.6830380952380954, 0.12205238095238345, 0.012847619047617621, 0.9507238095238109, 5.196861904761899, 0.5974142857142836, 0.7515857142857111, 3.9377952380952337, 0.08350952380952524, 1.2719142857142838, 1.580257142857144, 0.07708571428571642, 0.11562857142856929, 0.29549523809523737, 0.1862904761904769, 1.072776190476189, 0.17344285714285929, 1.7087333333333308, 0.30834285714285503, 0.0321190476190494, 0.23125714285714394, 0.49463333333333187, 2.505285714285714, 0.16701904761904512, 2.9228333333333296, 0.08993333333333405, 0.539599999999999, 1.259066666666666, 0.03854285714285821, 6.0062619047619, 0.12847619047619224, 0.11562857142856929, 0.6231095238095241, 0.937876190476188, 0.9892666666666637, 0.854366666666668, 1.2205238095238076, 0.5652952380952394, 0.7451619047619022, 2.5759476190476165, 0.4625142857142879, 0.30834285714285503, 0.47536190476190543, 1.3875428571428583, 0.16701904761904512, 1.3361523809523825, 0.3147666666666638, 0.4560904761904737, 1.837209523809523, 0.5331761904761901, 1.663766666666664, 0.1798666666666681, 0.08993333333333405, 0.398276190476189, 1.0021142857142868, 0.33403809523809563, 0.4625142857142879, 0.1862904761904769, 0.8864857142857121, 0.08350952380952524, 0.23768095238095271, 0.7387380952380935, 0.263376190476188, 0.6552285714285682, 0.21840952380952097, 0.8800619047619033, 8.415190476190467, 1.5931047619047616, 2.068466666666667, 0.353309523809522, 0.6423809523809506, 1.5609857142857122, 0.6423809523809506, 0.7901285714285693, 0.6166857142857154, 0.7323142857142846, 0.3147666666666638, 0.41754761904762083, 0.10920476190476049, 0.2505285714285704, 0.8993333333333351, 0.7580095238095251, 1.072776190476189, 0.21840952380952097, 4.426004761904757, 4.059847619047617, 0.398276190476189, 0.3725809523809538, 2.0363476190476173, 1.1691333333333318, 0.01927142857142643, 3.282566666666666, 0.4496666666666649, 5.395999999999995, 0.5524476190476165, 0.2248333333333351, 1.0085380952380956, 3.4238904761904703, 0.1862904761904769, 1.2462190476190482, 0.2890714285714286, 0.012847619047617621, 1.8179380952380912, 0.6616523809523823, 0.17344285714285929, 0.09635714285714286, 0.24410476190476155, 0.43039523809523844, 2.126280952380952, 0.5524476190476165, 1.8050904761904736, 0.23125714285714394, 1.0663523809523803, 0.4817857142857143, 0.09635714285714286, 0.35973333333333085, 0.12847619047619224, 0.23125714285714394, 5.042690476190473, 1.0984714285714297, 1.5931047619047616, 0.33403809523809563, 0.012847619047617621, 0.0064238095238088105, 1.355423809523809, 1.2140999999999988, 0.01927142857142643, 0.5331761904761901, 3.950642857142852, 1.1948285714285725, 0.6166857142857154, 0.5652952380952394, 0.2890714285714286, 0.025695238095240592, 3.5009761904761865, 0.6423809523809506, 1.259066666666666, 0.6680761904761913, 0.49463333333333187, 1.6766142857142867, 0.8415190476190452, 1.2462190476190482, 0.5588714285714307, 0.9699952380952374, 0.16701904761904512, 0.38542857142857145, 0.5010571428571408, 0.7130428571428582, 1.5160190476190452, 0.21840952380952097, 0.38542857142857145, 0.29549523809523737, 1.2205238095238076, 3.629452380952379, 9.654985714285706, 4.040576190476186, 0.30834285714285503, 0.796552380952378, 1.2012523809523814, 1.3875428571428583, 4.830704761904755, 0.5074809523809495, 0.012847619047617621, 0.16059523809523632, 5.974142857142852, 4.657261904761901, 0.20556190476190334, 4.002033333333328, 0.057814285714284645, 0.11562857142856929, 0.9699952380952374, 0.11562857142856929, 1.8693285714285672, 1.2783380952380925, 2.1391285714285693, 1.3425761904761913, 3.1091238095238065, 0.14774761904761868, 1.4068142857142847, 2.196942857142854, 0.5524476190476165, 5.8392428571428505, 0.03854285714285821, 3.9056761904761848, 3.4174666666666615, 0.6102619047619066, 0.01927142857142643, 2.3960809523809488, 0.14774761904761868, 1.2140999999999988, 0.5460238095238077, 3.944219047619043, 1.6252238095238054, 0.15417142857142752, 0.5781428571428572, 4.496666666666664, 1.7087333333333308, 1.252642857142857, 4.830704761904755, 1.9207190476190483, 0.15417142857142752, 0.4046999999999979, 0.6038380952380923, 1.1498619047619056, 2.0556190476190443, 0.5524476190476165, 0.4625142857142879, 6.276061904761898, 7.946252380952376, 0.30834285714285503, 2.16482380952381, 0.8222476190476187, 0.4882095238095231, 1.5931047619047616, 2.916409523809521, 2.3639619047619043, 0.4882095238095231, 1.0599285714285716, 0.9571476190476197, 0.16701904761904512, 0.9057571428571439, 0.21840952380952097, 2.0556190476190443, 0.13490000000000105, 1.1305904761904737, 1.4325095238095198, 1.650919047619046, 5.794276190476183, 0.4882095238095231, 0.4368190476190473, 0.2248333333333351, 0.2826476190476197, 0.5781428571428572, 0.12205238095238345, 0.8158238095238098, 6.327452380952374, 0.1991380952380945, 3.7836238095238066, 4.4131571428571394, 0.7451619047619022, 1.6830380952380954, 0.5524476190476165, 0.9314523809523793, 0.012847619047617621, 0.09635714285714286, 0.9571476190476197, 0.5588714285714307, 0.14132380952380985, 0.35973333333333085, 0.29549523809523737, 1.5095952380952364, 0.10920476190476049, 1.1498619047619056, 1.7280047619047627, 0.24410476190476155, 3.603757142857139, 0.5974142857142836, 4.194747619047613, 1.8500571428571406, 1.0856238095238067, 0.32761428571428675, 0.43039523809523844, 0.6102619047619066, 0.9764190476190462, 2.4217761904761894, 0.07708571428571642, 0.5781428571428572, 0.2505285714285704, 0.5717190476190483, 0.08993333333333405, 0.6616523809523823, 0.5074809523809495, 4.605871428571426, 0.2826476190476197, 0.5203285714285725, 1.4196619047619021, 1.438933333333334, 1.0021142857142868, 0.11562857142856929, 5.151895238095233, 1.0984714285714297, 1.1819809523809495, 0.8800619047619033, 0.07066190476190227, 0.23125714285714394, 0.4560904761904737, 0.23125714285714394, 0.21198571428571214, 0.10278095238095167, 0.14132380952380985, 1.381119047619044, 0.366157142857145, 0.8672142857142857, 0.6231095238095241, 0.8607904761904769, 1.1113190476190473, 2.5759476190476165, 0.9571476190476197, 0.08350952380952524, 0.057814285714284645, 1.4132380952380934, 0.8864857142857121, 4.535209523809518, 6.314604761904756, 2.010652380952377, 6.430233333333325, 0.06423809523809346, 0.30834285714285503, 2.2097904761904767, 0.5652952380952394, 4.265409523809521, 0.8479428571428539, 0.5010571428571408, 0.07708571428571642, 1.381119047619044, 0.33403809523809563, 1.1305904761904737, 5.646528571428565, 2.7622380952380934, 0.4239714285714296, 1.4453571428571428, 0.7130428571428582, 0.44324285714285605, 0.38542857142857145, 1.0663523809523803, 0.4046999999999979, 1.0085380952380956, 0.6937714285714264, 0.5074809523809495, 1.162709523809523, 0.7515857142857111, 0.16701904761904512, 0.8929095238095209, 0.7130428571428582, 1.5288666666666628, 3.179785714285709, 0.025695238095240592, 0.0321190476190494, 0.5974142857142836, 0.03854285714285821, 0.7837047619047605, 0.7644333333333341, 4.753619047619044, 0.21198571428571214, 0.7258904761904758, 0.16059523809523632, 0.03854285714285821, 1.3425761904761913, 1.1498619047619056, 5.794276190476183, 5.453814285714279, 0.6937714285714264, 1.0021142857142868, 0.4496666666666649, 2.9806476190476143, 7.4516190476190385, 0.854366666666668, 0.12205238095238345, 0.4046999999999979, 0.06423809523809346, 0.25695238095237916, 0.32761428571428675, 0.8736380952380945, 0.44324285714285605, 1.5931047619047616, 0.4817857142857143, 1.837209523809523, 1.933566666666666, 0.6359571428571419, 1.0021142857142868, 0.15417142857142752, 2.1519761904761867, 0.025695238095240592, 2.0877380952380937, 0.8029761904761923, 0.41754761904762083, 0.8094000000000011, 0.49463333333333187, 0.09635714285714286, 1.7408523809523804, 0.23768095238095271, 1.2076761904761901, 0.0321190476190494, 0.41754761904762083, 0.057814285714284645, 0.04496666666666702, 0.8800619047619033, 0.7130428571428582, 0.16059523809523632, 1.381119047619044, 0.2248333333333351, 1.0085380952380956, 1.3168809523809506, 0.13490000000000105, 0.5460238095238077, 0.9442999999999968, 0.8607904761904769, 0.43039523809523844, 0.6423809523809506, 0.8479428571428539, 0.1991380952380945, 1.0856238095238067, 0.6552285714285682, 1.1948285714285725, 3.777199999999998, 1.2012523809523814, 0.06423809523809346, 0.7258904761904758, 1.0278095238095222, 2.2290619047619034, 0.0064238095238088105, 0.8158238095238098, 1.1948285714285725, 1.6316476190476197, 1.1819809523809495, 0.41112380952380667, 0.16059523809523632, 0.8672142857142857, 0.4239714285714296, 0.19271428571428573, 0.8350952380952363, 1.8243619047619055, 0.9571476190476197, 0.1862904761904769, 0.06423809523809346, 0.9892666666666637, 0.9121809523809528, 0.7901285714285693, 0.796552380952378, 0.4046999999999979, 0.6423809523809506, 0.32119047619047797, 0.2248333333333351, 1.1434380952380967, 0.06423809523809346, 0.19271428571428573, 1.0535047619047626, 0.08993333333333405, 0.263376190476188, 4.348919047619046, 0.8479428571428539, 0.1991380952380945, 1.6252238095238054, 0.6616523809523823, 0.629533333333333, 1.1370142857142824, 0.9250285714285703, 0.2890714285714286, 0.6423809523809506, 1.3297285714285683, 1.2719142857142838, 0.8029761904761923, 0.6616523809523823, 1.7280047619047627, 0.0064238095238088105, 0.13490000000000105, 0.7772809523809516, 1.4453571428571428, 1.6766142857142867, 1.1498619047619056, 0.5524476190476165, 0.8222476190476187, 0.6937714285714264, 0.5588714285714307, 0.6937714285714264, 0.5652952380952394, 0.9057571428571439, 0.6809238095238088, 1.5288666666666628, 0.16059523809523632, 0.982842857142855, 0.13490000000000105, 0.5974142857142836, 1.3361523809523825, 0.21840952380952097, 1.4196619047619021, 0.6488047619047594, 1.3361523809523825, 0.2826476190476197, 1.837209523809523, 0.13490000000000105, 1.1562857142857144, 1.477476190476187, 0.5588714285714307, 0.16701904761904512, 0.937876190476188, 0.30191904761904614, 1.393966666666667, 1.2140999999999988, 0.263376190476188, 1.843633333333332, 0.9956904761904727, 0.6231095238095241, 0.2248333333333351, 1.5095952380952364, 0.9764190476190462, 1.6380714285714284, 1.0406571428571396, 1.4903238095238098, 1.6444952380952373, 1.2333714285714252, 0.03854285714285821, 1.8629047619047585, 0.4625142857142879, 1.0149619047619043, 1.4003904761904757, 0.719466666666667, 0.8222476190476187, 0.30834285714285503, 0.3404619047619044, 0.24410476190476155, 0.5267523809523813, 2.1391285714285693, 0.12205238095238345, 0.051390476190475834, 1.5095952380952364, 0.6680761904761913, 0.0321190476190494, 0.03854285714285821, 1.8307857142857142, 0.24410476190476155, 0.7580095238095251, 1.5031714285714275, 0.7644333333333341, 0.10920476190476049, 1.0406571428571396, 0.0, 0.9121809523809528, 1.4325095238095198, 0.7451619047619022, 0.33403809523809563, 0.7066190476190494, 0.025695238095240592, 0.0064238095238088105, 1.8500571428571406, 0.8800619047619033, 1.2847619047619012, 0.8415190476190452, 0.29549523809523737, 0.41754761904762083, 0.32119047619047797, 0.539599999999999, 0.5267523809523813, 0.8607904761904769, 0.4882095238095231, 0.16059523809523632, 0.19271428571428573, 0.13490000000000105, 0.6745, 0.5010571428571408, 1.252642857142857, 1.2847619047619012, 0.2890714285714286, 0.6616523809523823, 0.2826476190476197, 1.7922428571428561, 0.2698000000000021, 1.8564809523809493, 1.349, 0.353309523809522, 0.20556190476190334, 1.2076761904761901, 0.4496666666666649, 1.3746952380952353, 0.2890714285714286, 1.747276190476189, 0.8993333333333351, 1.0856238095238067, 0.3147666666666638, 0.8350952380952363, 1.0663523809523803, 0.5717190476190483, 0.19271428571428573, 0.8350952380952363, 1.072776190476189, 0.6873476190476177, 0.6038380952380923, 0.4046999999999979, 4.207595238095236, 0.5974142857142836, 0.4560904761904737, 0.9956904761904727, 2.2290619047619034, 0.5845666666666659, 0.08993333333333405, 0.7580095238095251, 0.5074809523809495, 1.0085380952380956, 0.7130428571428582, 0.366157142857145, 0.06423809523809346, 0.1862904761904769, 0.2698000000000021, 0.5460238095238077, 1.4453571428571428, 1.8693285714285672, 0.33403809523809563, 1.0278095238095222, 0.8672142857142857, 1.0149619047619043, 0.2698000000000021, 0.16059523809523632, 1.2397952380952395, 1.034233333333331, 1.8693285714285672, 0.10278095238095167, 1.4196619047619021, 0.5781428571428572, 0.6937714285714264, 0.25695238095237916, 1.259066666666666, 3.0384619047619044, 0.5460238095238077, 0.23768095238095271, 0.01927142857142643, 0.7323142857142846, 0.5524476190476165, 1.2847619047619012, 0.38542857142857145, 1.1370142857142824, 0.6102619047619066, 0.5203285714285725, 1.1562857142857144, 0.5074809523809495, 0.5909904761904747, 0.263376190476188, 0.263376190476188, 0.8993333333333351, 1.6444952380952373, 0.854366666666668, 1.381119047619044, 1.5738333333333296, 0.796552380952378, 0.6809238095238088, 1.0663523809523803, 2.0556190476190443, 0.30834285714285503, 0.7708571428571429, 1.9913809523809505, 0.012847619047617621, 0.9442999999999968, 0.7323142857142846, 0.7130428571428582, 0.08993333333333405, 0.2890714285714286, 0.44324285714285605, 0.8929095238095209, 1.2012523809523814, 0.25695238095237916, 0.6616523809523823, 0.9121809523809528, 0.012847619047617621, 0.5267523809523813, 1.4517809523809515, 0.366157142857145, 0.4625142857142879, 0.10278095238095167, 0.10920476190476049, 0.025695238095240592, 0.06423809523809346, 1.933566666666666, 1.034233333333331, 0.5781428571428572, 0.4046999999999979, 0.6488047619047594, 0.025695238095240592, 0.057814285714284645, 0.9186047619047615, 1.117742857142856, 2.0556190476190443, 1.7986666666666649, 0.24410476190476155, 0.4368190476190473, 1.7151571428571397, 0.29549523809523737, 0.09635714285714286, 0.2826476190476197, 0.1798666666666681, 0.0321190476190494, 0.5781428571428572, 1.2654904761904746, 0.3147666666666638, 0.8350952380952363, 1.9464142857142837, 0.14774761904761868, 0.6488047619047594, 0.21840952380952097, 0.5845666666666659, 0.19271428571428573, 0.9956904761904727, 0.5331761904761901, 1.381119047619044, 2.3896571428571396, 0.2698000000000021, 0.1862904761904769, 0.5909904761904747, 0.6809238095238088, 1.0406571428571396, 0.9442999999999968, 0.30834285714285503, 1.0920476190476154, 1.349, 0.07066190476190227, 0.7001952380952352, 1.117742857142856, 0.5652952380952394, 2.010652380952377, 4.3810380952380905, 2.0235, 0.3147666666666638, 0.25695238095237916, 1.3682714285714264, 3.6936904761904725, 1.8179380952380912, 0.9057571428571439, 0.2762238095238109, 1.3297285714285683, 0.398276190476189, 0.37900476190476257, 1.6380714285714284, 1.3104571428571419, 0.6166857142857154, 1.426085714285711, 0.9571476190476197, 0.057814285714284645, 1.567409523809521, 0.13490000000000105, 0.06423809523809346, 0.35973333333333085, 0.30834285714285503, 1.381119047619044, 0.46893809523809665, 0.3404619047619044, 1.5417142857142858, 0.2698000000000021, 0.10278095238095167, 4.8820952380952365, 4.766466666666662, 4.682957142857136, 1.0085380952380956, 0.01927142857142643, 0.5267523809523813, 2.145552380952378, 0.5524476190476165, 0.8286714285714274, 0.20556190476190334, 1.5545619047619033, 1.079199999999998, 1.297609523809524, 1.0920476190476154, 0.4046999999999979, 0.7901285714285693, 1.5031714285714275, 0.21840952380952097, 0.9442999999999968, 0.6745, 0.2505285714285704, 1.9271428571428573, 0.25695238095237916, 1.1305904761904737, 1.2205238095238076, 0.38542857142857145, 0.3404619047619044, 0.10278095238095167, 0.3468857142857132, 2.0941619047619024, 5.164742857142851, 0.4882095238095231, 0.8350952380952363, 0.38542857142857145, 0.9121809523809528, 1.0213857142857132, 0.012847619047617621, 0.20556190476190334, 4.605871428571426, 0.23125714285714394, 0.30191904761904614, 0.629533333333333, 0.937876190476188, 1.5352904761904769, 2.370385714285713, 0.23125714285714394, 1.1305904761904737, 0.07708571428571642, 2.659457142857142, 0.07066190476190227, 0.7515857142857111, 4.233290476190471, 9.166776190476183, 0.30191904761904614, 5.986990476190469, 0.4239714285714296, 2.062042857142853, 1.7215809523809484, 1.4582047619047604, 0.1798666666666681, 0.32761428571428675, 1.4710523809523781, 0.24410476190476155, 4.194747619047613, 0.7451619047619022, 5.678647619047615, 0.366157142857145, 0.06423809523809346, 0.6231095238095241, 0.7515857142857111, 0.0, 3.9699142857142835, 0.7644333333333341, 0.854366666666668, 4.181899999999995, 0.5460238095238077, 0.1991380952380945, 0.6745, 1.5095952380952364, 0.21840952380952097, 0.16059523809523632, 0.7323142857142846, 0.8350952380952363, 0.0064238095238088105, 0.11562857142856929, 0.6937714285714264, 0.8286714285714274, 2.235485714285712, 0.8864857142857121, 0.0321190476190494, 0.8800619047619033, 0.5781428571428572, 1.0856238095238067, 0.7066190476190494, 1.1434380952380967, 0.7837047619047605, 0.9186047619047615, 0.353309523809522, 1.4839000000000009, 0.21840952380952097, 1.7986666666666649, 2.2997238095238055, 1.1884047619047582, 0.0321190476190494, 3.8157428571428564, 0.08993333333333405, 0.8286714285714274, 0.5717190476190483, 0.16701904761904512, 2.595219047619043, 0.3725809523809538, 0.30191904761904614, 2.8778666666666624, 0.3147666666666638, 4.599447619047616, 0.08350952380952524, 0.41754761904762083, 1.2911857142857153, 0.3725809523809538, 0.9699952380952374, 0.5588714285714307, 5.845666666666659, 0.057814285714284645, 0.4560904761904737, 1.6701904761904727, 0.2248333333333351, 4.072695238095235, 3.269719047619043, 0.2698000000000021, 1.034233333333331, 0.14774761904761868, 0.3725809523809538, 4.888519047619045, 0.30191904761904614, 0.38542857142857145, 0.539599999999999, 1.3361523809523825, 0.398276190476189, 0.4496666666666649, 0.937876190476188, 0.15417142857142752, 0.4882095238095231, 0.7323142857142846, 0.7066190476190494, 0.11562857142856929, 0.14132380952380985, 0.353309523809522, 1.2783380952380925, 0.44324285714285605, 2.113433333333334, 1.252642857142857, 0.3147666666666638, 0.1798666666666681, 2.3446904761904723, 0.9892666666666637, 1.0920476190476154, 0.2505285714285704, 0.012847619047617621, 1.7280047619047627, 1.4646285714285692, 0.5460238095238077, 0.796552380952378, 0.23125714285714394, 0.12847619047619224, 0.6359571428571419, 0.3725809523809538, 0.14132380952380985, 0.1862904761904769, 0.15417142857142752, 0.398276190476189, 0.937876190476188, 0.6809238095238088, 4.734347619047613, 0.5588714285714307, 0.7066190476190494, 1.4967476190476188, 0.353309523809522, 0.0064238095238088105, 1.5481380952380945, 1.034233333333331, 2.505285714285714, 0.5267523809523813, 0.01927142857142643, 0.38542857142857145, 0.6745, 0.629533333333333, 1.4453571428571428, 1.978533333333333, 0.09635714285714286, 1.349, 1.1434380952380967, 1.6958857142857133, 1.1755571428571407, 0.4560904761904737, 6.82850952380952, 0.9699952380952374, 0.6873476190476177, 1.0085380952380956, 0.0321190476190494, 0.3404619047619044, 0.2698000000000021, 1.4132380952380934, 0.057814285714284645, 0.6231095238095241, 0.5139047619047638, 1.88217619047619, 0.7515857142857111, 0.2505285714285704, 0.17344285714285929, 1.1498619047619056, 0.4239714285714296, 1.3425761904761913, 0.2890714285714286, 0.24410476190476155, 0.13490000000000105, 0.1798666666666681, 0.5652952380952394, 2.659457142857142, 0.719466666666667, 1.1434380952380967, 0.41112380952380667, 0.4368190476190473, 0.16059523809523632, 0.1862904761904769, 0.19271428571428573, 0.07066190476190227, 4.548057142857141, 0.7708571428571429, 0.2505285714285704, 1.5224428571428539, 0.49463333333333187, 0.11562857142856929, 0.7580095238095251, 0.6166857142857154, 1.4068142857142847, 0.4817857142857143, 0.06423809523809346, 0.47536190476190543, 0.4046999999999979, 1.355423809523809, 0.7580095238095251, 0.2505285714285704, 0.5781428571428572, 0.7708571428571429, 0.5909904761904747, 0.5267523809523813, 3.8221666666666647, 0.398276190476189, 0.051390476190475834, 3.6487238095238053, 1.2076761904761901, 0.9057571428571439, 0.4496666666666649, 0.6359571428571419, 0.3404619047619044, 1.8757523809523813, 0.8800619047619033, 0.47536190476190543, 0.3468857142857132, 1.1305904761904737, 1.0920476190476154, 0.14132380952380985, 2.0941619047619024, 0.7515857142857111, 0.33403809523809563, 0.7130428571428582, 1.3746952380952353, 0.2698000000000021, 0.46747524752475245, 0.9750198019801992, 0.29384158415841766, 0.21370297029702903, 0.08681683168317013, 0.14692079207920883, 0.6077178217821798, 0.5075445544554468, 0.574326732673267, 0.8013861386138645, 1.45585148514852, 1.3957475247524758, 0.10017326732673307, 1.4825643564356459, 1.5894158415841604, 1.5894158415841662, 0.3405891089108935, 1.3289653465346556, 0.9816980198019861, 0.8614900990099031, 0.03339108910890731, 2.1103168316831757, 0.8748465346534716, 1.636163366336642, 0.681178217821787, 0.28716336633663064, 0.7279257425742629, 1.028445544554462, 0.5409356435643596, 1.656198019801986, 1.1820445544554468, 2.0635693069306997, 1.6294851485148547, 0.6878564356435629, 1.656198019801986, 1.3089306930693112, 0.7546386138613886, 1.2955742574257427, 1.035123762376238, 1.6294851485148547, 1.0284455445544565, 0.9683415841584178, 2.5844702970297098, 0.8681683168316847, 1.4758861386138644, 1.9767524752475298, 0.12020792079207744, 1.6628762376237676, 0.16027722772277178, 0.006678217821781462, 0.020034653465349946, 2.230524752475253, 0.1268861386138589, 0.8280990099009959, 0.9483069306930733, 0.11352970297029599, 0.40069306930693227, 1.8765792079207966, 1.469207920792083, 0.5876831683168299, 2.3240198019802047, 1.008410891089112, 1.2822178217821796, 0.29384158415841766, 1.8431881188118837, 0.5342574257425726, 0.20034653465346614, 0.2738069306930733, 0.46747524752475245, 1.1486534653465394, 0.9883762376237676, 0.4741534653465339, 1.0885495049505007, 0.4274059405940636, 1.36903465346535, 1.2755396039603983, 0.447440594059408, 0.327232673267325, 1.4491732673267386, 0.20034653465346614, 1.5560247524752533, 3.926792079207934, 1.035123762376238, 0.1402425742574274, 2.330698019801986, 0.4875099009901024, 1.2955742574257483, 0.6678217821782185, 0.8013861386138645, 0.681178217821787, 1.4758861386138644, 0.6077178217821798, 0.08013861386138867, 0.06678217821782574, 0.48750990099009683, 0.6611435643564372, 1.3222871287128743, 1.602772277227729, 0.006678217821781462, 0.1402425742574274, 0.7145693069306943, 0.23373762376237342, 0.9015594059405976, 1.1019059405940637, 1.1620099009901024, 0.9483069306930733, 0.28048514851484924, 1.5560247524752533, 0.3005198019801992, 0.4541188118811895, 0.16695544554455324, 0.1669554455445588, 0.09349504950495159, 0.02671287128713141, 1.8632227722772337, 0.31387623762376204, 0.4808316831683153, 2.6512524752475297, 0.6010396039603983, 1.3623564356435685, 0.9149158415841604, 0.6745, 0.5476138613861411, 0.16027722772277178, 1.1019059405940637, 2.851599009901001, 0.6344306930693112, 0.0, 0.2270594059405975, 0.5743267326732725, 1.9433613861386223, 0.7679950495049517, 0.8614900990099031, 1.1085841584158451, 1.255504950495054, 0.44076237623762654, 0.788029702970296, 0.6010396039603983, 1.0952277227722822, 0.7012128712871314, 0.12688613861386447, 1.5960940594059476, 1.008410891089112, 0.23373762376237342, 0.03339108910891287, 1.5092772277227773, 0.6477871287128741, 0.20034653465346614, 0.46747524752475245, 0.1669554455445588, 0.006678217821781462, 0.2470940594059419, 0.40069306930693227, 0.1669554455445588, 0.14692079207920883, 0.894881188118816, 0.5409356435643596, 0.2671287128712863, 0.5810049504950484, 0.43408415841584513, 2.0034653465346612, 0.5743267326732725, 0.788029702970296, 1.0618366336633693, 0.43408415841584513, 0.6344306930693112, 0.5676485148514855, 0.894881188118816, 0.3539455445544564, 0.17363366336634026, 1.028445544554462, 0.5409356435643596, 0.12688613861386447, 0.9483069306930733, 0.2537722772277234, 0.8748465346534716, 1.8031188118811952, 0.7279257425742572, 0.2537722772277234, 0.06678217821782574, 0.04006930693069433, 0.327232673267325, 1.9099702970297094, 0.9816980198019807, 1.121940594059408, 0.7546386138613886, 1.228792079207928, 1.5493465346534716, 0.3005198019801992, 1.469207920792083, 0.7479603960396072, 0.16027722772277178, 0.3205544554455491, 1.1286188118811895, 0.4808316831683209, 1.0618366336633693, 0.8080643564356459, 1.2087574257425782, 1.0150891089108935, 2.0435346534653553, 2.2906287128712917, 0.43408415841584513, 0.5075445544554468, 0.09349504950495159, 0.9149158415841604, 0.5275792079207912, 0.02671287128713141, 1.1753663366336653, 1.6495198019802046, 0.6411089108910927, 0.7212475247524758, 0.006678217821781462, 1.656198019801986, 0.4073712871287137, 0.347267326732675, 0.7212475247524758, 0.9750198019802048, 0.1669554455445588, 0.347267326732675, 1.021767326732675, 0.2671287128712863, 0.6611435643564372, 0.20034653465346614, 0.9215940594059419, 0.5142227722772282, 0.7679950495049517, 1.121940594059408, 0.8414554455445533, 1.2488267326732725, 1.8699009900990151, 1.2822178217821854, 0.8147425742574274, 0.2470940594059419, 2.2572376237623843, 3.980217821782191, 0.28048514851484924, 1.1486534653465394, 2.0902821782178314, 1.963396039603967, 1.3356435643564426, 3.1988663366336705, 2.04353465346535, 0.7412821782178257, 1.4959207920792144, 0.08013861386138867, 0.03339108910890731, 0.05342574257425726, 0.006678217821781462, 1.4358168316831756, 0.69453465346535, 0.9149158415841604, 0.6878564356435685, 0.2671287128712863, 0.20702475247524757, 1.3890693069307, 0.28048514851484924, 0.39401485148515075, 1.3556782178217872, 0.6344306930693057, 0.08681683168317013, 2.0902821782178256, 0.8815247524752475, 1.6228069306930732, 1.255504950495054, 0.6143960396039613, 0.18699009900989763, 0.04006930693069433, 0.3806584158415879, 1.1753663366336653, 1.796440594059408, 0.8414554455445588, 0.8147425742574274, 0.3405891089108935, 0.5142227722772282, 0.12020792079207744, 0.9416287128712919, 1.3823910891089184, 1.5426683168316901, 1.5426683168316901, 0.0, 0.20034653465346614, 1.041801980198025, 0.20034653465346614, 0.10017326732673307, 0.013356435643562923, 0.4274059405940636, 0.28716336633663064, 1.5426683168316846, 0.9149158415841604, 0.1736336633663347, 0.8614900990099031, 1.121940594059408, 0.20034653465346614, 0.995054455445549, 0.8347772277227774, 0.9549851485148547, 0.26045049504950485, 1.1486534653465394, 0.8614900990099031, 0.28716336633663064, 0.006678217821781462, 0.347267326732675, 0.7078910891089129, 0.8080643564356459, 2.6712871287128794, 4.254024752475258, 0.15359900990099032, 0.3539455445544564, 1.0618366336633693, 0.5476138613861411, 0.8080643564356459, 0.28716336633663625, 0.18699009900990318, 0.4741534653465394, 1.2822178217821854, 0.7078910891089129, 0.16695544554455324, 0.6878564356435629, 1.2488267326732725, 0.5142227722772282, 1.035123762376238, 0.31387623762376204, 0.7346039603960443, 0.5409356435643596, 1.3289653465346556, 0.894881188118816, 2.016821782178224, 0.2671287128712863, 0.3539455445544564, 0.6411089108910871, 0.3739801980198008, 1.0685148514851508, 2.6045049504950537, 2.4041584158415876, 0.30719801980198064, 1.2688613861386169, 0.2203811881188105, 0.44076237623762654, 0.5075445544554468, 2.2238465346534717, 1.0885495049505007, 0.22705940594059199, 0.8080643564356459, 0.908237623762379, 1.228792079207928, 0.6477871287128741, 0.1669554455445588, 0.08013861386138867, 1.2621831683168354, 1.021767326732675, 1.2287920792079225, 0.3606237623762379, 0.8013861386138645, 3.833297029702982, 1.3022524752475297, 2.0568910891089183, 0.5743267326732725, 0.6210742574257427, 1.0418019801980194, 0.5743267326732725, 0.11352970297029599, 0.3606237623762379, 0.16027722772277178, 0.13356435643564038, 0.8614900990099031, 1.2421485148514855, 0.1268861386138589, 1.141975247524758, 0.28716336633663064, 2.1236732673267387, 1.3490000000000055, 0.32055445544554356, 0.9683415841584178, 0.6210742574257482, 1.5760594059405975, 0.39401485148515075, 0.5943613861386169, 0.26045049504950485, 3.9201138613861524, 0.69453465346535, 0.8414554455445588, 0.7145693069306943, 0.4941881188118838, 1.9967871287128742, 0.233737623762379, 1.1620099009901024, 0.6277524752475298, 1.0952277227722766, 0.574326732673267, 0.3205544554455491, 1.1152623762376266, 0.581004950495054, 0.69453465346535, 0.14692079207920883, 0.6210742574257482, 1.5627029702970348, 0.30719801980198064, 0.6077178217821798, 1.8899356435643595, 2.3507326732673364, 0.4340841584158395, 1.2087574257425782, 0.7679950495049517, 0.4741534653465394, 2.0769257425742627, 0.12020792079207744, 0.18031188118812175, 0.9349504950495049, 1.2755396039603983, 0.7813514851485145, 0.20034653465346614, 1.442495049504957, 0.46747524752475245, 0.08681683168317013, 1.0818712871287193, 0.48750990099009683, 0.681178217821787, 0.6678217821782185, 0.17363366336634026, 0.7078910891089129, 0.41404950495049514, 0.44076237623762654, 1.5092772277227773, 1.1286188118811895, 1.1820445544554523, 0.5008663366336653, 1.4358168316831756, 0.40069306930693227, 2.2038118811881273, 0.6411089108910927, 0.046747524752475796, 0.8080643564356459, 0.38733663366336374, 1.121940594059408, 0.8548118811881217, 0.26045049504950485, 0.04006930693069433, 0.7746732673267386, 0.06010396039603872, 0.3673019801980194, 1.3356435643564426, 0.006678217821781462, 0.16027722772277178, 0.3339108910891065, 1.3490000000000055, 0.581004950495054, 2.344054455445549, 0.08681683168317013, 0.1736336633663347, 0.08681683168317013, 0.5342574257425726, 0.5943613861386169, 1.729658415841588, 2.7848168316831754, 0.5676485148514855, 0.10685148514851452, 0.3005198019801992, 0.006678217821781462, 1.155331683168321, 0.28716336633663625, 0.2804851485148548, 0.894881188118816, 0.78135148514852, 1.141975247524758, 0.7746732673267386, 0.22705940594059199, 0.30719801980198064, 0.4340841584158395, 0.02671287128713141, 0.4073712871287137, 1.3757128712871314, 1.2688613861386169, 0.0801386138613831, 0.7613168316831701, 0.20702475247524757, 1.6895891089108934, 0.4741534653465339, 1.2154356435643596, 0.03339108910890731, 1.0818712871287193, 0.04006930693069433, 0.046747524752475796, 0.6745, 0.20702475247524757, 1.1486534653465394, 0.04006930693069433, 0.18699009900989763, 1.3222871287128743, 0.560970297029704, 0.24041584158416046, 1.442495049504957, 1.0551584158415879, 0.2203811881188105, 0.18031188118812175, 0.11352970297029599, 0.3405891089108935, 0.15359900990099032, 0.1669554455445588, 0.908237623762379, 0.05342574257425726, 0.08681683168317013, 0.10017326732673307, 0.0801386138613831, 0.8548118811881217, 1.6094504950495103, 1.5960940594059418, 0.020034653465349946, 0.6143960396039613, 0.8548118811881217, 1.5960940594059418, 0.9483069306930733, 0.5943613861386169, 0.5810049504950484, 1.7163019801980248, 0.21370297029702903, 0.120207920792083, 0.06678217821782019, 0.6010396039603983, 0.29384158415841766, 0.6878564356435629, 0.4941881188118838, 0.4340841584158395, 1.6628762376237676, 0.1669554455445588, 0.7078910891089129, 0.24041584158416046, 0.20034653465346614, 0.5409356435643596, 0.2537722772277234, 0.24041584158416046, 0.581004950495054, 0.6411089108910871, 2.1637425742574328, 0.4541188118811895, 1.121940594059408, 0.3005198019801992, 0.41404950495049514, 0.4741534653465339, 0.9215940594059419, 0.3739801980198008, 1.1419752475247524, 3.1320841584158505, 1.669554455445549, 1.7430148514851562, 1.469207920792083, 0.6411089108910871, 0.20702475247524757, 0.1402425742574274, 2.096960396039613, 0.3005198019801992, 1.128618811881195, 0.10017326732673307, 1.45585148514852, 1.7563712871287191, 0.8280990099009959, 1.2621831683168354, 0.11352970297029599, 0.8414554455445588, 0.20034653465346614, 0.20034653465346614, 0.20702475247524757, 0.5943613861386169, 0.10685148514851452, 0.3673019801980194, 0.6611435643564372, 3.165475247524758, 0.006678217821781462, 0.18031188118812175, 0.37398019801980636, 0.9750198019801992, 0.120207920792083, 0.7679950495049517, 0.39401485148515075, 0.2671287128712863, 0.16027722772277178, 0.894881188118816, 1.4091039603960442, 0.06010396039603872, 1.816475247524758, 0.08681683168317013, 0.6010396039603983, 1.6428415841584232, 1.3022524752475297, 0.41404950495049514, 0.29384158415841766, 0.8681683168316847, 1.0952277227722822, 0.9750198019802048, 1.1085841584158451, 1.6094504950495103, 0.4741534653465394, 0.8280990099009903, 1.4224603960396072, 0.08681683168317013, 0.8414554455445533, 1.1085841584158451, 0.120207920792083, 0.04006930693069433, 0.3606237623762379, 0.8815247524752475, 0.8748465346534716, 0.2470940594059419, 2.6312178217821853, 1.449173267326733, 1.1753663366336653, 0.4875099009901024, 1.3623564356435685, 0.8280990099009959, 0.40069306930693227, 0.908237623762379, 0.5876831683168299, 0.6344306930693057, 0.5008663366336653, 3.005198019801986, 0.7947079207920831, 2.0769257425742627, 0.10685148514851452, 0.29384158415841766, 1.3823910891089128, 1.5560247524752533, 0.69453465346535, 1.041801980198025, 1.2488267326732725, 0.0734603960396072, 1.342321782178224, 1.743014851485151, 2.0101435643564427, 0.5142227722772282, 0.6611435643564372, 0.9683415841584178, 1.6094504950495103, 0.7947079207920831, 1.4224603960396072, 0.894881188118816, 0.5142227722772282, 0.29384158415841766, 0.581004950495054, 1.335643564356437, 0.7078910891089129, 0.12020792079207744, 0.5476138613861411, 1.4024257425742628, 0.06678217821782019, 0.928272277227729, 0.29384158415841766, 0.7546386138613886, 0.7813514851485145, 1.4024257425742628, 0.6277524752475241, 0.21370297029702903, 0.6745, 0.6077178217821798, 1.3757128712871314, 0.5876831683168299, 0.9883762376237676, 0.20034653465346614, 0.6878564356435685, 0.6277524752475298, 0.1736336633663347, 0.7546386138613886, 1.5092772277227773, 1.2755396039603983, 0.41404950495049514, 0.5209009900990097, 0.39401485148515075, 3.4927079207920886, 1.0017326732673306, 0.3806584158415879, 0.24041584158416046, 1.1019059405940637, 1.8565445544554522, 0.20034653465346614, 0.10017326732673307, 0.14692079207920883, 1.3156089108910927, 0.16027722772277178, 0.9549851485148547, 3.6596633663366416, 3.2656485148514913, 0.6745, 0.5676485148514855, 0.4941881188118838, 1.121940594059408, 0.21370297029702903, 2.030178217821787, 1.45585148514852, 1.3823910891089184, 4.467727722772287, 1.3289653465346556, 1.0150891089108935, 0.28716336633663064, 1.0418019801980194, 1.4491732673267386, 1.2087574257425782, 1.8298316831683208, 0.6210742574257427, 0.42072772277228215, 1.442495049504957, 1.3890693069307, 0.3806584158415823, 0.14692079207920883, 1.1887227722772338, 1.636163366336642, 0.4340841584158395, 0.4073712871287137, 1.222113861386141, 0.8214207920792088, 0.10017326732673307, 1.816475247524758, 0.6411089108910871, 0.5142227722772282, 0.32055445544554356, 1.9300049504950538, 0.7813514851485145, 0.6143960396039613, 1.4758861386138644, 0.6277524752475241, 0.233737623762379, 0.7679950495049517, 1.155331683168321, 0.020034653465344388, 1.1019059405940637, 0.7145693069306943, 0.020034653465349946, 0.4808316831683209, 0.3606237623762379, 5.349252475247541, 0.020034653465349946, 0.5209009900990097, 0.12020792079207744, 1.0885495049504952, 1.0751930693069323, 4.521153465346545, 1.4091039603960442, 0.04006930693069433, 1.9500396039603984, 0.9616633663366362, 1.1620099009901024, 0.7479603960396072, 0.20034653465346614, 0.6143960396039613, 0.29384158415841766, 0.1736336633663347, 4.9752722772277345, 5.396000000000017, 4.287415841584171, 0.32723267326733063, 1.729658415841588, 0.046747524752475796, 1.9300049504950538, 0.6143960396039613, 1.121940594059408, 1.1486534653465394, 1.0351237623762435, 0.10017326732673307, 0.5943613861386169, 0.8147425742574274, 1.0751930693069323, 0.08013861386138867, 1.0818712871287137, 0.21370297029702903, 0.08013861386138867, 0.5409356435643596, 2.3574108910891116, 7.5263514851485365, 2.263915841584166, 1.8431881188118837, 0.5409356435643596, 1.649519801980199, 1.0484801980198064, 0.5409356435643596, 0.06010396039603872, 0.347267326732675, 0.9549851485148547, 1.5226336633663402, 2.0034653465346612, 0.7947079207920831, 0.046747524752475796, 0.788029702970296, 0.6210742574257482, 1.5025990099009958, 1.1620099009901024, 1.1152623762376266, 0.10017326732673307, 0.31387623762376204, 1.8699009900990151, 1.896613861386141, 0.29384158415841766, 2.8783118811881274, 0.3673019801980194, 0.8347772277227719, 1.2688613861386169, 0.22705940594059199, 2.1570643564356513, 0.3005198019801992, 0.24041584158416046, 0.5542920792079226, 2.0034653465346555, 0.560970297029704, 1.916648514851491, 0.10685148514851452, 0.9750198019802048, 0.3806584158415879, 0.7613168316831701, 0.06010396039603872, 0.8481336633663402, 1.2688613861386169, 0.8681683168316847, 0.1268861386138589, 0.05342574257425726, 0.9549851485148547, 0.18031188118812175, 0.7279257425742629, 0.8481336633663402, 0.046747524752475796, 1.2087574257425782, 1.4625297029703015, 0.7145693069306943, 0.78135148514852, 0.16027722772277178, 0.9750198019801992, 0.574326732673267, 0.8748465346534716, 0.3673019801980194, 0.581004950495054, 0.995054455445549, 0.17363366336634026, 0.46747524752475245, 0.2671287128712863, 0.3005198019801992, 0.2470940594059419, 0.8815247524752475, 0.4073712871287137, 0.6344306930693057, 0.4941881188118838, 0.3673019801980194, 1.702945544554462, 1.0351237623762435, 1.128618811881195, 1.155331683168321, 0.681178217821787, 0.2203811881188105, 0.347267326732675, 1.2888960396039668, 0.24041584158416046, 0.44076237623762654, 1.1620099009901024, 1.529311881188122, 1.7096237623762434, 0.26045049504950485, 0.16027722772277178, 1.5560247524752533, 0.09349504950495159, 1.3823910891089128, 0.4941881188118838, 0.3005198019801992, 0.42072772277228215, 0.5876831683168353, 0.8080643564356459, 0.8347772277227719, 0.32723267326733063, 1.8365099009901023, 0.3873366336633693, 0.20702475247524757, 0.0734603960396072, 0.5008663366336653, 0.2738069306930733, 1.3490000000000055, 0.908237623762379, 0.7679950495049517, 0.3606237623762379, 0.8080643564356459, 0.9616633663366362, 2.096960396039607, 0.013356435643562923, 0.0734603960396072, 0.3205544554455491, 1.8765792079207966, 1.5627029702970348, 0.44076237623762654, 2.310663366336642, 0.2203811881188105, 0.560970297029704, 0.8280990099009959, 0.581004950495054, 0.7012128712871314, 0.6077178217821798, 0.9616633663366362, 0.2671287128712863, 1.729658415841588, 0.24041584158416046, 0.6411089108910927, 0.4541188118811895, 0.9349504950495104, 0.8548118811881217, 0.046747524752475796, 0.2738069306930678, 0.4875099009901024, 0.07346039603960165, 0.20702475247524757, 1.529311881188122, 1.682910891089112, 0.30719801980198064, 0.4941881188118838, 1.469207920792083, 0.48750990099009683, 0.5209009900990097, 0.3539455445544564, 0.447440594059408, 0.4073712871287137, 1.45585148514852, 0.4741534653465394, 0.013356435643562923, 0.18031188118812175, 0.40069306930693227, 0.6010396039603983, 0.2738069306930678, 1.7430148514851562, 1.2087574257425782, 0.10685148514851452, 0.6477871287128741, 1.3890693069306943, 0.1669554455445588, 0.3539455445544564, 0.560970297029704, 0.18031188118812175, 1.1085841584158451, 0.2804851485148548, 1.3957475247524813, 0.0, 1.8565445544554522, 3.165475247524758, 0.7479603960396072, 0.5209009900990152, 0.046747524752475796, 0.20702475247524757, 1.602772277227729, 0.4541188118811895, 0.2537722772277234, 1.0751930693069323, 0.5409356435643596, 0.0801386138613831, 0.30719801980198064, 0.6411089108910927, 1.1085841584158451, 1.9767524752475298, 1.008410891089112, 0.006678217821781462, 0.3806584158415823, 0.06010396039603872, 1.2822178217821854, 0.7012128712871314, 0.04006930693069433, 0.7546386138613886, 1.8699009900990151, 0.1402425742574274, 0.3606237623762379, 3.7197673267326805, 0.4875099009901024, 0.11352970297029599, 0.42072772277228215, 0.5008663366336653, 0.41404950495049514, 0.46079702970297093, 0.4941881188118838, 0.5676485148514855, 1.1152623762376266, 0.24041584158416046, 1.5627029702970348, 1.1954009900990152, 1.1152623762376266, 0.11352970297029599, 0.6611435643564372, 0.39401485148515075, 1.135297029702971, 0.44076237623762654, 1.1286188118811895, 1.1887227722772282, 0.3873366336633693, 0.46747524752475245, 0.8414554455445588, 0.39401485148515075, 0.9549851485148547, 2.0769257425742627, 0.33391089108911204, 0.6745000000000055, 0.8013861386138645, 0.0801386138613831, 0.2537722772277234, 0.894881188118816, 0.24041584158416046, 0.39401485148515075, 1.0551584158415879, 1.4358168316831756, 0.9015594059405976, 0.5275792079207967, 1.963396039603967, 1.135297029702971, 0.7546386138613886, 0.44076237623762654, 0.5075445544554468, 1.9366831683168408, 1.121940594059408, 1.2020792079207967, 0.3739801980198008, 0.29384158415841766, 0.9349504950495049, 0.4875099009901024, 0.6811782178217815, 1.3289653465346611, 0.16027722772277178, 0.6811782178217815, 0.5275792079207912, 0.04006930693069433, 0.28716336633663625, 0.0734603960396072, 0.31387623762376204, 0.46079702970297093, 0.40069306930693227, 1.8498663366336652, 1.6762326732673305, 0.574326732673267, 0.5142227722772282, 0.08681683168317013, 0.3606237623762379, 1.008410891089112, 0.6143960396039613, 0.04006930693069433, 0.006678217821781462, 0.29384158415841766, 2.1103168316831757, 0.29384158415841766, 0.05342574257425726, 0.046747524752475796, 1.1954009900990152, 2.096960396039607, 1.235470297029704, 0.347267326732675, 1.6762326732673305, 1.5159554455445587, 0.8147425742574274, 0.788029702970296, 0.20702475247524757, 1.021767326732675, 0.928272277227729, 1.0618366336633693, 0.5209009900990152, 0.0, 1.5627029702970348, 0.2270594059405975, 0.6811782178217815, 0.5142227722772282, 0.9549851485148547, 3.5461336633663456, 0.2738069306930678, 0.4875099009901024, 0.26045049504950485, 0.3606237623762379, 0.32723267326733063, 0.16027722772277178, 0.347267326732675, 0.8147425742574274, 2.19713366336634, 0.11352970297029599, 1.8431881188118895, 0.09349504950495159, 1.3156089108910927, 0.33391089108911204, 0.6143960396039613, 0.6411089108910871, 1.0818712871287137, 0.17363366336634026, 1.7764059405940638, 0.7078910891089129, 2.2772722772277287, 0.8614900990099031, 3.5461336633663456, 0.16027722772277178, 0.447440594059408, 4.040321782178229, 0.5743267326732725, 1.9233267326732724, 1.2020792079207967, 3.1454405940594135, 0.07346039603960165, 0.40069306930693227, 0.06010396039603872, 0.9549851485148547, 0.3339108910891065, 1.4291386138613886, 0.4875099009901024, 0.006678217821781462, 0.6411089108910927, 0.3673019801980194, 0.24041584158416046, 1.9700742574257484, 0.10017326732673307, 1.3623564356435685, 0.0734603960396072, 2.0235000000000056, 0.9282722772277233, 0.2537722772277234, 0.4541188118811895, 0.3539455445544564, 1.4224603960396072, 1.2621831683168354, 0.5409356435643596, 0.8481336633663402, 0.7546386138613886, 1.2888960396039668, 2.724712871287137, 0.06010396039603872, 2.985163366336642, 0.9483069306930733, 0.574326732673267, 0.8080643564356459, 0.08681683168317013, 4.981950495049516, 0.46079702970297093, 0.8481336633663402, 0.6411089108910927, 1.0017326732673306, 0.4073712871287137, 0.05342574257425726, 2.2038118811881215, 0.03339108910890731, 0.4340841584158395, 0.69453465346535, 1.3156089108910927, 0.3806584158415879, 0.026712871287125847, 0.5075445544554468, 0.3873366336633693, 1.3289653465346556, 0.18699009900990318, 0.16027722772277178, 0.29384158415841766, 0.8347772277227719, 2.410836633663375, 1.682910891089112, 1.1887227722772282, 1.2822178217821854, 1.2154356435643596, 0.233737623762379, 0.11352970297029599, 4.78160396039605, 0.8214207920792088, 0.7346039603960443, 0.69453465346535, 1.342321782178224, 0.8614900990099031, 0.006678217821781462, 0.120207920792083, 1.3089306930693112, 0.9683415841584178, 2.7380693069307, 8.15410396039606, 1.3890693069307, 1.1085841584158451, 1.36903465346535, 1.6495198019802046, 0.08681683168317013, 0.6143960396039613, 0.6611435643564372, 4.1805643564356565, 0.14692079207920883, 0.6745, 2.5844702970297098, 0.7145693069306943, 0.9616633663366362, 4.28073762376239, 0.8614900990099031, 0.681178217821787, 0.10685148514851452, 5.1021584158416, 0.6077178217821798, 0.9750198019802048, 1.9901089108910928, 0.581004950495054, 0.5943613861386169, 0.7813514851485145, 0.7813514851485145, 0.8548118811881217, 1.5159554455445587, 1.469207920792083, 0.6210742574257427, 5.182297029702982, 4.7682475247524865, 0.7346039603960388, 0.02671287128713141, 0.15359900990099032, 0.5409356435643596, 0.894881188118816, 2.9050247524752533, 0.09349504950495159, 0.2203811881188105, 0.6544653465346556, 0.026712871287125847, 1.8699009900990151, 0.8614900990099031, 1.2154356435643596, 1.3289653465346611, 0.774673267326733, 0.7012128712871314, 0.8013861386138645, 0.046747524752475796, 0.7145693069306943, 1.6161287128712918, 0.29384158415841766, 1.4224603960396072, 0.4985434782608691, 1.3490000000000049, 1.1026608695652198, 0.17009130434782715, 0.07038260869564941, 0.8387260869565234, 1.7888913043478272, 2.78597826086957, 0.15249565217391112, 0.3401826086956494, 0.9853565217391308, 0.08211304347826172, 0.3988347826086963, 0.029326086956523435, 0.08211304347826172, 0.17009130434782715, 1.2610217391304346, 0.0, 0.16422608695652344, 1.1202565217391307, 0.6041173913043505, 0.4340260869565234, 0.07624782608695801, 0.8797826086956543, 1.9531173913043507, 0.6569043478260889, 0.17595652173913087, 0.3988347826086963, 1.1906391304347852, 0.9560304347826074, 1.3196739130434814, 1.114391304347827, 1.4369782608695654, 0.8973782608695654, 0.19941739130434571, 0.37537391304347656, 0.05278695652173828, 0.5396, 0.2756652173913037, 1.0557391304347852, 0.7976695652173926, 1.1671782608695702, 0.5689260869565234, 1.1026608695652198, 1.0498739130434815, 0.6862304347826074, 0.522004347826089, 0.9677608695652198, 0.8211304347826123, 0.5278695652173926, 0.7214217391304345, 0.6803652173913037, 0.4516217391304345, 0.9736260869565234, 0.3401826086956494, 0.22287826086956541, 0.011730434782607421, 0.08211304347826172, 0.8211304347826075, 0.22874347826086913, 0.19941739130435057, 0.4926782608695654, 0.7155565217391309, 0.346047826086958, 0.7214217391304345, 0.9149739130434765, 0.12316956521739257, 0.14663043478261228, 1.601204347826089, 0.4926782608695654, 0.22874347826086913, 0.598252173913042, 0.12316956521739257, 0.6979608695652197, 0.6041173913043457, 1.2844826086956542, 1.2023695652173927, 0.15249565217391112, 0.4868130434782617, 1.601204347826089, 0.4692173913043457, 0.2052826086956543, 0.1349, 0.41056521739130375, 0.09384347826086914, 0.7742086956521778, 0.7096913043478271, 0.011730434782607421, 0.09970869565217286, 0.39296956521739257, 0.826995652173916, 1.6188, 0.8739173913043505, 0.7566130434782616, 0.7390173913043506, 1.4839000000000049, 1.2786173913043506, 0.3049913043478272, 0.18182173913043456, 1.020547826086958, 0.5923869565217383, 2.252243478260874, 0.252204347826084, 0.903243478260869, 1.5484173913043506, 0.39296956521739257, 0.005865217391303711, 0.7214217391304345, 1.5073608695652196, 1.2844826086956542, 1.5190913043478271, 0.5278695652173926, 0.5689260869565234, 0.48094782608695796, 1.7009130434782664, 2.2111869565217432, 1.2844826086956542, 0.41643043478261227, 1.3314043478260889, 1.3372695652173925, 0.885647826086958, 0.4750826086956543, 0.5513304347826123, 1.2375608695652198, 0.15836086956521483, 1.9648478260869628, 1.4311130434782617, 1.1847739130434813, 0.2052826086956543, 1.1495826086956542, 1.0674695652173927, 0.7976695652173926, 0.7272869565217382, 1.0498739130434815, 1.1554478260869578, 0.3695086956521777, 0.7800739130434814, 0.011730434782607421, 0.25220434782608886, 0.4750826086956543, 0.17595652173913087, 2.2698391304347854, 2.0117695652173926, 0.2052826086956494, 1.002952173913047, 0.9794913043478272, 0.2698, 1.231695652173916, 0.7038260869565235, 0.3343173913043457, 0.3049913043478272, 0.7859391304347851, 0.05865217391304199, 0.8621869565217383, 0.7859391304347851, 0.8915130434782617, 1.6070695652173925, 0.885647826086958, 0.5337347826086963, 1.0146826086956542, 1.1495826086956542, 0.6217130434782617, 0.09384347826086914, 0.7390173913043457, 0.41643043478260744, 1.3959217391304346, 0.6393086956521777, 0.7038260869565235, 0.05865217391304687, 1.4487086956521777, 0.10557391304348145, 0.41643043478260744, 0.7155565217391309, 1.1847739130434813, 0.6041173913043505, 0.6862304347826074, 0.5865217391304346, 0.6275782608695654, 0.15249565217391603, 0.15249565217391112, 1.0674695652173927, 0.9560304347826123, 0.522004347826089, 0.2052826086956543, 1.0616043478260888, 1.3607304347826121, 1.788891304347832, 1.0322782608695655, 0.12316956521739257, 0.8680521739130468, 0.2052826086956543, 0.885647826086958, 0.7038260869565235, 0.31672173913043455, 0.9970869565217432, 1.349, 0.3343173913043506, 0.029326086956518553, 0.5337347826086963, 0.4926782608695654, 1.8475434782608693, 0.38123913043478025, 0.8739173913043505, 1.577743478260869, 1.2844826086956542, 1.8886, 0.37537391304347656, 0.2052826086956543, 1.7419695652173925, 0.04692173913043457, 0.48094782608695796, 1.325539130434785, 1.0088173913043506, 0.17595652173913087, 0.9501652173913037, 0.2170130434782617, 0.6862304347826074, 1.3196739130434814, 0.5630608695652148, 0.023460869565219727, 0.25220434782608886, 1.266886956521743, 0.07038260869565428, 0.22287826086956541, 0.44575652173913083, 0.14663043478260743, 1.5190913043478271, 1.2023695652173927, 3.2962521739130466, 0.9149739130434765, 0.6099826086956543, 1.3724608695652198, 0.11730434782608398, 0.2170130434782617, 1.5190913043478271, 0.35191304347826174, 0.023460869565219727, 0.07624782608695801, 0.2639347826086963, 0.1407652173913037, 0.023460869565214842, 0.8504565217391309, 0.8563217391304346, 0.3049913043478272, 0.005865217391303711, 0.3636434782608691, 0.24047391304348145, 1.1789086956521728, 0.011730434782607421, 1.8710043478260887, 1.249291304347827, 0.3284521739130469, 0.4926782608695654, 2.1408043478260885, 1.2082347826086963, 0.4281608695652149, 1.0850652173913087, 0.46335217391304684, 1.1495826086956542, 1.865139130434785, 0.7155565217391309, 0.12903478260869627, 0.6334434782608691, 0.3988347826086963, 0.017595652173916017, 0.14663043478260743, 1.4369782608695703, 0.826995652173916, 0.14663043478261228, 0.23460869565217285, 0.29912608695652343, 1.0909304347826123, 0.12903478260869627, 0.19941739130434571, 2.1466695652173926, 0.15249565217391603, 0.48094782608695796, 0.7390173913043457, 1.0557391304347852, 0.9149739130434765, 0.2698, 0.023460869565214842, 0.5454652173913085, 0.35191304347826174, 0.2639347826086963, 1.3020782608695702, 0.6569043478260889, 0.750747826086958, 0.023460869565214842, 1.6833173913043504, 0.39296956521739257, 0.6451739130434815, 0.193552173913042, 0.19355217391304685, 0.29326086956521974, 0.4868130434782617, 2.1584000000000048, 0.07038260869565428, 0.5630608695652197, 2.005904347826089, 0.4926782608695654, 1.038143478260874, 0.8973782608695654, 0.42229565217391113, 0.9912217391304394, 0.8621869565217432, 0.9384347826086963, 1.6539913043478272, 0.37537391304347656, 0.4047, 0.4750826086956543, 0.9032434782608739, 0.8328608695652197, 0.12903478260869627, 0.4047, 1.1378521739130467, 0.733152173913042, 0.16422608695651855, 1.1906391304347852, 1.1613130434782617, 2.545504347826094, 0.05865217391304199, 0.31085652173913086, 0.557195652173916, 0.768343478260874, 0.768343478260874, 0.28739565217391605, 2.346086956521743, 0.03519130434782714, 1.8064869565217432, 1.6481260869565233, 0.45748695652173826, 0.19941739130435057, 0.07038260869565428, 0.17595652173913087, 0.6510391304347802, 0.557195652173916, 0.6745, 0.6745, 1.2844826086956542, 1.4487086956521777, 0.31672173913043455, 0.3871043478260889, 0.9384347826086963, 0.44575652173913083, 0.11730434782608398, 0.193552173913042, 0.8211304347826075, 0.5513304347826123, 2.3226260869565283, 1.1261217391304394, 0.41643043478261227, 0.6686347826086962, 0.7096913043478271, 0.14663043478261228, 0.6627695652173925, 0.9032434782608739, 1.0733347826086963, 0.44575652173913083, 0.17595652173913087, 0.5865217391304346, 1.3841913043478271, 0.3049913043478272, 0.24633913043478514, 2.064556521739131, 0.011730434782607421, 1.020547826086958, 1.5836086956521778, 0.44575652173913083, 0.733152173913042, 1.1847739130434813, 0.24047391304348145, 0.09970869565217286, 0.5337347826086963, 0.22287826086956541, 0.005865217391303711, 0.14663043478260743, 0.4868130434782617, 0.5806565217391308, 1.9237913043478272, 0.7390173913043506, 1.442843478260869, 0.6041173913043505, 0.4868130434782617, 0.29326086956521974, 1.1026608695652198, 1.3138086956521728, 0.8211304347826075, 1.1437173913043506, 0.22874347826086913, 0.2756652173913037, 1.0557391304347852, 0.8797826086956543, 1.3431347826086963, 0.0, 1.0264130434782617, 0.25806956521739255, 1.3020782608695702, 0.6979608695652197, 0.5396, 0.6393086956521777, 0.029326086956518553, 1.131986956521743, 1.3841913043478271, 1.2434260869565235, 0.346047826086958, 0.8152652173913036, 1.5542826086956543, 0.615847826086958, 0.8328608695652197, 0.35777826086956543, 0.6099826086956543, 0.4868130434782617, 0.8211304347826075, 0.41056521739130375, 1.3783260869565235, 0.8211304347826075, 1.0322782608695655, 0.2815304347826123, 0.5630608695652148, 0.16422608695651855, 0.8445913043478271, 0.522004347826089, 0.029326086956518553, 1.002952173913047, 0.2698, 0.5278695652173926, 1.249291304347827, 0.5278695652173926, 0.08211304347826172, 0.22874347826086913, 0.9384347826086963, 0.11730434782608887, 0.8563217391304394, 2.7097304347826126, 2.1584, 1.3196739130434814, 0.11730434782608887, 1.7185086956521776, 0.08797826086956544, 0.28739565217391605, 1.0146826086956542, 0.15836086956521483, 1.1202565217391307, 0.3401826086956543, 1.1495826086956542, 1.1847739130434813, 1.2962130434782617, 4.181900000000005, 2.8798217391304393, 0.05865217391304687, 0.463352173913042, 0.24633913043478514, 0.24047391304347657, 0.5689260869565234, 0.3636434782608691, 1.249291304347827, 0.8152652173913036, 3.524995652173916, 0.10557391304347656, 2.7449217391304397, 0.4340260869565234, 1.0440086956521728, 0.9853565217391308, 1.3020782608695702, 1.5601478260869581, 0.4340260869565234, 0.9267043478260888, 3.085104347826089, 1.2082347826086963, 1.7185086956521776, 0.18182173913043456, 1.3314043478260889, 0.8211304347826123, 1.5542826086956543, 0.6862304347826074, 0.05865217391304687, 0.09384347826086914, 0.31085652173913086, 3.1496217391304393, 1.5484173913043506, 1.044008695652178, 4.574869565217398, 0.4868130434782617, 1.425247826086958, 0.0, 0.19355217391304685, 0.42229565217391113, 0.6686347826086962, 0.7272869565217382, 0.6862304347826123, 0.35777826086956543, 0.15836086956521483, 0.4985434782608691, 0.7859391304347851, 0.29326086956521485, 1.0674695652173927, 0.9618956521739159, 1.1906391304347852, 0.39296956521739257, 1.0088173913043506, 0.24633913043478028, 2.4457956521739157, 0.4281608695652149, 0.42229565217391113, 0.03519130434782714, 5.325617391304355, 0.885647826086958, 0.8269956521739111, 0.5102739130434815, 0.12903478260869627, 0.7742086956521778, 0.5102739130434815, 1.5484173913043506, 0.45748695652174315, 0.04105652173913086, 0.6920956521739111, 0.023460869565219727, 0.5689260869565234, 0.44575652173913083, 0.7155565217391309, 0.8915130434782617, 0.2170130434782617, 0.029326086956518553, 1.501495652173916, 1.114391304347827, 0.6393086956521777, 4.211226086956528, 0.7038260869565235, 0.23460869565217285, 0.0, 0.9677608695652198, 0.25806956521739255, 0.15249565217391603, 0.12903478260869627, 0.768343478260874, 0.029326086956523435, 0.5865217391304346, 0.19941739130435057, 0.9501652173913085, 0.10557391304348145, 6.164343478260879, 4.193630434782612, 2.480986956521743, 2.9560695652173923, 0.3343173913043457, 1.407652173913047, 0.3636434782608691, 0.41056521739130375, 1.771295652173916, 2.621752173913047, 0.24633913043478028, 1.771295652173916, 0.7272869565217382, 1.114391304347827, 0.5806565217391308, 0.7331521739130469, 0.4926782608695654, 1.0616043478260888, 0.12316956521739257, 1.2551565217391307, 3.8710434782608742, 4.170169565217398, 0.023460869565219727, 1.8416782608695703, 0.38123913043478025, 0.3401826086956494, 0.9912217391304394, 1.0088173913043506, 0.2815304347826123, 9.108682608695663, 2.3167608695652198, 0.41056521739130375, 0.1349, 0.7331521739130469, 4.070460869565224, 0.2756652173913037, 0.4750826086956543, 0.023460869565219727, 1.0557391304347852, 2.9619347826087012, 0.9853565217391308, 0.3753739130434814, 0.3225869565217383, 1.249291304347827, 5.067547826086963, 0.7038260869565235, 0.06451739130435058, 0.5337347826086963, 0.0, 0.8387260869565234, 0.6569043478260889, 0.38123913043478025, 0.7624782608695655, 0.7272869565217382, 0.9677608695652198, 3.4311521739130466, 0.8739173913043505, 0.31085652173913086, 0.09970869565217286, 0.7272869565217432, 0.06451739130435058, 0.6041173913043505, 4.316800000000005, 1.6598565217391308, 1.3665956521739162, 1.0264130434782617, 1.5953391304347853, 0.28739565217391605, 0.5689260869565234, 0.029326086956518553, 0.3401826086956543, 0.07038260869564941, 2.979530434782612, 1.1202565217391307, 0.6745, 0.04692173913043457, 0.17009130434782715, 0.5630608695652197, 0.12903478260869627, 0.3988347826086963, 1.1730434782608692, 0.6099826086956543, 0.6803652173913037, 1.038143478260874, 0.8445913043478271, 3.249330434782612, 1.2610217391304395, 0.29912608695652343, 4.586600000000004, 0.15836086956521483, 0.8504565217391309, 2.005904347826089, 5.871082608695659, 7.278734782608706, 0.2873956521739111, 0.8739173913043505, 0.8915130434782617, 0.3225869565217383, 0.5337347826086963, 1.4897652173913039, 3.6305695652173977, 0.48094782608695796, 0.28739565217391605, 0.868052173913042, 0.9501652173913085, 0.6627695652173925, 0.48094782608695796, 0.8915130434782617, 0.6099826086956543, 0.4750826086956543, 0.8211304347826123, 0.9091086956521778, 0.5689260869565234, 4.504486956521744, 1.7009130434782664, 0.11143913043478026, 0.692095652173916, 0.8621869565217432, 0.22287826086956541, 1.9237913043478272, 3.583647826086963, 1.9003304347826122, 0.8035347826086963, 5.923869565217397, 0.5513304347826123, 2.891552173913047, 0.5513304347826123, 4.181900000000005, 0.5689260869565234, 0.3871043478260889, 0.15836086956521975, 0.7390173913043457, 1.0322782608695655, 0.9149739130434765, 0.692095652173916, 0.38123913043478025, 0.9149739130434814, 0.10557391304347656, 1.249291304347827, 0.598252173913042, 1.307943478260869, 0.18182173913043456, 0.05278695652173828, 0.9794913043478272, 0.24633913043478028, 0.5630608695652148, 0.7566130434782616, 0.29912608695652343, 0.3225869565217383, 0.4340260869565234, 0.7448826086956543, 0.011730434782607421, 1.5190913043478271, 2.152534782608701, 0.35191304347826174, 0.2170130434782617, 0.07038260869564941, 0.2698, 0.07624782608695801, 0.3636434782608691, 0.011730434782607421, 0.11730434782608887, 0.07624782608695801, 0.8797826086956543, 0.48094782608695796, 1.1965043478260888, 0.6275782608695654, 0.19941739130434571, 0.9267043478260888, 1.501495652173916, 0.16422608695651855, 0.7976695652173926, 0.2756652173913037, 0.19941739130434571, 0.2639347826086963, 1.3431347826086963, 1.5953391304347853, 1.2199652173913087, 1.3431347826086963, 0.14663043478260743, 0.9091086956521729, 1.231695652173916, 0.8563217391304394, 0.005865217391303711, 1.0322782608695655, 0.6393086956521727, 0.6451739130434815, 0.17595652173913087, 0.35191304347826174, 0.8445913043478271, 1.5190913043478271, 0.522004347826089, 1.4369782608695703, 0.7038260869565235, 1.4193826086956542, 0.9501652173913085, 1.3783260869565235, 0.8973782608695654, 0.9267043478260888, 0.8621869565217432, 0.0, 2.4751217391304396, 0.25220434782608886, 0.07624782608695801, 0.09384347826086914, 0.08797826086956544, 0.1407652173913037, 0.4868130434782617, 1.3314043478260889, 1.3900565217391356, 0.07624782608695801, 1.4135173913043506, 0.7038260869565235, 1.4428434782608741, 0.2815304347826123, 0.4516217391304345, 1.1965043478260888, 1.307943478260874, 0.05865217391304687, 0.39296956521739257, 1.131986956521743, 0.5747913043478271, 0.5806565217391308, 0.6569043478260889, 2.3343565217391355, 0.31672173913043455, 3.384230434782612, 0.4926782608695654, 1.2082347826086963, 0.11730434782608398, 0.615847826086958, 0.29912608695652343, 0.7155565217391309, 1.0146826086956542, 0.05278695652173828, 0.7624782608695655, 0.22874347826086913, 0.17009130434782715, 0.9970869565217382, 1.1965043478260888, 2.2229173913043505, 0.35777826086956543, 0.8094, 0.8152652173913086, 3.1848130434782664, 1.2962130434782617, 0.04105652173913086, 0.7214217391304345, 1.2082347826086963, 1.1261217391304346, 1.2903478260869579, 1.131986956521743, 1.266886956521743, 0.328452173913042, 0.9384347826086963, 1.2903478260869579, 0.05865217391304199, 1.906195652173916, 0.011730434782607421, 1.4369782608695703, 0.12903478260869627, 0.7272869565217432, 2.363682608695654, 0.6041173913043457, 0.6275782608695654, 0.8797826086956543, 1.771295652173916, 0.005865217391303711, 0.07038260869565428, 0.08211304347826172, 0.2698, 0.7624782608695655, 0.35777826086956543, 0.2639347826086963, 0.08211304347826172, 1.1554478260869578, 1.4897652173913039, 2.0235, 0.5571956521739112, 0.5161391304347851, 0.29326086956521974, 1.771295652173916, 1.3490000000000049, 0.328452173913042, 0.9970869565217382, 1.2258304347826074, 0.6041173913043505, 0.25806956521739255, 0.35777826086956543, 0.5161391304347851, 0.15836086956521483, 0.522004347826089, 0.24633913043478514, 0.9794913043478272, 0.193552173913042, 1.5308217391304393, 0.7624782608695655, 0.5044086956521777, 0.8152652173913036, 0.029326086956523435, 0.903243478260869, 0.7214217391304345, 0.5513304347826073, 1.2434260869565235, 1.0557391304347852, 0.17595652173913087, 1.5308217391304393, 0.2052826086956494, 1.0792000000000048, 1.249291304347827, 0.7566130434782616, 1.2962130434782617, 0.6099826086956543, 1.4487086956521729, 0.15836086956521975, 0.37537391304347656, 1.4545739130434814, 1.6774521739130468, 0.615847826086958, 0.43989130434782714, 0.07038260869565428, 0.346047826086958, 3.5543217391304394, 0.07624782608695801, 0.5630608695652148, 0.3401826086956543, 0.029326086956518553, 0.328452173913042, 1.4897652173913085, 3.2786565217391357, 0.18182173913043456, 0.09384347826086914, 1.3607304347826075, 0.43989130434782714, 0.9501652173913085, 0.4868130434782617, 0.11730434782608887, 0.41643043478261227, 0.3988347826086963, 1.3196739130434814, 1.0850652173913036, 0.06451739130435058, 4.83293913043479, 1.6305304347826124, 5.278695652173921, 0.35191304347826174, 0.5982521739130469, 0.5337347826086963, 0.08211304347826172, 0.7214217391304345, 0.8035347826086963, 1.0264130434782617, 1.1261217391304394, 1.2082347826086963, 0.2639347826086963, 0.4985434782608691, 0.4750826086956543, 0.733152173913042, 0.750747826086958, 0.6803652173913037, 0.7742086956521729, 4.90332173913044, 2.868091304347827, 2.4223347826086963, 3.0909695652173923, 0.18182173913043456, 0.8445913043478271, 0.41056521739130375, 4.645252173913052, 0.023460869565214842, 2.5748304347826125, 1.8944652173913086, 0.8797826086956543, 0.2698, 1.0440086956521728, 0.2052826086956494, 1.2141000000000048, 0.12316956521739257, 0.6569043478260889, 0.07038260869564941, 0.8152652173913086, 0.5278695652173926, 1.2962130434782617, 0.29912608695652343, 0.44575652173913083, 2.3754130434782614, 0.4340260869565234, 0.4985434782608691, 0.7859391304347851, 0.07624782608695801, 0.252204347826084, 0.29912608695652343, 0.0, 1.002952173913047, 0.12316956521739257, 1.325539130434785, 3.3021173913043507, 1.3196739130434814, 0.463352173913042, 0.15249565217391603, 0.211147826086958, 1.5366869565217383, 0.8621869565217432, 1.5190913043478271, 1.7537, 0.5161391304347802, 1.425247826086958, 2.7038652173913085, 0.46335217391304684, 0.557195652173916, 0.18768695652173828, 4.328530434782612, 0.8797826086956543, 1.2375608695652198, 0.05865217391304687, 0.05865217391304199, 1.2962130434782617, 0.6686347826086962, 0.48094782608695796, 0.6275782608695654, 0.12316956521739257, 1.1671782608695702, 0.42229565217391113, 0.39296956521739257, 1.8475434782608693, 1.4311130434782617, 4.15843913043479, 0.04105652173913086, 1.4135173913043506, 0.22287826086956541, 0.011730434782607421, 0.25806956521739255, 0.24633913043478028, 4.111517391304355, 2.2815695652173926, 0.8739173913043505, 0.4516217391304345, 0.6451739130434766, 0.885647826086958, 0.9618956521739159, 0.41643043478261227, 4.879860869565225, 0.826995652173916, 0.15836086956521483, 2.4047391304347854, 1.0322782608695655, 0.615847826086958, 1.906195652173916, 0.6041173913043457, 3.835852173913047, 0.9677608695652198, 0.7038260869565235, 0.2815304347826074, 0.16422608695652344, 0.3343173913043457, 0.25806956521739255, 0.25220434782608886, 1.788891304347832, 0.8797826086956543, 3.853447826086963, 0.6217130434782617, 2.885686956521743, 0.346047826086958, 1.4721695652173925, 0.7742086956521729, 0.6393086956521777, 0.14663043478261228, 0.05865217391304687, 2.199456521739131, 0.7683434782608691, 1.0440086956521728, 2.082152173913047, 1.0440086956521728, 0.43989130434782714, 0.7155565217391309, 1.3607304347826121, 0.7465339805825215, 0.4780436893203833, 0.6352087378640712, 1.2180291262135907, 0.04583980582524298, 0.5828203883495141, 0.6679514563106749, 0.32742718446602054, 0.09822815533980561, 0.9953786407766955, 0.2750388349514524, 1.3948398058252376, 0.5631747572815551, 0.8054708737864038, 0.29468446601941684, 1.3686456310679591, 0.15061650485436823, 1.2245776699029047, 0.8906019417475701, 0.8447621359223271, 0.9167961165048543, 0.3863640776699028, 0.6352087378640712, 1.9973058252427105, 0.9560873786407721, 1.4341310679611607, 0.17681067961164684, 0.609014563106798, 0.8840533980582506, 0.09822815533980561, 0.3143300970873758, 0.1375194174757235, 0.8185679611650432, 0.6090145631067926, 0.45839805825242985, 0.17681067961165228, 0.5566262135922354, 0.5500776699029157, 0.2750388349514524, 0.5173349514563066, 1.8401407766990225, 0.5042378640776674, 1.6371359223300916, 1.11325242718446, 0.39291262135922245, 0.6810485436893141, 1.6829757281553346, 1.093606796116501, 1.1001553398058261, 0.3863640776699028, 1.1067038834951404, 1.846689320388342, 1.2900631067961121, 0.14406796116504858, 0.5697233009708693, 1.1525436893203833, 0.20955339805825052, 0.35362135922329907, 0.8775048543689308, 0.4780436893203833, 0.8971504854368952, 0.0, 0.05238834951456263, 0.1244223300970842, 0.5566262135922354, 0.8840533980582506, 0.5631747572815551, 0.9364417475728131, 0.11787378640776455, 0.11132524271844492, 1.5847475728155291, 1.3948398058252431, 3.5820533980582447, 0.8251165048543683, 0.8578592233009665, 0.8971504854368952, 0.13751941747572893, 1.4079368932038823, 0.26194174757281313, 1.0150242718446598, 0.6155631067961121, 0.20955339805825052, 0.7727281553398001, 0.4125582524271814, 0.07858252427184122, 0.8644077669902915, 1.5258106796116413, 1.9842087378640711, 0.6941456310679589, 1.0805097087378561, 0.6221116504854319, 0.20300485436893087, 0.15061650485436823, 0.40600970873786174, 0.34052427184465983, 0.3863640776699028, 0.28813592233009716, 0.29468446601941684, 0.04583980582524298, 0.7989223300970841, 1.4144854368931963, 0.6548543689320411, 0.45839805825242985, 0.19645631067961122, 1.1787378640776673, 0.6614029126213553, 0.6679514563106803, 0.8840533980582506, 0.884053398058245, 0.5435291262135907, 1.5912961165048487, 0.38636407766989733, 1.2769660194174728, 0.6024660194174729, 0.24229611650484875, 0.5893689320388282, 2.095533980582516, 1.3489999999999946, 1.5651019417475647, 0.46494660194174403, 0.8578592233009665, 1.9252718446601835, 1.2442233009708692, 0.3863640776699028, 0.6548543689320411, 1.2049320388349458, 1.3686456310679533, 0.8251165048543628, 2.691451456310669, 0.9364417475728131, 0.07858252427184666, 0.2684902912621328, 1.9711116504854265, 0.5893689320388337, 0.40600970873786724, 0.08513106796116632, 0.2619417475728186, 0.9888300970873758, 1.3686456310679591, 1.263868932038828, 2.0889854368931964, 0.16371359223300755, 3.0385242718446492, 0.9888300970873758, 0.11132524271844492, 0.03274271844660369, 1.0150242718446545, 0.2881359223300917, 1.6371359223300916, 0.5435291262135907, 0.6614029126213553, 1.676427184466015, 1.918723300970869, 0.2619417475728186, 0.6875970873786339, 0.08513106796116632, 1.2180291262135852, 0.5631747572815496, 0.6024660194174729, 0.38636407766989733, 1.1132524271844655, 0.05238834951456263, 0.7923737864077646, 0.3863640776699028, 1.8663349514563066, 0.37326699029126353, 1.4603252427184448, 0.857859223300972, 0.812019417475729, 0.6286601941747516, 0.41910679611650103, 0.5893689320388282, 0.7072427184466036, 0.5435291262135907, 0.7727281553398001, 0.6548543689320411, 1.047766990291258, 1.0150242718446545, 1.4603252427184448, 0.36671844660194386, 0.5762718446601889, 1.1983834951456318, 0.5893689320388337, 0.7399854368932018, 0.49114077669902806, 0.700694174757284, 0.1244223300970842, 0.6941456310679589, 0.24884466019417387, 0.8775048543689308, 0.3798155339805777, 1.3359029126213553, 2.416412621359212, 1.8270436893203776, 1.6109417475728132, 0.6679514563106749, 1.440679611650486, 0.8709563106796112, 0.26194174757281313, 0.7989223300970841, 0.510786407766987, 1.1001553398058206, 0.28813592233009716, 0.07203398058252157, 0.11132524271845036, 0.11132524271845036, 0.8120194174757235, 1.3097087378640766, 1.3228058252427106, 0.5631747572815496, 1.2966116504854373, 1.6109417475728076, 1.0739611650485366, 0.163713592233013, 0.02619417475728404, 0.29468446601941684, 0.884053398058245, 0.8971504854368952, 0.7727281553398001, 0.55662621359223, 0.7268883495145626, 0.5304320388349459, 0.34707281553397945, 1.6960728155339795, 0.05238834951456263, 1.1983834951456318, 1.4406796116504805, 0.6483058252427214, 1.8859805825242655, 1.093606796116501, 1.5847475728155291, 0.9691844660194168, 1.067412621359217, 1.6436844660194168, 0.13751941747572893, 0.5107864077669925, 0.9495388349514525, 1.4144854368932018, 1.0870582524271815, 0.7530825242718466, 1.6371359223300916, 2.259247572815529, 0.7399854368932018, 0.08513106796116088, 0.9560873786407721, 1.4144854368931963, 1.1328980582524244, 0.07203398058252702, 1.558553398058245, 1.3555485436893195, 0.15716504854369331, 1.1525436893203833, 0.09167961165048596, 2.3181844660194115, 0.9757330097087364, 0.019645631067964395, 1.5520048543689307, 0.7334368932038768, 0.15061650485436823, 0.8971504854368952, 0.5238834951456263, 2.12827669902912, 0.5304320388349514, 1.0412184466019383, 0.1047766990291307, 1.0019271844660151, 0.39946116504854207, 0.39946116504854207, 0.4845922330097084, 0.40600970873786174, 0.5500776699029103, 0.41255825242718686, 0.6744999999999945, 0.1309708737864093, 0.47804368932038876, 0.5304320388349514, 0.9364417475728131, 0.628660194174757, 0.5959174757281533, 2.2396019417475648, 1.4144854368931963, 0.9757330097087364, 0.6810485436893197, 2.514640776699017, 0.39946116504854207, 0.24884466019417387, 1.5781990291262096, 0.2422961165048542, 0.19645631067961122, 0.0065485436893251, 0.20955339805825599, 1.7288155339805777, 0.5893689320388337, 1.3948398058252431, 0.08513106796116088, 0.6221116504854374, 0.7268883495145572, 0.5304320388349514, 0.6810485436893197, 1.5061650485436826, 0.8251165048543683, 1.3228058252427106, 0.43220388349514577, 0.42565533980582065, 0.6548543689320356, 0.8971504854368898, 0.1899077669902861, 0.34707281553397945, 0.5107864077669925, 0.5959174757281533, 0.2422961165048542, 1.1001553398058206, 0.22265048543688984, 0.11132524271844492, 0.36016990291262424, 1.519262135922327, 0.1833592233009665, 0.700694174757284, 0.49114077669902806, 0.812019417475729, 0.8644077669902915, 0.30123300970873645, 1.2245776699029047, 0.766179611650486, 0.07203398058252157, 2.4360582524271757, 0.08513106796116088, 0.6417572815533963, 1.5258106796116413, 0.9691844660194168, 1.630587378640772, 0.032742718446598235, 0.15716504854369331, 0.058936893203882276, 1.4275825242718356, 0.3077815533980561, 0.5697233009708693, 0.5959174757281533, 0.17681067961164684, 1.2245776699029103, 0.648305825242716, 0.5762718446601889, 0.39291262135922245, 1.7746553398058207, 0.5631747572815496, 0.42565533980582615, 0.2030048543689363, 0.37326699029125804, 1.0150242718446598, 0.5762718446601889, 0.766179611650486, 1.9383689320388335, 0.8382135922330075, 1.093606796116501, 1.2180291262135907, 0.7596310679611609, 0.949538834951458, 0.3798155339805777, 0.13097087378640385, 1.1525436893203833, 0.24884466019417387, 1.0674126213592223, 1.3097087378640713, 0.5042378640776728, 0.36671844660194386, 0.23574757281553457, 0.03929126213591788, 0.4125582524271814, 1.3555485436893195, 0.2030048543689363, 1.3359029126213553, 0.22265048543688984, 1.3751941747572731, 0.22265048543688984, 0.24884466019417387, 0.19645631067961122, 0.7661796116504805, 1.11325242718446, 1.990757281553391, 0.4583980582524244, 0.5893689320388337, 0.6090145631067926, 0.42565533980582065, 0.8251165048543628, 0.3667184466019384, 0.8906019417475701, 0.3143300970873758, 0.013097087378639294, 0.09822815533980561, 0.510786407766987, 1.5258106796116468, 0.8906019417475701, 0.6548543689320411, 0.7137912621359234, 1.2180291262135852, 2.8027766990291196, 0.812019417475729, 0.5304320388349514, 0.7465339805825215, 1.0543155339805832, 0.7923737864077646, 0.47149514563106365, 0.517334951456312, 1.3359029126213553, 0.34707281553397945, 1.0608640776699028, 1.0870582524271815, 0.2881359223300917, 0.16371359223300755, 0.46494660194174403, 1.0412184466019383, 0.7334368932038823, 0.07203398058252157, 0.7334368932038823, 0.026194174757278588, 0.02619417475728404, 0.7072427184465981, 0.5566262135922354, 1.3882912621359178, 1.4668737864077646, 0.34707281553397945, 0.8775048543689308, 0.0, 1.263868932038828, 0.9233446601941738, 0.4125582524271814, 0.20955339805825052, 0.22919902912621493, 0.5631747572815551, 0.5304320388349459, 0.09167961165048051, 1.1525436893203833, 0.975733009708731, 0.37326699029125804, 0.7858252427184395, 0.6221116504854319, 0.8251165048543683, 0.41255825242718686, 0.35362135922330457, 1.7353640776698973, 1.5651019417475702, 0.3143300970873758, 1.5585533980582507, 1.1918349514563067, 0.49114077669902806, 0.27503883495145787, 0.5304320388349514, 1.0674126213592223, 0.3143300970873758, 1.1067038834951457, 0.3798155339805777, 0.6679514563106803, 0.006548543689319647, 1.9973058252427105, 0.4845922330097084, 0.857859223300972, 0.17026213592233264, 0.5042378640776674, 0.39946116504854207, 1.7288155339805777, 0.37981553398058315, 2.494995145631058, 0.9888300970873758, 0.013097087378639294, 0.6875970873786393, 0.26194174757281313, 0.07203398058252702, 1.4537766990291197, 0.8054708737864038, 1.944917475728148, 0.03929126213592333, 0.0065485436893251, 0.11787378640777, 2.416412621359212, 1.2573203883495085, 0.5762718446601943, 0.09167961165048051, 0.2161019417475756, 0.6024660194174783, 0.35362135922329907, 1.257320388349514, 0.32742718446602054, 2.4491553398058152, 1.2180291262135907, 0.45184951456310474, 0.6024660194174729, 0.49768932038834773, 0.27503883495145787, 0.09167961165048051, 1.3882912621359178, 2.521189320388342, 1.3686456310679533, 0.8906019417475701, 1.5258106796116468, 0.22919902912621493, 1.0281213592232936, 1.925271844660189, 0.8709563106796058, 0.8840533980582506, 0.34707281553397945, 0.5828203883495086, 2.90100485436892, 0.7137912621359178, 0.6548543689320356, 0.8971504854368898, 0.006548543689319647, 0.5369805825242656, 0.11132524271844492, 0.8709563106796112, 0.19645631067961122, 0.9495388349514525, 0.5042378640776674, 1.630587378640772, 0.09167961165048051, 0.1244223300970842, 1.3555485436893195, 0.5107864077669925, 2.0234999999999888, 0.8447621359223271, 0.20300485436893087, 0.25539320388349895, 0.45184951456311023, 0.058936893203882276, 0.28158737864077205, 1.00847572815534, 0.9233446601941738, 0.5893689320388282, 2.350927184466015, 1.5389077669902862, 1.1132524271844655, 0.648305825242716, 2.3509271844660096, 1.2507718446601888, 0.47149514563106365, 0.13751941747572893, 0.22265048543689525, 0.5500776699029103, 0.14406796116504858, 1.0870582524271815, 0.8513106796116469, 0.9757330097087364, 0.7137912621359234, 0.8578592233009665, 1.119800970873785, 0.8971504854368898, 0.17681067961165228, 0.24884466019417387, 0.6024660194174729, 0.6744999999999945, 1.4341310679611607, 0.3798155339805777, 0.24884466019417387, 1.1721893203883478, 1.093606796116501, 0.19645631067961122, 2.3705728155339743, 0.5238834951456263, 1.3686456310679533, 0.058936893203882276, 0.6155631067961121, 0.20300485436893087, 0.1833592233009665, 0.55662621359223, 0.4583980582524244, 1.6436844660194168, 0.949538834951458, 0.34052427184465983, 1.1787378640776673, 0.18990776699029158, 1.9383689320388282, 0.5238834951456263, 1.4013883495145627, 0.8775048543689308, 0.3208786407767009, 0.44530097087378506, 0.536980582524271, 1.558553398058245, 1.990757281553391, 0.7268883495145572, 0.6352087378640712, 0.6875970873786339, 0.45184951456311023, 0.04583980582524298, 1.4472281553398, 0.11787378640777, 0.6548543689320356, 1.4079368932038767, 0.34707281553397945, 1.2966116504854373, 0.8971504854368952, 0.7596310679611609, 0.026194174757278588, 1.0870582524271815, 2.12827669902912, 0.7923737864077646, 0.2422961165048542, 1.0805097087378561, 1.820495145631058, 2.468800970873774, 0.6221116504854374, 1.813946601941744, 0.16371359223300755, 0.15716504854369331, 1.4734223300970841, 0.0, 0.09822815533980561, 0.16371359223300755, 0.6810485436893197, 0.8775048543689308, 0.536980582524271, 0.39946116504854207, 0.09167961165048596, 0.7137912621359178, 1.257320388349514, 0.45184951456311023, 0.6352087378640712, 0.20955339805825599, 0.6548543689320411, 0.20955339805825052, 0.8382135922330075, 0.8578592233009665, 1.1328980582524188, 0.7727281553398055, 1.3162572815533908, 0.33397572815534016, 0.5631747572815551, 0.720339805825243, 1.11325242718446, 1.0019271844660151, 1.047766990291258, 0.04583980582524298, 0.15716504854369331, 0.3274271844660151, 1.0739611650485366, 1.2245776699029103, 0.9560873786407721, 1.4079368932038823, 1.3817427184465982, 0.35362135922330457, 0.6810485436893197, 0.17681067961164684, 0.7399854368932018, 0.43220388349514033, 0.3208786407766954, 0.07858252427184122, 0.3208786407766954, 0.17681067961164684, 0.20955339805825052, 0.11132524271845036, 1.8204951456310636, 1.0281213592232936, 1.899077669902905, 0.5369805825242656, 1.2507718446601888, 2.0496941747572786, 0.31433009708738124, 0.47804368932038876, 1.4079368932038823, 0.7530825242718413, 0.07858252427184666, 0.7596310679611609, 1.3228058252427157, 0.6352087378640766, 0.09822815533980561, 0.7596310679611609, 0.35362135922329907, 0.013097087378644746, 0.5369805825242656, 0.06548543689320192, 0.013097087378644746, 0.6614029126213606, 0.16371359223300755, 0.3339757281553347, 0.03929126213591788, 0.3208786407767009, 0.06548543689320192, 0.7596310679611609, 0.04583980582524298, 0.47149514563106365, 0.10477669902912526, 2.0627912621359177, 1.3293543689320302, 2.508092233009703, 0.01964563106795894, 1.0477669902912636, 0.7399854368932018, 1.3293543689320357, 0.019645631067964395, 0.29468446601941684, 1.2638689320388337, 2.5539320388349456, 1.3424514563106749, 0.39946116504854207, 0.02619417475728404, 0.7530825242718466, 0.3601699029126188, 0.14406796116504858, 1.145995145631069, 0.09167961165048596, 0.5893689320388282, 0.06548543689320192, 0.5566262135922354, 1.3620970873786338, 1.2900631067961121, 1.6764271844660097, 1.2245776699029047, 0.08513106796116632, 0.7923737864077646, 0.013097087378644746, 0.1309708737864093, 1.4079368932038823, 1.0805097087378561, 1.3817427184465927, 1.3162572815533908, 0.06548543689320738, 0.609014563106798, 1.650233009708731, 0.23574757281553457, 0.6745, 0.49768932038834773, 1.2376747572815496, 0.29468446601941684, 0.8054708737864038, 0.10477669902912526, 1.1198009708737797, 0.7989223300970896, 1.5781990291262096, 0.44530097087378506, 1.3293543689320302, 1.5323592233009666, 1.846689320388342, 2.2134077669902807, 0.4125582524271814, 0.9626359223300918, 0.2619417475728186, 1.5323592233009666, 1.3555485436893142, 3.130203883495135, 0.6155631067961178, 1.1525436893203886, 0.14406796116504858, 0.0065485436893251, 0.18335922330097193, 0.2161019417475756, 0.5697233009708693, 0.24884466019417387, 0.39946116504854207, 0.4125582524271814, 0.23574757281553457, 0.38636407766989733, 1.3948398058252376, 0.4191067961165065, 1.6109417475728132, 2.1806650485436823, 1.3751941747572731, 1.3620970873786338, 2.3967669902912583, 0.24884466019417387, 2.7896796116504805, 0.35362135922329907, 1.6895242718446597, 1.7091699029126133, 0.11787378640776455, 1.0281213592232992, 0.9036990291262148, 0.41910679611650103, 1.1918349514563067, 0.884053398058245, 0.12442233009708965, 0.5042378640776674, 0.5173349514563066, 0.5697233009708746, 0.47149514563106915, 0.7596310679611609, 0.7858252427184395, 0.09167961165048596, 0.7530825242718413, 0.720339805825243, 1.6960728155339795, 1.5192621359223217, 0.1047766990291307, 0.16371359223300755, 0.24884466019417387, 0.23574757281553457, 0.9888300970873758, 1.0608640776699028, 0.15716504854369331, 0.3667184466019384, 0.9691844660194168, 0.30123300970873645, 1.0543155339805776, 0.39946116504854207, 0.11132524271845036, 0.5959174757281533, 0.5828203883495141, 0.2422961165048542, 0.9560873786407775, 0.36671844660194386, 0.910247572815529, 0.13751941747572893, 0.5107864077669925, 0.2750388349514524, 0.20300485436893087, 1.4603252427184392, 1.6567815533980506, 2.3771213592232936, 1.2114805825242656, 0.12442233009708965, 0.7399854368932018, 0.7596310679611663, 0.7530825242718413, 1.0412184466019383, 0.34707281553397945, 0.40600970873786724, 0.4125582524271814, 0.29468446601941684, 0.5762718446601889, 1.578199029126204, 2.481898058252419, 3.123655339805815, 0.4845922330097084, 1.2245776699029103, 0.7989223300970896, 0.03929126213592333, 1.421033980582516, 1.3162572815533962, 0.6417572815533963, 0.7923737864077646, 0.6155631067961178, 1.3228058252427106, 1.263868932038828, 0.47149514563106915, 1.0805097087378561, 0.4387524271844654, 1.1394466019417442, 0.013097087378639294, 1.8204951456310636, 0.06548543689320738, 0.02619417475728404, 0.8120194174757235, 0.4387524271844654, 0.7268883495145626, 0.9888300970873758, 0.1244223300970842, 0.5828203883495141, 0.14406796116504858, 0.7596310679611663, 0.9560873786407721, 0.3208786407766954, 0.6155631067961178, 0.0, 1.0346699029126187, 1.6829757281553346, 0.28158737864077754, 0.34707281553397945, 0.3667184466019384, 0.40600970873786724, 1.6174902912621327, 1.3751941747572731, 0.20955339805825599, 1.813946601941744, 2.0300485436893143, 0.34707281553397945, 0.700694174757284, 1.4406796116504805, 0.9233446601941738, 1.741912621359217, 1.2049320388349458, 0.3208786407767009, 0.49114077669902806, 1.5978446601941738, 1.0608640776698974, 0.30123300970873645, 0.37981553398058315, 0.5500776699029157, 0.9953786407767008, 0.28813592233009716, 0.7661796116504805, 0.7530825242718466, 0.09167961165048596, 1.2311262135922243, 1.8728834951456261, 0.42565533980582065, 1.493067961165043, 0.29468446601941684, 0.06548543689320192, 0.44530097087378506, 1.9776601941747516, 0.5435291262135907, 0.5173349514563066, 0.03274271844660369, 0.40600970873786724, 0.3798155339805777, 0.8775048543689308, 0.006548543689319647, 1.4865194174757235, 0.35362135922329907, 0.2553932038834935, 0.3339757281553347, 1.4341310679611607, 0.5631747572815551, 0.15716504854369331, 0.8316650485436824, 0.29468446601941684, 0.7661796116504805, 0.5959174757281533, 0.6417572815533963, 0.11132524271845036, 0.5107864077669925, 0.8840533980582506, 0.5435291262135907, 1.3162572815533908, 0.5828203883495141, 0.28158737864077205, 0.47804368932038876, 1.6174902912621327, 0.4780436893203833, 0.6875970873786339, 0.44530097087378506, 0.30123300970873645, 1.6895242718446597, 0.7334368932038823, 0.013097087378644746, 0.7399854368932018, 0.5304320388349459, 0.24229611650484875, 0.8775048543689308, 2.0038543689320303, 1.257320388349514, 0.04583980582524298, 1.093606796116501, 1.0739611650485366, 0.3339757281553347, 1.7091699029126133, 1.722266990291258, 0.3798155339805777, 1.047766990291258, 2.3705728155339743, 0.3143300970873758, 0.42565533980582065, 0.14406796116504858, 0.17026213592233264, 0.019645631067964395, 0.1047766990291307, 0.09822815533980561, 0.9036990291262095, 0.4780436893203833, 3.1956893203883365, 0.22265048543688984, 0.05238834951456263, 0.48459223300970294, 1.2311262135922298, 0.7792766990291253, 1.8270436893203832, 0.6745, 0.8185679611650432, 0.9953786407767008, 0.5107864077669925, 0.6548543689320356, 0.9888300970873758, 2.0038543689320356, 2.147922330097084, 0.9822815533980561, 0.20300485436893087, 0.18335922330097193, 0.12442233009708965, 1.1459951456310637, 0.39291262135922245, 1.5454563106796058, 1.3620970873786338, 0.28158737864077205, 0.1899077669902861, 0.7596310679611663, 0.5697233009708693, 0.29468446601941684, 1.3489999999999946, 0.17681067961165228, 0.44530097087378506, 2.324733009708731, 1.0805097087378617, 1.6502330097087365, 1.1787378640776673, 0.28158737864077205, 1.1656407766990282, 1.748461165048542, 0.13097087378640385, 0.700694174757284, 2.1348252427184393, 0.2030048543689363, 0.536980582524271, 0.15061650485436823, 0.7203398058252376, 0.6941456310679589, 1.270417475728148, 0.7530825242718413, 0.05238834951456263, 0.30123300970873645, 0.6155631067961121, 0.01964563106795894, 1.0412184466019383, 1.1852864077669871, 1.119800970873785, 4.577432038834934, 0.6483058252427214, 0.7268883495145626, 0.43220388349514033, 0.7989223300970896, 0.8054708737864038, 0.019645631067964395, 1.4341310679611607, 0.032742718446598235, 1.4275825242718412, 1.2245776699029047, 1.6043932038834936, 0.24884466019417387, 0.31433009708738124, 1.0477669902912636, 0.1571650485436879, 1.5978446601941683, 1.8270436893203832, 1.1983834951456318, 1.2900631067961121, 0.6941456310679589, 0.02619417475728404, 0.17026213592233264, 1.6109417475728132, 0.9626359223300972, 0.9102475728155346, 1.5061650485436877, 0.29468446601941684, 1.3948398058252376, 0.13751941747572893, 1.2245776699029047, 0.7203398058252376, 0.49768932038834773, 1.0608640776698974, 0.41910679611650103, 0.34707281553397945, 0.648305825242716, 1.0346699029126187, 0.15716504854369331, 1.6698786407766955, 0.09167961165048596, 1.1132524271844655, 1.3097087378640713, 0.13097087378640385, 1.9056262135922246, 1.4341310679611607, 0.09822815533980561, 0.8054708737864038, 0.6614029126213606, 0.47149514563106915, 0.26849029126213825, 1.3228058252427106, 0.5238834951456318, 2.0824368932038766, 0.7858252427184395, 0.11132524271845036, 2.0431456310679534, 1.3359029126213553, 0.5369805825242656, 1.1394466019417442, 1.3555485436893195, 0.11132524271845036, 1.1918349514563067, 0.09822815533980561, 0.4387524271844654, 0.6417572815533963, 3.640990291262122, 2.1086310679611553, 1.8204951456310636, 0.1833592233009665, 0.02619417475728404, 1.0608640776698974, 4.7345970873786225, 1.7812038834951402, 0.03929126213591788, 3.3070145631067818, 3.1563980582524134, 0.45184951456311023, 0.013097087378639294, 0.39946116504854207, 0.7530825242718466, 0.6810485436893141, 0.7989223300970841, 0.8120194174757235, 0.34707281553397945, 0.9691844660194168, 0.7661796116504805, 0.21610194174757016, 0.2357475728155291, 1.2442233009708692, 0.5500776699029157, 0.12442233009708965, 0.7530825242718466, 0.23574757281553457, 0.4780436893203833, 0.006548543689319647, 0.5959174757281533, 1.2376747572815496, 0.7268883495145572, 0.06548543689320192, 0.26849029126213825, 0.55662621359223, 3.1433009708737742, 1.6829757281553346, 1.4537766990291252, 0.8906019417475701, 0.7923737864077646, 5.860946601941728, 0.45184951456310474, 0.6744999999999945, 1.2442233009708692, 8.558946601941717, 0.700694174757284, 1.4341310679611607, 0.28158737864077205, 4.13867961165047, 0.7661796116504805, 1.6371359223300916, 3.45763106796115, 0.11132524271844492, 0.09822815533980561, 1.0870582524271815, 1.5389077669902862, 0.33397572815534016, 0.2161019417475756, 0.2750388349514524, 0.6875970873786339, 1.0019271844660205, 0.9429902912621327, 0.06548543689320192, 1.545456310679611, 1.0215728155339794, 2.2199563106796, 0.6286601941747516, 1.1983834951456318, 0.5435291262135907, 0.4125582524271814, 1.0281213592232992, 1.5323592233009666, 0.14406796116504314, 0.4191067961165065, 0.6875970873786339, 0.2881359223300917, 1.4996165048543681, 3.0450728155339686, 0.04583980582524298, 1.4668737864077646, 1.493067961165043, 8.40178155339803, 6.280053398058229, 1.3555485436893142, 4.767339805825227, 0.3798155339805777, 2.6849029126213497, 2.4033155339805723, 0.1899077669902861, 1.1983834951456318, 0.9364417475728131, 0.3601699029126188, 4.9506990291261985, 2.920650485436884, 0.3143300970873758, 0.9167961165048543, 0.9233446601941684, 4.976893203883477, 0.36671844660194386, 1.8204951456310636, 0.46494660194174403, 0.7989223300970841, 1.4865194174757235, 0.7137912621359234, 0.19645631067961122, 0.18990776699029158, 0.15061650485436823, 0.02619417475728404, 0.766179611650486, 0.34052427184465434, 0.7072427184466036, 1.4144854368931963, 0.47149514563106365, 2.0365970873786337, 1.0608640776699028, 0.17026213592232717, 0.5500776699029157, 0.9888300970873758, 0.2161019417475756, 6.646771844660172, 0.28813592233009716, 0.6875970873786393, 0.5435291262135907, 1.7157184466019384, 0.6352087378640766, 0.36016990291262424, 0.9560873786407721, 2.7045485436893086, 0.14406796116504314, 3.339757281553385, 0.9560873786407721, 0.20955339805825052, 0.32742718446602054, 4.263101941747559, 4.060097087378629, 0.6483058252427214, 0.30123300970873645, 3.1367524271844545, 7.602859223300944, 0.9298932038834935, 0.7203398058252376, 0.39946116504854207, 0.6745, 0.01964563106795894, 0.510786407766987, 0.026194174757278588, 1.7550097087378616, 0.34052427184465983, 0.13751941747572893, 1.656781553398056, 0.44530097087378506, 1.2704174757281532, 0.4845922330097084, 1.3228058252427106, 0.28813592233009716, 0.45184951456311023, 1.2900631067961121, 4.518495145631053, 0.6744999999999945, 0.2619417475728186, 5.926432038834929, 4.3482330097087205, 0.3077815533980561, 0.1571650485436879, 2.599771844660189, 0.42565533980582615, 4.714951456310663, 2.6849029126213497, 0.09167961165048051, 1.9514660194174676, 0.7203398058252376, 1.0019271844660151, 0.9560873786407775, 1.715718446601933, 0.3863640776699028, 0.7399854368932018, 3.4707281553398, 0.6483058252427214, 0.9691844660194113, 2.4491553398058206, 1.4603252427184392, 1.944917475728153, 0.14406796116504858, 3.7392184466019276, 1.5127135922330075, 0.3077815533980561, 5.035830097087359, 0.46494660194174403, 0.7006941747572786, 0.01964563106795894, 1.3751941747572787, 1.2180291262135907, 0.09822815533980561, 0.47804368932038876, 1.6764271844660097, 1.0543155339805832, 1.8401407766990225, 1.4734223300970788, 1.0870582524271815, 0.8251165048543628, 0.34707281553397945, 1.3359029126213553, 3.9749660194174616, 1.2311262135922243, 0.2161019417475756, 1.1787378640776618, 0.3208786407766954, 0.2357475728155291, 1.3620970873786393, 2.6259660194174677, 0.47149514563106915, 1.8008495145631047, 0.17026213592233264, 0.7596310679611609, 0.6352087378640766, 1.4472281553398, 0.5631747572815551, 1.2245776699029103, 0.10477669902912526, 0.15716504854369331, 1.3359029126213553, 1.303160194174757, 0.43220388349514033, 0.28158737864077754, 1.6174902912621327, 0.05893689320388773, 0.09167961165048596, 0.29468446601941684, 0.45839805825242985, 0.812019417475729, 0.35362135922329907, 1.5323592233009666, 0.15716504854369331, 5.219189320388331, 1.1263495145630993, 0.3077815533980561, 0.6483058252427214, 1.5716504854368898, 0.19645631067961122, 1.4930679611650486, 0.04583980582524298, 4.891762135922311, 0.36016990291262424, 2.0824368932038766, 2.0038543689320303, 1.2245776699029103, 1.0281213592232936, 1.8204951456310636, 0.49768932038834773, 0.2161019417475756, 0.8644077669902915, 0.29468446601941684, 1.119800970873785, 1.879432038834946, 0.517334951456312, 0.4780436893203833, 1.1328980582524188, 0.14406796116504314, 0.9102475728155346, 0.9167961165048488, 0.23574757281553457, 1.7091699029126186, 0.45184951456311023, 0.34707281553397945, 1.6633300970873703, 0.07203398058252157, 0.6941456310679589, 1.1001553398058261, 1.093606796116501, 0.4191067961165065, 1.4210339805825216, 0.37326699029126353, 0.5107864077669925, 0.9822815533980561, 0.026194174757278588, 0.05238834951456263, 0.24884466019417387, 0.34707281553397945, 0.03929126213592333, 0.032742718446598235, 0.517334951456312, 2.1020825242718413, 0.609014563106798, 0.4191067961165065, 2.219956310679606, 0.5042378640776674, 1.1787378640776673, 0.34707281553397945, 0.6155631067961121, 1.0084757281553347, 0.4191067961165065, 0.0, 4.092839805825227, 0.8316650485436878, 0.37981553398058315, 0.8513106796116523, 1.9842087378640711, 0.700694174757284, 0.9364417475728131, 0.3208786407767009, 0.700694174757284, 0.17026213592233264, 0.35362135922330457, 0.49114077669902806, 1.1001553398058261, 0.7792766990291253, 0.857859223300972, 0.8513106796116523, 0.14406796116504858, 1.3555485436893195, 1.0805097087378617, 0.8185679611650486, 0.5697233009708693, 0.6614029126213553, 0.30778155339806157, 0.7399854368932018, 1.1983834951456318, 0.20955339805825052, 1.6043932038834936, 0.30123300970873645, 0.9626359223300972, 0.11787378640777, 1.093606796116501, 0.026194174757278588, 0.975733009708731, 0.03929126213591788, 0.857859223300972, 0.49114077669902806, 1.2442233009708692, 0.39946116504854207, 0.22919902912621493, 0.06548543689320738, 0.6090145631067926, 0.026194174757278588, 1.1721893203883478, 1.1918349514563067, 0.6090145631067926, 0.7465339805825215, 0.5566262135922354, 1.4275825242718356, 0.949538834951458, 1.6502330097087365, 0.5042378640776728, 0.8709563106796112, 0.33397572815534016, 1.4341310679611607, 0.22265048543689525, 0.5042378640776728, 0.03929126213592333, 0.43220388349514577, 1.5716504854368898, 1.047766990291258, 0.7137912621359234, 0.49114077669902806, 1.257320388349514, 0.24884466019417387, 0.8251165048543683, 0.34707281553397945, 0.25539320388349895, 1.1132524271844655, 0.8185679611650432, 1.1787378640776673, 0.17681067961165228, 0.05238834951456263, 1.6109417475728132, 0.11132524271845036, 1.8008495145631047, 1.3293543689320357, 0.49768932038834773, 0.18990776699029158, 0.8251165048543683, 0.3274271844660151, 0.06548543689320738, 0.09822815533980561, 0.37981553398058315, 0.9298932038834881, 0.5500776699029157, 0.34707281553397945, 0.910247572815529, 0.1244223300970842, 0.11787378640777, 0.43875242718445995, 0.3143300970873758, 0.058936893203882276, 0.6090145631067926, 1.7288155339805777, 0.49768932038834773, 0.5369805825242656, 0.22265048543689525, 0.3339757281553347, 1.0805097087378617, 1.1198009708737797, 1.7943009708737852, 1.9580145631067927, 1.2507718446601943, 0.2030048543689363, 0.163713592233013, 1.296611650485432, 0.8775048543689253, 1.7943009708737852, 2.0562427184465983, 1.1983834951456318, 2.154470873786404, 0.8185679611650432, 1.3162572815533908, 1.761558252427176, 0.6745, 0.5435291262135907, 0.8054708737864038, 0.05238834951456263, 0.5631747572815496, 1.8597864077669815, 0.35362135922329907, 0.8185679611650432, 1.5389077669902862, 1.4472281553398056, 0.23574757281553457, 0.058936893203882276, 0.22919902912621493, 1.9580145631067927, 0.13097087378640385, 1.3162572815533962, 0.12442233009708965, 0.6614029126213553, 1.9121747572815495, 0.058936893203882276, 1.5978446601941738, 1.2180291262135852, 1.4472281553398, 1.440679611650486, 0.41255825242718686, 0.9953786407766955, 0.7268883495145626, 0.24884466019417387, 0.13751941747572893, 1.1525436893203886, 0.39946116504854207, 1.0608640776698974, 2.265796116504849, 0.17026213592233264, 0.3863640776699028, 0.22919902912621493, 0.6155631067961121, 0.9233446601941738, 0.9036990291262148, 0.7858252427184449, 0.7006941747572786, 0.7792766990291253, 1.047766990291258, 0.9429902912621327, 0.5238834951456263, 1.2769660194174728, 0.3601699029126188, 0.6417572815533963, 0.02619417475728404, 2.1544708737863982, 0.2161019417475756, 0.8644077669902915, 1.0215728155339794, 0.37326699029126353, 0.9298932038834935, 0.20300485436893087, 2.966490291262127, 0.7006941747572786, 1.0543155339805832, 0.17026213592233264, 2.3902184466019327, 0.032742718446598235, 0.11787378640776455, 1.2769660194174728, 1.0739611650485366, 0.9757330097087364, 2.494995145631064, 0.34052427184465983, 0.9167961165048488, 0.7792766990291253, 1.0805097087378617, 0.9102475728155346, 0.22919902912620946, 3.372499999999989, 1.0150242718446598, 0.026194174757278588, 0.10477669902912526, 0.25539320388349895, 1.349, 1.5978446601941738, 1.3555485436893195, 1.1852864077669871, 0.7858252427184395, 0.39291262135922245, 0.1833592233009665, 1.349, 0.34052427184465434, 1.558553398058245, 1.3882912621359178, 1.5061650485436826, 0.8578592233009665, 1.0674126213592223, 0.5435291262135907, 0.8971504854368898, 1.0281213592232992, 0.15061650485436823, 0.24229611650484875, 0.25539320388349895, 0.5042378640776674, 0.8709563106796112, 0.5893689320388282, 1.5716504854368898, 1.1656407766990227, 0.1571650485436879, 0.0065485436893251, 1.0019271844660151, 0.17681067961164684, 0.3208786407767009, 0.22919902912621493, 0.07203398058252702, 0.8054708737864092, 0.6090145631067926, 0.03274271844660369, 1.1721893203883478, 0.5435291262135907, 0.11787378640777, 0.07203398058252157, 1.1263495145631046, 0.0065485436893251, 0.15061650485436823, 0.9953786407767008, 0.20300485436893087, 1.2704174757281532, 0.3339757281553347, 0.17681067961165228, 0.5238834951456318, 1.0019271844660205, 1.047766990291258, 0.30778155339806157, 0.510786407766987, 0.29468446601941684, 1.4865194174757235, 1.0870582524271815, 0.47149514563106365, 1.3882912621359178, 1.6043932038834936, 0.49768932038834773, 0.13097087378640385, 1.5651019417475702, 0.5304320388349514, 0.07203398058252157, 2.494995145631058, 0.24884466019417387, 0.17026213592233264, 1.6371359223300916, 0.6614029126213606, 0.6483058252427214, 0.7727281553398055, 1.7681067961165011, 0.6744999999999945, 0.19645631067961122, 0.35362135922330457, 0.11787378640776455, 0.7465339805825215, 0.11132524271845036, 0.7268883495145572, 0.45184951456311023, 0.5959174757281533, 0.9167961165048543, 2.8420679611650375, 0.8709563106796112, 0.12442233009708965, 0.019645631067964395, 0.11132524271844492, 1.1001553398058261, 0.07858252427184122, 0.37981553398058315, 0.9626359223300918, 0.3143300970873758, 1.4734223300970841, 0.4387524271844654, 0.7727281553398001, 0.04583980582524298, 1.8728834951456261, 2.6587087378640715, 0.16371359223300755, 0.04583980582524298, 1.3882912621359178, 0.7268883495145626, 0.10477669902912526, 0.3208786407766954, 1.9645631067961067, 1.702621359223299, 0.720339805825243, 0.9691844660194168, 1.1787378640776673, 0.37981553398058315, 0.20300485436893087, 0.6548543689320356, 0.34707281553397945, 0.5042378640776728, 0.34052427184465434, 0.019645631067964395, 0.2422961165048542, 0.6024660194174783, 0.9298932038834935, 0.884053398058245, 0.35362135922329907, 0.2422961165048542, 0.6744999999999945, 0.22919902912620946, 2.1413737864077644, 0.517334951456312, 0.2357475728155291, 0.37981553398058315, 0.1309708737864093, 0.857859223300972, 0.1244223300970842, 0.06548543689320192, 0.17026213592233264, 0.28158737864077754, 0.3077815533980561, 1.1656407766990227, 0.8775048543689308, 0.9233446601941738, 0.9102475728155346, 0.36016990291262424, 1.4472281553398056, 0.058936893203882276, 1.0084757281553347, 0.9298932038834881, 0.1047766990291307, 0.05238834951456263, 0.7727281553398055, 0.7072427184465981, 0.9167961165048488, 0.9167961165048488, 1.4668737864077592, 1.4472281553398056, 0.5435291262135907, 0.24884466019417387, 1.8925291262135906, 1.1328980582524188, 0.5500776699029157, 0.517334951456312, 2.8748106796116417, 0.975733009708731, 1.0477669902912636, 0.41910679611650103, 1.0084757281553347, 0.6810485436893141, 0.6417572815533963, 0.163713592233013, 0.7858252427184449, 0.3863640776699028, 1.7550097087378616, 0.9102475728155346, 0.3667184466019384, 0.5697233009708693, 0.3667184466019384, 0.44530097087378506, 3.182592233009703, 0.6352087378640712, 0.24884466019417387, 0.17026213592232717, 0.5893689320388337, 1.8008495145631047, 0.43220388349514577, 0.8578592233009665, 0.41255825242718686, 0.35362135922330457, 0.3077815533980561, 0.9102475728155346, 0.07203398058252702, 0.7727281553398001, 1.2638689320388337, 1.1328980582524244, 0.4125582524271814, 1.0543155339805832, 1.2835145631067926, 0.975733009708731, 0.11787378640777, 3.758864077669892, 0.5500776699029157, 0.30123300970873645, 1.1983834951456263, 0.5631747572815551, 2.7241941747572733, 0.7596310679611609, 0.26194174757281313, 2.986135922330086, 1.4275825242718412, 0.5435291262135907, 0.8054708737864038, 1.0281213592232936, 1.899077669902905, 0.34052427184465983, 0.17026213592233264, 1.2638689320388337, 1.0870582524271815, 0.9691844660194168, 0.1375194174757235, 0.22265048543688984, 2.9599417475728074, 0.9298932038834935, 0.16371359223300755, 1.3686456310679591, 0.7989223300970841, 1.047766990291258, 0.21610194174757016, 0.1375194174757235, 1.1263495145631046, 0.8644077669902915, 0.20955339805825599, 1.1394466019417442, 0.4780436893203833, 0.8644077669902915, 0.8316650485436878, 1.2442233009708747, 0.2684902912621328, 1.5520048543689307, 0.49768932038834773, 1.1852864077669871, 0.15716504854369331, 0.8840533980582506, 2.567029126213585, 1.5585533980582507, 0.20955339805825052, 0.19645631067961122, 0.5107864077669925, 0.7334368932038823, 0.019645631067964395, 0.32742718446602054, 1.578199029126204, 0.14406796116504858, 0.07203398058252157, 1.3948398058252431, 0.6875970873786339, 4.073194174757267, 1.6633300970873703, 4.872116504854351, 8.506558252427155, 9.560873786407736, 0.08513106796116088, 0.4583980582524244, 4.164873786407753, 0.14406796116504314, 0.09167961165048596, 0.20300485436893087, 0.35362135922330457, 0.39291262135922245, 3.9553203883494974, 1.4341310679611607, 1.4996165048543628, 1.3620970873786393, 0.7399854368932018, 0.09822815533980561, 0.9036990291262095, 0.47149514563106915, 0.5893689320388337, 0.9167961165048543, 0.9364417475728131, 0.7072427184465981, 0.22265048543688984, 0.23574757281553457, 1.3031601941747517, 0.6548543689320411, 0.9036990291262095, 0.5369805825242656, 1.8663349514563066, 0.01964563106795894, 0.9233446601941738, 0.1571650485436879, 0.8382135922330075, 0.17681067961165228, 1.1263495145631046, 0.609014563106798, 0.20955339805825052, 2.5277378640776615, 0.34707281553397945, 0.21610194174757016, 0.6941456310679589, 1.3686456310679591, 0.3601699029126188, 0.6679514563106803, 1.7746553398058151, 0.05238834951456263, 0.8906019417475701, 4.9834417475727975, 0.34052427184465434, 2.573577669902905, 0.6614029126213606, 0.8054708737864092, 0.9102475728155346, 0.7006941747572786, 0.1375194174757235, 0.20300485436893087, 0.7727281553398001, 1.0543155339805832, 0.8316650485436878, 0.01964563106795894, 0.5631747572815496, 0.20955339805825599, 1.0608640776699028, 0.3863640776699028, 0.8644077669902915, 0.5238834951456263, 1.1263495145630993, 0.11132524271844492, 0.08513106796116088, 0.6417572815533963, 0.5828203883495141, 0.9233446601941684, 0.2553932038834935, 0.3339757281553347, 1.4210339805825216, 0.37981553398058315, 0.07203398058252702, 0.2553932038834935, 1.8728834951456261, 3.3594029126213445, 0.55662621359223, 0.6352087378640712, 1.1721893203883478, 0.3143300970873758, 4.158325242718434, 0.8840533980582506, 2.34437864077669, 0.5173349514563066, 3.333208737864071, 0.39291262135922245, 0.8251165048543683, 0.8251165048543628, 0.6483058252427214, 0.37981553398058315, 0.3339757281553347, 0.7465339805825215, 0.9626359223300972, 0.34707281553397945, 0.8644077669902915, 0.5304320388349514, 0.47804368932038876, 0.3601699029126188, 0.7596310679611663, 0.6221116504854319, 1.519262135922327, 0.8709563106796058, 1.6698786407766901, 0.5959174757281533, 1.4013883495145572, 2.0824368932038766, 0.7792766990291198, 0.29468446601941684, 1.2900631067961121, 0.1833592233009665, 0.8251165048543683, 0.26194174757281313, 0.24884466019417387, 1.1459951456310637, 1.7812038834951402, 0.9036990291262095, 0.013097087378639294, 0.5042378640776728, 2.0758883495145573, 1.3489999999999946, 0.25539320388349895, 0.11787378640777, 0.49114077669902806, 0.3077815533980561, 0.3208786407767009, 0.43875242718445995, 1.2900631067961121, 0.12442233009708965, 0.8251165048543683, 0.38636407766989733, 0.5304320388349514, 3.2480776699028993, 1.1067038834951404, 1.3097087378640766, 0.05893689320388773, 0.5304320388349514, 0.5238834951456263, 2.0169514563106747, 3.994611650485421, 2.8289708737863983, 0.8447621359223271, 5.186446601941728, 5.3239660194174565, 6.6795145631067765, 0.2750388349514524, 0.6941456310679589, 0.45184951456311023, 0.013097087378644746, 0.7399854368932018, 0.5959174757281533, 0.47149514563106915, 1.7746553398058151, 0.2357475728155291, 0.9822815533980561, 0.11132524271844492, 0.7334368932038768, 0.517334951456312, 3.9684174757281423, 0.07858252427184122, 0.07203398058252157, 0.28813592233009716, 0.2553932038834935, 0.39946116504854207, 5.291223300970853, 1.6502330097087365, 1.4734223300970841, 2.9599417475728025, 0.4583980582524244, 2.6456116504854266, 0.5304320388349514, 0.23574757281553457, 0.20955339805825599, 0.7858252427184395, 0.41910679611650103, 8.231519417475702, 12.31781067961161, 3.824349514563094, 1.2966116504854373, 4.12558252427183, 1.7681067961164956, 1.2704174757281532, 1.263868932038828, 5.474582524271825, 9.456097087378613, 0.20300485436893087, 0.9626359223300972, 0.6744999999999945, 0.6875970873786393, 1.4603252427184448, 0.46494660194174403, 0.01964563106795894, 0.46494660194174947, 1.0019271844660205, 1.0805097087378617, 1.990757281553391, 0.08513106796116632, 0.09167961165048596, 0.6941456310679589, 0.36016990291262424, 0.5435291262135907, 1.6829757281553346, 0.47149514563106915, 0.517334951456312, 0.44530097087378506, 0.33397572815534016, 0.1899077669902861, 0.8447621359223271, 1.5912961165048671, 0.15061650485436945, 0.03929126213592365, 0.6352087378640817, 0.3143300970873783, 0.9429902912621404, 0.6024660194174832, 2.8486165048543857, 0.8775048543689379, 0.9953786407767089, 0.45184951456310835, 2.344378640776709, 0.81201941747573, 0.11132524271845126, 0.19645631067961283, 2.4491553398058405, 1.0674126213592257, 1.3162572815534068, 1.6305873786407852, 0.11132524271844581, 0.9167961165048616, 1.5716504854369027, 0.7006941747572842, 0.6417572815534014, 0.28813592233009405, 0.0261941747572788, 0.1375194174757246, 1.152543689320398, 0.6417572815534014, 0.08513106796116701, 0.8513106796116537, 0.9691844660194192, 0.1047766990291261, 0.05238834951456305, 1.8335922330097176, 1.2835145631068028, 1.3817427184466038, 0.3143300970873783, 0.7334368932038882, 1.0477669902912665, 0.2815873786407798, 0.6810485436893197, 0.3601699029126271, 1.1394466019417533, 0.8578592233009789, 0.8185679611650553, 0.7072427184466039, 0.4125582524271902, 0.7203398058252488, 0.7137912621359236, 0.4714951456310675, 0.6221116504854424, 0.7072427184466039, 0.7792766990291317, 0.8775048543689379, 1.2114805825242754, 0.6417572815534014, 0.37981553398058077, 0.1375194174757246, 0.49768932038835173, 1.5716504854369027, 1.8728834951456415, 0.5369805825242754, 1.4603252427184568, 1.296611650485448, 1.5585533980582578, 0.24884466019417587, 2.468800970873794, 0.18335922330096796, 0.43220388349514927, 0.19645631067961283, 0.24229611650485616, 0.8316650485436892, 0.41910679611650986, 0.3667184466019468, 0.08513106796116156, 0.4583980582524335, 0.9757330097087443, 0.6614029126213606, 0.4649466019417532, 1.1132524271844688, 1.9514660194174833, 0.7858252427184459, 1.3359029126213662, 1.3293543689320464, 0.5631747572815596, 1.4996165048543804, 0.10477669902913155, 0.026194174757284253, 2.6259660194174885, 0.779276699029126, 0.3470728155339823, 1.257320388349524, 0.792373786407771, 0.1309708737864049, 0.53698058252427, 0.24884466019417587, 1.6567815533980694, 1.1852864077669967, 1.9973058252427267, 0.0785825242718473, 2.102082524271853, 0.8120194174757356, 0.9233446601941759, 0.8382135922330143, 1.8532378640776823, 0.3601699029126217, 0.3208786407767035, 0.0916796116504867, 0.3798155339805862, 0.11132524271844581, 0.39946116504854534, 0.37326699029126653, 0.8906019417475773, 0.35362135922330745, 0.28813592233009405, 0.6155631067961227, 1.5061650485436946, 0.7334368932038882, 1.6764271844660232, 0.589368932038833, 0.268490291262135, 0.759631067961167, 1.5716504854368971, 1.64368446601943, 0.5304320388349503, 0.49114077669903206, 0.24884466019417587, 0.39291262135922567, 2.069339805825249, 0.9233446601941759, 1.7026213592233128, 0.27503883495145465, 1.6633300970873839, 0.5369805825242754, 1.3031601941747621, 0.6548543689320464, 0.6745000000000054, 0.07203398058252761, 0.844762135922334, 0.9364417475728153, 0.6417572815534014, 1.8597864077669963, 1.8139466019417587, 1.4144854368932078, 0.6745, 2.5211893203883626, 0.9560873786407799, 0.43220388349514927, 2.0431456310679756, 0.08513106796116156, 0.8316650485436946, 0.11787378640777095, 0.8971504854369025, 0.21610194174757735, 0.45184951456311384, 0.24884466019417587, 0.5107864077669911, 0.929893203883501, 0.3601699029126271, 1.152543689320398, 0.6417572815534014, 1.6174902912621403, 0.01964563106796455, 1.198383495145636, 0.9429902912621404, 0.2815873786407744, 1.0346699029126216, 1.0608640776699114, 0.9167961165048616, 0.6810485436893252, 1.7157184466019522, 0.05238834951456305, 0.962635922330105, 1.597844660194187, 2.422961165048556, 0.5697233009708793, 1.4341310679611725, 1.1852864077669967, 1.9711116504854422, 0.6810485436893252, 1.7550097087378704, 0.5959174757281581, 0.4387524271844635, 0.5631747572815542, 0.20300485436893798, 0.11132524271844581, 3.5493106796116702, 0.8906019417475773, 0.5697233009708793, 3.0254271844660394, 1.4144854368932078, 0.39291262135922567, 0.10477669902913155, 0.21610194174757735, 0.4649466019417532, 1.342451456310691, 0.7727281553398063, 0.5566262135922344, 1.7288155339805917, 0.09822815533980642, 0.7072427184466039, 1.3162572815534068, 0.6352087378640817, 0.6875970873786449, 0.2815873786407798, 0.37326699029126104, 0.7727281553398063, 1.0346699029126216, 0.589368932038833, 0.6875970873786394, 0.8316650485436946, 0.7596310679611724, 0.25539320388349557, 1.4210339805825332, 0.8054708737864104, 1.2376747572815596, 0.15061650485436945, 0.03929126213592365, 1.7746553398058351, 1.2376747572815596, 0.07203398058252215, 0.22265048543689706, 0.8316650485436892, 2.6128689320388436, 1.1067038834951546, 1.1132524271844688, 1.7026213592233075, 0.576271844660199, 0.7727281553398118, 2.0496941747572897, 0.44530097087378867, 0.0261941747572788, 2.724194174757295, 1.2376747572815596, 0.13097087378641037, 0.0261941747572788, 1.6567815533980639, 0.6614029126213606, 0.5631747572815596, 0.8513106796116592, 0.04583980582524335, 0.5500776699029202, 1.2180291262136005, 2.678354368932057, 0.9364417475728153, 0.006548543689325153, 0.2946844660194192, 0.0065485436893197, 0.55662621359224, 0.8775048543689324, 0.6090145631067975, 0.6810485436893197, 0.45184951456311384, 1.466873786407771, 0.6679514563106803, 0.47804368932039265, 0.39946116504854534, 0.523883495145636, 0.3601699029126271, 2.0104029126213714, 0.1899077669902931, 0.3339757281553429, 1.0019271844660285, 0.20955339805825768, 0.4780436893203872, 2.789679611650503, 0.22919902912621676, 0.4649466019417532, 0.37326699029126104, 1.250771844660199, 1.159092233009718, 0.2815873786407744, 0.22265048543689162, 0.9822815533980586, 0.21610194174757735, 1.0477669902912665, 0.523883495145636, 0.3798155339805862, 0.39291262135922567, 0.5107864077669911, 2.102082524271858, 0.2684902912621404, 0.7072427184466039, 0.1899077669902931, 0.9167961165048616, 1.741912621359231, 0.7006941747572897, 0.3601699029126271, 0.929893203883501, 1.0150242718446627, 1.0870582524271901, 0.3208786407767035, 1.9842087378640871, 1.0608640776699059, 0.6875970873786449, 0.11132524271845126, 1.1590922330097124, 1.7091699029126273, 0.2815873786407798, 1.309708737864082, 0.8775048543689379, 0.24229611650485616, 1.9252718446602046, 0.7203398058252434, 0.0, 0.3863640776699005, 2.4295097087378763, 1.2049320388349556, 0.39946116504854534, 0.3470728155339823, 0.0327427184465985, 2.3050873786407853, 1.9645631067961282, 0.4649466019417478, 0.6875970873786449, 1.9449174757281689, 0.31433009708738374, 0.37326699029126104, 0.8382135922330143, 0.7530825242718473, 0.5828203883495132, 0.5304320388349557, 0.24884466019417587, 0.28813592233009405, 0.09822815533980642, 0.15061650485436945, 1.0346699029126272, 0.5762718446601935, 0.3798155339805862, 0.4387524271844635, 0.5107864077669911, 0.406009708737865, 0.4322038834951438, 0.3470728155339823, 0.7006941747572842, 2.7045485436893304, 0.31433009708738374, 0.5893689320388384, 1.3490000000000109, 1.355548543689325, 0.3601699029126217, 0.9102475728155419, 1.4210339805825274, 1.0870582524271901, 0.39946116504854534, 1.9842087378640871, 1.8663349514563217, 2.0562427184466148, 0.0130970873786394, 1.355548543689325, 1.6895242718446735, 0.8709563106796128, 0.6875970873786449, 0.0130970873786394, 1.4341310679611725, 0.6548543689320464, 0.0654854368932079, 3.241529126213611, 0.3863640776699059, 0.6417572815534014, 1.0739611650485452, 0.576271844660199, 0.15061650485436945, 0.576271844660199, 0.32087864077669803, 0.7334368932038827, 0.37981553398058077, 2.233053398058263, 0.2815873786407744, 1.5781990291262222, 0.4125582524271902, 1.5258106796116593, 0.0130970873786394, 0.07858252427184186, 0.5173349514563108, 0.2161019417475719, 0.3274271844660232, 1.067412621359231, 0.3798155339805862, 0.8185679611650498, 1.3751941747572842, 1.6502330097087443, 0.5304320388349557, 0.1440679611650443, 0.4714951456310675, 0.55662621359224, 0.27503883495145465, 0.026194174757284253, 2.4360582524271956, 0.8316650485436946, 1.8139466019417587, 0.49114077669903206, 0.6875970873786449, 0.8054708737864158, 0.49114077669903206, 1.407936893203888, 2.8617135922330252, 0.17026213592232856, 1.080509708737865, 0.5697233009708739, 0.3405242718446626, 0.006548543689325153, 1.4144854368932134, 0.49114077669903206, 0.3863640776699059, 1.0739611650485508, 1.3490000000000055, 0.3601699029126271, 0.25539320388349557, 0.07203398058252761, 0.9298932038834956, 0.026194174757284253, 0.0, 0.3601699029126217, 1.4275825242718472, 0.5107864077669911, 0.3470728155339823, 0.7399854368932078, 0.654854368932041, 0.7989223300970961, 0.7399854368932078, 1.7877524271844745, 0.30778155339805857, 0.4780436893203872, 1.8859805825242808, 1.250771844660199, 0.7399854368932078, 1.5454563106796182, 0.3405242718446626, 0.22265048543689706, 0.49114077669903206, 0.10477669902913155, 2.0824368932038935, 0.2684902912621404, 1.008475728155343, 0.11787378640777095, 0.24884466019417587, 1.3162572815534015, 1.2376747572815596, 0.37326699029126104, 1.5651019417475829, 0.6483058252427213, 2.5211893203883626, 0.8775048543689324, 0.49114077669903206, 0.4649466019417478, 0.26194174757281524, 0.726888349514563, 0.7858252427184513, 0.0, 0.3405242718446626, 0.9036990291262167, 0.15061650485436945, 0.2946844660194192, 0.4387524271844635, 0.6221116504854369, 1.1394466019417533, 0.9691844660194192, 1.519262135922334, 0.26194174757282074, 0.9757330097087389, 1.6502330097087499, 0.33397572815533744, 0.26194174757281524, 1.276966019417478, 1.0346699029126272, 1.597844660194187, 1.2442233009708792, 1.0215728155339823, 1.0608640776699114, 1.7353640776699115, 1.1198009708737942, 0.5500776699029147, 0.2684902912621404, 0.006548543689325153, 0.10477669902913155, 1.1918349514563162, 0.0916796116504867, 0.2946844660194192, 0.15716504854368915, 0.6155631067961227, 0.9233446601941813, 1.859786407767002, 0.09822815533980642, 0.04583980582524335, 0.0654854368932079, 0.9953786407767035, 1.7091699029126273, 0.6352087378640764, 0.8709563106796182, 2.455703883495155, 1.7288155339805917, 0.1899077669902931, 0.5304320388349557, 1.6305873786407852, 1.211480582524281, 0.5828203883495132, 1.4341310679611725, 0.2750388349514601, 0.43875242718446894, 2.193762135922345, 3.4903737864077873, 0.55662621359224, 1.584747572815542, 1.604393203883501, 1.64368446601943, 1.4275825242718472, 0.9757330097087443, 1.453776699029137, 0.24229611650485616, 0.8840533980582521, 1.0936067961165152, 0.11132524271845126, 1.7419126213592364, 1.1656407766990375, 0.406009708737865, 1.1656407766990375, 0.3798155339805862, 0.2357475728155365, 0.6548543689320464, 1.5258106796116537, 1.2638689320388439, 0.53698058252427, 0.05238834951456305, 0.7530825242718473, 1.696072815533993, 0.24884466019417587, 0.05238834951456305, 2.658708737864093, 0.12442233009709067, 0.8513106796116537, 0.3143300970873783, 0.07858252427184186, 1.1198009708737886, 0.17026213592233402, 0.09167961165048126, 0.2684902912621404, 0.07858252427184186, 0.49768932038835173, 0.45839805825242813, 0.08513106796116156, 0.1571650485436946, 0.2815873786407744, 1.3359029126213662, 0.39291262135922567, 0.08513106796116156, 1.7746553398058351, 1.5323592233009788, 0.37326699029126104, 0.0916796116504867, 0.6024660194174778, 0.3012330097087389, 0.03274271844660395, 0.05238834951456305, 0.9364417475728207, 0.9560873786407853, 0.2946844660194192, 0.32087864077669803, 0.06548543689320245, 0.19645631067961283, 0.15716504854368915, 0.2684902912621404, 0.0916796116504867, 0.3863640776699059, 0.9822815533980586, 0.81201941747573, 1.1394466019417533, 0.5959174757281581, 1.2114805825242754, 0.17681067961165373, 0.21610194174757735, 0.3667184466019468, 0.7072427184466094, 0.5107864077669966, 0.0, 0.03274271844660395, 0.1833592233009734, 0.1244223300970852, 0.628660194174762, 0.3470728155339823, 0.16371359223300888, 0.44530097087378867, 1.5389077669902986, 0.4060097087378705, 0.0785825242718473, 0.0392912621359182, 0.576271844660199, 0.01964563106796455, 0.7137912621359291, 0.5173349514563108, 0.3339757281553429, 2.4753495145631192, 0.0261941747572788, 1.499616504854375, 1.355548543689325, 0.3012330097087389, 1.355548543689325, 0.10477669902913155, 0.8316650485436946, 0.9036990291262221, 0.1244223300970852, 0.6483058252427213, 1.9252718446602046, 0.2161019417475719, 0.6417572815534014, 0.3208786407767035, 1.62403883495146, 1.440679611650492, 0.471495145631073, 1.3490000000000055, 1.493067961165055, 0.3405242718446626, 0.09167961165048126, 0.9167961165048616, 0.1375194174757246, 0.0065485436893197, 0.5500776699029147, 1.1459951456310782, 0.589368932038833, 0.8185679611650498, 1.2507718446602045, 0.32742718446601776, 1.4341310679611725, 0.28813592233009405, 1.1263495145631084, 0.32742718446601776, 1.218029126213595, 0.1047766990291261, 0.2750388349514601, 0.35362135922330196, 0.7137912621359236, 0.2095533980582522, 0.81201941747573, 1.211480582524281, 0.7661796116504921, 0.22919902912621132, 1.5127135922330144, 1.0543155339805916, 0.2881359223300995, 1.6502330097087499, 0.058936893203882755, 0.6090145631068029, 0.0196456310679591, 1.09360679611651, 0.8316650485436892, 0.4256553398058241, 0.4060097087378705, 0.09822815533980642, 1.3490000000000055, 0.0, 0.6941456310679646, 2.036597087378656, 1.2114805825242754, 1.407936893203888, 0.25539320388349557, 0.11787378640777095, 0.7137912621359291, 1.7157184466019468, 0.726888349514563, 1.218029126213595, 0.2095533980582522, 0.32087864077669803, 0.07203398058252761, 0.4845922330097123, 0.4845922330097069, 1.3490000000000055, 0.0327427184465985, 0.6941456310679646, 0.6090145631068029, 1.4079368932038936, 0.6875970873786394, 0.1440679611650443, 0.6155631067961171, 0.9822815533980641, 0.4256553398058296, 0.8185679611650553, 0.07203398058252761, 1.4341310679611725, 1.0608640776699114, 1.1328980582524335, 1.7550097087378704, 0.0327427184465985, 0.55662621359224, 1.1459951456310782, 0.20300485436893798, 0.5959174757281581, 0.8906019417475773, 0.7334368932038882, 0.4714951456310675, 0.3405242718446571, 0.9495388349514602, 0.25539320388349557, 1.9187233009708793, 0.15061650485436945, 0.07858252427184186, 1.0674126213592257, 2.016951456310686, 0.4649466019417478, 0.406009708737865, 1.9187233009708793, 2.5539320388349664, 0.45839805825242813, 1.047766990291272, 0.9102475728155419, 0.8840533980582521, 0.9364417475728207, 0.49768932038835173, 0.03929126213592365, 0.576271844660199, 0.8906019417475773, 0.929893203883501, 1.4996165048543804, 0.49114077669903206, 0.04583980582524335, 0.3274271844660232, 0.8709563106796128, 0.6614029126213661, 1.0412184466019467, 0.7072427184466039, 0.9167961165048563, 0.8316650485436892, 0.24884466019417587, 0.9364417475728207, 0.9757330097087389, 0.4845922330097069, 0.7137912621359291, 0.07203398058252215, 0.6679514563106803, 0.5173349514563108, 0.6417572815534014, 0.9888300970873838, 0.16371359223300888, 0.0, 0.9822815533980641, 0.45839805825242813, 0.44530097087378867, 1.0019271844660285, 0.6483058252427213, 1.0543155339805863, 0.22919902912621676, 0.25539320388349557, 1.1721893203883518, 0.37326699029126104, 0.2946844660194192, 0.5304320388349503, 1.250771844660199, 0.6483058252427213, 3.090912621359242, 5.743072815534009, 0.5893689320388384, 0.9102475728155364, 0.44530097087378867, 0.5173349514563108, 0.43875242718446894, 1.4472281553398174, 0.5173349514563162, 1.2311262135922343, 3.2939174757281746, 0.0327427184465985, 0.05238834951456305, 1.2442233009708792, 1.499616504854375, 0.37326699029126104, 0.2946844660194192, 16.50233009708746, 4.839373786407793, 1.5061650485436946, 2.0562427184466148, 0.654854368932041, 1.296611650485448, 1.1721893203883518, 0.759631067961167, 0.4387524271844635, 0.9429902912621404, 1.1459951456310782, 0.11787378640776551, 0.47804368932039265, 0.5959174757281581, 0.41255825242718475, 0.6679514563106858, 1.990757281553407, 0.1309708737864049, 0.5304320388349503, 0.15716504854368915, 0.844762135922334, 1.7222669902912717, 4.400621359223324, 0.4387524271844635, 2.0300485436893307, 0.37326699029126104, 1.0805097087378706, 1.1263495145631084, 1.0870582524271901, 0.22265048543689162, 0.8578592233009789, 0.2946844660194192, 1.2245776699029203, 1.5127135922330197, 2.1413737864077764, 1.1656407766990375, 1.8663349514563217, 1.165640776699032, 2.2985388349514655, 0.41255825242718475, 1.840140776699043, 2.0300485436893307, 1.0674126213592257, 3.437985436893224, 8.820888349514611, 0.7072427184466039, 2.436058252427201, 2.023500000000011, 0.8120194174757356, 0.0065485436893197, 0.22265048543689706, 1.8270436893203925, 3.955320388349535, 1.4996165048543804, 1.1459951456310782, 0.7334368932038827, 3.9094805825242918, 0.05238834951456305, 2.2854417475728317, 0.8906019417475773, 1.6698786407767088, 0.8382135922330143, 1.5520048543689433, 0.10477669902913155, 4.64291747572818, 0.03929126213592365, 6.803936893203921, 0.5631747572815596, 3.8178009708738103, 0.8316650485436892, 2.901004854368949, 10.733063106796171, 0.6024660194174832, 4.151776699029147, 1.7681067961165153, 1.2573203883495185, 0.3405242718446626, 0.026194174757284253, 1.4079368932038936, 1.0543155339805916, 0.3667184466019468, 0.058936893203882755, 1.1918349514563162, 1.09360679611651, 1.1590922330097124, 2.03659708737865, 0.05238834951456305, 0.6352087378640764, 0.53698058252427, 0.10477669902913155, 2.5670291262136056, 1.7550097087378704, 0.5959174757281581, 2.711097087378656, 0.6155631067961171, 9.128669902912671, 9.095927184466067, 0.3405242718446571, 0.0916796116504867, 1.9449174757281689, 0.8775048543689324, 3.136752427184485, 1.2049320388349556, 0.39946116504854534, 5.684135922330127, 0.844762135922334, 0.1309708737864049, 1.3228058252427266, 1.7353640776699115, 0.4060097087378705, 0.11787378640777095, 0.9102475728155364, 0.3012330097087389, 1.5323592233009788, 1.4341310679611725, 1.257320388349524, 0.0065485436893197, 1.0543155339805916, 0.09822815533980642, 0.09822815533980642, 0.24884466019417587, 0.4387524271844635, 3.162946601941759, 0.7006941747572897, 0.7006941747572842, 0.013097087378644852, 0.1833592233009734, 1.6109417475728207, 1.8663349514563163, 1.0084757281553482, 0.058936893203882755, 0.16371359223300888, 1.152543689320398, 0.9102475728155419, 1.0739611650485508, 0.5631747572815542, 0.5304320388349557, 0.01964563106796455, 0.6286601941747566, 0.523883495145636, 0.36671844660194136, 0.0065485436893197, 1.015024271844668, 0.5697233009708739, 0.6941456310679646, 0.07203398058252215, 3.6409902912621566, 1.0608640776699059, 1.1983834951456416, 1.5127135922330144, 1.493067961165055, 0.03929126213592365, 0.10477669902913155, 0.1637135922330143, 1.4865194174757355, 0.2815873786407744, 1.3424514563106857, 1.1132524271844688, 1.3686456310679644, 0.4845922330097069, 0.45184951456311384, 2.305087378640791, 0.5107864077669911, 0.4191067961165044, 0.4845922330097069, 1.637135922330105, 0.8251165048543695, 1.1590922330097124, 0.05238834951456305, 0.22919902912621676, 1.2900631067961226, 0.5173349514563108, 0.0065485436893197, 1.0084757281553482, 0.24229611650485616, 1.0346699029126216, 1.3948398058252542, 0.1833592233009734, 0.268490291262135, 0.3798155339805862, 0.2161019417475719, 0.4387524271844635, 0.9888300970873838, 0.33397572815533744, 0.1375194174757246, 0.8644077669902985, 0.7661796116504866, 1.7026213592233128, 2.0038543689320463, 0.2095533980582522, 0.8840533980582577, 0.5042378640776769, 0.05238834951456305, 0.2030048543689325, 1.2638689320388439, 1.145995145631073, 1.7615582524271902, 0.24884466019417587, 1.6305873786407852, 1.008475728155343, 1.6109417475728207, 0.04583980582524335, 0.5697233009708793, 2.4622524271844797, 0.22919902912621132, 1.5389077669902986, 0.26194174757281524, 0.7989223300970961, 0.10477669902913155, 1.7681067961165153, 0.11787378640777095, 1.080509708737865, 0.5173349514563162, 0.45839805825242813, 0.255393203883501, 1.4210339805825332, 0.7137912621359291, 0.07203398058252215, 1.7157184466019468, 1.0084757281553482, 0.14406796116504975, 0.268490291262135, 0.47804368932039265, 2.285441747572826, 1.0936067961165152, 0.8251165048543695, 0.9691844660194192, 0.4387524271844635, 0.589368932038833, 0.55662621359224, 0.13097087378641037, 0.8316650485436946, 0.6090145631067975, 0.6352087378640764, 0.49114077669903206, 0.6221116504854369, 0.8840533980582577, 0.47804368932039265, 1.0346699029126216, 1.0870582524271901, 1.067412621359231, 0.6221116504854369, 0.1375194174757246, 1.8663349514563217, 0.589368932038833, 0.7727281553398118, 0.9429902912621404, 1.2966116504854426, 0.15716504854368915, 0.6024660194174832, 1.0346699029126216, 0.9364417475728153, 0.03929126213592365, 0.9298932038834956, 1.100155339805835, 1.1787378640776713, 0.3863640776699059, 0.5500776699029202, 0.6155631067961171, 1.78775242718448, 1.0019271844660231, 0.1309708737864049, 0.6483058252427213, 1.7222669902912666, 1.067412621359231, 1.1328980582524282, 0.9691844660194247, 0.07203398058252761, 0.18335922330096796, 0.26194174757282074, 1.0019271844660285, 0.08513106796116156, 1.4275825242718472, 2.0038543689320463, 0.0065485436893197, 1.5585533980582633, 0.6548543689320464, 0.09167961165048126, 0.47804368932039265, 0.7661796116504866, 0.5173349514563162, 1.0346699029126272, 1.198383495145636, 1.3751941747572842, 1.4603252427184568, 0.0065485436893197, 0.39291262135922567, 1.8401407766990374, 0.55662621359224, 1.4341310679611725, 1.0346699029126272, 1.257320388349524, 0.49114077669903206, 0.2357475728155365, 0.1899077669902931, 0.7727281553398063, 1.2114805825242754, 1.7091699029126324, 1.296611650485448, 0.21610194174757735, 0.35362135922330745, 1.5651019417475829, 0.9233446601941813, 1.6436844660194245, 1.3817427184466093, 1.1394466019417533, 0.5959174757281581, 0.5107864077669911, 0.04583980582524335, 0.3012330097087389, 0.13097087378641037, 0.5173349514563162, 1.159092233009718, 0.4845922330097069, 1.3948398058252487, 2.3771213592233127, 0.0916796116504867, 0.3339757281553429, 0.058936893203882755, 2.246150485436908, 0.7465339805825275, 0.5173349514563108, 1.198383495145636, 0.04583980582524335, 0.792373786407771, 1.080509708737865, 0.22265048543689162, 0.8316650485436892, 1.4275825242718472, 0.6155631067961171, 1.741912621359231, 0.6679514563106803, 0.6352087378640764, 0.7334368932038882, 0.3470728155339823, 0.2357475728155365, 1.0477669902912665, 0.21610194174757735, 0.5173349514563108, 0.49114077669903206, 0.2815873786407798, 0.36671844660194136, 0.08513106796116701, 0.6155631067961171, 1.4603252427184568, 1.250771844660199, 4.007708737864098, 0.4649466019417478, 0.5959174757281581, 0.2357475728155365, 0.11787378640777095, 0.7137912621359291, 0.44530097087378867, 0.897150485436897, 0.37981553398058077, 0.49768932038835173, 1.080509708737865, 1.2180291262136005, 0.6941456310679646, 0.41910679611650986, 0.9036990291262167, 1.493067961165055, 1.1852864077669967, 0.8840533980582521, 1.159092233009718, 0.2815873786407744, 0.6614029126213606, 1.1328980582524282, 1.5061650485436946, 0.844762135922334, 0.16371359223300888, 0.9822815533980586, 0.5959174757281581, 0.25539320388349557, 0.7006941747572897, 0.006548543689325153, 0.4714951456310675, 3.0647184466019577, 0.49114077669903206, 0.17681067961164826, 0.4060097087378705, 0.3601699029126271, 0.8578592233009789, 3.876737864077693, 3.955320388349535, 3.182592233009729, 0.37326699029126653, 0.2030048543689325, 1.3686456310679644, 4.341684466019441, 0.2357475728155365, 3.136752427184485, 1.440679611650492, 1.0019271844660231, 0.6483058252427267, 3.41833980582526, 0.30778155339806407, 0.45184951456311384, 0.4714951456310675, 1.2049320388349611, 0.5500776699029202, 0.3339757281553429, 0.2750388349514601, 1.5061650485437, 1.008475728155343, 0.4583980582524335, 1.5454563106796182, 0.759631067961167, 1.4734223300970908, 0.7858252427184459, 0.576271844660199, 0.2946844660194192, 0.5697233009708739, 0.6286601941747566, 0.37326699029126104, 0.8709563106796128, 0.2815873786407744, 1.3620970873786449, 0.30778155339805857, 0.026194174757284253, 0.5107864077669911, 1.3359029126213662, 0.17026213592233402, 0.07203398058252761, 1.8532378640776768, 0.03274271844660395, 0.6024660194174778, 0.8054708737864104, 0.1375194174757246, 0.15716504854368915, 1.2900631067961226, 0.471495145631073, 0.14406796116504975, 0.8578592233009734, 1.6436844660194245, 0.8251165048543749, 0.6155631067961171, 1.0543155339805916, 0.16371359223300888, 0.3863640776699005, 0.006548543689325153, 1.5585533980582578, 0.1833592233009734, 0.0, 0.39946116504854534, 0.31433009708738374, 0.19645631067961283, 5.625199029126244, 1.8008495145631138, 0.39946116504854534, 1.6633300970873839, 0.8906019417475773, 0.3012330097087389, 0.05238834951456305, 0.0327427184465985, 0.49768932038835173, 0.9233446601941759, 1.2049320388349556, 0.24229611650485072, 1.0739611650485508, 0.792373786407771, 0.523883495145636, 1.36864563106797, 1.0019271844660285, 0.18335922330096796, 0.3208786407767035, 0.9888300970873838, 0.1375194174757246, 0.9757330097087389, 1.2835145631068028, 0.9429902912621404, 0.3012330097087389, 0.6745, 1.4799708737864157, 0.8578592233009734, 0.9102475728155364, 1.4865194174757355, 0.4256553398058296, 0.25539320388349557, 0.09822815533980642, 0.8513106796116537, 0.0261941747572788, 0.8513106796116592, 0.9822815533980586, 0.7334368932038827, 0.6090145631068029, 0.9429902912621404, 0.9560873786407799, 1.8008495145631194, 1.3424514563106857, 0.4780436893203872, 0.8709563106796128, 0.7137912621359236, 0.6875970873786449, 1.6698786407767034, 0.589368932038833, 0.4780436893203872, 0.5173349514563162, 0.07858252427184186, 1.1721893203883573, 0.8578592233009789, 1.2049320388349611, 0.26194174757282074, 0.7530825242718473, 0.19645631067961283, 0.39946116504854534, 0.6614029126213661, 0.11132524271845126, 1.64368446601943, 0.6745, 0.28813592233009405, 0.9298932038834956, 0.8840533980582521, 0.3798155339805862, 0.17681067961165373, 2.6325145631068136, 0.5959174757281581, 0.7858252427184459, 1.5323592233009788, 1.8925291262136004, 0.0130970873786394, 0.6614029126213606, 1.2376747572815596, 2.102082524271858, 1.3620970873786504, 1.0805097087378706, 0.13097087378641037, 0.3339757281553429, 1.3882912621359291, 0.9167961165048616, 0.07203398058252215, 0.9691844660194192, 1.7091699029126273, 5.415645631067991, 0.5042378640776715, 0.0327427184465985, 1.0346699029126216, 1.8008495145631138, 0.8185679611650553, 0.44530097087378867, 0.11787378640776551, 0.15716504854368915, 0.9691844660194247, 2.8027766990291423, 0.2161019417475719, 0.03929126213592365, 0.7203398058252434, 1.846689320388357, 0.589368932038833, 0.6941456310679646, 0.37326699029126104, 0.47804368932039265, 2.2788932038835066, 0.7137912621359236, 0.779276699029126, 0.4256553398058296, 2.0038543689320463, 0.5762718446601935, 1.5061650485437, 2.3443786407767147, 0.2946844660194192, 0.5959174757281581, 0.5042378640776769, 0.3798155339805862, 0.9495388349514656, 1.7681067961165153, 1.9318203883495242, 1.211480582524281, 0.2946844660194192, 0.45184951456310835, 0.17026213592233402, 1.080509708737865, 0.01964563106796455, 0.3405242718446571, 1.0215728155339823, 1.2638689320388439, 0.539599999999999, 0.8158238095238045, 0.21840952380952097, 0.2569523809523845, 0.9892666666666637, 0.5588714285714307, 0.9764190476190462, 0.1991380952380945, 0.39185238095238023, 0.9186047619047615, 0.36615714285713963, 0.263376190476188, 0.6231095238095241, 0.7644333333333341, 1.888599999999999, 0.37258095238094846, 1.0085380952380902, 0.2184095238095263, 1.0278095238095222, 0.057814285714289995, 1.605952380952379, 0.4689380952380913, 0.6102619047619066, 0.35330952380952735, 1.381119047619044, 0.4496666666666649, 0.2697999999999968, 0.7451619047619022, 2.6658809523809506, 0.30834285714286036, 2.1005857142857165, 2.441047619047621, 0.21198571428571214, 0.11562857142857463, 1.085623809523812, 0.07708571428571642, 0.08350952380952524, 2.1327047619047605, 0.03211904761904405, 0.21198571428571747, 1.0470809523809483, 0.1991380952380945, 1.7922428571428561, 1.2462190476190431, 1.0535047619047626, 0.6552285714285735, 0.7451619047619076, 1.2076761904761901, 2.1327047619047605, 0.4047000000000032, 0.7901285714285693, 0.16701904761904512, 0.08993333333333405, 1.092047619047621, 0.6745, 0.6616523809523823, 0.5524476190476165, 0.8222476190476187, 0.5460238095238131, 0.8736380952380945, 0.2248333333333351, 0.2826476190476197, 1.117742857142856, 0.8222476190476187, 0.6102619047619066, 1.5288666666666628, 0.5909904761904747, 2.280452380952379, 0.7965523809523835, 0.3468857142857132, 0.5010571428571408, 1.2526428571428518, 1.7601238095238065, 0.7965523809523835, 3.2889904761904747, 0.8993333333333298, 0.5717190476190429, 0.2890714285714286, 0.7708571428571429, 0.6359571428571419, 0.5652952380952341, 0.41112380952380667, 0.46893809523809665, 0.03854285714285286, 0.41754761904761545, 0.629533333333333, 1.6444952380952373, 1.3682714285714264, 0.28264761904761443, 0.5909904761904747, 0.13489999999999572, 2.826476190476192, 1.0342333333333362, 0.5652952380952394, 0.03211904761904405, 1.0984714285714297, 1.0213857142857132, 1.0213857142857132, 1.5288666666666628, 0.21198571428571747, 0.46893809523809665, 0.4239714285714243, 0.051390476190475834, 1.4389333333333287, 0.6616523809523823, 1.5481380952380945, 0.7708571428571429, 0.9699952380952374, 0.9121809523809528, 0.9635714285714286, 1.2911857142857153, 0.8222476190476187, 0.43039523809523844, 0.7772809523809516, 0.0321190476190494, 1.0470809523809537, 1.2654904761904746, 0.5331761904761901, 0.03854285714285821, 0.5460238095238077, 0.7323142857142846, 0.16059523809523632, 0.3147666666666638, 0.6359571428571419, 1.1948285714285725, 0.35973333333333085, 0.8286714285714274, 0.8415190476190505, 0.263376190476188, 0.5524476190476219, 1.5288666666666628, 0.8158238095238045, 0.7258904761904758, 1.2783380952380976, 1.0278095238095222, 0.17986666666666276, 0.8350952380952417, 0.057814285714284645, 0.7580095238095198, 0.7194666666666617, 0.9764190476190462, 1.7344285714285714, 0.11562857142856929, 0.5139047619047638, 0.5074809523809548, 0.5460238095238131, 1.4132380952380934, 0.37900476190475724, 0.9571476190476197, 0.539599999999999, 1.0599285714285716, 0.6552285714285682, 0.28264761904761443, 0.9699952380952374, 0.6102619047619012, 2.241909523809521, 3.1219714285714244, 0.1862904761904769, 0.2697999999999968, 0.14774761904761868, 2.434623809523807, 1.3875428571428527, 0.3468857142857132, 1.5738333333333296, 0.854366666666668, 1.0599285714285716, 0.03211904761904405, 0.7387380952380935, 0.8864857142857121, 0.051390476190475834, 0.33403809523809563, 1.895023809523808, 0.5717190476190429, 0.3404619047619044, 0.22483333333332975, 0.6680761904761913, 0.16059523809523632, 0.39185238095238023, 0.4817857142857143, 0.19271428571428573, 0.37900476190475724, 0.01284761904762297, 0.8286714285714274, 1.6316476190476146, 1.072776190476189, 1.88217619047619, 0.01927142857142643, 0.24410476190476155, 1.4453571428571377, 0.37900476190476257, 0.8286714285714274, 0.9892666666666637, 0.9186047619047615, 0.15417142857142752, 0.2248333333333351, 0.1862904761904769, 0.9057571428571386, 0.9507238095238109, 1.3361523809523825, 1.9078714285714253, 0.2698000000000021, 1.1370142857142824, 0.1220523809523781, 0.37900476190476257, 1.2719142857142838, 1.2911857142857153, 1.059928571428566, 0.9956904761904727, 0.8350952380952363, 0.8800619047619033, 1.0535047619047626, 0.7580095238095198, 1.3875428571428583, 0.8607904761904769, 0.11562857142857463, 1.3104571428571419, 0.08993333333333405, 1.1113190476190473, 0.9699952380952374, 0.4817857142857143, 0.9699952380952374, 0.5139047619047638, 2.1134333333333286, 0.41112380952380667, 1.0213857142857132, 1.7536999999999978, 1.3811190476190494, 2.1712476190476186, 0.10920476190476049, 0.2633761904761933, 1.0342333333333362, 0.49463333333333726, 0.2633761904761933, 2.074890476190476, 0.15417142857142752, 0.49463333333333187, 0.6231095238095241, 0.24410476190476155, 0.29549523809523737, 0.37900476190475724, 0.9571476190476144, 0.7258904761904758, 0.5331761904761901, 1.3425761904761857, 0.14774761904761868, 0.33403809523809563, 0.29549523809523737, 5.736461904761899, 4.766466666666662, 0.15417142857142752, 0.7644333333333286, 1.9978047619047594, 0.6616523809523823, 0.7323142857142846, 0.8094000000000011, 0.8286714285714274, 1.856480952380955, 1.4710523809523781, 0.10278095238095167, 2.4988619047619003, 1.856480952380955, 1.9142952380952394, 0.13489999999999572, 3.8478619047619054, 4.97202857142857, 8.151814285714279, 0.30834285714285503, 4.6251428571428574, 0.6423809523809559, 0.1220523809523781, 4.5223619047619, 1.2140999999999988, 0.1220523809523781, 0.5652952380952341, 0.1862904761904769, 0.9699952380952374, 0.14132380952380985, 1.181980952380955, 0.45609047619047904, 0.8543666666666627, 0.2762238095238056, 5.775004761904758, 0.025695238095240592, 3.7322333333333306, 0.2698000000000021, 1.2397952380952395, 0.539599999999999, 0.10278095238095167, 0.07066190476190762, 0.7644333333333341, 0.937876190476188, 0.5781428571428572, 0.3725809523809538, 0.8350952380952363, 3.3403809523809502, 1.162709523809523, 0.36615714285713963, 0.32761428571428675, 1.3682714285714264, 2.331842857142855, 2.254757142857144, 1.393966666666667, 0.06423809523809346, 1.6894619047619042, 0.01284761904762297, 0.6166857142857101, 1.3618476190476176, 0.263376190476188, 0.7451619047619022, 4.959180952380947, 1.5866809523809526, 0.398276190476189, 1.4068142857142847, 0.3982761904761944, 0.9764190476190462, 1.689461904761899, 0.9828428571428603, 0.0321190476190494, 0.8222476190476187, 0.08993333333333405, 0.09635714285714286, 0.2762238095238056, 0.2633761904761933, 0.4560904761904737, 0.22483333333332975, 0.8029761904761923, 1.567409523809521, 0.802976190476187, 0.43039523809523844, 0.0064238095238088105, 0.6873476190476177, 0.6552285714285682, 0.7837047619047605, 0.6937714285714264, 0.8672142857142857, 0.7258904761904758, 0.6231095238095241, 0.17344285714285929, 1.6380714285714233, 0.06423809523809346, 0.14774761904761868, 0.5203285714285671, 0.6488047619047594, 0.995690476190478, 1.0984714285714243, 0.539599999999999, 1.5609857142857122, 1.5738333333333296, 2.6530333333333327, 0.4496666666666649, 0.4239714285714296, 0.22483333333332975, 0.3468857142857132, 2.0877380952380937, 0.11562857142857463, 1.1755571428571407, 0.23125714285714394, 0.49463333333333726, 1.0021142857142868, 0.0642380952380988, 0.5203285714285725, 1.2783380952380925, 0.7644333333333286, 0.5524476190476165, 1.085623809523812, 0.3276142857142814, 0.6552285714285735, 0.30191904761905153, 1.3746952380952406, 0.8415190476190505, 0.30191904761904614, 0.5909904761904747, 0.30834285714286036, 1.0535047619047626, 1.2654904761904746, 1.162709523809523, 0.23768095238095271, 0.44324285714285605, 0.7130428571428582, 1.6188000000000022, 0.6166857142857101, 1.4068142857142847, 0.3147666666666638, 0.012847619047617621, 0.2762238095238109, 0.14132380952380985, 0.025695238095235242, 0.366157142857145, 0.29549523809523737, 0.01927142857143178, 0.41112380952380667, 0.2762238095238056, 0.5845666666666659, 0.057814285714284645, 0.8350952380952363, 0.5717190476190483, 1.0213857142857132, 0.5781428571428572, 0.8350952380952417, 0.41112380952380667, 0.5139047619047638, 0.9314523809523846, 1.593104761904756, 0.5203285714285671, 0.5588714285714254, 0.539599999999999, 0.15417142857142752, 0.38542857142857145, 0.8607904761904716, 1.5609857142857122, 1.079200000000003, 1.1113190476190473, 0.2697999999999968, 0.37258095238094846, 1.5160190476190503, 0.4368190476190473, 0.23768095238095271, 0.5139047619047638, 1.0021142857142868, 0.5781428571428572, 1.3618476190476176, 1.567409523809521, 0.36615714285713963, 1.7151571428571448, 0.7001952380952406, 1.034233333333331, 0.24410476190476155, 0.6102619047619066, 0.4496666666666702, 1.2333714285714252, 0.5139047619047583, 0.4882095238095231, 0.7130428571428529, 1.124166666666665, 1.4710523809523834, 1.0470809523809483, 1.7922428571428561, 0.16059523809523632, 0.398276190476189, 1.381119047619044, 0.796552380952378, 0.6231095238095241, 0.30834285714286036, 0.5909904761904747, 0.01927142857143178, 0.2762238095238056, 0.6937714285714317, 1.2462190476190431, 1.2847619047619065, 1.3040333333333332, 0.33403809523809563, 0.4496666666666649, 0.4689380952380913, 0.995690476190478, 1.2526428571428518, 1.2654904761904746, 0.5717190476190429, 0.01927142857143178, 1.162709523809523, 1.6123761904761933, 0.6745, 0.7130428571428529, 0.9057571428571386, 1.5738333333333296, 0.16059523809524165, 0.0064238095238088105, 0.8415190476190452, 0.23125714285714394, 0.8286714285714274, 0.15417142857142752, 1.137014285714288, 0.3597333333333362, 1.104895238095233, 0.33403809523809563, 1.5866809523809473, 0.5781428571428572, 0.057814285714289995, 0.7580095238095198, 0.6359571428571419, 1.5031714285714275, 0.9828428571428603, 0.16059523809524165, 1.2269476190476165, 0.5010571428571408, 0.7580095238095251, 0.057814285714284645, 1.3682714285714264, 0.2890714285714286, 0.5460238095238131, 0.0064238095238088105, 0.8864857142857174, 0.5909904761904747, 1.3875428571428527, 0.01927142857143178, 1.6573428571428548, 1.2719142857142838, 1.117742857142856, 1.5095952380952364, 0.4496666666666649, 0.35330952380952735, 0.6166857142857101, 0.17344285714285393, 1.5802571428571386, 0.3468857142857132, 0.353309523809522, 1.477476190476187, 0.14774761904761868, 1.2719142857142838, 0.14132380952380985, 0.7194666666666617, 1.5995285714285703, 0.43039523809523844, 0.7772809523809516, 0.2505285714285704, 0.9764190476190462, 0.1991380952380945, 0.2505285714285704, 0.8800619047619033, 0.9507238095238055, 0.10920476190476583, 0.8350952380952417, 1.0535047619047626, 0.37900476190475724, 0.17344285714285929, 0.16059523809524165, 1.072776190476189, 1.4453571428571428, 1.1562857142857144, 0.8479428571428592, 1.8693285714285723, 0.41112380952380667, 0.0321190476190494, 0.4047000000000032, 2.280452380952379, 0.2890714285714286, 1.0149619047619043, 1.5160190476190452, 0.39185238095238023, 0.4560904761904737, 2.017076190476186, 0.39185238095238023, 0.2505285714285704, 0.6488047619047594, 2.0877380952380937, 1.2526428571428518, 0.9699952380952374, 0.46893809523809665, 0.45609047619047904, 0.11562857142857463, 0.03211904761904405, 0.39185238095238023, 1.072776190476189, 0.5010571428571461, 0.03854285714285286, 0.8672142857142857, 1.2462190476190431, 2.4860142857142824, 0.7901285714285746, 0.41754761904761545, 0.9186047619047615, 0.7001952380952352, 0.04496666666666702, 0.8286714285714274, 1.0470809523809537, 1.9078714285714253, 1.0406571428571396, 0.6038380952380977, 5.62083333333333, 0.20556190476190334, 0.4689380952380913, 0.03854285714285286, 0.7066190476190494, 0.11562857142857463, 0.5267523809523813, 0.1862904761904769, 0.10920476190476049, 0.09635714285714286, 1.650919047619046, 0.5717190476190429, 1.4582047619047604, 1.040657142857145, 6.706457142857137, 0.5781428571428572, 0.07708571428571642, 0.30191904761904614, 0.7837047619047605, 5.775004761904758, 1.6573428571428548, 0.6680761904761913, 0.7837047619047605, 0.5203285714285725, 0.39185238095238023, 0.8029761904761923, 0.6873476190476177, 1.9078714285714253, 0.7772809523809516, 0.37900476190476257, 0.8158238095238045, 0.3276142857142814, 0.057814285714289995, 1.1691333333333318, 0.3725809523809538, 0.04496666666666702, 0.07708571428571642, 5.106928571428567, 6.0833476190476174, 1.0599285714285716, 0.28264761904761443, 1.9014476190476166, 3.9763380952380927, 0.2762238095238056, 1.5738333333333352, 1.650919047619046, 0.937876190476188, 0.9764190476190462, 0.661652380952377, 0.8800619047619033, 0.5139047619047638, 2.4474714285714296, 0.5460238095238077, 1.349, 0.3725809523809538, 2.4217761904761894, 0.10920476190476583, 0.2762238095238109, 0.20556190476190334, 3.4367380952380935, 1.1562857142857088, 0.13489999999999572, 1.5609857142857122, 1.4903238095238098, 0.16059523809523632, 1.7536999999999978, 9.46227142857142, 0.706619047619044, 2.0877380952380937, 1.4967476190476134, 0.5139047619047638, 1.3233047619047646, 3.7515047619047626, 0.15417142857142752, 1.0406571428571396, 1.0149619047619043, 0.44324285714285605, 1.6766142857142867, 0.629533333333333, 0.15417142857142752, 7.310295238095234, 1.0984714285714297, 0.057814285714289995, 0.3404619047619044, 0.5588714285714254, 0.7515857142857164, 0.13490000000000105, 0.2698000000000021, 0.32119047619047264, 7.759961904761899, 0.32119047619047264, 1.239795238095234, 0.7772809523809516, 2.8971380952380947, 0.9956904761904727, 0.5139047619047638, 0.366157142857145, 0.5331761904761901, 0.49463333333333187, 0.1991380952380945, 0.8607904761904769, 1.4068142857142847, 0.8736380952380945, 0.9314523809523793, 0.17344285714285393, 0.17344285714285393, 1.4517809523809515, 0.3468857142857132, 4.15620476190476, 0.5010571428571408, 0.7644333333333286, 1.5095952380952364, 0.1862904761904769, 2.0234999999999945, 2.4474714285714243, 1.9078714285714253, 0.057814285714284645, 3.006342857142855, 0.5331761904761901, 0.661652380952377, 0.0835095238095199, 4.079119047619044, 3.725809523809522, 0.24410476190476155, 1.336152380952377, 0.6102619047619066, 0.5652952380952394, 1.7151571428571397, 0.4239714285714296, 0.6745, 1.580257142857144, 0.23125714285714394, 1.7536999999999978, 0.24410476190476155, 0.17344285714285929, 0.10278095238095167, 1.8693285714285672, 0.29549523809523737, 0.21198571428571747, 0.9635714285714286, 0.49463333333333187, 0.5203285714285671, 0.8286714285714274, 1.8050904761904736, 0.6552285714285682, 0.5460238095238077, 0.2248333333333351, 0.23125714285714394, 0.15417142857142752, 0.14132380952380985, 1.3618476190476176, 1.6380714285714233, 1.1884047619047582, 1.1884047619047637, 0.353309523809522, 0.8222476190476187, 0.5717190476190429, 0.41754761904762083, 1.355423809523809, 0.2248333333333351, 1.181980952380955, 0.14774761904761868, 0.5909904761904747, 1.0021142857142815, 0.2184095238095263, 0.7580095238095251, 1.137014285714288, 1.1948285714285725, 0.9250285714285703, 0.8158238095238098, 0.32761428571428675, 1.2654904761904746, 0.6937714285714264, 0.9892666666666637, 0.8929095238095264, 0.2890714285714286, 0.4239714285714296, 0.9186047619047615, 0.3276142857142814, 3.0705809523809537, 2.107009523809525, 0.6745, 0.9571476190476144, 0.629533333333333, 0.2184095238095263, 0.5331761904761901, 1.1498619047619056, 0.661652380952377, 0.5010571428571408, 0.4496666666666702, 0.8093999999999958, 0.5074809523809495, 0.37900476190476257, 0.7387380952380935, 0.16701904761904512, 0.07708571428571108, 0.057814285714289995, 0.5781428571428572, 0.4817857142857143, 0.32119047619047797, 0.5267523809523813, 0.45609047619047904, 0.25695238095237916, 0.10920476190476583, 0.9250285714285703, 1.5995285714285703, 0.22483333333332975, 0.9314523809523846, 0.8864857142857121, 1.162709523809523, 0.5010571428571408, 0.5139047619047638, 1.2976095238095189, 0.8543666666666627, 1.5031714285714275, 0.0064238095238088105, 0.5139047619047638, 2.4924380952380965, 0.661652380952377, 0.9635714285714286, 1.162709523809523, 0.5074809523809548, 0.9635714285714286, 0.23768095238095271, 0.8543666666666627, 1.1305904761904737, 0.6423809523809506, 0.04496666666666702, 1.0021142857142868, 1.0920476190476154, 0.9314523809523846, 0.47536190476190543, 0.7772809523809516, 0.2569523809523845, 0.6231095238095241, 0.6038380952380923, 1.9464142857142837, 0.9314523809523793, 1.3875428571428527, 0.39185238095238023, 0.44324285714285605, 1.4068142857142847, 0.8158238095238045, 0.2698000000000021, 0.3725809523809538, 0.35330952380952735, 0.9571476190476197, 0.8415190476190452, 0.2633761904761933, 0.30191904761905153, 1.079199999999998, 0.8222476190476187, 1.9528380952380924, 0.539599999999999, 0.09635714285714286, 0.4046999999999979, 1.0535047619047573, 0.5267523809523813, 0.19271428571428573, 1.3104571428571419, 0.3404619047619044, 1.4903238095238045, 0.1862904761904769, 0.057814285714284645, 0.9892666666666691, 1.4903238095238098, 0.44324285714285605, 1.0920476190476154, 0.07708571428571642, 0.9121809523809474, 0.2697999999999968, 1.381119047619044, 1.2397952380952395, 3.211904761904758, 1.7986666666666649, 0.07066190476190762, 0.5074809523809548, 0.7130428571428529, 0.8415190476190505, 0.0, 0.37900476190475724, 0.06423809523809346, 0.8093999999999958, 1.8243619047619055, 0.4239714285714243, 0.5974142857142889, 0.7965523809523835, 0.0064238095238088105, 0.5460238095238131, 1.5224428571428592, 0.057814285714289995, 0.8158238095238098, 0.8993333333333298, 0.14774761904761868, 1.0342333333333362, 0.04496666666666702, 0.5331761904761901, 0.7258904761904758, 1.2462190476190482, 0.8158238095238098, 0.9507238095238109, 0.5203285714285725, 1.5931047619047616, 0.23768095238095271, 1.2140999999999988, 0.4046999999999979, 0.9507238095238055, 0.5652952380952394, 1.9014476190476166, 0.36615714285713963, 0.5074809523809548, 1.5224428571428539, 0.2633761904761933, 0.10278095238095167, 0.9378761904761933, 1.2205238095238076, 1.0663523809523803, 0.23768095238095271, 0.03854285714285286, 2.3061476190476196, 0.8094000000000011, 0.44324285714285605, 1.3104571428571419, 0.8350952380952417, 0.3404619047619044, 0.9635714285714286, 0.2762238095238109, 1.5288666666666628, 0.21840952380952097, 0.01927142857143178, 0.3725809523809538, 0.2248333333333351, 0.6423809523809506, 1.0149619047619043, 0.35973333333333085, 0.8672142857142857, 0.14774761904761868, 0.7837047619047605, 0.3468857142857132, 1.0085380952380902, 0.0064238095238088105, 1.0535047619047626, 1.580257142857144, 0.0064238095238088105, 0.17344285714285393, 0.051390476190475834, 1.29118571428571, 0.47536190476190543, 1.2076761904761901, 1.7858190476190419, 0.23125714285714394, 0.1284761904761869, 0.6359571428571419, 0.6166857142857154, 0.9892666666666637, 1.0535047619047573, 0.8222476190476187, 0.01927142857142643, 1.104895238095233, 0.07708571428571642, 0.14774761904761868, 1.0535047619047573, 0.6873476190476177, 0.982842857142855, 0.6166857142857154, 1.1113190476190473, 1.4903238095238098, 0.6616523809523823, 0.06423809523809346, 0.7708571428571429, 0.3982761904761944, 0.3725809523809538, 1.6766142857142814, 0.9699952380952374, 1.0021142857142868, 0.4625142857142825, 0.5781428571428572, 0.38542857142857145, 0.41754761904762083, 0.43039523809523844, 0.15417142857142752, 0.6680761904761913, 0.03854285714285286, 1.2012523809523814, 0.8479428571428539, 0.8222476190476187, 0.08993333333333405, 1.0470809523809537, 0.6038380952380977, 1.9142952380952394, 1.6380714285714233, 1.4967476190476188, 0.7258904761904758, 1.3939666666666615, 0.9121809523809474, 0.16059523809524165, 0.6552285714285735, 0.7837047619047605, 0.8864857142857121, 0.7001952380952406, 1.3168809523809506, 1.9271428571428573, 1.837209523809523, 0.8800619047619033, 0.2890714285714286, 0.5845666666666659, 0.1991380952380945, 0.5974142857142836, 0.12847619047619224, 0.5460238095238131, 0.7708571428571429, 1.059928571428566, 0.13490000000000105, 0.5331761904761901, 1.0856238095238067, 1.092047619047621, 0.30834285714285503, 1.1434380952380967, 0.854366666666668, 0.22483333333332975, 1.438933333333334, 0.5781428571428572, 0.7451619047619076, 2.049195238095235, 0.4496666666666649, 0.6680761904761913, 0.09635714285714286, 0.17344285714285929, 0.03211904761904405, 0.5139047619047583, 0.7708571428571429, 0.5331761904761901, 0.6616523809523823, 0.9121809523809474, 0.7387380952380935, 0.17344285714285393, 0.9121809523809474, 1.3618476190476176, 0.4560904761904737, 1.175557142857146, 0.057814285714284645, 0.23125714285713858, 2.954952380952379, 0.4817857142857143, 0.2890714285714286, 1.2654904761904746, 0.0642380952380988, 0.45609047619047904, 0.9121809523809528, 0.9121809523809528, 1.0470809523809537, 1.2397952380952395, 0.7965523809523835, 0.23768095238095271, 0.2569523809523845, 0.08993333333333405, 0.2890714285714286, 1.0085380952380956, 0.6166857142857154, 0.8415190476190505, 0.4046999999999979, 0.0321190476190494, 0.32761428571428675, 0.8929095238095264, 0.6552285714285735, 1.092047619047621, 1.3746952380952406, 1.2719142857142889, 1.702309523809522, 0.11562857142857463, 1.1498619047619, 0.6102619047619066, 0.17344285714285929, 0.5074809523809548, 0.7451619047619022, 0.6809238095238088, 0.23125714285714394, 0.49463333333333726, 1.0213857142857132, 0.4560904761904737, 1.3811190476190494, 0.9571476190476144, 3.1155476190476152, 5.158319047619048, 1.3425761904761913, 0.24410476190476155, 1.3233047619047646, 0.30834285714286036, 0.719466666666667, 0.23768095238095271, 1.2847619047619012, 0.30191904761904614, 1.4389333333333287, 0.8993333333333298, 1.2269476190476165, 0.4882095238095231, 0.353309523809522, 0.2248333333333351, 0.01284761904762297, 1.0278095238095222, 4.8307047619047605, 0.3468857142857132, 0.6745, 0.8094000000000011, 0.8929095238095209, 0.9186047619047615, 0.7323142857142846, 0.30834285714286036, 1.9849571428571418, 3.886404761904758, 0.30834285714285503, 1.7536999999999978, 3.025614285714287, 0.38542857142857145, 1.4068142857142847, 0.7772809523809516, 0.41754761904761545, 1.0021142857142868, 0.4046999999999979, 0.7837047619047605, 1.1113190476190473, 2.473166666666665, 1.4068142857142847, 7.862742857142851, 0.03211904761904405, 0.9121809523809474, 1.920719047619043, 0.43039523809523844, 0.4817857142857143, 0.20556190476190334, 0.5139047619047638, 0.5139047619047638, 0.25695238095237916, 0.8093999999999958, 4.104814285714284, 0.8350952380952417, 5.447390476190471, 0.057814285714284645, 1.567409523809521, 0.11562857142856929, 1.605952380952379, 1.1691333333333318, 0.4496666666666649, 0.796552380952378, 0.04496666666666702, 0.9443000000000021, 0.802976190476187, 0.5010571428571461, 0.46893809523809665, 1.0278095238095222, 0.5845666666666659, 1.3233047619047595, 0.539599999999999, 1.747276190476189, 0.16701904761904512, 1.0663523809523803, 3.828590476190474, 0.4046999999999979, 0.07708571428571642, 1.3040333333333332, 2.755814285714284, 0.37900476190475724, 0.32119047619047264, 1.079199999999998, 1.8821761904761847, 0.057814285714284645, 2.942104761904761, 0.3147666666666692, 1.0984714285714297, 1.3233047619047646, 0.04496666666666702, 0.5460238095238077, 0.10278095238095167, 1.1305904761904788, 0.7323142857142846, 0.5331761904761901, 1.1498619047619, 0.263376190476188, 0.23125714285713858, 5.261099999999999, 0.30834285714286036, 0.539599999999999, 0.8158238095238098, 0.33403809523809563, 0.8543666666666627, 0.8929095238095209, 0.6616523809523823, 0.44324285714285605, 1.933566666666666, 0.0642380952380988, 1.5866809523809473, 0.10278095238095167, 1.3425761904761913, 0.6038380952380977, 1.1691333333333318, 0.5652952380952341, 0.5845666666666659, 0.5139047619047583, 0.6745, 0.6680761904761913, 1.5995285714285703, 0.01284761904762297, 1.3425761904761913, 1.7601238095238065, 0.8672142857142857, 0.14132380952380985, 0.4239714285714296, 1.6444952380952373, 0.7772809523809516, 1.6830380952380954, 0.353309523809522, 0.25695238095237916, 1.2933073394495473, 1.676967889908263, 0.17326605504587364, 0.2660871559633052, 0.16707798165137375, 0.4702935779816526, 0.02475229357798416, 2.2277064220183576, 0.4579174311926631, 2.258646788990831, 1.7450366972477103, 0.17326605504587364, 0.2722752293577999, 0.0742568807339473, 0.5445504587155947, 0.8044495412844053, 0.030940366972478907, 0.21039449541284216, 0.7858853211009209, 0.7363807339449578, 1.0643486238532156, 0.018564220183489404, 0.5631146788990842, 0.7549449541284421, 0.6930642201834893, 0.030940366972478907, 0.42697706422018417, 1.7636009174311997, 0.8848944954128473, 0.8230137614678946, 0.7611330275229368, 1.9121146788990893, 1.540830275229363, 2.023500000000005, 0.11757339449541057, 0.2846513761467894, 2.537110091743126, 0.35272018348623685, 0.9096467889908314, 0.42697706422018417, 0.5507385321100947, 0.25371100917431055, 2.1163211009174367, 0.32796788990825787, 0.8972706422018368, 0.6497477064220211, 2.0173119266055104, 0.8106376146788999, 0.02475229357798416, 1.2623669724770683, 1.3118715596330315, 0.6745000000000052, 0.866330275229363, 3.496261467889921, 1.707908256880742, 0.5940550458715631, 0.9529633027522998, 2.2895871559633103, 0.42078899082568944, 1.3985045871559683, 0.09282110091743158, 0.9653394495412843, 0.030940366972478907, 0.4455412844036684, 0.4393532110091737, 0.36509633027523153, 0.6064311926605526, 0.624995412844042, 0.1485137614678895, 0.42078899082568944, 0.4641055045871579, 0.42078899082568944, 0.32796788990825787, 1.2004862385321107, 0.12994954128440522, 0.030940366972473755, 1.2314266055045946, 0.32177981651376314, 0.9158348623853262, 1.404692660550463, 0.3465321100917473, 1.3861284403669787, 1.6522155963302838, 1.0395963302752316, 0.12376146788990533, 0.03712844036697365, 2.493793577981658, 0.20420642201835254, 1.2871192660550472, 1.2190504587155997, 0.22277064220183682, 0.6064311926605526, 0.43935321100917885, 1.0643486238532156, 0.3403440366972474, 1.268555045871563, 0.5445504587155947, 0.6002431192660578, 0.6992522935779841, 1.6088990825688156, 0.35272018348623685, 0.624995412844042, 0.2784633027522947, 0.3589082568807368, 0.5878669724770683, 0.5631146788990842, 0.9405871559633052, 1.3551880733944999, 1.4541972477064262, 0.3960366972477053, 1.732660550458721, 0.8539541284403683, 1.3923165137614735, 0.5197981651376158, 1.3118715596330315, 0.061880733944952665, 0.513610091743121, 1.2252385321100947, 0.8106376146789052, 0.09282110091743158, 0.8972706422018368, 0.9405871559633052, 0.5754908256880736, 1.0952889908256946, 2.246270642201842, 0.6621238532110105, 2.3638440366972575, 1.0457844036697261, 0.12994954128440522, 1.8440458715596368, 0.6002431192660578, 1.6336513761467948, 1.5470183486238578, 1.1942981651376208, 0.3836605504587158, 0.030940366972473755, 0.012376146788989502, 1.0952889908256946, 0.4950458715596316, 0.6806880733944999, 1.1695458715596367, 0.1794541284403684, 2.2833990825688155, 0.018564220183489404, 0.13613761467889995, 1.2994954128440421, 2.159637614678905, 1.243802752293584, 1.324247706422021, 2.753692660550468, 1.2004862385321107, 0.8415779816513789, 2.3452798165137683, 0.0, 1.3118715596330315, 0.5259862385321105, 0.6992522935779841, 0.2351467889908263, 0.31559174311926835, 1.243802752293584, 0.9034587155963316, 0.9282110091743158, 1.8873623853211052, 0.6745, 0.0, 0.2784633027522947, 1.3861284403669738, 1.0891009174311947, 1.8811743119266104, 0.9653394495412894, 0.9343990825688104, 1.6522155963302838, 2.4504770642201943, 0.6992522935779841, 0.2598990825688053, 0.8353899082568842, 0.7611330275229368, 0.3836605504587158, 0.42697706422018417, 0.11138532110092098, 0.29083944954128416, 1.002467889908258, 0.4455412844036684, 0.8044495412844053, 0.1485137614678895, 0.513610091743121, 0.5631146788990842, 0.7796972477064211, 1.293307339449542, 1.5903348623853262, 0.4579174311926631, 0.2103944954128473, 0.2784633027522947, 0.9343990825688104, 1.3180596330275263, 1.1200412844036736, 0.3032155963302789, 0.8106376146788999, 0.29083944954128416, 0.19801834862385265, 0.37747247706422105, 1.6274633027522998, 0.04950458715596316, 0.22277064220183682, 0.9839036697247736, 1.2066743119266103, 1.0891009174311947, 0.6497477064220211, 2.2524587155963367, 0.9962798165137632, 1.1076651376146789, 0.3403440366972474, 0.5631146788990842, 1.2128623853211051, 1.0457844036697315, 0.5259862385321105, 0.7363807339449578, 1.5903348623853262, 0.8725183486238578, 0.3094036697247736, 2.159637614678905, 0.22895871559633155, 2.4195366972477155, 0.10519724770642108, 1.0334082568807368, 1.5779587155963366, 1.3675642201834892, 0.41460091743119465, 0.8663302752293579, 0.3712844036697263, 0.6992522935779841, 1.9863715596330316, 0.5259862385321105, 1.7512247706422104, 1.757412844036705, 0.6992522935779841, 0.5321743119266052, 1.0457844036697315, 1.3923165137614735, 0.624995412844042, 0.49504587155963675, 0.38984862385321567, 0.6126192660550474, 2.0420642201834944, 1.1942981651376208, 0.35890825688073164, 0.018564220183484255, 0.17326605504587364, 0.006188073394494751, 0.03712844036697365, 0.17326605504587364, 0.08044495412844208, 0.513610091743121, 0.6497477064220211, 1.0581605504587157, 0.012376146788989502, 0.9467752293577999, 0.4022247706422052, 2.240082568807347, 1.9678073394495472, 1.9306788990825734, 0.5631146788990842, 1.1571697247706472, 0.38984862385321567, 0.48885779816514197, 0.012376146788989502, 0.3341559633027526, 0.8292018348623893, 0.11138532110092098, 0.16707798165137375, 0.5383623853211, 0.3403440366972474, 0.6745000000000052, 0.42697706422018417, 0.4084128440366999, 0.18564220183486316, 0.42697706422018417, 0.11138532110091583, 1.2871192660550526, 0.2475229357798158, 0.4084128440366999, 0.9158348623853211, 1.6460275229357841, 0.6373715596330314, 0.04331651376146841, 0.7920733944954157, 1.5903348623853262, 1.0643486238532156, 0.7363807339449578, 0.8477660550458737, 0.4455412844036684, 1.0210321100917472, 0.4579174311926631, 0.12994954128440522, 0.024752293577979003, 0.8477660550458737, 0.5383623853211, 0.6002431192660578, 0.36509633027523153, 1.0086559633027525, 2.357655963302763, 0.5754908256880736, 0.48266972477064723, 1.565582568807342, 0.1423256880733947, 0.12376146788990533, 1.5346422018348682, 0.1423256880733947, 0.866330275229363, 1.4418211009174369, 0.5445504587155998, 0.018564220183489404, 0.9529633027522998, 0.24133486238532106, 1.1200412844036736, 0.2846513761467894, 2.4195366972477155, 0.12376146788990533, 0.9343990825688104, 0.6683119266055052, 1.4418211009174369, 0.7487568807339473, 0.6497477064220211, 1.2128623853211051, 0.2970275229357841, 0.32796788990825787, 1.2809311926605575, 0.4579174311926631, 1.4170688073394526, 1.2561788990825737, 1.8997385321101, 0.8477660550458737, 0.7178165137614684, 1.4851376146789053, 0.11757339449541573, 1.324247706422021, 0.3712844036697263, 0.7858853211009209, 0.5012339449541315, 0.0742568807339473, 0.4950458715596316, 0.5383623853211051, 3.0383440366972576, 0.624995412844042, 1.181922018348626, 2.209142201834868, 0.6435596330275263, 0.32177981651376314, 0.7735091743119314, 0.513610091743121, 0.8848944954128473, 2.184389908256884, 0.3589082568807368, 0.018564220183489404, 0.9529633027522998, 0.624995412844042, 0.8292018348623893, 0.5631146788990842, 0.6992522935779841, 0.061880733944957814, 1.2871192660550472, 0.5445504587155998, 0.8106376146788999, 0.9962798165137632, 2.048252293577989, 0.4950458715596316, 0.3836605504587158, 1.058160550458721, 0.3960366972477053, 1.3985045871559683, 0.5754908256880736, 0.624995412844042, 0.5445504587155998, 1.4975137614678946, 1.0829128440367, 1.1695458715596367, 1.5593944954128471, 0.4084128440366999, 0.09282110091743158, 0.5816788990825736, 0.6745000000000052, 1.7388486238532157, 0.44554128440367363, 0.29083944954128416, 0.43316513761467895, 3.168293577981663, 0.030940366972478907, 0.866330275229363, 0.9653394495412843, 1.2994954128440421, 1.1695458715596367, 1.7636009174311997, 0.7240045871559683, 0.8044495412844053, 1.373752293577984, 0.1794541284403684, 0.49504587155963675, 0.5631146788990842, 0.5074220183486262, 1.1447935779816578, 0.47648165137614734, 1.5655825688073473, 1.1200412844036736, 0.7116284403669737, 2.815573394495421, 1.0952889908256946, 0.9220229357798209, 1.1447935779816525, 0.024752293577979003, 0.7549449541284421, 1.058160550458721, 1.0643486238532156, 0.8910825688073419, 0.3836605504587158, 0.030940366972473755, 1.2499908256880787, 0.04331651376146841, 1.1881100917431209, 1.0952889908256895, 1.2499908256880787, 0.43316513761467895, 0.13613761467889995, 1.8626100917431263, 1.0395963302752316, 1.3613761467889947, 0.5878669724770632, 0.3094036697247685, 0.9715275229357841, 0.7178165137614684, 0.7673211009174368, 0.2660871559633, 0.11138532110092098, 0.7178165137614684, 0.9467752293577999, 1.6027110091743157, 1.1509816513761473, 0.3032155963302789, 0.5012339449541315, 0.5754908256880736, 1.2747431192660579, 0.7735091743119263, 0.12376146788991048, 0.5445504587155998, 0.08663302752293682, 0.10519724770642108, 3.892298165137626, 0.06806880733945256, 1.2128623853211051, 0.31559174311926835, 2.3143394495412943, 0.8415779816513789, 0.11757339449541573, 0.3465321100917421, 0.49504587155963675, 0.9034587155963367, 1.7450366972477103, 0.9591513761467947, 0.8601422018348683, 1.1881100917431209, 0.8415779816513789, 0.5074220183486262, 0.15470183486238426, 0.22895871559633155, 0.7240045871559632, 1.7574128440366998, 0.6002431192660578, 0.6311834862385316, 1.0148440366972473, 0.6002431192660578, 0.09900917431192632, 0.7920733944954157, 0.018564220183489404, 0.5816788990825683, 0.2660871559633052, 0.08663302752293682, 0.47648165137614734, 0.03712844036697365, 0.4393532110091737, 0.36509633027523153, 2.060628440366979, 0.44554128440367363, 0.4084128440366999, 2.6113669724770734, 1.1014770642201894, 1.4541972477064262, 0.2722752293577999, 0.5507385321100947, 0.3403440366972474, 0.4517293577981632, 0.5940550458715631, 0.030940366972478907, 0.024752293577979003, 0.9591513761467895, 0.8601422018348683, 0.35272018348623685, 0.3403440366972474, 0.7178165137614736, 0.0742568807339473, 1.0705366972477104, 0.42078899082568944, 0.9777155963302788, 2.178201834862395, 0.4950458715596316, 0.12994954128440522, 1.1447935779816578, 0.9962798165137632, 0.3836605504587158, 0.9096467889908263, 0.6373715596330263, 1.1014770642201894, 0.6992522935779841, 0.9034587155963316, 1.3551880733944999, 1.3799403669724841, 1.1386055045871577, 1.1138532110091788, 0.6126192660550474, 0.8787064220183525, 0.5012339449541315, 0.2846513761467894, 1.3923165137614735, 0.8415779816513789, 0.2660871559633, 0.32177981651376314, 0.48885779816514197, 0.5507385321100947, 0.5321743119266052, 0.42078899082568944, 0.45172935779816836, 1.6027110091743157, 0.4641055045871579, 0.9096467889908314, 1.1571697247706472, 0.37747247706422105, 0.5816788990825683, 0.3836605504587158, 0.47648165137614734, 0.1918302752293579, 1.5346422018348682, 0.5074220183486262, 0.9096467889908314, 0.35272018348624207, 1.1200412844036736, 0.20420642201835254, 0.5816788990825683, 1.6955321100917473, 1.181922018348626, 0.2042064220183474, 1.0210321100917472, 0.061880733944957814, 0.4702935779816526, 0.17326605504587364, 0.1423256880733947, 0.3032155963302789, 0.3836605504587158, 0.6683119266055052, 0.8972706422018368, 0.5445504587155998, 1.1695458715596367, 0.3712844036697263, 0.2970275229357841, 1.2809311926605527, 0.48885779816514197, 0.9158348623853211, 0.8292018348623893, 1.3366238532110104, 0.1423256880733947, 1.163357798165142, 0.17326605504587364, 1.3675642201834892, 0.1423256880733947, 1.5532064220183524, 0.9962798165137632, 0.4702935779816526, 0.6373715596330263, 1.0643486238532156, 0.4702935779816526, 1.5593944954128525, 1.324247706422021, 4.59155045871561, 0.03712844036697365, 1.7759770642201893, 0.35272018348624207, 0.9777155963302788, 1.5965229357798207, 1.707908256880742, 0.36509633027523153, 0.3836605504587158, 0.8353899082568842, 0.7796972477064211, 0.6992522935779841, 0.3341559633027526, 0.03712844036697365, 0.3403440366972474, 0.7363807339449578, 1.0334082568807368, 0.9653394495412894, 0.48885779816514197, 0.6930642201834893, 0.8415779816513789, 0.8477660550458737, 0.07425688073394217, 0.7920733944954157, 1.1200412844036736, 2.035876146789, 0.3403440366972474, 0.38984862385321567, 7.240045871559657, 0.8848944954128473, 1.4294449541284422, 0.5197981651376158, 0.04331651376146841, 1.7883532110091787, 4.090316513761484, 0.866330275229363, 0.18564220183486316, 0.6745000000000052, 0.4579174311926631, 1.2252385321100947, 1.1262293577981684, 0.3589082568807368, 0.45172935779816836, 0.9405871559633052, 0.04950458715596316, 0.8168256880733947, 0.22277064220183682, 0.2351467889908263, 0.22277064220183682, 0.7796972477064211, 0.3341559633027526, 0.3836605504587158, 0.9777155963302788, 3.304431192660563, 0.09282110091743158, 1.0643486238532156, 1.3056834862385367, 1.6707798165137684, 0.09900917431192632, 1.6027110091743157, 0.2970275229357841, 1.2871192660550472, 0.5074220183486262, 0.1794541284403684, 0.6621238532110105, 1.002467889908263, 0.5569266055045894, 0.8477660550458737, 0.9282110091743158, 0.5197981651376158, 0.35272018348623685, 0.37747247706422105, 0.5321743119266104, 1.3304357798165156, 0.12994954128440522, 0.2351467889908263, 1.2252385321100947, 0.2784633027522947, 0.7054403669724788, 0.35272018348624207, 0.9158348623853211, 1.0705366972477104, 0.41460091743119465, 0.8972706422018368, 0.006188073394494751, 0.5383623853211, 0.2784633027522947, 0.9220229357798209, 1.2561788990825737, 0.3960366972477053, 0.7054403669724788, 0.012376146788989502, 5.8786697247706625, 0.2660871559633, 0.9405871559633052, 0.3341559633027526, 0.5693027522935789, 5.723967889908278, 0.13613761467889995, 5.216545871559653, 1.4975137614678946, 3.2054220183486364, 0.9653394495412843, 4.251206422018363, 2.1967660550458787, 1.5593944954128525, 1.373752293577984, 0.06806880733945256, 3.5519541284403786, 1.7821651376146839, 0.4393532110091737, 0.2537110091743157, 0.7611330275229368, 0.2784633027522947, 1.2499908256880787, 0.09900917431192632, 2.9888394495412944, 0.7301926605504578, 1.0086559633027525, 0.8044495412844053, 0.3465321100917473, 0.1423256880733947, 0.9591513761467895, 0.3589082568807368, 0.9591513761467947, 1.027220183486242, 1.8440458715596368, 0.22895871559633155, 0.9096467889908263, 4.2017018348624, 1.293307339449542, 0.1918302752293579, 1.1509816513761526, 0.8292018348623893, 0.44554128440367363, 0.006188073394494751, 0.7116284403669737, 0.7301926605504578, 0.9715275229357841, 0.5259862385321105, 1.0643486238532156, 0.22277064220183682, 1.2066743119266103, 0.061880733944957814, 1.7388486238532157, 0.9529633027522947, 1.0334082568807368, 0.44554128440367363, 2.4257247706422103, 0.7673211009174368, 0.19801834862385265, 1.4294449541284422, 0.4950458715596316, 1.404692660550463, 1.751224770642205, 0.9282110091743158, 0.7920733944954157, 1.4975137614678946, 0.6868761467889896, 2.029688073394505, 1.4975137614678946, 1.0148440366972473, 1.4913256880733998, 0.36509633027523153, 0.49504587155963675, 0.2660871559633052, 1.5346422018348682, 0.6992522935779841, 0.7363807339449578, 0.5878669724770632, 0.04950458715596316, 1.330435779816521, 0.7301926605504631, 0.3712844036697263, 0.3836605504587158, 3.8242293577981785, 1.2128623853211051, 0.6064311926605526, 0.2846513761467894, 0.12994954128440522, 0.9962798165137632, 0.8477660550458737, 0.6002431192660578, 0.7611330275229368, 0.16088990825688415, 0.1485137614678895, 0.48266972477064723, 0.8787064220183525, 1.7140963302752315, 0.018564220183489404, 0.6373715596330263, 0.35272018348624207, 1.1571697247706472, 0.15470183486238426, 1.7821651376146839, 0.11138532110091583, 1.6336513761467948, 1.9059266055045945, 1.0705366972477104, 1.2871192660550526, 0.9777155963302788, 0.8972706422018368, 2.054440366972484, 0.32796788990825787, 0.5816788990825683, 1.429444954128447, 0.25371100917431055, 0.018564220183484255, 0.7673211009174316, 0.42078899082568944, 0.5074220183486262, 0.8663302752293579, 0.9839036697247736, 1.7202844036697313, 0.29083944954128416, 2.56186238532111, 0.7178165137614684, 1.0086559633027525, 0.3465321100917421, 0.6188073394495421, 0.6126192660550474, 0.8787064220183525, 0.13613761467889995, 1.2190504587155997, 0.29083944954128416, 0.7240045871559632, 0.1485137614678895, 0.6745000000000052, 0.21658256880734206, 0.4022247706422052, 0.6311834862385367, 1.4975137614678946, 0.6126192660550474, 0.3032155963302789, 0.5816788990825736, 0.22895871559633155, 0.4455412844036684, 0.9653394495412843, 1.1200412844036736, 0.7363807339449578, 0.297027522935779, 0.3094036697247736, 0.32796788990825787, 1.5841467889908314, 0.024752293577979003, 0.9034587155963316, 0.04950458715596316, 0.5074220183486262, 0.9962798165137632, 0.12376146788990533, 1.4232568807339474, 1.4913256880733998, 0.19801834862385265, 1.8626100917431263, 1.4232568807339474, 0.6745, 0.6188073394495421, 1.0148440366972524, 0.6497477064220211, 0.25989908256881045, 1.0210321100917472, 0.006188073394494751, 1.4541972477064262, 0.2103944954128473, 0.4579174311926631, 0.3032155963302789, 0.4084128440366999, 1.751224770642205, 1.051972477064221, 0.7549449541284421, 0.20420642201835254, 0.8539541284403683, 0.36509633027523153, 0.13613761467889995, 0.2722752293577999, 0.2846513761467894, 1.2809311926605527, 2.0358761467889948, 0.4517293577981632, 0.2351467889908263, 0.5445504587155947, 0.2351467889908263, 1.9863715596330316, 0.31559174311926835, 0.19801834862385265, 0.7920733944954157, 0.5754908256880736, 1.324247706422021, 0.09282110091743158, 1.1509816513761526, 0.37747247706422105, 1.0705366972477104, 0.15470183486238426, 0.3836605504587158, 0.2784633027522947, 1.5037018348623894, 0.29083944954128416, 0.8415779816513789, 1.2809311926605527, 0.5507385321100947, 0.8415779816513789, 0.7796972477064262, 0.6930642201834893, 0.05569266055045791, 0.6868761467889947, 0.3094036697247685, 0.43316513761467895, 0.43316513761467895, 1.7821651376146839, 0.04331651376146841, 1.1881100917431262, 0.5631146788990842, 0.6745000000000052, 1.7450366972477103, 1.1509816513761526, 1.1262293577981684, 1.0705366972477104, 1.0334082568807368, 0.13613761467889995, 0.2598990825688053, 0.22277064220183682, 1.813105504587163, 0.25989908256881045, 0.018564220183489404, 0.7487568807339473, 0.4702935779816526, 1.051972477064221, 0.6064311926605526, 0.09282110091743158, 0.3094036697247685, 2.0296880733945, 0.297027522935779, 0.6745, 1.7636009174311997, 0.6188073394495421, 1.0705366972477104, 0.0, 0.18564220183486316, 2.462853211009184, 1.8007293577981685, 0.4084128440366999, 0.17326605504587364, 0.3465321100917473, 0.9405871559633052, 0.4022247706422052, 1.2747431192660579, 0.3712844036697263, 0.21658256880734206, 0.3960366972477053, 1.027220183486242, 0.4641055045871579, 1.3861284403669738, 0.4455412844036684, 0.160889908256879, 0.7982614678899104, 0.6188073394495421, 0.5445504587155998, 0.7116284403669737, 1.5037018348623894, 5.321743119266073, 6.936830275229378, 0.2165825688073369, 1.0086559633027525, 1.5841467889908314, 0.09282110091743158, 1.027220183486242, 0.4517293577981632, 1.819293577981658, 0.43316513761467895, 0.5259862385321105, 1.3861284403669738, 0.1423256880733947, 0.3836605504587158, 1.4541972477064262, 1.027220183486242, 0.7796972477064211, 1.1324174311926631, 0.2722752293577999, 0.5878669724770632, 1.1200412844036736, 0.8415779816513789, 0.8353899082568842, 0.5693027522935789, 0.42697706422018417, 1.051972477064221, 1.3861284403669787, 0.48885779816513686, 0.2598990825688053, 0.08663302752293682, 0.030940366972473755, 0.8168256880733998, 2.004935779816521, 0.37747247706422105, 0.1794541284403684, 0.22895871559633155, 0.2537110091743157, 0.7116284403669737, 1.0643486238532156, 0.17326605504587364, 1.1695458715596367, 0.06806880733945256, 0.1485137614678895, 0.5569266055045894, 1.1571697247706472, 0.25371100917431055, 0.22895871559633155, 1.3366238532110104, 0.38984862385321567, 0.8044495412844053, 0.8353899082568842, 0.624995412844042, 0.2165825688073369, 0.1670779816513789, 0.7363807339449578, 1.3799403669724841, 0.7611330275229368, 0.13613761467889995, 0.5878669724770632, 0.05569266055045791, 1.1757339449541315, 0.3960366972477053, 0.10519724770642108, 0.8787064220183525, 0.02475229357798416, 3.64477522935781, 0.11757339449541057, 0.6126192660550474, 1.0086559633027576, 2.1163211009174367, 0.2660871559633052, 1.7697889908256945, 0.1918302752293579, 0.9282110091743158, 0.2103944954128473, 1.6212752293577999, 0.24133486238532106, 0.1794541284403684, 1.943055045871563, 0.5754908256880736, 1.676967889908263, 0.06806880733945256, 1.6955321100917473, 0.5631146788990842, 0.5878669724770632, 2.1163211009174367, 1.460385321100921, 0.08663302752293682, 0.030940366972478907, 0.3403440366972474, 1.0334082568807368, 0.8539541284403683, 0.4084128440366999, 3.669527522935794, 1.4975137614678946, 1.101477064220184, 0.3465321100917473, 2.159637614678905, 0.5631146788990842, 0.32796788990825787, 1.6150871559633053, 1.8007293577981685, 1.1695458715596367, 5.668275229357815, 0.8106376146789052, 1.6460275229357841, 1.8564220183486315, 0.3960366972477104, 1.1262293577981684, 1.2252385321100947, 2.258646788990831, 1.330435779816521, 4.412096330275242, 0.7673211009174316, 0.018564220183484255, 1.4727614678899104, 0.7611330275229368, 1.6831559633027577, 4.077940366972489, 0.7178165137614736, 0.4579174311926631, 0.8044495412844053, 0.38984862385321056, 1.9059266055045945, 1.7202844036697313, 1.6955321100917473, 0.012376146788989502, 1.4975137614678946, 0.02475229357798416, 0.5569266055045894, 0.012376146788989502, 0.1794541284403684, 0.624995412844042, 0.43316513761467895, 0.6126192660550474, 0.7611330275229368, 0.29083944954128416, 0.11757339449541057, 0.5197981651376158, 0.3094036697247736, 1.2871192660550472, 0.5445504587155998, 0.48266972477064213, 1.6336513761467948, 0.07425688073394217, 1.6645917431192683, 0.5631146788990842, 0.15470183486238426, 0.21039449541284216, 1.0395963302752316, 2.0173119266055104, 2.3638440366972575, 1.460385321100921, 0.012376146788989502, 1.2066743119266103, 1.0829128440367, 0.4579174311926631, 0.1423256880733947, 0.1485137614678895, 0.17326605504587364, 0.35272018348623685, 0.6064311926605526, 1.3118715596330315, 0.9282110091743158, 0.5569266055045894, 0.22277064220183682, 0.3960366972477104, 0.25989908256881045, 1.2128623853211051, 0.3341559633027526, 1.7883532110091787, 1.7636009174311997, 1.5222660550458735, 0.7735091743119314, 0.43316513761467895, 1.4913256880733998, 0.9096467889908314, 1.349000000000005, 0.9715275229357841, 0.3465321100917421, 0.4084128440366999, 0.24133486238532106, 0.513610091743121, 0.4950458715596316, 0.5878669724770683, 0.6373715596330314, 1.8873623853211103, 0.2970275229357841, 0.2970275229357841, 1.1138532110091788, 5.3774357798165315, 0.8972706422018368, 0.7054403669724788, 0.2042064220183474, 0.8663302752293579, 0.5631146788990842, 0.2103944954128473, 0.17326605504587364, 0.3341559633027526, 0.12994954128440522, 0.4702935779816526, 0.7240045871559632, 1.2128623853211051, 0.5754908256880736, 0.5383623853211, 1.002467889908263, 0.5507385321100947, 0.19801834862385265, 0.8168256880733947, 0.5445504587155947, 0.16088990825688415, 0.3403440366972474, 0.7487568807339473, 0.15470183486238426, 5.563077981651395, 0.35890825688073164, 1.7759770642201893, 1.181922018348626, 0.5631146788990842, 1.2245776699029203, 0.43220388349514927, 1.0019271844660231, 0.5173349514563162, 0.9495388349514602, 0.7530825242718473, 0.1899077669902931, 2.1348252427184566, 0.9233446601941759, 0.7006941747572842, 0.7596310679611724, 0.2095533980582522, 1.2311262135922398, 0.523883495145636, 0.06548543689320245, 1.1852864077669967, 0.8316650485436946, 0.8513106796116537, 2.0889854368932133, 0.058936893203882755, 1.794300970873794, 0.45839805825242813, 0.9757330097087443, 1.584747572815542, 2.0824368932038935, 0.6679514563106858, 0.7530825242718473, 0.0, 0.1899077669902931, 1.0870582524271901, 0.13751941747573004, 0.8644077669902985, 0.844762135922334, 0.962635922330105, 0.6024660194174778, 0.81201941747573, 0.13751941747573004, 0.2815873786407798, 0.8382135922330143, 0.31433009708738374, 0.26194174757281524, 0.0916796116504867, 0.2881359223300995, 1.1263495145631137, 0.6941456310679646, 1.440679611650492, 0.6155631067961227, 1.250771844660199, 0.3405242718446626, 1.0215728155339823, 0.5173349514563108, 0.15716504854368915, 0.9822815533980641, 0.792373786407771, 0.9822815533980641, 0.576271844660199, 0.3405242718446626, 0.0261941747572788, 1.3751941747572898, 2.9075533980582686, 0.25539320388349557, 1.198383495145636, 1.4734223300970961, 0.37326699029126104, 1.499616504854375, 0.43220388349514927, 1.1394466019417533, 1.3620970873786449, 1.4472281553398119, 0.3339757281553429, 0.7858252427184513, 0.654854368932041, 0.7006941747572842, 0.8775048543689379, 0.8054708737864104, 0.8185679611650553, 0.0196456310679591, 1.3948398058252487, 0.5500776699029147, 0.6024660194174778, 0.1244223300970852, 0.45839805825242813, 0.8644077669902931, 1.4734223300970961, 0.13751941747573004, 0.0065485436893197, 0.0261941747572788, 0.0130970873786394, 0.6875970873786449, 1.1001553398058295, 1.9252718446602046, 1.3293543689320464, 1.5651019417475773, 0.7006941747572842, 0.792373786407771, 0.5762718446601935, 1.5520048543689433, 0.268490291262135, 1.211480582524281, 2.5408349514563215, 1.0805097087378706, 0.9626359223300995, 0.0065485436893197, 0.2684902912621404, 0.5893689320388384, 0.6875970873786449, 0.7858252427184513, 0.24884466019417587, 0.0327427184465985, 0.5107864077669911, 0.07203398058252215, 0.5631747572815542, 0.2815873786407798, 0.24229611650485616, 0.0916796116504867, 1.1263495145631137, 0.7006941747572842, 0.1047766990291261, 0.8120194174757356, 0.25539320388349557, 1.4734223300970961, 1.859786407767002, 1.584747572815542, 0.39291262135922567, 0.2161019417475719, 0.35362135922330196, 1.6436844660194245, 0.9167961165048563, 1.8532378640776768, 0.41910679611650986, 1.7746553398058351, 0.5435291262135951, 0.49768932038835173, 2.3116359223301104, 0.14406796116504975, 0.8709563106796128, 0.1244223300970852, 0.03929126213592365, 0.3274271844660232, 0.39291262135922567, 0.6614029126213606, 0.4256553398058241, 0.7465339805825275, 0.6679514563106803, 0.9102475728155364, 0.06548543689320245, 0.7530825242718473, 0.3274271844660232, 0.12442233009709067, 0.9167961165048563, 1.7222669902912717, 0.6221116504854424, 0.24229611650485616, 1.3424514563106857, 0.929893203883501, 1.6829757281553481, 1.5912961165048616, 0.09822815533980642, 0.6614029126213661, 1.0805097087378706, 0.30778155339805857, 0.5697233009708739, 0.25539320388349557, 0.4256553398058241, 0.0065485436893197, 0.24229611650485616, 0.32742718446601776, 0.3012330097087389, 0.07858252427184186, 0.2030048543689325, 1.1328980582524335, 1.0870582524271901, 1.7877524271844745, 1.2573203883495185, 0.6417572815534014, 0.09822815533980642, 1.3686456310679644, 1.0215728155339823, 0.6417572815534014, 1.4603252427184568, 0.6679514563106858, 0.6352087378640817, 0.7727281553398063, 0.2357475728155365, 1.0281213592233074, 0.32087864077669803, 0.8513106796116537, 0.406009708737865, 1.3162572815534068, 0.4125582524271902, 0.5828203883495188, 1.7091699029126324, 0.30778155339805857, 0.844762135922334, 0.11132524271844581, 0.43220388349514927, 0.3012330097087389, 0.7661796116504921, 0.24884466019417587, 0.7727281553398118, 0.3470728155339823, 0.24229611650485616, 0.3208786407767035, 1.7026213592233075, 0.11132524271844581, 0.22265048543689162, 0.2030048543689325, 0.0130970873786394, 1.4472281553398119, 0.39291262135922567, 0.6614029126213606, 2.4033155339805967, 0.05238834951456305, 0.3339757281553429, 1.1918349514563162, 1.3948398058252487, 0.3667184466019468, 1.1918349514563162, 0.9888300970873838, 0.2881359223300995, 0.7858252427184513, 1.4341310679611725, 1.008475728155343, 1.2638689320388439, 1.3555485436893304, 0.8644077669902985, 0.9888300970873838, 0.8185679611650553, 0.471495145631073, 0.6745000000000054, 1.6174902912621458, 0.11787378640777095, 1.0281213592233074, 0.2357475728155365, 1.5323592233009788, 1.3882912621359291, 0.5959174757281581, 1.5978446601941814, 1.1525436893203926, 1.453776699029137, 0.6679514563106803, 0.2030048543689325, 0.9364417475728207, 0.8709563106796128, 0.5435291262135951, 0.7727281553398118, 0.3339757281553429, 1.0019271844660231, 0.6417572815534014, 0.5828203883495188, 0.5959174757281581, 0.0916796116504867, 1.1590922330097124, 0.9364417475728207, 0.9364417475728207, 1.1721893203883573, 1.0805097087378706, 0.4256553398058241, 0.7399854368932078, 0.8054708737864104, 0.7792766990291317, 1.0019271844660231, 1.3424514563106857, 4.4202669902912834, 0.406009708737865, 1.008475728155343, 0.24884466019417587, 0.9036990291262167, 0.5173349514563108, 0.44530097087378867, 0.6155631067961227, 0.5107864077669911, 1.741912621359231, 0.2815873786407798, 1.1328980582524335, 0.24884466019417587, 0.8316650485436946, 1.689524271844668, 1.5127135922330144, 0.628660194174762, 0.8513106796116537, 1.1852864077669967, 0.6810485436893252, 1.4341310679611725, 0.8709563106796128, 0.7727281553398118, 0.7727281553398118, 0.05238834951456305, 0.13751941747573004, 0.2946844660194192, 0.04583980582524335, 0.9102475728155419, 0.3012330097087389, 1.4472281553398119, 0.39291262135922567, 2.1741165048543802, 0.7465339805825275, 0.6745, 0.3339757281553429, 0.628660194174762, 1.3686456310679644, 0.16371359223300888, 0.8709563106796182, 0.0, 0.6352087378640817, 1.8139466019417532, 0.6745000000000054, 0.15716504854368915, 1.1918349514563162, 0.3012330097087389, 0.03929126213592365, 1.499616504854375, 1.0281213592233074, 0.32742718446601776, 0.4845922330097123, 0.45839805825242813, 0.6221116504854369, 0.3798155339805862, 0.27503883495145465, 0.4256553398058296, 1.1067038834951493, 0.1047766990291261, 0.844762135922334, 1.178737864077677, 0.9102475728155419, 1.4275825242718527, 0.929893203883501, 0.45839805825242813, 2.2068592233009787, 0.9036990291262167, 0.7727281553398118, 0.9626359223300995, 0.49114077669903206, 0.11132524271844581, 0.5762718446601935, 1.7484611650485509, 0.3667184466019468, 0.523883495145636, 1.09360679611651, 0.9429902912621404, 1.0346699029126272, 0.6155631067961171, 0.0916796116504867, 1.3097087378640873, 1.3490000000000055, 0.11132524271844581, 1.2311262135922398, 0.5566262135922344, 1.6174902912621403, 0.0261941747572788, 2.868262135922345, 0.11132524271844581, 0.0327427184465985, 1.4341310679611725, 1.8335922330097176, 0.654854368932041, 0.7399854368932078, 0.07203398058252215, 0.8906019417475773, 0.7203398058252434, 0.1047766990291261, 2.3312815533980698, 0.45184951456310835, 1.0870582524271901, 0.24884466019417587, 1.1656407766990375, 0.6614029126213661, 0.4845922330097123, 0.06548543689320245, 1.198383495145636, 0.6352087378640817, 0.5369805825242754, 0.04583980582524335, 0.3208786407767035, 2.1937621359223396, 0.37326699029126653, 0.3143300970873783, 0.9757330097087443, 0.09822815533980642, 1.3359029126213662, 0.0130970873786394, 0.7268883495145685, 0.5828203883495188, 0.4191067961165044, 0.4845922330097123, 1.1852864077669967, 0.3470728155339823, 0.0785825242718473, 0.03929126213592365, 1.1721893203883573, 0.406009708737865, 0.16371359223300888, 0.1047766990291261, 0.2161019417475719, 0.3405242718446626, 0.9102475728155364, 0.4780436893203872, 0.471495145631073, 0.6417572815534014, 0.5173349514563108, 0.5369805825242754, 0.406009708737865, 2.5080922330097235, 0.5631747572815542, 1.1328980582524335, 1.2769660194174832, 0.5107864077669911, 1.3293543689320464, 1.3097087378640873, 0.7858252427184513, 1.7484611650485509, 1.2769660194174832, 2.265796116504867, 0.6941456310679646, 0.11787378640776551, 0.2815873786407798, 0.026194174757284253, 1.7222669902912717, 0.0916796116504867, 0.7596310679611724, 0.30778155339805857, 0.35362135922330196, 0.4256553398058296, 0.81201941747573, 0.30778155339805857, 1.6633300970873839, 0.7596310679611724, 0.09822815533980642, 1.1263495145631137, 0.2881359223300995, 0.47804368932039265, 1.2769660194174832, 0.6875970873786449, 0.026194174757284253, 0.5631747572815596, 0.3012330097087389, 1.8204951456310783, 0.8185679611650498, 1.178737864077677, 0.5435291262135951, 0.41255825242718475, 1.6305873786407852, 1.3424514563106857, 0.7727281553398118, 0.8120194174757356, 1.9318203883495242, 0.19645631067961283, 0.17026213592233402, 1.2180291262136005, 1.5323592233009788, 0.24229611650485616, 0.6155631067961171, 0.2750388349514601, 0.1833592233009734, 0.8382135922330143, 0.7989223300970907, 1.9776601941747676, 2.1348252427184566, 0.628660194174762, 0.6024660194174778, 0.759631067961167, 1.1263495145631137, 0.22265048543689706, 0.39291262135922567, 0.05238834951456305, 0.24229611650485616, 1.0805097087378706, 0.1899077669902931, 1.4537766990291314, 1.178737864077677, 0.8644077669902931, 0.7530825242718473, 1.1198009708737942, 0.39291262135922567, 0.3470728155339823, 0.6090145631067975, 0.5304320388349557, 1.0150242718446627, 1.6305873786407852, 0.759631067961167, 0.6155631067961227, 0.04583980582524335, 2.887907766990304, 1.6043932038835065, 0.7858252427184513, 0.32742718446601776, 0.2881359223300995, 1.493067961165055, 0.25539320388349557, 0.6745000000000054, 1.7615582524271958, 0.6810485436893252, 0.5500776699029147, 0.6614029126213661, 0.8775048543689379, 0.654854368932041, 0.44530097087378867, 0.5631747572815596, 0.7727281553398063, 1.6567815533980694, 1.938368932038844, 1.3555485436893304, 0.4256553398058241, 1.218029126213595, 1.1852864077669967, 0.30778155339805857, 0.9560873786407799, 0.8251165048543695, 1.990757281553407, 0.06548543689320245, 1.1132524271844688, 3.41833980582526, 0.5893689320388384, 2.7634854368932187, 0.25539320388349557, 0.7465339805825275, 1.09360679611651, 0.8709563106796128, 0.8644077669902985, 0.628660194174762, 0.22919902912621676, 1.3817427184466093, 1.3948398058252487, 0.0130970873786394, 0.44530097087378867, 1.2311262135922398, 0.7465339805825275, 0.2030048543689325, 0.3470728155339823, 1.7812038834951547, 0.37981553398058077, 0.5435291262135951, 0.9102475728155419, 0.36671844660194136, 0.1309708737864049, 0.6745, 0.2684902912621404, 1.0215728155339878, 0.1309708737864049, 1.145995145631073, 0.6090145631067975, 0.2095533980582522, 1.0346699029126272, 0.9102475728155364, 0.0785825242718473, 0.654854368932041, 1.178737864077677, 0.9888300970873838, 0.9167961165048563, 0.523883495145636, 0.7203398058252434, 1.938368932038844, 0.6483058252427213, 0.4191067961165044, 0.13751941747573004, 0.45839805825242813, 2.0300485436893307, 1.1328980582524335, 0.22919902912621676, 1.1328980582524335, 0.4256553398058296, 1.4603252427184568, 0.15061650485436945, 0.39291262135922567, 0.4125582524271902, 0.7792766990291317, 0.37326699029126653, 1.3620970873786504, 0.11787378640777095, 0.3470728155339823, 0.792373786407771, 1.1198009708737942, 0.2946844660194192, 0.13097087378641037, 2.724194174757295, 3.1760436893204034, 0.5959174757281581, 0.7661796116504921, 0.7137912621359291, 0.3601699029126217, 1.5258106796116593, 0.8513106796116537, 0.22919902912621132, 0.9822815533980641, 1.165640776699032, 0.36671844660194136, 1.1067038834951546, 0.2815873786407798, 0.5893689320388384, 0.17026213592233402, 0.22265048543689162, 0.2161019417475719, 2.0824368932038935, 0.3798155339805862, 1.7812038834951547, 1.0674126213592257, 0.1047766990291261, 0.7858252427184513, 7.570116504854408, 0.7203398058252434, 1.008475728155343, 2.580126213592245, 1.8663349514563217, 1.1132524271844744, 0.2881359223300995, 0.15061650485436945, 1.1525436893203926, 1.6829757281553481, 0.5304320388349557, 0.21610194174757735, 1.0346699029126272, 0.39946116504854534, 0.4649466019417478, 0.628660194174762, 0.1244223300970852, 0.37326699029126653, 0.8251165048543749, 1.4603252427184568, 0.3601699029126217, 0.17681067961165373, 0.15716504854368915, 0.3863640776699059, 1.7681067961165153, 0.7596310679611724, 0.8513106796116537, 0.6745000000000054, 0.7989223300970907, 0.44530097087378867, 0.22919902912621676, 1.499616504854375, 0.1833592233009734, 0.0327427184465985, 0.0785825242718473, 0.45839805825242813, 1.453776699029137, 0.2095533980582522, 0.6679514563106858, 0.9167961165048563, 4.885213592233031, 0.0916796116504867, 1.0477669902912665, 0.49768932038835173, 0.9626359223300995, 0.7334368932038882, 1.015024271844668, 1.2180291262136005, 1.5389077669902986, 0.43875242718446894, 5.2257378640776935, 0.2946844660194192, 5.887140776699059, 0.0130970873786394, 0.11787378640777095, 1.1263495145631137, 0.6875970873786449, 0.45184951456310835, 0.6417572815534014, 0.2815873786407798, 0.9036990291262167, 0.45839805825242813, 0.3667184466019468, 0.8840533980582577, 1.2442233009708792, 1.2704174757281634, 0.11132524271844581, 1.0543155339805863, 0.8251165048543749, 1.015024271844668, 0.15061650485436945, 1.1001553398058295, 0.471495145631073, 2.1937621359223396, 1.3686456310679644, 2.698000000000011, 0.25539320388349557, 0.0130970873786394, 2.6521601941747672, 1.257320388349524, 0.6090145631067975, 0.9495388349514602, 0.6221116504854424, 0.41910679611650986, 2.272344660194187, 3.307014563106814, 0.8578592233009734, 0.0327427184465985, 0.5500776699029147, 0.7530825242718473, 0.6614029126213606, 0.8120194174757356, 0.03929126213592365, 0.08513106796116701, 4.413718446601963, 3.3004660194174886, 0.14406796116504975, 1.1721893203883573, 0.0785825242718473, 0.9560873786407799, 0.35362135922330196, 0.8185679611650553, 0.11787378640776551, 0.3339757281553429, 1.2835145631068028, 0.5042378640776715, 0.8709563106796128, 0.7792766990291317, 1.2900631067961226, 1.1198009708737886, 0.7858252427184513, 0.8709563106796182, 6.856325242718478, 1.3751941747572898, 0.07203398058252761, 0.13751941747573004, 2.789679611650503, 0.7334368932038882, 1.4799708737864157, 0.0196456310679591, 1.0281213592233074, 1.7812038834951547, 0.15061650485436945, 4.282747572815553, 0.9102475728155419, 1.1198009708737942, 0.5107864077669911, 0.35362135922330196, 0.4845922330097123, 0.6614029126213661, 1.5651019417475829, 0.7989223300970907, 0.5173349514563162, 1.3948398058252487, 0.01964563106796455, 0.9495388349514602, 1.1263495145631137, 0.7137912621359236, 1.604393203883501, 0.3208786407767035, 0.7334368932038882, 0.7989223300970907, 0.16371359223300888, 0.628660194174762, 0.1899077669902931, 0.25539320388349557, 1.2049320388349611, 0.9233446601941813, 0.35362135922330196, 5.356708737864103, 0.7465339805825275, 1.4603252427184568, 0.5500776699029147, 0.4191067961165044, 0.39291262135922567, 1.0019271844660231, 0.1047766990291261, 0.35362135922330196, 2.154470873786416, 1.1198009708737942, 0.1833592233009734, 1.5912961165048616, 1.493067961165055, 1.4537766990291314, 0.6679514563106803, 0.0261941747572788, 0.268490291262135, 0.6745, 0.6024660194174778, 0.4256553398058241, 1.1001553398058295, 0.22919902912621132, 0.6417572815534014, 0.4845922330097123, 0.4845922330097123, 4.87866504854371, 0.15716504854368915, 0.14406796116504975, 0.0196456310679591, 0.45839805825242813, 0.5238834951456305, 1.8335922330097176, 1.1263495145631137, 0.5762718446601935, 2.2396019417475825, 0.6155631067961171, 0.406009708737865, 1.1067038834951546, 0.3798155339805862, 1.4668737864077763, 1.211480582524281, 0.1244223300970852, 0.058936893203882755, 0.7006941747572842, 0.15061650485436945, 0.06548543689320245, 0.4256553398058241, 1.2900631067961226, 2.3247330097087495, 1.2966116504854426, 0.6745000000000054, 0.5107864077669911, 0.24229611650485616, 2.4360582524271956, 1.8008495145631138, 0.8840533980582577, 0.0065485436893197, 0.5369805825242754, 0.2946844660194192, 0.39946116504854534, 0.17681067961165373, 0.9429902912621404, 0.5500776699029147, 0.5828203883495188, 0.5697233009708739, 1.1852864077669967, 0.0130970873786394, 0.49768932038835173, 0.9757330097087443, 0.3863640776699059, 1.309708737864082, 0.6090145631067975, 0.268490291262135, 1.0215728155339878, 0.5369805825242754, 1.4210339805825332, 0.2815873786407798, 1.5454563106796182, 0.43220388349514927, 0.15061650485436945, 0.04583980582524335, 0.268490291262135, 0.16371359223300888, 1.4144854368932078, 1.3751941747572898, 1.0608640776699059, 1.1721893203883573, 0.30778155339805857, 1.2769660194174832, 0.3208786407767035, 0.15716504854368915, 0.3470728155339823, 0.471495145631073, 0.471495145631073, 0.39946116504854534, 2.0300485436893307, 1.6436844660194245, 0.7792766990291317, 0.7399854368932078, 0.6221116504854369, 2.966490291262151, 5.140606796116532, 1.7222669902912717, 0.43875242718446894, 1.1394466019417533, 0.7072427184466039, 1.0346699029126272, 1.1001553398058295, 0.7268883495145685, 0.5500776699029147, 0.2881359223300995, 1.493067961165055, 0.5500776699029147, 1.4734223300970961, 0.9233446601941813, 1.846689320388357, 0.9757330097087443, 0.03274271844660395, 0.3863640776699059, 1.1328980582524335, 0.9495388349514602, 0.39946116504854534, 1.1394466019417533, 1.1721893203883573, 0.3012330097087389, 0.49114077669903206, 0.19645631067961283, 0.9953786407767035, 0.14406796116504975, 0.03929126213592365, 0.6679514563106858, 0.2750388349514601, 0.41910679611650986, 0.6810485436893252, 0.3012330097087389, 0.7334368932038882, 0.1047766990291261, 0.6221116504854424, 0.9691844660194247, 0.06548543689320245, 0.7006941747572842, 0.35362135922330196, 1.2376747572815596, 1.2835145631068028, 1.2376747572815596, 0.37326699029126104, 1.36864563106797, 0.6221116504854369, 1.218029126213595, 1.4472281553398119, 0.26194174757281524, 0.6810485436893252, 0.0130970873786394, 0.2946844660194192, 0.058936893203882755, 1.0412184466019467, 0.39946116504854534, 0.22919902912621676, 0.2357475728155365, 0.0130970873786394, 1.3817427184466093, 0.6810485436893252, 1.2376747572815596, 0.844762135922334, 1.3293543689320464, 0.5828203883495188, 0.8251165048543695, 0.1899077669902931, 0.5369805825242754, 0.30778155339805857, 0.6024660194174778, 1.3751941747572898, 3.005781553398075, 1.4734223300970961, 0.8578592233009734, 0.7268883495145685, 0.7072427184466039, 0.0130970873786394, 0.1899077669902931, 0.7858252427184513, 1.9580145631068029, 0.6745000000000054, 0.32742718446601776, 0.32087864077669803, 0.30778155339805857, 1.0150242718446627, 1.4341310679611725, 0.07858252427184186, 0.04583980582524335, 1.1132524271844744, 0.4845922330097123, 0.9822815533980641, 0.5828203883495188, 0.6875970873786449, 0.44530097087378867, 0.8185679611650498, 2.213407766990304, 0.9167961165048563, 2.527737864077682, 0.0327427184465985, 1.1394466019417533, 0.1833592233009734, 1.8401407766990374, 0.9036990291262167, 0.3405242718446626, 0.04583980582524335, 0.9364417475728207, 0.7465339805825275, 0.6614029126213661, 3.2087864077670076, 0.03274271844660395, 0.17681067961165373, 0.1833592233009734, 3.1498495145631247, 0.3863640776699059, 0.628660194174762, 0.16371359223300888, 0.24884466019417587, 0.37326699029126653, 1.3490000000000055, 0.05238834951456305, 1.9121747572815597, 0.4125582524271902, 0.7268883495145685, 1.9842087378640871, 0.0196456310679591, 0.9953786407767035, 0.25539320388349557, 0.654854368932041, 0.2357475728155365, 0.8316650485436946, 0.5828203883495188, 3.9356747572815705, 0.9036990291262167, 0.45184951456310835, 3.3135631067961335, 3.575504854368949, 1.827043689320398, 1.4865194174757355, 1.6633300970873892, 0.5173349514563162, 1.1001553398058295, 1.257320388349524, 0.7792766990291317, 1.689524271844668, 0.6745, 0.22265048543689162, 0.026194174757284253, 0.08513106796116701, 1.0543155339805863, 0.09822815533980642, 1.6174902912621403, 0.2357475728155365, 0.25539320388349557, 0.13751941747573004, 0.24884466019417587, 1.3031601941747621, 1.440679611650492, 0.2815873786407798, 0.7792766990291317, 0.39291262135922567, 0.6614029126213606, 0.9102475728155364, 0.3863640776699059, 0.6221116504854424, 0.39291262135922567, 1.552004854368938, 0.16371359223300888, 1.5520048543689433, 0.5631747572815596, 0.4845922330097123, 0.16371359223300888, 0.3798155339805862, 1.1525436893203926, 0.5369805825242754, 0.30778155339805857, 0.15716504854368915, 0.32087864077669803, 2.6521601941747672, 1.2442233009708792, 1.2704174757281634, 4.564334951456333, 2.1741165048543802, 0.31433009708738374, 1.1394466019417533, 0.8906019417475773, 1.9121747572815597, 0.654854368932041, 0.6614029126213606, 1.7877524271844745, 0.6024660194174778, 0.4649466019417532, 0.2946844660194192, 0.15716504854368915, 0.3667184466019468, 0.19645631067961283, 1.3293543689320464, 0.45184951456310835, 0.43875242718446894, 0.09822815533980642, 0.2815873786407798, 0.7727281553398118, 0.5435291262135951, 0.05238834951456305, 0.5566262135922344, 1.8008495145631194, 1.3228058252427266, 1.0215728155339878, 1.145995145631073, 0.07858252427184186, 1.1394466019417533, 0.4256553398058296, 0.05238834951456305, 1.9318203883495242, 0.43875242718446894, 1.7812038834951547, 0.24884466019417587, 0.8382135922330143, 0.44530097087378867, 1.879432038834961, 0.9233446601941759, 1.0150242718446627, 0.0916796116504867, 1.2311262135922398, 0.2750388349514601, 0.9167961165048563, 0.05238834951456305, 1.0019271844660231, 0.45839805825242813, 0.3012330097087389, 0.13751941747573004, 0.11787378640776551, 2.658708737864093, 0.3601699029126217, 0.3012330097087389, 4.8655679611650715, 0.9102475728155364, 0.7792766990291317, 0.7334368932038882, 0.1309708737864049, 0.25539320388349557, 0.5304320388349557, 1.0346699029126272, 1.0150242718446627, 0.27503883495145465, 1.4668737864077763, 1.499616504854375, 0.39291262135922567, 0.1833592233009734, 2.213407766990304, 0.2815873786407798, 0.15061650485436945, 0.14406796116504975, 4.020805825242737, 1.7222669902912717, 0.2357475728155365, 0.04583980582524335, 0.759631067961167, 0.32742718446601776, 0.3470728155339823, 0.24229611650485616, 0.6221116504854369, 1.8204951456310783, 1.4210339805825332, 0.9822815533980641, 1.1067038834951493, 1.4734223300970961, 0.45184951456310835, 4.426815533980602, 1.0281213592233074, 0.8906019417475773, 0.21610194174757735, 0.16371359223300888, 2.102082524271853, 0.9888300970873838, 0.37981553398058077, 0.058936893203882755, 1.1721893203883573, 0.7989223300970907, 1.794300970873794, 1.015024271844668, 3.254626213592251, 0.5304320388349557, 0.6745000000000054, 8.434524271844701, 1.3424514563106857, 2.514640776699043, 1.4013883495145685, 0.5173349514563162, 0.5828203883495188, 0.2946844660194192, 1.024975490196077, 0.8927205882352912, 0.8001421568627417, 0.6877254901960713, 1.4812549019607748, 1.1175539215686263, 0.1851568627450934, 0.7207892156862747, 0.19838235294117582, 2.248333333333324, 0.07935294117647253, 1.1307794117647032, 1.4680294117647033, 0.9654607843137253, 1.0117499999999944, 2.102852941176467, 1.3357745098039175, 0.5290196078431374, 0.35047549019607693, 1.1175539215686263, 0.05290196078431318, 1.0712647058823517, 0.48273039215685715, 0.9456225490195989, 0.7075637254901923, 0.2975735294117582, 0.515794117647055, 0.5224068627450988, 0.2182205882352912, 0.8927205882352912, 1.3688382352941153, 0.6215980392156869, 0.9522352941176484, 1.0183627450980328, 1.355612745098033, 2.7839656862744997, 1.0448137254901924, 0.08596568627450549, 0.3901519607843077, 0.7803039215686208, 0.3174117647058846, 1.3159362745098022, 0.9323970588235274, 2.096240196078423, 0.8861078431372527, 1.3423872549019504, 0.15870588235294505, 0.21160784313725273, 0.8993333333333297, 0.8067549019607857, 0.7538529411764726, 0.39676470588234614, 0.29096078431372524, 0.44305392156862083, 0.24467156862744505, 1.6068970588235219, 0.13886764705881866, 0.8332058823529396, 1.1043284313725494, 0.33063725490196155, 0.21160784313725825, 0.4298284313725439, 0.9985245098039176, 0.5488578431372527, 0.9786862745097966, 1.6068970588235219, 1.0778774509803846, 0.8794950980392142, 1.3423872549019504, 1.375450980392154, 1.1440049019607748, 1.8846323529411648, 0.6811127450980384, 0.1322549019607857, 0.36370098039215937, 0.3240245098039231, 0.7340147058823516, 0.0661274509803956, 1.2101323529411758, 0.47611764705881865, 0.40337745098039557, 0.6017598039215659, 0.9059460784313735, 0.8265931372549011, 1.0315882352941155, 1.024975490196077, 0.44305392156862633, 0.9257843137254891, 1.1506176470588187, 1.4283529411764615, 0.01983823529411538, 0.6678872549019615, 0.49595588235293403, 2.5723578431372416, 1.0778774509803901, 0.21160784313725273, 0.059514705882357154, 0.19176960784313185, 1.844955882352934, 0.7803039215686208, 0.912558823529412, 0.3372499999999945, 0.39015196078431313, 0.35047549019607693, 0.7869166666666649, 0.31079901960784617, 0.5554705882352967, 0.046289215686269224, 0.4959558823529396, 1.190294117647055, 0.44305392156862633, 0.7075637254901977, 2.367362745098033, 0.8398186274509725, 0.27773529411764836, 0.3438627450980385, 0.46289215686274177, 1.9838235294117583, 0.3438627450980385, 1.1506176470588187, 0.8794950980392142, 2.030112745098033, 1.6994754901960714, 0.509181372549022, 0.4166029411764725, 3.9808725490195935, 0.01983823529411538, 0.6811127450980329, 1.639960784313714, 0.4893431372549011, 1.4019019607843077, 0.171931372549022, 0.3438627450980385, 4.093289215686259, 2.9757352941176314, 0.4893431372549011, 1.2431960784313625, 0.8927205882352912, 1.375450980392154, 0.7736911764705824, 1.6664117647058736, 0.6414362745098021, 1.2762598039215602, 0.29757352941176374, 0.581921568627445, 0.7207892156862747, 0.47611764705881865, 0.1520931372549011, 0.42982843137254945, 0.35047549019607693, 0.7141764705882307, 0.8530441176470549, 0.9720735294117637, 1.1373921568627363, 0.9654607843137253, 0.6215980392156812, 0.2711225490196099, 0.2843480392156813, 1.1043284313725494, 1.3225490196078407, 0.11241666666666483, 0.7274019607843132, 0.9257843137254835, 4.655372549019594, 0.3835392156862747, 1.0646519607843132, 0.09919117647058791, 0.9456225490196043, 1.2960980392156758, 1.1572303921568625, 0.5620833333333352, 0.17854411764705494, 0.8464313725490109, 0.8993333333333297, 2.440102941176461, 1.6796372549019507, 1.3027107843137253, 0.059514705882351644, 0.9985245098039176, 0.6149852941176482, 0.687725490196077, 1.0514264705882308, 0.2975735294117582, 0.753852941176467, 1.520931372549011, 0.6744999999999944, 1.0646519607843132, 0.8662696078431373, 1.2365833333333296, 0.39676470588234614, 1.2101323529411703, 1.1506176470588187, 1.1043284313725439, 2.71783823529411, 0.09257843137254394, 1.01175, 0.4695049019607857, 0.09919117647058791, 1.2564215686274505, 0.31079901960784617, 0.6215980392156812, 0.4893431372548956, 0.46289215686274726, 0.05290196078431869, 0.6744999999999944, 0.19176960784313185, 0.19838235294117582, 0.5290196078431318, 0.40999019607843407, 1.8317303921568515, 0.44305392156862633, 0.3835392156862747, 0.515794117647055, 0.6414362745098021, 0.5885343137254835, 0.16531862745097803, 1.1109411764705879, 1.0514264705882308, 0.14548039215686262, 1.4878676470588132, 0.18515686274509888, 1.514318627450978, 0.7207892156862747, 0.46289215686274726, 1.1969068627450878, 1.7457647058823407, 0.21160784313725825, 1.1043284313725439, 1.14400490196078, 1.0778774509803901, 0.7075637254901977, 1.0183627450980384, 0.09919117647058791, 0.9786862745098022, 0.4496666666666648, 2.2351078431372473, 2.433490196078423, 0.4959558823529396, 0.4695049019607857, 1.2233578431372472, 1.2299705882352912, 0.0661274509803901, 1.5606078431372525, 1.4151274509803902, 1.2828725490196042, 2.0565637254901925, 0.2711225490196099, 1.4349656862745, 0.33725, 2.440102941176461, 1.6664117647058736, 2.0565637254901925, 1.4812549019607748, 0.10580392156863187, 0.5488578431372527, 0.0330637254901978, 0.7141764705882362, 2.969122549019599, 0.2182205882352967, 0.29757352941176374, 1.4680294117647033, 0.17854411764706046, 0.059514705882351644, 0.5753088235294066, 0.5488578431372527, 0.24467156862744505, 0.16531862745097803, 3.0352499999999836, 2.2549460784313626, 0.9390098039215604, 0.5554705882352912, 0.9654607843137197, 0.23144607843137363, 0.09919117647058791, 1.1307794117646979, 1.1506176470588187, 1.0580392156862748, 2.155754901960775, 1.6531862745097967, 0.257897058823533, 0.20499509803921978, 0.5422450980392143, 1.1175539215686263, 0.7935294117646978, 1.6333480392156814, 0.4364411764705824, 0.6017598039215659, 0.6745, 1.2233578431372472, 0.20499509803921978, 0.3041862745098022, 0.502568627450978, 0.7340147058823516, 0.8265931372549011, 0.1520931372549011, 0.05290196078431318, 0.6877254901960713, 0.27773529411764836, 0.9852990196078406, 0.6744999999999944, 0.4364411764705824, 0.7803039215686263, 0.5091813725490164, 0.6744999999999944, 0.04628921568627472, 1.2167450980392087, 0.42321568627450545, 0.6414362745098021, 1.7986666666666593, 1.4680294117647033, 0.09919117647058791, 0.5091813725490164, 0.502568627450978, 0.5224068627450988, 0.3041862745098077, 1.0712647058823461, 1.7127009803921485, 0.9720735294117637, 0.35047549019607693, 0.6612745098039176, 0.21160784313725273, 0.14548039215686262, 2.4268774509803843, 2.2020441176470493, 0.5356323529411758, 0.11902941176470329, 0.5422450980392143, 0.21160784313725825, 0.509181372549022, 0.7075637254901923, 0.0330637254901923, 0.515794117647055, 2.0962401960784174, 0.2182205882352912, 0.16531862745098352, 0.17854411764705494, 1.4151274509803846, 0.6480490196078406, 1.5804460784313625, 0.5819215686274505, 0.5157941176470604, 0.0, 0.3570882352941209, 0.7736911764705878, 0.767078431372544, 0.08596568627450549, 0.5554705882352912, 1.2101323529411758, 1.1043284313725439, 0.9919117647058792, 0.7935294117647033, 0.257897058823533, 0.4893431372548956, 0.6480490196078406, 0.2182205882352967, 0.6943382352941099, 0.0, 0.3372499999999945, 0.7803039215686208, 0.16531862745097803, 0.42321568627451095, 0.8265931372548956, 0.5091813725490164, 0.509181372549022, 0.15870588235294505, 0.32402450980391756, 1.03158823529411, 0.16531862745097803, 0.17193137254901647, 0.013225490196076918, 1.0448137254901924, 0.39676470588234614, 1.5077058823529395, 1.1704558823529396, 0.33725, 0.18515686274509888, 0.2182205882352967, 0.6083725490196044, 0.3835392156862747, 0.4298284313725439, 0.42982843137254945, 0.9456225490196043, 0.07935294117647253, 0.6282107843137198, 1.4614166666666648, 1.421740196078423, 0.4364411764705824, 0.3372499999999945, 0.6215980392156812, 0.8794950980392088, 0.49595588235293403, 0.45627941176470327, 1.4349656862745055, 0.3835392156862747, 0.6943382352941099, 1.4812549019607801, 0.7472401960784285, 0.9654607843137197, 0.006612745098038459, 0.03967647058823076, 0.17854411764706046, 0.31079901960784617, 1.4349656862745, 0.9985245098039176, 0.9588480392156813, 2.605421568627445, 0.9456225490195989, 1.6399607843137198, 0.23144607843137363, 0.35047549019607693, 0.7736911764705878, 0.8001421568627417, 1.329161764705879, 0.40999019607843407, 0.7274019607843132, 1.3357745098039175, 0.2843480392156868, 0.35047549019607693, 1.507705882352934, 1.2167450980392087, 0.46289215686274177, 0.4761176470588242, 0.6414362745097967, 0.9257843137254891, 0.8133676470588241, 0.019838235294120887, 1.1506176470588187, 0.49595588235293403, 1.3423872549019504, 0.7935294117646978, 1.5341568627450932, 0.4695049019607857, 0.767078431372544, 1.4085147058823462, 0.12564215686274727, 0.2380588235294121, 0.2843480392156868, 0.6017598039215659, 0.059514705882357154, 0.5224068627450988, 0.4166029411764725, 0.767078431372544, 0.9257843137254891, 0.48273039215685715, 0.1322549019607802, 0.14548039215686262, 0.6546617647058847, 1.7788284313725384, 0.10580392156862636, 0.667887254901956, 0.19176960784313735, 0.5753088235294066, 0.2645098039215659, 0.1322549019607857, 0.8927205882352912, 0.11241666666666483, 0.24467156862744505, 1.0249754901960715, 0.5488578431372527, 0.33725, 0.10580392156863187, 1.256421568627445, 1.024975490196077, 0.3901519607843077, 1.3820637254901924, 0.9720735294117582, 0.11241666666666483, 1.329161764705879, 0.33063725490196155, 0.6943382352941099, 0.40999019607843407, 0.046289215686269224, 1.673024509803912, 0.47611764705881865, 0.48273039215686264, 0.27773529411764286, 1.084490196078423, 0.2380588235294121, 0.4893431372549011, 0.9390098039215604, 1.263034313725489, 0.17854411764705494, 1.3357745098039175, 0.38353921568626925, 1.421740196078423, 1.2233578431372472, 0.2843480392156868, 0.22483333333333516, 0.37031372549019775, 1.3952892156862635, 0.8133676470588186, 0.10580392156862636, 0.9588480392156868, 1.4019019607843077, 0.0661274509803901, 1.2960980392156758, 1.024975490196077, 0.8265931372549011, 0.6017598039215659, 1.5539950980392088, 0.46289215686274177, 1.4085147058823517, 0.39676470588235163, 0.006612745098038459, 1.0051372549019615, 0.29757352941176374, 1.1175539215686208, 1.428352941176467, 2.135916666666659, 1.6664117647058792, 0.5620833333333352, 1.01175, 0.17854411764706046, 0.13886764705882418, 1.5010931372548955, 1.163843137254901, 0.4099901960784285, 0.819980392156857, 0.17854411764705494, 1.1043284313725439, 0.7340147058823462, 0.026450980392159346, 0.27112254901960436, 0.4166029411764725, 0.3174117647058791, 0.35047549019607693, 0.3372499999999945, 0.2380588235294121, 0.2645098039215714, 1.8714068627450877, 0.37031372549019775, 0.6017598039215659, 1.0646519607843132, 0.6282107843137198, 0.27112254901960436, 0.05290196078431318, 0.49595588235293403, 1.1506176470588187, 1.4812549019607748, 0.4893431372549011, 1.4614166666666593, 1.593671568627445, 0.36370098039215387, 1.1373921568627416, 0.07935294117646702, 0.5290196078431318, 1.1307794117646979, 1.9176960784313626, 0.6811127450980329, 0.39015196078431313, 2.479779411764698, 1.7854411764705824, 0.6546617647058791, 0.3107990196078406, 0.12564215686274727, 0.12564215686274174, 0.24467156862745054, 1.520931372549011, 1.4349656862745, 0.1190294117647088, 1.1969068627450934, 1.2696470588235218, 0.6678872549019615, 0.251284313725489, 0.07274019607843407, 2.347524509803912, 0.3107990196078406, 0.760465686274511, 0.9390098039215659, 1.2894852941176373, 1.9970490196078297, 1.970598039215676, 1.0448137254901868, 0.006612745098043966, 0.1851568627450934, 1.005137254901956, 0.8861078431372527, 0.4562794117647088, 1.1241666666666592, 0.6811127450980329, 0.8993333333333297, 2.6781617647058678, 0.171931372549022, 1.0183627450980328, 0.006612745098043966, 0.39015196078431313, 0.7009509803921539, 1.3820637254901924, 0.44305392156862633, 0.39676470588234614, 1.4746421568627361, 1.0051372549019615, 0.6943382352941154, 0.2182205882352967, 2.612034313725484, 1.7656029411764615, 0.10580392156863187, 1.0580392156862692, 0.17854411764706046, 1.2762598039215602, 0.9522352941176484, 0.3372499999999945, 0.04628921568627472, 0.5885343137254835, 0.1520931372549011, 1.567220588235291, 1.36883823529411, 1.4878676470588132, 0.07274019607843407, 2.1557549019607802, 0.07274019607843407, 0.4959558823529396, 0.9125588235294065, 0.7075637254901977, 1.7060882352941098, 0.36370098039215387, 1.9044705882352855, 0.9588480392156868, 0.10580392156862636, 0.8861078431372527, 0.257897058823533, 1.3688382352941153, 0.4761176470588242, 1.4680294117647033, 1.0382009803921484, 0.17854411764706046, 0.24467156862745054, 0.09919117647058791, 1.236583333333324, 0.9323970588235274, 0.026450980392159346, 1.1373921568627363, 1.3291617647058735, 1.36883823529411, 0.9720735294117582, 1.421740196078423, 0.23805882352940658, 0.6215980392156869, 1.8515686274509724, 0.2314460784313681, 0.40337745098039557, 0.13886764705881866, 0.6546617647058847, 1.7656029411764669, 1.0712647058823461, 0.46289215686274726, 0.753852941176467, 0.5753088235294066, 0.21160784313725825, 0.5356323529411703, 0.6149852941176482, 0.5488578431372527, 1.322549019607835, 0.17854411764705494, 0.09919117647058791, 1.282872549019599, 0.006612745098038459, 0.07935294117647253, 0.20499509803921978, 0.37031372549019775, 0.17193137254901647, 0.7604656862745055, 0.6083725490196044, 1.6862499999999945, 0.416602941176467, 0.36370098039215387, 0.1851568627450934, 1.6796372549019507, 2.4202647058823463, 0.10580392156863187, 0.013225490196076918, 0.7274019607843132, 1.7259264705882253, 0.7736911764705824, 0.0661274509803956, 1.4085147058823462, 1.1241666666666648, 1.3357745098039175, 1.282872549019599, 1.1770686274509725, 1.2101323529411703, 0.9786862745098022, 1.5672205882352856, 0.36370098039215387, 2.651710784313714, 0.7935294117646978, 0.0, 0.9786862745097966, 0.48273039215685715, 0.9720735294117637, 0.36370098039215937, 0.171931372549022, 0.3570882352941209, 0.819980392156857, 1.0977156862745054, 0.20499509803921426, 1.6465735294117525, 0.08596568627450549, 0.1520931372549011, 0.1520931372549011, 0.2975735294117582, 0.5819215686274505, 0.6877254901960713, 0.46289215686274726, 1.3159362745098022, 0.2645098039215714, 0.0330637254901923, 3.2270196078431264, 1.2894852941176373, 1.2101323529411703, 0.013225490196082426, 0.05290196078431869, 1.507705882352934, 0.6811127450980329, 0.07935294117647253, 1.7060882352941098, 0.687725490196077, 0.6877254901960713, 0.42982843137254945, 1.2035196078431374, 1.6597990196078352, 1.256421568627445, 0.2843480392156868, 0.3174117647058846, 1.0646519607843077, 0.5025686274509835, 2.135916666666654, 0.5488578431372527, 0.3041862745098077, 0.4166029411764725, 0.6811127450980384, 1.2431960784313625, 0.09257843137254944, 0.251284313725489, 0.085965686274511, 1.5606078431372525, 0.6877254901960713, 1.5010931372548955, 0.19838235294117582, 0.24467156862744505, 0.23805882352940658, 1.236583333333324, 0.47611764705881865, 0.09919117647058791, 1.4680294117646977, 0.39015196078431313, 0.6414362745097967, 0.20499509803921426, 1.2101323529411703, 0.9456225490195989, 0.6348235294117582, 0.9390098039215659, 0.19838235294117582, 0.6546617647058847, 0.07274019607842856, 0.6678872549019615, 0.5091813725490164, 1.8780196078431262, 0.019838235294120887, 0.416602941176467, 0.15870588235293956, 0.9323970588235274, 0.19838235294117582, 0.27773529411764836, 0.8662696078431373, 0.5422450980392143, 0.5554705882352967, 0.1322549019607802, 0.7869166666666649, 0.6282107843137198, 0.8530441176470605, 0.3041862745098022, 0.33063725490195606, 1.3489999999999946, 0.7869166666666649, 0.44305392156862633, 1.1969068627450878, 2.063176470588225, 0.8861078431372472, 0.5753088235294066, 0.29096078431372524, 0.13886764705881866, 0.12564215686274174, 0.39015196078431313, 0.8265931372548956, 0.171931372549022, 0.4496666666666648, 0.4695049019607802, 0.42321568627450545, 0.3041862745098022, 1.0051372549019615, 1.7986666666666593, 0.819980392156857, 0.251284313725489, 0.6678872549019615, 0.919171568627445, 1.0183627450980384, 0.6943382352941099, 1.1043284313725494, 0.19838235294117582, 0.33063725490196155, 1.282872549019599, 0.19176960784313735, 0.1520931372549011, 0.37031372549019775, 2.5525196078431316, 0.059514705882351644, 0.3107990196078406, 1.4614166666666593, 1.2365833333333296, 0.13886764705881866, 0.2843480392156868, 0.8927205882352912, 0.3041862745098022, 0.588534313725489, 1.1902941176470494, 1.0183627450980328, 0.6215980392156812, 0.9588480392156868, 1.4680294117647033, 1.1506176470588187, 0.9720735294117637, 0.7406274509803846, 0.767078431372544, 0.17854411764706046, 1.2035196078431318, 0.9852990196078406, 1.6531862745098023, 1.177068627450978, 1.1043284313725439, 0.5025686274509835, 0.4695049019607802, 0.8993333333333297, 1.4085147058823517, 0.8133676470588186, 0.7869166666666649, 2.3078480392156813, 1.8714068627450877, 1.0051372549019615, 0.3901519607843077, 0.20499509803921426, 0.7009509803921539, 1.1969068627450878, 1.4151274509803846, 0.48273039215685715, 1.6994754901960714, 0.24467156862745054, 1.5606078431372525, 0.40337745098039557, 0.171931372549022, 0.581921568627445, 0.6414362745098021, 1.679637254901956, 0.37692647058823076, 0.4099901960784285, 1.4283529411764615, 0.07935294117646702, 1.1440049019607748, 1.0646519607843132, 2.2086568627450878, 0.44305392156862633, 0.5554705882352912, 0.44305392156862083, 0.15870588235293956, 0.257897058823533, 1.1440049019607748, 0.9985245098039176, 2.228495098039203, 0.33063725490196155, 0.059514705882357154, 0.5951470588235275, 1.0117499999999944, 0.5224068627450988, 0.059514705882351644, 0.35047549019607693, 0.4562794117647088, 1.1109411764705823, 0.3174117647058846, 0.5157941176470604, 0.6943382352941099, 2.248333333333324, 0.38353921568626925, 3.0021862745097967, 0.01983823529411538, 0.6612745098039231, 0.3041862745098022, 0.8662696078431373, 0.687725490196077, 0.03967647058823076, 1.4614166666666593, 0.5488578431372527, 0.0330637254901923, 0.12564215686274727, 0.7869166666666649, 1.2299705882352856, 0.29096078431372524, 1.1572303921568572, 0.5951470588235275, 2.453328431372544, 0.13886764705881866, 0.8530441176470605, 0.19838235294117582, 0.251284313725489, 0.8398186274509725, 2.2351078431372473, 0.29096078431372524, 1.0448137254901868, 0.5025686274509835, 0.5422450980392087, 0.1520931372549011, 0.07935294117647253, 2.3739754901960657, 0.37692647058823076, 0.20499509803921978, 9.456225490196044, 4.390862745098022, 0.9985245098039176, 1.024975490196077, 0.19838235294117582, 1.9639852941176428, 0.46289215686274726, 0.575308823529412, 0.5290196078431318, 1.282872549019599, 0.9257843137254891, 0.046289215686269224, 0.36370098039215937, 0.49595588235293403, 0.3041862745098077, 1.2828725490196042, 0.3041862745098077, 0.0661274509803901, 0.687725490196077, 0.37031372549019775, 0.8464313725490109, 0.6612745098039231, 0.6083725490196098, 1.3291617647058735, 0.46289215686274177, 1.679637254901956, 1.1043284313725439, 0.085965686274511, 1.3357745098039175, 0.10580392156862636, 0.9786862745097966, 0.3107990196078406, 0.5356323529411758, 0.2645098039215659, 3.0021862745097967, 1.4614166666666593, 0.35047549019607693, 0.45627941176470327, 0.17854411764706046, 0.27112254901960436, 1.6796372549019507, 1.1969068627450878, 1.0249754901960715, 1.3622254901960715, 0.13886764705881866, 1.3093235294117638, 1.1902941176470494, 1.825117647058813, 0.17854411764705494, 0.40337745098039557, 0.5488578431372527, 0.08596568627450549, 0.0330637254901978, 1.0183627450980328, 0.1520931372549011, 0.6943382352941099, 3.5973333333333186, 0.29096078431372524, 0.3240245098039231, 0.7141764705882362, 1.8714068627450933, 0.6017598039215659, 0.6943382352941154, 0.6017598039215659, 0.23144607843137363, 1.1175539215686263, 1.005137254901956, 1.375450980392154, 1.9838235294117528, 2.0697892156862694, 1.8185049019607746, 0.2182205882352912, 1.0117499999999944, 0.833205882352934, 0.5356323529411703, 1.2564215686274505, 1.0117499999999944, 0.8662696078431373, 0.22483333333332967, 3.2137941176470437, 0.9588480392156868, 1.3093235294117582, 4.4437647058823355, 0.23144607843137363, 0.7207892156862692, 1.163843137254901, 0.05290196078431869, 1.1109411764705823, 1.9904362745097912, 0.8398186274509725, 2.2218823529411647, 1.8912450980392033, 0.7274019607843077, 0.9522352941176484, 1.3688382352941153, 0.7604656862745055, 1.3622254901960769, 0.39676470588234614, 0.760465686274511, 0.5686960784313682, 1.2431960784313625, 0.006612745098043966, 1.1969068627450878, 0.4959558823529396, 1.0911029411764614, 1.1638431372548956, 1.1043284313725439, 0.5753088235294066, 0.24467156862745054, 0.27773529411764286, 0.7670784313725494, 0.48273039215686264, 0.085965686274511, 0.7472401960784285, 1.0580392156862748, 0.19838235294117582, 0.04628921568627472, 0.4695049019607802, 0.257897058823533, 1.6201225490195987, 0.7340147058823516, 0.33725, 1.8052794117647033, 0.11241666666666483, 0.8530441176470605, 0.29757352941176374, 0.17193137254901647, 0.8265931372549011, 0.2645098039215659, 1.9772107843137143, 0.6083725490196044, 1.8912450980392086, 0.8861078431372472, 0.6678872549019615, 1.8581813725490166, 0.4496666666666648, 0.05290196078431318, 0.29757352941176374, 0.35047549019607693, 2.1028529411764616, 0.059514705882357154, 0.8001421568627417, 1.7920539215686153, 0.8464313725490165, 1.3886764705882253, 0.04628921568627472, 0.0661274509803956, 0.5356323529411758, 0.3041862745098077, 1.0514264705882308, 0.07274019607843407, 0.07935294117646702, 1.2167450980392087, 0.34386274509803294, 1.4746421568627417, 0.8133676470588186, 0.5356323529411758, 2.0036617647058734, 0.5686960784313736, 0.5753088235294066, 0.4033774509803901, 0.6811127450980329, 0.09919117647058791, 0.7538529411764726, 1.1836813725490165, 0.09257843137254944, 0.6083725490196044, 0.059514705882351644, 0.19838235294117582, 0.24467156862745054, 0.839818627450978, 2.1028529411764616, 0.588534313725489, 0.8662696078431373, 0.35047549019607693, 0.2843480392156813, 1.6531862745097967, 1.639960784313714, 0.8133676470588241, 1.1572303921568625, 0.7009509803921539, 0.3041862745098077, 0.37692647058823076, 1.6201225490195987, 1.8118921568627362, 0.05290196078431318, 0.9390098039215604, 0.39015196078431313, 1.1373921568627416, 1.2101323529411703, 0.595147058823522, 0.1851568627450934, 0.13886764705882418, 1.2960980392156758, 0.7274019607843132, 0.9985245098039176, 1.3688382352941153, 0.31079901960784617, 0.14548039215686262, 1.236583333333324, 0.07935294117646702, 0.1322549019607802, 0.8464313725490109, 1.0712647058823461, 0.8067549019607801, 1.441578431372544, 0.4364411764705824, 0.6811127450980384, 0.3107990196078406, 0.8464313725490165, 1.6201225490195987, 0.7274019607843077, 0.37692647058823076, 0.3041862745098077, 0.013225490196082426, 0.3769264705882363, 0.251284313725489, 1.7259264705882253, 0.4695049019607857, 1.0051372549019615, 0.9588480392156813, 0.013225490196076918, 0.22483333333332967, 0.19176960784313735, 0.6215980392156869, 2.0036617647058734, 0.6943382352941099, 0.509181372549022, 0.8530441176470549, 1.4151274509803902, 1.1572303921568572, 1.091102941176467, 0.019838235294120887, 1.6994754901960714, 0.7274019607843077, 0.6744999999999944, 1.7722156862745, 2.6318725490195987, 2.4004264705882252, 2.922833333333324, 1.1241666666666592, 0.24467156862745054, 1.7986666666666593, 0.5753088235294066, 0.7141764705882307, 0.5488578431372527, 1.758990196078423, 0.8464313725490109, 1.3027107843137253, 1.6068970588235276, 0.8596568627450989, 1.4151274509803902, 0.27773529411764836, 0.12564215686274174, 2.347524509803906, 2.0830147058823463, 0.257897058823533, 0.006612745098043966, 0.8794950980392142, 0.04628921568627472, 0.839818627450978, 0.6811127450980384, 1.4151274509803846, 0.9522352941176427, 1.2630343137254834, 0.31079901960784617, 0.32402450980391756, 2.479779411764698, 0.01983823529411538, 0.059514705882357154, 0.026450980392159346, 0.39676470588234614, 1.8118921568627417, 0.3570882352941154, 0.5224068627450934, 1.6664117647058792, 1.567220588235291, 0.3570882352941154, 0.5554705882352912, 1.1241666666666592, 0.7009509803921539, 0.8398186274509725, 0.9257843137254891, 0.2711225490196099, 0.14548039215685712, 0.7803039215686208, 0.0661274509803956, 2.3144607843137144, 0.9588480392156813, 0.1851568627450934, 3.127828431372538, 1.4614166666666593, 0.2645098039215714, 0.33063725490195606, 1.778828431372544, 0.3041862745098077, 1.2299705882352912, 0.23144607843137363, 0.4893431372549011, 0.07935294117646702, 0.9522352941176484, 0.1520931372549011, 0.5422450980392087, 0.7274019607843132, 0.760465686274511, 0.4364411764705879, 0.08596568627450549, 0.4364411764705824, 0.6877254901960713, 0.21160784313725273, 0.1322549019607802, 0.9786862745097966, 1.2894852941176427, 0.046289215686269224, 2.0962401960784174, 0.7803039215686208, 0.8728823529411758, 0.416602941176467, 0.753852941176467, 0.6678872549019615, 0.6083725490196098, 0.9786862745098022, 0.171931372549022, 0.006612745098038459, 0.33063725490195606, 1.1373921568627416, 0.0661274509803901, 0.8398186274509725, 0.6414362745097967, 0.767078431372544, 0.9456225490195989, 0.6083725490196044, 1.005137254901956, 0.03967647058823076, 0.5157941176470604, 1.3886764705882253, 0.05290196078431318, 0.026450980392159346, 0.29096078431371974, 0.932397058823522, 0.3703137254901923, 0.19838235294117582, 0.42982843137254945, 0.3372499999999945, 1.719313725490187, 0.49595588235293403, 0.8861078431372472, 0.2182205882352967, 0.5224068627450988, 0.1520931372549011, 1.190294117647055, 0.1851568627450934, 0.16531862745098352, 0.3769264705882363, 0.2645098039215714, 0.3769264705882363, 0.059514705882357154, 1.4349656862745055, 0.6546617647058791, 0.7869166666666593, 0.16531862745098352, 0.0661274509803901, 0.687725490196077, 0.059514705882351644, 0.17193137254901647, 0.6017598039215659, 1.3093235294117582, 0.7935294117647033, 0.9059460784313681, 0.6083725490196044, 1.0514264705882308, 0.6083725490196044, 0.2645098039215714, 0.13886764705882418, 1.2167450980392087, 0.3107990196078406, 0.8265931372549011, 1.236583333333324, 1.6531862745097967, 0.919171568627445, 1.4548039215686264, 0.42321568627450545, 0.17193137254901647, 0.42321568627450545, 0.33063725490196155, 2.3012352941176375, 1.1506176470588187, 1.5275441176470494, 0.6943382352941099, 0.502568627450978, 1.6135098039215603, 0.059514705882357154, 2.102852941176467, 0.42982843137254945, 0.9456225490196043, 0.29757352941176374, 0.20499509803921426, 0.6414362745097967, 0.13886764705881866, 0.22483333333332967, 1.2894852941176373, 0.7472401960784231, 0.6017598039215659, 0.9852990196078351, 1.6862499999999891, 0.07935294117647253, 0.7075637254901977, 0.046289215686269224, 1.5606078431372472, 0.8861078431372527, 0.7869166666666593, 0.5885343137254835, 0.17854411764705494, 0.8464313725490109, 0.5554705882352967, 0.34386274509803294, 0.13886764705881866, 0.2182205882352967, 0.4562794117647088, 0.026450980392159346, 0.509181372549022, 0.17193137254901647, 0.251284313725489, 1.0712647058823461, 0.47611764705881865, 0.8861078431372472, 0.19838235294117582, 0.17854411764705494, 4.787627450980374, 1.1109411764705879, 0.251284313725489, 0.2182205882352967, 0.5356323529411758, 0.4298284313725439, 0.11902941176470329, 2.969122549019599, 8.08077450980389, 1.0514264705882308, 1.8052794117646978, 0.37031372549019775, 0.3570882352941209, 0.34386274509803294, 0.9919117647058792, 5.87873039215684, 0.39676470588235163, 0.6215980392156869, 0.6414362745098021, 0.15870588235293956, 0.013225490196076918, 0.2182205882352912, 1.1373921568627416, 0.35047549019607693, 1.0712647058823461, 0.8927205882352857, 1.507705882352934, 1.6862499999999945, 0.5620833333333352, 1.4548039215686264, 0.16531862745098352, 0.4033774509803901, 0.6282107843137252, 2.1491421568627365, 0.5686960784313682, 1.5077058823529395, 0.5422450980392087, 0.19838235294117582, 0.7141764705882307, 0.9786862745098022, 2.1491421568627365, 0.4166029411764725, 0.14548039215686262, 0.5356323529411758, 1.3225490196078407, 0.08596568627450549, 0.7207892156862692, 0.9390098039215604, 1.0514264705882308, 0.7141764705882307, 1.0117499999999944, 1.573833333333324, 0.2843480392156868, 0.251284313725489, 0.4695049019607857, 0.18515686274509888, 0.8927205882352857, 0.019838235294120887, 0.833205882352934, 0.27112254901960436, 0.416602941176467, 0.23805882352940658, 0.3240245098039231, 1.2696470588235274, 1.7722156862745, 1.7722156862745, 1.8383431372548955, 0.7472401960784231, 5.303421568627433, 0.8265931372548956, 1.8647941176470548, 0.6612745098039176, 0.16531862745097803, 0.059514705882351644, 2.0168872549019503, 0.6149852941176428, 1.534156862745088, 0.2182205882352912, 2.1094656862745, 0.47611764705881865, 1.2299705882352856, 1.4283529411764615, 0.019838235294120887, 1.5473823529411703, 1.924308823529401, 3.789102941176456, 1.2035196078431318, 1.911083333333324, 1.0249754901960715, 0.9919117647058792, 0.5356323529411703, 0.257897058823533, 1.3622254901960715, 5.753088235294098, 1.177068627450978, 0.13886764705881866, 2.2020441176470547, 1.6135098039215603, 0.5422450980392087, 1.3093235294117582, 0.8596568627450989, 0.12564215686274727, 1.4481911764705824, 3.101377450980379, 4.701661764705863, 0.6480490196078406, 0.03967647058823076, 0.6414362745097967, 2.836867647058813, 1.1902941176470494, 0.9588480392156868, 0.4761176470588242, 0.6745, 0.9654607843137197, 1.7457647058823462, 1.3952892156862635, 0.19176960784313185, 0.9588480392156868, 2.7773529411764617, 0.07935294117647253, 1.937534313725478, 1.2762598039215602, 0.3240245098039231, 0.667887254901956, 1.0183627450980384, 0.7472401960784231, 1.507705882352934, 0.9323970588235274, 0.3703137254901923, 3.5973333333333186, 0.3570882352941154, 1.0712647058823461, 0.013225490196076918, 1.2299705882352912, 0.6282107843137198, 1.6267352941176372, 0.6612745098039176, 0.3835392156862747, 0.3372499999999945, 0.6744999999999944, 0.7207892156862747, 2.6847745098039124, 6.903705882352917, 2.0830147058823405, 0.5686960784313682, 0.2182205882352912, 0.509181372549022, 1.639960784313714, 3.2204068627450875, 1.0712647058823517, 0.44305392156862633, 1.170455882352934, 0.8133676470588241, 0.9125588235294065, 0.15870588235294505, 1.1043284313725439, 5.032299019607824, 1.897857843137247, 0.07274019607843407, 4.496666666666648, 1.0051372549019615, 0.1322549019607857, 0.7803039215686208, 0.3570882352941209, 0.35047549019607693, 0.13886764705882418, 0.4695049019607857, 3.273308823529401, 1.3093235294117582, 1.924308823529401, 5.197617647058802, 0.9059460784313681, 1.5010931372548955, 0.9654607843137253, 1.0117499999999944, 0.44305392156862633, 0.006612745098043966, 0.9985245098039176, 1.183681372549011, 0.819980392156857, 0.026450980392153836, 1.2564215686274505, 0.20499509803921426, 0.5422450980392143, 1.6862499999999945, 0.7141764705882307, 0.0661274509803956, 0.31079901960784617, 5.772926470588214, 1.5275441176470548, 0.35047549019607693, 1.2762598039215602, 1.507705882352934, 1.4217401960784286, 1.03158823529411, 3.9478088235293955, 1.1969068627450878, 0.07935294117646702, 1.7259264705882253, 1.0844901960784286, 0.12564215686274174, 3.511367647058813, 1.0712647058823517, 1.6994754901960714, 1.1175539215686208, 4.582632352941159, 1.5870588235294065, 0.08596568627450549, 0.9257843137254891, 0.29096078431372524, 0.17854411764705494, 0.4893431372548956, 0.5157941176470604, 0.6414362745098021, 9.687671568627414, 0.7670784313725494, 0.11241666666666483, 0.595147058823522, 0.4033774509803901, 0.4959558823529396, 1.2233578431372472, 2.506230392156852, 0.19176960784313735, 0.019838235294120887, 0.10580392156862636, 0.6017598039215659, 0.4364411764705879, 0.11241666666666483, 4.344573529411747, 1.421740196078423, 0.6414362745098021, 0.5686960784313682, 0.4496666666666648, 0.1190294117647088, 0.2380588235294121, 1.2960980392156811, 2.671549019607835, 1.2696470588235218, 0.4033774509803901, 0.6546617647058847, 0.919171568627445, 1.4019019607843077, 1.8581813725490108, 0.33725, 0.6017598039215659, 1.3027107843137253, 0.047752212389380225, 2.560712389380531, 1.3370619469026561, 0.2029469026548647, 0.5193053097345155, 0.12534955752212493, 0.620778761061948, 0.8058185840707969, 0.8595398230088489, 0.011938053097343812, 0.6148097345132759, 0.12534955752212493, 1.7608628318584063, 0.4058938053097344, 0.5849646017699114, 1.3549690265486718, 0.3223274336283177, 0.4775221238938072, 0.10147345132743235, 0.7401592920353959, 1.7190796460176978, 0.6267477876106198, 1.0087654867256615, 0.15519469026548446, 0.34023451327433346, 2.6024955752212393, 0.16713274336283326, 0.9669823008849533, 0.3521725663716822, 1.0147345132743335, 0.6386858407079635, 3.0800176991150416, 0.3999247787610624, 0.620778761061948, 0.304420353982302, 0.7401592920353959, 0.2268230088495573, 0.9013230088495573, 1.4206283185840678, 0.7998495575221248, 0.244730088495573, 0.1910088495575209, 0.304420353982302, 0.5969026548672552, 0.2029469026548647, 0.6565929203539843, 0.6685309734513281, 1.8205530973451303, 1.2714026548672552, 1.1281460176991145, 0.023876106194692596, 0.8535707964601771, 0.13728761061946876, 0.0, 1.5996991150442497, 0.620778761061948, 1.8563672566371667, 0.9908584070796459, 0.4655840707964584, 0.1790707964601771, 0.34023451327433846, 0.44170796460177075, 0.20891592920354157, 1.778769911504422, 0.7461283185840728, 0.304420353982302, 0.6983761061946926, 0.05372123893805213, 1.6713274336283177, 1.3907831858407085, 1.3072168141592917, 0.5610884955752188, 1.0923318584070782, 1.2236504424778751, 0.49542920353982295, 1.1579911504424791, 1.3310929203539843, 0.7520973451327447, 1.462411504424776, 1.1102389380530988, 0.8416327433628332, 0.17310176991150517, 0.48946017699115096, 0.44170796460177075, 0.2387610619469011, 1.1102389380530988, 1.9936548672566354, 1.778769911504422, 2.214508849557521, 0.1910088495575209, 0.1492256637168126, 2.0473761061946876, 0.7819424778761043, 0.4178318584070782, 0.15519469026548446, 1.6414823008849533, 0.011938053097343812, 0.7759734513274323, 0.7043451327433644, 0.38798672566371867, 0.6327168141592917, 0.5670575221238957, 0.4596150442477865, 0.608840707964604, 0.2029469026548647, 1.1878362831858387, 0.8237256637168126, 1.2594646017699114, 1.1042699115044219, 0.608840707964604, 0.7043451327433644, 1.5519469026548647, 1.2176814159292033, 2.321951327433625, 1.4445044247787604, 0.3999247787610624, 1.916057522123891, 0.5849646017699114, 1.283340707964599, 0.5133362831858387, 2.6144336283185834, 1.4385353982300886, 0.6506238938053074, 1.0147345132743335, 1.916057522123891, 0.36411061946902606, 0.6028716814159272, 0.793880530973453, 0.304420353982302, 0.09550442477876045, 1.3370619469026561, 1.3072168141592917, 1.1281460176991145, 0.05372123893805213, 0.4357389380530989, 0.17310176991150517, 1.2415575221238908, 0.7640353982300885, 0.26263716814159366, 0.608840707964604, 0.7401592920353959, 1.4206283185840678, 0.4357389380530989, 0.555119469026547, 0.01790707964601572, 0.15519469026548446, 0.620778761061948, 0.34620353982301033, 1.3728761061946877, 0.6745, 0.1910088495575209, 0.5909336283185834, 0.6028716814159272, 0.4536460176991146, 1.1400840707964583, 0.22085398230088538, 1.1460530973451302, 1.0803938053097344, 2.148849557522125, 0.6148097345132759, 0.07759734513274473, 0.5610884955752188, 0.01790707964601572, 1.593730088495573, 1.5698539823008852, 0.9550442477876094, 0.37007964601769794, 0.2984513274336301, 1.7250486725663698, 1.414659292035396, 0.2745752212389375, 0.023876106194687625, 1.4385353982300886, 0.32829646017698966, 0.20294690265486967, 0.32829646017698966, 0.9371371681415936, 1.2355884955752188, 0.7222522123893802, 0.2268230088495573, 1.038610619469026, 0.08356637168141663, 0.023876106194692596, 1.3848141592920362, 0.6745, 1.2117123893805313, 0.4596150442477865, 0.549150442477875, 0.11341150442477616, 0.4178318584070782, 0.5312433628318594, 0.5013982300884948, 1.1818672566371669, 0.13728761061946876, 0.3223274336283177, 0.4238008849557501, 0.49542920353982295, 1.462411504424776, 0.4118628318584063, 0.29248230088495825, 0.8177566371681406, 0.16713274336283326, 0.2865132743362813, 0.059690265486724035, 0.6924070796460158, 1.2117123893805313, 1.0147345132743335, 0.6864380530973438, 0.18503982300884897, 1.0147345132743335, 0.5670575221238957, 0.2148849557522135, 0.12534955752212493, 1.8862123893805312, 0.023876106194687625, 0.5372123893805313, 0.6267477876106198, 0.11341150442477616, 1.1938053097345105, 0.06565929203539594, 0.16116371681416136, 0.6864380530973438, 1.3310929203539792, 1.032641592920354, 0.9371371681415936, 0.1910088495575209, 0.1969778761061928, 1.163960176991151, 0.7103141592920365, 0.07759734513274473, 1.6474513274336302, 0.5909336283185834, 0.44767699115044274, 0.2268230088495573, 1.0744247787610626, 1.8802433628318593, 0.7282212389380521, 0.7162831858407084, 0.6386858407079635, 1.1878362831858387, 0.6446548672566355, 0.549150442477875, 0.734190265486724, 0.5610884955752188, 1.653420353982302, 0.9072920353982292, 1.6176061946902656, 1.277371681415927, 0.4655840707964584, 1.1400840707964583, 0.8535707964601771, 1.2415575221238908, 1.826522123893802, 0.08356637168141663, 0.5193053097345105, 0.047752212389380225, 0.7819424778761043, 0.20891592920354157, 0.047752212389380225, 1.0803938053097344, 0.49542920353982295, 0.34023451327433346, 0.023876106194692596, 0.5670575221238957, 0.3581415929203542, 0.608840707964604, 0.37007964601769794, 0.8774469026548647, 0.4058938053097344, 0.8834159292035415, 2.1548185840707967, 2.0533451327433645, 0.36411061946902606, 0.01790707964601572, 0.7103141592920365, 0.6148097345132759, 0.8893849557522134, 1.1878362831858387, 0.37007964601769794, 0.6327168141592917, 2.178694690265484, 0.10147345132743235, 1.474349557522125, 0.13728761061946876, 0.16116371681416136, 0.13131858407079683, 1.7011725663716821, 0.5670575221238957, 0.2387610619469011, 0.2805442477876094, 0.9968274336283177, 0.7520973451327447, 0.5969026548672552, 0.734190265486724, 0.49542920353982295, 0.9013230088495573, 1.1221769911504427, 0.12534955752212493, 0.7401592920353959, 0.5969026548672552, 1.7548938053097345, 0.13131858407079683, 0.34620353982301033, 0.029845132743364502, 0.8714778761061928, 0.0, 2.1190044247787605, 0.49542920353982295, 0.5670575221238957, 0.9550442477876094, 0.793880530973453, 1.9459026548672553, 0.8177566371681406, 0.005969026548671906, 0.12534955752212493, 0.1492256637168126, 0.6804690265486718, 0.8177566371681406, 0.3820176991150418, 0.3521725663716822, 1.3131858407079635, 0.7700044247787604, 0.7103141592920365, 0.5073672566371668, 0.3521725663716822, 0.310389380530974, 0.9371371681415936, 1.7369867256637186, 0.1910088495575209, 0.4834911504424791, 1.0027964601769896, 1.1400840707964583, 0.029845132743364502, 0.6446548672566355, 0.36411061946902606, 0.3999247787610624, 0.029845132743364502, 1.5459778761061929, 0.4357389380530989, 0.7819424778761043, 0.5133362831858387, 0.555119469026547, 2.3100132743362813, 0.44170796460177075, 0.6685309734513281, 1.5698539823008852, 0.7998495575221248, 0.31635840707964585, 0.5193053097345105, 0.7640353982300885, 0.10744247787610425, 0.38201769911504674, 0.059690265486724035, 1.4922566371681405, 0.03581415929203641, 0.7759734513274323, 0.05372123893805213, 2.3100132743362813, 0.7461283185840728, 0.5909336283185834, 0.13131858407079683, 0.12534955752212493, 1.163960176991151, 0.8953539823008855, 0.429769911504422, 0.6745, 0.49542920353982295, 0.1790707964601771, 0.6028716814159272, 0.2029469026548647, 0.304420353982302, 0.047752212389380225, 0.6446548672566355, 0.3223274336283177, 1.1938053097345154, 1.7310176991150419, 0.1969778761061928, 0.2387610619469011, 0.7043451327433644, 0.4655840707964584, 0.09550442477876045, 0.7282212389380521, 0.8058185840707969, 0.7103141592920365, 1.6952035398230103, 0.6088407079645991, 0.32829646017698966, 0.48946017699115096, 0.6148097345132759, 0.11938053097345304, 0.6148097345132759, 0.49542920353982295, 1.4027212389380521, 1.7310176991150419, 0.2566681415929218, 0.2566681415929218, 0.8058185840707969, 0.4058938053097344, 1.0863628318584062, 0.26263716814159366, 1.0207035398230104, 0.7700044247787604, 0.17310176991150517, 0.6745, 0.3581415929203542, 0.3999247787610624, 0.5789955752212396, 1.8862123893805312, 0.49542920353982295, 0.5431814159292031, 0.7520973451327447, 0.49542920353982295, 0.44767699115044274, 1.3549690265486718, 0.5073672566371668, 0.22085398230088538, 0.6804690265486718, 0.1790707964601771, 0.37604867256636987, 1.6593893805309738, 0.2566681415929218, 0.39395575221239054, 0.6804690265486718, 0.7162831858407084, 0.9550442477876094, 0.12534955752212493, 0.10744247787610425, 1.1281460176991145, 0.2865132743362813, 0.6028716814159272, 0.05372123893805213, 1.4504734513274324, 1.032641592920354, 0.44767699115044274, 1.9459026548672553, 0.913261061946901, 0.9431061946902656, 1.4862876106194687, 0.8416327433628332, 0.13131858407079683, 1.09830088495575, 0.6386858407079635, 0.9013230088495573, 1.4086902654867242, 1.0684557522123905, 0.2984513274336301, 0.1790707964601771, 1.8205530973451303, 1.4265973451327447, 0.9610132743362814, 0.549150442477875, 1.5221017699115051, 0.6983761061946876, 0.08953539823008855, 0.9908584070796459, 0.8535707964601771, 1.838460176991151, 0.25069911504424985, 0.26860619469026564, 0.17310176991150517, 0.5312433628318594, 0.10147345132743235, 0.9072920353982292, 1.277371681415927, 0.3521725663716822, 0.5610884955752188, 0.31635840707964585, 0.5073672566371668, 0.8893849557522134, 0.555119469026547, 0.1492256637168126, 0.7580663716814167, 1.5459778761061929, 0.44170796460177075, 1.9279955752212394, 1.6474513274336302, 0.3521725663716822, 0.33426548672566153, 0.549150442477875, 0.5013982300884948, 1.0744247787610626, 0.49542920353982295, 0.11341150442477616, 1.593730088495573, 0.047752212389380225, 0.44170796460177075, 0.6745, 0.6148097345132759, 0.08356637168141663, 0.5610884955752188, 0.8834159292035415, 0.5969026548672552, 0.26263716814159366, 0.16116371681416136, 0.7043451327433644, 1.2714026548672552, 0.2506991150442449, 0.7819424778761043, 0.608840707964604, 0.919230088495573, 0.8893849557522134, 0.5252743362831873, 0.5909336283185834, 2.572650442477875, 0.2984513274336301, 0.16713274336283326, 0.8296946902654845, 0.16713274336283326, 1.0027964601769896, 1.7728008849557502, 0.4118628318584063, 1.826522123893802, 0.5013982300884948, 0.37007964601769794, 0.2327920353982292, 1.4982256637168125, 0.38798672566371867, 1.4086902654867242, 0.01790707964601572, 0.6327168141592917, 0.005969026548671906, 0.5312433628318594, 0.2327920353982292, 0.6327168141592917, 0.2029469026548647, 0.6506238938053074, 0.9431061946902656, 0.4655840707964584, 0.2984513274336301, 0.7759734513274323, 0.7640353982300885, 1.3012477876106197, 0.06565929203540091, 0.6565929203539793, 0.4178318584070782, 0.6924070796460158, 0.11341150442477616, 0.44767699115044274, 0.029845132743364502, 1.6593893805309738, 0.10147345132743235, 0.919230088495573, 0.09550442477876045, 1.1042699115044219, 0.011938053097343812, 0.5252743362831873, 0.429769911504422, 0.9311681415929218, 0.5133362831858387, 1.2236504424778751, 0.32829646017698966, 0.18503982300884897, 0.9013230088495573, 0.0, 1.3788451327433644, 1.3191548672566353, 0.5789955752212396, 0.01790707964601572, 1.2475265486725677, 1.4504734513274324, 1.7429557522123904, 2.733814159292036, 0.6386858407079635, 0.12534955752212493, 1.653420353982302, 0.005969026548671906, 1.289309734513276, 0.6625619469026561, 0.5431814159292031, 0.5193053097345105, 0.10744247787610425, 0.37604867256636987, 0.8416327433628332, 0.7401592920353959, 1.1400840707964583, 0.041783185840708316, 0.10147345132743235, 0.6028716814159272, 0.07759734513274473, 0.304420353982302, 0.7520973451327447, 1.8444292035398229, 0.5073672566371668, 0.08953539823008855, 0.429769911504427, 1.3848141592920362, 0.34023451327433346, 0.244730088495573, 1.1460530973451302, 0.4118628318584063, 0.2148849557522135, 0.1910088495575209, 0.4655840707964584, 0.4596150442477865, 1.7429557522123904, 0.925199115044245, 0.12534955752212493, 0.5431814159292031, 1.05054867256637, 1.4086902654867242, 0.7700044247787604, 1.1281460176991145, 0.6148097345132759, 1.647451327433625, 0.29248230088495325, 1.7011725663716821, 0.919230088495573, 0.6148097345132759, 0.49542920353982295, 0.2745752212389375, 1.1818672566371669, 0.620778761061948, 0.549150442477875, 1.032641592920354, 0.38798672566371867, 0.5013982300884948, 0.5013982300884948, 0.5969026548672552, 1.599699115044245, 0.2268230088495573, 0.38201769911504674, 0.9072920353982292, 0.08356637168141663, 0.023876106194687625, 0.5193053097345105, 0.11341150442477616, 0.08356637168141663, 0.5133362831858387, 1.044579646017698, 0.08953539823008855, 0.5133362831858387, 0.2387610619469011, 0.6327168141592917, 0.11341150442477616, 0.37007964601769794, 0.7998495575221248, 1.1042699115044219, 1.0803938053097344, 1.1400840707964583, 1.4803185840707969, 0.5849646017699114, 0.4834911504424791, 0.4357389380530989, 0.4596150442477865, 0.5193053097345155, 0.8595398230088489, 0.8237256637168126, 0.07162831858407281, 1.0803938053097344, 1.0624867256637187, 1.0744247787610626, 1.2534955752212396, 0.13728761061946876, 1.1102389380530988, 0.13131858407079683, 0.8834159292035415, 0.5252743362831873, 0.08953539823008855, 2.327920353982302, 1.414659292035396, 1.9757477876106198, 0.25069911504424985, 0.9908584070796459, 0.5193053097345155, 1.7548938053097345, 0.8476017699115052, 0.7520973451327447, 1.2594646017699114, 0.44767699115044274, 0.6983761061946876, 0.2029469026548647, 0.4536460176991146, 1.599699115044245, 0.12534955752212493, 0.44767699115044274, 0.2566681415929218, 1.898150442477875, 1.0923318584070782, 1.0266725663716822, 0.13131858407079683, 0.2148849557522135, 0.8296946902654845, 0.555119469026547, 1.6653584070796459, 0.7043451327433644, 2.6144336283185834, 1.1938053097345105, 1.0744247787610626, 1.5996991150442497, 1.6295442477876094, 2.130942477876104, 0.2268230088495573, 2.101097345132745, 0.7461283185840679, 1.2117123893805313, 0.6745, 0.4834911504424791, 0.1910088495575209, 1.653420353982302, 0.8953539823008855, 0.023876106194687625, 0.7401592920353959, 0.14325663716814066, 0.5252743362831873, 0.9968274336283177, 0.26263716814159366, 0.9431061946902656, 3.569477876106193, 0.1910088495575209, 0.6685309734513281, 1.0207035398230104, 0.2566681415929218, 0.18503982300884897, 1.5579159292035367, 2.011561946902656, 0.8595398230088489, 0.06565929203539594, 1.3609380530973436, 0.2327920353982292, 1.2415575221238908, 0.44767699115044274, 0.32829646017698966, 0.34023451327433346, 0.0, 1.1221769911504427, 1.8205530973451303, 0.734190265486724, 0.011938053097343812, 0.38798672566371867, 1.6295442477876094, 1.3788451327433595, 1.1400840707964583, 2.083190265486724, 0.9729513274336251, 0.39395575221239054, 0.07759734513274473, 0.919230088495573, 0.011938053097343812, 0.09550442477876045, 0.3999247787610624, 1.3251238938053074, 0.9550442477876094, 0.6565929203539793, 0.549150442477875, 1.8503982300884947, 0.08953539823008855, 0.05372123893805213, 0.2148849557522135, 1.4862876106194687, 0.6088407079645991, 1.4922566371681405, 0.4775221238938072, 0.8893849557522134, 0.011938053097343812, 1.1042699115044219, 0.29248230088495825, 0.6267477876106198, 1.0565176991150418, 0.041783185840708316, 0.16116371681416136, 0.3223274336283177, 0.20891592920354157, 0.7043451327433644, 1.7190796460176978, 0.7282212389380521, 0.4834911504424791, 1.8683053097345104, 0.16116371681416136, 0.2566681415929218, 0.8058185840707969, 0.7162831858407084, 2.274199115044245, 0.10744247787610425, 0.2566681415929218, 0.005969026548671906, 0.05372123893805213, 1.7668318584070781, 0.2745752212389375, 0.49542920353982295, 1.1221769911504427, 1.778769911504422, 0.2506991150442449, 0.26860619469026564, 1.4445044247787604, 1.4445044247787604, 0.9550442477876094, 0.984889380530974, 0.244730088495573, 0.7461283185840728, 1.1341150442477865, 0.041783185840708316, 1.3072168141592917, 1.3549690265486718, 1.3370619469026561, 0.793880530973453, 0.6446548672566355, 0.44767699115044274, 0.1910088495575209, 0.6804690265486718, 0.913261061946901, 0.7162831858407084, 2.196601769911505, 0.8595398230088489, 1.593730088495573, 0.6685309734513281, 0.8535707964601771, 0.6625619469026561, 1.4564424778761043, 0.2566681415929218, 0.5073672566371668, 0.37007964601769794, 0.3999247787610624, 0.555119469026547, 1.6295442477876094, 0.429769911504422, 1.4564424778761043, 0.9669823008849533, 1.3669070796460159, 1.4385353982300886, 1.2057433628318592, 0.5610884955752188, 0.4596150442477865, 1.5877610619469011, 0.6148097345132759, 2.142880530973453, 0.13131858407079683, 1.6355132743362812, 0.8416327433628332, 1.0624867256637136, 0.6924070796460158, 0.7520973451327447, 1.0863628318584062, 0.6446548672566355, 0.3999247787610624, 1.6116371681415937, 0.9669823008849533, 1.349, 0.5073672566371668, 0.20891592920354157, 0.36411061946902606, 0.549150442477875, 0.07162831858407281, 0.549150442477875, 0.7520973451327447, 0.3223274336283177, 1.3012477876106197, 0.31635840707964585, 0.16116371681416136, 0.4536460176991146, 0.3521725663716822, 1.6952035398230103, 0.26263716814159366, 0.4536460176991146, 0.16116371681416136, 1.3967522123893803, 1.5519469026548647, 0.17310176991150517, 0.793880530973453, 0.2268230088495573, 1.3609380530973436, 0.07162831858407281, 0.7401592920353959, 2.1727256637168124, 0.310389380530974, 0.244730088495573, 0.913261061946901, 1.343030973451328, 0.06565929203540091, 0.2865132743362813, 1.3310929203539792, 1.289309734513276, 1.2057433628318592, 0.5372123893805313, 0.4775221238938072, 0.1910088495575209, 0.2984513274336301, 0.16116371681416136, 0.39395575221239054, 0.549150442477875, 0.3820176991150418, 0.041783185840708316, 0.2387610619469011, 0.9729513274336301, 0.5013982300884948, 0.13728761061946876, 0.5193053097345105, 0.7103141592920365, 1.3072168141592917, 1.163960176991151, 0.11341150442478114, 0.925199115044245, 1.0863628318584062, 1.5519469026548647, 0.32829646017698966, 0.7580663716814167, 0.11938053097345304, 0.0, 0.8953539823008855, 0.2387610619469011, 0.4058938053097344, 1.7310176991150419, 0.4596150442477865, 0.16713274336283326, 0.15519469026548446, 0.03581415929203641, 0.5372123893805313, 0.4536460176991146, 0.7819424778761043, 0.041783185840708316, 0.304420353982302, 0.8177566371681406, 0.0, 1.8086150442477864, 0.8416327433628332, 0.919230088495573, 0.6028716814159272, 1.4922566371681405, 0.919230088495573, 1.3967522123893803, 1.044579646017698, 1.969778761061948, 0.6506238938053074, 0.5670575221238957, 0.09550442477876045, 1.4862876106194687, 2.148849557522125, 0.07162831858407281, 1.1878362831858387, 0.9311681415929218, 0.5073672566371668, 1.9041194690265468, 1.1699292035398228, 0.011938053097343812, 1.5698539823008852, 1.4445044247787604, 0.7103141592920365, 0.7819424778761043, 0.18503982300884897, 0.06565929203540091, 0.20891592920354157, 0.9729513274336251, 1.0863628318584062, 0.1910088495575209, 1.2176814159292033, 0.8237256637168126, 0.22085398230088538, 0.310389380530974, 0.9968274336283177, 0.1492256637168126, 1.0266725663716822, 1.0863628318584062, 0.36411061946902606, 0.7998495575221248, 0.8117876106194688, 1.1997743362831874, 0.304420353982302, 1.1758982300884948, 0.07162831858407281, 1.1699292035398228, 0.5431814159292031, 2.2204778761061927, 1.1281460176991145, 1.3370619469026561, 0.7580663716814167, 0.31635840707964585, 0.304420353982302, 0.8177566371681406, 0.9968274336283177, 0.620778761061948, 0.6983761061946876, 1.713110619469026, 0.2805442477876094, 0.9908584070796459, 0.5969026548672552, 0.31635840707964585, 0.01790707964601572, 0.37007964601769794, 0.6028716814159272, 0.48946017699115096, 1.3907831858407085, 0.4834911504424791, 0.620778761061948, 0.20891592920354157, 1.6952035398230103, 1.3191548672566353, 1.8503982300884947, 2.5189292035398227, 0.34620353982301033, 1.474349557522125, 0.919230088495573, 0.7282212389380521, 0.4178318584070782, 0.16713274336283326, 0.3581415929203542, 1.283340707964599, 0.25069911504424985, 0.13728761061946876, 0.2745752212389375, 0.38798672566371867, 1.5101637168141562, 1.2952787610619478, 0.5909336283185834, 0.734190265486724, 0.10744247787610425, 2.3040442477876093, 1.05054867256637, 0.8237256637168126, 0.5133362831858387, 0.01790707964601572, 1.3907831858407085, 0.9371371681415936, 0.047752212389380225, 0.9550442477876094, 0.06565929203540091, 0.1790707964601771, 1.0624867256637187, 0.39395575221239054, 0.734190265486724, 0.8117876106194688, 0.7759734513274323, 0.4655840707964584, 0.7461283185840728, 0.4715530973451303, 0.7580663716814167, 0.17310176991150517, 1.8742743362831824, 1.6952035398230103, 0.6148097345132759, 2.065283185840708, 0.9610132743362814, 0.10147345132743235, 1.152022123893807, 0.9729513274336301, 0.29248230088495325, 0.18503982300884897, 0.8117876106194688, 0.09550442477876045, 0.20891592920354157, 1.1997743362831874, 1.0624867256637136, 0.11938053097345304, 0.25069911504424985, 1.277371681415927, 0.16116371681416136, 0.4655840707964584, 0.39395575221239054, 0.2865132743362813, 1.4027212389380521, 0.37604867256636987, 0.005969026548671906, 0.11938053097345304, 0.7282212389380521, 0.4058938053097344, 0.9431061946902656, 0.6685309734513281, 0.5312433628318594, 1.0087654867256615, 0.2387610619469011, 0.9251991150442499, 1.7429557522123904, 0.5133362831858387, 2.453269911504422, 0.6804690265486718, 0.919230088495573, 0.5670575221238957, 0.05372123893805213, 0.16713274336283326, 0.31635840707964585, 0.11341150442478114, 1.3191548672566353, 0.4775221238938072, 0.10147345132743235, 0.18503982300884897, 1.4027212389380521, 2.7397831858407082, 1.9936548672566354, 0.2148849557522135, 0.304420353982302, 0.5909336283185834, 0.08953539823008855, 0.06565929203540091, 0.7759734513274323, 1.2355884955752188, 0.32829646017698966, 0.5312433628318594, 0.12534955752212493, 0.244730088495573, 0.2268230088495573, 1.5996991150442497, 0.041783185840708316, 1.4504734513274324, 0.20891592920354157, 0.6506238938053074, 0.8655088495575209, 1.289309734513276, 0.913261061946901, 0.5969026548672552, 0.5969026548672552, 0.11341150442477616, 1.05054867256637, 0.06565929203540091, 0.8177566371681406, 1.2236504424778751, 0.4058938053097344, 0.6804690265486718, 0.7879115044247762, 0.913261061946901, 0.8655088495575209, 0.7401592920353959, 0.9013230088495573, 0.4655840707964584, 0.7879115044247811, 0.08356637168141663, 1.1997743362831874, 0.2268230088495573, 0.26263716814159366, 1.6772964601769895, 0.8893849557522134, 2.262261061946901, 2.3517964601769896, 0.3223274336283177, 0.5670575221238957, 0.4357389380530989, 0.6267477876106198, 0.9729513274336301, 4.14250442477876, 0.3999247787610624, 0.2805442477876094, 0.37604867256636987, 1.1878362831858387, 0.18503982300884897, 0.4596150442477865, 1.3907831858407085, 0.4775221238938072, 0.4238008849557501, 0.1969778761061928, 0.5372123893805313, 0.6685309734513281, 0.1910088495575209, 0.310389380530974, 0.3999247787610624, 1.1162079646017709, 0.549150442477875, 0.8893849557522134, 0.7222522123893802, 2.524898230088495, 1.1341150442477865, 0.03581415929203641, 0.20891592920354157, 0.984889380530974, 0.4178318584070782, 0.5849646017699114, 0.2387610619469011, 0.2865132743362813, 1.4265973451327447, 0.4058938053097344, 0.37604867256636987, 0.09550442477876045, 0.18503982300884897, 0.08356637168141663, 1.6235752212389376, 1.892181415929203, 1.289309734513276, 1.9041194690265468, 0.4058938053097344, 0.2984513274336301, 0.20891592920354157, 1.1460530973451302, 0.10744247787610425, 0.4058938053097344, 0.13728761061946876, 0.31635840707964585, 0.2327920353982292, 5.091579646017698, 0.8117876106194688, 4.578243362831859, 0.07759734513274473, 0.4715530973451353, 0.31635840707964585, 0.08953539823008855, 0.6446548672566355, 0.6327168141592917, 2.315982300884953, 0.7759734513274323, 0.429769911504422, 1.2534955752212396, 2.148849557522125, 0.6327168141592917, 3.9634336283185836, 0.7640353982300885, 6.160035398230089, 0.33426548672566153, 0.05372123893805213, 0.2327920353982292, 0.5789955752212396, 1.653420353982302, 0.49542920353982295, 1.4265973451327447, 0.2327920353982292, 1.3848141592920362, 0.2745752212389375, 0.37007964601769794, 0.1492256637168126, 0.011938053097343812, 0.5610884955752188, 1.1878362831858387, 0.32829646017698966, 1.7608628318584063, 1.044579646017698, 0.2805442477876094, 0.047752212389380225, 2.9248230088495575, 0.36411061946902606, 0.9311681415929218, 0.16116371681416136, 0.304420353982302, 0.15519469026548446, 0.17310176991150517, 0.9072920353982292, 1.916057522123891, 1.3191548672566353, 0.26860619469026564, 0.44170796460177075, 2.703969026548672, 0.2327920353982292, 0.913261061946901, 3.2650575221238904, 3.491880530973448, 1.9279955752212394, 1.7548938053097345, 0.44767699115044274, 1.4922566371681405, 0.9311681415929218, 0.011938053097343812, 0.6983761061946926, 0.34023451327433346, 3.491880530973448, 0.2566681415929218, 3.7306415929203545, 2.148849557522125, 0.4238008849557501, 0.059690265486724035, 1.044579646017698, 0.005969026548671906, 0.9789203539823019, 1.4206283185840678, 1.6295442477876094, 0.01790707964601572, 0.3581415929203542, 1.0147345132743384, 0.5431814159292031, 0.37604867256636987, 1.0684557522123905, 0.07162831858407281, 0.5133362831858387, 0.29248230088495325, 0.6148097345132759, 0.7401592920353959, 0.2984513274336301, 0.07162831858407281, 1.4206283185840678, 0.4655840707964584, 1.229619469026547, 0.9072920353982292, 0.8774469026548697, 0.6327168141592917, 0.4357389380530989, 0.38798672566371867, 1.2654336283185834, 0.6267477876106198, 4.267853982300886, 0.555119469026547, 1.1460530973451302, 0.023876106194687625, 0.3999247787610624, 0.4715530973451353, 1.3609380530973436, 0.5133362831858387, 0.6267477876106198, 4.452893805309734, 1.05054867256637, 1.2355884955752188, 0.25069911504424985, 0.4834911504424791, 1.2714026548672552, 0.2805442477876094, 2.459238938053094, 0.244730088495573, 0.26263716814159366, 1.6653584070796459, 0.26263716814159366, 1.032641592920354, 0.11341150442477616, 0.34023451327433846, 0.31635840707964585, 1.044579646017698, 0.047752212389380225, 1.289309734513276, 0.2268230088495573, 0.023876106194687625, 0.05372123893805213, 1.038610619469026, 0.5252743362831873, 0.22085398230088538, 0.2148849557522135, 0.1492256637168126, 0.059690265486724035, 0.32829646017698966, 0.4596150442477865, 0.2865132743362813, 0.37604867256636987, 0.793880530973453, 0.8177566371681406, 0.44170796460177075, 0.9610132743362814, 1.4325663716814168, 0.8296946902654845, 0.2865132743362813, 0.4118628318584063, 1.0087654867256615, 1.2415575221238908, 2.7099380530973436, 2.190632743362833, 6.685309734513271, 0.38798672566371867, 1.1997743362831874, 0.8595398230088489, 3.5873849557522135, 1.713110619469026, 0.5073672566371668, 4.5901814159292025, 0.3223274336283177, 0.4178318584070782, 1.1341150442477865, 1.4564424778761043, 2.077221238938052, 0.11938053097345304, 1.1162079646017709, 1.1997743362831874, 0.793880530973453, 1.1460530973451302, 1.283340707964599, 0.08356637168141663, 0.8834159292035415, 2.2921061946902657, 0.6804690265486718, 5.031889380530974, 0.1910088495575209, 1.1818672566371669, 0.620778761061948, 0.8893849557522134, 0.2327920353982292, 0.029845132743364502, 0.20294690265486967, 0.07759734513274473, 0.7222522123893802, 1.6295442477876094, 0.5013982300884948, 0.1910088495575209, 1.0923318584070782, 0.07162831858407281, 0.10744247787610425, 0.4834911504424791, 0.4536460176991146, 0.6804690265486718, 0.005969026548671906, 4.393203539823006, 0.32829646017698966, 0.13131858407079683, 2.5786194690265467, 3.002420353982297, 0.3521725663716822, 0.15519469026548446, 4.4409557522123855, 1.1221769911504427, 0.9908584070796459, 0.29248230088495325, 4.3096371681415935, 8.935632743362829, 0.2984513274336301, 0.734190265486724, 1.2594646017699114, 0.38798672566371867, 1.5161327433628333, 4.5901814159292025, 0.9013230088495573, 0.5670575221238957, 0.023876106194692596, 0.9072920353982292, 0.8058185840707969, 4.703592920353979, 0.1492256637168126, 4.3096371681415935, 0.16116371681416136, 0.16116371681416136, 0.4596150442477865, 0.2984513274336301, 0.7640353982300885, 0.38798672566371867, 0.9550442477876094, 0.5610884955752188, 1.4027212389380521, 0.09550442477876045, 0.8655088495575209, 1.8145840707964584, 0.26860619469026564, 0.11938053097345304, 0.39395575221239054, 0.984889380530974, 1.6235752212389376, 0.7401592920353959, 0.9550442477876094, 0.34023451327433346, 0.5909336283185834, 0.37007964601769794, 0.09550442477876045, 0.5312433628318594, 0.2805442477876094, 0.7640353982300885, 1.3191548672566353, 0.4178318584070782, 0.2327920353982292, 0.06565929203539594, 0.38798672566371867, 1.6653584070796459, 0.047752212389380225, 0.5730265486725676, 0.31635840707964585, 0.8476017699115052, 0.7640353982300885, 0.7759734513274323, 0.15519469026548446, 0.7879115044247762, 1.2594646017699114, 0.10744247787610425, 5.7601106194690255, 0.8058185840707969, 3.7187035398230055, 0.18503982300884897, 0.4536460176991146, 5.6108849557522085, 7.067327433628318, 0.26263716814159366, 2.4413318584070782, 0.6685309734513281, 1.3609380530973436, 3.247150442477875, 0.3581415929203542, 1.0207035398230104, 1.8563672566371667, 0.8774469026548647, 1.6176061946902656, 0.5969026548672552, 1.289309734513276, 0.1910088495575209, 0.12534955752212493, 0.8117876106194688, 1.6116371681415937, 1.6474513274336302, 1.2176814159292033, 0.14325663716814066, 0.4655840707964584, 0.14325663716814066, 1.4982256637168125, 0.734190265486724, 0.059690265486724035, 0.14325663716814066, 0.01790707964601572, 0.6327168141592917, 1.1102389380530988, 2.2443539823008853, 0.13728761061946876, 0.31635840707964585, 0.6327168141592917, 5.2766194690265475, 1.0863628318584062, 2.6800929203539794, 2.0593141592920365, 8.070123893805308, 1.343030973451328, 2.1667566371681404, 5.52134955752212, 3.002420353982302, 6.0525929203539794, 20.563296460176986, 6.2436017699115, 6.571898230088495, 5.1094867256637135, 4.291730088495573, 4.8826637168141565, 5.2766194690265475, 5.9332123893805315, 1.3191548672566353, 10.744247787610615, 5.282588495575219, 7.395623893805308, 0.9729513274336301, 4.291730088495573, 5.91530530973451, 0.9251991150442499, 4.7215, 6.440579646017698, 0.06565929203539594, 5.509411504424776, 0.20891592920354157, 6.183911504424776, 1.6653584070796459, 4.446924778761063, 8.804314159292032, 5.431814159292031, 5.3840619469026505, 1.3669070796460159, 6.482362831858406, 3.670951327433625, 10.296570796460173, 3.253119469026547, 3.7604867256637133, 2.089159292035396, 1.5041946902654844, 0.05372123893805213, 0.1492256637168126, 7.652292035398229, 1.605668141592922, 2.262261061946901, 3.8858362831858386, 3.1755221238938023, 0.6446548672566355, 2.5428053097345105, 0.26860619469026564, 2.7099380530973436, 2.9725752212389374, 2.101097345132745, 10.583084070796458, 1.1341150442477865, 0.08953539823008855, 5.222898230088495, 3.939557522123891, 0.2029469026548647, 1.343030973451328, 2.5487743362831874, 0.5969026548672552, 1.5101637168141613, 0.549150442477875, 2.3756725663716822, 0.5372123893805313, 7.93880530973451, 1.3549690265486718, 3.9455265486725626, 0.6983761061946876, 0.4178318584070782, 1.3669070796460159, 1.4922566371681405, 5.945150442477875, 1.9399336283185835, 0.8774469026548697, 1.1818672566371669, 1.0624867256637136, 0.29248230088495825, 3.509787610619469, 3.927619469026547, 0.05372123893805213, 0.7282212389380521, 1.6713274336283177, 1.0147345132743335, 1.1699292035398228, 0.6327168141592917, 6.750969026548672, 0.1910088495575209, 2.208539823008849, 6.810659292035396, 3.0442035398230103, 0.1492256637168126, 6.488331858407078, 4.793128318584068, 1.241557522123896, 2.1548185840707967, 0.4118628318584063, 0.6924070796460158, 0.7580663716814167, 0.9490752212389375, 0.6028716814159272, 0.1910088495575209, 3.629168141592917, 6.309261061946901, 4.011185840707964, 7.335933628318584, 3.617230088495573, 0.5312433628318594, 4.297699115044244, 5.121424778761062, 4.112659292035396, 0.734190265486724, 0.3999247787610624, 4.029092920353979, 0.16116371681416136, 2.751721238938052, 2.315982300884953, 6.834535398230089, 0.9371371681415936, 1.7250486725663698, 1.5161327433628333, 7.0016681415929165, 6.709185840707963, 3.3725, 3.7664557522123907, 1.6176061946902656, 0.07162831858407281, 3.802269911504422, 1.593730088495573, 1.9817168141592918, 5.634761061946901, 0.49542920353982295, 2.8472256637168125, 3.4083141592920363, 0.2506991150442449, 0.6148097345132759, 0.13131858407079683, 1.593730088495573, 0.3521725663716822, 0.6327168141592917, 0.16116371681416136, 1.3549690265486718, 0.6028716814159272, 0.793880530973453, 0.6625619469026561, 0.4715530973451303, 0.984889380530974, 2.9606371681415937, 0.16116371681416136, 4.267853982300886, 5.1632079646017655, 4.667778761061943, 1.9399336283185835, 1.4862876106194687, 0.8834159292035415, 1.1400840707964583, 0.6088407079645991, 1.7250486725663698, 1.6832654867256616, 0.2865132743362813, 0.4834911504424791, 0.15519469026548446, 0.3223274336283177, 3.5933539823008855, 0.1910088495575209, 1.7548938053097345, 0.16713274336283326, 0.0, 6.267477876106193, 0.38201769911504674, 1.3848141592920362, 0.37007964601769794, 0.5252743362831873, 0.06565929203540091, 0.11341150442477616, 2.101097345132745, 2.011561946902656, 2.5368362831858384, 1.2355884955752188, 2.142880530973453, 4.058938053097344, 2.900946902654865, 1.5638849557522134, 1.229619469026547, 2.9725752212389374, 1.4445044247787604, 6.166004424778761, 0.15519469026548446, 7.6701991150442455, 0.2566681415929218, 1.784738938053099, 0.4596150442477865, 0.5312433628318594, 0.9669823008849533, 1.1221769911504427, 2.3100132743362813, 2.6621858407079633, 2.7218761061946872, 2.2204778761061927, 1.414659292035396, 0.7998495575221248, 3.3904070796460157, 0.2566681415929218, 0.4715530973451303, 0.08356637168141663, 2.5487743362831874, 3.9037433628318596, 0.7461283185840728, 0.2805442477876094, 1.1281460176991145, 0.4118628318584063, 0.7103141592920365, 0.8058185840707969, 1.5340398230088488, 4.667778761061943, 6.834535398230089, 0.4238008849557501, 2.2383849557522137, 0.22085398230088538, 2.262261061946901, 1.229619469026547, 2.429393805309734, 1.7369867256637186, 1.4086902654867242, 0.13131858407079683, 0.244730088495573, 0.011938053097343812, 0.08953539823008855, 0.6386858407079635, 4.858787610619468, 3.497849557522125, 0.1969778761061928, 1.3967522123893803, 0.33426548672566153, 0.2327920353982292, 0.620778761061948, 3.5336637168141563, 0.8774469026548647, 3.969402654867255, 2.3517964601769896, 0.38798672566371867, 0.3820176991150418, 0.011938053097343812, 1.4385353982300886, 2.0473761061946876, 7.2225221238938015, 0.6506238938053074, 4.303668141592917, 0.029845132743364502, 0.32829646017698966, 1.229619469026547, 5.9332123893805315, 2.3458274336283176, 0.9311681415929218, 0.8058185840707969, 0.2745752212389375, 0.6148097345132759, 0.8953539823008855, 0.6028716814159272, 0.9013230088495573, 0.7520973451327447, 0.08356637168141663, 0.14325663716814066, 1.1400840707964583, 1.1042699115044219, 0.5670575221238957, 4.363358407079645, 2.142880530973453, 4.996075221238938, 0.4058938053097344, 0.7819424778761043, 1.0923318584070782, 6.631588495575219, 0.10147345132743235, 0.16713274336283326, 0.5610884955752188, 3.8977743362831823, 0.7103141592920365, 0.244730088495573, 3.939557522123891, 0.36411061946902606, 0.7879115044247762, 4.464831858407078, 1.09830088495575, 1.5459778761061929, 0.5133362831858387, 0.620778761061948, 1.0027964601769896, 0.06565929203540091, 0.10744247787610425, 0.6804690265486718, 0.07162831858407281, 0.2029469026548647, 0.5849646017699114, 1.1162079646017709, 0.429769911504422, 4.745376106194688, 1.0684557522123905, 1.2117123893805313, 0.1910088495575209, 1.0565176991150418, 0.2745752212389375, 1.349, 1.1758982300884948, 0.6745, 0.8416327433628332, 1.5459778761061929, 0.1910088495575209, 0.5372123893805313, 1.1102389380530988, 0.2327920353982292, 0.10744247787610425, 0.5909336283185834, 0.8834159292035415, 0.03581415929203641, 0.984889380530974, 0.5789955752212396, 0.7520973451327447, 1.032641592920354, 0.2805442477876094, 0.5730265486725676, 3.7783938053097343, 3.6112610619469008, 3.939557522123891, 1.044579646017698, 0.6864380530973438, 0.7580663716814167, 0.6267477876106198, 0.5013982300884948, 1.163960176991151, 0.08356637168141663, 1.4445044247787604, 1.3788451327433595, 1.1460530973451302, 3.957464601769911, 5.121424778761062, 1.3967522123893803, 2.2204778761061927, 0.26263716814159366, 0.8177566371681406, 1.3131858407079635, 2.6621858407079633, 1.0744247787610626, 0.9013230088495573, 0.3820176991150418, 0.6028716814159272, 0.9610132743362814, 0.8714778761061928, 0.6506238938053074, 0.8595398230088489, 0.31635840707964585, 1.1341150442477865, 0.7282212389380521, 0.26860619469026564, 1.4862876106194687, 0.429769911504422, 1.713110619469026, 0.4238008849557501, 0.12534955752212493, 0.3521725663716822, 0.8416327433628332, 0.6446548672566355, 0.4834911504424791, 1.1938053097345154, 0.2566681415929218, 5.533287610619469, 0.6625619469026561, 0.5730265486725676, 0.34620353982301033, 0.6745, 0.2984513274336301, 0.9490752212389375, 0.36411061946902606, 0.913261061946901, 0.29248230088495825, 0.7222522123893802, 0.984889380530974, 0.13131858407079683, 0.2745752212389375, 0.7282212389380521, 0.6745, 4.948323008849557, 0.2148849557522135, 2.7935044247787606, 0.03581415929203641, 0.13728761061946876, 0.48946017699115096, 0.4655840707964584, 0.34620353982301033, 0.06565929203540091, 1.1102389380530988, 0.05372123893805213, 0.1492256637168126, 0.029845132743364502, 0.5730265486725676, 6.082438053097344, 0.1492256637168126, 1.7966769911504428, 0.13131858407079683, 0.17310176991150517, 0.7043451327433644, 0.17310176991150517, 1.7966769911504428, 0.005969026548671906, 0.011938053097343812, 0.06565929203540091, 2.065283185840708, 1.349, 0.4775221238938072, 1.2714026548672552, 1.5519469026548647, 0.29248230088495825, 2.3040442477876093, 1.9518716814159272, 0.12534955752212493, 0.13728761061946876, 0.5730265486725676, 0.05372123893805213, 0.44170796460177075, 0.555119469026547, 1.0087654867256615, 1.7429557522123904, 0.8117876106194688, 0.310389380530974, 1.713110619469026, 1.6892345132743334, 1.2714026548672552, 0.1790707964601771, 1.038610619469026, 0.4357389380530989, 4.709561946902651, 1.0207035398230104, 0.7580663716814167, 0.5909336283185834, 0.5133362831858387, 0.549150442477875, 0.26860619469026564, 0.7998495575221248, 0.25069911504424985, 1.6414823008849533, 0.26263716814159366, 0.3521725663716822, 0.3581415929203542, 1.2952787610619478, 0.6565929203539793, 1.5221017699115051, 1.0087654867256615, 0.5730265486725676]",0.9215773882020099,0.6745,1.0304569409307502,0.0,28.761203883495064,34069.0,22.0,1.0,0.33
1,"[0.6432731481481463, 0.3997037037037022, 0.1998518518518511, 0.9930138888888909, 3.38499074074075, 1.6362870370370424, 0.6058009259259282, 0.2810416666666675, 0.11866203703703462, 1.3802268518518537, 2.3732407407407443, 0.9305601851851887, 0.1998518518518511, 0.36847685185185364, 0.21234259259259566, 0.7619351851851861, 0.48713888888888834, 0.8493703703703723, 0.899333333333335, 0.8743518518518563, 0.4309305555555558, 1.5675879629629652, 0.562083333333335, 0.6182916666666676, 0.5808194444444441, 3.441199074074082, 0.10617129629629524, 0.11241666666667013, 0.5371018518518511, 2.0797083333333375, 0.8930879629629653, 0.28728703703703723, 0.32475925925926064, 0.23107870370370476, 0.06869907407407186, 1.5238703703703722, 0.6058009259259282, 0.6932361111111143, 1.0742037037037073, 1.5426064814814866, 0.006245370370369696, 0.38721296296296276, 0.7057268518518537, 1.4052083333333376, 0.5058750000000026, 0.1373981481481489, 1.0492222222222234, 0.39345833333333247, 0.47464814814814893, 1.286546296296298, 0.1873611111111117, 1.1366574074074096, 3.778449074074082, 0.04996296296296277, 1.0991851851851862, 1.3240185185185211, 0.06869907407407186, 0.3060231481481463, 0.03747222222222337, 0.056208333333332465, 0.28728703703703723, 0.3185138888888909, 0.8930879629629653, 0.7619351851851861, 0.5371018518518562, 0.7931620370370398, 1.961046296296303, 0.7556898148148165, 0.4184398148148164, 1.080449074074077, 1.12416666666667, 1.4739074074074097, 0.23732407407407446, 2.4356944444444464, 0.14988888888888832, 0.15613425925925803, 2.24833333333334, 0.6745, 0.48713888888888834, 2.8978518518518612, 0.17487037037037229, 1.080449074074077, 1.1054305555555612, 1.5238703703703722, 0.06869907407407186, 1.1366574074074096, 0.39345833333333247, 0.42468518518518616, 1.0179953703703748, 2.4731666666666703, 0.5495925925925956, 1.055467592592593, 0.08118981481481645, 1.1741296296296329, 0.38096759259259305, 0.7619351851851861, 0.04371759259259307, 0.24981481481481382, 0.6745, 0.8681064814814866, 0.33725, 1.0617129629629627, 0.8056527777777791, 0.23732407407407446, 0.7619351851851861, 1.2116018518518563, 0.811898148148149, 1.736212962962968, 0.5745740740740745, 1.6175509259259282, 1.6987407407407447, 0.38096759259259305, 0.4621574074074095, 1.9610462962962978, 0.9305601851851887, 0.23107870370370476, 0.3185138888888909, 0.5933101851851835, 1.1866203703703722, 0.08118981481481645, 0.11241666666666493, 0.07494444444444155, 0.48713888888888834, 0.1998518518518511, 0.0, 0.09368055555555585, 0.7681805555555558, 0.6682546296296303, 1.2678101851851888, 0.38721296296296276, 1.0242407407407446, 2.573092592592596, 0.23732407407407446, 0.8056527777777791, 1.2740555555555586, 1.823648148148149, 2.2295972222222256, 2.2295972222222256, 0.38096759259259305, 1.2553194444444442, 1.3614907407407446, 0.09368055555555585, 0.39970370370370734, 0.7182175925925931, 0.899333333333335, 0.09992592592592554, 1.0055046296296304, 0.5808194444444441, 1.2927916666666674, 0.562083333333335, 0.7307083333333376, 0.48713888888888834, 0.811898148148149, 0.11866203703703462, 0.5121203703703723, 0.38721296296296276, 0.25606018518518353, 1.1116759259259255, 0.3310046296296303, 0.21234259259259047, 0.3997037037037022, 0.03747222222222337, 0.1873611111111117, 0.9430509259259281, 1.642532407407412, 1.149148148148149, 0.4309305555555558, 0.32475925925926064, 0.9555416666666675, 1.667513888888891, 1.01175, 1.3614907407407446, 1.2178472222222259, 1.1304120370370399, 1.3115277777777818, 0.9742777777777818, 0.7431990740740771, 0.04371759259259307, 1.3864722222222232, 0.10617129629629524, 0.3747222222222234, 0.6745, 0.5995555555555584, 0.5371018518518562, 1.3552453703703748, 0.08743518518518614, 1.0179953703703697, 1.0117500000000053, 0.7806712962962953, 0.23107870370370476, 0.17487037037037229, 0.04996296296296277, 0.7931620370370398, 1.5176250000000027, 0.5058750000000026, 0.9867685185185212, 1.8174027777777793, 0.03747222222222337, 0.8181435185185186, 0.49338425925926316, 0.6120462962962978, 1.9423101851851887, 0.03122685185185368, 0.8618611111111116, 1.6300416666666726, 1.1803750000000026, 1.1553935185185185, 0.5246111111111117, 0.4684027777777792, 0.1311527777777792, 0.362231481481484, 0.5683287037037048, 0.7244629629629628, 1.1553935185185185, 0.7494444444444468, 1.4114537037037074, 0.25606018518518353, 0.0, 1.4364351851851913, 1.2990370370370372, 0.44342129629629523, 0.28728703703703723, 0.7307083333333324, 1.9735370370370424, 0.11866203703703983, 0.018736111111114288, 1.1803750000000026, 0.7494444444444468, 0.9805231481481514, 0.056208333333332465, 0.7182175925925931, 0.29977777777777664, 0.2685509259259281, 0.9555416666666675, 0.8306342592592632, 0.1311527777777792, 0.4621574074074095, 0.056208333333332465, 0.47464814814814893, 1.2678101851851888, 0.7369537037037073, 0.8306342592592632, 1.2365833333333351, 0.04371759259259307, 0.7431990740740771, 1.167884259259263, 0.9555416666666675, 0.6245370370370372, 1.2678101851851888, 0.14364351851851861, 0.4559120370370398, 0.056208333333332465, 1.8548750000000027, 0.7244629629629628, 0.8681064814814813, 1.4364351851851913, 0.9180694444444494, 0.24356944444444417, 0.6994814814814839, 0.6557638888888909, 0.7931620370370398, 0.4184398148148164, 0.0, 0.03122685185185368, 1.5051342592592631, 0.7994074074074095, 0.11866203703703462, 2.5356203703703777, 0.23732407407407446, 0.6620092592592606, 0.5558379629629654, 0.25606018518518353, 0.5058750000000026, 1.911083333333335, 1.036731481481484, 1.3365092592592607, 0.4059490740740718, 1.4052083333333376, 0.5933101851851887, 0.062453703703702165, 0.7369537037037073, 1.373981481481484, 0.9680324074074121, 0.09368055555555585, 0.4184398148148164, 0.04996296296296277, 0.7244629629629628, 0.11241666666666493, 0.07494444444444674, 0.5058750000000026, 0.8368796296296328, 1.2490740740740796, 0.8243888888888935, 1.2303379629629652, 0.7431990740740771, 0.9118240740740745, 1.5426064814814866, 0.24981481481481382, 0.2685509259259281, 0.38721296296296276, 0.5495925925925956, 0.01873611111110909, 1.7049861111111142, 0.6869907407407446, 0.2935324074074069, 1.4551712962963006, 1.8174027777777793, 0.9430509259259281, 1.0866944444444468, 0.6745, 0.39345833333333247, 1.2927916666666674, 0.5558379629629654, 0.39345833333333247, 0.2060972222222208, 0.2623055555555584, 0.21858796296296537, 0.6245370370370372, 0.8743518518518512, 0.8431250000000027, 1.2240925925925956, 0.25606018518518353, 0.25606018518518875, 0.33725, 0.6245370370370372, 0.6058009259259282, 0.08118981481481645, 1.0242407407407446, 0.5995555555555584, 1.0242407407407446, 1.5301157407407473, 1.2178472222222259, 0.7744259259259307, 2.7729444444444518, 0.4371759259259256, 0.15613425925925803, 0.2935324074074069, 1.0679583333333376, 0.1998518518518511, 0.7619351851851861, 0.16237962962962768, 1.6987407407407447, 0.3747222222222234, 0.11241666666666493, 0.21234259259259047, 0.33725, 1.4926435185185185, 0.48713888888888834, 0.0, 0.012490740740739392, 0.4808935185185186, 1.7174768518518537, 1.1116759259259308, 0.2747962962962978, 0.7119722222222233, 1.623796296296298, 0.5808194444444441, 0.8743518518518563, 0.680745370370375, 0.5933101851851887, 0.7806712962962953, 0.32475925925926064, 0.09368055555555585, 0.4559120370370398, 2.9540601851851886, 1.330263888888891, 1.555097222222226, 3.0102685185185263, 1.0492222222222234, 0.7681805555555558, 1.9922731481481515, 0.4309305555555558, 0.24356944444444417, 1.3552453703703748, 0.11241666666666493, 1.8423842592592632, 0.41219444444444675, 0.8431250000000027, 0.8306342592592632, 0.21858796296296015, 1.2553194444444493, 0.2685509259259281, 0.3497407407407394, 0.2747962962962978, 0.5870648148148191, 0.4184398148148164, 1.3240185185185211, 0.33725, 1.9860277777777817, 0.9055787037037047, 0.06869907407407186, 0.42468518518518616, 0.9430509259259281, 0.3747222222222234, 0.9617870370370372, 0.21858796296296537, 0.09368055555555585, 0.5870648148148191, 0.1686250000000026, 1.961046296296303, 0.09368055555555585, 0.5058750000000026, 0.880597222222226, 0.4184398148148164, 0.42468518518518616, 0.9555416666666675, 0.9805231481481514, 0.17487037037037229, 0.6557638888888909, 2.4794120370370396, 0.03747222222222337, 0.21234259259259047, 0.1686249999999974, 0.5933101851851835, 0.9430509259259281, 0.012490740740739392, 0.3185138888888909, 0.42468518518518616, 0.7994074074074095, 0.6307824074074069, 0.23732407407407446, 1.1179212962963005, 0.09992592592592554, 0.5558379629629654, 0.21234259259259047, 1.4739074074074097, 1.2178472222222259, 0.5121203703703723, 0.6245370370370372, 0.38721296296296276, 2.454430555555561, 1.711231481481484, 0.35598611111110906, 0.9930138888888909, 1.3802268518518537, 0.9368055555555584, 0.5058750000000026, 1.0492222222222234, 0.2747962962962978, 0.1998518518518511, 0.38096759259259305, 1.1116759259259255, 0.5371018518518562, 0.7057268518518537, 0.7182175925925931, 2.0859537037037073, 0.32475925925926064, 0.5121203703703723, 1.5426064814814866, 0.5683287037037048, 0.2935324074074069, 0.6807453703703696, 0.024981481481478784, 0.3434953703703697, 0.40594907407407704, 0.024981481481483984, 0.11241666666667013, 0.7744259259259255, 1.1741296296296329, 0.8868425925925957, 0.07494444444444155, 0.4559120370370398, 1.4739074074074097, 1.3989629629629678, 1.0991851851851862, 1.3989629629629678, 0.924314814814819, 1.0429768518518536, 0.3747222222222234, 0.6307824074074069, 0.48713888888888834, 0.8306342592592632, 2.3482592592592657, 0.9867685185185212, 0.4371759259259256, 0.7994074074074095, 0.38721296296296276, 1.3115277777777818, 0.9555416666666675, 0.7744259259259307, 0.181115740740742, 0.3997037037037022, 1.3177731481481516, 0.1998518518518511, 0.04996296296296277, 0.0, 1.598814814814819, 0.49338425925926316, 0.48713888888888834, 1.417699074074077, 0.6745, 0.09368055555555585, 0.3122685185185212, 0.9930138888888909, 1.1553935185185185, 0.4371759259259256, 0.47464814814814893, 0.7431990740740771, 0.4371759259259256, 1.6862500000000054, 0.3185138888888909, 0.44966666666666494, 0.3434953703703697, 0.38721296296296276, 1.061712962962968, 0.811898148148149, 0.7931620370370398, 0.36847685185185364, 0.08743518518518614, 0.5058750000000026, 0.7119722222222233, 0.08743518518518614, 0.21234259259259047, 1.0991851851851862, 1.0929398148148164, 0.3310046296296303, 1.417699074074077, 2.0609722222222286, 1.1179212962963005, 0.03747222222222337, 0.06869907407407186, 0.9055787037037047, 0.9430509259259281, 2.660527777777782, 0.5683287037037048, 1.4301898148148164, 1.2678101851851888, 0.5995555555555584, 0.07494444444444155, 0.30602314814815157, 0.562083333333335, 0.22483333333333508, 1387.5963888888919, 1.0242407407407446, 2.210861111111117, 4.746481481481489, 3.9470740740740795, 0.04371759259259307, 4.146925925925936, 1.4614166666666701, 7.132212962962978, 7.250875000000013, 0.855615740740742, 0.5558379629629654, 3.5286342592592685, 1.2990370370370372, 0.8868425925925957, 0.25606018518518353, 1.0492222222222234, 1.754949074074077, 1.8548750000000027, 1.0492222222222234, 3.4099722222222284, 0.9992592592592606, 0.09368055555555585, 1.5488518518518564, 0.3434953703703697, 1.1866203703703722, 3.38499074074075, 0.1373981481481489, 1.2303379629629652, 0.811898148148149, 0.4371759259259256, 0.5808194444444441, 0.48713888888888834, 0.9492962962962979, 0.38721296296296276, 2.6105648148148193, 3.5223888888888935, 0.24356944444444417, 0.7994074074074095, 1.080449074074077, 0.3434953703703697, 0.9555416666666675, 1.0242407407407446, 3.6348055555555634, 0.3559861111111143, 0.23107870370370476, 0.4621574074074095, 1.167884259259263, 0.42468518518518616, 0.38096759259259305, 0.5870648148148138, 5.133694444444457, 0.4184398148148164, 0.17487037037037229, 0.36847685185185364, 0.6682546296296303, 5.127449074074082, 0.6994814814814839, 0.9305601851851887, 0.1998518518518511, 0.3122685185185212, 0.5246111111111117, 0.2747962962962978, 0.7494444444444468, 4.1344351851851915, 0.28728703703703723, 5.346037037037047, 0.23107870370370476, 0.006245370370369696, 1.5238703703703722, 0.9368055555555584, 3.959564814814824, 5.1961481481481595, 1.398962962962963, 0.6932361111111143, 1.7237222222222233, 1.1866203703703722, 0.3434953703703697, 2.342013888888891, 0.03747222222222337, 0.24356944444444417, 0.03747222222222337, 0.5121203703703723, 1.9735370370370424, 5.146185185185196, 0.5933101851851887, 1.9735370370370424, 4.015773148148156, 0.6182916666666676, 0.14364351851851861, 1.3927175925925983, 0.6682546296296303, 1.0429768518518536, 1.417699074074077, 0.3559861111111143, 0.23107870370370476, 0.47464814814814893, 1.2990370370370425, 0.8618611111111116, 0.5371018518518562, 1.1991111111111168, 0.9555416666666675, 0.7244629629629628, 1.7049861111111142, 0.7369537037037022, 2.5855833333333402, 0.4371759259259256, 2.029745370370375, 0.8493703703703723, 0.38721296296296276, 0.16237962962962768, 0.12490740740740952, 0.4684027777777792, 0.23732407407407446, 0.06869907407407186, 0.6869907407407446, 0.39345833333333247, 0.2810416666666675, 0.5246111111111117, 0.14988888888888832, 1.3614907407407446, 0.23732407407407446, 1.5363611111111168, 1.1366574074074096, 0.9243148148148138, 0.4309305555555558, 0.24356944444444417, 0.8056527777777791, 0.5995555555555584, 0.7119722222222233, 0.08118981481481645, 2.8728703703703773, 0.006245370370369696, 0.5308564814814813, 1.6175509259259282, 0.3747222222222234, 0.1873611111111117, 0.2623055555555584, 0.15613425925925803, 0.09368055555555585, 0.8368796296296328, 0.8181435185185186, 0.2935324074074069, 2.25457870370371, 0.3997037037037022, 0.9430509259259281, 0.08743518518518614, 0.29977777777777664, 0.062453703703702165, 0.8930879629629653, 0.6182916666666676, 0.04371759259259307, 0.42468518518518616, 0.7494444444444468, 2.9228333333333403, 0.4808935185185186, 1.6050601851851887, 0.6994814814814839, 0.5558379629629654, 3.029004629629635, 1.417699074074077, 1.9860277777777817, 0.8681064814814866, 0.31226851851851606, 0.9742777777777818, 0.9305601851851887, 0.6745, 2.766699074074077, 0.08743518518518614, 0.04371759259259307, 0.0, 0.5121203703703723, 0.11866203703703983, 1.1803750000000026, 1.5925694444444494, 0.9055787037037047, 2.3794861111111145, 1.7861759259259307, 0.8056527777777791, 0.4684027777777792, 1.242828703703705, 0.1873611111111117, 0.024981481481478784, 1.3552453703703748, 0.14988888888888832, 0.14988888888888832, 0.5246111111111117, 1.398962962962963, 0.7869166666666702, 0.24981481481481382, 0.01873611111110909, 0.518365740740742, 1.4364351851851862, 0.6620092592592606, 0.7994074074074095, 0.6495185185185213, 1.1179212962963005, 0.9118240740740745, 0.2935324074074069, 0.9243148148148138, 0.9742777777777818, 0.7369537037037022, 0.5121203703703723, 1.8049120370370397, 1.1991111111111168, 0.5246111111111117, 0.7307083333333376, 0.8681064814814813, 1.1616388888888936, 1.2927916666666726, 0.012490740740739392, 0.7431990740740771, 0.4808935185185186, 0.44342129629629523, 0.12490740740740952, 1.1991111111111168, 0.2623055555555584, 0.7119722222222233, 0.5495925925925956, 0.24356944444444417, 0.49338425925926316, 0.1873611111111117, 0.9492962962962979, 1.8985925925925957, 0.6932361111111143, 0.4996296296296329, 0.1873611111111117, 1.2303379629629652, 1.3427546296296355, 0.006245370370369696, 2.167143518518524, 0.6620092592592606, 0.9055787037037047, 1.8361388888888936, 0.2060972222222208, 0.1873611111111117, 0.9368055555555584, 1.0929398148148164, 0.6994814814814839, 0.38096759259259305, 1.79866666666667, 1.4926435185185238, 0.7931620370370398, 0.680745370370375, 0.7244629629629628, 0.7994074074074095, 0.518365740740742, 1.0929398148148164, 1.080449074074077, 0.811898148148149, 1.0117500000000053, 0.7744259259259307, 0.47464814814814893, 1.648777777777782, 1.0117500000000053, 0.06869907407407706, 1.8985925925925957, 0.21234259259259047, 0.2685509259259281, 0.44966666666667016, 0.6120462962962978, 0.1623796296296329, 0.6557638888888909, 0.5495925925925956, 0.3310046296296303, 1.5925694444444494, 0.07494444444444674, 1.979782407407412, 0.7494444444444468, 1.555097222222226, 0.14364351851851861, 0.062453703703702165, 1.0304861111111143, 0.680745370370375, 0.1311527777777792, 0.10617129629629524, 0.17487037037037229, 0.11866203703703462, 1.6987407407407447, 0.32475925925926064, 1.8361388888888936, 0.518365740740742, 0.7806712962962953, 0.6120462962962978, 1.080449074074077, 0.49962962962962765, 1.3240185185185211, 0.6120462962962978, 0.9992592592592606, 0.5933101851851835, 0.899333333333335, 0.562083333333335, 0.3997037037037022, 0.1998518518518511, 2.3732407407407443, 0.41219444444444675, 0.31226851851851606, 0.1373981481481489, 0.14988888888888832, 0.26230555555555324, 0.09368055555555585, 0.19360648148148138, 0.09992592592592554, 0.7119722222222233, 0.2623055555555584, 0.7556898148148165, 0.7057268518518537, 1.2678101851851888, 0.04371759259259307, 0.181115740740742, 0.42468518518518616, 1.573833333333335, 1.9110833333333404, 1.4426805555555609, 0.21858796296296537, 0.024981481481478784, 0.3997037037037022, 1.12416666666667, 2.0859537037037073, 0.2623055555555584, 1.0929398148148164, 0.8181435185185186, 0.03747222222222337, 0.5558379629629654, 1.5301157407407473, 2.6730185185185262, 0.8431250000000027, 1.0179953703703748, 0.23732407407407446, 1.5051342592592631, 1.2240925925925956, 0.8930879629629653, 0.4808935185185186, 0.7931620370370398, 2.3170324074074125, 0.4309305555555558, 0.38721296296296276, 0.9617870370370372, 0.4184398148148164, 0.680745370370375, 1.442680555555556, 1.5426064814814866, 0.9430509259259281, 1.0242407407407446, 0.4184398148148164, 1.773685185185186, 0.5745740740740745, 1.0492222222222234, 1.417699074074077, 0.28728703703703723, 0.3310046296296303, 1.4614166666666701, 0.7119722222222233, 0.5308564814814813, 1.0117500000000053, 2.722981481481489, 1.46766203703704, 0.21234259259259047, 0.03122685185185368, 0.07494444444444674, 1.8361388888888936, 0.1998518518518511, 1.961046296296303, 0.07494444444444674, 0.7307083333333324, 0.7931620370370398, 0.6432731481481515, 0.07494444444444674, 1.3677361111111142, 0.7119722222222233, 0.7244629629629628, 0.2935324074074069, 1.0304861111111143, 1.5363611111111168, 0.6745, 0.23732407407407446, 0.1373981481481489, 0.6745, 0.518365740740742, 0.44342129629629523, 0.4621574074074095, 0.10617129629629524, 0.181115740740742, 1.0742037037037073, 0.4808935185185186, 0.024981481481478784, 0.7244629629629628, 0.04371759259259307, 1.12416666666667, 2.073462962962968, 0.12490740740740952, 0.33725, 1.0929398148148164, 0.181115740740742, 0.562083333333335, 1.5363611111111115, 0.012490740740739392, 0.899333333333335, 0.11866203703703983, 0.3434953703703697, 0.006245370370369696, 2.8291527777777845, 1.9485555555555583, 0.49962962962962765, 0.08118981481481645, 0.680745370370375, 3.416217592592598, 1.5800787037037047, 2.879115740740747, 0.19360648148148138, 0.8368796296296328, 0.680745370370375, 0.3060231481481463, 0.3747222222222234, 0.5683287037037048, 1.5863240740740745, 1.4114537037037074, 0.39345833333333247, 1.3802268518518537, 0.5683287037037048, 0.24981481481481382, 1.2990370370370372, 0.6307824074074069, 0.15613425925925803, 0.17487037037037229, 0.9805231481481514, 0.08118981481481645, 2.941569444444449, 1.9548009259259334, 0.6495185185185213, 0.11241666666666493, 0.24981481481481382, 0.8431250000000027, 0.09992592592592554, 1.3614907407407446, 0.4184398148148164, 1.2990370370370425, 0.1998518518518511, 0.9867685185185212, 0.9118240740740745, 0.6557638888888909, 0.181115740740742, 0.6557638888888909, 0.6495185185185213, 0.08743518518518614, 0.14364351851851861, 2.204615740740747, 1.6175509259259282, 1.3115277777777818, 1.2240925925925956, 0.04996296296296277, 0.006245370370369696, 0.9492962962962979, 0.5808194444444441, 0.8056527777777791, 0.5995555555555584, 0.33725, 0.47464814814814893, 1.8298935185185237, 0.1311527777777792, 1.936064814814819, 0.3310046296296303, 2.029745370370375, 2.0172546296296354, 0.8243888888888935, 0.3559861111111143, 0.32475925925926064, 0.5683287037037048, 0.8431250000000027, 0.4808935185185186, 0.42468518518518616, 4.596592592592601, 2.766699074074077, 0.9243148148148138, 0.36847685185185364, 0.19360648148148138, 1.6987407407407447, 0.9118240740740745, 0.10617129629629524, 0.6620092592592606, 1.7299675925925984, 1.0304861111111143, 3.7722037037037124, 2.2358425925925958, 1.055467592592593, 0.1311527777777792, 1.373981481481484, 0.3185138888888909, 1.8111574074074095, 0.7244629629629628, 1.6550231481481517, 0.12490740740740952, 0.11241666666666493, 0.1373981481481489, 0.30602314814815157, 0.6432731481481515, 3.022759259259266, 6.389013888888901, 0.880597222222226, 2.023500000000005, 1.8611203703703774, 0.23107870370370476, 0.47464814814814893, 1.911083333333335, 0.7869166666666702, 0.3747222222222234, 0.7681805555555558, 0.17487037037037229, 0.024981481481478784, 1.8361388888888936, 1.1616388888888882, 4.184398148148154, 2.5106388888888937, 0.8306342592592632, 0.29977777777777664, 0.2810416666666675, 1.0117500000000053, 1.0179953703703748, 0.04371759259259307, 1.667513888888891, 2.292050925925933, 1.1054305555555612, 1.1866203703703722, 1.6050601851851887, 0.518365740740742, 0.6432731481481515, 0.6495185185185213, 1.2490740740740796, 0.4309305555555558, 0.181115740740742, 0.6745, 0.9368055555555584, 0.6058009259259282, 1.3177731481481516, 1.8985925925925957, 0.9867685185185212, 0.1311527777777792, 1.0679583333333376, 0.543347222222226, 0.10617129629629524, 1.305282407407412, 1.961046296296303, 3.8533935185185237, 1.1116759259259308, 0.362231481481484, 1.3864722222222232, 0.1873611111111117, 0.9055787037037047, 0.11241666666666493, 0.518365740740742, 0.181115740740742, 0.7057268518518537, 3.0477407407407444, 2.292050925925933, 1.936064814814819, 1.3365092592592607, 0.680745370370375, 0.3747222222222234, 0.9368055555555584, 0.08743518518518614, 0.23107870370370476, 0.28158737864077754, 0.7727281553398055, 1.702621359223299, 1.2114805825242712, 0.6614029126213606, 1.2114805825242712, 0.6744999999999945, 0.6221116504854319, 0.4125582524271814, 1.1001553398058206, 0.20300485436893087, 1.2835145631067926, 0.33397572815534016, 0.9364417475728131, 0.6221116504854319, 0.5435291262135907, 1.6436844660194112, 0.21610194174757016, 1.0281213592232992, 0.7137912621359178, 0.9298932038834935, 0.5500776699029103, 0.5173349514563066, 0.3077815533980561, 1.5651019417475702, 1.0281213592232992, 0.46494660194174947, 1.9580145631067871, 1.3097087378640713, 0.6090145631067926, 0.24884466019417387, 0.34052427184465983, 0.536980582524271, 0.8382135922330075, 0.29468446601941684, 0.517334951456312, 0.9495388349514525, 0.1571650485436879, 0.47149514563106365, 2.881359223300961, 0.5631747572815551, 0.7923737864077646, 0.6221116504854374, 1.0739611650485366, 0.20300485436893087, 0.7989223300970841, 1.4865194174757235, 2.4098640776698974, 1.8728834951456261, 0.720339805825243, 0.46494660194174403, 0.6548543689320356, 0.30123300970873645, 0.39946116504854207, 0.4845922330097084, 0.19645631067961122, 1.0412184466019383, 0.5304320388349514, 0.6352087378640766, 0.9953786407766955, 0.4583980582524244, 1.00847572815534, 1.067412621359217, 1.257320388349514, 1.8204951456310636, 0.5304320388349514, 0.5304320388349514, 0.34052427184465983, 2.193762135922327, 0.09822815533980561, 0.42565533980582615, 0.19645631067961122, 3.706475728155329, 1.3751941747572787, 0.6548543689320356, 0.33397572815534016, 0.6941456310679589, 0.7465339805825215, 0.4845922330097084, 0.01964563106795894, 1.0543155339805776, 0.3863640776699028, 1.047766990291258, 0.4125582524271814, 0.33397572815534016, 0.8644077669902915, 0.13097087378640385, 0.07203398058252157, 0.6221116504854374, 6.0574029126213444, 1.1067038834951457, 0.9429902912621327, 0.39291262135922245, 0.44530097087378506, 0.3077815533980561, 1.1590922330097029, 0.01964563106795894, 0.1309708737864093, 0.26194174757281313, 0.5238834951456318, 2.0104029126213496, 0.013097087378639294, 0.6548543689320356, 0.13097087378640385, 0.06548543689320192, 1.676427184466015, 1.4865194174757235, 0.28813592233009716, 1.8008495145630992, 1.0019271844660151, 0.2161019417475756, 0.04583980582524298, 1.1721893203883478, 4.302393203883482, 1.2900631067961121, 0.5107864077669925, 0.20300485436893087, 0.15061650485436823, 0.1571650485436879, 0.3601699029126188, 0.31433009708738124, 1.3686456310679533, 0.07858252427184122, 1.5127135922330075, 0.7661796116504805, 1.270417475728148, 1.7746553398058207, 0.13097087378640385, 0.6744999999999945, 0.026194174757278588, 0.28813592233009716, 0.5238834951456263, 1.2114805825242656, 0.0, 0.5304320388349514, 0.8709563106796112, 0.14406796116504858, 3.4248883495145517, 0.45184951456310474, 2.907553398058245, 0.20300485436893087, 0.5042378640776674, 0.3863640776699028, 0.4845922330097084, 0.058936893203882276, 1.7288155339805777, 0.8775048543689308, 0.013097087378639294, 0.21610194174757016, 1.2769660194174728, 0.7465339805825215, 0.07203398058252702, 0.9429902912621327, 0.03929126213592333, 1.0019271844660151, 0.8054708737864038, 2.0234999999999945, 1.4406796116504805, 1.00847572815534, 0.18335922330097193, 0.006548543689319647, 1.1459951456310637, 1.9842087378640711, 0.006548543689319647, 0.3863640776699028, 0.6286601941747516, 1.1525436893203833, 1.4734223300970841, 0.4387524271844654, 0.9036990291262095, 0.8447621359223271, 1.0543155339805832, 0.39946116504854207, 0.8447621359223271, 1.2507718446601888, 0.648305825242716, 0.8054708737864038, 0.14406796116504858, 0.39291262135922245, 0.2422961165048542, 1.4406796116504805, 0.49768932038834773, 0.9691844660194113, 0.2422961165048542, 0.1309708737864093, 0.28158737864077754, 0.7137912621359234, 1.5651019417475702, 0.4845922330097084, 0.5959174757281533, 0.9364417475728131, 0.29468446601941684, 0.09822815533980561, 1.1328980582524244, 0.42565533980582065, 0.8054708737864038, 1.11325242718446, 0.6417572815533963, 0.6417572815533963, 0.7399854368932018, 1.3686456310679533, 0.6221116504854319, 0.9953786407766955, 0.6679514563106749, 0.720339805825243, 0.6024660194174729, 0.6090145631067926, 0.07203398058252157, 0.3208786407766954, 0.30123300970873645, 0.8054708737864038, 1.5258106796116468, 0.5304320388349514, 0.3143300970873758, 0.609014563106798, 1.0805097087378617, 0.17681067961165228, 1.3031601941747517, 0.34052427184465983, 0.510786407766987, 0.13751941747572893, 0.8185679611650486, 0.24884466019417387, 0.2422961165048542, 0.7072427184465981, 0.8775048543689308, 0.7072427184465981, 0.17026213592232717, 0.9691844660194168, 0.32742718446602054, 1.7812038834951402, 0.49768932038834773, 0.6679514563106803, 0.517334951456312, 0.7858252427184449, 1.0805097087378617, 0.6221116504854374, 0.6155631067961121, 0.9167961165048543, 1.0346699029126187, 0.5042378640776674, 0.17681067961165228, 0.30123300970873645, 0.6352087378640766, 1.0543155339805832, 1.892529126213585, 1.6174902912621327, 2.174116504854363, 1.6633300970873703, 0.45184951456310474, 0.37981553398058315, 1.3489999999999946, 0.11132524271844492, 0.4387524271844654, 0.43220388349514577, 0.1571650485436879, 0.058936893203882276, 0.8644077669902915, 0.47149514563106365, 0.6417572815533963, 0.06548543689320192, 0.2161019417475756, 1.4013883495145627, 0.0, 1.0543155339805832, 0.18990776699029158, 0.14406796116504858, 0.536980582524271, 1.0608640776698974, 0.6875970873786393, 0.026194174757278588, 0.07858252427184666, 1.0739611650485366, 0.8644077669902861, 0.1833592233009665, 0.07203398058252157, 0.9233446601941684, 0.36671844660194386, 0.5042378640776674, 0.42565533980582065, 0.20955339805825052, 0.5238834951456318, 0.7137912621359234, 0.7465339805825215, 0.5304320388349514, 0.6548543689320356, 0.6614029126213553, 0.29468446601941684, 1.8466893203883477, 0.857859223300972, 0.8316650485436878, 0.163713592233013, 1.0543155339805776, 0.7596310679611609, 0.7530825242718413, 0.8120194174757235, 1.2507718446601888, 0.40600970873786174, 0.5238834951456318, 2.8551650485436824, 0.5238834951456318, 0.3077815533980561, 2.193762135922322, 2.0693398058252375, 0.5042378640776674, 0.8185679611650486, 0.8185679611650432, 0.35362135922329907, 0.6286601941747516, 0.9298932038834935, 0.43220388349514577, 0.6875970873786393, 0.766179611650486, 0.44530097087378506, 1.3424514563106749, 0.37326699029125804, 2.4622524271844597, 0.41255825242718686, 0.11132524271844492, 1.7353640776698973, 2.5277378640776615, 1.6371359223300916, 0.40600970873786174, 0.9298932038834935, 0.07203398058252157, 0.5042378640776674, 0.07858252427184122, 0.6745, 0.4583980582524244, 0.49768932038834773, 0.7727281553398055, 1.5912961165048487, 0.46494660194174403, 1.813946601941744, 1.2180291262135907, 0.9953786407766955, 0.18990776699029158, 0.46494660194174947, 0.40600970873786174, 0.8185679611650486, 0.5697233009708746, 0.10477669902912526, 0.9102475728155346, 0.39291262135922245, 0.11787378640776455, 0.22265048543688984, 1.0412184466019383, 2.5015436893203833, 1.2704174757281532, 0.41255825242718686, 0.34707281553397945, 1.4537766990291252, 0.8906019417475701, 0.9560873786407721, 0.4780436893203833, 0.45184951456310474, 0.8185679611650486, 0.7923737864077646, 1.2114805825242656, 0.3863640776699028, 2.3181844660194115, 0.20300485436893087, 0.1571650485436879, 0.26849029126213825, 1.702621359223299, 1.5978446601941683, 0.14406796116504858, 0.8775048543689308, 0.40600970873786174, 0.6352087378640766, 1.8139466019417385, 1.899077669902905, 0.13097087378640385, 0.8644077669902915, 0.13097087378640385, 0.42565533980582065, 2.3705728155339743, 1.676427184466015, 0.1309708737864093, 0.2553932038834935, 1.8663349514563012, 0.17681067961164684, 1.047766990291258, 0.6548543689320356, 0.536980582524271, 0.8054708737864038, 1.2704174757281532, 1.1590922330097084, 0.06548543689320738, 0.1244223300970842, 0.11132524271844492, 0.46494660194174403, 0.2553932038834935, 1.0870582524271815, 1.78775242718446, 1.3555485436893142, 0.2750388349514524, 0.28158737864077754, 0.648305825242716, 1.2835145631067926, 1.722266990291258, 0.20300485436893087, 1.270417475728148, 1.0412184466019383, 0.5631747572815551, 0.13751941747572893, 1.7746553398058207, 0.01964563106795894, 1.2180291262135852, 1.0412184466019383, 0.10477669902912526, 1.1983834951456263, 0.39291262135922245, 0.4780436893203833, 0.8316650485436878, 1.493067961165043, 0.5959174757281533, 0.9953786407766955, 0.14406796116504858, 0.20300485436893087, 0.17681067961165228, 0.7137912621359178, 0.08513106796116632, 0.34052427184465983, 1.5061650485436877, 1.3228058252427157, 1.2245776699029103, 0.8775048543689308, 1.421033980582516, 0.5304320388349514, 0.8709563106796058, 0.019645631067964395, 0.9429902912621327, 1.0019271844660151, 0.6744999999999945, 2.147922330097079, 0.07203398058252157, 0.16371359223300755, 1.5127135922330075, 2.67835436893203, 0.3077815533980561, 0.8054708737864038, 1.0870582524271815, 1.073961165048542, 0.9560873786407721, 0.5107864077669925, 0.24884466019417387, 0.37326699029125804, 0.6614029126213553, 0.9167961165048488, 1.2507718446601888, 0.5697233009708693, 0.15061650485436823, 0.34052427184465983, 1.3097087378640766, 0.05238834951456263, 0.55662621359223, 1.5454563106796058, 0.9233446601941684, 1.6436844660194112, 1.0608640776699028, 1.0346699029126187, 0.2553932038834935, 0.3601699029126188, 0.1309708737864093, 0.9822815533980561, 0.6875970873786393, 0.5631747572815496, 1.1656407766990282, 0.47149514563106365, 0.29468446601941684, 0.44530097087378506, 0.609014563106798, 0.9822815533980561, 0.47804368932038876, 1.3359029126213553, 0.8316650485436878, 0.33397572815534016, 0.2553932038834935, 0.163713592233013, 1.9645631067961122, 0.7399854368932018, 0.7399854368932018, 0.1571650485436879, 0.28158737864077205, 1.0346699029126187, 1.3097087378640766, 0.43220388349514577, 0.032742718446598235, 0.5500776699029103, 0.23574757281553457, 0.9298932038834935, 1.879432038834946, 0.5697233009708746, 0.3143300970873758, 0.5959174757281533, 1.5585533980582507, 2.291990291262133, 0.6090145631067926, 1.8139466019417385, 0.9626359223300972, 0.22919902912621493, 1.630587378640772, 1.119800970873785, 0.33397572815534016, 0.4387524271844654, 0.9298932038834935, 1.656781553398056, 2.6259660194174677, 1.5389077669902862, 1.3097087378640766, 0.5107864077669925, 0.40600970873786174, 0.6548543689320356, 0.08513106796116632, 0.08513106796116632, 0.29468446601941684, 0.2422961165048542, 0.45184951456310474, 0.37326699029126353, 0.07858252427184122, 0.019645631067964395, 1.3817427184465982, 0.013097087378639294, 0.7268883495145572, 0.8185679611650486, 0.7137912621359178, 1.1198009708737797, 0.37326699029126353, 0.9298932038834935, 0.7334368932038823, 0.8906019417475701, 0.7268883495145626, 0.8185679611650432, 0.03274271844660369, 0.40600970873786174, 0.812019417475729, 0.03274271844660369, 0.058936893203882276, 1.1983834951456263, 1.6960728155339742, 0.6810485436893197, 0.22919902912620946, 0.15061650485436823, 0.08513106796116632, 2.691451456310669, 0.9888300970873758, 0.02619417475728404, 0.058936893203882276, 0.6352087378640766, 0.22265048543689525, 1.4668737864077592, 1.5716504854368898, 0.33397572815534016, 1.604393203883488, 0.9429902912621327, 1.1263495145631046, 0.4191067961165065, 0.6155631067961121, 0.8251165048543683, 0.3208786407767009, 0.13097087378640385, 0.013097087378639294, 0.9102475728155346, 0.7072427184465981, 1.067412621359217, 2.8748106796116417, 1.6960728155339742, 0.37326699029125804, 0.006548543689319647, 2.5146407766990224, 0.22265048543689525, 0.9429902912621327, 0.1244223300970842, 0.47149514563106365, 1.2442233009708692, 1.9121747572815442, 0.1309708737864093, 0.2553932038834935, 0.4191067961165065, 0.23574757281553457, 0.07858252427184122, 0.17681067961164684, 0.9560873786407721, 0.20300485436893087, 0.5631747572815551, 1.2114805825242656, 1.0674126213592223, 1.3359029126213553, 0.9364417475728131, 2.0955339805825215, 0.22265048543688984, 1.3489999999999946, 0.7137912621359178, 0.5631747572815496, 0.40600970873786174, 0.45184951456310474, 0.4845922330097084, 1.7746553398058207, 0.9560873786407721, 0.17681067961164684, 0.02619417475728404, 0.03274271844660369, 1.722266990291258, 1.1328980582524244, 0.46494660194174947, 0.6090145631067926, 1.8663349514563012, 1.1067038834951457, 1.296611650485432, 0.9167961165048488, 1.604393203883488, 0.510786407766987, 2.789679611650475, 0.07203398058252702, 0.2553932038834935, 1.1590922330097084, 0.8578592233009665, 0.8120194174757235, 1.741912621359217, 1.7746553398058207, 0.7596310679611609, 1.3293543689320357, 0.39946116504854207, 0.5238834951456318, 0.24884466019417387, 0.7858252427184449, 0.8382135922330075, 0.7661796116504805, 0.24884466019417387, 0.09167961165048596, 2.7372912621359125, 0.02619417475728404, 1.4144854368932018, 3.1040097087378564, 1.2769660194174728, 1.0608640776698974, 1.3620970873786338, 0.42565533980582615, 0.07858252427184122, 0.7006941747572786, 4.819728155339795, 0.9495388349514525, 0.39946116504854207, 0.15061650485436823, 0.8840533980582506, 0.43220388349514577, 0.07858252427184122, 1.9973058252427105, 1.1263495145631046, 1.1787378640776673, 0.46494660194174403, 1.8008495145631047, 1.1328980582524244, 4.132131067961155, 1.4472281553398, 0.019645631067964395, 0.5304320388349514, 0.6221116504854374, 0.7858252427184449, 4.171422330097073, 0.18990776699029158, 6.522349514563088, 0.9429902912621327, 0.9626359223300918, 4.590529126213579, 3.221883495145621, 1.11325242718446, 1.093606796116501, 0.8775048543689308, 1.0150242718446545, 1.5258106796116468, 0.04583980582524298, 1.3555485436893142, 1.4734223300970841, 3.1694951456310583, 7.720733009708714, 0.9036990291262095, 4.289296116504843, 1.4668737864077646, 1.3031601941747517, 0.40600970873786174, 4.9506990291261985, 0.35362135922329907, 0.13751941747572893, 1.6633300970873757, 1.4406796116504805, 1.7812038834951402, 0.4387524271844654, 1.2900631067961121, 0.37326699029125804, 3.2349805825242655, 0.20955339805825052, 0.9429902912621327, 0.4583980582524244, 0.14406796116504858, 0.9233446601941684, 1.5585533980582507, 1.3359029126213553, 0.5828203883495141, 0.2750388349514524, 0.11132524271844492, 5.684135922330081, 1.761558252427176, 1.3489999999999946, 0.628660194174757, 3.7916067961164956, 7.9826747572815275, 2.0562427184465983, 0.34707281553397945, 0.7072427184465981, 4.81317961165047, 0.28813592233009716, 0.27503883495145787, 1535.3519077669857, 2.3116359223300917, 0.11787378640777, 0.648305825242716, 1.1263495145631046, 0.6614029126213553, 3.0974611650485366, 1.5651019417475702, 0.7727281553398001, 1.6895242718446541, 6.077048543689303, 7.3998543689320195, 2.200310679611647, 1.6371359223300916, 0.2750388349514524, 3.490373786407759, 2.0693398058252375, 0.14406796116504858, 2.0234999999999945, 5.4221941747572675, 5.599004854368914, 0.9233446601941738, 2.0562427184465983, 0.49114077669902806, 0.7334368932038823, 1.5258106796116468, 2.187213592233002, 0.857859223300972, 0.9757330097087364, 0.6810485436893197, 0.8906019417475701, 0.8513106796116469, 6.0901456310679425, 0.13097087378640385, 0.7596310679611663, 0.7072427184465981, 0.9757330097087364, 0.10477669902912526, 0.05238834951456263, 0.29468446601941684, 1.0608640776698974, 4.236907766990281, 0.8840533980582506, 1.1590922330097084, 0.026194174757278588, 0.22265048543689525, 0.4387524271844654, 0.5828203883495141, 1.0215728155339794, 3.7523155339805725, 0.6810485436893197, 0.22919902912620946, 6.535446601941728, 0.5042378640776674, 0.4387524271844654, 4.662563106796101, 1.2835145631067926, 0.55662621359223, 0.8906019417475701, 0.21610194174757016, 0.49768932038834773, 1.4865194174757235, 0.19645631067961122, 0.4125582524271814, 0.609014563106798, 0.013097087378639294, 0.7530825242718413, 1.3228058252427157, 2.0758883495145573, 1.722266990291258, 0.2422961165048542, 1.2114805825242656, 0.032742718446598235, 0.7661796116504805, 0.18335922330097193, 1.0870582524271815, 0.33397572815534016, 2.226504854368925, 0.06548543689320738, 1.3424514563106749, 0.019645631067964395, 0.4845922330097084, 0.3077815533980561, 1.5192621359223217, 0.7072427184465981, 0.2422961165048542, 0.1309708737864093, 0.4583980582524244, 1.853237864077662, 1.9056262135922246, 0.6744999999999945, 0.8054708737864038, 1.4013883495145572, 0.857859223300972, 0.975733009708731, 0.8251165048543628, 1.7091699029126133, 0.29468446601941684, 0.6155631067961121, 1.3424514563106749, 0.5959174757281533, 0.5631747572815551, 0.20955339805825052, 1.0215728155339794, 0.07203398058252702, 0.2750388349514524, 0.03274271844660369, 0.8775048543689308, 0.006548543689319647, 1.6829757281553346, 1.8990776699029102, 0.3077815533980561, 0.6875970873786393, 2.966490291262127, 0.6744999999999945, 0.6548543689320356, 0.5500776699029103, 0.3863640776699028, 0.5893689320388337, 0.30123300970873645, 0.04583980582524298, 0.10477669902912526, 1.4603252427184392, 0.9167961165048543, 0.9888300970873758, 0.7530825242718413, 0.26849029126213825, 0.5107864077669925, 0.05238834951456263, 0.2422961165048542, 0.10477669902912526, 1.8270436893203832, 0.05238834951456263, 0.766179611650486, 0.11132524271844492, 2.4753495145630993, 1.8204951456310636, 0.9560873786407775, 0.47804368932038876, 0.5238834951456318, 0.42565533980582065, 1.9318203883495086, 0.13097087378640385, 0.609014563106798, 2.0496941747572732, 1.5520048543689253, 0.04583980582524298, 0.07203398058252157, 0.49768932038834773, 0.8120194174757235, 0.47804368932038876, 0.11132524271844492, 0.49114077669902806, 1.1918349514563067, 0.6941456310679589, 1.1721893203883422, 0.7530825242718413, 0.9036990291262095, 0.28813592233009716, 0.5042378640776674, 2.481898058252419, 0.3274271844660151, 3.4772766990291144, 0.6679514563106749, 0.4387524271844654, 0.9102475728155346, 1.1983834951456263, 1.1394466019417442, 0.4845922330097084, 1.3424514563106749, 0.8251165048543683, 1.2769660194174728, 0.46494660194174403, 1.0412184466019383, 0.08513106796116632, 1.0412184466019383, 1.1852864077669871, 1.0870582524271815, 1.4996165048543628, 1.1394466019417442, 1.0543155339805776, 0.26194174757281313, 0.628660194174757, 0.9822815533980561, 1.0150242718446545, 0.6810485436893197, 0.7334368932038823, 1.1852864077669871, 0.06548543689320738, 0.7989223300970841, 0.9953786407766955, 1.263868932038828, 1.047766990291258, 1.11325242718446, 0.44530097087378506, 0.46494660194174403, 0.9167961165048488, 0.47149514563106915, 1.8728834951456261, 0.7268883495145626, 0.5500776699029103, 1.4799708737864037, 0.18990776699029158, 0.2422961165048542, 0.9364417475728131, 0.26849029126213825, 0.032742718446598235, 0.39291262135922245, 0.7399854368932018, 3.4379854368931966, 0.28158737864077754, 0.31433009708738124, 0.07203398058252702, 0.37326699029125804, 0.766179611650486, 0.09822815533980561, 1.879432038834946, 0.648305825242716, 1.3882912621359178, 0.4191067961165065, 1.021572815533974, 2.1151796116504804, 0.8054708737864038, 0.026194174757278588, 0.9560873786407721, 0.2750388349514524, 0.8513106796116469, 1.8859805825242655, 1.7812038834951402, 0.26194174757281313, 0.5828203883495141, 0.5893689320388337, 0.28158737864077205, 0.24884466019417387, 0.8709563106796058, 0.7268883495145572, 0.28813592233009716, 0.5762718446601889, 0.11132524271844492, 0.19645631067961122, 0.28813592233009716, 1.0150242718446545, 0.510786407766987, 0.9822815533980561, 0.5173349514563066, 0.24884466019417387, 0.9167961165048543, 0.22265048543689525, 0.6679514563106803, 2.7503883495145574, 0.07858252427184666, 0.07203398058252702, 0.5238834951456263, 0.4387524271844654, 0.6941456310679589, 1.9776601941747516, 1.761558252427176, 0.6941456310679589, 1.925271844660189, 0.47149514563106915, 4.276199029126204, 1.0084757281553347, 0.7399854368932018, 0.6614029126213553, 0.18990776699029158, 2.0627912621359124, 0.01964563106795894, 0.13097087378640385, 3.9356747572815385, 0.7530825242718413, 0.4387524271844654, 0.2161019417475756, 0.9298932038834935, 0.6024660194174729, 0.1309708737864093, 0.9822815533980561, 0.9495388349514525, 0.006548543689319647, 1.263868932038828, 1.5651019417475702, 0.14406796116504858, 1.8401407766990225, 0.9298932038834935, 0.3274271844660151, 0.019645631067964395, 0.5238834951456263, 0.9298932038834935, 2.102082524271836, 1.2376747572815496, 0.5697233009708693, 0.17026213592233264, 1.3228058252427157, 1.722266990291258, 0.14406796116504858, 0.975733009708731, 0.20955339805825052, 0.9429902912621327, 0.812019417475729, 0.6679514563106749, 0.35362135922329907, 0.9429902912621327, 0.22919902912621493, 0.6024660194174729, 0.02619417475728404, 0.37326699029126353, 1.3948398058252376, 0.31433009708738124, 0.18990776699029158, 1.021572815533974, 0.28158737864077754, 1.296611650485432, 1.3489999999999946, 0.9167961165048543, 0.058936893203882276, 0.3601699029126188, 0.8709563106796112, 0.03929126213592333, 0.44530097087378506, 0.17026213592233264, 0.06548543689320738, 1.519262135922327, 0.41255825242718686, 1.9121747572815442, 0.9626359223300918, 1.2769660194174728, 0.9626359223300918, 2.187213592233002, 0.9560873786407721, 0.10477669902912526, 0.03929126213592333, 0.5042378640776674, 0.628660194174757, 0.43220388349514577, 0.3208786407766954, 0.3143300970873758, 0.9429902912621327, 1.5520048543689307, 0.7137912621359234, 0.24884466019417387, 1.1328980582524244, 0.32742718446602054, 0.7858252427184449, 0.20300485436893087, 1.3751941747572787, 1.5912961165048487, 0.2422961165048542, 1.1787378640776673, 2.2396019417475648, 0.6744999999999945, 1.2769660194174728, 0.8251165048543628, 0.44530097087378506, 0.3601699029126188, 0.09822815533980561, 0.4583980582524244, 0.9626359223300972, 2.0824368932038766, 0.4845922330097084, 0.42565533980582065, 2.4098640776698916, 0.517334951456312, 2.2854417475728077, 0.6352087378640766, 0.5631747572815551, 1.2376747572815496, 0.14406796116504858, 0.8447621359223271, 1.0739611650485366, 0.07203398058252157, 0.8971504854368898, 1.6895242718446541, 1.2442233009708692, 1.303160194174757, 0.4845922330097084, 0.07858252427184122, 0.628660194174757, 0.39291262135922245, 0.37326699029126353, 0.5959174757281533, 0.19645631067961122, 0.1244223300970842, 0.18990776699029158, 0.8971504854368898, 0.22919902912620946, 1.0739611650485366, 0.11787378640776455, 0.2750388349514524, 1.0412184466019383, 0.22265048543689525, 0.013097087378639294, 1.0543155339805776, 1.8466893203883477, 1.6829757281553346, 0.7596310679611663, 4.826276699029114, 1.2900631067961121, 1.2114805825242656, 0.6548543689320356, 0.8316650485436878, 0.9167961165048488, 1.4734223300970841, 0.648305825242716, 1.0346699029126187, 0.05238834951456263, 0.2553932038834935, 0.510786407766987, 0.17681067961165228, 0.6744999999999945, 0.6614029126213606, 0.6810485436893197, 0.11787378640776455, 0.10477669902912526, 0.3208786407767009, 0.17026213592233264, 0.7334368932038823, 0.14406796116504858, 0.5697233009708746, 2.1806650485436823, 2.154470873786404, 1.0608640776698974, 2.298538834951447, 0.6221116504854319, 0.35362135922329907, 0.8447621359223271, 2.586674757281544, 0.09167961165048596, 1.1525436893203833, 0.5107864077669925, 0.9364417475728131, 2.12827669902912, 0.12442233009708965, 0.3077815533980561, 0.026194174757278588, 1.0019271844660151, 1.4668737864077646, 0.4583980582524244, 0.01964563106795894, 1.0150242718446598, 0.20955339805825052, 0.04583980582524298, 1.2311262135922298, 2.0627912621359177, 0.01964563106795894, 0.20955339805825052, 0.09167961165048596, 0.7530825242718413, 1.0215728155339794, 0.6417572815533963, 0.08513106796116632, 0.8382135922330075, 0.6548543689320356, 0.03929126213592333, 1.1459951456310637, 1.9842087378640711, 0.9364417475728131, 0.37326699029125804, 0.11132524271844492, 1.3882912621359178, 1.892529126213585, 0.10477669902912526, 0.4191067961165065, 0.058936893203882276, 0.26849029126213825, 0.11132524271844492, 0.013097087378639294, 1.2900631067961121, 0.9560873786407775, 1.2245776699029103, 0.16371359223300755, 0.39946116504854207, 1.8663349514563012, 0.08513106796116632, 0.6024660194174729, 0.6679514563106803, 1.8008495145631047, 1.3162572815533908, 0.8840533980582506, 0.6745, 1.1852864077669871, 0.5304320388349514, 0.5959174757281533, 0.019645631067964395, 1.0281213592232992, 0.09167961165048596, 0.5238834951456263, 0.8840533980582506, 0.163713592233013, 0.8251165048543628, 0.648305825242716, 1.7943009708737796, 0.28813592233009716, 0.28813592233009716, 0.8251165048543683, 0.9036990291262095, 0.6810485436893197, 0.26194174757281313, 1.119800970873785, 0.5042378640776674, 0.7268883495145626, 2.593223300970869, 0.1244223300970842, 0.8316650485436878, 0.02619417475728404, 0.07203398058252157, 0.5762718446601889, 0.9953786407766955, 0.8513106796116469, 1.1590922330097029, 0.0, 0.3667184466019384, 0.3077815533980561, 1.2376747572815496, 0.720339805825243, 0.7006941747572786, 0.5173349514563066, 1.3489999999999946, 0.6941456310679589, 0.23574757281553457, 0.6548543689320356, 0.7727281553398001, 3.8898349514563013, 0.536980582524271, 0.5435291262135907, 0.7727281553398055, 0.8185679611650486, 0.5959174757281533, 0.6548543689320356, 1.6109417475728076, 0.07858252427184122, 0.17026213592232717, 0.628660194174757, 1.5585533980582507, 0.47804368932038876, 2.4622524271844597, 0.39291262135922245, 0.1833592233009665, 0.9364417475728131, 0.6548543689320356, 1.1328980582524244, 0.21610194174757016, 0.26194174757281313, 1.3293543689320357, 0.07858252427184122, 0.8971504854368898, 0.07858252427184122, 1.021572815533974, 1.1132524271844655, 1.5323592233009666, 1.1198009708737797, 1.6502330097087365, 0.5762718446601889, 0.9626359223300918, 2.0365970873786337, 0.3274271844660151, 2.1217281553398, 0.45184951456310474, 1.3948398058252376, 0.7203398058252376, 0.058936893203882276, 0.9822815533980561, 5.107864077669887, 0.31433009708738124, 1.5258106796116468, 1.2442233009708692, 1.6698786407766955, 0.9036990291262095, 0.8775048543689308, 0.8251165048543683, 0.09167961165048596, 1.3686456310679591, 1.2180291262135852, 0.058936893203882276, 0.2553932038834935, 0.8775048543689308, 1.1459951456310637, 1.0281213592232992, 1.3489999999999946, 0.7792766990291253, 2.704548543689314, 0.08513106796116632, 0.05238834951456263, 1.3031601941747517, 0.7661796116504805, 0.7596310679611663, 0.5893689320388337, 1.7746553398058207, 0.27503883495145787, 1.0805097087378617, 0.07858252427184666, 0.33397572815534016, 0.40600970873786174, 0.08513106796116632, 1.4210339805825216, 0.29468446601941684, 0.1309708737864093, 1.3948398058252376, 5.166800970873774, 0.8185679611650432, 0.16371359223300755, 1.1067038834951404, 0.46494660194174947, 1.1983834951456263, 3.9684174757281423, 0.8971504854368898, 2.6456116504854315, 0.648305825242716, 1.2900631067961121, 0.5435291262135907, 0.07203398058252702, 0.058936893203882276, 0.0, 0.47804368932038876, 0.10477669902912526, 5.520422330097074, 0.47149514563106915, 0.23574757281553457, 0.3601699029126188, 0.8775048543689308, 2.1610194174757233]",2.0927360632544225,0.6745,41.98281524555518,0.0,1535.3519077669857,2426.0,2.0,3.0,1.0
2,"[1.689656565656568, 0.9879040404040402, 0.37472222222222096, 1.1241666666666685, 0.6676868686868693, 1.9281161616161606, 2.0030606060606084, 2.159762626262628, 1.1446060606060602, 1.233176767676769, 0.36790909090909035, 0.6063686868686887, 2.8410757575757586, 1.2127373737373717, 0.23164646464646202, 0.17714141414141746, 0.9879040404040402, 0.7630707070707087, 0.8857070707070703, 0.06813131313131135, 1.5397676767676785, 0.5041717171717187, 1.328560606060608, 0.8380151515151506, 0.37472222222222096, 0.6336212121212109, 0.6199949494949498, 0.8788939393939397, 0.7221919191919196, 0.4360404040404074, 0.5927424242424275, 0.27933838383838167, 0.6063686868686887, 0.25889898989898996, 1.4580101010101003, 1.4852626262626283, 0.21802020202020087, 0.7971363636363615, 0.3202171717171707, 1.3081212121212107, 0.6745000000000001, 1.7032828282828292, 0.17714141414141746, 0.23164646464646768, 0.14988888888888952, 1.1650454545454576, 0.8107626262626284, 0.558676767676769, 0.061318181818180786, 1.0969141414141406, 0.09538383838383929, 1.4375707070707087, 0.9810909090909096, 0.8107626262626284, 0.8243888888888895, 0.5041717171717187, 0.49054545454545767, 0.6131818181818193, 2.050752525252528, 0.5109848484848494, 1.60789898989899, 2.28239898989899, 1.7441616161616182, 0.41560101010101, 1.9689949494949497, 0.013626262626261135, 2.493606060606066, 0.7562575757575781, 1.389878787878789, 0.4087878787878795, 0.5177979797979799, 3.0114040404040456, 0.19758080808080916, 1.6828434343434375, 0.6813131313131306, 2.323277777777779, 0.6813131313131306, 0.27933838383838167, 0.4837323232323214, 0.6881262626262667, 0.7835101010101004, 0.974277777777779, 0.6404343434343472, 0.09538383838383929, 1.0355959595959598, 0.3610959595959598, 0.12263636363636157, 0.11582323232323101, 0.08175757575757249, 1.0969141414141406, 1.9144898989898995, 0.7426313131313113, 1.1991111111111106, 0.38153535353535717, 0.5518636363636384, 0.4564797979797991, 1.062848484848482, 1.50570202020202, 2.0030606060606084, 1.648777777777779, 0.6404343434343472, 0.7971363636363672, 0.4087878787878795, 1.205924242424247, 0.4973585858585882, 1.219550505050508, 0.7153787878787891, 0.3883484848484878, 0.41560101010101, 1.3694393939393918, 0.8652676767676786, 0.47691919191919085, 0.29977777777777903, 1.4648232323232309, 0.4019747474747489, 0.6404343434343472, 1.60789898989899, 0.054505050505050216, 2.0711919191919197, 1.0015303030303069, 2.0439393939393975, 1.076474747474749, 0.4632929292929297, 0.8925202020202009, 0.34746969696969865, 1.2944949494949496, 0.5450505050505021, 0.4292272727272712, 0.6881262626262667, 0.17032828282828125, 0.0, 0.10219696969696987, 0.8380151515151506, 0.4224141414141406, 0.6676868686868693, 0.5246111111111105, 0.27252525252525106, 0.8993333333333371, 0.7290050505050502, 0.054505050505050216, 0.10901010101010043, 0.14988888888888952, 0.37472222222222096, 0.5927424242424275, 1.205924242424247, 0.2861515151515179, 0.2929646464646485, 0.22483333333333144, 0.06813131313131135, 0.6540606060606082, 0.12263636363636723, 1.6419646464646485, 0.25889898989898996, 0.11582323232323101, 2.1733888888888893, 0.5995555555555524, 0.6540606060606082, 1.233176767676769, 1.0628484848484878, 0.12263636363636723, 1.2468030303030302, 1.532954545454548, 0.38834848484848206, 1.3694393939393972, 1.2740555555555582, 3.4065656565656584, 0.6949393939393973, 1.2468030303030302, 1.0492222222222265, 1.7577878787878793, 1.0219696969696987, 0.7835101010101004, 0.34746969696969865, 0.5927424242424219, 0.8380151515151506, 0.08175757575757815, 1.5397676767676785, 0.3815353535353515, 0.817575757575759, 0.7766969696969698, 0.7698838383838392, 1.6283383838383816, 1.389878787878789, 0.6949393939393973, 0.47010606060606025, 0.93339898989899, 0.16351515151515067, 0.7358181818181807, 2.8478888888888894, 0.0, 0.06813131313131135, 1.6964696969696986, 0.02725252525252227, 1.3490000000000002, 0.30659090909090964, 0.41560101010101, 0.29977777777777903, 0.8448282828282869, 0.5723030303030301, 2.0030606060606084, 0.2657121212121205, 0.4632929292929297, 1.3694393939393918, 1.049222222222221, 0.41560101010101, 0.7494444444444419, 0.5654898989898995, 0.8107626262626284, 1.3558131313131307, 0.16351515151515067, 0.3338434343434376, 1.0287828282828293, 0.3338434343434376, 2.6026161616161603, 0.6881262626262667, 0.18395454545454237, 0.6949393939393973, 1.4580101010101003, 0.061318181818180786, 2.793383838383839, 0.06813131313131135, 0.2861515151515122, 0.83120202020202, 0.8720808080808091, 0.5109848484848494, 1.09010101010101, 1.2808686868686887, 0.047691919191919646, 0.5995555555555581, 0.8448282828282812, 0.93339898989899, 3.324808080808086, 0.30659090909090964, 0.19076767676767858, 0.8448282828282812, 0.4837323232323214, 1.0355959595959598, 1.6419646464646485, 0.36790909090909035, 0.5723030303030301, 1.0969141414141406, 0.10901010101010043, 1.4375707070707087, 0.30659090909090964, 1.1377929292929296, 0.6881262626262611, 0.2929646464646485, 0.35428282828282925, 0.6676868686868693, 1.0696616161616184, 1.8736111111111104, 0.3815353535353515, 0.6745000000000001, 0.2657121212121205, 0.24527272727272884, 1.4171313131313112, 0.4087878787878795, 0.061318181818180786, 1.1718585858585882, 1.4239444444444418, 0.442853535353538, 0.4428535353535323, 1.2127373737373774, 0.9947171717171708, 1.6828434343434375, 0.6268080808080804, 0.18395454545454804, 1.1377929292929296, 0.6949393939393973, 0.5995555555555524, 0.7358181818181807, 0.1294494949494978, 0.1567020202020201, 0.5518636363636384, 0.7835101010101004, 0.3406565656565625, 0.9606515151515123, 0.5450505050505021, 0.027252525252527946, 2.030313131313136, 0.585929292929297, 0.4973585858585882, 0.6608737373737388, 0.061318181818180786, 0.531424242424241, 1.50570202020202, 0.4019747474747489, 0.8107626262626284, 0.47691919191919085, 0.531424242424241, 1.0969141414141406, 1.015156565656568, 0.8720808080808091, 1.8463585858585883, 1.0287828282828293, 0.4564797979797991, 0.9265858585858594, 0.29977777777777903, 0.6745000000000001, 0.3951616161616183, 0.4564797979797991, 0.7835101010101004, 1.0628484848484878, 1.7305353535353571, 0.21802020202020087, 0.7017525252525278, 0.1362626262626284, 0.47691919191919085, 0.08175757575757249, 1.314934343434347, 0.27252525252525106, 0.20439393939393974, 0.020439393939397376, 0.5859292929292913, 1.92130303030303, 1.4239444444444418, 0.442853535353538, 1.6555909090909096, 2.234707070707076, 0.1567020202020201, 0.4019747474747489, 0.19076767676767858, 1.7986666666666686, 0.8788939393939397, 1.7373484848484877, 0.35428282828282925, 1.948555555555558, 0.9606515151515179, 0.2793383838383873, 0.7085656565656585, 0.2929646464646485, 0.30659090909090964, 0.8857070707070703, 1.1037272727272769, 0.47010606060606025, 1.5874595959595983, 0.29977777777777903, 1.4988888888888894, 0.2861515151515179, 1.4920757575757588, 0.19758080808080916, 0.0068131313131305675, 2.261959595959598, 0.3338434343434319, 0.37472222222222096, 0.12944949494949212, 0.30659090909090964, 1.165045454545452, 0.6813131313131306, 1.4443838383838392, 0.2793383838383873, 0.7085656565656585, 0.29977777777777903, 0.7017525252525278, 0.8039494949494977, 0.20439393939393974, 0.2793383838383873, 1.5874595959595983, 0.27252525252525106, 2.139323232323231, 0.0068131313131305675, 0.38834848484848206, 0.7290050505050502, 0.23845959595959826, 0.18395454545454804, 1.532954545454548, 1.5874595959595983, 1.4580101010101003, 2.2006414141414172, 0.3951616161616183, 0.25889898989898996, 1.86679797979798, 1.117353535353538, 0.24527272727272884, 0.49054545454545767, 0.5723030303030301, 0.29977777777777903, 2.8683282828282866, 2.38459595959596, 2.6230555555555584, 0.9674646464646485, 0.7153787878787891, 0.7153787878787891, 0.11582323232323101, 1.9689949494949497, 1.7032828282828292, 0.4428535353535323, 0.6472474747474721, 0.7494444444444419, 0.9470252525252568, 2.3505303030303013, 0.47010606060606025, 0.5995555555555581, 1.8872373737373773, 0.19076767676767858, 0.14988888888888952, 0.4019747474747489, 0.03406565656565851, 0.02725252525252227, 0.49054545454545195, 0.14988888888888952, 3.3452474747474774, 1.389878787878789, 0.48373232323232707, 0.5791161616161606, 0.7358181818181807, 0.817575757575759, 0.19758080808080916, 1.0424090909090904, 1.233176767676769, 1.4307575757575781, 2.2483333333333313, 0.14988888888888952, 1.1718585858585882, 0.8720808080808091, 1.4716363636363672, 0.013626262626261135, 0.8107626262626284, 1.8736111111111104, 0.9129595959595982, 0.6608737373737388, 1.5533939393939395, 1.0287828282828293, 0.7698838383838392, 0.906146464646462, 1.9758080808080805, 0.3134040404040402, 0.36790909090909035, 0.12944949494949212, 0.37472222222222096, 1.2468030303030302, 0.30659090909090964, 0.0068131313131305675, 0.5041717171717187, 1.6692171717171707, 0.5723030303030301, 0.3883484848484878, 0.14988888888888952, 0.2861515151515179, 1.2468030303030302, 0.4632929292929297, 0.27933838383838167, 1.4716363636363614, 0.5109848484848494, 1.9144898989898995, 0.29977777777777903, 0.6881262626262667, 0.08175757575757249, 0.9606515151515123, 1.2127373737373774, 0.6404343434343414, 1.8872373737373715, 0.7494444444444476, 1.6964696969696986, 0.5177979797979799, 0.1567020202020201, 0.1567020202020201, 0.020439393939391703, 0.558676767676769, 0.32703030303030134, 0.10901010101010043, 1.7169090909090903, 0.6949393939393916, 0.6949393939393973, 0.16351515151515067, 1.4580101010101003, 1.7237222222222208, 0.5791161616161606, 0.9879040404040402, 0.7494444444444419, 1.5806464646464675, 0.23845959595959257, 1.1991111111111106, 0.9879040404040402, 0.6063686868686887, 0.38834848484848206, 0.36790909090909035, 0.29977777777777903, 0.22483333333333144, 2.0439393939393975, 0.2657121212121205, 0.7426313131313113, 1.0355959595959598, 1.3762525252525277, 1.0015303030303069, 0.6881262626262667, 1.3762525252525277, 0.4224141414141406, 0.817575757575759, 0.7835101010101004, 0.83120202020202, 0.4224141414141406, 0.4019747474747489, 0.5791161616161606, 0.947025252525251, 0.34746969696969865, 1.5261414141414118, 0.25889898989898996, 0.7494444444444419, 0.14988888888888952, 1.0424090909090904, 0.38834848484848206, 0.6676868686868693, 0.5246111111111105, 0.10901010101010043, 3.1749191919191966, 0.6336212121212109, 0.23845959595959826, 0.20439393939393974, 0.5927424242424275, 1.8395454545454577, 1.0560353535353573, 0.7153787878787891, 0.30659090909090964, 0.7221919191919196, 1.6964696969696986, 1.6555909090909096, 1.60789898989899, 1.0355959595959598, 0.20439393939393974, 1.3762525252525277, 0.2793383838383873, 1.8327323232323214, 0.054505050505050216, 0.3338434343434376, 0.20439393939393974, 1.0560353535353515, 0.531424242424241, 0.3202171717171707, 0.12263636363636157, 0.8925202020202009, 0.12944949494949212, 1.1446060606060602, 0.6540606060606082, 0.8652676767676786, 0.9810909090909096, 0.03406565656565851, 0.4632929292929297, 0.7358181818181807, 1.3013080808080801, 0.040878787878789076, 0.47691919191919085, 0.3951616161616183, 3.5019494949494976, 0.3610959595959598, 0.08175757575757815, 0.7494444444444419, 2.493606060606066, 2.2142676767676788, 0.5382373737373716, 1.3353737373737387, 0.7290050505050502, 1.0015303030303013, 0.6949393939393973, 0.5177979797979799, 0.4292272727272712, 0.2248333333333371, 0.3338434343434319, 1.4307575757575781, 0.858454545454548, 0.3883484848484878, 0.1567020202020201, 0.013626262626261135, 0.29977777777777903, 0.6608737373737388, 0.7153787878787891, 1.1854848484848495, 0.3883484848484878, 0.4837323232323214, 0.11582323232323101, 1.1037272727272711, 1.1786717171717187, 0.6745000000000001, 0.858454545454548, 0.08857070707070873, 0.3134040404040402, 0.4564797979797991, 0.3338434343434319, 0.790323232323231, 1.1991111111111106, 0.7630707070707087, 0.3134040404040402, 2.6707474747474773, 0.35428282828282925, 1.1446060606060602, 0.054505050505050216, 0.03406565656565851, 2.3164646464646483, 0.47010606060606025, 1.0560353535353573, 0.49054545454545195, 0.21802020202020087, 0.974277777777779, 1.621525252525251, 2.2483333333333313, 0.9606515151515123, 1.4239444444444476, 0.7426313131313113, 0.93339898989899, 0.10901010101010043, 1.0560353535353573, 0.9197727272727289, 1.532954545454548, 0.12263636363636723, 0.7835101010101004, 0.25889898989898996, 0.4428535353535323, 0.37472222222222096, 0.34746969696969865, 1.1854848484848495, 0.6268080808080804, 0.09538383838383929, 0.1567020202020201, 1.0083434343434319, 0.3406565656565625, 0.558676767676769, 0.8788939393939397, 0.12263636363636723, 0.2112070707070703, 0.6404343434343472, 0.6813131313131306, 1.3694393939393918, 0.17714141414141746, 0.9265858585858594, 0.14988888888888952, 1.0015303030303069, 0.2657121212121205, 0.8243888888888895, 0.054505050505050216, 1.92130303030303, 0.2793383838383873, 0.6063686868686887, 1.989434343434347, 0.6608737373737388, 2.139323232323231, 0.7085656565656585, 0.20439393939393974, 0.0068131313131305675, 0.08175757575757249, 0.6199949494949498, 0.2112070707070703, 1.3558131313131307, 0.6336212121212109, 0.2793383838383873, 0.24527272727272884, 0.054505050505050216, 0.6813131313131306, 0.49054545454545195, 0.16351515151515067, 0.47010606060606025, 0.30659090909090964, 0.7835101010101004, 0.442853535353538, 0.6131818181818193, 0.9538383838383817, 0.47010606060606025, 0.974277777777779, 1.4716363636363672, 1.117353535353538, 0.5382373737373716, 1.117353535353538, 0.4360404040404074, 2.050752525252528, 1.7169090909090903, 0.49054545454545767, 1.1718585858585882, 1.1241666666666685, 0.8448282828282869, 1.4239444444444418, 0.9265858585858594, 0.6131818181818193, 0.17032828282828125, 0.2657121212121205, 0.49054545454545767, 1.4580101010101003, 0.24527272727272884, 0.18395454545454804, 0.7766969696969698, 2.9296464646464675, 0.4973585858585882, 0.8039494949494921, 1.934929292929297, 0.17714141414141746, 1.19229797979798, 0.10219696969696987, 0.5450505050505021, 1.4716363636363614, 0.9810909090909096, 1.2468030303030302, 0.36790909090909035, 0.93339898989899, 0.4564797979797991, 0.29977777777777903, 0.974277777777779, 1.519328282828281, 0.5927424242424219, 1.2604292929292913, 1.6419646464646485, 0.4224141414141406, 0.24527272727272884, 1.8395454545454577, 0.3610959595959598, 0.6745000000000001, 0.6404343434343414, 1.015156565656568, 0.23845959595959826, 0.2112070707070703, 0.8857070707070703, 0.4973585858585882, 0.5654898989898995, 0.858454545454548, 0.742631313131317, 0.4292272727272712, 0.47691919191919085, 0.4292272727272712, 0.6472474747474778, 0.6540606060606082, 0.947025252525251, 0.0068131313131305675, 0.5109848484848494, 0.5791161616161606, 0.6881262626262611, 1.7100959595959597, 0.27252525252525106, 0.5859292929292913, 0.5450505050505079, 0.5177979797979799, 1.2876818181818193, 0.19076767676767858, 0.0068131313131305675, 0.20439393939393974, 0.7153787878787891, 2.166575757575759, 0.7698838383838392, 1.0628484848484878, 0.09538383838383929, 0.47010606060606025, 1.0969141414141406, 0.4837323232323214, 1.3081212121212165, 1.2536161616161607, 1.2263636363636385, 0.32703030303030134, 1.09010101010101, 0.27252525252525106, 0.16351515151515067, 0.06813131313131135, 0.7358181818181807, 1.7441616161616182, 0.21802020202020087, 0.1567020202020201, 1.1446060606060602, 1.2740555555555582, 1.2604292929292913, 1.3217474747474776, 0.7698838383838392, 0.12263636363636723, 0.5382373737373716, 0.16351515151515067, 1.19229797979798, 0.47010606060606025, 0.06813131313131135, 0.858454545454548, 0.02725252525252227, 1.3217474747474776, 0.9197727272727289, 0.03406565656565851, 1.0492222222222265, 0.906146464646462, 0.6540606060606082, 0.7017525252525222, 1.389878787878789, 0.23164646464646768, 0.21802020202020087, 0.2657121212121205, 1.4103181818181807, 0.17714141414141746, 0.20439393939393974, 0.30659090909090964, 0.047691919191919646, 2.8274494949494975, 0.6268080808080804, 0.20439393939393974, 1.7032828282828292, 0.49054545454545767, 1.1514191919191965, 0.790323232323231, 0.6472474747474721, 0.14307575757575894, 0.9265858585858594, 0.5382373737373716, 1.4443838383838392, 1.5397676767676785, 0.21802020202020087, 0.3883484848484878, 1.2944949494949496, 0.34746969696969865, 1.3626262626262666, 0.12263636363636157, 1.0219696969696987, 1.8327323232323214, 0.19076767676767858, 0.23845959595959257, 0.8720808080808091, 1.4580101010101003, 1.3830656565656587, 0.061318181818180786, 0.8788939393939397, 0.6540606060606082, 0.25208585858585936, 0.6268080808080804, 0.8380151515151506, 2.718439393939397, 2.398222222222221, 0.8925202020202009, 0.8516414141414175, 0.8652676767676786, 0.013626262626261135, 0.4087878787878795, 0.3951616161616183, 1.5806464646464675, 1.3081212121212165, 0.08857070707070873, 0.8039494949494921, 2.050752525252528, 0.1362626262626227, 0.17714141414141746, 0.38153535353535717, 1.1650454545454576, 0.12263636363636723, 0.44966666666666855, 0.2929646464646485, 0.8788939393939397, 0.25889898989898996, 1.9553686868686886, 0.4019747474747489, 0.03406565656565851, 1.1514191919191907, 0.7835101010101004, 0.47010606060606025, 0.24527272727272884, 0.7698838383838392, 0.14307575757575894, 0.6199949494949498, 3.263489898989905, 5.382373737373744, 0.5246111111111105, 1.0424090909090904, 0.6063686868686887, 0.11582323232323101, 2.289212121212126, 0.32703030303030134, 0.5041717171717187, 0.2112070707070703, 0.6676868686868693, 0.054505050505050216, 1.689656565656568, 0.742631313131317, 0.27252525252525106, 0.6404343434343414, 0.6199949494949498, 0.8993333333333371, 0.17032828282828125, 1.7646010101010101, 0.9061464646464676, 0.4973585858585882, 1.3830656565656587, 0.23164646464646202, 0.020439393939397376, 0.7630707070707087, 0.12263636363636157, 0.3202171717171707, 0.07494444444444759, 0.0068131313131305675, 1.4511969696969698, 0.2657121212121205, 0.10901010101010043, 0.5382373737373772, 0.08857070707070873, 3.052282828282829, 0.9606515151515179, 0.11582323232323101, 0.35428282828282925, 1.0492222222222265, 2.5481111111111163, 0.3951616161616183, 0.742631313131317, 1.3626262626262613, 1.1718585858585882, 1.2536161616161607, 0.3815353535353515, 1.3217474747474776, 1.1446060606060602, 0.27252525252525106, 0.25889898989898996, 1.3353737373737387, 1.1377929292929296, 0.5382373737373772, 0.5382373737373772, 0.7494444444444419, 2.8683282828282866, 0.3883484848484878, 0.17714141414141746, 0.4224141414141406, 0.29977777777777903, 1.117353535353538, 0.4087878787878795, 0.4837323232323214, 1.3353737373737387, 0.32703030303030134, 0.29977777777777903, 0.8243888888888895, 0.6268080808080804, 0.9810909090909096, 0.35428282828282925, 0.6199949494949498, 0.2929646464646485, 0.09538383838383929, 1.2468030303030302, 1.09010101010101, 1.0424090909090904, 0.14988888888888952, 2.4322878787878794, 0.558676767676769, 4.278646464646467, 0.03406565656565851, 0.14307575757575894, 1.09010101010101, 1.60789898989899, 0.8039494949494921, 0.8652676767676786, 0.20439393939393974, 0.14988888888888952, 1.648777777777779, 1.0969141414141406, 0.06813131313131135, 0.9129595959595982, 1.1377929292929296, 0.3134040404040402, 0.25889898989898996, 0.4564797979797991, 0.040878787878789076, 0.9810909090909096, 1.117353535353538, 0.3134040404040402, 0.14988888888888952, 1.0628484848484878, 0.21802020202020087, 0.09538383838383929, 0.19076767676767858, 0.32703030303030134, 0.44966666666666855, 1.076474747474749, 0.9197727272727289, 0.5654898989898995, 0.742631313131317, 0.14307575757575894, 0.047691919191919646, 0.9402121212121205, 1.648777777777779, 1.3149343434343412, 2.18020202020202, 1.4035050505050501, 0.9402121212121205, 1.130979797979799, 1.7509747474747488, 2.050752525252528, 1.062848484848482, 0.9402121212121205, 0.38153535353535717, 0.4224141414141406, 0.8039494949494977, 0.9265858585858594, 1.4103181818181862, 1.7577878787878793, 0.23845959595959826, 0.08857070707070873, 1.573833333333337, 0.4019747474747489, 0.9129595959595982, 0.11582323232323101, 0.6540606060606082, 1.389878787878789, 0.43604040404040173, 0.17714141414141177, 0.2112070707070703, 0.02725252525252227, 0.23845959595959257, 0.07494444444444759, 1.0560353535353573, 0.7971363636363615, 0.20439393939393974, 0.7290050505050502, 0.047691919191919646, 0.18395454545454237, 0.585929292929297, 0.8925202020202009, 1.1241666666666685, 0.6745000000000001, 0.4292272727272712, 0.12944949494949212, 5.266550505050509, 0.08175757575757249, 0.5791161616161606, 0.24527272727272884, 0.8380151515151506, 0.5177979797979799, 0.8925202020202009, 2.261959595959598, 1.8599848484848494, 0.4428535353535323, 0.27252525252525106, 0.2861515151515179, 0.7494444444444476, 0.9538383838383817, 0.22483333333333144, 2.5072323232323273, 0.6813131313131306, 0.5246111111111105, 2.793383838383839, 0.6676868686868693, 0.10901010101010043, 0.7494444444444419, 1.5397676767676785, 1.4920757575757588, 1.1377929292929296, 2.5753636363636385, 2.2006414141414172, 0.1567020202020201, 0.3338434343434376, 0.14307575757575894, 0.5791161616161606, 0.1362626262626284, 1.532954545454548, 0.7766969696969698, 0.47691919191919085, 0.10219696969696987, 0.36790909090909035, 1.260429292929297, 0.020439393939391703, 1.4920757575757588, 1.260429292929297, 0.8857070707070703, 0.7426313131313113, 3.454257575757578, 2.5004191919191965, 1.0219696969696987, 5.525449494949497, 0.4564797979797991, 0.4087878787878795, 0.4224141414141406, 0.1294494949494978, 0.11582323232323101, 1.233176767676769, 0.7426313131313113, 1.4716363636363672, 0.10901010101010043, 0.9606515151515179, 0.9810909090909096, 0.8448282828282869, 0.16351515151515067, 0.040878787878789076, 0.8380151515151506, 0.18395454545454804, 0.7698838383838392, 3.168106060606066, 0.5791161616161606, 0.8857070707070703, 0.1362626262626284, 2.4731666666666685, 2.452727272727277, 0.5791161616161606, 3.440631313131317, 1.233176767676769, 0.5041717171717187, 0.2248333333333371, 1.8804242424242468, 5.007651515151518, 0.30659090909090964, 0.47691919191919085, 0.2112070707070703, 1.0287828282828293, 0.7835101010101004, 0.1567020202020201, 0.8448282828282869, 1.9962474747474777, 0.21802020202020087, 0.17714141414141177, 0.25889898989898996, 0.7971363636363672, 1.0969141414141406, 0.8039494949494921, 1.7237222222222208, 0.0068131313131305675, 0.47010606060606025, 0.5995555555555524, 0.3406565656565625, 2.105257575757578, 0.7562575757575781, 1.7305353535353571, 0.3883484848484878, 1.0969141414141406, 0.3610959595959598, 1.1582323232323213, 11.739025252525261, 2.2006414141414172, 0.061318181818180786, 4.878202020202026, 0.93339898989899, 0.12944949494949212, 1.8531717171717188, 0.14988888888888952, 5.1984191919191955, 0.7221919191919196, 0.35428282828282925, 1.1037272727272711, 0.9538383838383817, 0.19758080808080916, 1.076474747474749, 0.9129595959595982, 0.30659090909090964, 1.0355959595959598, 2.691186868686869, 9.715525252525262, 0.38153535353535717, 0.2112070707070703, 0.0068131313131305675, 0.6881262626262667, 0.25208585858585936, 0.19758080808080916, 0.7971363636363615, 1.7850404040404073, 0.07494444444444193, 0.2861515151515122, 0.09538383838383929, 1.3353737373737387, 4.026560606060608, 1.4920757575757588, 1.4648232323232309, 0.47691919191919085, 0.25889898989898996, 0.9061464646464676, 4.592050505050508, 0.19076767676767858, 1.3013080808080801, 1.0355959595959598, 2.9500858585858594, 0.4292272727272712, 0.585929292929297, 3.754035353535357, 11.275732323232333, 1.3217474747474776, 0.5927424242424219, 0.558676767676769, 3.972055555555558, 0.9402121212121205, 0.18395454545454804, 0.1362626262626227, 0.8857070707070703, 0.93339898989899, 0.5518636363636384, 0.6336212121212109, 0.5109848484848494, 0.4360404040404074, 4.244580808080815, 0.9879040404040402, 0.4564797979797991, 0.27252525252525106, 5.920611111111116, 0.817575757575759, 1.314934343434347, 0.6268080808080804, 1.7918535353535379, 3.6859040404040457, 2.0984444444444477, 0.5177979797979799, 0.07494444444444193, 0.07494444444444759, 0.531424242424241, 1.3558131313131307, 1.2059242424242411, 1.9826212121212166, 0.6063686868686887, 0.10219696969696987, 1.9553686868686886, 0.6063686868686887, 1.4375707070707087, 0.558676767676769, 0.9606515151515123, 0.013626262626261135, 0.7562575757575781, 0.48373232323232707, 1.8327323232323214, 0.6472474747474721, 1.015156565656568, 1.689656565656568, 0.531424242424241, 0.5723030303030301, 1.117353535353538, 1.3217474747474776, 0.9402121212121205, 0.93339898989899, 0.4428535353535323, 0.4564797979797991, 1.6964696969696986, 2.5412979797979802, 0.7494444444444476, 0.8448282828282869, 0.9129595959595982, 4.721500000000006, 0.6676868686868693, 0.3134040404040402, 0.47010606060606025, 12.890444444444453, 1.1241666666666685, 4.510292929292936, 0.4428535353535323, 0.3610959595959598, 0.9810909090909096, 0.10219696969696987, 0.37472222222222096, 0.7766969696969698, 0.558676767676769, 1.5806464646464675, 6.854010101010106, 0.8652676767676786, 1.3081212121212107, 0.5041717171717187, 0.5382373737373772, 0.83120202020202, 0.14307575757575894, 0.5927424242424219, 1.546580808080809, 1.60789898989899, 0.21802020202020087, 2.2755858585858593, 0.10901010101010043, 2.5821767676767693, 1.2468030303030302, 4.094691919191925, 0.06813131313131135, 0.2861515151515179, 1.689656565656568, 1.7646010101010101, 1.4375707070707087, 0.2657121212121205, 0.9810909090909096, 0.93339898989899, 0.6745000000000001, 2.2415202020202067, 3.181732323232327, 0.30659090909090964, 2.207454545454548, 1.4443838383838392, 0.14988888888888952, 0.6676868686868693, 0.03406565656565851, 0.8448282828282812, 0.7766969696969698, 1.328560606060608, 0.8380151515151506, 2.118883838383839, 0.8243888888888895, 0.23845959595959826, 5.559515151515156, 0.32703030303030134, 1.6283383838383816, 1.3421868686868692, 0.8993333333333314, 0.38153535353535717, 5.5663282828282865, 1.676030303030307, 3.0727222222222266, 0.040878787878789076, 0.9129595959595982, 0.1294494949494978, 0.47691919191919085, 0.4428535353535323, 0.37472222222222096, 0.020439393939391703, 0.9674646464646485, 1.3830656565656587, 0.7085656565656585, 0.47010606060606025, 0.7698838383838392, 0.5450505050505079, 0.5450505050505021, 0.858454545454548, 0.14307575757575894, 1.2127373737373717, 1.7169090909090903, 0.19758080808080916, 0.054505050505050216, 0.8857070707070703, 1.5602070707070703, 0.7017525252525222, 0.27252525252525106, 0.4837323232323214, 143.92739898989913, 0.7494444444444419, 0.5177979797979799, 0.9197727272727289, 0.9810909090909096, 0.08857070707070873, 1.0560353535353573, 1.5125151515151563, 0.22483333333333144, 1.3421868686868692, 1.389878787878789, 1.0696616161616184, 1.2263636363636385, 0.9810909090909096, 0.3951616161616183, 0.10901010101010043, 0.18395454545454804, 1.0424090909090904, 0.8448282828282812, 0.12944949494949212, 0.974277777777779, 1.2059242424242411, 1.648777777777779, 0.11582323232323101, 0.3338434343434319, 0.9197727272727289, 0.29977777777777903, 0.03406565656565851, 2.3028383838383872, 0.9197727272727289, 0.4564797979797991, 1.0015303030303013, 0.5995555555555524, 1.219550505050508, 0.6199949494949498, 0.27252525252525106, 0.21802020202020087, 0.5859292929292913, 1.2808686868686887, 0.93339898989899, 0.020439393939397376, 1.7032828282828292, 0.6540606060606082, 0.5927424242424219, 0.47691919191919085, 0.03406565656565851, 0.5518636363636384, 1.4716363636363614, 0.5995555555555581, 1.3149343434343412, 0.23164646464646768, 0.4632929292929297, 0.6881262626262667, 0.3951616161616183, 1.0219696969696987, 0.14307575757575894, 0.0068131313131305675, 0.3202171717171707, 0.054505050505050216, 0.4632929292929297, 0.06813131313131135, 1.5602070707070703, 0.23845959595959257, 0.1567020202020201, 0.5041717171717187, 0.6745000000000001, 0.558676767676769, 0.37472222222222096, 0.22483333333333144, 1.4103181818181807, 0.16351515151515067, 0.947025252525251, 1.1241666666666685, 1.7441616161616182, 0.29977777777777903, 1.3966919191919196, 0.27252525252525106, 1.4716363636363672, 0.6268080808080804, 0.25889898989898996, 1.062848484848482, 0.531424242424241, 0.38153535353535717, 0.44966666666666855, 0.7971363636363672, 0.817575757575759, 0.19758080808080916, 1.049222222222221, 0.858454545454548, 0.6131818181818193, 0.35428282828282925, 0.20439393939393974, 0.061318181818180786, 1.532954545454548, 1.328560606060608, 1.7032828282828292, 1.5942727272727288, 0.08175757575757249, 0.29977777777777903, 1.3217474747474776, 1.9689949494949497, 1.233176767676769, 0.585929292929297, 2.4595404040404074, 0.2112070707070703, 0.0, 1.076474747474749, 0.8993333333333371, 1.1105404040404074, 1.573833333333337, 0.9470252525252568, 1.1514191919191965, 1.6692171717171764, 2.050752525252528, 0.43604040404040173, 1.0424090909090904, 0.4360404040404074, 1.2127373737373717, 1.0083434343434319, 0.4224141414141406, 0.23164646464646768, 0.6540606060606082, 1.09010101010101, 0.2861515151515122, 0.30659090909090964, 0.5246111111111105, 1.5806464646464675, 0.19758080808080916, 1.7577878787878793, 0.12944949494949212, 0.24527272727272884, 1.92130303030303, 0.7085656565656585, 2.18020202020202, 0.8652676767676786, 0.06813131313131135, 2.0030606060606084, 0.6336212121212109, 0.6813131313131306, 0.08857070707070873, 0.3202171717171707, 0.7017525252525278, 0.08175757575757249, 1.66240404040404, 0.0068131313131305675, 1.7714141414141407, 0.12944949494949212, 1.6419646464646485, 1.0628484848484878, 0.09538383838383929, 0.6063686868686887, 0.21802020202020087, 2.6707474747474773, 0.6268080808080804, 1.4920757575757588, 3.4065656565656584, 1.5125151515151505, 0.6813131313131306, 1.4784494949494977, 1.546580808080809, 0.6063686868686887, 1.1037272727272711, 0.5654898989898995, 0.02725252525252227, 0.4428535353535323, 0.6949393939393916, 1.015156565656568, 0.11582323232323101, 0.5518636363636384, 0.47010606060606025, 0.83120202020202, 1.8599848484848494, 1.982621212121211, 1.049222222222221, 0.974277777777779, 0.07494444444444759, 0.12263636363636157, 0.12944949494949212, 0.9947171717171708, 0.6063686868686887, 0.3610959595959598, 0.08175757575757815, 1.1854848484848495, 0.020439393939391703, 0.3610959595959598, 0.9197727272727289, 1.049222222222221, 2.8819545454545477, 2.18020202020202, 1.2536161616161607, 1.66240404040404, 1.7373484848484877, 2.050752525252528, 0.6199949494949498, 0.25889898989898996, 0.0068131313131305675, 0.3951616161616183, 1.2468030303030302, 0.18395454545454237, 1.4035050505050501, 0.2861515151515179, 2.0098737373737388, 0.21802020202020087, 0.03406565656565851, 0.17032828282828125, 0.34746969696969865, 1.0969141414141406, 0.5723030303030301, 0.25889898989898996, 1.3966919191919196, 0.1362626262626227, 0.32703030303030134, 1.3353737373737387, 0.6404343434343414, 0.9810909090909096, 1.7305353535353571, 0.36790909090909035, 1.3490000000000002, 0.2929646464646485, 1.158232323232327, 0.10901010101010043, 0.5995555555555524, 1.7305353535353571, 0.25889898989898996, 0.27933838383838167, 0.2112070707070703, 0.34746969696969865, 0.1362626262626284, 0.83120202020202, 0.442853535353538, 0.020439393939397376, 0.17714141414141177, 0.7630707070707087, 0.3338434343434376, 1.1377929292929296, 1.6147121212121205, 0.4019747474747489, 0.8380151515151506, 0.9879040404040402, 2.691186868686869, 2.350530303030307, 0.29977777777777903, 0.08175757575757249, 1.2127373737373717, 1.9281161616161664, 0.16351515151515067, 0.3406565656565625, 0.19076767676767858, 0.10901010101010043, 2.0711919191919197, 1.7577878787878793, 1.0424090909090904, 1.1241666666666685, 0.08175757575757815, 2.43910101010101, 1.4103181818181807, 0.9402121212121205, 0.18395454545454804, 0.19076767676767858, 0.2112070707070703, 0.1567020202020201, 0.5791161616161606, 0.040878787878789076, 0.4224141414141406, 0.2112070707070703, 2.6503080808080806, 1.219550505050508, 0.30659090909090964, 0.4428535353535323, 1.948555555555558, 1.0832878787878795, 2.3028383838383872, 0.6813131313131306, 0.3610959595959598, 0.2861515151515122, 0.1567020202020201, 0.30659090909090964, 0.18395454545454804, 1.4580101010101003, 0.4224141414141406, 2.323277777777779, 0.013626262626261135, 0.4292272727272712, 1.09010101010101, 0.9538383838383817, 0.24527272727272884, 0.3951616161616183, 0.7085656565656585, 1.0560353535353573, 1.0696616161616184, 0.27933838383838167, 0.1294494949494978, 0.9402121212121205, 0.19758080808080916, 0.7698838383838392, 0.08175757575757815, 0.03406565656565851, 0.061318181818180786, 1.1582323232323213, 0.23845959595959257, 0.5450505050505021, 2.8955808080808088, 0.6881262626262667, 0.8857070707070703, 2.166575757575759, 1.8531717171717188, 0.14307575757575894, 1.50570202020202, 1.7850404040404073, 0.8448282828282812, 1.4580101010101003, 1.2127373737373717, 0.047691919191919646, 0.013626262626261135, 0.6949393939393916, 1.1514191919191907, 0.22483333333333144, 0.4632929292929297, 0.7290050505050502, 0.2929646464646485, 1.948555555555558, 1.0492222222222265, 0.027252525252527946, 1.4443838383838392, 0.35428282828282925, 0.17032828282828125, 0.5450505050505079, 1.6215252525252568, 1.7577878787878793, 1.1991111111111106, 0.11582323232323101, 0.10219696969696987, 1.2059242424242411, 1.4307575757575781, 0.17032828282828125, 0.9810909090909096, 0.6404343434343414, 0.48373232323232707, 0.08857070707070873, 0.9538383838383874, 0.8857070707070703, 1.60789898989899, 0.41560101010101, 0.6063686868686887, 1.2536161616161607, 1.2263636363636385, 0.3610959595959598, 0.8039494949494977, 0.32703030303030134, 0.1362626262626227, 0.93339898989899, 1.9417424242424275, 0.41560101010101, 1.5193282828282868, 0.23164646464646768, 1.1991111111111106, 1.3694393939393972, 0.14988888888888952, 1.328560606060608, 0.5859292929292913, 0.8380151515151506, 1.689656565656568, 0.37472222222222096, 0.974277777777779, 0.19758080808080916, 0.23164646464646202, 0.6949393939393973, 0.442853535353538, 2.193828282828281, 0.02725252525252227, 0.974277777777779, 3.7676616161616185, 0.14307575757575894, 0.32703030303030134, 0.20439393939393974, 0.4224141414141406, 0.36790909090909035, 0.5518636363636384, 1.4103181818181807, 0.10219696969696987, 0.12944949494949212, 0.047691919191919646, 0.1362626262626284, 0.6268080808080804, 0.442853535353538, 0.4564797979797991, 0.14307575757575894, 0.4087878787878795, 0.5654898989898995, 0.4837323232323214, 0.027252525252527946, 1.233176767676769, 0.9879040404040402, 1.3490000000000002, 0.5859292929292913, 1.3694393939393972, 0.4428535353535323, 0.9606515151515179, 2.118883838383839, 0.5041717171717187, 0.21802020202020087, 2.4322878787878794, 0.4292272727272712, 1.117353535353538, 0.9402121212121205, 0.9265858585858594, 0.061318181818180786, 1.8872373737373715, 0.11582323232323101, 0.7835101010101004, 0.21802020202020087, 1.1718585858585882, 1.2672424242424218, 0.22483333333333144, 0.6199949494949498, 0.14307575757575894, 1.948555555555558, 1.5125151515151505, 1.062848484848482, 1.0287828282828293, 1.3558131313131307, 3.208984848484849, 0.6063686868686887, 0.5995555555555524, 1.8122929292929297, 0.790323232323231, 0.6404343434343414, 0.14307575757575894, 0.020439393939391703, 0.12944949494949212, 0.8788939393939397, 1.948555555555558, 0.10901010101010043, 0.29977777777777903, 0.48373232323232707, 3.427005050505056, 0.20439393939393974, 0.36790909090909035, 0.25208585858585936, 0.3338434343434376, 1.4171313131313112, 0.6063686868686887, 1.5397676767676785, 2.28239898989899, 3.324808080808086, 0.2793383838383873, 0.03406565656565851, 0.6336212121212109, 0.7221919191919196, 0.10219696969696987, 0.4632929292929297, 0.4632929292929297, 0.17032828282828125, 1.9894343434343416, 0.12263636363636157, 0.4973585858585882, 0.37472222222222096, 0.19758080808080916, 0.6063686868686887, 0.790323232323231, 0.6881262626262611, 0.8448282828282869, 1.1718585858585882, 0.5723030303030301, 1.0219696969696987, 0.03406565656565851, 0.8380151515151506, 0.054505050505050216, 1.3217474747474776, 0.2929646464646485, 0.531424242424241, 0.38153535353535717, 2.9364595959595983, 0.6404343434343472, 2.4595404040404074, 0.9470252525252568, 0.83120202020202, 0.8107626262626284, 1.1377929292929296, 1.4375707070707087, 0.9810909090909096, 1.0355959595959598, 0.03406565656565851, 1.9349292929292912, 5.089409090909096, 0.9674646464646485, 5.355121212121217, 0.9947171717171708, 0.790323232323231, 4.857762626262629, 1.8804242424242468, 0.17032828282828125, 0.061318181818180786, 0.2248333333333371, 0.49054545454545767, 0.6063686868686887, 0.7494444444444476, 1.546580808080809, 1.4103181818181862, 0.49054545454545195, 0.24527272727272884, 0.9606515151515179, 0.38834848484848206, 0.20439393939393974, 0.06813131313131135, 1.3830656565656587, 0.0, 0.9129595959595982, 0.10901010101010043, 0.5177979797979799, 1.3558131313131307, 1.3013080808080801, 0.14988888888888952, 1.6828434343434375, 1.6419646464646485, 0.4632929292929297, 0.6813131313131306, 0.14307575757575894, 0.7698838383838392, 0.7630707070707087, 0.9129595959595982, 0.8925202020202009, 2.8751414141414173, 0.14307575757575894, 2.323277777777779, 1.7577878787878793, 1.6147121212121205, 0.2861515151515179, 1.7918535353535379, 0.020439393939391703, 0.7494444444444419, 1.3081212121212107, 0.1362626262626284, 1.8395454545454577, 1.1854848484848495, 0.4360404040404074, 0.4019747474747489, 1.0969141414141406, 1.6692171717171707, 0.5791161616161606, 0.2861515151515179, 0.6676868686868693, 1.2059242424242411, 0.7766969696969698, 0.27933838383838167, 0.43604040404040173, 0.7766969696969698, 0.35428282828282925, 0.19758080808080916, 0.2861515151515122, 0.1567020202020201, 1.8191060606060603, 3.7472222222222267, 0.7698838383838392, 0.3338434343434319, 0.24527272727272884, 1.907676767676769, 0.30659090909090964, 1.8736111111111162, 0.5109848484848494, 0.07494444444444193, 1.2876818181818193, 0.7221919191919196, 1.1514191919191907, 0.558676767676769, 1.2468030303030302, 2.139323232323231, 0.8107626262626284, 0.2112070707070703, 1.19229797979798, 0.2929646464646485, 0.1294494949494978, 0.0068131313131305675, 0.8788939393939397, 0.41560101010101, 0.6336212121212109, 0.6199949494949498, 0.4019747474747489, 0.02725252525252227, 1.0492222222222265, 1.4307575757575781, 1.5533939393939395, 0.6949393939393916, 0.8652676767676786, 0.2657121212121205, 1.648777777777779, 0.5859292929292913, 0.1362626262626284, 0.6949393939393916, 1.4035050505050501, 1.1037272727272711, 0.09538383838383929, 0.38834848484848206, 0.37472222222222096, 0.9402121212121205, 0.6472474747474721, 0.34746969696969865, 0.5654898989898995, 0.5859292929292913, 2.1325101010101, 1.519328282828281, 1.9144898989898995, 1.9758080808080805, 0.3406565656565681, 1.3830656565656587, 0.4019747474747489, 0.43604040404040173, 1.635151515151518, 0.6268080808080804, 0.14988888888888952, 1.09010101010101, 0.49054545454545195, 3.903924242424247, 1.2127373737373717, 1.4375707070707087, 5.082595959595966, 0.7630707070707087, 3.774474747474749, 1.015156565656568, 1.1718585858585882, 1.3762525252525277, 0.9810909090909096, 0.3202171717171707, 0.5450505050505021, 1.0560353535353573, 0.5109848484848494, 0.5995555555555524, 1.4443838383838392, 0.5177979797979799, 0.06813131313131135, 1.4852626262626283, 1.8940505050505079, 0.4224141414141406, 0.08857070707070873, 1.5125151515151505, 1.7782272727272712, 0.6336212121212109, 0.20439393939393974, 0.11582323232323101, 1.062848484848482, 1.1037272727272711, 1.4375707070707087, 0.7153787878787891, 1.0969141414141406, 1.635151515151518, 0.06813131313131135, 0.3951616161616183, 0.08175757575757249, 0.6404343434343472, 0.47010606060606025, 1.4784494949494977, 0.23164646464646768, 4.244580808080815, 1.1514191919191907, 3.0999747474747488, 0.974277777777779, 0.7221919191919196, 1.8940505050505079, 0.3134040404040402, 0.23164646464646202, 1.5602070707070703, 0.9947171717171708, 1.4103181818181862, 0.93339898989899, 4.012934343434347, 1.6692171717171764, 0.7630707070707087, 0.20439393939393974, 0.35428282828282925, 0.06813131313131135, 1.573833333333337, 0.17032828282828125, 0.93339898989899, 1.3353737373737387, 0.8788939393939397, 1.0083434343434319, 0.5791161616161606, 0.06813131313131135, 3.5768939393939454, 2.5412979797979802, 0.38834848484848206, 0.47010606060606025, 1.117353535353538, 1.5942727272727288, 0.6336212121212109, 0.9265858585858594, 0.03406565656565851, 0.558676767676769, 1.1377929292929296, 0.3883484848484878, 0.7221919191919196, 0.37472222222222096, 1.0628484848484878, 0.5995555555555524, 0.6745000000000001, 1.3558131313131307, 2.38459595959596, 0.47010606060606025, 0.8448282828282812, 0.6336212121212109, 1.2127373737373717, 1.546580808080809, 0.5041717171717187, 0.10219696969696987, 1.417131313131317, 1.1105404040404017, 0.34746969696969865, 0.6131818181818193, 2.1733888888888893, 0.531424242424241, 0.30659090909090964, 0.36790909090909035, 0.3951616161616183, 0.5927424242424219, 0.35428282828282925, 6.854010101010106, 1.5874595959595983, 0.6131818181818193, 1.2876818181818193, 0.27252525252525106, 0.8925202020202009, 1.9417424242424275, 0.531424242424241, 0.47691919191919085, 1.7577878787878793, 0.03406565656565851, 0.35428282828282925, 0.4224141414141406, 0.3202171717171707, 5.348308080808087, 0.5041717171717187, 0.8448282828282869, 1.1582323232323213, 1.1514191919191965, 0.0068131313131305675, 0.1362626262626284, 0.7221919191919196, 1.7305353535353516, 1.8327323232323214, 0.4632929292929297, 1.3081212121212107, 10.99639393939395, 0.1362626262626284, 0.19758080808080916, 0.49054545454545195, 0.6336212121212109, 0.585929292929297, 0.061318181818180786, 1.3626262626262613, 0.7494444444444419, 0.2112070707070703, 0.5246111111111105, 0.7562575757575781, 0.10901010101010043, 1.2536161616161607, 0.8993333333333314, 2.7116262626262664, 1.3490000000000002, 0.22483333333333144, 0.5518636363636384, 2.466353535353538, 0.3134040404040402, 0.23845959595959826, 1.076474747474749, 1.519328282828281, 0.061318181818180786, 0.03406565656565851, 0.25208585858585936, 0.25208585858585936, 0.27252525252525106, 0.19758080808080916, 0.1567020202020201, 0.7017525252525222]",0.9717117505328521,0.6745000000000001,3.2880734378626992,0.0,143.92739898989913,2071.0,1.0,2.0,0.67
