Cluster,Dist,mean,median,std,min,max,bag_count,day_count,Cluster_Rank,Cluster_perc
0,"[16.992277215189958, 0.9904050632911457, 0.25101645569620734, 0.4482436708860742, 1.2064158227848139, 0.7965930379746877, 1.8237113924050785, 0.49178734177215405, 0.17588227848101687, 0.7257278481012718, 1.2038544303797591, 0.5208164556962074, 0.9374696202531653, 1.153480379746839, 0.2407708860759467, 0.7487803797468362, 1.590624683544318, 0.305659493670888, 0.7965930379746877, 0.7317044303797465, 1.4932917721519035, 0.6318101265822857, 0.3884778481012675, 0.9195398734177327, 0.4149455696202549, 1.8749392405063448, 0.1818588607594944, 0.5413075949367087, 0.9084405063291178, 0.3603025316455743, 0.9417386075949454, 1.4634088607594986, 1.0715158227848223, 1.2004392405063307, 2.2062126582278543, 0.07342658227848464, 0.7863474683544299, 0.5506993670886092, 1.4010816455696233, 0.5378924050632913, 1.3464386075949428, 0.6864531645569721, 0.26809240506328563, 1.4941455696202577, 1.4147424050632955, 0.1699056962025308, 0.26211582278481377, 1.1901936708860814, 0.7095056962025308, 1.5445196202531697, 1.2789886075949384, 1.441210126582283, 0.3048056962025336, 0.7197512658227857, 1.067246835443039, 0.7854936708860756, 0.5797284810126568, 0.9041715189873459, 0.8905107594936709, 1.6077006329113992, 1.5317126582278515, 1.5214670886075994, 0.06915759493671295, 0.32700443037974647, 0.6454708860759524, 0.583143670886077, 0.6096113924050729, 1.4488943037974777, 0.14343797468354055, 1.2021468354430391, 0.3696943037974664, 0.669377215189874, 0.02219873417721854, 1.2234917721519063, 0.14941455696202663, 0.009391772151892058, 0.695844936708867, 0.13404620253164282, 0.26211582278481377, 1.8442025316455743, 0.9024639240506345, 0.2715075949367144, 0.5711905063291134, 0.04012848101265115, 1.4881689873417858, 1.3635145569620293, 2.07472784810128, 1.4027892405063318, 472.7809563291162, 0.5242316455696246, 0.7752481012658263, 0.3107822784810112, 0.5968044303797493, 1.0254107594936737, 0.870873417721521, 0.7052367088607647, 0.5267930379746877, 0.9135632911392466, 0.05208164556962045, 1.5342740506329173, 1.5052449367088643, 0.3176126582278459, 0.42177594936709245, 1.0202879746835447, 0.3884778481012675, 1.7280860759493726, 0.1869816455696176, 0.1263620253164566, 2.049113924050639, 0.11099367088607846, 0.33725000000000427, 0.669377215189874, 1.2550822784810254, 0.723166455696206, 1.1594569620253194, 1.640144936708864, 0.012806962025320794, 0.3603025316455743, 1.0484632911392522, 0.23991708860758956, 0.5635063291139301, 0.1340462025316485, 1.2550822784810225, 1.3216784810126612, 0.32871202531645805, 0.12892341772151678, 0.9579607594936722, 0.47727278481012464, 0.7684177215189889, 1.3225322784810154, 0.6446170886076008, 1.9253132911392536, 0.685599367088615, 0.39189303797468206, 0.5592373417721612, 0.3654253164557003, 2.0815582278481095, 0.5549683544303782, 0.4576354430379805, 0.019637341772155516, 0.560091139240507, 1.5265898734177255, 1.5325664556962117, 0.7837860759493698, 0.14685316455696076, 1.0126037974683557, 2.09692658227849, 0.7641487341772171, 0.4516588607594915, 2.789356329113943, 1.0151651898734244, 0.36030253164556864, 1.4924379746835492, 0.2860221518987353, 0.7948854430379763, 1.3805905063291162, 1.3729063291139272, 0.20747278481012746, 1.59403987341773, 0.4303139240506359, 0.6181493670886078, 0.9895512658227857, 0.20491139240506445, 0.4089689873417717, 1.6239227848101345, 1.4890227848101316, 0.21088797468354767, 0.5396, 0.10074810126582354, 0.7692715189873431, 0.14087658227848607, 0.7274354430379747, 1.1551879746835476, 0.3961620253164509, 0.33554240506329275, 0.15624493670886136, 0.5968044303797465, 0.0008537974683514966, 0.17502848101265683, 1.8015126582278542, 1.0407791139240519, 0.22027974683543972, 1.2448367088607617, 0.37396329113923804, 0.5327696202531738, 1.1210360759493685, 0.6292487341772143, 1.3182632911392493, 0.5327696202531738, 0.2621158227848081, 1.102252531645573, 1.107375316455699, 0.3910392405063306, 0.7385348101265925, 0.08025696202531937, 0.973329113924059, 1.1304278481012688, 0.9502765822784832, 0.03671329113923664, 0.6138803797468362, 0.5489917721518978, 0.3543259493670882, 1.8433487341772257, 0.3568873417721512, 0.6420556962025321, 0.9912588607594972, 1.802366455696209, 1.3472924050632942, 0.16478291139240192, 0.2484550632911415, 1.1790943037974722, 1.650390506329119, 0.48410316455696506, 0.5942430379746864, 0.8281835443037984, 0.909294303797472, 0.40384620253164566, 0.10587088607595242, 0.3936006329113936, 0.6599854430379734, 1.454017088607598, 1.2619126582278575, 0.0025613924050630213, 0.9793056962025365, 0.12550822784810226, 0.33981139240506447, 0.22625632911392296, 1.9321436708860826, 2.2070664556962147, 0.10160189873417504, 1.3951050632911486, 0.7957392405063363, 0.7180436708860799, 0.9263702531645588, 1.9005531645569749, 0.1861278481012661, 0.6232721518987395, 1.3976664556962086, 0.4892259493670911, 0.08452594936708539, 0.5225240506329132, 0.25955443037975073, 0.38762405063291033, 0.5020329113924118, 0.10501708860759523, 1.3771753164556988, 0.21686455696202803, 0.052935443037977634, 0.7188974683544315, 0.828183544303804, 0.5344772151898797, 0.49947151898734315, 1.1978778481012675, 0.6121727848101332, 0.308220886075951, 0.096479113924049, 0.14343797468354055, 0.030736708860759097, 0.4311677215189959, 0.03842088607594532, 0.16051392405063303, 0.4047000000000057, 1.2158075949367144, 0.7846398734177213, 0.5319158227848166, 1.228614556962035, 0.11611645569619883, 1.5095139240506474, 1.7272322784810181, 0.04012848101265115, 0.892218354430391, 0.11697025316455031, 1.3524151898734231, 0.2962677215189817, 0.4012848101265883, 0.23564810126582353, 0.04354367088607989, 0.6079037974683643, 0.782078481012664, 0.20832658227848463, 0.7052367088607647, 1.409619620253178, 0.5703367088607619, 1.136404430379755, 2.050821518987353, 0.7496341772151933, 0.5506993670886092, 1.3481462025316484, 0.004268987341771702, 0.7752481012658263, 0.4926411392405113, 1.4702392405063331, 0.28175316455696364, 0.39616202531645944, 0.0640348101265869, 1.9953246835443097, 0.4943487341772171, 0.4619044303797465, 0.36115632911392576, 0.2723613924050715, 0.47385759493670726, 2.7509354430379918, 1.1936088607594986, 0.3270044303797522, 0.8128151898734173, 0.07171898734177312, 1.303748734177217, 0.6514474683544299, 0.26723860759493984, 1.0834689873417773, 0.2954139240506416, 1.2960645569620308, 1.2482518987341793, 0.7786632911392409, 1.293503164556965, 0.02476012658228156, 0.21515696202531367, 0.1280696202531653, 0.69755253164557, 1.110790506329119, 0.07513417721518764, 0.4277525316455672, 1.3071639240506374, 0.8051310126582283, 0.7188974683544371, 1.9791025316455828, 0.32785822784810653, 0.9818670886075995, 1.4890227848101316, 0.8947797468354455, 1.9671493670886135, 0.16307531645569037, 1.0288259493670968, 1.9816639240506457, 0.5908278481012718, 0.689868354430381, 0.30224430379747347, 0.1938120253164495, 0.12209303797468206, 0.47641898734177024, 0.6104651898734188, 0.4448284810126625, 0.0870873417721484, 0.7393886075949441, 0.44568227848101405, 0.3030981012658221, 0.08708734177215124, 0.7282892405063291, 0.012806962025320794, 0.4943487341772171, 0.3056594936708852, 1.3302164556962044, 1.5820867088607662, 1.094568354430381, 0.2834607594936751, 0.4969101265822802, 0.19125063291138644, 1.9765411392405197, 1.5137829113924162, 1.3925436708860854, 1.1927550632911472, 0.5814360759493741, 1.9056759493670952, 0.26211582278481377, 1.5709873417721596, 0.5413075949367115, 0.6292487341772199, 1.3729063291139272, 0.03671329113924232, 1.0638316455696275, 0.5088632911392409, 0.2177183544303767, 0.5703367088607648, 0.3807936708860813, 0.14514556962025207, 0.5216702531645617, 0.7274354430379747, 1.1005449367088642, 0.11526265822784448, 0.08537974683543972, 0.17332088607594817, 1.0143113924050644, 0.006830379746834723, 0.3176126582278459, 1.0612702531645588, 0.552406962025315, 1.207269620253168, 0.058058227848103675, 1.1449424050632955, 0.7701253164557031, 1.097129746835444, 0.4243373417721583, 0.8486746835443053, 1.0979835443038068, 1.003212025316458, 1.1509189873417844, 0.09050253164556576, 0.18698164556962046, 0.3748170886075924, 0.48410316455696506, 1.220076582278489, 0.6847455696202521, 0.1135550632911358, 1.036510126582283, 0.858066455696206, 0.47385759493670726, 0.02476012658228156, 1.1688487341772227, 0.649739873417727, 0.5805822784810197, 0.5617987341772157, 0.1938120253164495, 0.4149455696202549, 0.26553101265823115, 0.2962677215189817, 0.14343797468354055, 0.04354367088607705, 1.2345911392405098, 1.1278664556962144, 0.5481379746835463, 1.2969183544303824, 0.5182550632911386, 0.7564645569620309, 0.1946658227848152, 0.11270126582278431, 0.29456012658227587, 0.24589367088607278, 0.0034151898734202054, 0.34408037974683897, 1.515490506329119, 0.18868924050633198, 0.42177594936709245, 1.6298993670886177, 0.04439746835443708, 1.1995854430379762, 1.7963898734177368, 0.3850626582278502, 1.1372582278481036, 0.2296715189873403, 0.6787689873417717, 0.20064240506329273, 1.0501708860759582, 0.5310620253164651, 1.0057734177215267, 0.4260449367088699, 0.692429746835444, 1.0527322784810156, 2.5093107594936823, 0.906732911392409, 1.349853797468357, 0.48495696202531935, 0.9468613924050716, 0.524231645569619, 0.21259556962025064, 0.2911449367088642, 0.24162468354430106, 1.8868924050633027, 0.22369493670886847, 0.03671329113923664, 0.8555050632911401, 0.9408848101265826, 1.388274683544308, 0.5216702531645617, 0.2561392405063306, 0.858066455696206, 0.028175316455696077, 1.4693854430379847, 0.8981949367088684, 0.3910392405063306, 0.6762075949367087, 1.3353392405063333, 1.024556962025325, 0.3159050632911372, 0.6249797468354454, 0.8187917721519006, 0.42689873417720997, 0.30139050632911346, 0.8606278481012661, 0.939177215189874, 0.32871202531645516, 1.1142056962025335, 0.3867702531645589, 0.7462189873417732, 0.7069443037974678, 1.2132462025316513, 1.3028949367088714, 1.0296797468354455, 0.08794113924050843, 1.6572208860759539, 0.2134493670886107, 0.2774841772151919, 0.665108227848108, 1.092860759493678, 1.3566841772152005, 0.18356645569620594, 1.0399253164557003, 0.229671518987346, 0.49349493670886274, 0.4619044303797493, 0.0785493670886107, 2.6168892405063433, 1.2158075949367173, 0.6736462025316485, 0.7709791139240517, 0.1178240506329075, 0.39786962025316247, 0.1972272151898782, 1.0356563291139316, 0.04695886075949441, 0.5694829113924047, 1.6930803797468503, 0.09989430379746919, 94.45305253164602, 82.7252905063295, 81.19955443038012, 73.00736772151933, 71.41076645569655, 70.38279430379778, 65.71508354430412, 49.929222151898976, 1.8254189873417845, 2.2369493670886222, 2.632257594936727, 1.0860303797468402, 1.3652221518987382, 0.1716132911392423, 0.7530493670886078, 0.6027810126582326, 0.08879493670885424, 1.0988373417721526, 0.29285253164557284, 2.5460240506329272, 0.9818670886075995, 1.0689544303797536, 0.3645715189873403, 0.5233778481012704, 2.1404702531645703, 1.8185886075949411, 2.34367405063292, 0.9246626582278502, 1.736624050632919, 0.38335506329113866, 0.026467721518984553, 1.102252531645573, 0.19551962025317238, 1.727232278481021, 0.028175316455696077, 1.6059930379746905, 1.3524151898734231, 0.7035291139240533, 1.4617012658227957, 1.3276550632911415, 0.10501708860759523, 0.10501708860759523, 0.9016101265822801, 0.08367215189873388, 0.07342658227847897, 1.2115386075949426, 1.459139873417724, 0.7547569620253222, 0.993820253164566, 0.15880632911392437, 0.4823955696202535, 0.9622297468354497, 0.331273417721521, 1.5129291139240617, 0.6437632911392438, 1.2482518987341793, 0.41921455696202664, 0.11782405063291602, 0.2561392405063306, 0.6164417721518992, 1.197024050632913, 0.18868924050632344, 0.9818670886075966, 0.25101645569620734, 0.6685234177215196, 0.062327215189869695, 0.32017405063290894, 0.18356645569620308, 0.7872012658227957, 1.0407791139240574, 1.5658645569620393, 0.83245253164557, 0.5063018987341835, 1.1799481012658264, 0.9383234177215253, 0.74365759493671, 0.3432265822784818, 1.2567898734177254, 0.35261835443038525, 0.09050253164556576, 1.7852905063291191, 1.2371525316455756, 0.33725000000000427, 1.0262645569620281, 0.5925354430379748, 1.085176582278489, 1.354122784810129, 0.36713291139240334, 1.028825949367091, 0.03842088607595385, 0.0034151898734145177, 1.0552936708860785, 0.20491139240506445, 0.17075949367088517, 1.3848594936708907, 1.5240284810126652, 1.0126037974683615, 0.15539113924050985, 0.44738987341772557, 0.227110126582283, 1.424134177215196, 0.20149620253164424, 1.3840056962025364, 0.6745, 0.33725000000000427, 1.3763215189873446, 2.2301189873417786, 0.09818670886075767, 0.2057651898734188, 0.8725810126582297, 0.24760126582279, 0.20747278481012746, 0.528500632911402, 0.9682063291139329, 1.3899822784810167, 1.4377949367088654, 1.258497468354434, 0.08452594936708539, 1.145796202531647, 0.2262563291139258, 1.4377949367088743, 0.7026753164557017, 0.3944544303797479, 0.6121727848101332, 1.3720525316455756, 0.10416329113924375, 0.3842088607594958, 0.6514474683544357, 1.2567898734177254, 0.36030253164556864, 1.432672151898748, 1.6845424050632984, 1.1475037974683642, 0.36713291139240334, 0.7931778481012731, 0.4106765822784832, 0.5174012658227843, 0.9340544303797536, 1.1679949367088656, 2.0013012658228013, 0.38933164556962185, 1.1261588607594972, 0.5250854430379733, 0.22284113924051127, 0.0025613924050630213, 0.5114246835443039, 0.5233778481012704, 0.3381037974683558, 0.12123924050633625, 0.4943487341772171, 1.0288259493670968, 1.5095139240506474, 0.5814360759493655, 1.2559360759493796, 1.6230689873417774, 0.24674746835443848, 0.2612620253164566, 0.3492031645569707, 0.7761018987341808, 0.7709791139240517, 0.49093354430379976, 1.3643683544303837, 0.6138803797468418, 0.8691658227848124, 1.9995936708860897, 0.023906329113921532, 0.011953164556955078, 2.6015208860759653, 0.6890145569620266, 0.04695886075949441, 0.969913924050633, 1.2789886075949384, 1.3054563291139258, 0.2663848101265798, 0.03671329113924232, 0.47727278481013596, 1.0868841772151976, 0.3065132911392395, 0.8640430379746835, 1.0433405063291148, 1.5308588607594973, 1.7349164556962076, 0.11782405063291602, 0.7035291139240533, 0.24503987341771558, 0.07769556962025066, 1.630753164556972, 0.04866645569620309, 0.9425924050632998, 1.627337974683549, 0.11611645569619883, 0.27577658227848606, 0.0811107594936737, 1.0578550632911414, 0.852943670886077, 1.4582860759493812, 0.9784518987341793, 0.48154177215190486, 1.5334202531645602, 1.2636202531645602, 1.1901936708860814, 0.4986177215189831, 0.23308670886076052, 1.0083348101265897, 0.6719386075949398, 0.7778094936708894, 0.6318101265822857, 0.12038544303797906, 1.0296797468354455, 0.12038544303797906, 0.08452594936708822, 0.4439746835443082, 0.996381645569629, 0.45848924050633194, 1.2448367088607617, 0.44568227848101405, 0.2638234177215196, 0.11867784810126468, 1.5129291139240562, 0.4098227848101289, 1.247398101265828, 0.6027810126582326, 0.33895759493670724, 1.0040658227848123, 0.5541145569620352, 0.60875759493671, 1.3916898734177283, 0.49776392405063163, 0.7060905063291134, 0.9502765822784832, 1.2311759493670924, 0.422629746835444, 0.3013905063291191, 1.1637259493670966, 0.14343797468354055, 0.4132379746835462, 0.016222151898732468, 0.4550740506329118, 1.0629778481012675, 1.4804848101265855, 0.6992601265822788, 0.20149620253164424, 0.1699056962025393, 0.6412018987341779, 0.2851683544303838, 0.49861772151899164, 0.0298829113924076, 0.4721499999999986, 0.09562531645569466, 0.1972272151898782, 1.303748734177217, 1.0638316455696275, 1.9329974683544369, 0.11782405063291602, 0.8828265822784847, 1.068954430379748, 0.5489917721518978, 1.6324607594936809, 0.7564645569620252, 0.42860632911393287, 0.9144170886075981, 0.48410316455696506, 0.17758987341771984, 0.6343715189873402, 0.21515696202531653, 0.47385759493670726, 0.058912025316452336, 0.5242316455696246, 0.4712962025316442, 0.10501708860759523, 0.13490000000000285, 0.19210443037974365, 1.2789886075949497, 0.13916898734176886, 0.2168645569620195, 1.4864613924050658, 1.2926493670886134, 1.2388601265822843, 0.0785493670886107, 0.9349082278481022, 0.4721499999999986, 0.5097170886075952, 0.30224430379747064, 0.7692715189873431, 1.7921208860759597, 1.4779234177215226, 0.1895430379746806, 0.37396329113923804, 0.9400310126582311, 1.3157018987341864, 0.7479265822784846, 0.8051310126582283, 0.5071556962025408, 0.8777037974683586, 0.09562531645570319, 0.08025696202531937, 0.6540088607594929, 0.3261506329113922, 1.1910474683544328, 0.05720443037974933, 0.49007974683544536, 0.5703367088607619, 0.16051392405063303, 0.2646772151898768, 0.07769556962025066, 1.9099449367088728, 0.27065379746836005, 0.7709791139240517, 0.2706537974683486, 1.0757848101265939, 0.21003417721519047, 1.5359816455696234, 0.9468613924050716, 0.8213531645569693, 0.007684177215189063, 2.4299075949367204, 0.8085462025316457, 0.9588145569620266, 1.1201822784810196, 1.1483575949367215, 1.2055620253164594, 1.0023582278481065, 1.6888113924050674, 0.6710848101265826, 0.22881772151898597, 2.0277689873417772, 0.8836803797468362, 0.15624493670886136, 0.6369329113924118, 1.220076582278489, 0.10757848101265827, 0.8495284810126653, 1.7460158227848166, 1.6222151898734258, 0.8017158227848109, 3.7430481012658436, 1.949219620253178, 2.828631012658242, 0.6753537974683571, 1.2132462025316542, 0.8264759493670925, 0.0785493670886107, 0.5396000000000056, 0.07684177215189916, 0.01707594936708681, 0.5122784810126583, 0.29968291139241043, 1.8442025316455772, 0.04952025316455743, 1.4745082278481108, 0.33725000000000144, 0.8444056962025337, 1.2209303797468376, 0.2279639240506373, 1.2576436708860799, 0.017075949367092495, 1.0424867088607606, 0.8879493670886135, 0.8230607594936752, 1.2866727848101305, 0.8759962025316499, 0.10587088607595242, 1.0049196202531696, 0.30053670886076767, 1.8083430379746919, 0.7530493670886078, 0.1135550632911415, 0.42519113924050417, 1.4736544303797507, 1.8442025316455772, 0.7641487341772171, 0.1861278481012661, 0.020491139240509857, 0.677061392405063, 0.005122784810126043, 0.8845341772151961, 0.010245569620252085, 0.18356645569620308, 1.0570012658227872, 0.9596683544303838, 0.8990487341772228, 1.1901936708860843, 0.6642544303797479, 0.1869816455696176, 1.313994303797475, 1.0817613924050657, 1.6964955696202677, 0.7470727848101331, 0.06488860759493272, 1.3225322784810212, 0.35261835443037953, 0.5506993670886092, 0.9238088607594959, 0.5805822784810197, 0.5933892405063319, 1.7391854430379818, 0.28089936708861213, 0.21942594936709392, 0.875996202531647, 0.7351196202531639, 0.9289316455696275, 1.0288259493670968, 0.09989430379746919, 0.04525126582278288, 0.3133436708860799, 1.3515613924050716, 0.04866645569620309, 0.6651082278481022, 0.019637341772155516, 0.11697025316455031, 0.528500632911402, 1.8399335443038025, 1.138965822784818, 1.0860303797468376, 0.13916898734176886, 1.445479113924049, 0.09562531645569466, 1.163725949367091, 0.9639373417721526, 0.5541145569620352, 0.1007481012658207, 0.6523012658227871, 1.5863556962025462, 1.167994936708863, 1.071515822784811, 2.117417721518997, 0.1519759493670868, 0.1869816455696176, 1.1833632911392438, 0.26979999999999715, 1.6205075949367143, 0.8717272151898782, 0.49349493670886563, 1.7502848101265913, 1.5966012658227928, 0.10843227848101546, 0.41579936708861215, 0.19722721518987538, 1.8681088607594987, 1.3336316455696302, 0.05122784810126611, 1.5846481012658264, 0.5711905063291163, 0.5814360759493741, 1.1193284810126596, 0.4986177215189831, 0.5805822784810112, 0.6574240506329103, 0.5131322784810154, 0.5583835443038069, 1.4591398734177325, 1.5120753164556988, 1.3566841772152005, 1.3848594936708907, 0.052935443037977634, 0.43031392405063873, 1.5189056962025365, 0.6847455696202521, 0.5097170886075952, 0.3867702531645589, 1.0792000000000057, 0.39274683544304206, 1.4395025316455798, 0.43970569620253647, 0.45678164556962897, 0.9886974683544342, 0.8222069620253208, 0.004268987341774545, 0.4414132911392395, 0.49093354430379976, 0.09647911392405469, 0.6454708860759496, 1.44206392405064, 0.6121727848101332, 0.5950968354430377, 1.6427063291139385, 0.030736708860759097, 1.090299367088612, 2.096072784810139, 1.9184829113924133, 1.5547651898734245, 1.6572208860759539, 0.7752481012658292, 1.3626607594936808, 0.9383234177215253, 0.5549683544303782, 0.21942594936709392, 0.9921126582278544, 1.8954303797468433, 0.3261506329113922, 0.8145227848101261, 1.4403563291139287, 0.31675886075949444, 0.6335177215189859, 0.011953164556966453, 0.5686291139240505, 0.13746139240506586, 0.0008537974683514966, 0.34322658227847896, 0.19039683544303498, 0.3756708860759553, 0.8170841772152004, 0.09647911392405469, 0.2621158227848081, 0.0811107594936737, 0.6386405063291148, 0.9092943037974691, 0.683037974683552, 1.097129746835444, 1.6939341772152048, 1.851886708860772, 1.2388601265822843, 0.7547569620253222, 0.659131645569619, 1.3524151898734202, 1.01089620253165, 0.8000082278481022, 1.4659702531645646, 0.4730037974683586, 1.4821924050632997, 1.3268012658227901, 0.05805822784810084, 99.07551202531691, 50.74289113924075, 41.41259240506349, 39.003175949367275, 29.876081012658382, 27.83465126582292, 19.79614810126592, 1.7861443037974791, 2.310375949367101, 2.34452784810128, 1.2994797468354455, 0.0828183544303824, 1.008334810126587, 0.21344936708860499, 0.6984063291139272, 0.43970569620253364, 0.13319240506329133, 0.15453734177215267, 0.6352253164557031, 0.38164746835443564, 1.0800537974683573, 0.1349, 0.5191088607594958, 0.8478208860759511, 0.13575379746835434, 0.703529113924056, 0.5438689873417717, 0.6710848101265826, 0.38847784810127034, 0.6779151898734201, 0.13746139240505734, 1.4173037974683584, 0.781224683544304, 0.32956582278481517, 0.25016265822784733, 0.012806962025312263, 0.5592373417721612, 0.5302082278480994, 1.8732316455696245, 1.262766455696206, 0.16051392405063591, 1.2533746835443054, 0.21515696202531653, 1.2952107594936795, 1.184217088607598, 0.25784683544304204, 0.4695886075949412, 1.6785658227848153, 1.248251898734185, 0.1818588607594944, 0.0785493670886107, 1.7443082278481135, 1.1133518987341848, 0.09306392405064016, 0.6966987341772186, 1.126158860759503, 2.583591139240524, 0.9314930379746877, 0.2749227848101346, 0.5660677215189902, 0.41067658227848036, 0.45336645569620876, 0.7368272151898725, 0.02732151898734458, 0.6898683544303895, 4.793218987341795, 0.38762405063291316, 0.1681981012658278, 0.4559278481012718, 1.5897708860759552, 1.0988373417721526, 0.13404620253164282, 0.29029113924050987, 0.1349, 1.6444139240506388, 1.4036430379746891, 0.481541772151902, 1.982517721519, 0.8426981012658306, 0.20064240506329273, 0.16051392405063303, 0.642055696202538, 0.04098227848101687, 0.346641772151902, 0.6232721518987339, 0.3842088607594958, 1.354122784810129, 0.48324936708860783, 1.3319240506329246, 0.9716215189873446, 0.8563588607594943, 0.702675316455696, 1.7938284810126623, 0.4909335443038026, 0.046958860759491565, 0.06744999999999858, 0.6830379746835433, 0.3449341772151848, 1.149211392405073, 0.08452594936708539, 0.7923240506329218, 0.13916898734177455, 1.3191170886076007, 1.8578632911392494, 0.28175316455696364, 0.23052531645569752, 0.24845506329114433, 1.5180518987341822, 0.4542202531645574, 0.5925354430379776, 0.2971215189873474, 0.44568227848101405, 2.032891772151912, 2.458082911392419, 0.5635063291139243, 0.3987234177215253, 0.6335177215189859, 0.9724753164556988, 0.46531962025316664, 0.5669215189873418, 1.0638316455696217, 0.9272240506329132, 0.8461132911392423, 0.463612025316458, 0.06488860759494408, 1.2448367088607617, 0.2757765822784804, 1.1475037974683557, 0.016222151898732468, 0.27065379746836005, 0.03842088607594532, 0.16051392405063591, 0.8375753164557046, 1.0638316455696217, 0.7428037974683558, 0.6685234177215225, 0.5600911392405127, 0.28772974683544683, 1.599162658227856, 0.010245569620252085, 0.28089936708861213, 0.6164417721519049, 1.2815500000000042, 0.7282892405063291, 0.7539031645569679, 0.25870063291139356, 1.925313291139245, 0.29199873417721284, 0.7590259493670882, 1.1475037974683557, 0.9400310126582283, 1.2012930379746933, 0.8034234177215254, 1.381444303797482, 1.3600993670886206, 1.1056677215189903, 0.6608392405063362, 0.6241259493670939, 0.02732151898734458, 2.769718987341787, 1.092860759493678, 0.5336234177215196, 0.8213531645569636, 1.6896651898734216, 0.15368354430379833, 0.10672468354430392, 1.0510246835443153, 1.0578550632911443, 1.9603189873417814, 0.45165886075950296, 1.5957474683544413, 0.4576354430379805, 0.9596683544303838, 0.8025696202531709, 1.2849651898734216, 0.29029113924050415, 1.3942512658227886, 0.3193202531645603, 0.9810132911392423, 0.5054481012658321, 0.11697025316455031, 1.3822981012658335, 0.6292487341772143, 1.220076582278489, 0.5822898734177199, 1.4275493670886163, 0.02476012658227587, 0.3696943037974664, 0.8102537974683544, 1.4266955696202592, 0.308220886075951, 0.4892259493670911, 1.0313873417721597, 0.6454708860759524, 0.7504879746835477, 0.642055696202538, 0.6164417721519049, 1.201293037974685, 1.209831012658231, 0.4286063291139244, 2.10034177215191, 1.161164556962028, 0.34066518987341876, 0.3065132911392395, 0.8794113924050644, 1.444625316455703, 2.4768664556962148, 0.6138803797468418, 0.8981949367088684, 0.9050253164557032, 0.5319158227848166, 0.6599854430379819, 0.18271265822785157, 0.7914702531645645, 0.5669215189873446, 1.2269069620253263, 1.267889240506335, 0.12038544303797621, 0.9477151898734202, 0.3065132911392395, 0.7991544303797479, 0.7368272151898725, 0.8700196202531666, 5.382339240506359, 0.5771670886075938, 0.46788101265822973, 1.3233860759493754, 0.6514474683544299, 0.8401367088607675, 0.9024639240506374, 0.5558221518987324, 1.3968126582278515, 0.6437632911392438, 0.4098227848101289, 0.30053670886075906, 1.5786715189873515, 0.6540088607594986, 0.28516835443037813, 1.5189056962025365, 0.052935443037977634, 0.3329810126582297, 0.6625468354430449, 0.9323468354430421, 0.4012848101265883, 0.9135632911392466, 1.5769639240506401, 0.4268987341772214, 0.18612784810126895, 0.9186860759493755, 0.15624493670886136, 0.6608392405063391, 0.41665316455696644, 1.2533746835443054, 0.18612784810126895, 0.946861392405066, 3.9257607594936954, 1.3046025316455716, 0.9707677215189959, 0.13319240506329133, 0.5950968354430377, 0.8187917721519006, 0.4806879746835448, 0.5669215189873446, 0.9229550632911414, 0.10843227848100975, 0.3346886075949413, 0.04695886075949441, 1.1568955696202563, 0.9050253164557032, 1.219222784810129, 1.4847537974683571, 0.8811189873417759, 0.3696943037974664, 0.05378924050632913, 0.07428037974683614, 0.583143670886077, 0.021344936708861353, 1.4762158227848194, 1.3464386075949455, 0.18868924050632344, 1.0177265822784818, 1.1927550632911472, 1.1133518987341848, 0.9366158227848166, 0.42177594936709245, 0.15795253164557288, 0.30736708860759665, 0.08537974683544541, 1.9910556962025379, 0.1280696202531653, 1.0962759493670982, 0.6002196202531639, 0.15368354430379833, 1.2559360759493712, 0.3970158227848109, 0.22540253164557428, 0.886241772151902, 1.5308588607594973, 1.267035443037983, 0.2860221518987353, 0.8922183544303794, 1.3139943037974722, 1.0083348101265897, 0.5848512658227857, 0.8008620253164623, 0.9144170886075981, 1.6324607594936809, 0.0683037974683586, 0.39786962025316247, 1.846763924050637, 0.8520898734177256, 0.4362905063291135, 0.8725810126582297, 0.4943487341772171, 0.5583835443038069, 1.4215727848101303, 0.21003417721519047, 0.27406898734177737, 0.2979753164556932, 0.2774841772151891, 0.4730037974683501, 1.8681088607595042, 0.38506265822784735, 0.09050253164556576, 1.1978778481012675, 0.5506993670886092, 1.0629778481012675, 1.1859246835443067, 0.7120670886076051, 0.9477151898734202, 0.03927468354431103, 0.7872012658227957, 1.1142056962025335, 0.29029113924050987, 0.20064240506329273, 1.7323550632911442, 1.2072696202531707, 0.9152708860759495, 0.05208164556962045, 1.298625949367091, 0.09477151898734315, 0.07171898734177312, 0.013660759493666602, 1.2491056962025335, 0.41750696202531795, 0.6394943037974749, 0.2663848101265798, 0.10757848101265827, 0.15539113924050985, 0.993820253164566, 1.673443037974692, 0.3782322784810183, 2.8064322784810294, 0.19893481012658124, 1.8988455696202577, 0.21515696202531653, 0.3748170886075924, 0.43458291139240474, 0.5319158227848109, 1.408765822784821, 0.4559278481012689, 8.410758860759534, 0.13916898734176886, 0.08623354430379121, 0.8034234177215254, 0.9622297468354468, 0.7692715189873431, 0.8367215189873475, 0.49178734177215405, 0.026467721518984553, 1.0382177215189945, 1.1329892405063346, 0.48666455696202804, 1.0484632911392522, 0.43458291139240474, 0.4712962025316442, 0.1741746835443082, 0.9314930379746877, 1.7408930379746876, 0.33725000000000427, 1.624776582278489, 0.3944544303797451, 0.5703367088607648, 0.8939259493670996, 0.09904050632911202, 0.7206050632911429, 0.41067658227848036, 0.4823955696202535, 0.4021386075949427, 1.751992405063297, 1.6495367088607675, 0.6966987341772186, 2.729590506329128, 1.9244594936708908, 1.0322411392405084, 0.2979753164556932, 0.9289316455696247, 1.3225322784810154, 0.5028867088607576, 0.7060905063291191, 0.2894373417721498, 1.4847537974683656, 0.24418607594937547, 0.04098227848101687, 0.42689873417720997, 0.7317044303797465, 0.7701253164557031, 1.0015044303797493, 0.7735405063291149, 0.0990405063291177, 1.4907303797468405, 0.6369329113924118, 0.47641898734177024, 1.0006506329114007, 0.5208164556962074, 0.3995772151898796, 0.32956582278481517, 0.9895512658227914, 0.7240202531645631, 1.6409987341772272, 0.9366158227848166, 0.0640348101265869, 0.8802651898734245, 0.6540088607594929, 0.9485689873417774, 0.7206050632911429, 0.5063018987341835, 0.2612620253164566, 0.7462189873417732, 0.12721582278480809, 1.6674664556962173, 0.22711012658227728, 0.6096113924050701, 0.1861278481012661, 1.3686373417721556, 1.028825949367091, 0.8623354430379747, 1.6000164556962073, 1.370344936708864, 0.5396, 0.4089689873417717, 1.433525949367091, 0.1699056962025308, 0.7906164556962044, 0.7257278481012718, 1.2115386075949397, 2.0542367088607647, 0.20832658227848463, 0.5404537974683543, 1.316555696202538, 0.7470727848101331, 0.3210278481012632, 0.19637341772151817, 1.1116443037974706, 0.7573183544303853, 0.5011791139240547, 0.30053670886075906, 0.1664905063291106, 1.7016183544303796, 0.9238088607595015, 0.2057651898734188, 0.794885443037979, 0.2621158227848081, 1.2926493670886134, 1.2439829113924104, 0.9639373417721526, 0.31761265822784873, 0.44226708860759667, 1.0185803797468362, 1.3609531645569664, 0.2168645569620195, 0.10672468354430677, 0.2954139240506302, 0.9622297468354497, 0.669377215189874, 1.8424949367088712, 0.9767443037974735, 0.7043829113924047, 1.2960645569620308, 3.4339734177215377, 0.9451537974683628, 1.1893398734177183, 1.55391139240507, 0.2561392405063306, 0.8905107594936794, 1.3028949367088627, 0.008537974683546248, 0.0785493670886107, 1.4992683544303838, 1.2004392405063307, 0.665108227848108, 0.659131645569619, 0.04866645569620309, 1.4403563291139316, 0.8777037974683615, 0.4781265822784761, 0.5413075949367115, 1.8996993670886149, 1.640144936708864, 0.5139860759493726, 0.5532607594936695, 0.4730037974683586, 0.10587088607595242, 0.027321518987341736, 1.1833632911392438, 0.9485689873417745, 0.4482436708860742, 1.6640512658227886, 0.7632949367088684, 1.2926493670886163, 1.5658645569620393, 0.37567088607594384, 0.11867784810126468, 2.747520253164575, 0.025613924050633056, 0.9451537974683657, 0.16478291139240758, 0.055496835443040654, 1.1884860759493727, 0.32700443037974647, 0.03842088607594532, 0.19295822784810937, 0.39530822784810504, 1.064685443037982, 1.2345911392405098, 0.973329113924059, 0.6608392405063362, 0.7675639240506402, 0.14941455696202663, 0.6429094936708866, 0.6207107594936765, 0.65230126582279, 0.012806962025312263, 1.9090911392405157, 0.9127094936708923, 1.090299367088612, 1.267889240506335, 0.648886075949367, 2.137055063291153, 0.2945601265822787, 0.3295658227848095, 0.3585949367088628, 1.3139943037974722, 0.5968044303797465, 0.7052367088607591, 1.5496424050632984, 0.38762405063291316, 1.000650632911395, 0.15112215189873532, 1.0185803797468362, 1.2576436708860856, 0.5199626582278473, 0.07598797468354199, 0.3133436708860742, 1.7451620253164624, 0.4525126582278431, 0.6710848101265826, 0.3159050632911372, 0.7274354430379747, 0.7581721518987367, 0.4960563291139258, 0.29968291139241043, 1.6999107594936764, 0.004268987341771702, 0.5080094936708951, 3.719141772151922, 2.7739879746835587, 0.824768354430381, 0.8777037974683586, 0.3449341772151848, 0.5370386075949369, 0.16563670886076193, 0.5925354430379748, 0.5421613924050687, 0.3654253164556975, 0.2800455696202549, 0.7812246835443067, 1.0467556962025322, 0.7445113924050644, 0.5242316455696246, 0.5020329113924118, 0.9929664556962031, 1.6068468354430478, 1.2858189873417816, 0.5481379746835463, 1.249959493670888, 0.7428037974683614, 1.324239873417724, 0.6343715189873488, 1.7178405063291178, 0.37054810126581783, 0.10757848101265827, 0.08025696202531937, 0.15368354430379833, 0.7709791139240517, 0.507155696202538, 1.0271183544303881, 1.0885917721519034, 0.13831518987341737, 0.10587088607594675, 0.22625632911392296, 0.7453651898734188, 0.7615873417721513, 0.8469670886075966, 0.11184746835443281, 0.8187917721519006, 0.5293544303797451, 1.1944626582278557, 1.6239227848101345, 1.1398196202531667, 1.0885917721519007, 0.4952025316455743, 0.8717272151898754, 1.1065215189873445, 1.4958531645569664, 0.16478291139240192, 0.24418607594936412, 1.354122784810129, 0.827329746835444, 0.16051392405063591, 0.4858107594936766, 1.8305417721519104, 1.775044936708867, 0.7872012658227844, 1.520613291139251, 1.3131405063291177, 1.154334177215199, 1.3763215189873503, 1.108229113924059, 1.2892341772151963, 1.2226379746835463, 0.692429746835444, 0.011099367088603582, 0.364571518987346, 0.4277525316455757, 0.845259493670888, 1.7716297468354554, 0.8307449367088671, 1.4173037974683584, 0.6608392405063362, 1.3942512658227915, 0.8025696202531653, 0.36286392405063733, 0.4490974683544342, 0.6702310126582283, 0.31675886075949444, 0.24418607594936412, 1.879208227848108, 1.545373417721524, 0.09221012658228014, 0.39786962025316813, 0.998089240506332, 0.8153765822784919, 0.7291430379746892, 2.157546202531657, 1.2345911392405098, 0.09306392405063163, 1.24142151898735, 1.4138886075949468, 0.7428037974683614, 1.7195481012658376, 2.2796392405063446, 0.37396329113923804, 0.35176455696203374, 0.38762405063291316, 1.2192227848101316, 0.1306310126582283, 0.741096202531647, 0.14343797468354055, 1.3549765822784918, 2.7765493670886223, 1.01089620253165, 1.4992683544303838, 1.0638316455696217, 1.2986259493670937, 0.1972272151898782, 0.2057651898734159, 0.980159493670888, 0.2715075949367144, 1.7383316455696247, 1.1346968354430436, 0.2535778481012704, 0.8315987341772214, 1.2832575949367186, 0.9690601265822901, 0.0025613924050630213, 2.610912658227863, 1.3003335443038053, 0.6762075949367116, 0.25955443037975073, 0.8597740506329117, 1.5684259493670938, 0.8264759493670925, 0.828183544303804, 0.23479430379746918, 1.928728481012671, 0.9255164556962044, 1.3524151898734202, 1.5240284810126652, 0.7214588607594945, 0.2911449367088642, 0.5233778481012704, 0.15880632911392437, 1.2525208860759596, 87.80282405063332, 75.18455126582313, 70.06688924050665, 62.62689810126613, 53.72776708860787, 55.96300886075977, 49.0856702531648, 1.9756873417721683, 2.241218354430394, 3.721703164556985, 1.7007645569620338, 0.7641487341772256, 0.4806879746835505, 0.7163360759493683, 0.7795170886075952, 0.11013987341772127, 1.0843227848101318, 0.4952025316455743, 0.19381202531646086, 0.6975525316455728, 1.3268012658227901, 0.7624411392405056, 0.4823955696202535, 52.428287341772396, 53.23341835443064, 44.54432151898755, 41.554322784810324, 43.47792848101287, 35.28488797468371, 33.48508291139256, 0.29968291139241043, 1.9611727848101388, 0.7556107594936708, 0.7334120253164608, 0.0631810126582212, 0.9767443037974707, 0.8853879746835448, 0.7957392405063363, 0.60875759493671, 1.6819810126582382, 0.7556107594936708, 0.2638234177215196, 0.12038544303797906, 0.7282892405063291, 0.5438689873417717, 3.7848841772152113, 1.2166613924050687, 1.0365101265822858, 0.8546512658227885, 1.3293626582278588, 0.0315905063291106, 1.3131405063291233, 0.4841031645569679, 0.4072613924050687, 0.14856075949367514, 1.6520981012658278, 1.4198651898734216, 1.4702392405063331, 0.02219873417721285, 0.4823955696202535, 2.081558227848115, 0.7206050632911429, 1.0108962025316528, 0.3790860759493726, 0.6625468354430393, 0.771832911392409, 0.9306392405063305, 0.20491139240506445, 0.08537974683544541, 0.30822088607594816, 0.7163360759493683, 1.6819810126582353, 1.291795569620256, 0.1366075949367115, 1.6768582278481121, 0.012806962025312263, 0.4747113924050616, 1.5556189873417816, 3.2247930379747016, 1.3737601265822874, 0.21771835443038523, 0.5694829113924105, 0.5011791139240547, 1.1278664556962144, 0.746218987341776, 0.824768354430381, 0.5191088607594958, 0.5344772151898797, 1.0049196202531696, 0.07086518987342162, 3.618393670886098, 0.7052367088607647, 0.36627911392404894, 1.3387544303797563, 0.8905107594936709, 1.3054563291139258, 0.5438689873417717, 0.28516835443037813, 1.9005531645569778, 0.07171898734177312, 1.61965379746836, 0.11099367088607846, 0.28175316455696364, 1.6597822784810168, 2.4034398734177356, 0.6326639240506317, 0.5438689873417774, 0.46019683544304346, 1.6538056962025394, 0.9946740506329117, 0.2971215189873474, 1.0706620253164651, 0.37054810126582644, 0.9110018987341836, 1.1620183544303881, 0.9263702531645646, 1.6290455696202606, 3.7584164556962216, 0.8913645569620252, 0.7325582278481038, 4.2903322784810385, 0.7103594936708966, 0.9571069620253236, 1.4881689873417832, 1.3908360759493739, 0.7291430379746864, 0.08964873417721143, 0.35005696202532216, 0.9477151898734202, 0.38847784810127034, 0.11867784810126468, 0.11782405063291602, 2.0713126582278574, 0.08111075949367087, 0.6138803797468418, 0.305659493670888, 0.01963734177214983, 2.033745569620261, 0.9588145569620266, 0.9656449367088614, 0.15709873417721285, 0.927224050632916, 0.49178734177215405, 0.8094000000000029, 1.4753620253164594, 0.7043829113924076, 0.8520898734177256, 1.1304278481012717, 0.3842088607594958, 0.7077981012658222, 1.6128234177215308, 0.30736708860759665, 0.00853797468354056, 0.8196455696202549, 3.979550000000024, 0.3457879746835448, 0.38591645569620164, 0.690722151898741, 1.4121810126582326, 1.6819810126582382, 0.9664987341772157, 0.07257278481012747, 1.3105791139240603, 0.18612784810126895, 1.8305417721519104, 0.2979753164556932, 0.7240202531645603, 0.18271265822785157, 0.6301025316455686, 0.3790860759493726, 1.2508132911392422, 0.7504879746835448, 0.40384620253164566, 0.010245569620252085, 0.1314848101265798, 0.22454873417721993, 0.39103924050633343, 0.2808993670886064, 1.4309645569620337, 0.09050253164557714, 1.971418354430391, 0.06574240506328421, 0.6924297468354468, 0.6309563291139229, 1.01089620253165, 1.1893398734177298, 0.09818670886075767, 1.8185886075949411, 0.8870955696202535, 0.1135550632911358, 0.6412018987341779, 1.7221094936709007, 1.3763215189873503, 0.3193202531645603, 0.2006424050632899, 0.6036348101265812, 3.3861607594936896, 1.047609493670898, 1.0433405063291148, 1.3575379746835547, 0.1340462025316485, 1.5265898734177283, 1.0578550632911443, 1.094568354430381, 1.5855018987341807, 0.17332088607595383, 1.2798424050633013, 0.81025379746836, 1.7024721518987451, 0.8751424050632984, 0.08111075949367087, 0.29029113924050987, 1.4881689873417858, 1.2960645569620308, 1.8322493670886135, 0.8580664556962031, 0.18868924050633198, 0.13233860759493699, 0.18783544303797192, 0.6113189873417731, 0.5882664556962088, 1.0023582278481065, 0.15624493670886136, 0.6480322784810125, 1.7562613924050743, 2.117417721519003, 0.0017075949367115243, 1.0877379746835518, 0.26382341772151674, 1.181655696202535, 0.41067658227848036, 0.38079367088607563, 0.5891202531645631, 0.25101645569620734, 0.04012848101265115, 0.5114246835443039, 0.47129620253164706, 2.008985443037985, 0.2604082278481051, 0.09989430379746919, 1.110790506329119, 1.7844367088607707, 0.915270886075961, 0.2783379746835434, 0.4653196202531696, 0.058058227848103675, 1.57440253164558, 1.243129113924059, 0.10757848101265827, 0.8341601265822788, 1.0911531645569665, 0.8230607594936752, 1.9466582278481093, 1.1790943037974806, 0.39274683544304206, 1.2320297468354466, 1.4249879746835477, 0.5481379746835434, 0.9195398734177327, 1.141527215189881, 0.2561392405063306, 0.21088797468354767, 0.45165886075950296, 0.22625632911392296, 1.0629778481012704, 0.17246708860760235, 0.2211335443038054, 0.2766303797468404, 0.5763132911392395, 0.3116360759493683, 1.0254107594936823, 0.3244430379746778, 0.9571069620253208, 0.646324683544304, 1.973125949367094, 0.023906329113921532, 0.30395189873417644, 0.7419500000000071, 1.409619620253178, 0.07342658227848464, 0.4730037974683501, 1.8459101265822915, 1.0681006329113965, 1.7758987341772214, 1.0424867088607632, 0.5413075949367087, 0.5643601265822815, 2.0687512658228, 1.2021468354430505, 0.42006835443038093, 1.2055620253164652, 0.029882911392404756, 0.09135632911391725, 1.5402506329114063, 1.6853962025316527, 0.850382278481014, 1.267889240506332, 1.045901898734178, 0.43885189873417646, 0.7018215189873446, 1.258497468354437, 1.5479348101265868, 0.46105063291139503, 0.8794113924050644, 0.6266873417721541, 1.2900879746835534, 1.7912670886076052, 0.677061392405063, 0.07598797468354766, 1.4984145569620295, 0.3654253164557003, 0.9605221518987354, 2.129370886075964, 0.5694829113924047, 1.0757848101265912, 0.4226297468354412, 0.38933164556962185, 0.049520253164554585, 0.2604082278481051, 0.16819810126581644, 0.13575379746835434, 0.3440803797468333, 0.14941455696202663, 0.5916816455696233, 0.6437632911392409, 1.5291512658227884, 1.6964955696202593, 1.1270126582278572, 0.005976582278483226, 0.7940316455696276, 0.9545455696202549, 0.4525126582278431, 0.1656367088607534, 0.08794113924050843, 0.23650189873418073, 0.39018544303797337, 0.21088797468354767, 0.5660677215189874, 0.8973411392405113, 0.72060506329114, 0.5387462025316485, 0.463612025316458, 0.27321518987341736, 0.8896569620253165, 1.1884860759493698, 0.5583835443038069, 0.07342658227848464, 0.21430316455696502, 0.2937063291139187, 0.5788746835443053, 0.8930721518987423, 0.9810132911392452, 0.11782405063291602, 1.291795569620259, 0.8853879746835505, 1.0587088607594959, 0.4337291139240532, 1.3694911392405127, 1.4898765822784859, 0.2143031645569565, 0.2672386075949341, 0.07513417721518764, 0.23308670886076052, 1.471946835443045, 0.0034151898734202054, 0.601073417721521, 0.014514556962029475, 0.44482848101265965, 0.2211335443038054, 0.027321518987341736, 1.0681006329113965, 1.5667183544303853, 0.14429177215189773, 1.70844873417722, 0.15197594936708966, 0.46275822784810083, 1.2294683544303922, 0.693283544303804, 0.8307449367088614, 0.1741746835443082, 1.3635145569620293, 1.2755734177215239, 3.2034481012658436, 0.22369493670885995, 0.8367215189873418, 1.7955360759493713, 1.4676778481012733, 0.9562531645569636, 0.4456822784810112, 0.9690601265822901, 1.301187341772157, 0.9844284810126653, 0.4687348101265841, 1.9978860759493726, 2.2933000000000083, 0.18783544303797192, 0.02902911392405326, 0.7965930379746877, 1.3541227848101374, 1.0774924050632941, 0.8298911392405098, 0.6224183544303824, 0.11270126582278146, 0.39701582278480807, 1.4676778481012733, 0.4559278481012689, 0.6813303797468347, 0.5686291139240505, 0.7658563291139314, 1.001504430379755, 1.1210360759493685, 1.232883544303804, 0.7453651898734216, 0.6377867088607605, 0.09306392405064016, 0.3312734177215182, 0.2458936708860813, 1.511221518987353, 0.0008537974683514966, 0.16819810126581644, 1.5052449367088698, 1.3729063291139272, 1.3951050632911457, 0.6514474683544357, 0.22369493670885995, 0.46019683544304346, 1.3848594936708907, 1.2832575949367129, 1.124451265822794, 0.39018544303797337, 1.4898765822784918, 0.3492031645569707, 1.973125949367094, 0.3859164556962073, 0.10330949367088371, 0.3534721518987367, 0.10587088607594675, 0.34151898734177033, 0.4755651898734131, 0.9818670886075966, 0.8495284810126597, 0.7069443037974678, 0.18783544303797764, 0.7940316455696276, 1.1620183544303853, 1.4096196202531694, 0.5788746835443025, 0.16307531645569892, 0.22540253164557428, 0.24162468354430675, 0.30907468354430534, 0.3338348101265812, 1.4403563291139287, 2.175475949367095, 0.15026835443038383, 0.7837860759493698, 0.7906164556962101, 0.9092943037974691, 0.6838917721518977, 1.112498101265825, 0.0674500000000071, 1.7306474683544413, 0.8734348101265897, 0.7470727848101274, 0.05037405063290892, 0.24503987341772698, 1.517198101265828, 1.1995854430379762, 0.8794113924050644, 0.10245569620253223, 0.15026835443038383, 0.807692405063297, 0.007684177215186219, 0.10245569620253223, 1.2405677215189959, 0.7709791139240547, 0.8572126582278515, 0.2774841772151919, 1.1218898734177227, 0.7965930379746877, 1.1790943037974806, 0.38847784810127034, 0.2851683544303838, 0.30651329113924514, 0.6984063291139301, 0.8922183544303794, 0.6813303797468375, 0.5430151898734201, 0.10330949367088371, 0.10928607594936979, 0.22711012658227728, 1.3618069620253208, 1.1953164556962104, 0.25272405063291037, 0.41750696202531795, 0.9212474683544385, 1.140673417721521, 0.41067658227848036, 0.22284113924051127, 1.4856075949367116, 1.4787772151898768, 0.0785493670886107, 0.040982278481014024, 0.6070499999999985, 1.7869981012658305, 1.0988373417721526, 0.5319158227848109, 0.22198734177215124, 0.052935443037977634, 0.5165474683544357, 0.15453734177215267, 0.4926411392405113, 0.4456822784810112, 0.01109936708860927, 0.8597740506329117, 0.6574240506329103, 0.02219873417721854, 0.12721582278481378, 0.7547569620253222, 0.6642544303797507, 0.48410316455696506, 1.0407791139240574, 0.5438689873417717, 0.0034151898734145177, 0.0563506329113893, 0.346641772151902, 0.273215189873423, 0.8742886075949412, 1.4830462025316484, 1.5846481012658264, 1.351561392405066, 0.2006424050632899, 2.223288607594944, 0.9852822784810169, 0.15026835443037811, 0.43202151898734176, 0.22625632911392296, 0.7846398734177213, 2.153277215189885, 0.7581721518987339, 0.41750696202531795, 0.1989348101265869, 0.7248740506329145, 0.702675316455696, 0.6855993670886065, 1.973125949367094, 0.14429177215189773, 1.2559360759493796, 1.7357702531645673, 0.4832493670886135, 1.970564556962031, 0.4806879746835448, 1.386567088607608, 0.33041962025316957, 0.5310620253164537, 0.22881772151898597, 1.2969183544303882, 0.0017075949367086807, 1.2251993670886094, 1.0843227848101318, 0.39786962025316813, 0.422629746835444, 0.2663848101265798, 0.7282892405063348, 0.3398113924050673, 0.6224183544303824, 0.33639620253164704, 1.9731259493670996, 0.828183544303804, 0.47129620253164706, 1.9671493670886135, 0.4286063291139244, 0.532769620253171, 0.29029113924050415, 0.16392911392404755, 1.6879575949367127, 1.1193284810126625, 1.0450481012658235, 0.5976582278481009, 0.6540088607594929, 0.746218987341776, 0.8879493670886078, 0.4029924050632913, 0.5703367088607619, 0.7974468354430392, 0.8819727848101274, 0.8546512658227914, 0.5165474683544328, 0.5447227848101288, 0.9041715189873432, 1.2106848101265912, 0.6557164556962044, 92.40906139240549, 92.54737658227891, 88.17934873417764, 77.33270569620291, 74.76619050632948, 68.47370316455729, 54.63450000000026, 0.35005696202532216, 0.8367215189873475, 2.3052531645569747, 3.152220253164577, 1.249959493670888, 1.2499594936708909, 0.4858107594936766, 0.007684177215186219, 0.6540088607594986, 1.367783544303804, 0.6523012658227871, 1.5931860759493726, 0.502886708860769, 0.9084405063291205, 0.4123841772151919, 0.5822898734177312, 0.08964873417721997, 0.9289316455696275, 0.635225316455706, 0.6104651898734188, 0.1699056962025393, 0.42177594936708396, 1.0126037974683615, 1.7869981012658334, 0.9946740506329117, 0.18271265822785157, 0.694991139240507, 0.712920886075951, 1.1253050632911428, 0.7983006329113936, 0.18868924050632344, 0.33383481012658406, 0.48324936708860783, 0.7146284810126654, 0.8614816455696205, 0.39274683544303635, 1.0074810126582296, 0.05378924050632913, 1.6691740506329173, 1.1167670886075967, 0.9613759493670896, 0.5131322784810126, 0.28772974683544117, 1.2149537974683626, 0.32102784810127466, 0.5899740506329146, 0.12465443037975077, 0.2757765822784804, 0.463612025316458, 0.39018544303797337, 0.10501708860759523, 0.5968044303797465, 0.40640759493671436, 1.3250936708860785, 0.6480322784810154, 0.3432265822784818, 1.2158075949367144, 0.5660677215189874, 1.074931012658231, 0.8145227848101261, 1.3865670886075996, 1.9944708860759608, 0.6292487341772199, 0.21601075949366805, 0.3141974683544342, 0.046958860759491565, 0.5319158227848166, 0.33895759493670724, 0.24162468354430106, 0.656570253164556, 0.1280696202531653, 1.4454791139240577, 2.443568354430395, 0.4200683544303781, 0.2757765822784804, 1.1483575949367102, 0.09477151898734315, 0.40384620253164566, 1.8049278481012718, 0.2476012658227843, 1.665758860759497, 0.6625468354430393, 0.858066455696206, 0.21088797468354767, 0.5037405063291092, 0.9613759493670953, 1.0493170886076038, 1.8911613924050745, 1.0937145569620266, 0.8742886075949412, 1.0570012658227872, 0.46788101265823256, 0.5976582278481009, 2.0243537974683656, 0.7530493670886078, 0.015368354430383814, 0.12380063291139358, 0.96735253164557, 1.350707594936717, 1.5556189873417816, 0.43458291139241045, 0.05378924050632913, 0.37310949367089224, 0.6181493670886107, 0.0298829113924076, 1.494999367088618, 0.3124898734177227, 1.6409987341772183, 0.1297772151898768, 0.23735569620253222, 1.4839000000000029, 1.1056677215189903, 1.3302164556962044, 0.20832658227848463, 0.6352253164557031, 0.4977639240506373, 0.062327215189875385, 0.0034151898734202054, 0.635225316455706, 0.9912588607594943, 0.557529746835444, 0.0785493670886107, 0.6258335443037969, 0.782078481012664, 0.4157993670886064, 1.6836886075949469, 0.7615873417721513, 0.8128151898734173, 1.4224265822784845, 0.8947797468354455, 1.3669297468354469, 2.9029113924050813, 0.04866645569620309, 0.8384291139240504, 0.1135550632911415, 0.056350632911392154, 0.08111075949367087, 0.8734348101265897, 0.28858354430379834, 0.32785822784810653, 1.4224265822784845, 1.2764272151898752, 0.7376810126582354, 0.5566759493670868, 1.337046835443042, 0.15539113924050701, 0.12380063291139358, 0.2783379746835434, 0.6002196202531696, 0.46531962025316664, 0.28772974683544683, 1.6674664556962173, 0.12123924050632771, 0.2937063291139272, 0.0, 1.5573265822784848, 0.48751835443037955, 1.9116525316455815, 0.6352253164557031, 0.28004556962025207, 2.066189873417731, 2.6962924050633084, 1.599162658227856, 1.664051265822797, 0.3568873417721541, 0.34408037974683897, 0.6292487341772143, 0.7043829113924076, 0.9494227848101346, 0.5404537974683543, 0.3773784810126668, 0.8136689873417802, 1.3575379746835547, 0.10501708860759523, 0.56265253164557, 0.6155879746835448, 2.2813468354430535, 1.127866455696206, 0.710359493670885, 0.6719386075949371, 0.5430151898734173, 0.07769556962025066, 0.4047000000000057, 0.23479430379747201, 0.08964873417721997, 0.5114246835443039, 0.6864531645569721, 0.6855993670886065, 0.5754594936708908, 0.4806879746835448, 0.7778094936708894, 1.381444303797482, 0.7726867088607605, 1.2559360759493712, 1.1483575949367102, 1.4386487341772256, 1.3805905063291162, 0.25272405063291603, 0.32358924050632626, 0.853797468354437, 0.8964873417721541, 0.6266873417721541, 0.9639373417721583, 0.273215189873423, 0.5199626582278473, 0.254431645569619, 0.11953164556961902, 0.6070499999999985, 1.0382177215189887, 0.3030981012658249, 0.6523012658227871, 0.18271265822785157, 0.9400310126582283, 0.5319158227848109, 1.2260531645569637, 0.8136689873417717, 0.685599367088615, 0.6505936708860784, 1.1201822784810196, 0.30480569620253645, 1.1876322784810185, 0.2954139240506302, 0.5259392405063333, 0.42092215189873816, 0.8546512658227914, 0.6514474683544299, 0.9058791139240574, 0.4029924050632913, 0.25699303797468204, 1.4958531645569664, 1.5180518987341878, 0.8546512658227914, 1.384005696202545, 0.6992601265822815, 1.3993740506329146, 1.681127215189884, 0.13916898734176886, 1.4907303797468405, 0.4806879746835448, 1.520613291139251, 1.539396835443049, 1.005773417721521, 0.5703367088607619, 0.6164417721518992, 0.6779151898734201, 0.9793056962025336, 0.7521955696202562, 0.0606196202531667, 0.33895759493670724, 1.2251993670886208, 0.9588145569620323, 2.0106930379746935, 0.9306392405063305, 1.9432430379746921, 0.15282974683544684, 1.523174683544311, 0.17844367088607987, 0.6676696202531709, 0.07428037974683614, 2.203651265822791, 0.03244430379746778, 1.1722639240506345, 0.3193202531645603, 1.8792082278481137, 0.11270126582278146, 1.6264841772151948, 7.210319620253201, 3.3742075949367285, 0.9263702531645646, 0.2424784810126611, 1.0868841772151918, 0.6796227848101261, 0.695844936708867, 1.8988455696202577, 1.3157018987341806, 0.3517645569620252, 0.9511303797468403, 0.19551962025317238, 0.9246626582278502, 1.0126037974683557, 0.30053670886076767, 0.7479265822784846, 0.37652468354430957, 0.8392829113924047, 0.18868924050632344, 0.24589367088607278, 0.700113924050633, 0.10843227848101546, 0.26980000000000853, 1.5120753164556988, 1.2772810126582383, 0.6027810126582269, 0.8913645569620252, 1.2781348101265841, 1.3327778481012704, 0.8341601265822788, 0.049520253164554585, 0.4789803797468333, 0.6044886075949355, 1.622215189873423, 1.198731645569622, 2.1080259493670996, 0.25443164556962183, 0.18100506329114008, 0.42177594936709245, 0.5498455696202521, 1.0578550632911414, 1.6973493670886135, 0.46019683544304346, 1.9406816455696319, 0.15966012658228157, 0.15112215189873532, 0.10245569620253223, 0.7376810126582269, 0.17673607594936835, 0.44995126582278, 0.015368354430383814, 0.4738575949367101, 1.523174683544311, 0.7598797468354425, 0.9434462025316457, 0.25528544303797335, 0.28687594936708966, 1.094568354430381, 0.7445113924050701, 1.926167088607608, 0.01792974683544399, 0.8546512658227885, 0.1297772151898768, 0.9707677215189987, 1.627337974683552, 0.6873069620253265, 1.607700632911402, 0.1818588607594944, 0.20661898734177594, 0.4243373417721583, 0.7573183544303853, 0.11611645569619883, 0.5464303797468404, 2.369287974683556, 0.22198734177215124, 0.5370386075949369, 0.5182550632911443, 1.3148481012658264, 0.3474955696202478, 0.6207107594936708, 0.635225316455706, 0.2339405063291177, 1.3729063291139272, 0.08196455696202236, 0.9058791139240546, 0.8999025316455743, 0.8999025316455714, 0.46531962025316664, 0.14429177215189773, 0.08367215189873388, 0.7786632911392409, 0.481541772151902, 0.5020329113924118, 0.5430151898734201, 0.29199873417721284, 0.5430151898734173, 1.532566455696206, 0.4081151898734202, 0.2928525316455672, 0.6301025316455686, 0.9186860759493755, 0.7658563291139344, 0.20832658227847897, 1.6734430379746892, 0.25955443037975073, 0.5865588607594944, 0.11782405063291602, 0.12892341772151678, 0.249308860759493, 1.2345911392405098, 0.4806879746835448, 1.1338430379746862, 0.45336645569620876, 0.5746056962025308, 1.5419582278481123, 0.9562531645569636, 0.8853879746835505, 0.6745000000000058, 0.8426981012658336, 0.0785493670886107, 0.9246626582278502, 0.9963816455696318, 1.073223417721528, 0.2143031645569565, 1.1304278481012688, 1.2764272151898866, 0.7043829113924076, 0.1946658227848152, 1.068954430379748, 1.8493253164557089, 0.6335177215189859, 0.20918037974683898, 0.23137911392405183, 0.8111075949367087, 0.45934303797468345, 1.739185443037979, 0.20064240506329273, 1.3114329113924088, 0.20661898734177594, 0.3867702531645589, 1.23800632911393, 0.2774841772151891, 0.4149455696202549, 1.0373639240506345, 1.045048101265832, 0.1178240506329075, 78.33933291139277, 56.952560126582554, 53.96341518987367, 20.7259335443039, 0.7761018987341808, 0.8520898734177283, 0.7223126582278515, 0.15880632911392437, 0.7043829113924047, 1.4804848101265855, 0.7752481012658292, 0.6463246835443096, 0.693283544303804, 0.10501708860759523, 0.14087658227847755, 0.8614816455696205, 0.26894620253164564, 2.165230379746846, 0.13404620253164282, 0.03329810126582212, 1.6392911392405098, 0.5652139240506331, 0.2843145569620266, 1.3396082278481052, 0.5097170886075952, 0.33981139240506447, 1.5812329113924088, 0.4226297468354412, 0.4311677215189959, 0.4320215189873474, 0.83245253164557, 0.6343715189873402, 0.2766303797468404, 0.58570506329114, 0.3739632911392466, 0.5199626582278501, 0.6719386075949398, 1.4540170886076038, 0.886241772151902, 2.531509493670904, 0.8042772151898767, 0.37310949367088087, 0.02476012658228156, 0.16649050632911913, 0.9152708860759495, 0.43458291139240474, 0.5575297468354496, 0.007684177215186219, 0.32785822784810364, 1.1739715189873545, 1.1722639240506345, 2.0226462025316514, 1.3481462025316484, 0.850382278481014, 0.16905189873418214, 0.12038544303797906, 0.5387462025316456, 1.8629860759493726, 0.07001139240507012, 0.3850626582278502, 0.6181493670886078, 1.3430234177215223, 1.271304430379755, 1.5317126582278515, 0.7180436708860799, 0.5404537974683572, 0.2476012658227843, 0.7786632911392409, 0.03244430379746778, 0.2672386075949341, 0.3850626582278502, 0.5063018987341835, 0.6104651898734188, 0.16051392405063303, 0.7641487341772171, 0.5686291139240532, 0.8444056962025337, 0.6232721518987395, 0.3825012658227843, 0.40640759493670864, 1.2764272151898866, 0.9810132911392452, 1.1483575949367102, 0.3423727848101303, 0.8486746835443053, 1.073223417721528, 1.0629778481012675, 0.2458936708860813, 0.4892259493670911, 1.479631012658231, 1.3908360759493739, 1.1705563291139287, 0.7223126582278515, 0.25955443037974507, 0.6326639240506402, 0.5968044303797493, 0.20747278481012746, 0.13916898734177455, 0.5942430379746835, 0.6266873417721569, 0.6061962025316529, 0.24503987341772698, 1.6264841772151977, 0.13575379746835434, 0.690722151898741, 1.260205063291143, 0.14429177215189773, 0.5139860759493726, 0.8392829113924047, 0.7325582278481008, 0.40555379746836284, 0.24845506329114433, 0.6480322784810154, 0.1664905063291106, 0.19978860759493838, 0.052935443037977634, 1.1679949367088656, 0.04781265822785159, 1.3088715189873459, 0.30224430379747347, 0.41067658227848036, 0.016222151898732468, 1.0621240506329188, 0.5088632911392409, 0.22113354430379406, 0.14514556962025207, 0.34066518987341876, 0.8000082278481051, 0.0025613924050630213, 1.4634088607595073, 0.2672386075949341, 0.2715075949367144, 0.7709791139240517, 1.4429177215189914, 0.49691012658227734, 0.21515696202531367, 0.3534721518987396, 0.9033177215189945, 0.8888031645569651, 0.20149620253164424, 0.5054481012658321, 1.6213613924050687, 0.9195398734177327, 0.018783544303798333, 1.4702392405063331, 1.379736708860762, 1.0177265822784873, 1.4113272151898868, 0.7445113924050701, 0.11526265822785302, 0.47385759493670726, 0.9263702531645646, 0.2937063291139272, 0.3543259493670882, 1.5402506329113979, 0.6360791139240604, 0.8017158227848137, 0.07684177215189916, 3.2247930379747016, 0.016222151898741, 0.4798341772151905, 0.2885835443038012, 0.38591645569620164, 0.4909335443038026, 0.8768500000000015, 1.3976664556962086, 1.0416329113924119, 0.6873069620253179, 0.24503987341771558, 0.018783544303795488, 0.5771670886075938, 1.5880632911392436, 2.0875348101265954, 0.9818670886075966, 1.2456905063291164, 1.6461215189873475, 1.4898765822784859, 0.22113354430379406, 1.0518784810126611, 0.56265253164557, 0.9332006329113937, 0.4849569620253165, 0.10928607594936694, 0.0674500000000071, 0.45678164556962897, 0.24333227848100977, 0.13831518987341737, 0.7726867088607605, 0.22540253164557145, 0.12465443037974507, 1.6520981012658307, 0.6002196202531639, 0.5285006329113907, 0.2843145569620266, 0.12123924050633625, 0.5891202531645631, 1.927874683544311, 0.45507405063291745, 0.7803708860759524, 1.2781348101265841, 0.8384291139240504, 0.6668158227848139, 0.23308670886076052, 0.07684177215189916, 1.3763215189873446, 1.4608474683544441, 0.7009677215189931, 0.5746056962025308, 1.0604164556962046, 0.36030253164556864, 0.046958860759491565, 0.1699056962025393, 1.6649050632911513, 0.845259493670888, 0.1417303797468319, 1.233737341772161, 0.6616930379746934, 0.8597740506329117, 1.3686373417721556, 1.024556962025325, 0.9767443037974735, 1.6725892405063405, 2.067043670886091, 1.8561556962025378, 1.9150677215189986, 0.5950968354430436, 0.647178481012664, 0.061473417721518195, 1.2149537974683626, 0.20405759493670725, 0.2996829113924076, 1.109936708860762, 1.2900879746835476, 0.8520898734177256, 0.34578797468354194, 0.9929664556962117, 1.092860759493678, 0.1280696202531653, 0.8222069620253208, 1.465116455696213, 0.6514474683544299, 0.12550822784810226, 0.26980000000000853, 0.06915759493671295, 0.952837974683549, 0.0298829113924076, 1.9116525316455757, 0.331273417721521, 0.48239556962026203, 1.625630379746846, 1.4027892405063318, 0.37310949367089224, 1.0612702531645644, 0.6164417721518992, 1.2243455696202548, 0.6215645569620281, 0.5378924050632913, 0.7103594936708966, 0.37737848101265825, 0.6309563291139344, 0.41665316455696644, 0.996381645569629, 0.48837215189873956, 0.2723613924050602, 2.5110183544303935, 0.811961392405063, 1.9534886075949498, 0.3577411392405056, 0.6727924050632941, 0.21515696202531653, 2.061920886075957, 1.288380379746839, 0.42689873417720997, 0.5592373417721527, 0.4277525316455672, 1.9065297468354525, 0.2561392405063306, 0.4132379746835434, 1.1304278481012717, 0.9349082278481022, 1.0040658227848152, 1.4847537974683656, 1.0698082278481023, 0.096479113924049, 1.3080177215189916, 0.845259493670888, 1.1218898734177314, 0.2296715189873403, 0.25699303797468204, 0.4798341772151905, 1.1124981012658306, 0.09050253164557714, 0.2843145569620266, 1.8860386075949482, 0.9904050632911401, 1.122743670886077, 2.102049367088619, 1.181655696202535, 0.5199626582278473, 0.6394943037974692, 0.021344936708858512, 0.8247683544303838, 0.4251911392405127, 0.6377867088607662, 0.558383544303804, 0.828183544303804, 0.530208227848108, 0.5694829113924047, 0.025613924050633056, 0.9246626582278502, 0.8734348101265897, 2.469182278481026, 0.21259556962025064, 1.7682145569620296, 0.23223291139240618, 0.019637341772155516, 1.383151898734179, 1.6469753164557075, 0.7325582278481038, 0.6932835443037983, 1.3233860759493725, 1.3490000000000058, 0.22540253164557145, 0.3159050632911429, 0.2988291139240504, 1.465116455696213, 0.15624493670886136, 1.0962759493670897, 0.49691012658227734, 1.3788829113924077, 0.6343715189873402, 0.37993987341772123, 0.3159050632911372, 0.5703367088607648, 1.982517721519, 0.771832911392409, 0.5976582278481065, 0.828183544303804, 1.4702392405063363, 2.7423974683544485, 0.1980810126582269, 1.1782405063291235, 1.1381120253164638, 0.8017158227848137, 0.72060506329114, 1.5931860759493726, 0.18612784810126895, 0.8315987341772186, 0.3030981012658249, 0.7709791139240517, 0.7137746835443053, 1.021995569620262, 0.37310949367088087, 1.0356563291139316, 0.9374696202531682, 1.0783462025316484, 1.5837943037974775, 1.425841772151905, 0.669377215189874, 1.8373721518987454, 0.5387462025316456, 0.5506993670886092, 0.1827126582278459, 1.226053164556972, 1.054439873417724, 0.07001139240507012, 1.2619126582278575, 0.6505936708860756, 0.5993658227848123, 0.5088632911392409, 0.12123924050632771, 0.08708734177215124, 0.7393886075949441, 1.1065215189873445, 1.2371525316455727, 1.2926493670886163, 0.05037405063290892, 0.08367215189873674, 0.4858107594936708, 0.5532607594936723, 1.2994797468354455, 0.39018544303797337, 1.8066354430379832, 0.693283544303804, 1.0023582278481065, 0.4115303797468404, 1.4266955696202563, 0.6762075949367116, 0.7667101265822887, 0.4960563291139286, 0.1989348101265869, 1.4924379746835492, 0.32871202531645805, 1.0322411392405084, 1.3711987341772243, 0.5822898734177312, 0.43458291139241045, 0.18783544303797764, 0.8819727848101331, 0.6531550632911386, 0.7948854430379763, 1.3583917721519119, 0.41750696202531795, 0.4670272151898725, 0.14258417721519476, 0.36798670886076335, 0.5105708860759496, 0.6787689873417745, 0.5267930379746877, 24.266631645569735, 11.02423291139246, 9.331152531645616, 8.2596367088608, 0.6984063291139272, 1.6469753164557017, 0.2407708860759496, 2.040575949367098, 1.8553018987341836, 0.42860632911393287, 1.0783462025316541, 0.10245569620253223, 0.4687348101265841, 0.9605221518987354, 0.8128151898734173, 2.5323632911392577, 1.7946822784810255, 0.6719386075949371, 0.43970569620253364, 2.1771835443038126, 0.5370386075949369, 0.34664177215189634, 0.062327215189875385, 0.5771670886075995, 0.28516835443037813, 0.9280778481012675, 0.9238088607595015, 1.563303164556965, 0.4311677215189959, 0.06147341772151536, 0.5660677215189902, 1.209831012658231, 2.372703164556974, 0.2458936708860813, 0.48751835443037955, 1.4967069620253206, 0.16478291139240192, 0.34578797468354194, 0.1972272151898782, 0.32444303797468915, 1.561595569620265, 1.0885917721519007, 0.020491139240507012, 0.11611645569619883, 1.651244303797479, 0.7077981012658222, 1.7135715189873488, 0.21088797468354198, 1.1500651898734273, 0.828183544303804, 0.3423727848101303, 0.36884050632911486, 2.643356962025325, 2.8883968354430523, 0.36884050632911486, 1.3891284810126654, 0.927224050632916, 0.06830379746835293, 1.988494303797475, 0.8008620253164594, 2.131078481012664, 1.913360126582287, 0.94600759493672, 0.886241772151899, 0.7103594936708966, 0.36115632911392576, 0.49349493670886563, 0.34066518987341593, 1.0604164556962075, 1.3174094936708893, 1.1944626582278501, 1.6375835443038067, 0.40896898734177733, 0.7180436708860799, 0.9921126582278544, 0.5839974683544371, 0.0034151898734145177, 1.2832575949367186, 0.5489917721519034, 1.17141012658228, 0.40128481012657696, 0.49007974683544253, 1.1398196202531667, 1.9116525316455815, 0.36286392405063445, 0.22113354430379406, 0.11184746835442427, 0.9306392405063305, 0.2894373417721498, 0.9724753164556988, 89.00582468354472, 84.40214873417762, 85.37377025316495, 80.30221329113961, 72.92625696202562, 71.63787658227878, 72.21333607594968, 1.1321354430379804, 4.051268987341794, 4.001748734177237, 2.926817721519003, 1.3805905063291246, 0.09135632911392863, 0.8333063291139243, 1.6947879746835504, 0.8853879746835505, 0.12294683544304207, 1.599162658227853, 0.4414132911392395, 0.13831518987341737, 0.15453734177215267, 1.9253132911392536, 0.5421613924050659, 0.9127094936708923, 0.5942430379746864, 0.023906329113921532, 1.3361930379746876, 0.6625468354430449, 0.8777037974683586, 0.22027974683543972, 0.4687348101265841, 1.5931860759493726, 0.2766303797468376, 1.4992683544303838, 0.7556107594936737, 0.7752481012658292, 0.2843145569620266, 1.3071639240506459, 0.8042772151898739, 0.0683037974683586, 0.26553101265823115, 0.3654253164556975, 1.3788829113924133, 0.7581721518987367, 1.4924379746835548, 0.8973411392405085, 0.524231645569619, 0.49093354430379976, 1.1765329113924177, 0.46788101265823256, 0.09050253164556576, 1.2388601265822872, 1.1295740506329204, 0.5635063291139301, 0.5848512658227942, 1.4463329113924146, 1.089445569620255, 0.20149620253164993, 0.24503987341772698, 0.6548626582278531, 0.5199626582278501, 0.6061962025316529, 0.6625468354430449, 0.37225569620252935, 0.3150512658227829, 1.0237031645569707, 0.2057651898734159, 0.08537974683544541, 0.03585949367088229, 0.11697025316455031, 0.5455765822784804, 0.9784518987341821, 0.37140189873417506, 0.5976582278481065, 0.3739632911392466, 0.5370386075949427, 0.528500632911402, 0.19125063291138644, 0.7667101265822801, 1.6538056962025394, 0.32529683544304355, 1.1961702531645617, 0.41836075949366947, 1.0288259493670968, 0.5464303797468404, 0.3534721518987396, 0.6292487341772199, 0.5993658227848123, 0.4841031645569679, 0.5831436708860827, 0.7095056962025308, 0.7965930379746848, 0.3714018987341779, 0.2672386075949341, 0.0008537974683514966, 0.12123924050633625, 0.9511303797468403, 0.3440803797468333, 0.3124898734177227, 0.5225240506329132, 0.15539113924050985, 0.5635063291139301, 1.5889170886075983, 1.3481462025316484, 1.4275493670886106, 0.049520253164554585, 0.31419746835443135, 0.6753537974683571, 0.35091075949367373, 0.2535778481012675, 1.179948101265832, 1.7101563291139341, 0.6616930379746934, 0.5976582278481065, 0.07086518987342162, 0.6335177215189974, 0.6975525316455728, 0.8213531645569636, 1.1705563291139258, 0.24418607594936412, 0.2262563291139258, 1.2508132911392538, 0.8256221518987353, 1.150918987341776, 1.1184746835443111, 0.6377867088607605, 1.4019354430379833, 0.43714430379747343, 1.9073835443038096, 1.3865670886075996, 1.3507075949367113, 0.08111075949367087, 0.8956335443037997, 2.2702474683544414, 0.15368354430379833, 1.3524151898734231, 1.2892341772151932, 2.0363069620253267, 1.1500651898734187, 0.12636202531645377, 1.7306474683544386, 0.7573183544303853, 0.6394943037974692, 0.5447227848101288, 0.9613759493670953, 1.3805905063291162, 0.8179379746835463, 0.10501708860759523, 1.2414215189873474, 0.26638481012658266, 0.6403481012658235, 0.27406898734177454, 1.4173037974683584, 0.2911449367088614, 0.6198569620253193, 0.36201012658228016, 1.2533746835443167, 1.1901936708860843, 0.7291430379746864, 0.3867702531645589, 0.9861360759493684, 2.2352417721519133, 0.28943734177215263, 0.035005696202533645, 0.45678164556962897, 0.37310949367088087, 1.0185803797468447, 0.4550740506329118, 1.6256303797468403, 1.6828348101265895, 1.8356645569620338, 1.5385430379746947, 0.37993987341772123, 0.2843145569620266, 0.6787689873417745, 0.1400227848101289, 0.02476012658227587, 0.7479265822784846, 1.724670886075958, 0.479834177215199, 0.7069443037974706, 0.4089689873417717, 0.15624493670886136, 0.8888031645569622, 0.659131645569619, 1.6563670886076023, 0.694991139240507, 0.5677753164557017, 2.012400632911405, 0.8990487341772228, 1.1244512658227857, 0.5438689873417774, 0.8444056962025394, 0.10672468354430677, 0.3842088607594958, 0.21515696202531367, 0.9314930379746905, 1.1090829113924103, 0.19893481012658124, 0.710359493670885, 0.5250854430379733, 0.7018215189873446, 0.9127094936708923, 1.115913291139248, 0.8683120253164637, 0.46617341772152104, 1.273012025316461, 1.2132462025316542, 0.6702310126582339, 0.998089240506332, 0.20064240506329273, 0.7786632911392437, 0.2407708860759467, 0.30992848101265963, 0.35944873417721424, 0.29029113924050987, 0.37310949367088087, 1.0126037974683615, 0.6224183544303796, 0.25187025316455885, 0.13660759493670585, 0.9502765822784889, 1.1808018987341806, 0.5976582278481065, 0.6309563291139229, 0.4738575949367101, 1.6179462025316513, 0.5080094936708951, 2.1874291139240647, 0.33725000000000144, 0.15795253164557288, 0.6753537974683571, 2.2318265822784875, 1.59745506329115, 0.6608392405063362, 0.6403481012658235, 0.598512025316458, 2.56224620253166, 0.646324683544304, 1.5086601265822843, 0.6437632911392409, 0.41067658227848036, 0.5028867088607576, 2.5810297468354606, 1.5103677215189903, 0.22625632911392296, 0.8999025316455743, 0.7692715189873431, 1.2576436708860799, 1.0894455696202605, 0.28602215189873814, 0.8981949367088684, 1.0237031645569707, 0.8426981012658306, 0.05037405063290892, 1.8126120253164666, 1.1645797468354482, 0.5711905063291134, 0.743657594936713, 0.6275411392405056, 0.02902911392405326, 0.07854936708860784, 0.26809240506328563, 0.7829322784810125, 0.47727278481012464, 0.6369329113924118, 0.17758987341771984, 0.9075867088607605, 0.2783379746835491, 1.2772810126582383, 1.090299367088615, 0.915270886075961, 0.17588227848101687, 0.6258335443037969, 1.0228493670886192, 0.15112215189873532, 1.0151651898734186, 1.2747196202531668, 0.14343797468354907, 0.8888031645569622, 1.8382259493670996, 0.8204993670886122, 0.9912588607594972, 0.023052531645570036, 1.4053506329114005, 0.748780379746839, 0.909294303797472, 0.9374696202531682, 1.4702392405063363, 0.11013987341772127, 2.069605063291146, 1.07663860759494, 0.26382341772151674, 0.6634006329113936, 1.0535860759493725, 0.44653607594937117, 0.2911449367088614, 1.7554075949367145, 1.5675721518987453, 0.7009677215189902, 2.7680113924050787, 0.9255164556962044, 1.1270126582278572, 1.4002278481012718, 0.8845341772151961, 0.9946740506329231, 1.4198651898734245, 0.1263620253164566, 0.7769556962025379, 1.4557246835443067, 0.845259493670888, 0.3825012658227843, 1.4745082278481079, 0.9724753164556988, 0.4644658227848095, 0.14514556962025776, 0.2006424050632899, 0.015368354430380971, 1.3711987341772243, 1.6324607594936809, 0.11099367088607279, 0.06830379746835293, 0.15453734177215267, 0.04695886075949441, 1.0424867088607606, 0.6403481012658235, 0.7547569620253222, 1.826272784810133, 1.8629860759493782, 1.3891284810126654, 0.20747278481012746, 2.102903164556974, 2.1694993670886236, 0.21515696202531367, 0.7786632911392437, 1.9560500000000072, 0.4525126582278431, 0.35432594936709105, 0.040128481012662524, 0.4490974683544342, 0.5421613924050659, 1.1568955696202563, 1.1731177215189974, 0.1519759493670868, 1.07663860759494, 0.07854936708860784, 0.5950968354430436, 0.059765822784812364, 1.103106329113933, 0.49007974683544536, 1.0518784810126667, 1.5957474683544355, 1.8937227848101374, 0.09477151898734601, 1.8920151898734259, 1.0399253164557003, 0.8751424050632928, 0.331273417721521, 0.36884050632911203, 0.3620101265822773, 0.67535379746836, 1.3404620253164594, 0.020491139240509857, 1.0681006329113965, 0.013660759493677978, 0.6531550632911415, 0.006830379746834723, 0.7060905063291191, 0.35944873417721707, 0.0478126582278459, 0.3218816455696261, 0.05720443037974933, 0.4567816455696205, 0.1459993670886121, 0.9178322784810126, 0.1639291139240504, 1.9338512658227942, 0.572898101265825, 0.13660759493670585, 2.09351139240507, 0.5498455696202521, 0.21259556962025064, 0.8222069620253208, 0.5396000000000056, 0.3030981012658249, 0.10757848101265827, 0.41750696202531795, 0.6838917721518977, 0.3782322784810126, 0.1357537974683515, 0.45080506329113723, 1.3361930379746876, 0.60534240506329, 0.6403481012658292, 0.6386405063291177, 0.8170841772152004, 0.07769556962025066, 1.688811392405073, 0.8870955696202592, 0.3867702531645589, 0.42092215189873816, 0.45678164556962897, 0.35944873417721707, 0.9588145569620323, 0.463612025316458, 1.2158075949367173, 0.9152708860759495, 0.734265822784818, 1.5479348101265897, 0.4209221518987325, 0.023052531645570036, 0.45507405063291745, 1.0698082278481023, 1.1295740506329204, 0.015368354430383814, 0.44738987341772557, 1.5513500000000071, 0.557529746835444, 0.6710848101265826, 1.0322411392405084, 1.5385430379746892, 1.7707759493671038, 0.07171898734177597, 0.5310620253164651, 0.3150512658227829, 1.5180518987341822, 0.029029113924047573, 1.2106848101265855, 0.8930721518987423, 0.72060506329114, 0.8375753164557046, 1.047609493670895, 1.8185886075949498, 0.4525126582278544, 0.12636202531645377, 0.20918037974683898, 0.5575297468354496, 2.3112297468354552, 1.6008702531645644, 1.7101563291139341, 1.2559360759493796, 0.7632949367088684, 1.5180518987341878, 0.06147341772151536, 0.6855993670886065, 0.5259392405063277, 0.6138803797468418, 0.22369493670885995, 1.3720525316455785, 0.741096202531647, 0.15795253164557288, 0.9921126582278488, 0.10501708860759523, 0.15282974683544684, 0.04781265822785159, 0.7923240506329218, 0.16478291139240192, 1.1586031645569679, 1.2798424050633013, 0.013660759493666602, 0.3944544303797479, 0.29029113924050987, 0.3748170886075924, 0.33041962025316673, 0.8128151898734287, 1.4574322784810239, 0.0341518987341793, 0.6155879746835448, 0.4781265822784761, 0.45507405063291745, 0.27065379746836005, 0.029882911392404756, 0.21088797468354198, 2.9720689873417885, 1.8399335443038083, 0.22284113924050844, 0.32017405063290894, 0.052935443037977634, 0.42860632911393287, 1.181655696202535, 0.4670272151898782, 0.5763132911392423, 0.3176126582278459, 0.5882664556962088, 0.5643601265822815, 0.5182550632911386, 1.0971297468354555, 0.23564810126582353, 0.6096113924050701, 0.4601968354430378, 0.463612025316458, 0.09221012658228014, 1.4932917721519035, 0.28175316455696364, 1.744308227848105, 0.9835746835443081, 0.17673607594936835, 1.0698082278481023, 2.3786797468354597, 0.15539113924050985, 0.6343715189873488, 2.265124683544315, 2.323182911392422, 0.13490000000000285, 0.33554240506329275, 0.058912025316455174, 1.131281645569629, 1.2047082278481136, 0.9784518987341793, 0.08537974683544541, 0.3645715189873403, 1.676004430379755, 2.672386075949381, 1.2747196202531668, 0.36713291139240334, 0.3987234177215253, 1.3336316455696302, 0.9007563291139314, 0.5438689873417774, 2.5229715189873545, 0.829891139240507, 0.4200683544303781, 1.658074683544308, 1.7741911392405125, 1.35326898734178, 0.054643037974680626, 0.4234835443038012, 0.14685316455696928, 0.30395189873418216, 2.5767607594936837, 0.31675886075949444, 0.49349493670886563, 0.2749227848101346, 0.013660759493677978, 1.1201822784810196, 0.09306392405063163, 0.25955443037975073, 0.34578797468354194, 0.2800455696202549, 0.14599936708860928, 0.7129208860759596, 0.3261506329113922, 102.1039316455701, 50.27415632911416, 46.18702784810149, 35.21316898734194, 9.688893670886126, 2.78594113924052, 0.4021386075949398, 2.211335443037986, 0.743657594936713, 0.8426981012658306, 1.084322784810129, 1.0040658227848152, 0.2125955696202535, 0.5387462025316485, 0.01963734177214983, 1.4266955696202563, 0.5857050632911457, 0.7965930379746848, 4.890551898734202, 0.502886708860769, 0.1297772151898768, 0.1699056962025308, 0.4320215189873474, 0.5635063291139301, 0.26638481012658266, 0.9417386075949454, 0.9639373417721526, 0.5199626582278473, 0.9946740506329117, 0.2766303797468376, 1.110790506329119, 1.8382259493670996, 0.9844284810126597, 0.2834607594936723, 0.5396000000000056, 1.0040658227848152, 0.308220886075951, 0.45934303797468345, 0.14941455696202663, 0.43458291139240474, 0.4687348101265841, 1.6666126582278515, 0.05208164556962045, 0.7752481012658292, 1.4881689873417832, 1.2747196202531725, 0.5771670886075938, 0.6907221518987353, 0.18442025316455743, 0.23906329113924374, 1.3814443037974706, 0.9519841772151919, 0.20235000000000142, 0.39616202531645944, 1.0356563291139258, 0.7820784810126582, 2.8081398734177383, 0.3193202531645603, 0.5635063291139243, 0.6292487341772199, 0.18868924050633198, 0.19722721518987538, 0.3654253164556975, 0.07598797468354766, 1.7434544303797508, 0.7479265822784819, 1.840787341772157, 1.4514556962025378, 0.8401367088607591, 0.46105063291139503, 0.3654253164556975, 1.2345911392405153, 1.2209303797468376, 0.15112215189873532, 0.03671329113923664, 0.2561392405063306, 0.9502765822784889, 0.3150512658227829, 0.5199626582278473, 0.5063018987341835, 1.1842170886076009, 0.901610126582283, 0.6873069620253265, 0.14514556962025207, 0.23906329113923805, 1.2038544303797565, 0.6753537974683571, 0.28089936708861213, 0.08623354430379121, 0.4781265822784761, 0.8700196202531723, 0.5669215189873418, 1.1953164556962046, 0.5882664556962088, 1.586355696202535, 0.6753537974683571, 1.3669297468354524, 0.1306310126582283, 0.0828183544303824, 0.1041632911392409, 0.6873069620253265, 0.1169702531645617, 0.5225240506329103, 0.8017158227848109, 1.7639455696202635, 0.7069443037974706, 0.5259392405063333, 1.3720525316455785, 0.305659493670888, 0.11440886075948731, 1.0373639240506374, 0.4362905063291163, 1.6119696202531681, 0.7112132911392479, 1.4258417721519077, 0.4909335443038026, 2.6049360759493823, 0.835867721518993, 1.4736544303797565, 2.31122974683545, 0.4849569620253165, 1.6008702531645644, 0.29029113924050987, 0.718043670886077, 1.3310702531645673, 0.25272405063291603, 0.5174012658227843, 1.647829113924056, 2.280493037974699, 0.9033177215189945, 0.09135632911391725, 0.4806879746835505, 0.9289316455696247, 1.9466582278481066, 0.5976582278481065, 0.7274354430379776, 0.7223126582278487, 1.6768582278481121, 1.047609493670898, 0.7069443037974706, 2.1720607594936863, 0.19551962025317238, 0.7487803797468362, 0.44995126582278, 1.6597822784810168, 0.6540088607594929, 0.7872012658227957, 0.6881607594936723, 1.2294683544303895, 0.2689462025316428, 0.11099367088607846, 0.13490000000000285, 0.7863474683544385, 0.6181493670886107, 0.1366075949367115, 0.1357537974683515, 0.5310620253164651, 0.20747278481012746, 0.4106765822784832, 0.8452594936708937, 0.1656367088607534, 0.7624411392405142, 0.0631810126582212, 0.3394953395472655, 16.720594540612502, 0.34578229027962776, 0.7274900133155793, 0.5487609853528619, 0.198488015978691, 0.6170193075898806, 0.30446804260985266, 0.7203049267643151, 0.45984553928096156, 1.0822536617842904, 0.7894613848202389, 0.5514553928095859, 0.6960552596537956, 0.9259780292942733, 0.3915872170439429, 12.815499999999986, 0.4248182423435427, 0.5604367509986632, 1.0490226364846873, 1.3166671105193082, 0.8442476697736313, 0.2676444740346237, 0.6771944074567241, 1.7827996005326199, 0.6978515312916115, 0.7903595206391468, 1.1711691078561905, 0.19040479360852477, 0.4984653794940185, 0.7993408788282302, 0.6286950732356819, 0.6242043941411447, 1.1047070572569908, 0.4616418109187716, 0.24788548601863825, 0.7472490013315558, 0.5299001331557933, 0.22722836218375672, 0.9367556591211725, 0.18232157123834958, 0.6888701731025283, 1.1684747003994693, 1.2933155792276905, 0.6601298268974687, 0.9071171770972047, 0.755332223701731, 0.7580266311584551, 1.032856191744337, 0.6709074567243679, 0.035925432756323906, 0.555946071904126, 0.17962716378162255, 0.5505572569906779, 0.029638482023964755, 0.554149800266313, 0.638574567243676, 1.2196684420772297, 0.9681904127829564, 1.354388814913451, 1.2376311584553903, 0.38889280958721584, 0.3718282290279633, 0.8164054593874827, 0.9987270306258352, 0.795748335552595, 0.39158721704393984, 0.6601298268974656, 0.24070039946737704, 0.25776498002663245, 1.2537976031957376, 1.2978062583222396, 0.4239201065246317, 1.0184860186418057, 1.9345845539280937, 0.9762736351531287, 1.5016830892143789, 0.29638482023968343, 1.4540818908122506, 0.5002616511318256, 1.2421218375499332, 0.8873581890812223, 1.1208735019973353, 2.705185086551261, 0.15986817576564902, 0.3538655126497999, 0.7382676431424756, 0.46523435419440673, 0.06646205059919968, 1.22415912117177, 0.09340612516644635, 0.5307982689747014, 0.37991145139813554, 0.6978515312916115, 1.1244660452729673, 1.4504893475366185, 0.8451458055925423, 0.19669174434087497, 0.8909507323568605, 1.1972150466045262, 0.05658255659120843, 0.9439407456724368, 0.6268988015978688, 1.2511031957390135, 0.13741478029294246, 0.15717376830892194, 1.3274447403462075, 1.7208282290279602, 1.5052756324900138, 0.5487609853528619, 0.118553928095868, 0.1724420772303643, 1.8806964047936063, 0.4562529960053265, 0.5712143808255654, 0.830775632490014, 1.543895472703062, 0.2146544607190444, 1.1029107856191749, 1.6597549933422089, 0.10598002663116166, 1.3328335552596526, 1.9687137150466016, 1.4927017310252984, 0.6026491344873492, 0.4957709720372825, 1.4136657789613836, 1.0777629826897472, 0.7795818908122506, 1.3678608521970714, 0.31255126498003083, 1.3247503328894803, 0.13382223701731336, 0.7086291611185048, 0.4149387483355515, 0.44906790945405933, 0.13741478029294246, 0.40775366178428724, 0.556844207723037, 1.3112782956058568, 1.904946071904126, 0.6897683089214484, 0.8765805592543261, 0.9610053262316922, 0.6834813581890803, 1.225057256990678, 0.9583109187749652, 2.1734886817576577, 1.3022969374167768, 0.9726810918774964, 0.8855619174434093, 0.9583109187749652, 0.6403708388814922, 1.6148482023968047, 0.7319806924101194, 0.7876651131824198, 0.47870639147803007, 0.9017283621837536, 0.3808095872170436, 0.3817077230359516, 0.4840952063914782, 1.3427130492676438, 1.352592543275632, 0.23620972037283694, 0.6143249001331564, 0.40685552596537927, 0.1508868175765688, 1.6184407456724366, 1.3624720372836203, 0.8002390146471382, 1.2600845539280967, 1.308583888149133, 0.14459986684420964, 0.30985685752330683, 1.35798135818908, 0.555047936085215, 0.14549800266312066, 0.755332223701731, 0.07903595206391498, 0.7777856191744346, 0.7481471371504638, 0.5730106524633815, 1.7729201065246287, 1.1253641810918753, 0.7005459387483356, 0.5415758988015976, 1.4388135818908112, 0.9044227696404777, 0.3296158455392773, 0.715814247669775, 0.4311051930758989, 0.2523761651131814, 0.7023422103861517, 0.5442703062583217, 0.556844207723037, 0.015268308921439381, 0.5397796271637846, 0.8577197070572546, 1.8142343541944068, 1.477433422103862, 0.9152003994673771, 0.592769640479361, 1.383129161118508, 2.063916111850864, 0.7265918774966742, 267.03014913448715, 258.3343981358187, 0.6897683089214484, 0.33769906790945553, 0.0278422103861517, 0.16166444740346209, 0.5649274300932092, 2.027092543275629, 0.914302263648466, 1.6390978695073215, 1.4370173102529982, 0.3466804260985357, 1.0795592543275663, 0.19938615179759903, 0.28111651131824406, 0.993338215712381, 0.792155792276963, 1.34450932090546, 0.4975672436750985, 2.2058215712383467, 0.951125832223701, 0.2451910785619172, 0.6565372836218366, 0.5254094540612622, 1.272658455392809, 0.7867669773635148, 0.46703062583222277, 2.1573222370173073, 0.558640479360853, 0.19040479360852477, 1.1217716378162432, 0.10777629826897472, 0.3628468708388802, 0.8469420772303583, 4.17363715046604, 0.19399733688415388, 0.079934087882826, 0.8927470039946735, 1.584311584553938, 1.3301391478029314, 1.8914740346205057, 0.33769906790945553, 1.3238521970705723, 0.4023648468708391, 0.23980226364847204, 0.5694181091877494, 1.040041278295604, 1.422647137150461, 1.1981131824234341, 0.0637676431424786, 1.6947822902796368, 1.8923721704394108, 0.30446804260984967, 0.2667463382157157, 0.43918841544606807, 0.07005459387482878, 0.9601071904127843, 1.2223628495339567, 0.9250798934753622, 0.48140079893475407, 0.33680093209055045, 0.13292410119840234, 0.5604367509986691, 0.8298774966711059, 0.17513648468707943, 0.19669174434087497, 1.4873129161118506, 0.7867669773635148, 0.11047070572569878, 1.2205665778961379, 0.5613348868175771, 1.9588342210386134, 0.36643941411450925, 0.5514553928095859, 0.7858688415446097, 0.9663941411451373, 0.44367909454061116, 0.4580492676431425, 2.1249893475366153, 3.13179960053262, 0.7346750998668434, 1.6759214380825562, 1.5510805592543262, 1.8277063914780272, 1.2205665778961379, 0.6098342210386164, 1.9489547270306282, 0.2020805592543231, 0.6529447403462045, 0.5613348868175742, 0.7265918774966742, 1.155002663115843, 0.09699866844208142, 0.25327430093209535, 0.631389480692409, 0.913404127829555, 0.2227376830892136, 2.021703728362181, 1.8097436750998634, 0.3619487350199751, 1.0975219707057267, 0.3466804260985387, 1.9588342210386105, 2.3001258322237006, 1.6013761651131844, 0.3412916111850876, 0.873886151797602, 0.6152230359520645, 0.5083448735019978, 0.5631311584553932, 0.06107323568575154, 0.46703062583221977, 0.11945206391478201, 0.2344134487350239, 1.5394047936085187, 0.20567310252996118, 1.9139274300932092, 1.7316058588548626, 0.4248182423435427, 0.25866311584553453, 0.9367556591211695, 1.7648368841544595, 0.7041384820239708, 0.21734886817576846, 1.0921331557922724, 0.5065486018641817, 0.21106191744341232, 1.510664447403462, 1.584311584553938, 0.22453395472702667, 0.6753981358189111, 0.23710785619174496, 0.5748069241011945, 0.3817077230359516, 0.5783994673768296, 0.755332223701731, 0.670009320905457, 0.2505798934753623, 1.3346298268974686, 0.9771717709720396, 1.2070945406125115, 1.2717603195739011, 0.6116304926764324, 0.8074241011984024, 0.7813781624500666, 0.3260233022636482, 0.43559587217043894, 0.8146091877496665, 0.7104254327563239, 0.2900978695073243, 0.10957256990678776, 0.46343808255659064, 0.10418375499334562, 1.0454300932090492, 0.36643941411450925, 0.22004327563248655, 0.12035019973368703, 0.6834813581890803, 0.48678961384820524, 1.1208735019973353, 0.11406324900132787, 0.4059573901464742, 0.5370852197070606, 1.465757656458055, 0.27213515312916087, 1.0876424766977355, 0.8271830892143819, 0.4400865512649761, 0.3844021304926757, 0.16795139813581822, 0.6143249001331564, 0.04041611185086103, 0.016166444740341422, 0.9448388814913478, 0.12573901464713816, 0.911607856191745, 0.6206118508655156, 0.6484540612516643, 0.6466577896138483, 2.2785705725699055, 0.6610279627163796, 1.3175652463382104, 0.11945206391477901, 0.7005459387483356, 0.008083222370172206, 1.9983521970705693, 0.42661451398136174, 0.6682130492676438, 0.8720898801597861, 1.229547936085218, 0.08891544607190324, 0.6933608521970714, 1.621135153129161, 0.3745226364846874, 3.362620505992006, 0.5281038615179773, 0.24339480692410412, 0.03861984021305097, 1.4621651131824258, 1.033754327563248, 1.0858462050599194, 1.2214647137150458, 0.277523968042606, 0.6969533954727006, 0.9277743009320863, 0.06915645805592674, 0.10238748335552957, 0.9044227696404777, 0.555946071904126, 0.555946071904129, 0.12214647137150607, 0.5424740346205027, 0.756230359520639, 1.0391431424766961, 1.3022969374167768, 1.0598002663115806, 0.02065712383488752, 0.873886151797602, 0.517326231691078, 0.670009320905457, 0.7472490013315558, 0.12214647137150607, 0.050295605858855265, 0.3403934753661766, 0.555946071904129, 0.03682356857523492, 0.7346750998668434, 0.7005459387483356, 0.7274900133155793, 1.0418375499334231, 0.6179174434087915, 1.3328335552596526, 0.04400865512649612, 0.7526378162450069, 0.022453395472706555, 0.597260319573901, 1.4603688415446068, 1.040939414114512, 0.3664394141145152, 1.595987350199733, 0.6816850865512611, 0.5855845539280967, 1.106503328894807, 0.22722836218375672, 1.8797982689746984, 0.39517976031957197, 0.4930765645805554, 0.9295705725699054, 0.2029786950732341, 0.3457822902796307, 0.5685199733688413, 0.8056278295605803, 0.5299001331557933, 0.6260006657789607, 0.9897456724367489, 0.10957256990679076, 1.2502050599201056, 1.1172809587217032, 0.6349820239680439, 0.79215579227696, 0.597260319573904, 0.7688042609853514, 0.5775013315579215, 1.7208282290279633, 0.7059347536617838, 0.007185086551261192, 0.38889280958721584, 0.8819693741677772, 0.4418828229027951, 0.3745226364846874, 0.6098342210386134, 0.16076631158455704, 0.3529673768308919, 1.6390978695073242, 2.468975366178427, 0.36733754993342027, 0.7804800266311587, 1.5771264980026587, 1.0077083888149125, 1.0220785619174408, 2.0226018641810892, 0.8217942743009278, 1.1756597869507306, 0.5667237017310253, 0.19938615179759903, 0.08981358189081128, 0.638574567243676, 0.8631085219707058, 1.4055825565912146, 1.3220559254327533, 0.008083222370172206, 0.026045938748335655, 0.4050592543275662, 1.0068102529960044, 0.9744773635153126, 0.833470039946738, 0.3457822902796307, 0.20746937416778022, 0.27572769640478995, 0.6331857523302249, 1.8016604527296944, 0.9026264980026587, 0.4248182423435427, 1.2717603195739011, 0.46523435419440673, 0.46703062583222277, 1.4594707057257017, 0.025147802929427632, 0.5325945406125174, 0.9879494007989329, 1.1136884154460711, 0.4733175765645789, 0.8190998668442065, 6.668658455392803, 0.5083448735019978, 0.42661451398135875, 0.48678961384820524, 0.5801957390146486, 0.6628242343542047, 1.5016830892143789, 0.4275126498002668, 0.7670079893475353, 1.1963169107856182, 1.4118695073235676, 0.9610053262316922, 0.29189414114514034, 1.0840499334221034, 0.9861531291611169, 0.27123701731025285, 2.4842436750998638, 0.42302197070572667, 0.9762736351531316, 0.3493748335552628, 0.49307656458055843, 0.07903595206391797, 0.8936451398135844, 0.755332223701731, 0.15807190412782995, 1.9489547270306251, 1.477433422103862, 0.32692143808255325, 0.6592316910785606, 0.6484540612516674, 0.27662583222369796, 0.8640066577896137, 0.002694407456724069, 0.21285818908122836, 0.5442703062583217, 1.3031950732356847, 0.7032403462050597, 1.1127902796271631, 0.6367782956058601, 0.556844207723037, 0.238005992010656, 0.9610053262316922, 0.555946071904126, 1.7109487350199721, 0.5676218375499362, 0.795748335552595, 1.4486930758988024, 0.5343908122503305, 0.30806058588548774, 0.7831744340878858, 0.7427583222370187, 0.6520466045272963, 0.9304687083888105, 0.6242043941411477, 0.5146318242343539, 0.016166444740350394, 0.13651664447403744, 0.4284107856191748, 0.7310825565912145, 0.42571637816244473, 0.43290146471371493, 0.2577649800266295, 0.28740346205059725, 1.266371504660447, 1.7100505992010673, 0.17334021304926636, 1.3103801597869489, 2.064814247669769, 0.9870512649800278, 0.04131424766977504, 0.7167123834886919, 1.349898135818908, 0.95471837549933, 3.898807589880155, 1.6004780292942733, 1.4468968042609835, 0.032332889480691816, 0.5272057256990693, 1.626523968042612, 0.24788548601864124, 1.4738408788282271, 0.832571904127824, 1.4612669773635178, 0.9610053262316922, 0.67899067909454, 1.0553095872170435, 0.36733754993342327, 1.6040705725699025, 0.33590279627163644, 0.517326231691078, 0.8029334221038562, 0.2676444740346237, 0.0835266311584551, 0.3305139813581883, 2.072897470039944, 0.8011371504660462, 0.9250798934753653, 0.48499334221038626, 0.40775366178428724, 0.1230446071904111, 0.15268308921438184, 0.12484087882823014, 1.347203728362178, 1.0705778961384829, 0.5712143808255654, 0.7903595206391468, 1.3624720372836203, 0.8271830892143819, 0.32422703062583214, 0.714017976031953, 0.6188155792276966, 0.6619260985352846, 1.1478175765645788, 0.9780699067909446, 0.06286950732356758, 0.3727263648468714, 0.9080153129161129, 1.868122503328897, 0.23082090545938883, 1.705559920106524, 0.14370173102529862, 0.7221011984021252, 0.009879494007988252, 0.06825832223701572, 1.1253641810918753, 1.1999094540612503, 1.5358122503328897, 0.01796271637816345, 0.3933834886817529, 0.22363581890811865, 0.4589474034620506, 0.3071624500665737, 0.8783768308921391, 1.552876830892139, 0.4059573901464712, 0.4176331557922875, 0.5433721704394167, 0.06736018641811369, 0.7499434087882799, 0.9852549933422088, 0.07813781624500996, 1.2978062583222365, 0.9538202396804221, 0.9628015978695081, 0.7670079893475353, 1.4486930758988024, 1.2106870838881496, 0.6960552596537956, 0.997828894806927, 0.8379607190412781, 0.8289793608521948, 0.09879494007989449, 0.2631537949400806, 0.7768874833555236, 0.83257190412783, 0.5065486018641817, 1.1594933422103892, 0.44367909454061416, 0.35566178428761597, 0.9951344873502, 1.1585952063914782, 0.21285818908122836, 0.36105059920106414, 0.1751364846870884, 0.6242043941411447, 0.8658029294274299, 0.36554127829560723, 0.7023422103861546, 101.86566644474026, 94.18301264980019, 86.52640479360844, 76.14485286284946, 61.810605193075844, 48.63046205059916, 43.98530359520636, 35.73053728362181, 3.344657789613845, 1.985778295605854, 5.004412782956058, 0.8083222370173103, 0.8828675099866823, 0.8999320905459347, 0.988847536617853, 0.750841544607191, 0.08801731025299521, 0.005388814913448138, 0.33231025299600436, 1.2061964047936065, 0.5460665778961378, 0.36105059920106414, 0.24249667110519313, 0.08622103861517917, 1.3310372836218365, 0.21196005326232034, 0.5721125166444705, 0.8927470039946764, 2.0226018641810892, 1.0113009320905415, 1.2582882822902748, 0.08083222370173104, 0.6215099866844206, 0.7813781624500666, 1.1783541944074547, 0.33680093209055045, 0.06825832223701872, 1.1388362183754988, 0.4975672436750985, 0.5496591211717698, 0.9996251664447402, 0.6565372836218366, 0.5739087882822865, 0.4239201065246317, 0.07903595206391498, 0.28381091877496517, 1.1585952063914722, 0.6430652463382163, 0.2622556591211696, 0.7822762982689776, 0.39517976031957197, 0.14459986684420664, 0.5864826897470048, 0.6322876165113169, 1.0903368841544594, 1.1621877496671134, 0.20567310252996118, 0.49307656458055843, 0.0278422103861517, 0.028740346205056732, 0.911607856191745, 0.5703162450066573, 0.03502729693741289, 0.3260233022636482, 0.5586404793608502, 0.4400865512649791, 3.200956058588544, 0.14100732356857157, 1.5897003994673768, 0.8002390146471382, 0.44727163781624024, 0.5110392809587249, 0.7247956058588553, 0.25956125166444555, 0.47691011984021403, 0.7903595206391468, 1.868122503328897, 0.11585952063914691, 0.36733754993342327, 0.2676444740346237, 0.6233062583222396, 1.2367330226364852, 0.01167576564580729, 1.2017057256990662, 0.6116304926764324, 0.5218169107856181, 1.9561398135818893, 0.4805026631158461, 0.24339480692410412, 0.39877230359520704, 0.1032856191744346, 1.3660645805592524, 1.306787616511314, 0.9816624500665767, 0.8586178428761626, 0.0592769640479355, 0.8810712383488691, 0.5451684420772267, 0.5128355525965379, 1.4648595206391497, 0.7912576564580549, 0.4993635153129176, 1.638199733688413, 1.19092809587217, 0.6529447403462014, 1.6175426098535286, 0.5631311584553932, 0.4167350199733705, 0.06466577896138065, 1.3651664447403444, 1.395703062583232, 0.7247956058588553, 0.3870965379493998, 4.034426098535285, 0.38889280958721584, 0.7634154460719003, 1.0822536617842904, 0.3233288948069271, 0.6691111850865489, 2.1411557922769657, 1.7253189081225004, 1.225955392809583, 0.4140406125166434, 0.34578229027962776, 2.081878828229024, 1.7711238348868126, 1.7271151797603137, 0.33320838881491244, 0.3080605858854848, 0.42302197070572667, 0.11675765645805494, 0.005388814913445146, 0.8155073235685745, 0.07005459387482878, 1.3606757656458013, 0.15178495339547382, 0.40775366178428724, 0.20208055925433208, 0.59456591211718, 0.010777629826902259, 0.38979094540612685, 1.3463055925432759, 1.1271604527296915, 1.9543435419440762, 0.5101411451398168, 1.0651890812250289, 1.9615286284953344, 0.12843342210386222, 1.512460719041278, 0.2954866844207754, 0.045804926764318146, 0.4993635153129176, 0.9178948069241041, 1.107401464713715, 0.050295605858855265, 0.3619487350199751, 0.16615512649800218, 1.0867443408788244, 1.110095872170439, 0.6556391478029284, 0.0431105193075851, 1.1990113182423392, 0.42661451398135875, 1.111892143808258, 0.6897683089214484, 0.4984653794940185, 0.7795818908122537, 0.59456591211718, 0.8595159786950737, 0.32063448735020006, 1.1172809587217032, 0.06736018641811369, 0.4140406125166434, 1.5313215712383466, 0.9304687083888105, 0.5981584553928091, 1.0184860186418057, 0.8002390146471382, 1.2079926764314224, 2.077388149134487, 0.04131424766977204, 0.554149800266313, 1.3005006657789608, 0.7499434087882799, 0.2065712383488692, 0.5191225033288941, 0.2811165113182411, 0.55414980026631, 1.0571058588548596, 0.22722836218375372, 2.0432589880159764, 0.42032756324900256, 0.477808255659122, 0.9969307589880161, 0.1751364846870884, 0.025147802929427632, 1.3687589880159734, 0.7598229027962711, 0.23710785619174496, 0.4957709720372825, 0.9852549933422088, 0.5110392809587219, 1.781901464713712, 0.8999320905459377, 0.0062869507323561604, 0.1266371504660402, 0.4284107856191748, 0.317041944074565, 1.0202822902796276, 1.585209720372834, 0.3691338215712393, 0.8442476697736343, 0.09071171770972228, 0.29997736351530957, 0.43469773635153097, 0.24249667110519313, 1.7513648468708392, 0.39967043941411806, 0.7822762982689776, 0.32063448735020306, 0.04041611185086103, 0.3412916111850846, 2.7779340878828234, 0.8918488681757655, 0.16795139813581822, 0.3017736351531256, 1.0813555259653733, 0.9026264980026587, 0.044008655126499104, 0.5532516644474049, 0.22004327563248655, 0.36374500665778514, 0.3305139813581883, 0.28291278295606315, 0.3475785619174438, 0.6996478029294276, 0.6125286284953404, 0.3727263648468744, 0.08262849533954408, 0.3502729693741678, 0.11226697736351483, 0.2891997336884163, 0.1724420772303643, 0.6511484687083884, 1.8501597869507307, 1.7774107856191748, 0.5236131824234341, 1.3795366178428756, 1.4891091877496696, 1.1828448735019979, 1.9947596537949372, 0.3448841544607197, 1.668736351531289, 0.5388814913448736, 0.8424513981358213, 2.1258874833555237, 0.40326298268975014, 0.7580266311584551, 1.2376311584553932, 0.2730332889480689, 0.44278095872170314, 0.03772170439413696, 1.6121537949400777, 1.5376085219707027, 0.18771038615180072, 0.013472037283617353, 0.4679287616511308, 0.29279227696404836, 0.7759893475366126, 0.2820146471371521, 0.14459986684420964, 0.8577197070572575, 0.4400865512649791, 0.24249667110519313, 0.3691338215712393, 0.6969533954727035, 0.17603462050599042, 1.2142796271637817, 0.45266045272968847, 0.22992276964048078, 0.5200206391477992, 1.189131824234357, 2.2893482023968015, 1.4792296937416722, 0.8559234354194416, 0.7167123834886919, 0.8909507323568605, 0.36913382157123337, 1.1388362183754988, 1.4136657789613836, 0.013472037283626326, 1.0472263648468683, 0.15627563249001694, 0.3475785619174438, 0.758026631158458, 0.948431424766977, 0.03861984021305097, 0.27033888149134777, 2.027990679094537, 1.474739014647135, 0.32692143808255625, 0.7418601864181077, 0.9699866844207725, 0.9708848202396805, 0.6951571238348815, 1.498090545938744, 0.7732949400798945, 1.3328335552596526, 0.5532516644474019, 1.0571058588548625, 1.228649800266307, 0.7795818908122506, 0.5361870838881495, 0.05837882822902747, 0.32512516644474315, 0.9241817576564574, 0.4131424766977354, 0.25327430093208636, 0.7256937416777662, 1.1262623169107864, 1.1002163781624508, 0.3808095872170436, 0.24339480692410115, 1.8869833555259654, 0.6646205059920117, 0.24878362183754626, 0.1472942743009337, 0.07723968042609894, 0.5712143808255654, 0.2505798934753623, 1.275352862849533, 0.010777629826902259, 1.6085612516644454, 0.8370625832223701, 0.5828901464713727, 0.9681904127829535, 4.180822237017304, 0.6933608521970684, 0.0035925432756320915, 0.45984553928095856, 0.2676444740346207, 0.2101637816245043, 0.15627563249001392, 1.9758988015978718, 0.5478628495339508, 1.7414853528628447, 1.0651890812250318, 0.08801731025299521, 2.182470039946732, 2.5354374167776266, 0.03412916111850487, 0.8469420772303583, 0.20746937416777123, 1.2097889480692416, 0.6116304926764264, 0.8155073235685776, 1.3561850865512641, 0.5819920106524586, 0.5658255659121172, 0.7616191744340872, 0.6924627163781575, 0.16884953395472327, 0.597260319573904, 1.54928428761651, 0.792155792276963, 0.37721704394141153, 1.3669627163781632, 0.4023648468708421, 0.1275352862849542, 0.010777629826902259, 1.4010918774966712, 0.007185086551264183, 1.1451231691078547, 0.017064580559252435, 0.6861757656458043, 1.0220785619174437, 2.0603235685752317, 0.6870739014647124, 0.7068328894806918, 0.7095272969374128, 1.1487157123834868, 0.8487383488681743, 1.2520013315579215, 1.0193841544607196, 0.8146091877496636, 1.1370399467376826, 0.49128029294274234, 0.834368175765646, 1.939075233022637, 1.499886817576563, 0.19130292942742982, 0.13292410119840534, 0.7274900133155793, 0.13561850865512642, 0.5038541944074517, 0.09160985352862432, 0.7589247669773661, 0.6682130492676438, 1.227751664447402, 1.507970039946735, 0.37542077230359844, 0.8954414114513976, 0.4993635153129176, 0.06197137150465956, 1.2654733688415418, 0.15178495339547382, 0.7176105193075911, 0.35566178428761297, 0.5667237017310283, 0.2029786950732341, 2.18606258322237, 0.6619260985352877, 0.37721704394141153, 0.7104254327563239, 0.4167350199733705, 0.753535952063918, 0.34578229027962776, 0.12933155792277323, 0.3439860186418116, 0.6646205059920087, 0.4005685752330261, 1.5591637816245012, 0.1553774966711059, 0.5846864181091828, 0.24070039946737704, 0.17244207723035535, 0.14190545938748259, 1.5771264980026587, 1.1388362183754988, 2.4555033288948067, 0.027842210386148713, 0.5990565912117141, 0.42122569906790763, 0.23800599201065298, 4.214951398135815, 0.37721704394141153, 1.3777403462050628, 2.304616511318244, 0.9214873501997333, 2.0010466045272937, 2.2354600532623143, 3.7919294274300883, 1.3867217043941398, 0.6260006657789577, 0.3628468708388802, 0.6825832223701692, 1.466655792276963, 0.5200206391477992, 0.2622556591211726, 0.7265918774966713, 0.6700093209054598, 0.4095499334221033, 0.5011597869507276, 0.5460665778961378, 1.9678155792276937, 0.9708848202396805, 0.032332889480688826, 0.34218974700398963, 1.1747616511318195, 0.06646205059919968, 0.023351531291611587, 0.9466351531291608, 0.27662583222369796, 1.348101864181092, 0.6098342210386164, 0.9457370173102528, 0.6969533954727006, 0.19489547270305893, 1.4010918774966712, 0.952023968042609, 0.9574127829560541, 0.26495006657789666, 0.44906790945406233, 0.9080153129161069, 0.67899067909454, 1.1451231691078547, 1.0391431424766961, 0.09969307589880551, 0.37093009320905534, 1.2861304926764325, 0.2909960053262323, 0.675398135818908, 0.950227696404796, 1.513358854860186, 0.7068328894806889, 1.072374167776293, 0.99064380825566, 0.5568442077230341, 0.21914513981357853, 0.8199980026631147, 0.517326231691078, 0.6807869507323562, 0.3808095872170436, 0.3691338215712393, 0.356559920106521, 0.079934087882826, 0.12484087882823014, 1.0490226364846873, 0.6996478029294276, 0.832571904127824, 0.06556391478029165, 0.060175099866840526, 1.3454074567243648, 1.0975219707057267, 0.6520466045272963, 0.6843794940079883, 0.8478402130492664, 0.1948954727030619, 0.5065486018641758, 1.4594707057257017, 0.27213515312916087, 0.45355858854860237, 0.2496817576564543, 7.358426764314243, 3.570988015978691, 0.6547410119840176, 1.1621877496671102, 299.37920505991985, 297.070996005326, 293.90955792276935, 286.5259833555258, 11.339862849533944, 1.4145639147802915, 0.3870965379493998, 0.08622103861517617, 0.8137110519307585, 1.6013761651131813, 0.9187929427430092, 0.4840952063914782, 0.023351531291611587, 0.5739087882822894, 0.3906890812250289, 0.5873808255659068, 0.06646205059919968, 0.29279227696404836, 1.072374167776293, 1.6615512649800248, 1.1047070572569848, 0.8649047936085219, 0.2451910785619172, 0.10598002663116166, 0.8388588548601892, 0.8684973368841509, 2.0055372836218366, 1.2520013315579215, 0.5406777629826927, 1.704661784287619, 0.32422703062583513, 0.9044227696404777, 0.4840952063914782, 1.513358854860186, 0.3853002663115837, 0.5837882822902807, 0.3502729693741708, 0.8316737683089189, 0.3368009320905415, 0.4867896138482023, 0.7086291611185048, 0.5352889480692414, 1.0624946737683076, 0.31524567243675494, 1.1451231691078518, 1.393906790945404, 0.5424740346205057, 0.3996704394141151, 0.6430652463382163, 0.6718055925432759, 0.4445772303595312, 0.9412463382157097, 0.1275352862849542, 0.6897683089214484, 0.6152230359520615, 0.0, 1.2214647137150427, 0.9250798934753622, 1.307685752330225, 0.7777856191744317, 0.05388814913448736, 0.1347203728362184, 0.20926564580559326, 1.2151777629826896, 0.9286724367509974, 0.11316511318241985, 1.5052756324900107, 1.3094820239680378, 0.08083222370173104, 0.061073235685748545, 1.0490226364846844, 1.269964047936085, 0.4562529960053265, 0.41583688415445946, 0.5721125166444705, 0.8047296937416754, 0.5334926764314194, 0.18950665778961076, 1.2708621837549932, 0.48858588548601534, 0.019758988015979494, 0.1428035952063876, 0.38350399467376467, 0.714916111850867, 0.4724194407456739, 1.0068102529960044, 1.275352862849536, 0.05748069241011646, 0.7292862849533954, 0.2802183754993331, 0.5667237017310253, 0.8442476697736343, 1.4145639147802915, 1.0157916111850964, 0.713119840213048, 0.34308788282290364, 0.4230219707057206, 0.7077310252995997, 0.2900978695073243, 0.28291278295605415, 0.871191744340875, 0.5370852197070576, 0.005388814913448138, 0.9690885486018643, 0.8155073235685776, 1.7576517976031982, 0.640370838881489, 1.2978062583222365, 0.11945206391478201, 0.6484540612516674, 0.39517976031957197, 0.44906790945405933, 0.872988015978694, 0.43739214380825503, 0.7571284953395472, 0.6206118508655156, 0.9116078561917419, 1.266371504660447, 0.3628468708388831, 0.10148934753661855, 0.09969307589880551, 0.36015246338215307, 0.715814247669775, 0.9331631158455375, 1.3777403462050628, 1.0598002663115806, 0.5379833555259655, 0.9601071904127843, 2.0073335552596525, 0.1814234354194386, 0.7229993342210362, 0.8182017310252986, 0.6664167776298249, 1.2645752330226339, 0.5487609853528619, 0.09879494007989449, 0.5379833555259655, 0.3745226364846874, 0.2586631158455435, 0.45176231691078633, 0.6807869507323562, 1.2178721704394138, 0.28830159786950227, 0.2523761651131814, 0.3817077230359516, 1.787290279627163, 0.7697023968042593, 1.3687589880159885, 0.37003195739014433, 1.5214420772303612, 0.7463508655126507, 0.26944074567243975, 0.7023422103861546, 0.5056504660452708, 0.7714986684420784, 1.7100505992010673, 0.0961005326231704, 1.076864846870839, 0.3466804260985357, 0.9619034620506092, 2.2507283621837537, 0.3790133155792305, 0.7607210386151793, 0.8711917443408779, 0.13741478029294246, 1.8474653794940064, 0.19309920106524586, 0.25507057256990545, 1.815132490013318, 0.09789680426098647, 0.7176105193075911, 1.1469194407456709, 0.8783768308921541, 0.3350046604527285, 0.44547536617843025, 0.5846864181091888, 1.8851870838881466, 1.2313442077230459, 0.795748335552595, 0.4023648468708421, 1.8286045272969351, 1.1244660452729702, 0.9187929427430092, 0.9924400798934759, 2.271385486018635, 1.3256484687083883, 0.36733754993342327, 0.8110166444740344, 0.17693275632490146, 0.28111651131824406, 0.34847669773635476, 0.5577423435419391, 0.4050592543275662, 0.09430426098535737, 0.2838109187749681, 0.4409846870838871, 0.8559234354194385, 1.822317576564579, 1.0418375499334231, 1.2457143808255684, 0.0916098535286333, 0.2254320905459347, 0.006286950732353169, 0.317940079893479, 0.6969533954727035, 0.991541944074568, 1.0121990679094526, 1.0813555259653733, 0.2460892143808222, 0.03143475366178081, 0.14190545938748259, 0.2613575233022586, 0.6520466045272963, 0.37093009320905534, 0.4993635153129176, 0.31255126498003083, 0.4086517976031953, 0.5532516644474049, 0.7768874833555236, 1.0562077230359517, 0.37003195739014433, 1.5744320905459406, 0.3538655126497999, 0.5119374167776299, 0.5882789613848178, 0.0592769640479325, 1.0858462050599194, 0.5299001331557903, 1.2493069241012005, 0.22992276964047778, 0.8451458055925423, 0.7113235685752289, 0.8873581890812223, 0.13202596537949432, 1.7576517976031982, 0.6870739014647124, 0.9556165113182411, 0.5388814913448736, 0.2945885486018644, 0.5891770972037288, 0.792155792276963, 0.6879720372836232, 0.04131424766977504, 0.079934087882826, 0.1625625832223671, 1.0247729693741678, 0.8101185086551265, 0.17962716378162552, 1.0750685752330171, 0.2739314247669769, 0.592769640479361, 0.9125059920106501, 2.2929407456724307, 0.3817077230359516, 1.78998468708389, 1.0885406125166435, 1.306787616511314, 1.1729653794940065, 0.30356990679094464, 0.4553548601864185, 1.06608721704394, 1.8591411451398139, 0.3017736351531256, 0.1428035952063876, 0.008083222370172206, 1.9013535286284968, 1.907640479360847, 1.7792070572569878, 0.6035472703062542, 0.5442703062583217, 0.5101411451398168, 1.9112330226364822, 3.732652463382153, 1.0184860186418117, 1.0490226364846844, 1.034652463382153, 0.317041944074568, 0.8945432756324895, 1.8582430093209028, 183.8654667110518, 169.87430692410103, 0.6143249001331504, 1.512460719041281, 1.0391431424766961, 0.38889280958721584, 0.5819920106524736, 0.5406777629826897, 0.9044227696404777, 0.8981358189081187, 0.2739314247669769, 0.32063448735020006, 0.010777629826902259, 1.5771264980026618, 1.0786611185086552, 0.4409846870838871, 0.714916111850864, 1.3768422103861517, 0.5146318242343539, 0.47331757656458195, 0.28470905459387613, 1.0292636484687079, 0.8810712383488691, 0.6367782956058601, 0.8999320905459377, 0.4805026631158461, 0.017962716378160458, 0.4814007989347571, 0.475113848202398, 0.9780699067909446, 0.4957709720372825, 1.1810486018641788, 1.426239680426096, 0.004490679094537124, 1.2035019973368823, 0.5227150466045262, 0.2963848202396805, 1.5627563249001275, 0.9457370173102528, 1.5528768308921421, 0.9987270306258352, 0.8164054593874827, 1.2223628495339567, 1.554673102529958, 0.3457822902796307, 0.6583335552596496, 1.0921331557922755, 0.8577197070572546, 0.35476364846870795, 2.0037410119840207, 1.226853528628491, 1.262778961384818, 1.3121764314247621, 0.11047070572569878, 0.6017509986684382, 0.2811165113182411, 0.6637223701731038, 1.7989660452729674, 1.6840046604527283, 0.09250798934753533, 0.6251025299600528, 0.5029560585885496, 0.0754434087882829, 0.5685199733688413, 0.40685552596537927, 0.3350046604527314, 1.0589021304926756, 0.8505346205059905, 1.6417922769640454, 0.02335153129161458, 1.1163828229027952, 0.8262849533954738, 1.2367330226364792, 0.026045938748335655, 0.03053661784287278, 1.1280585885485994, 0.8541271637816255, 1.3121764314247653, 0.40146671105193116, 0.022453395472706555, 0.24249667110519313, 0.44547536617843025, 1.0148934753661796, 0.35386551264979693, 1.07057789613848, 0.15447936085219788, 0.34578229027962776, 0.23261717709720486, 1.0705778961384829, 0.3448841544607197, 1.4181564580559238, 0.7041384820239677, 0.20746937416778022, 0.5388814913448736, 0.2514780292942703, 0.7104254327563239, 0.017064580559252435, 0.0242496671105226, 1.5807190412782937, 0.1383129161118475, 1.393906790945404, 1.470248335552595, 0.14909054593874677, 0.6888701731025314, 0.6574354194407415, 0.32422703062583513, 0.37901331557922757, 0.7014440745672467, 1.7334021304926788, 0.8065259653794973, 0.15178495339547382, 1.5331178428761656, 0.8649047936085219, 1.1289567243675105, 1.7657350199733646, 0.5667237017310283, 1.031958055925432, 1.705559920106524, 0.4679287616511308, 0.21465446071904143, 0.5918715046604529, 0.11855392809587698, 1.027467376830892, 0.8756824234354181, 1.194520639147802, 1.2861304926764325, 0.868497336884154, 0.04490679094540713, 0.638574567243676, 0.2667463382157157, 1.4136657789613836, 1.2591864181091887, 0.1419054593874796, 1.6085612516644423, 0.09071171770972228, 0.5981584553928091, 0.16615512649800218, 1.9345845539280906, 0.278422103861514, 0.14998868175765778, 1.2690659121171768, 0.24339480692410412, 0.3682356857523283, 0.15447936085219788, 0.7732949400798885, 0.08083222370173104, 1.4944980026631178, 0.4894840213049263, 0.795748335552595, 0.4966691078561905, 0.0017962716378130542, 0.5640292942743012, 0.9852549933422088, 0.9053209054593978, 1.0831517976031952, 0.7346750998668434, 2.073795605858852, 0.592769640479361, 0.11316511318241985, 1.4540818908122506, 0.6116304926764264, 1.2151777629826896, 0.7373695073235675, 0.8244886817576519, 1.187335552596538, 0.17962716378162552, 0.6197137150466046, 0.3296158455392803, 0.3664394141145152, 0.8478402130492664, 0.9071171770972019, 0.6718055925432759, 1.5187476697736342, 0.3296158455392773, 0.3538655126497999, 1.1397343541944067, 0.436494007989347, 0.9663941411451404, 1.1289567243675045, 0.9439407456724368, 1.2367330226364852, 0.0017962716378160457, 1.4442023968042565, 0.7409620505991996, 0.6933608521970684, 0.4463735019973382, 0.11406324900132787, 2.0468515312916087, 0.21465446071904143, 0.06107323568575154, 1.2528994673768266, 0.09610053262316742, 0.4005685752330231, 0.4796045272969321, 1.2690659121171768, 0.009879494007991244, 1.1082996005326229, 0.5757050599201055, 0.12035019973369003, 1.308583888149133, 1.940871504660453, 0.5595386151797611, 1.2960099866844206, 0.9681904127829535, 0.045804926764315156, 0.7418601864181077, 0.4553548601864185, 0.9601071904127811, 0.798442743009322, 0.916996671105193, 1.298704394141145, 0.11765579227696298, 1.746874167776296, 0.6843794940079883, 0.9619034620506092, 0.2514780292942703, 1.5187476697736373, 1.274454727030625, 0.9232836218375492, 0.5999547270306251, 1.300500665778964, 1.0220785619174437, 0.46703062583221977, 0.9439407456724368, 0.20387683089214514, 1.0382450066577882, 0.7113235685752319, 0.47870639147803007, 1.0283655126498, 0.07364713715046985, 0.29728295605859145, 0.044008655126499104, 0.5810938748335536, 0.38889280958721584, 0.3844021304926757, 0.7831744340878858, 0.39877230359520704, 0.3736245006657824, 0.45984553928096156, 0.025147802929430623, 0.5191225033288941, 0.6233062583222366, 1.038245006657785, 1.1136884154460682, 0.5981584553928091, 1.3974993342210393, 1.0535133155792276, 1.3292410119840234, 1.5367103861517977, 0.8765805592543261, 7.0710233022636455, 0.40416111850865516, 0.8586178428761626, 1.035550599201064, 0.751739680426099, 0.7490452729693748, 1.1217716378162432, 0.9897456724367519, 1.2412237017310253, 0.7840725699067908, 0.06286950732356758, 0.32692143808255325, 0.23261717709720184, 2.021703728362181, 0.3107549933422118, 0.9601071904127811, 0.55414980026631, 0.7185086551264962, 0.08801731025299224, 0.988847536617838, 1.3364260985352816, 0.2505798934753653, 0.33859720372836055, 1.2582882822902748, 1.1603914780292972, 1.6525699067909476, 1.1819467376830868, 1.0382450066577882, 0.5065486018641758, 0.5128355525965409, 0.30356990679094464, 0.2838109187749681, 0.715814247669775, 4.268839547270303, 0.14190545938748259, 0.594565912117177, 1.585209720372834, 0.4023648468708421, 0.2514780292942734, 0.6493521970705725, 0.5424740346205057, 0.6053435419440732, 0.30446804260985266, 1.6462829560585825, 1.4190545938748318, 0.6592316910785606, 0.8900525965379494, 0.8496364846870824, 0.7885632490013309, 0.7867669773635148, 0.07364713715046685, 0.677194407456727, 0.9996251664447402, 0.9610053262316922, 1.298704394141145, 0.7319806924101224, 1.3651664447403444, 0.16974766977363429, 1.1469194407456709, 94.94463182423426, 85.07142476697729, 79.77960852197063, 81.79412716378158, 74.48330159786946, 70.67879826897465, 67.61525699067904, 1.9256031957390136, 3.541349533954726, 1.545691744340878, 1.4028881491344845, 1.2304460719041261, 2.5291504660452704, 0.02604593874833865, 1.0966238348868127, 0.9457370173102528, 0.0017962716378130542, 1.3615739014647092, 1.8519560585885435, 1.3373242343541896, 0.6116304926764324, 0.198488015978694, 0.7382676431424726, 0.48229893475366215, 0.20477496671104717, 0.37991145139813554, 0.5999547270306251, 0.676296271637816, 0.08442476697736014, 2.0899620505992025, 1.2546957390146456, 0.4176331557922725, 0.751739680426099, 0.4481697736351513, 0.12124833555260105, 1.347203728362178, 1.1774560585885436, 0.47331757656458195, 0.3421897470039986, 0.5092430093209058, 1.0930312916111835, 1.1657802929427423, 0.3754207723035955, 0.9636997336884163, 0.4311051930758989, 0.558640479360853, 1.154104527296935, 1.4801278295605833, 0.7301844207723034, 0.9834587217043897, 0.6897683089214484, 1.4918035952063904, 1.34450932090546, 0.8128129161118506, 0.5245113182423422, 0.2460892143808222, 0.7301844207723034, 0.5442703062583217, 0.4966691078561905, 0.4131424766977324, 0.31255126498003083, 0.23980226364846902, 0.9295705725699025, 0.2811165113182411, 0.5316964047936094, 0.6017509986684412, 0.396976031957391, 2.6081864181091827, 0.4239201065246317, 0.5487609853528619, 2.1312762982689746, 0.396976031957388, 0.0987949400798915, 0.2847090545938732, 0.4239201065246317, 3.1228182423435396, 0.039517976031956004, 0.5442703062583217, 0.36823568575233123, 0.3359027962716395, 0.022453395472706555, 1.075966711051928, 0.5029560585885496, 1.4199527296937398, 0.13292410119840534, 0.6637223701731038, 1.7217263648468655, 0.5622330226364851, 0.8002390146471382, 0.5388814913448736, 0.8864600532623174, 0.38889280958721584, 0.6260006657789577, 0.9044227696404777, 0.2505798934753623, 0.6996478029294306, 0.6798888149134451, 2.3207829560585855, 0.22722836218375672, 0.22363581890812162, 0.3107549933422118, 1.7396890812250319, 0.7194067909454072, 0.9358575233022616, 0.34757856191744674, 0.10328561917443758, 0.7095272969374128, 0.9852549933422088, 0.8262849533954708, 0.44906790945405933, 0.7014440745672467, 1.7486704394141093, 0.1347203728362184, 0.6421671105193081, 1.5510805592543262, 1.2088908122503335, 0.9744773635153156, 1.8564467376830838, 0.9331631158455405, 0.6062416777629783, 0.025147802929427632, 0.45086418109187537, 0.3278195739014642, 0.30626431424766876, 0.0754434087882829, 1.2717603195739011, 0.2972829560585885, 0.37362450066577946, 0.9699866844207725, 0.06825832223701572, 1.1235679094540563, 0.29907922769640455, 0.3466804260985357, 0.2667463382157157, 1.6974766977363458, 0.7867669773635148, 1.9273994673768295, 0.5532516644474049, 0.7732949400798945, 0.3502729693741678, 0.3817077230359516, 1.280741677762978, 0.3870965379493998, 0.07813781624500696, 0.8146091877496636, 0.4966691078561905, 0.6071398135818893, 1.3346298268974686, 1.9651211717709693, 0.48678961384820524, 0.005388814913445146, 0.3493748335552628, 0.673601864181092, 1.3678608521970685, 0.39787416777629603, 0.41134620505991937, 0.6403708388814922, 0.05568442077230041, 0.8568215712383436, 1.5223402130492665, 0.42122569906790763, 0.18142343541944156, 0.7292862849533954, 0.7481471371504669, 0.5406777629826897, 0.06107323568575154, 0.39428162450066395, 1.5277290279627116, 4.696352197070569, 0.8927470039946764, 0.43290146471371493, 1.2412237017310253, 1.4442023968042565, 0.8541271637816196, 1.1190772303595162, 0.9376537949400746, 4.109869507323564, 0.2972829560585885, 0.0556844207723034, 0.21734886817576549, 0.20208055925433208, 1.4729427430093192, 1.4864147802929426, 0.3942816245006669, 0.4400865512649791, 1.1011145139813587, 0.4176331557922725, 0.8936451398135844, 1.0095046604527285, 0.49487283621837447, 0.2514780292942703, 1.8600392809587218, 1.587005992010647, 0.2496817576564543, 0.3089587217043928, 0.3287177097203723, 0.41044806924100835, 0.5299001331557933, 1.0768648468708362, 0.6026491344873492, 0.05568442077230041, 1.6220332889480689, 0.0278422103861517, 1.0678834886817559, 1.472044607190408, 1.5564693741677742, 0.7041384820239708, 0.6071398135818923, 0.9187929427430092, 3.7533095872170437, 1.781901464713712, 3.4721930758987964, 1.4486930758987995, 0.3870965379493998, 0.31255126498003083, 0.13831291611185048, 0.08981358189081128, 1.2421218375499332, 0.39967043941411806, 0.7544340878828231, 0.8667010652463378, 0.3008754993342176, 1.2061964047936093, 0.8649047936085219, 1.8034567243675073, 0.517326231691078, 0.7589247669773631, 0.7068328894806889, 0.028740346205056732, 3.2566404793608474, 0.045804926764315156, 0.475113848202395, 0.8918488681757655, 0.8729880159786909, 0.396976031957391, 1.3750459387483327, 0.15986817576564605, 1.471146471371503, 1.2528994673768266, 1.1406324900133147, 0.043110519307594075, 0.952023968042609, 0.19309920106524586, 0.2936904127829594, 0.2730332889480689, 0.1553774966711089, 0.046703062583226165, 1.5618581890812224, 0.7050366178428787, 1.54928428761651, 0.9861531291611169, 0.6044454061251653, 0.8649047936085219, 1.8043548601864154, 0.3053661784287607, 0.8020352862849541, 0.17154394141145032, 0.32781957390146127, 0.7993408788282271, 0.28381091877496517, 1.1496138482023979, 2.9710332889480657, 0.8217942743009278, 0.0592769640479355, 1.9121311584553902, 0.0044906790945401145, 1.4810259653794913, 0.2568668442077215, 0.08442476697736312, 1.7154394141145124, 1.7396890812250319, 0.08173035952063606, 0.9699866844207725, 0.06466577896138065, 0.7167123834886772, 0.05388814913448736, 0.9241817576564574, 0.41044806924100835, 1.4468968042609804, 0.42392010652463463, 2.2336637816244953, 1.821419440745671, 1.1029107856191718, 1.7774107856191748, 1.2493069241011976, 1.107401464713715, 1.1990113182423423, 0.5388814913448736, 1.909436750998666, 1.2798435419440732, 0.8460439414114473, 1.6399960053262295, 0.7894613848202389, 1.9345845539280906, 0.3448841544607197, 0.5631311584553932, 1.076864846870839, 0.637676431424768, 1.3813328894806918, 1.5376085219707027, 1.1738635153129144, 1.8986591211717698, 0.32063448735020006, 1.3409167776298279, 0.4050592543275662, 0.8568215712383436, 0.4149387483355515, 1.2304460719041261, 0.40685552596537927, 0.34578229027962776, 0.43200332889480686, 0.3260233022636482, 0.1625625832223671, 0.6709074567243679, 0.5649274300932122, 0.7068328894806889, 0.2550705725699084, 0.6295932090545928, 0.6780925432756351, 1.1702709720372824, 0.4481697736351513, 1.6534680426098527, 0.24159853528628808, 1.2861304926764294, 0.6349820239680439, 0.07903595206391498, 1.869020639147805, 1.6831065246338204, 1.7504667110519283, 0.7319806924101224, 0.5002616511318226, 0.8855619174434063, 0.7346750998668434, 0.6439633821571242, 0.16435885486018614, 1.7648368841544595, 0.8918488681757655, 0.5146318242343539, 0.37721704394141153, 0.5182243675099831, 0.38889280958721584, 1.4756371504660462, 0.8640066577896168, 0.6852776298268962, 0.8029334221038562, 1.0903368841544594, 0.5837882822902807, 0.025147802929427632, 0.8649047936085219, 0.28291278295605415, 2.3513195739014643, 0.8182017310252986, 0.3646431424766962, 1.9705099866844176, 0.6367782956058601, 0.28830159786950227, 0.39787416777629603, 0.8711917443408779, 0.5478628495339538, 0.7607210386151793, 1.5699414114513977, 1.2160758988015976, 0.3017736351531286, 1.0939294274300886, 0.28740346205060024, 0.48319707057257316, 0.9152003994673771, 0.7562303595206421, 2.6450099866844177, 1.034652463382156, 0.2110619174434093, 0.2209414114513946, 0.20926564580559326, 1.3705552596537955, 0.5424740346205027, 1.3400186418109197, 0.6816850865512611, 0.25956125166444555, 1.7531611185086522, 0.47780825565911905, 1.3355279627163767, 0.23890412782956402, 0.36464314247669916, 0.5029560585885496, 0.3529673768308919, 0.12573901464713516, 0.520020639147802, 1.4864147802929426, 1.1666784287616503, 0.17423834886817738, 0.6718055925432759, 1.50886817576564, 3.4138142476697686, 1.50258122503329, 1.3265466045272964, 0.21645073235686044, 0.045804926764315156, 1.660653129161114, 0.15897003994673803, 0.36374500665778514, 1.3427130492676438, 0.9053209054593828, 1.0068102529960044, 0.6628242343542047, 0.48858588548601534, 0.23171904127829981, 0.45445672436751045, 0.22722836218375672, 0.59456591211718, 1.0211804260985298, 0.16795139813581525, 0.6466577896138483, 1.0355505992010612, 1.06608721704394, 0.21285818908122534, 0.911607856191745, 1.5187476697736373, 0.005388814913448138, 0.7463508655126507, 1.2591864181091887, 0.7032403462050597, 0.20567310252995818, 1.509766311584551, 0.8765805592543261, 0.9726810918774964, 1.5268308921438063, 0.9708848202396835, 0.46074367509986663, 0.6197137150466046, 0.9879494007989359, 1.107401464713715, 0.5128355525965409, 1.187335552596538, 0.05568442077230041, 1.35798135818908, 0.7849707057257017, 0.7867669773635148, 0.01796271637816345, 0.3314121171770964, 0.27033888149134483, 0.2308209054593858, 0.008981358189080229, 1.5636544607190415, 0.11047070572569878, 1.2187703062583217, 1.3193615179760294, 0.6107323568575244, 0.9340612516644485, 0.18411784287616864, 0.10508189081225064, 1.2061964047936093, 0.7274900133155793, 0.555946071904129, 0.4553548601864185, 0.011675765645804297, 1.5394047936085187, 0.7418601864181077, 1.3328335552596526, 0.8433495339547262, 0.44996604527296435, 0.7732949400798945, 1.348101864181092, 0.37991145139813554, 1.304991344873498, 1.5205439414114503, 0.18771038615180072, 0.3592543275632451, 0.3350046604527314, 0.6125286284953375, 0.5775013315579186, 1.3391205059920057, 0.6610279627163766, 0.9313668442077215, 1.2124833555259595, 0.11136884154460382, 1.4001937416777632, 0.29189414114514334, 1.0517170439414145, 0.013472037283617353, 0.2865053262316922, 0.8074241011984054, 1.8726131824234342, 0.8532290279627175, 0.5011597869507336, 0.5424740346205027, 0.6888701731025314, 0.5343908122503335, 0.03143475366178379, 0.4921784287616504, 0.008083222370169214, 1.316667110519305, 0.14010918774966355, 0.045804926764315156, 0.14819241011984471, 0.4966691078561905, 0.8092203728362183, 1.7010692410119836, 0.5703162450066573, 0.11047070572569878, 1.712745006657788, 1.2511031957390104, 0.1706458055925423, 2.8479886817576547, 0.279320239680422, 0.5792976031957346, 1.1630858854860213, 0.05119374167776329, 1.1972150466045233, 0.04041611185086103, 0.02694407456724368, 0.005388814913445146, 0.631389480692409, 1.036448735019972, 98.8290692410119, 91.28293209054586, 84.60349600532616, 71.14044007989342, 34.92850199733685, 9.026264980026626, 1.6076631158455374, 0.3062643142476657, 1.269964047936085, 0.15447936085220088, 0.5451684420772297, 4.541872836218372, 1.7280133155792243, 1.107401464713715, 1.072374167776293, 0.04221238348868007, 1.300500665778964, 1.2304460719041261, 0.356559920106521, 0.8774786950732341, 0.6161211717709725, 0.9753754993342205, 1.1783541944074547, 1.2618808255659126, 0.19579360852196695, 1.6875972037283606, 0.993338215712384, 0.3897909454061238, 0.6035472703062572, 1.354388814913451, 0.9304687083888135, 1.191826231691081, 0.22094141145139756, 0.1311278295605863, 1.0813555259653822, 1.2771491344873493, 1.3678608521970685, 0.8029334221038562, 0.5882789613848178, 1.4729427430093192, 0.46613249001331475, 0.35117110519307587, 0.9340612516644455, 0.5649274300932122, 0.7023422103861517, 1.8815945406125114, 0.4957709720372825, 1.3768422103861517, 0.7535359520639149, 0.11316511318242285, 1.264575233022637, 0.8702936085219699, 0.18501597869507666, 0.990643808255657, 0.5514553928095859, 1.6768195739014642, 0.6125286284953375, 0.24070039946737704, 0.9134041278295609, 0.4553548601864185, 0.29279227696404836, 0.7274900133155793, 0.1239427430093251, 0.5810938748335567, 1.4397117177097163, 1.3966011984021283, 1.3597776298268962, 0.13831291611185048, 0.43559587217043894, 1.3112782956058568, 2.0037410119840238, 0.6718055925432759, 0.14998868175765478, 1.6561624500665768, 0.9565146471371461, 0.4086517976031953, 0.20208055925433208, 0.5487609853528619, 0.318838215712387, 0.13561850865512343, 0.44816977363515426, 1.593292942743006, 0.8298774966711059, 0.32332889480692417, 0.7194067909454072, 0.6322876165113169, 0.5316964047936064, 0.1706458055925423, 0.37003195739014727, 0.5846864181091888, 1.2582882822902748, 0.7292862849533983, 0.08711917443408419, 1.1244660452729673, 0.8577197070572575, 1.635505326231686, 0.5469647137150458, 0.09699866844207246, 0.032332889480691816, 0.014370173102528366, 0.46613249001331175, 0.9924400798934759, 0.714017976031953, 1.072374167776293, 0.32063448735020006, 0.3502729693741678, 1.1002163781624508, 0.5667237017310253, 0.4176331557922875, 0.4966691078561905, 0.7912576564580549, 0.7499434087882799, 1.6040705725699056, 0.6897683089214334, 1.467553928095871, 1.4846185086551205, 0.36105059920106114, 0.3466804260985387, 0.4930765645805554, 0.04939747003995023, 0.06825832223701872, 0.08981358189081128, 0.5496591211717669, 1.2690659121171768, 1.1244660452729702, 1.4379154460719061, 0.46523435419440673, 0.3745226364846874, 1.0202822902796247, 0.9250798934753653, 1.2214647137150427, 1.033754327563248, 0.835266311584554, 1.3121764314247653, 0.6224081225033287, 0.16884953395472327, 0.6601298268974687, 1.3597776298268962, 1.0984201065246317, 0.05748069241011646, 1.0624946737683048, 0.3017736351531286, 1.6337090545938702, 0.0637676431424786, 0.17962716378162552, 0.27213515312916087, 0.2694407456724368, 0.9574127829560541, 1.5825153129161098, 0.8199980026631116, 0.19220106524633784, 0.34308788282290065, 0.5748069241011945, 1.4459986684420754, 0.25327430093208636, 0.23531158455392595, 0.357458055925432, 1.5178495339547262, 0.7930539280958709, 0.021555259653798533, 1.109197736351531, 1.4513874833555236, 1.7369946737683106, 0.7948501997336871, 0.8963395472703085, 0.07274900133156183, 1.2816398135818892, 0.08891544607190026, 0.5631311584553932, 1.7244207723035956, 0.5810938748335567, 0.29818109187749653, 0.7023422103861546, 1.904946071904123, 1.1181790945406112, 0.16435885486018614, 1.34450932090546, 0.7607210386151793, 0.11406324900132787, 0.46613249001331175, 0.3745226364846874, 0.14998868175765778, 0.5828901464713727, 0.08981358189081128, 0.751739680426099, 2.305514647137149, 0.2514780292942734, 0.06646205059919968, 1.155002663115846, 0.060175099866840526, 0.4086517976031953, 1.584311584553938, 0.34847669773635176, 1.2151777629826896, 0.5110392809587219, 0.4724194407456739, 0.36823568575233123, 0.09699866844207246, 1.712745006657788, 1.1774560585885587, 1.2052982689746985, 1.8519560585885466, 0.5307982689747014, 0.9187929427430092, 0.3341065246338174, 0.7095272969374128, 0.7229993342210392, 1.2690659121171768, 1.796271637816243, 0.23980226364846902, 0.29279227696405136, 1.2537976031957376, 2.256117177097202, 0.7625173102529952, 0.23171904127829085, 0.5891770972037288, 0.19489547270305893, 0.6170193075898806, 0.13741478029294246, 0.8397569906790971, 0.08981358189081128, 0.988847536617853, 0.32063448735020006, 0.5442703062583217, 0.5352889480692414, 0.23261717709720184, 0.597260319573904, 1.160391478029294, 0.7697023968042624, 0.5577423435419391, 0.24429294274300917, 0.028740346205056732, 1.9651211717709693, 0.03053661784287577, 0.7212030625832232, 0.04221238348868007, 1.0148934753661796, 1.1208735019973353, 0.6583335552596525, 0.7221011984021312, 1.0238748335552599, 0.24429294274301214, 1.030161784287619, 0.7247956058588553, 0.14549800266311166, 0.18950665778961379, 0.5496591211717669, 0.24249667110519313, 1.2169740346205087, 0.5137336884154489, 1.5277290279627147, 0.9897456724367519, 0.6807869507323562, 1.1226697736351543, 1.0849480692410143, 0.03412916111850487, 1.2178721704394138, 1.9372789613848298, 0.007185086551261192, 1.4891091877496696, 0.635880159786946, 1.3597776298268962, 2.0917583222370157, 0.9178948069241012, 1.6184407456724366, 0.7113235685752319, 0.4903821571238344, 1.3238521970705723, 0.475113848202398, 0.3412916111850846, 0.021555259653798533, 0.06915645805592376, 0.22273768308921063, 0.20208055925433208, 1.4334247669773632, 0.21285818908122534, 0.12035019973369003, 0.476910119840208, 0.37631890812250346, 1.383129161118508, 0.21196005326231732, 0.02155525965379554, 0.59456591211718, 0.6753981358189111, 0.6322876165113169, 0.5352889480692414, 0.07813781624500996, 0.9152003994673771, 0.11765579227696298, 0.17783089214381245, 1.1172809587217032, 0.9699866844207725, 2.5309467376830868, 0.5245113182423422, 0.6745000000000029, 1.4388135818908112, 0.27662583222370096, 1.2331404793608531, 1.6525699067909476, 0.19579360852196992, 2.8021837549933397, 0.04939747003995023, 1.0921331557922755, 0.475113848202398, 1.346305592543273, 1.9004553928095889, 0.16884953395472624, 0.3718282290279633, 0.9574127829560541, 1.1002163781624477, 0.10867443408787975, 1.3849254327563238, 0.5316964047936094, 2.371976697736349, 1.2546957390146456, 0.9430426098535287, 0.55414980026631, 0.5128355525965379, 0.20926564580559326, 0.555946071904129, 0.14010918774966655, 0.4930765645805554, 0.2496817576564543, 1.7756145139813526, 1.711846870838877, 0.7490452729693688, 0.6152230359520615, 0.9565146471371491, 0.5379833555259685, 1.1334474034620534, 1.666041944074568, 0.8738861517975991, 0.2559687083888105, 0.21016378162450128, 0.5792976031957495, 0.024249667110519613, 1.06608721704394, 0.277523968042609, 1.430730359520633, 0.32063448735020006, 0.95471837549933, 0.5694181091877494, 0.4724194407456739, 2.073795605858852, 0.10508189081225364, 0.41134620505991937, 2.017213049267641, 0.12214647137150308, 1.5187476697736342, 0.8038315579227703, 1.6453848202396775, 0.49128029294273934, 0.9601071904127811, 0.14459986684420664, 0.6044454061251653, 1.4873129161118506, 0.7499434087882799, 0.5218169107856181, 0.3026717709720336, 0.03502729693741289, 0.4831970705725702, 0.4463735019973382, 0.2586631158455435, 85.30134753661777, 36.99151997336882, 19.263217043941395, 0.08083222370173104, 3.4766837549933367, 0.11765579227696596, 0.9556165113182411, 1.4819241011984023, 0.1814234354194386, 0.2227376830892136, 1.9256031957390136, 1.0139953395472716, 0.010777629826893283, 1.4585725699067909, 2.6036957390146425, 0.9690885486018614, 0.48858588548601833, 0.3718282290279633, 0.14819241011983575, 0.6260006657789607, 0.6565372836218366, 0.9726810918774964, 1.471146471371503, 0.7589247669773631, 1.2502050599201056, 0.14909054593874677, 1.0068102529960044, 0.197589880159783, 1.5358122503328837, 1.1675765645805585, 0.7786837549933426, 0.32332889480692417, 1.314870838881486, 0.9349593874833655, 0.9735792276964075, 0.3897909454061238, 0.32692143808255325, 1.863631824234351, 1.8896777629826866, 0.834368175765646, 1.1774560585885436, 0.45266045272968847, 1.1720672436750985, 0.1553774966711089, 0.475113848202398, 1.1271604527296915, 0.3116531291611198, 1.4621651131824258, 1.383129161118508, 0.9268761651131813, 0.17334021304926936, 0.4697250332889468, 1.7693275632489995, 0.056582556591211426, 0.2820146471371521, 0.10418375499334562, 0.34847669773635176, 0.7463508655126448, 0.4580492676431425, 0.871191744340875, 0.875682423435415, 1.4495912117177197, 1.0283655126498, 0.40416111850865516, 1.5061737683089218, 0.4050592543275662, 0.3134494007989329, 1.5304234354194355, 0.2694407456724368, 0.0987949400798915, 0.1814234354194386, 0.34308788282290065, 0.008981358189080229, 0.5649274300932122, 1.143326897470036, 0.34308788282290065, 2.891099201065246, 0.2020805592543231, 0.5613348868175742, 0.22094141145139756, 0.5245113182423422, 1.1819467376830899, 0.40416111850865516, 1.0966238348868276, 0.6143249001331504, 0.22453395472702667, 0.2891997336884163, 0.4176331557922725, 0.10777629826897472, 0.8190998668442065, 0.3116531291611198, 0.99064380825566, 0.08532290279627115, 0.2065712383488662, 1.6373015978695051, 0.9960326231691081, 0.634982023968041, 0.024249667110519613, 0.09969307589880551, 0.07454527296937487, 0.3107549933422118, 1.155002663115846, 0.356559920106521, 0.17603462050599042, 0.42392010652463463, 0.3062643142476657, 0.5523535286285058, 1.630116511318241, 0.7670079893475353, 0.23980226364846902, 1.0166897470039955, 1.283436085219705, 0.36554127829560423, 1.105605193075899, 0.7616191744340872, 1.22415912117177, 0.5801957390146456, 1.3301391478029314, 0.5020579227696387, 0.6951571238348815, 0.5604367509986632, 1.352592543275632, 0.5757050599201055, 0.4221238348868186, 2.0782862849533923, 0.9268761651131784, 0.6251025299600528, 0.2945885486018674, 0.28021837549933004, 0.35835619174434, 0.9942363515312921, 0.8873581890812253, 0.09789680426098347, 0.4194294274300946, 2.145646471371503, 0.4984653794940185, 0.6628242343542047, 1.5456917443408809, 0.34398601864180867, 1.0831517976031952, 0.6071398135818923, 0.673601864181092, 0.6224081225033287, 0.28291278295605415, 0.356559920106524, 0.24249667110519313, 1.0975219707057267, 0.7975446071904081, 0.2523761651131814, 1.4792296937416722, 0.9592090545938732, 0.13561850865512343, 0.2344134487350239, 0.2856071904127872, 0.06736018641811369, 0.09699866844207246, 0.5622330226364851, 0.7544340878828231, 0.6861757656458043, 1.6283202396804282, 0.7176105193075911, 0.30985685752329784, 0.9250798934753653, 0.2658482023968047, 1.4918035952063935, 1.4001937416777632, 0.518224367509986, 0.39248535286285086, 0.5290019973368822, 0.11496138482023589, 0.9098115845539289, 0.2891997336884133, 0.12573901464713516, 0.6897683089214334, 2.1213968042609834, 1.8600392809587187, 0.4589474034620506, 1.5762283621837538, 1.513358854860186, 1.4208508655126477, 1.0292636484687079, 0.42122569906790763, 0.03682356857523492, 0.7903595206391468, 0.8289793608521948, 0.9843568575232977, 0.29818109187749653, 0.07634154460719392, 0.7292862849533954, 1.672328894806921, 0.3745226364846874, 0.71222170439414, 0.8478402130492664, 1.234038615179761, 0.9502276964047929, 0.009879494007988252, 0.42930892143808286, 2.0432589880159764, 0.79215579227696, 0.40146671105193116, 1.0580039946737676, 0.14909054593874677, 0.5828901464713727, 0.20567310252996118, 2.0890639147802945, 0.4418828229027951, 0.4553548601864185, 0.9807643142476687, 0.27123701731025585, 0.5667237017310253, 0.8568215712383496, 0.9735792276964075, 0.9035246338215668, 0.15627563249001392, 0.21196005326231732, 0.11585952063914394, 0.10238748335552957, 1.0148934753661796, 0.15717376830892496, 1.706458055925435, 2.2354600532623143, 0.7346750998668434, 0.10148934753661855, 1.2717603195739011, 0.8882563249001334, 0.6125286284953375, 0.05658255659120843, 0.42661451398135875, 2.3585046604527284, 0.36015246338215606, 0.9556165113182411, 1.0885406125166435, 2.5686684420772297, 0.5828901464713696, 1.788188415446071, 1.391212383488677, 0.12214647137150607, 0.011675765645804297, 0.03502729693741589, 0.2748295605858849, 0.5047523302263628, 1.779207057256991, 1.6831065246338235, 1.235834886817577, 0.3305139813581853, 0.2667463382157127, 0.2137563249001334, 0.7113235685752319, 0.8182017310252986, 0.23710785619174796, 0.8442476697736313, 0.8792749667110531, 0.18052529960052754, 0.46074367509986663, 0.6215099866844236, 1.0517170439414114, 0.11406324900132787, 0.3260233022636482, 2.278570572569908, 0.4311051930758989, 0.9008302263648427, 1.0858462050599194, 0.07185086551264781, 0.3224307589880161, 0.8667010652463408, 0.4903821571238344, 0.6215099866844206, 0.47601198402130596, 0.17962716378162552, 1.068781624500667, 1.1882336884154459, 1.0139953395472716, 0.558640479360853, 0.4858914780292972, 0.2559687083888105, 0.3350046604527314, 1.587904127829561, 0.40146671105193116, 0.01526830892143639, 1.2672696404793578, 0.12484087882822716, 1.6247276964047928, 1.7756145139813526, 0.7238974700399472, 1.264575233022637, 0.4140406125166434, 1.6777177097203722, 0.40685552596537927, 0.21734886817576846, 0.5990565912117141, 1.0023195739014643, 0.0278422103861517, 2.5075952063914784, 1.6130519307589857, 1.2412237017310253, 0.19130292942742982, 0.3350046604527314, 0.3745226364846874, 0.2586631158455435, 0.5272057256990662, 1.855548601864179, 0.007185086551264183, 0.315245672436746, 0.5433721704394167, 0.18232157123834958, 0.32063448735020006, 0.17962716378162552, 0.3412916111850846, 0.6179174434087885, 0.012573901464715312, 0.6044454061251653, 0.7319806924101224, 0.635880159786946, 0.9690885486018614, 0.45894740346205354, 0.31614380825565697, 0.09969307589879653, 0.41044806924101135, 0.10059121171771053, 0.9834587217043897, 0.07634154460719092, 0.3996704394141151, 0.8038315579227703, 0.717610519307588, 0.14909054593874974, 2.38185619174434, 1.4154620505991995, 0.37542077230359844, 1.6534680426098527, 0.4580492676431425, 2.0513422103861516, 0.14909054593874974, 1.0113009320905446, 1.867224367509986, 0.26405193075898864, 1.0876424766977355, 0.9304687083888135, 0.9421444740346208, 1.1325492676431455, 1.4567762982689747, 1.347203728362184, 0.6547410119840176, 0.7265918774966742, 0.25686684420772443, 1.35798135818908, 1.1397343541944067, 1.867224367509986, 1.3013988015978688, 0.8226924101198387, 0.03053661784287278, 0.7831744340878858, 0.44906790945406233, 0.11945206391478201, 1.0041158455392805, 0.51642809587217, 0.4454753661784272, 1.0247729693741678, 0.9385519307589857, 1.6849027962716334, 0.17693275632490146, 0.356559920106524, 0.8442476697736313, 1.477433422103862, 0.5209187749667071, 0.520020639147802, 0.9089134487350179, 1.9354826897469986, 1.3346298268974657, 1.5600619174434092, 1.3157689747004002, 0.08801731025299224, 1.2609826897470136, 0.4957709720372795, 1.2367330226364792, 0.8226924101198387, 4.356856857523301, 0.0017962716378160457, 1.068781624500667, 0.2945885486018674, 1.6094593874833507, 0.3466804260985357, 0.2451910785619172, 1.345407456724368, 0.14370173102529862, 0.7697023968042624, 3.412916111850861, 0.5011597869507276, 0.9663941411451373, 0.315245672436746, 1.147817576564576, 0.32153262316910813, 1.1226697736351514, 0.7059347536617838, 1.0813555259653822, 0.09699866844208142, 0.7768874833555266, 0.8460439414114473, 0.8029334221038562, 0.198488015978691, 0.5101411451398168, 0.7723968042609864, 0.7346750998668434, 0.29907922769640455, 0.017962716378160458, 0.4248182423435427, 2.0046391478029286, 0.31794007989347606, 0.6745, 0.06286950732356758, 0.21196005326232034, 0.8873581890812223, 0.05478628495339538, 1.227751664447402, 0.20387683089214514, 1.0580039946737676, 0.33231025299600137, 1.0050139813581884, 0.47870639147803007, 0.5505572569906779, 0.37003195739014727, 0.17783089214381245, 0.06915645805592674, 0.6969533954727006, 0.9232836218375523, 0.7813781624500666, 0.2263302263648427, 1.7343002663115867, 0.40146671105193116, 0.4921784287616504, 0.0952023968042594, 0.27213515312916087, 0.8101185086551294, 101.67885419440739, 97.41450532623162, 83.34071704394135, 77.22890279627158, 73.48637083888144, 71.28503994673763, 1.8717150466045263, 1.6085612516644423, 2.851581225033287, 1.5690432756324924, 0.4831970705725702, 0.07454527296937787, 1.0912350199733645, 0.8864600532623113, 2.037870173102528, 6.331857523302259, 0.8379607190412781, 0.4095499334221033, 0.13651664447403444, 1.2726584553928122, 0.47780825565911905, 0.7840725699067908, 0.03412916111850487, 0.27213515312916087, 0.41942942743009154, 0.6906664447403444, 0.05658255659120843, 0.837062583222373, 0.39428162450066395, 0.20836750998668227, 1.9561398135818893, 0.67899067909454, 1.1469194407456709, 0.5236131824234341, 0.9574127829560541, 0.9798661784287608, 0.6152230359520645, 0.013472037283617353, 0.0987949400798915, 0.714916111850867, 0.9457370173102528, 1.193622503328894, 0.046703062583223175, 0.5119374167776299, 0.3439860186418116, 0.49397470039946345, 2.027092543275629, 0.14370173102529862, 0.8478402130492664, 1.2897230359520644, 0.14549800266311166, 0.9143022636484691, 1.9211125166444734, 0.6888701731025314, 1.8896777629826866, 0.17334021304926936, 0.3071624500665768, 1.4055825565912146, 0.6268988015978688, 0.198488015978691, 0.12304460719041409, 0.2631537949400806, 0.16076631158455704, 1.227751664447402, 0.5065486018641817, 0.45984553928095856, 2.0405645805592494, 2.476160452729691, 0.9268761651131784, 1.269964047936085, 0.4957709720372825, 0.8424513981358213, 1.5142569906790944, 0.8792749667110502, 1.1666784287616503, 1.115484687083887, 1.2421218375499332, 0.27662583222369796, 0.0556844207723034, 0.9735792276964046, 1.7298095872170438, 0.04131424766977204, 0.8550252996005305, 0.2101637816245043, 0.23171904127829981, 2.0073335552596525, 1.8851870838881495, 0.7113235685752319, 1.1523082556591189, 1.3777403462050597, 0.8586178428761626, 0.6466577896138483, 0.28291278295605415, 1.4459986684420754, 1.2331404793608531, 1.1567989347536591, 0.5236131824234341, 1.474739014647135, 0.46343808255659064, 1.2232609853528618, 0.002694407456721077, 1.0606984021304917, 0.24698735019973322, 0.8361644474034651, 0.20567310252996118, 0.36913382157123337, 1.2520013315579215, 0.37362450066577946, 0.4140406125166434, 0.3305139813581883, 1.8582430093209028, 0.3341065246338174, 2.0953508655126476, 0.47870639147802707, 1.3040932090545927, 0.47870639147803007, 0.22543209054593769, 0.592769640479361, 0.5263075898801582, 0.13831291611185048, 1.6346071904127812, 0.555047936085221, 0.17603462050599344, 0.18591411451398165, 1.2502050599201056, 2.5974087882822863, 1.2187703062583246, 0.47152130492675987, 0.2415985352862851, 0.2137563249001334, 1.0005233022636482, 1.2017057256990633, 0.22273768308921063, 0.38350399467376767, 0.7436564580559357, 0.277523968042609, 0.5990565912117171, 1.3409167776298279, 0.2514780292942703, 0.3116531291611198, 2.371078561917441, 0.2936904127829594, 0.7831744340878858, 0.7463508655126448, 0.475113848202395, 0.34308788282290364, 0.11945206391478201, 1.5609600532623173, 1.585209720372834, 1.6040705725699056, 0.045804926764315156, 0.46613249001331475, 1.229547936085218, 1.0615965379493997, 0.6655186418109138, 0.35117110519307587, 0.8011371504660432, 0.5604367509986632, 1.9166218375499304, 0.21196005326231732, 0.03412916111850487, 0.04221238348868306, 1.4477949400798915, 0.6996478029294276, 0.4463735019973382, 0.5092430093209058, 1.8582430093209028, 1.1711691078561905, 0.9717829560585916, 1.0562077230359517, 1.1109940079893499, 0.045804926764318146, 0.0754434087882829, 0.27572769640478995, 1.9570379494007972, 1.8869833555259625, 0.5442703062583217, 0.43918841544606807, 0.9178948069241041, 0.7589247669773661, 0.36733754993342327, 1.1666784287616503, 0.10148934753662155, 1.037346870838877, 1.0418375499334203, 3.2287982689746983, 0.8972376830892136, 1.585209720372837, 0.5424740346205057, 1.5977836218375494, 1.313074567243676, 0.5290019973368822, 1.232242343541942, 1.5331178428761656, 2.2893482023968015, 2.7923042609853517, 0.1553774966711059, 0.8541271637816255, 0.40146671105193116, 0.3844021304926757, 0.002694407456721077, 0.42212383488681565, 0.7607210386151761, 0.5505572569906749, 0.06197137150465956, 0.11496138482023589, 0.5918715046604559, 0.3412916111850846, 0.12663715046604918, 0.79215579227696, 0.9628015978695081, 1.157697070572567, 0.41134620505991937, 0.6026491344873492, 0.9187929427430092, 0.4230219707057206, 0.8074241011984024, 0.22992276964047778, 53.150779627163736, 23.703600532623152, 20.993924766977347, 3.8637802929427423, 0.8765805592543261, 1.0633928095872158, 0.7445545938748348, 3.1309014647137117, 0.49128029294274234, 0.44996604527296435, 4.750240346205056, 0.8226924101198387, 0.8119147802929455, 0.10867443408787975, 0.025147802929427632, 0.21196005326231732, 0.18411784287616562, 0.5819920106524586, 0.9044227696404777, 0.6277969374167739, 0.07185086551265081, 1.06608721704394, 0.28291278295605415, 0.8478402130492664, 1.0651890812250289, 1.035550599201064, 1.4549800266311526, 1.0642909454061207, 0.6861757656458043, 0.20746937416777123, 0.8316737683089189, 0.18052529960052754, 0.4086517976031953, 0.158970039946741, 1.0301617842876158, 1.436119174434087, 1.1127902796271631, 1.4082769640479385, 0.08262849533954408, 1.7154394141145124, 1.903149800266307, 1.1011145139813587, 0.7625173102529952, 0.5343908122503335, 0.6529447403462014, 1.0427356857523253, 0.48229893475366215, 0.11945206391477901, 0.22543209054593769, 1.1981131824234341, 0.7364713715046596, 1.0023195739014643, 0.45894740346205354, 0.8972376830892136, 0.6295932090545928, 0.8478402130492664, 0.556844207723037, 0.14100732356857457, 2.932413448735015, 2.0055372836218366, 0.30356990679094464, 2.468975366178427, 0.8101185086551294, 0.10148934753661855, 2.1923495339547263, 1.6741251664447403, 48.2898430834857, 47.47024954296163, 47.07401675807437, 40.61755971968314, 36.17843723339429, 34.63543113954908, 34.36415143205364, 29.045425045703855, 0.20428184034125757, 2.1328339427178595, 1.2704932967702596, 1.4332611212675188, 1.36256398537477, 1.7883909201706287, 1.3559875076173058, 1.7974335770871421, 2.035830895795248, 2.2027090188909195, 1.8549777574649597, 2.298067946374162, 13.926924741011588, 6.585109384521637, 1.8484012797074982, 1.6659040219378436, 1.5277979890310809, 1.6231569165143205, 1.8336042047531982, 1.7489320536258377, 1.8089424131627045, 13.467393357708724, 88.73600335161493, 15.224134978671552, 0.2527833638025591, 1.032095978062159, 0.863573735527116, 0.6038028641072539, 1.1817108470444841, 0.4352806215722109, 0.5067998171846482, 1.9026572212065835, 0.7369765386959157, 0.2100362583790388, 1.6634378427787946, 1.248297684338818, 1.1841770262035334, 0.1607126751980488, 0.6218881779402778, 0.5824293113954925, 0.15249207800122122, 0.7665706886045075, 0.40650853138330484, 1.0025018281535674, 0.8364457647775734, 4.223331809872034, 0.45747623400366094, 1.80154387568556, 1.8410027422303483, 0.2725127970749545, 0.8882355271176097, 1.2795359536867756, 0.09576995734308119, 0.7920545399146842, 0.52159689213894, 0.8208266301035958, 0.3275907982937258, 0.8750825716026812, 0.6876529555149312, 0.05795521023766183, 0.9737297379646584, 0.5635219378427773, 0.5594116392443649, 0.7435530164533827, 0.16564503351614696, 1.8352483241925643, 0.6728558805606338, 0.4023982327848897, 0.5470807434491167, 1.3222830591103014, 0.21579067641681454, 1.2014402803168795, 0.8512428397318705, 0.3243025594149909, 0.2059259597806264, 0.46898507007921786, 1.426684643510057, 0.48624832419256425, 0.012741925655086965, 0.19441712370505576, 0.7205353443022551, 0.06617580743448939, 0.48624832419256425, 0.07932876294942061, 1.0731989640463162, 0.8167163315051779, 0.8791928702010992, 1.2548741620962822, 0.08343906154783848, 0.4854262644728839, 0.4229497257769655, 0.13605088360755513, 1.4003787324801946, 1.0246974405850144, 0.7238235831809873, 0.5692763558805611, 1.3518772090188906, 0.3464981718464355, 0.5857175502742246, 0.7402647775746479, 0.7657486288848272, 0.6391514320536242, 0.37444820231566395, 1.1693799512492387, 0.32512461913467394, 0.07604052407068848, 0.13851706276660425, 1.687277574649605, 0.6235322973796467, 0.4040423522242558, 1.6124701401584385, 0.8372678244972563, 1.5910965874466796, 0.4007541133455209, 1.7998997562461911, 0.7008059110298624, 0.3390996343692854, 0.624354357099327, 0.6399734917733072, 0.1557803168799506, 0.04315813528336455, 0.34238787324801756, 0.786300121876903, 0.6054469835466226, 1.240899146861668, 0.11632145033515968, 1.5368406459475914, 0.2634701401584412, 0.9170076173065295, 0.32101432053625883, 1.3000874466788543, 0.1903068251066406, 1.1290990249847648, 0.7567059719683139, 0.8495987202925045, 1.2343226691042035, 0.5709204753199273, 0.9934591712370594, 0.3111496039000597, 0.8479546008531385, 1.3502330895795271, 0.1483817794028006, 0.13276264472882576, 0.02589488117001818, 1.4077772699573448, 0.06206550883607697, 1.5886304082876306, 0.5051556977452767, 0.409796770262037, 0.5643439975624603, 0.3834908592321745, 0.5964043266301039, 1.1381416819012808, 0.20839213893967273, 0.17468769043266577, 1.2318564899451545, 0.6514823278488725, 0.058777269957344856, 0.15084795856185243, 0.01849634369287091, 0.46158653260207055, 0.8643957952467991, 1.6478187081048141, 0.5470807434491167, 1.3625639853747726, 0.28730987202924907, 1.373250761730652, 0.36211730652041574, 0.9572885435709925, 0.8134280926264458, 0.006987507617308493, 0.38842321755027, 0.5964043266301039, 0.21414655697745394, 0.7320441803778176, 0.28237751371115366, 0.7649265691651416, 0.8356237050578903, 1.064978366849483, 1.6913878732480203, 0.25360542352224485, 287.1384725776967, 280.94836288848273, 1.4069552102376592, 0.9293385131017694, 1.291044789762341, 1.8492233394271784, 1.3198168799512497, 0.8849472882388776, 0.29142017062766423, 0.33581139549055605, 0.2264774527726994, 0.5388601462522836, 0.09001553930529727, 0.27580103595368666, 0.1228979280926294, 1.365852224253505, 0.3152599024984776, 0.17550975015234332, 0.5232410115783033, 1.213771176112125, 0.5092659963436917, 0.404864411943936, 0.15578031687995333, 0.8504207800121876, 0.08261700182815546, 1.6889216940889713, 0.019318403412551203, 1.1759564290067057, 1.6552172455819614, 0.32594667885435424, 1.5212215112736138, 0.9227620353443025, 1.793323278488727, 0.3695158439975603, 0.1590685557586882, 1.3140624619134658, 0.0045213284582594025, 0.2560716026812939, 1.7596188299817201, 0.5018674588665445, 1.173490249847654, 1.099504875076173, 0.5347498476538712, 0.19277300426568966, 0.25853778184034304, 0.8043854357099325, 0.15495825716027029, 0.6572367458866564, 0.6835426569165161, 0.4196614868982333, 0.4541879951249261, 0.7065603290676463, 1.1069034125533204, 0.8331575258988438, 1.554103900060938, 0.7789015843997584, 0.8043854357099351, 0.2634701401584385, 0.09576995734308119, 0.5207748324192569, 0.38102468007313095, 0.2782672151127385, 1.0715548446069474, 1.3058418647166354, 0.9309826325411328, 1.3214609993906157, 0.8643957952467991, 1.6461745886654482, 0.6227102376599637, 1.4291508226691036, 1.41270962827544, 0.3876011578305897, 1.4053110907982929, 0.07521846435100545, 0.10810085313833212, 0.7723251066422916, 0.5265292504570437, 0.24949512492382694, 0.8216486898232788, 0.8397340036563055, 0.08837141986593393, 0.4130850091407636, 0.5174865935405222, 0.5766748933577085, 0.2478510054844609, 0.009453686776357582, 1.3946243144424135, 0.2897760511882982, 0.6490161486898234, 0.6268205362583814, 0.4739174283973161, 1.1521166971358923, 1.913343997562471, 0.09083759902498575, 0.2725127970749545, 0.9803062157221227, 0.9301605728214496, 1.2014402803168824, 0.4772056672760509, 1.2820021328458275, 0.6268205362583787, 1.1545828762949444, 0.07357434491164212, 0.18948476538695758, 0.9235840950639909, 1.3995566727605144, 1.2367888482632556, 0.2692245581962197, 0.6736779402803142, 0.7583500914076772, 0.39664381474710847, 0.5413263254113327, 1.1940417428397296, 1.562324497257771, 1.876351310176721, 0.5174865935405222, 0.01356398537477273, 0.3711599634369291, 0.7698589274832425, 0.31443784277879183, 0.15578031687995333, 0.30621724558196156, 0.2897760511882954, 0.8923458257160275, 0.05137873248019485, 1.3091301035953702, 0.8553531383302858, 0.19277300426568966, 0.870150213284583, 1.1562269957343074, 0.9605767824497246, 0.20428184034125757, 0.7534177330895846, 0.2182568555758691, 1.3017315661182203, 0.5495469226081657, 0.5372160268129176, 0.6350411334552091, 0.5191307129798909, 1.5573921389396699, 0.3949996953077397, 1.9560911029859833, 0.28813193174893487, 0.376914381474713, 0.78547806215722, 0.6860088360755624, 0.3152599024984776, 0.00041102985983877693, 0.3193702010968927, 0.3440319926873809, 1.1586931748933567, 1.4143537477148092, 0.8808369896404624, 0.23963040828762786, 0.42952620353443244, 0.4878924436319303, 0.9342708714198675, 0.376914381474713, 0.5002233394271784, 0.37280408287629513, 0.6391514320536242, 1.023053321145643, 0.7682148080438763, 0.015208104814136054, 0.06288756855576001, 1.2639168190127983, 0.9079649603900051, 0.01685222425350485, 0.7501294942108496, 0.7410868372943309, 2.00459262644729, 1.3181727605118836, 1.517111212675196, 0.13440676416819455, 0.3078613650213303, 1.724270262035347, 1.090462218159657, 3.068337903717246, 0.15249207800122122, 0.6638132236441179, 0.5544792809262639, 0.30703930530164725, 0.030005179768436068, 0.8323354661791582, 0.2601819012797091, 0.8750825716026839, 0.7936986593540613, 1.501492078001221, 0.8446663619744064, 0.34156581352833726, 0.6177778793418655, 0.8717943327239491, 0.7632824497257754, 0.4772056672760509, 1.1586931748933567, 1.295155088360756, 0.4171953077391815, 1.1208784277879345, 1.0016797684338843, 0.9572885435709925, 0.5125542352224267, 0.39993205362583784, 0.9671532602071915, 0.1837303473491791, 0.19523918342473878, 1.3132404021937856, 0.8907017062766588, 0.6745, 1.1660917123705148, 0.2141465569774512, 1.5828759902498466, 0.799453077391837, 1.6576834247410106, 0.4270600243753834, 0.7123147471054221, 2.2627193784277893, 0.7098485679463757, 0.36129524680073277, 2.961470140158441, 0.22401127361365028, 0.03493753808653425, 1.1989741011578305, 0.13933912248628452, 0.2174347958561833, 2.06542504570384, 0.46816301035953484, 0.16317885435709786, 0.04973461304082879, 0.6424396709323591, 0.7715030469226084, 0.8134280926264484, 0.6038028641072513, 1.0559357099329696, 1.287756550883606, 0.3267687385740455, 1.020587141986594, 0.12865234613040788, 0.25360542352224485, 0.9811282754418058, 0.28566575258988575, 0.6605249847653885, 0.05713315051797879, 0.38842321755027, 1.1274549055454015, 1.845935100548452, 0.8479546008531385, 0.9350929311395478, 1.4168199268738582, 0.8019192565508834, 0.7978089579524682, 0.6062690432663004, 0.4147291285801324, 0.4147291285801324, 2.4394622181596626, 1.6272672151127356, 0.029183120048753036, 0.09494789762340092, 0.7797236441194387, 0.17057739183424514, 1.3124183424740998, 0.9235840950639854, 0.016030164533819082, 0.1212538086532606, 0.15413619744058454, 0.515842474101156, 0.6029808043875681, 0.31690402193784367, 2.504404936014627, 0.9350929311395478, 0.3456761121267497, 0.9704414990859237, 1.7349570383912236, 0.07521846435100545, 0.40157617306520665, 0.3218363802559418, 0.21250243753808515, 0.3382775746496024, 1.090462218159657, 0.04480225472272786, 0.00863162705667729, 0.944957647775747, 0.02178458257160303, 0.9786620962827539, 1.6831672760511873, 1.1652696526508235, 1.0641563071298, 0.5199527726995822, 0.8561751980499688, 0.5577675198049988, 0.44843357708714215, 0.4278820840950691, 1.7193379037172487, 1.1956858622790985, 0.47309536867763574, 0.22483333333333058, 1.1849990859232165, 0.9260502742230345, 0.18208622790981305, 0.12207586837294362, 0.07850670322974031, 0.25031718464351, 0.09659201706276696, 0.3555408287629515, 0.7821898232784879, 1.0707327848872614, 0.8841252285191945, 0.8216486898232788, 0.8282251675807429, 0.14427148080438817, 1.5220435709932971, 0.8981002437538059, 0.12618616697135607, 1.0172989031078619, 0.6966956124314445, 0.29224223034735, 1.1973299817184646, 1.3526992687385793, 1.0016797684338816, 1.7859247410115768, 0.10070231566118212, 1.134031383302863, 0.9737297379646584, 0.47720566727605634, 1.9018351614869007, 1.4028449116392439, 0.0809728823887894, 0.3119716636197455, 1.3115962827544168, 1.0041459475929306, 0.8446663619744064, 1.7489320536258377, 0.2634701401584412, 0.17057739183424514, 0.31690402193784367, 1.8927925045703846, 0.23140981109080033, 0.7468412553321149, 2.469878427787935, 1.2466535648994517, 0.3843129189518603, 0.5840734308348584, 0.6975176721511276, 0.9342708714198649, 0.4040423522242558, 1.3724287020109691, 1.1249887263863496, 0.5076218769043285, 0.02836106032906727, 0.15084795856185243, 1.1225225472273006, 0.9096090798293739, 0.13851706276660425, 1.3321477757464952, 1.4760082266910473, 0.3464981718464355, 0.9350929311395478, 0.2519613040828788, 0.8175383912248637, 0.7262897623400418, 0.3243025594149909, 2.0087029250457027, 0.2511392443631958, 1.219525594149909, 1.3683184034125537, 0.5791410725167576, 0.3703379037172433, 0.19277300426568966, 0.8717943327239491, 0.09083759902498302, 1.2376109079829358, 0.33005697745277485, 1.13320932358318, 1.1537608165752586, 0.946601767215113, 0.35882906764168365, 0.6440837903717225, 0.20428184034125757, 0.9244061547836684, 0.5059777574649624, 0.7813677635588075, 0.13358470444850878, 0.059599329677025144, 0.13440676416819183, 0.20099360146252274, 0.3053951858622812, 0.3399216940889685, 0.39664381474710847, 0.14755971968312306, 1.4447699573430839, 1.3280374771480856, 1.746465874466789, 0.3497864107251703, 1.1274549055454015, 0.7797236441194387, 0.5257071907373578, 0.9720856185252896, 1.2647388787324894, 0.8027413162705718, 0.09494789762340092, 0.056311090798295764, 0.5043336380255964, 0.05220079219987788, 0.5339277879341855, 1.0246974405850144, 1.0805975015234632, 1.8048321145642894, 0.92605027422304, 0.3349893357708703, 0.08837141986593393, 0.6375073126142581, 0.8052074954296209, 0.08837141986593393, 1.6321995734308368, 1.0978607556368096, 1.1003269347958562, 0.7657486288848272, 1.5286200487507637, 0.1409832419256533, 0.6991617915904936, 0.972085618525287, 0.36869378427787997, 0.8397340036563082, 1.2343226691042035, 0.07850670322974031, 1.7727717854966485, 1.018120962827545, 0.7665706886045075, 1.795789457647776, 1.4677876294942087, 0.04562431444241364, 0.9638650213284566, 1.357631627056672, 0.9909929920779994, 0.8783708104814133, 0.9597547227300416, 1.2071946983546635, 0.8643957952468018, 0.7608162705667263, 0.1311185252894597, 1.5171112126751989, 1.2729594759293141, 0.8504207800121876, 1.2655609384521642, 0.5717425350396104, 0.17386563071297997, 0.8841252285191972, 0.43856886045094573, 1.6839893357708702, 0.33170109689214095, 0.9877047531992672, 0.7262897623400363, 0.48953656307129634, 1.0822416209628267, 1.3165286410725174, 1.4398375990249939, 0.5388601462522836, 0.48953656307129634, 1.1512946374162092, 1.1480063985374773, 0.2716907373552715, 0.20839213893967273, 1.297621267519805, 0.6629911639244348, 0.5544792809262639, 0.28648781230956605, 0.46816301035953756, 0.16975533211456212, 0.03493753808653151, 0.11221115173674727, 0.02014046313223423, 0.18126416819013, 0.1426273613650221, 0.42377178549664846, 1.2556962218159653, 91.60581383302869, 83.62443601462525, 76.39195460085318, 69.79739152955518, 54.36157617306524, 45.52032388787327, 1.921564594759296, 2.2849149908592365, 2.923655393053016, 0.047268433881779696, 0.16564503351614696, 0.7912324801950039, 1.4718979280926268, 0.4550100548446118, 0.527351310176724, 0.0045213284582594025, 1.0115444850700779, 1.531086227909813, 0.31690402193784367, 1.9593793418647154, 0.21003625837903606, 0.12043174893357758, 1.5245097501523461, 0.9531782449725827, 1.2614506398537464, 0.6925853138330267, 0.4056864716636218, 1.349411029859836, 0.7024500304692258, 0.7246456429006704, 0.5725645947592906, 1.0074341864716654, 0.952356185252897, 0.24291864716635725, 0.14509354052407122, 1.2688491773308963, 1.0033238878732502, 0.0826170018281582, 0.8512428397318733, 0.1878406459475915, 0.4287041438147494, 0.8109619134673967, 1.18335496648385, 0.09330377818403211, 0.5890057891529539, 0.4673409506398518, 0.7476633150517951, 0.04480225472272786, 1.0419606946983555, 1.3058418647166354, 0.9885268129189503, 0.31279372333942845, 0.6498382084095118, 0.04069195612430998, 0.487892443631933, 0.3078613650213303, 0.44103503960999485, 0.05220079219987788, 0.10563467397928304, 0.4582982937233412, 0.7805457038391246, 0.6753220597196858, 0.6843647166361991, 0.6202440585009146, 1.3280374771480827, 0.41555118829981547, 1.0641563071297973, 0.8331575258988438, 0.42459384521633153, 1.0419606946983555, 0.48953656307129634, 1.1422519804996933, 1.7349570383912236, 0.47309536867763574, 1.1537608165752586, 0.3900673369896388, 0.3152599024984776, 0.6309308348567967, 0.3111496039000597, 0.13605088360755788, 0.16235679463741756, 0.27580103595368666, 0.5643439975624603, 1.6289113345521018, 0.28813193174893487, 0.6942294332723955, 0.6498382084095118, 0.46980712979890366, 1.1118357708714213, 1.0353842169408884, 0.28155545399146786, 0.22154509445460122, 1.152938756855578, 0.5733866544789763, 1.8640204143814756, 0.7279338817794024, 0.25442748324192516, 1.679879037172455, 0.09412583790371513, 0.4780277269957367, 0.7575280316879942, 0.13440676416819183, 0.04973461304082879, 1.6543951858622812, 0.48953656307129634, 0.18290828762949332, 1.1192343083485685, 0.6144896404631306, 0.11549939061547665, 0.04233607556367878, 0.3103275441803766, 0.09659201706276696, 0.6572367458866564, 0.79287659963437, 0.6580588056063393, 0.026716940889703947, 0.7953427787934191, 0.24620688604509483, 0.0275390006093815, 0.02014046313223423, 0.2758010359536894, 0.7608162705667263, 1.2869344911639258, 0.43528062157221364, 0.819182510664227, 0.5659881170018264, 0.940847349177329, 0.6185999390615567, 1.2466535648994572, 1.0230533211456458, 0.23552010968921272, 1.144718159658745, 1.1800667276051182, 0.9293385131017694, 0.2938863497867133, 0.3522525898842194, 0.750129494210847, 0.17879798903108365, 1.1463622790981114, 0.5470807434491167, 1.8130527117611195, 1.0090783059110287, 0.2782672151127385, 0.24374070688604577, 0.5314616087751418, 0.31443784277878906, 0.20510390006093787, 1.9166322364411925, 0.08179494210847243, 1.2458315051797688, 0.3399216940889685, 0.13769500304692395, 1.1948638025594154, 1.2647388787324894, 0.02671694088970121, 0.5939381474710548, 0.7230015234613014, 1.1200563680682516, 0.15824649603900243, 0.6375073126142581, 1.0518254113345573, 0.06288756855576001, 0.26593631931748757, 0.7706809872029254, 0.41308500914076635, 0.3407437538086515, 0.31279372333942573, 0.5791410725167604, 1.1784226081657523, 0.8874134673979295, 0.9720856185252896, 1.1085475319926863, 0.1237199878123097, 0.5684542961608782, 0.5166645338208391, 0.2190789152955494, 0.7180691651432033, 0.5528351614869006, 0.048090493601462725, 1.5812318708104807, 0.7912324801950013, 1.067444546008532, 1.249119744058501, 1.36996252285192, 0.22154509445460394, 0.03740371724558334, 0.11796556977452848, 1.3954463741620968, 0.4106188299817172, 0.0719302254722706, 0.7361544789762327, 0.4541879951249261, 0.7493074344911639, 1.2022623400365682, 0.19770536258378787, 0.3876011578305897, 0.20017154174283971, 0.8948120048750766, 0.7731471663619746, 0.7369765386959184, 0.952356185252897, 0.16811121267519605, 1.2244579524680073, 1.980752894576477, 0.09248171846434634, 0.1401611822059703, 0.6153117001828137, 0.07768464351005455, 1.328859536867763, 1.0789533820840973, 0.8364457647775734, 0.8126060329067627, 1.5212215112736167, 0.5322836684948221, 0.24291864716635725, 0.45912035344302426, 0.8767266910420528, 0.9992135892748351, 0.5733866544789763, 0.22154509445460122, 0.37855850091407633, 0.15578031687995333, 0.3736261425959782, 0.39253351614868787, 0.8742605118829982, 0.7649265691651416, 1.6848113954905533, 0.7164250457038372, 1.7481099939061575, 0.4558321145642921, 2.227370810481413, 1.1290990249847674, 1.1693799512492387, 0.5446145642900676, 0.38924527726995845, 0.9013884826325409, 0.8882355271176097, 0.7008059110298624, 0.19277300426568966, 0.029183120048753036, 0.002877209018887867, 1.3255712979890335, 0.4040423522242558, 1.0444268738574045, 0.5742087141986594, 0.4106188299817172, 0.06699786715417241, 0.10974497257769819, 0.9655091407678255, 0.10070231566118486, 0.8865914076782436, 0.09248171846434909, 0.3473202315661212, 0.22154509445460122, 1.9199204753199328, 2.0144573430834867, 1.1011489945155446, 0.5421483851310157, 0.11632145033515968, 0.6194219987812315, 0.6350411334552117, 0.9770179768433879, 1.4957376599634427, 1.012366544789761, 2.7921258379037206, 1.0518254113345573, 0.2281215722120709, 0.12454204753199273, 0.6728558805606338, 0.877548750761733, 0.6621691042047517, 1.1652696526508235, 0.4714512492382697, 0.02425076173065212, 0.29635252894576514, 0.2051039000609406, 0.1837303473491791, 0.5857175502742246, 0.9581106032906782, 0.3243025594149909, 0.8553531383302885, 0.5470807434491167, 0.31772608165752664, 0.7978089579524682, 0.3604731870810497, 1.3222830591103014, 1.0789533820840973, 0.7879442413162691, 1.2417212065813534, 0.4278820840950636, 0.30210694698354634, 0.5413263254113355, 0.5791410725167576, 0.6835426569165134, 0.5421483851310185, 0.14920383912248636, 0.09412583790371513, 0.47967184643510546, 0.23058775137112003, 0.6876529555149312, 1.683989335770873, 0.5092659963436917, 0.724645642900673, 0.84959872029251, 0.04151401584399575, 0.3571849482023176, 0.43445856185252785, 0.036581657525900306, 0.38020262035344243, 0.49693510054844636, 0.7287559414990883, 0.8306913467397921, 2.106528031687997, 1.0115444850700779, 1.4554567336989632, 0.45172181596587696, 0.7575280316879942, 1.3864037172455805, 0.8726163924436321, 1.0584018890920162, 0.7476633150517951, 0.48953656307129634, 0.6259984765386958, 0.19606124314442455, 0.9540003046922629, 0.3275907982937258, 1.5113567946374176, 0.43692474101157697, 0.8430222425350484, 1.3140624619134658, 5.383258074344916, 0.9860606337599012, 0.4541879951249233, 0.09001553930529727, 0.4656968312004857, 0.08179494210846969, 1.4085993296770252, 0.9301605728214496, 1.519577391834248, 0.5174865935405248, 0.522418951858623, 0.799453077391837, 1.2672050578915386, 0.7057382693479579, 0.32676873857404, 1.4233964046313223, 0.6383293723339439, 0.3867790981109066, 0.6539485070079243, 0.06699786715417241, 1.5376627056672745, 0.2642921998781215, 0.39088939670931905, 0.23140981109080033, 0.2174347958561833, 1.0189430225472278, 0.2404524680073109, 0.36293936624009604, 0.22976569165143423, 0.3218363802559418, 0.9934591712370512, 0.5717425350396104, 0.09823613650213303, 0.17386563071297997, 0.9951032906764172, 1.4217522851919617, 2.8546023765996362, 0.08590524070688758, 0.5742087141986594, 0.48049390615478577, 0.48378214503351785, 0.15824649603900243, 0.6761441194393688, 0.12454204753199273, 0.6128455210237646, 0.1878406459475915, 1.4801185252894569, 1.0107224253503948, 0.4878924436319303, 0.5092659963436945, 0.6358631931748948, 1.559036258379036, 0.5503689823278488, 0.1409832419256533, 0.4262379646557003, 1.0748430834856821, 0.870150213284583, 1.074021023766002, 1.9988382084095118, 0.5109101157830579, 0.14920383912248636, 0.27004661791589996, 0.529817489335773, 0.047268433881779696, 0.3464981718464355, 1.0542915904936063, 0.7698589274832397, 0.3555408287629515, 0.8232928092626449, 0.5618778184034112, 1.0189430225472278, 0.02178458257160577, 1.1175901889092024, 0.04562431444241364, 0.47967184643510274, 1.424218464351011, 0.717247105423523, 1.2187035344302262, 0.26511425959780455, 0.9128973187081033, 0.05795521023766183, 0.20510390006093787, 0.44678945764777606, 1.1932196831200494, 1.0427827544180384, 0.4911806825106624, 0.4870703839122472, 1.303375685557589, 0.598870505789153, 0.8939899451553937, 0.09905819622181332, 0.9942812309567315, 0.39910999390615487, 0.7813677635588075, 0.8323354661791609, 0.7715030469226084, 2.579212370505794, 2.228192870201096, 0.8964561243144428, 0.38349085923217724, 0.7682148080438763, 1.2466535648994572, 0.5421483851310157, 1.1069034125533204, 0.18044210847044695, 1.9347175502742244, 0.6259984765386984, 1.490805301645339, 0.20428184034125757, 1.1266328458257158, 1.6782349177330917, 0.3160819622181579, 0.17715386959171486, 0.40815265082267094, 0.1212538086532606, 0.13029646556977667, 0.3432099329677006, 0.25278336380256455, 0.9852385740402182, 0.018496343692865434, 1.0896401584399766, 1.9281410725167603, 0.04480225472272786, 0.8528869591712367, 0.5881837294332709, 0.4155511882998127, 1.0970386959171239, 1.559036258379036, 0.9178296770262016, 0.0719302254722706, 2.043229433272398, 0.03822577696526637, 0.5816072516758093, 0.2453848263254118, 0.35307464960389967, 0.5873616697135879, 0.5626998781230942, 0.041514015843998484, 0.22565539305301638, 0.3711599634369291, 0.4254159049360145, 0.8232928092626449, 1.2285682510664222, 0.20510390006093787, 1.4332611212675188, 0.682720597196833, 1.1907535039610087, 0.06535374771480636, 0.4287041438147494, 0.43856886045094573, 0.3111496039000624, 0.75095155393053, 0.03493753808653425, 0.39335557586836817, 0.713136806825105, 1.443125837903715, 0.7641045094454613, 0.4936468616697115, 0.006987507617308493, 0.5363939670932373, 1.3239271785496647, 0.05548903107861547, 0.6087352224253522, 0.043158135283359066, 0.6531264472882384, 1.4718979280926292, 1.2211697135892752, 0.9268723339427175, 1.5162891529555158, 0.39335557586836817, 0.3440319926873864, 1.1710240706886048, 1.2269241316270618, 2.4148004265691663, 0.6991617915904936, 0.523241011578306, 1.152938756855578, 0.12043174893357758, 1.357631627056672, 1.2244579524680126, 0.03164929920780213, 0.6810764777574643, 0.9613988421694103, 1.4735420475319956, 0.3284128580134088, 0.6621691042047517, 1.3970904936014628, 0.9079649603900078, 0.5051556977452767, 0.2618260207190724, 0.9400252894576461, 0.8693281535649, 1.0699107251675812, 0.5248851310176721, 0.03658165752589757, 0.1434494210847024, 0.17715386959171212, 1.3000874466788543, 1.7867468007312628, 0.049734613040826055, 0.7065603290676463, 0.39171145642900757, 0.713136806825105, 0.5413263254113355, 0.01356398537477273, 0.9038546617915928, 1.6363098720292517, 0.5347498476538712, 0.27662309567336696, 0.7558839122486309, 0.23880834856794755, 2.369587141986594, 0.12043174893357758, 1.707829067641681, 1.1438960999390622, 0.9638650213284566, 0.531461608775139, 1.35023308957953, 0.6983397318708079, 0.8463104814137724, 0.025072821450332412, 1.00250182815357, 0.23469804996953242, 0.531461608775139, 0.26593631931748757, 1.288578610603289, 1.593562766605726, 0.29224223034735, 0.16975533211456212, 0.4739174283973188, 0.42048354661791637, 0.4706291895185867, 1.329681596587446, 0.2979966483851339, 0.21907891529555212, 0.95317824497258, 0.5067998171846482, 0.5240630712979891, 0.5651660572821433, 1.0436048141377214, 0.9778400365630736, 1.588630408287628, 1.172668190127971, 0.98030621572212, 1.5664347958561833, 0.9161855575868382, 0.63997349177331, 0.12289792809262667, 0.6210661182205975, 0.9309826325411354, 1.7678394271785502, 0.2831995734308367, 0.6276425959780673, 0.20428184034125757, 1.830315965874466, 90.96953960999396, 75.84446282754423, 72.33755606337603, 65.35662492382698, 59.807721815965905, 53.20082784887266, 53.1112233394272, 2.2068193174893374, 1.14060786106033, 3.957806520414383, 0.7098485679463757, 0.20017154174283971, 1.4258625837903713, 0.03164929920780213, 1.0879960390006078, 0.7772574649603925, 0.7969868982327825, 0.7608162705667263, 1.4028449116392467, 3.220418951858623, 0.26018190127970636, 1.3568095673369889, 1.7168717245581941, 0.8528869591712367, 1.2326785496648376, 0.5536572212065837, 0.35060847044484783, 0.6925853138330267, 1.3683184034125537, 0.8471325411334555, 0.24867306520414392, 0.9079649603900051, 0.31443784277878906, 0.10481261425960274, 1.2721374162096313, 1.5080685557586826, 0.2330539305301691, 0.23552010968921272, 0.6753220597196858, 1.0477151127361366, 0.6144896404631306, 1.6437084095063992, 0.3974658744667888, 0.7961648385131022, 1.3469448507007953, 0.5248851310176721, 0.051378732480197586, 0.3555408287629488, 0.3111496039000624, 0.591471968312003, 0.8348016453382072, 1.2672050578915386, 1.361741925655087, 1.2047285191956119, 0.19359506398537546, 0.9835944546008549, 0.4393909201706261, 1.3214609993906186, 0.411440889701403, 0.22565539305301638, 1.0148327239488129, 0.16811121267519605, 0.11714351005483999, 1.4842288238878723, 1.570545094454604, 1.4760082266910446, 1.1011489945155417, 0.3497864107251676, 1.511356794637415, 0.29635252894576514, 0.1294744058500909, 0.09576995734308119, 0.7920545399146842, 0.02014046313223423, 1.7834585618525278, 0.32101432053625883, 0.39171145642900485, 0.014386045094453025, 0.7821898232784879, 1.174312309567337, 0.7377985984155988, 0.7772574649603925, 0.6810764777574643, 0.2379862888482618, 0.6021587446678851, 0.4541879951249261, 0.8791928702011018, 0.11385527117611059, 1.1570490554539905, 0.006987507617308493, 0.45665417428397514, 0.008631627056674552, 0.09494789762340092, 0.7723251066422916, 0.7386206581352818, 0.66710146252285, 0.2881319317489321, 0.18701858622790848, 1.2614506398537464, 0.9868826934795842, 0.6473720292504572, 0.4163732480195012, 0.40157617306520665, 0.4319923826934788, 1.588630408287628, 1.3872257769652634, 0.8282251675807458, 0.3234804996953051, 1.1200563680682487, 0.44103503960999213, 0.5117321755027409, 0.5824293113954897, 0.863573735527116, 2.2084634369287035, 0.12289792809262667, 0.6021587446678851, 0.4229497257769655, 0.2511392443631958, 1.1595152346130397, 1.3666742839731878, 0.4278820840950691, 0.011097806215723642, 0.33498933577087303, 0.3826687995124943, 0.1426273613650221, 0.14755971968312306, 0.16893327239487635, 0.5388601462522836, 0.46898507007921786, 1.0115444850700779, 1.0584018890920162, 0.008631627056674552, 0.5191307129798909, 1.3650301645338219, 0.37198202315661216, 0.3571849482023176, 0.6547705667276073, 0.31690402193784367, 0.8512428397318705, 0.7345103595368694, 0.40239823278488696, 0.0735743449116394, 0.48213802559415453, 0.33170109689214367, 0.20428184034125757, 0.5248851310176721, 0.5816072516758093, 0.8841252285191972, 0.7024500304692258, 1.097860755636807, 0.7098485679463757, 0.7443750761730658, 0.2544274832419279, 0.4443232784887242, 0.25360542352224485, 1.4192861060329072, 1.1323872638634969, 0.17468769043266302, 0.07275228519195637, 0.36869378427787997, 0.34485405240706934, 0.37198202315661216, 0.1878406459475915, 0.3489643510054845, 0.14591560024375153, 1.8081203534430217, 0.7287559414990883, 0.1886627056672718, 0.06699786715417241, 0.11056703229738121, 0.007809567336988785, 1.3896919561243155, 0.11549939061547665, 0.9761959171237049, 0.06124344911639394, 0.8594634369287036, 1.4283287629494235, 1.1184122486288854, 0.7608162705667263, 0.5380380865326005, 0.167289152955513, 1.526153869591712, 0.6457279098110912, 0.9556444241316263, 1.5804098110908005, 0.4467894576477733, 0.4706291895185949, 0.8791928702011018, 0.24702894576477513, 0.3662276051188254, 0.3711599634369291, 0.59064990859232, 0.6194219987812288, 0.2289436319317512, 0.14016118220597304, 1.1891093845216314, 0.634219073735526, 0.9992135892748351, 1.1208784277879345, 0.28073339427178756, 1.638776051188301, 0.20345978062157183, 0.7608162705667263, 0.39335557586836817, 0.5306395490554533, 0.8578193174893349, 0.48378214503351785, 1.2696712370505794, 0.3407437538086515, 1.7127614259597816, 0.5742087141986594, 1.3839375380865315, 0.06864198659354122, 0.25853778184034304, 0.4336365021328476, 0.30703930530164997, 1.0000356489945208, 0.9367370505789139, 0.44021297989030905, 0.30292900670323214, 1.5425950639853756, 0.30950548446069637, 1.2803580134064614, 0.03658165752589757, 0.048090493601462725, 0.17468769043266577, 0.6449058500914081, 0.6465499695307715, 0.28155545399146786, 0.2511392443631958, 0.4747394881170018, 1.3461227909811122, 0.9013884826325409, 0.4319923826934788, 0.8569972577696517, 1.0756651432053623, 0.17879798903108365, 0.7706809872029254, 0.24949512492382694, 0.4180173674588618, 0.15002589884217213, 0.7649265691651416, 1.4973817794028035, 0.3004628275441803, 0.6679235222425358, 0.5544792809262639, 1.7489320536258406, 0.24620688604509758, 1.3913360755636788, 0.4920027422303482, 0.06781992687385545, 1.2408991468616706, 0.35636288848263453, 0.16071267519805152, 0.9638650213284566, 1.8862160268129204, 1.0575798293723329, 0.22976569165143423, 0.3843129189518603, 0.59064990859232, 1.4513464351005536, 1.2376109079829358, 0.6892970749542946, 0.5421483851310157, 0.13851706276660425, 1.1044372333942711, 1.0279856794637412, 0.001233089579524545, 1.015654783668493, 0.0637096282754403, 0.2782672151127385, 1.0362062766605715, 0.0637096282754403, 0.8306913467397921, 1.0970386959171239, 0.7641045094454584, 0.011097806215723642, 0.6597029250457055, 0.4023982327848897, 0.3982879341864718, 0.16153473491773182, 1.5812318708104807, 0.2593598415600233, 0.8643957952468018, 0.8117839731870796, 0.39993205362583784, 0.2289436319317512, 0.4870703839122472, 0.42952620353443244, 0.7616383302864094, 1.5434171237050585, 1.099504875076173, 1.9939058500914135, 2.1673604509445465, 0.29881870810481154, 1.1554049360146246, 0.523241011578306, 0.40239823278488696, 0.7550618525289451, 0.7377985984155988, 1.5894524680073137, 0.24374070688604577, 0.4114408897014003, 2.2651855575868383, 0.47967184643510546, 0.07439640463132242, 1.0156547836684957, 0.026716940889703947, 0.39664381474710575, 1.0370283363802546, 0.18455240706886214, 0.33170109689214367, 0.44596739792809303, 1.0386724558196205, 0.4361026812918966, 0.3703379037172433, 0.8265810481413797, 3.267276355880561, 1.2630947592931123, 0.7657486288848272, 1.0666224862888491, 0.2799113345521018, 0.5865396099939048, 0.10810085313833212, 0.16811121267519605, 0.3012848872638633, 0.7706809872029254, 1.2318564899451574, 0.7484853747714809, 1.3518772090188935, 0.1566023765996391, 0.7361544789762327, 0.25853778184034304, 0.24209658744667695, 0.31361578305910875, 1.123344606946989, 0.05548903107861547, 0.7715030469226084, 0.5059777574649624, 0.18537446678854244, 0.3908893967093218, 1.0937504570383918, 1.4760082266910446, 3.9125932358318107, 1.2088388177940268, 0.06042138939671091, 0.39335557586837366, 0.0530228519195609, 0.1574244363193194, 0.0735743449116394, 1.3181727605118836, 1.0016797684338816, 0.7509515539305355, 0.5594116392443621, 0.9712635588056067, 0.002055149299210313, 1.6034274832419277, 0.3810246800731282, 0.5972263863497842, 0.9729076782449783, 0.3522525898842194, 0.44021297989030633, 0.5470807434491167, 1.685633455210239, 0.4887145033516133, 0.06617580743448939, 0.7460191956124318, 0.9852385740402182, 0.2782672151127385, 1.1989741011578334, 1.062512187690431, 1.0912842778793428, 1.3650301645338219, 1.4053110907982929, 1.5730112736136503, 0.39335557586836817, 0.9901709323583163, 0.4977571602681294, 0.0694640463132215, 0.25360542352224485, 0.2478510054844609, 0.8981002437538059, 0.08754936014625364, 0.8750825716026839, 0.19359506398537546, 1.7851026812918966, 1.9692440585009146, 0.3884232175502727, 0.7756133455210237, 1.4497023156611848, 0.40815265082267366, 0.1903068251066406, 0.8504207800121903, 0.29306429006703305, 0.8923458257160358, 1.8031879951249234, 1.258162400975014, 0.7665706886045075, 0.8027413162705718, 0.04315813528336455, 0.35882906764168093, 0.92605027422304, 0.41390706886045214, 1.4291508226691036, 1.2047285191956119, 0.001233089579524545, 0.4163732480194985, 0.4435012187690412, 0.10481261425959727, 1.3502330895795271, 1.44641407678245, 1.0468930530164537, 0.4262379646557003, 0.9630429616087737, 0.6966956124314445, 0.7139588665447881, 0.17468769043266302, 1.6478187081048141, 1.7785262035344298, 0.6572367458866537, 0.3662276051188254, 0.06453168799512332, 0.44514533820840996, 0.6029808043875737, 2.4920740402193817, 0.11878762949420878, 0.02836106032906727, 0.9096090798293712, 0.8035633759902493, 0.376914381474713, 0.243740706886043, 0.8964561243144428, 1.5606803778184022, 1.5146450335161468, 0.4977571602681294, 0.09248171846434634, 0.8808369896404651, 0.009453686776357582, 0.9597547227300416, 0.11632145033515968, 1.064978366849483, 0.36458348567946486, 0.7591721511273604, 2.187089884216945, 0.5487248628884828, 0.6112014015843984, 0.8348016453382072, 2.1607839731870824, 0.27744515539305276, 0.6720338208409509, 0.07439640463132242, 0.08837141986593668, 0.4007541133455209, 0.2634701401584385, 0.04891255332114576, 0.23140981109080033, 1.6067157221206572, 0.016852224253502114, 0.23552010968921272, 2.497828458257163, 0.27497897623400364, 2.452615173674591, 1.090462218159657, 0.7443750761730739, 0.750129494210847, 0.5520131017672149, 0.07604052407069123, 1.3625639853747726, 2.4920740402193817, 1.219525594149909, 1.3469448507007953, 2.2018869591712393, 1.2499418037781869, 3.920813833028647, 2.6630624619134684, 1.5499936014625284, 0.5890057891529566, 2.258609079829374, 2.3342385740402234, 0.6555926264472876, 0.29306429006703033, 0.048090493601462725, 2.159139853747716, 0.6465499695307715, 0.5528351614869006, 0.10152437538086515, 0.37527026203534425, 0.8833031687995142, 0.4328144424131645, 1.1274549055454015, 0.32512461913467394, 2.083510359536872, 2.7789728823887923, 1.5721892138939728, 0.6038028641072513, 0.682720597196833, 0.14509354052406848, 1.3469448507007924, 0.5536572212065837, 1.2129491163924448, 1.8146968312004883, 0.7032720901889116, 0.15002589884216938, 0.9071429006703249, 0.7616383302864094, 0.22072303473491817, 1.3674963436928709, 1.0731989640463133, 0.8487766605728242, 1.716871724558197, 0.39910999390615487, 0.17797592931139516, 2.0308985374771527, 1.026341560024378, 1.0814195612431436, 0.45254387568555726, 5.402987507617309, 0.4089747105423539, 0.0711081657525903, 0.3275907982937258, 0.8274031078610654, 0.40815265082267094, 0.0637096282754403, 1.0723769043266302, 0.07110816575258756, 0.09248171846434634, 1.1200563680682516, 0.7706809872029254, 0.6005146252285246, 1.2236358927483268, 1.0559357099329696, 2.912146556977454, 0.6177778793418655, 0.047268433881776956, 0.9556444241316291, 0.2346980499695297, 0.46158653260207055, 0.5709204753199273, 1.212949116392442, 0.043980195003047576, 0.9786620962827539, 0.4155511882998127, 0.029183120048753036, 0.9400252894576461, 0.7879442413162691, 0.5265292504570381, 0.6038028641072539, 0.8093177940280305, 1.0879960390006078, 2.3210856185252893, 0.04151401584399575, 1.2721374162096313, 2.9343421694089016, 0.9507120658135336, 0.6621691042047517, 0.6177778793418655, 0.1911288848263209, 0.2610039609993921, 1.3831154783668513, 0.5700984156002442, 0.2618260207190751, 1.0436048141377188, 1.706184948202315, 0.44185709932967515, 0.6325749542961601, 1.092106337599034, 0.6301087751371164, 0.4278820840950636, 1.1849990859232165, 0.10070231566118212, 0.7238235831809873, 0.43692474101157697, 0.08837141986593393, 0.0004110298598415149, 0.20428184034125757, 0.13522882388787485, 0.18619652650822818, 0.08179494210846969, 0.5289954296160928, 1.0945725167580749, 0.1311185252894597, 0.8101398537477137, 1.8648424741011587, 1.2548741620962822, 1.090462218159657, 1.0090783059110287, 0.9219399756246195, 1.3831154783668484, 0.6720338208409509, 0.4558321145642894, 0.7517736136502158, 0.5010453991468643, 0.40979677026203426, 0.21332449725776817, 0.6745, 1.8056541742839725, 0.47556154783668486, 0.6169558196221797, 0.7945207190737333, 0.16893327239488182, 1.6601496039000596, 0.27744515539305276, 0.66710146252285, 0.5470807434491167, 0.06617580743448939, 0.38020262035344515, 1.0362062766605715, 3.5328016453382123, 1.1274549055454015, 0.5766748933577113, 1.4168199268738582, 0.06453168799512332, 0.44843357708714215, 1.1562269957343074, 0.3243025594149909, 0.07932876294942061, 1.7941453382084156, 0.4171953077391815, 0.16975533211456212, 0.7361544789762327, 1.5417730042656896, 0.40568647166362454, 0.11303321145642757, 1.7818144424131617, 0.3843129189518603, 1.5697230347349183, 0.015208104814136054, 0.2881319317489321, 0.5503689823278515, 0.2996407678244973, 0.33416727605118995, 0.25853778184034304, 1.3214609993906186, 0.002877209018890605, 0.4607644728823903, 0.45254387568555726, 0.8874134673979267, 1.1923976234003664, 1.0616901279707482, 1.3346139549055442, 0.8076736745886672, 1.225280012187693, 1.14060786106033, 0.1368729433272409, 1.645352528945768, 0.5511910420475318, 0.001233089579524545, 0.9293385131017666, 0.09248171846434634, 0.21579067641681454, 0.15002589884217213, 0.5742087141986594, 1.0016797684338816, 0.006987507617308493, 0.034115478366851214, 2.0941971358927516, 0.7172471054235203, 0.048912553321148494, 0.025072821450332412, 1.303375685557589, 0.940847349177329, 0.3596511273613666, 0.40733059110298786, 1.09868281535649, 0.9605767824497246, 1.1011489945155417, 0.3728040828762924, 1.0830636806825096, 1.7481099939061548, 0.29470840950639365, 0.5125542352224267, 1.3280374771480856, 0.37609232175502727, 0.5758528336380254, 0.7312221206581372, 0.2684024984765394, 1.2976212675198078, 0.2371642291285788, 0.4911806825106624, 1.8138747714808054, 1.7892129798903116, 3.5180045703839125, 2.692656611822063, 0.7254677026203533, 1.4982038391224917, 1.0197650822669109, 0.6251764168190127, 0.3826687995124943, 1.4176419865935412, 0.8356237050578903, 0.5363939670932373, 2.4517931139549076, 0.08837141986593393, 1.1874652650822655, 1.499025898842172, 0.02425076173065212, 1.7275585009140764, 3.015726081657527, 0.3111496039000597, 1.5853421694088958, 0.7599942108470433, 1.8451130408287633, 1.0682666057282124, 0.2610039609993921, 0.48624832419256425, 0.17879798903108365, 0.51419835466179, 93.12662431444245, 90.09322394881175, 92.27990280316885, 87.03187355271183, 89.0146815965875, 85.176484765387, 81.39994241316275, 72.41318555758684, 0.8939899451553937, 1.7250923217550327, 2.4394622181596626, 1.026341560024378, 0.21579067641681454, 0.6736779402803142, 1.4373714198659338, 0.06864198659354122, 1.5376627056672745, 0.9457797074954299, 0.667923522242533, 0.36129524680073277, 0.713136806825105, 0.6999838513101794, 2.697588970140161, 1.2211697135892752, 0.1434494210847024, 1.4924494210847024, 0.13276264472882576, 1.2367888482632527, 0.8134280926264458, 1.3321477757464952, 0.08508318098720455, 0.7361544789762327, 0.7945207190737333, 0.048090493601462725, 0.2938863497867133, 0.9392032297379658, 0.4558321145642921, 0.7435530164533827, 1.642064290067033, 0.2552495429616137, 0.7920545399146842, 0.4089747105423539, 0.7016279707495482, 0.9457797074954299, 0.24867306520414667, 0.45747623400366094, 0.010275746496040612, 0.9301605728214496, 1.1217004875076175, 0.5774969530773942, 0.8594634369287036, 0.8627516758074357, 0.2675804387568509, 0.370337903717246, 1.220347653869592, 1.3395463132236451, 0.598870505789153, 0.9909929920779994, 0.43692474101157697, 0.48378214503351513, 0.8981002437538059, 1.4949156002437543, 0.4911806825106624, 0.5865396099939075, 0.6383293723339439, 0.2560716026812939, 1.686455514929922, 1.4866950030469213, 0.9540003046922629, 0.19441712370505848, 0.6679235222425358, 0.19441712370505576, 1.249119744058501, 0.16235679463741756, 0.6350411334552091, 1.7135834856794732, 0.18126416819013275, 1.0378503960999375, 0.2141465569774512, 0.7542397928092621, 0.6818985374771472, 0.02507282145033515, 0.47967184643510546, 0.6917632541133437, 1.21705941499086, 0.30950548446069365, 0.3440319926873809, 0.5462586837294336, 0.43445856185252785, 2.287381170018285, 1.3518772090188906, 0.8454884216940893, 0.6391514320536242, 0.6358631931748921, 0.2667583790371706, 0.7936986593540613, 0.5010453991468643, 0.048090493601462725, 1.0115444850700779, 0.9079649603900078, 1.3839375380865315, 0.3152599024984776, 1.2236358927483244, 0.09823613650213303, 0.7410868372943337, 0.9268723339427175, 0.2905981109079812, 0.13358470444850878, 0.9687973796465658, 1.095394576477758, 1.3115962827544168, 1.5573921389396699, 1.1414299207800211, 0.9745517976843415, 0.4607644728823903, 0.6333970140158458, 0.3415658135283318, 1.2351447288238893, 0.4673409506398518, 0.3292349177330891, 1.3954463741620968, 1.501492078001221, 0.2848436928702, 0.9663312004875166, 0.21168037781840485, 0.3982879341864718, 0.5544792809262639, 0.32841285801340603, 1.090462218159657, 0.41390706886045214, 0.5150204143814731, 0.44267915904935545, 0.3160819622181579, 0.6818985374771472, 1.7234482023156639, 0.6654573430834867, 0.048912553321148494, 0.9096090798293739, 0.4361026812918966, 0.9942812309567342, 0.3892452772699557, 0.39664381474710575, 0.23469804996953242, 0.4262379646557003, 1.72509232175503, 0.8274031078610654, 0.9030326020719096, 0.16235679463741756, 0.14591560024375425, 1.5130009140767808, 0.79287659963437, 1.6585054844606937, 1.6601496039000596, 0.5602336989640451, 0.8405560633759912, 0.8068516148689816, 0.0374037172455806, 0.01685222425350485, 1.0016797684338816, 1.4423037781840349, 0.9852385740402182, 0.16564503351614696, 0.30375106642291244, 0.7032720901889088, 1.5376627056672774, 1.1923976234003664, 0.59804844606947, 0.7813677635588049, 0.6309308348567939, 1.2589844606946972, 0.019318403412551203, 0.6999838513101794, 0.21496861669713424, 0.07275228519195637, 0.75095155393053, 1.4299728823887894, 0.8972781840341257, 0.6120234613040815, 1.2408991468616706, 0.7772574649603896, 0.4994012797074955, 0.3662276051188254, 0.2831995734308367, 1.8418248019500312, 1.4357273004265678, 0.7016279707495482, 1.5006700182815382, 0.011919865935403933, 1.7209820231566122, 1.5779436319317484, 0.8865914076782436, 0.0374037172455806, 1.026341560024378, 0.8759046313223642, 0.26018190127970636, 0.4829600853138321, 1.4176419865935412, 0.15002589884216938, 0.5709204753199273, 0.5372160268129202, 0.30868342474101057, 0.03247135892748516, 0.5577675198049961, 1.0584018890920162, 1.5582141986593556, 0.9145414381474721, 1.5425950639853756, 0.11714351005483999, 1.3444786715417434, 1.1874652650822655, 0.35800700792199786, 0.4336365021328476, 0.8109619134673967, 0.48378214503351785, 0.013563985374769993, 0.51419835466179, 0.9441355880560639, 0.7756133455210237, 0.7271118220597194, 0.5881837294332709, 0.360473187081047, 1.2737815356489945, 1.3239271785496647, 0.75835009140768, 0.46240859232175363, 0.25771572212066, 1.1710240706886048, 0.7336882998171836, 1.4447699573430839, 0.6112014015844013, 0.30703930530164725, 0.5832513711151727, 0.31443784277878906, 0.06617580743448939, 0.17797592931139516, 0.8890575868372926, 0.5594116392443649, 1.0271636197440637, 0.5396822059719694, 1.8204512492382723, 0.5257071907373552, 0.10316849482023394, 0.5207748324192569, 0.5553013406459469, 0.058777269957344856, 0.2338759902498494, 0.59064990859232, 1.7431776355880566, 1.4332611212675188, 0.13851706276660425, 0.940847349177329, 0.16235679463741484, 1.13320932358318, 1.4069552102376592, 0.4903586227909794, 1.1710240706886048, 0.9400252894576461, 0.599692565508836, 1.0797754418037775, 0.8907017062766588, 0.08590524070688758, 0.5848954905545415, 0.5742087141986594, 0.34156581352833726, 0.9679753199268746, 0.6227102376599637, 0.7698589274832397, 0.86192961608775, 0.9096090798293712, 0.3201922608165785, 0.861107556368067, 0.5174865935405248, 0.8200045703839126, 1.5277979890310809, 0.6177778793418627, 0.0546669713589297, 0.03904783668494666, 1.5023141377209013, 0.24867306520414667, 0.22072303473491817, 0.667923522242533, 0.16646709323582998, 1.3987346130408316, 0.2905981109079812, 1.5458833028641075, 0.3900673369896388, 0.9301605728214525, 0.9334488117001818, 1.4299728823887865, 0.9194737964655704, 0.02589488117001818, 0.5479028031687997, 0.4887145033516133, 1.092928397318706, 2.2380575868372983, 3.1924689213894, 0.12536410725167849, 0.5322836684948221, 1.296799207800122, 0.16235679463741756, 0.9013884826325409, 0.4541879951249233, 0.2059259597806236, 0.05384491163924667, 0.007809567336991522, 1.4447699573430839, 0.7271118220597221, 0.16400091407677816, 0.522418951858623, 0.44185709932967515, 0.14180530164533361, 0.24456276660572607, 1.674946678854357, 1.0773092626447285, 0.8084957343083475, 0.13194058500914546, 0.7460191956124318, 1.172668190127971, 0.18208622790981305, 0.4928248019500285, 0.2758010359536894, 0.29306429006703305, 0.6095572821450325, 0.6745, 0.9926371115173682, 0.592294028031686, 1.0929283973187087, 0.05220079219987788, 1.0855298598415588, 0.4829600853138321, 0.33334521633150427, 0.05220079219987788, 0.2716907373552688, 0.13029646556977667, 0.19934948202315664, 0.2955304692260849, 0.318548141377207, 0.23880834856794755, 1.30090950639854, 1.6519290067032293, 0.527351310176724, 0.5363939670932373, 0.9416694088970149, 1.1965079219987789, 1.832782145033515, 1.2836462522851908, 0.7665706886045075, 0.3440319926873864, 1.7809923826934786, 1.838536563071299, 0.8931678854357106, 0.16646709323582726, 0.33416727605118723, 0.44103503960999213, 0.4936468616697115, 0.24620688604509758, 1.3609198659354067, 0.22318921389396726, 0.6169558196221797, 0.8076736745886646, 1.8969028031687996, 0.682720597196833, 0.8537090188909224, 0.17879798903107819, 2.5718138330286413, 0.6481940889701403, 1.36256398537477, 0.5700984156002442, 0.009453686776357582, 0.5100880560633748, 0.44103503960999213, 0.471451249238267, 0.9523561852528942, 0.9293385131017694, 1.0616901279707482, 0.056311090798295764, 0.8997443631931749, 0.16564503351614696, 1.2351447288238893, 1.1480063985374773, 0.24045246800730816, 0.5684542961608782, 0.9893488726386334, 1.0370283363802546, 0.44596739792810125, 0.5947602071907351, 0.6366852528945751, 0.32512461913467394, 1.436549360146251, 1.2548741620962847, 0.8249369287020109, 0.7419088970140139, 0.2067480195003067, 0.36869378427787997, 0.8175383912248637, 1.4497023156611821, 1.4151758074344922, 0.02836106032906727, 1.1595152346130397, 1.762907068860452, 2.1328339427178595, 0.40733059110298514, 0.26593631931748757, 0.1903068251066406, 1.2655609384521642, 0.2289436319317512, 0.57831901279708, 0.33170109689214367, 0.6966956124314445, 0.4287041438147494, 0.5914719683120058, 0.39253351614868787, 1.0436048141377188, 0.29881870810481154, 0.012741925655086965, 1.3839375380865315, 0.8939899451553937, 0.04069195612431272, 1.0896401584399766, 0.801919256550886, 3.170273308957953, 0.7682148080438763, 2.1237912858013406, 1.5146450335161468, 1.3115962827544168, 1.0337400975015225, 0.20017154174283971, 0.19359506398536996, 0.7049162096282747, 0.3900673369896388, 0.19606124314442455, 0.2790892748324215, 1.361741925655087, 0.25442748324192516, 0.15167001828153545, 1.1290990249847648, 1.7686614868982333, 0.11960968921388906, 0.30703930530164725, 0.09165965874466606, 0.25031718464351, 1.0699107251675812, 0.28402163315051693, 1.0107224253503948, 0.6966956124314445, 0.8767266910420473, 0.4311703229737985, 0.08508318098720728, 0.5684542961608755, 0.3736261425959782, 1.4020228519195634, 1.0485371724558223, 0.08590524070688758, 0.7073823887873238, 0.28073339427178756, 0.4936468616697115, 0.29635252894576514, 0.5577675198049961, 0.49611304082876334, 1.0542915904936063, 1.0460709932967707, 0.5437925045703845, 0.20428184034125757, 0.8923458257160275, 1.8072982937233384, 1.3559875076173058, 0.5544792809262666, 0.8282251675807429, 0.2067480195003067, 0.7377985984155988, 1.0403165752589867, 1.1586931748933593, 1.9347175502742244, 1.5697230347349238, 0.22812157221206544, 1.1849990859232165, 0.16400091407677816, 1.1923976234003664, 0.9523561852528942, 1.324749238269348, 0.9087870201096909, 0.04644637416209941, 0.4171953077391815, 0.5331057282145024, 0.5635219378427773, 0.3358113954905533, 1.2376109079829358, 0.7780795246800755, 0.22318921389396726, 0.19441712370505848, 0.7172471054235203, 0.0004110298598415149, 1.3526992687385793, 1.0436048141377214, 0.4492556368068224, 0.8882355271176097, 0.9153634978671524, 0.2363421694088985, 0.5388601462522836, 1.1759564290067057, 0.7887663010359549, 0.1598906154783685, 0.9729076782449728, 0.6539485070079214, 1.3189948202315667, 0.17222151127361668, 1.3140624619134658, 0.012741925655086965, 0.2708686776355885, 1.4316170018281527, 0.8249369287020163, 0.019318403412551203, 0.7616383302864121, 0.13440676416819183, 0.4180173674588618, 0.7049162096282747, 0.1607126751980488, 0.12783028641072758, 0.4706291895185867, 0.5503689823278515, 0.23880834856794755, 0.52899542961609, 0.8274031078610627, 1.228568251066425, 0.29306429006703033, 0.8232928092626449, 0.5331057282145051, 0.8068516148689816, 0.014386045094453025, 0.8775487507617303, 0.21579067641681726, 0.713136806825105, 2.4583695917123722, 0.9359149908592309, 0.0637096282754403, 0.34238787324802034, 0.6416176112126734, 0.4887145033516133, 0.07850670322974031, 1.1702020109689217, 1.1685578915295558, 0.05713315051797879, 1.2713153564899453, 0.6736779402803142, 0.9548223644119461, 0.8117839731870796, 0.6440837903717251, 0.6646352833638037, 0.7156029859841542, 0.3728040828762924, 1.2672050578915386, 0.4196614868982306, 1.3691404631322368, 1.3107742230347335, 0.4147291285801324, 0.02014046313223423, 86.01580773918347, 84.18836898232789, 67.78005697745282, 57.80765051797687, 55.96788086532606, 49.13574253503963, 42.88315630712982, 1.8771733698964068, 2.64990950639854, 3.591989945155396, 0.5799631322364406, 2.3087547227300442, 1.271315356489951, 0.5470807434491167, 0.7797236441194416, 0.19441712370505848, 0.7830118829981709, 0.6934073735527096, 0.51419835466179, 0.946601767215113, 0.30950548446069637, 1.1381416819012782, 1.630555453991468, 0.15824649603900243, 0.9951032906764172, 0.04562431444241364, 1.1956858622790985, 0.5043336380255964, 1.6100039609993977, 1.8845719073735516, 0.2626480804387582, 0.1237199878123097, 0.710670627666056, 0.983594454600852, 0.742730956733697, 0.6259984765386984, 0.9186517367458872, 1.6379539914686179, 0.9350929311395478, 0.8882355271176097, 1.5417730042656896, 1.3510551492992102, 0.4262379646557003, 0.2289436319317512, 1.0246974405850144, 1.9503366849482022, 0.3226584399756249, 0.7978089579524682, 0.7361544789762327, 0.44596739792809303, 0.7665706886045075, 1.5910965874466771, 0.32348049969530784, 0.20921419865935575, 0.5002233394271784, 1.2565182815356482, 2.0909088970140193, 1.0419606946983555, 0.9441355880560639, 1.143074040219379, 0.011919865935403933, 0.33005697745277485, 0.4336365021328476, 0.14591560024375153, 0.634219073735526, 0.8981002437538088, 0.9671532602071887, 0.20263772090189153, 0.376914381474713, 1.7390673369896388, 0.8224707495429617, 0.7361544789762327, 1.1841770262035334, 0.7230015234613014, 0.6161337599024993, 0.6802544180377839, 0.20017154174283971, 0.029183120048753036, 1.7415335161486878, 2.907214198659356, 0.4870703839122472, 0.6350411334552091, 0.2692245581962197, 0.3169040219378381, 0.20839213893967548, 0.5569454600853158, 0.708204448507007, 0.21496861669713424, 0.21414655697745394, 0.5774969530773942, 0.24949512492382422, 1.0082562461913458, 1.1471843388177942, 0.3382775746496024, 0.8504207800121903, 0.5363939670932345, 1.0419606946983555, 0.14016118220597304, 0.870150213284583, 0.7353324192565497, 0.6909411943936605, 1.6100039609993892, 1.1225225472273033, 1.519577391834248, 0.9260502742230345, 0.6038028641072539, 0.026716940889703947, 0.17550975015234332, 1.1471843388177942, 0.8454884216940893, 1.1981520414381477, 1.4784744058500938, 0.038225776965263636, 0.6095572821450325, 2.389316575258992, 0.9285164533820863, 0.2823775137111564, 0.04562431444240816, 0.2774451553930582, 1.457100853138332, 0.8545310786106054, 1.1340313833028657, 0.16317885435709786, 1.18335496648385, 0.5092659963436917, 0.86192961608775, 0.31279372333942573, 0.18126416819013, 0.15249207800122122, 0.30210694698354634, 0.2675804387568509, 0.14591560024375153, 0.6259984765386958, 0.21907891529555212, 0.9893488726386334, 0.6991617915904936, 0.33416727605118723, 1.1652696526508235, 0.7525956733698987, 1.3387242535039623, 1.7431776355880566, 1.793323278488727, 1.4875170627666041, 0.23634216940889577, 1.023875380865326, 1.2746035953686776, 1.089640158439974, 0.9983915295551521, 1.2672050578915386, 0.20839213893967273, 0.49200274223034546, 0.12125380865325787, 0.49693510054844636, 0.7098485679463757, 0.43281444241316724, 0.38266879951249155, 1.6231569165143205, 0.5322836684948221, 0.4640527117611197, 1.3403683729433282, 1.3855816575259003, 0.6588808653260224, 0.47967184643510546, 1.3732507617306549, 1.4340831809872019, 0.25360542352224485, 0.04480225472272786, 1.1882873248019483, 0.05220079219987788, 0.33005697745277485, 0.5733866544789763, 0.23880834856794483, 0.09494789762340092, 0.8915237659963445, 0.7953427787934191, 0.41226294942108327, 0.6720338208409509, 0.009453686776357582, 1.481762644728823, 0.4599424131627045, 0.09905819622181332, 0.2034597806215773, 0.565988117001829, 1.6757687385740425, 0.7517736136502158, 0.1598906154783685, 0.4780277269957367, 0.49446892138939724, 1.3600978062157207, 0.15167001828153545, 0.44678945764777606, 0.37444820231566395, 1.8081203534430217, 0.86192961608775, 0.728755941499091, 0.15578031687995333, 1.4053110907982929, 0.3325231566118239, 1.3272154174283997, 0.44185709932967515, 2.610450639853749, 1.2047285191956119, 0.8109619134673967, 0.35636288848263453, 1.5056023765996365, 0.940847349177329, 0.8438443022547233, 1.2639168190127983, 0.47967184643510274, 1.6963202315661212, 0.3053951858622812, 1.790857099329678, 0.8898796465569784, 0.011919865935403933, 1.1233446069469837, 0.6892970749542946, 0.23963040828762786, 0.3506084704448506, 0.4435012187690412, 1.0066121267519796, 0.4171953077391815, 0.24867306520414392, 0.2799113345521018, 0.3407437538086515, 0.10727879341865183, 0.12043174893357758, 0.31525990249847485, 0.0390478366849494, 1.2351447288238868, 0.007809567336988785, 0.11878762949420878, 0.4476115173674591, 0.6629911639244376, 0.7377985984155988, 1.0501812918951858, 0.16975533211456212, 0.370337903717246, 0.02589488117001818, 0.5865396099939048, 1.7168717245581941, 1.137319622181595, 0.6851867763558821, 0.37527026203534425, 0.6769661791590491, 0.43445856185253057, 0.0036992687385736345, 0.47309536867763574, 0.7320441803778204, 0.7649265691651416, 0.3818467397928112, 0.9737297379646558, 0.6597029250457055, 1.1891093845216314, 0.10892291285801517, 1.804832114564292, 0.03493753808653151, 1.1989741011578305, 0.6975176721511276, 0.9679753199268746, 0.5092659963436945, 0.5306395490554561, 0.5388601462522836, 1.6848113954905533, 1.2630947592931123, 0.9646870810481396, 1.0542915904936063, 0.8101398537477137, 1.3148845216331515, 0.10727879341865183, 0.7147809262644712, 1.3674963436928709, 0.5503689823278515, 0.3275907982937258, 2.510159354052408, 2.173114868982328, 0.07357434491164212, 0.5199527726995822, 0.7550618525289451, 0.6120234613040815, 1.7037187690432658, 1.1496505179768461, 0.09988025594149909, 2.298890006093845, 0.9301605728214496, 0.9712635588056067, 0.9959253503961003, 1.212949116392442, 0.15002589884216938, 1.4497023156611821, 0.23469804996953242, 1.1274549055453988, 1.4644993906154877, 1.3683184034125537, 1.2770697745277266, 1.1660917123705068, 0.3900673369896388, 0.17962004875076393, 1.258162400975014, 0.4393909201706261, 0.3941776355880539, 0.5133762949421069, 0.4254159049360145, 0.17304357099329423, 0.17386563071297997, 1.635487812309566, 0.9293385131017666, 0.13605088360755788, 0.7468412553321149, 1.6930319926873862, 0.9918150517976851, 0.1130332114564303, 1.2836462522851908, 0.5544792809262639, 0.4887145033516133, 0.4435012187690439, 0.4673409506398518, 1.4505243753808679, 0.8430222425350484, 1.1208784277879345, 1.0477151127361366, 0.5437925045703845, 0.2610039609993894, 0.27004661791589996, 0.6276425959780673, 0.13687294332723818, 1.4587449725776955, 0.45089975624619116, 0.7665706886045075, 0.5561234003656328, 1.2754256550883634, 0.3876011578305897, 0.15084795856184968, 0.7649265691651416, 0.5725645947592933, 0.41226294942108327, 1.1817108470444841, 0.3876011578305897, 1.1027931139548997, 0.24291864716636274, 1.0411386349786724, 1.424218464351008, 0.07521846435100545, 1.1586931748933593, 0.3497864107251676, 0.09905819622181607, 0.7016279707495426, 0.5051556977452767, 1.2935109689213902, 1.2318564899451574, 0.16811121267519605, 1.3946243144424135, 0.36869378427787997, 1.371606642291286, 0.36376142595977906, 0.438568860450943, 0.3382775746496024, 0.6185999390615567, 0.16564503351614696, 1.5064244363193167, 0.08672730042656786, 0.8224707495429617, 0.5577675198049988, 0.7361544789762327, 0.4171953077391815, 1.6034274832419277, 1.0164768433881761, 0.20099360146252274, 0.2873098720292518, 0.9572885435709951, 0.09248171846434909, 0.6235322973796467, 0.6564146861669705, 1.9388278488726396, 0.03493753808653151, 1.8960807434491194, 1.0731989640463133, 0.9013884826325463, 0.22154509445460122, 1.9207425350396103, 1.2326785496648403, 0.6728558805606338, 0.38595703839122636, 1.4727199878123125, 0.9638650213284594, 1.0501812918951885, 1.436549360146251, 1.1784226081657523, 0.4163732480194985, 0.4171953077391815, 2.1394104204753237, 0.7797236441194416, 0.7427309567336997, 0.3711599634369291, 0.29553046922608217, 0.717247105423523, 0.14591560024375153, 1.5623244972577681, 0.1483817794028033, 0.37527026203534425, 0.6021587446678851, 1.5976730652041466, 1.0131886045094438, 1.2680271176112106, 1.1069034125533204, 2.709097806215724, 0.9696194393662378, 0.24045246800730816, 0.5388601462522836, 0.9326267519804987, 0.7673927483241934, 0.794520719073736, 1.8993689823278517, 0.666279402803167, 1.3115962827544168, 0.1130332114564303, 0.5396822059719667, 0.7673927483241906, 82.18172120658139, 80.52280469226085, 80.03203503961004, 76.24151767215118, 56.72253168799516, 26.91546831200489, 25.94790402193786, 2.0448735527117643, 0.2831995734308367, 1.0394945155393063, 0.03493753808653425, 0.8487766605728215, 0.8241148689823306, 0.23305393053016638, 0.360473187081047, 0.24867306520414667, 0.5339277879341882, 1.0781313223644142, 0.6925853138330267, 1.0033238878732502, 3.3568808653260227, 1.3535213284582595, 0.4278820840950636, 0.40733059110298786, 0.014386045094455763, 0.19441712370505848, 0.6284646556977476, 0.6210661182205975, 1.026341560024375, 0.1072787934186491, 0.07521846435100545, 0.6999838513101794, 0.9079649603900078, 0.2881319317489321, 0.9268723339427175, 0.22154509445460394, 2.196132541133458, 0.9696194393662378, 0.48953656307129634, 0.6531264472882384, 0.1261861669713588, 0.7287559414990883, 0.8726163924436321, 0.7632824497257754, 1.586164229128579, 0.17962004875076393, 0.4813159658744688, 0.49611304082876057, 0.3234804996953051, 0.17386563071297997, 0.7953427787934191, 2.345747410115786, 0.8134280926264484, 0.1237199878123097, 0.2864878123095688, 1.062512187690434, 0.24949512492382422, 0.19606124314442455, 1.2219917733089636, 0.3522525898842194, 0.45665417428397514, 0.5676322364411924, 0.9038546617915928, 1.3584536867763548, 1.023053321145643, 1.0616901279707482, 0.09576995734308119, 0.13933912248628452, 1.1159460694698362, 0.7435530164533827, 0.725467702620356, 0.7591721511273604, 0.5750307739183425, 1.327215417428397, 0.15578031687995333, 0.5495469226081657, 0.2782672151127385, 1.0107224253503975, 0.6539485070079243, 0.5183086532602051, 0.1607126751980488, 0.12454204753199273, 0.13605088360755513, 2.3597224253503977, 1.0773092626447311, 0.04480225472272786, 0.062065508836074236, 1.713583485679465, 0.9589326630103584, 0.9400252894576461, 0.8438443022547233, 0.667923522242533, 1.0337400975015225, 1.137319622181595, 0.6383293723339413, 0.8158942717854976, 1.032095978062159, 1.2787138939670926, 0.6843647166361991, 0.3012848872638606, 1.6280892748324214, 0.5331057282145024, 1.859088056063375, 0.6268205362583814, 0.8652178549664848, 0.13933912248628727, 1.0419606946983555, 0.16811121267519605, 1.1817108470444841, 0.5248851310176721, 1.4225743449116421, 1.493271480804388, 0.43856886045094573, 1.6034274832419277, 1.6001392443631959, 1.090462218159657, 0.29306429006703305, 0.2281215722120709, 0.5676322364411924, 0.7410868372943337, 2.0580265082266926, 0.7747912858013434, 0.6292867154174305, 0.5084439366240088, 0.4665188909201688, 0.3358113954905533, 0.07439640463131968, 1.6552172455819614, 1.8607321755027437, 1.8516895185862274, 0.20428184034125757, 1.1562269957343103, 0.9202958561852533, 1.5738333333333359, 1.6552172455819614, 0.7969868982327851, 0.9079649603900078, 0.8117839731870796, 0.8257589884216967, 1.3814713589274825, 1.0937504570383918, 0.13276264472882576, 1.0197650822669109, 0.5470807434491167, 0.2248333333333333, 0.7608162705667263, 0.8964561243144428, 1.012366544789761, 0.5692763558805611, 1.0345621572212054, 0.034115478366851214, 0.29224223034735, 0.9983915295551494, 0.4599424131627045, 0.11878762949420878, 0.015208104814136054, 0.14920383912248636, 0.9424914686166979, 1.280358013406459, 0.6794323583181009, 1.2672050578915386, 1.3370801340645935, 0.6292867154174305, 0.001233089579524545, 0.7534177330895846, 0.7123147471054249, 0.3399216940889685, 0.3900673369896388, 0.7040941499085972, 0.9712635588056067, 0.5174865935405248, 0.23634216940889577, 0.6013366849482021, 1.2145932358318081, 1.0312739183424762, 0.52159689213894, 0.6259984765386984, 2.732115478366854, 1.0756651432053623, 1.0682666057282124, 0.015208104814136054, 0.7525956733698987, 1.1463622790981114, 0.18373034734918184, 0.9211179159049363, 0.7065603290676437, 1.6486407678244999, 0.03493753808653425, 1.7423555758683735, 0.6366852528945751, 1.134853443022546, 1.20966087751371, 0.0045213284582594025, 0.9720856185252896, 2.299712065813531, 1.9314293113954897, 0.8126060329067627, 0.9761959171237076, 0.3489643510054845, 0.23552010968921547, 0.016030164533816345, 1.1841770262035334, 0.41883942717854755, 0.20263772090189153, 1.8566218769043341, 0.22072303473491817, 0.78547806215722, 1.5557480195003068, 0.9827723948811717, 0.2634701401584385, 0.09823613650213303, 0.18208622790981305, 0.2905981109079812, 1.497381779402806, 0.1409832419256533, 1.8377145033516133, 1.2318564899451545, 1.1866432053625824, 0.37527026203534425, 0.5964043266301039, 0.23798628884826453, 0.20345978062157183, 0.3440319926873809, 0.3086834247410133, 0.041514015843998484, 0.020962522851920004, 0.46898507007921786, 0.2051039000609406, 1.4291508226691036, 0.7287559414990883, 1.1027931139548997, 0.0809728823887894, 2.1155706886045103, 0.7016279707495426, 0.44021297989030905, 0.8413781230956715, 1.0131886045094467, 0.28073339427178756, 0.2626480804387582, 0.1640009140767809, 0.8274031078610627, 1.1027931139549079, 1.335436014625227, 0.9342708714198675, 1.693854052407072, 0.7279338817794051, 2.1287236441194386, 0.724645642900673, 0.8775487507617303, 1.3732507617306549, 0.2799113345521018, 0.7419088970140166, 1.0271636197440637, 0.3670496648385139, 0.8874134673979295, 0.1434494210847024, 0.6876529555149284, 0.318548141377207, 0.8167163315051779, 1.566434795856186, 0.6449058500914081, 1.1200563680682516, 0.8364457647775734, 0.12454204753199273, 1.2121270566727618, 0.1475597196831203, 0.285665752589883, 0.44185709932967515, 0.22647745277270212, 0.36129524680072994, 0.7534177330895818, 2.26847379646557, 0.12536410725167577, 0.8734384521633178, 0.03658165752589757, 0.801097196831203, 0.12371998781230696, 0.26018190127970636, 0.48460420475320093, 0.30457312614260096, 1.1619814137720887, 0.7369765386959184, 0.15002589884217213, 0.17057739183424514, 0.04562431444240816, 0.2799113345521073, 0.9326267519804987, 3.053540828762951, 0.3012848872638633, 0.09905819622181332, 0.5413263254113327, 0.9457797074954299, 0.6259984765386958, 0.9761959171237049, 0.31443784277878906, 1.032095978062159, 0.0801508226691091, 0.5355719073735515, 0.41061882998171995, 1.2959771480804392, 0.5314616087751418, 3.244258683729436, 0.06781992687385545, 0.23469804996953242, 0.04644637416209941, 0.048090493601462725, 0.35882906764168093, 0.1886627056672718, 0.44678945764777606, 0.18619652650822818, 1.2630947592931123, 1.332969835466178, 0.10892291285801517, 0.24702894576477788, 1.3239271785496647, 0.8520648994515563, 0.9696194393662405, 0.5010453991468643, 0.0694640463132215, 0.49446892138939724, 1.1471843388177942, 1.0016797684338816, 0.10399055453991424, 1.6001392443631959, 0.2725127970749545, 0.24209658744667695, 1.1480063985374827, 1.250763863497867, 1.258162400975014, 0.011919865935403933, 0.5495469226081657, 0.44021297989030633, 1.1685578915295558, 1.3748948811700237, 0.9597547227300416, 0.7082044485070097, 0.5010453991468615, 1.41270962827544, 0.6572367458866564, 0.8668619744058509, 1.0066121267519796, 1.21705941499086, 1.7407114564290076, 1.134853443022546, 0.5002233394271784, 0.6942294332723955, 0.6786102985984179, 0.9046767215112758, 0.5331057282145051, 0.029183120048753036, 0.6301087751371164, 2.137766301035955, 0.21085831809872183, 0.3580070079220006, 1.9519808043875682, 0.4763836075563678, 0.13194058500914546, 0.1442714808043827, 1.3017315661182203, 2.778150822669109, 0.3695158439975603, 0.7082044485070097, 1.0115444850700779, 0.5109101157830579, 0.33663345521023635, 0.830691346739795, 1.4324390615478384, 0.43445856185253057, 0.13933912248628452, 1.3346139549055442, 1.0115444850700779, 0.07686258379036878, 0.10316849482023394, 1.0847078001218784, 0.2684024984765394, 1.5475274223034738, 0.4599424131627045, 0.7649265691651416, 0.861107556368067, 0.7016279707495482, 1.913343997562463, 0.17797592931139516, 0.4928248019500285, 0.4780277269957367, 0.759172151127363, 0.17386563071297997, 0.011919865935406672, 0.6983397318708106, 0.6473720292504572, 0.607091102985986, 1.21705941499086, 1.6996084704448504, 1.1595152346130397, 0.4303482632541182, 0.2831995734308367, 0.9096090798293712, 1.406133150517976, 0.9326267519804987, 0.504333638025599, 0.7624603900060924, 0.18701858622790848, 0.7649265691651416, 0.5626998781230942, 0.06535374771480636, 0.7797236441194387, 1.1702020109689217, 0.5676322364411924, 0.8208266301035958, 0.7879442413162691, 0.6876529555149312, 1.1496505179768461, 0.42459384521633153, 1.4858729433272408, 1.074021023766002, 0.21332449725776545, 0.9761959171237076, 0.16646709323582998, 1.5738333333333359, 1.4423037781840349, 1.295155088360756, 0.3053951858622812, 0.4254159049360145, 0.6350411334552117, 1.1586931748933567, 0.10234643510054817, 0.42459384521633153, 0.30703930530164997, 0.18537446678854516, 0.9540003046922629, 0.9992135892748324, 1.4151758074345002, 1.586164229128579, 0.5626998781230942, 0.12454204753199273, 0.011097806215720905, 1.440659658744666, 0.45089975624619394, 0.819182510664227, 0.20181566118220576, 0.41390706886045214, 0.7904104204753208, 0.04069195612430998, 0.8520648994515592, 0.8857693479585605, 0.6958735527117588, 1.8771733698964042, 0.15824649603900243, 0.9983915295551494, 0.3810246800731282, 0.6399734917733072, 1.5672568555758692, 0.6153117001828163, 0.42048354661791637, 81.73780895795251, 75.98256886045098, 75.92009232175504, 74.96979128580136, 71.07816057282147, 62.052766910420516, 41.73802711761124, 0.8397340036563082, 0.7123147471054249, 0.8076736745886672, 0.32676873857404, 1.1997961608775136, 0.5840734308348584, 1.2976212675198078, 1.8040100548446092, 0.11714351005484272, 0.9737297379646558, 0.8463104814137724, 0.02836106032906727, 0.913719378427789, 0.6481940889701403, 0.02260664229128606, 2.3958930530164566, 1.0164768433881761, 2.5898991468616734, 0.666279402803167, 0.22976569165143151, 2.2717620353443024, 0.06288756855576001, 0.9770179768433906, 0.3686937842778745, 0.9071429006703221, 0.13851706276660425, 1.1685578915295558, 1.8171630103595375, 1.1299210847044507, 0.7476633150517978, 1.0222312614259599, 1.1907535039610002, 0.7443750761730658, 0.7542397928092649, 0.08919347958561696, 1.4020228519195663, 2.1550295551492984, 0.6251764168190183, 0.14920383912248636, 0.3366334552102391, 0.3695158439975603, 0.51419835466179, 1.9075895795246791, 1.3674963436928709, 0.5429704448506988, 0.4130850091407636, 1.2852903717245567, 1.2770697745277266, 0.5528351614869006, 0.5553013406459497, 0.1911288848263209, 1.7070070079219979, 0.9235840950639909, 0.019318403412551203, 0.020962522851914526, 1.2145932358318108, 0.3382775746496024, 0.3440319926873809, 1.099504875076173, 0.8676840341255421, 0.7723251066422916, 0.8882355271176097, 1.8788174893357703, 0.376914381474713, 0.5824293113954897, 0.79287659963437, 0.0694640463132215, 0.9975694698354663, 0.22236715417428152, 0.3538967093235827, 1.0025018281535674, 1.6922099329677032, 0.06042138939670817, 0.6432617306520422, 1.3905140158440066, 0.2100362583790388, 0.8339795856185243, 0.6366852528945751, 1.3872257769652634, 0.9704414990859237, 1.558214198659353, 0.3325231566118239, 1.2729594759293141, 0.009453686776357582, 0.8298692870201118, 1.226102071907376, 1.9429381474710574, 0.5396822059719667, 0.2404524680073109, 0.6498382084095063, 1.4644993906154877, 0.2897760511882954, 0.02425076173065212, 0.4278820840950691, 0.6490161486898234, 1.9947279098110913, 1.6108260207190725, 0.05548903107861547, 0.4582982937233412, 0.20839213893967273, 0.010275746496037875, 1.3395463132236425, 0.007809567336991522, 0.029183120048753036, 0.41555118829981547, 0.318548141377207, 0.02260664229128606, 0.0801508226691091, 0.5372160268129202, 0.5076218769043285, 0.1911288848263209, 0.7698589274832397, 0.8972781840341257, 0.3547187690432685, 0.8084957343083503, 1.0000356489945208, 0.5569454600853158, 1.0312739183424733, 1.8895042656916496, 0.556945460085313, 1.2129491163924448, 0.5092659963436917, 1.4414817184643518, 1.4168199268738582, 0.9687973796465575, 1.365852224253513, 0.39582175502742273, 0.504333638025599, 0.46980712979890366, 0.607091102985986, 0.8076736745886672, 0.27333485679463754, 0.2067480195003067, 1.6042495429616108, 0.3119716636197455, 1.1480063985374827, 1.1554049360146272, 0.15495825716027029, 1.5056023765996365, 1.2145932358318108, 1.0164768433881761, 0.6942294332723955, 0.8380898842169393, 1.4110655088360742, 1.3140624619134658, 1.2047285191956147, 1.426684643510057, 0.2626480804387582, 0.9877047531992672, 0.30375106642291244, 0.4254159049360145, 0.38020262035344515, 1.0797754418037775, 0.3522525898842194, 0.6942294332723955, 0.16646709323582998, 0.0045213284582594025, 1.4135316879951234, 1.4990258988421694, 0.5372160268129202, 0.48953656307129634, 0.78547806215722, 0.35882906764168093, 0.9729076782449783, 0.25771572212066, 0.37198202315661216, 0.2067480195003067, 0.31361578305910875, 1.0690886654478982, 0.31525990249847485, 2.940096587446682, 0.21496861669713424, 0.6054469835466226, 0.4007541133455209, 0.6128455210237646, 0.4722733089579527, 0.07768464351005455, 1.1118357708714213, 0.019318403412551203, 0.7863001218769058, 0.1837303473491791, 2.2380575868372983, 1.4143537477148092, 0.8824811090798312, 0.4739174283973188, 0.38266879951249155, 0.6917632541133464, 0.6884750152346114, 0.20510390006093787, 1.7777041438147467, 375.93736349786735, 367.3106687995127, 5.40627574649604, 0.3571849482023176, 0.5799631322364434, 0.7821898232784905, 1.145540219378428, 1.1940417428397296, 1.8229174283973215, 0.1607126751980488, 0.7936986593540613, 1.060046008531385, 0.36540554539914516, 1.6058936624009743, 0.8487766605728242, 0.941669408897023, 0.7550618525289479, 1.1167681291895275, 0.3119716636197455, 1.4209302254722733, 0.2716907373552688, 0.0768625837903715, 0.17550975015234607, 0.13029646556977667, 0.2938863497867133, 0.9803062157221227, 0.4319923826934788, 0.6021587446678851, 0.7616383302864121, 0.002055149299207575, 0.17797592931139516, 1.1586931748933567, 0.5651660572821433, 1.0468930530164537, 0.6169558196221797, 1.3724287020109691, 0.14509354052406848, 1.2302123705057912, 0.9227620353443025, 0.7057382693479606, 1.5031361974405846, 0.6210661182205975, 0.06042138939670817, 0.7468412553321149, 1.6132921998781216, 0.24045246800730816, 0.8158942717854949, 0.8676840341255339, 1.588630408287628, 1.6741246191346737, 0.38595703839122636, 1.4258625837903713, 1.9347175502742244, 0.46487477148080275, 0.5026895185862276, 0.23140981109080033, 0.10316849482023394, 1.3198168799512497, 1.3970904936014628, 0.21990097501523242, 0.37527026203534425, 0.3062172455819643, 0.8643957952467991, 1.8870380865326006, 0.870150213284583, 0.4492556368068224, 1.0444268738574045, 0.8397340036563055, 0.1894847653869603, 1.644530469226085, 0.8356237050578903, 1.7974335770871421, 0.36540554539914516, 0.7649265691651416, 1.1726681901279763, 2.2397017062766644, 0.10810085313833212, 0.058777269957344856, 0.10892291285801517, 0.5125542352224267, 1.4751861669713615, 0.8191825106642296, 0.9622209018890905, 0.5183086532602051, 0.4237717854966512, 0.21990097501523242, 0.15002589884217213, 0.3086834247410133, 0.29881870810481154, 0.6416176112126734, 0.4237717854966512, 0.3374555149299194, 0.02178458257160577, 0.5487248628884828, 0.27333485679463754, 0.8767266910420473, 0.5890057891529566, 0.30868342474101057, 0.4171953077391815, 1.1956858622790985, 0.49200274223034546, 0.5059777574649624, 0.6473720292504572, 0.9392032297379658, 0.9087870201096883, 0.4048644119439388, 0.05220079219987514, 1.1225225472273006, 1.0378503960999403, 0.6539485070079243, 1.630555453991468, 0.16811121267519605, 0.7813677635588049, 1.0584018890920162, 0.5931160877513691, 0.5405042656916497, 1.2318564899451574, 0.5405042656916497, 1.5294421084704444, 1.547527422303479, 1.9774646556977449, 0.9753738574040217, 0.022606642291283324, 0.8594634369287009, 0.10070231566118486, 1.014010664229127, 0.6876529555149284, 0.17222151127361668, 1.713583485679465, 0.46487477148080275, 0.5528351614869006, 0.16893327239487635, 0.7336882998171863, 0.6983397318708106, 0.10070231566118212, 0.07932876294942334, 0.08837141986593393, 1.6206907373552715, 0.21579067641681454, 1.1258107861060382, 1.3683184034125537, 1.443125837903715, 0.2971745886654482, 0.6950514929920785, 0.5035115783059105, 0.11303321145642757, 5.451489031078612, 0.04315813528336455, 1.771127666057285, 0.5626998781230942, 0.7953427787934191, 0.33581139549055605, 0.4352806215722109, 0.1993494820231594, 1.2302123705057886, 2.6663507007922007, 0.13276264472882576, 1.440659658744666, 1.1776005484460716, 0.48460420475320093, 0.7879442413162691, 1.558214198659353, 0.2897760511882982, 0.3325231566118239, 0.036581657525900306, 0.3908893967093218, 0.2182568555758691, 0.7205353443022551, 0.3325231566118239, 0.8561751980499688, 1.635487812309566, 1.6297333942717847, 1.3584536867763548, 2.690190432663014, 1.3765390006093843, 6.284235527117615, 1.3839375380865315, 0.9704414990859237, 0.7608162705667263, 1.6626157830591088, 1.2154152955514939, 0.7936986593540613, 2.7756846435100604, 1.3346139549055442, 2.725539000609384, 1.6321995734308368, 0.7920545399146842, 1.2400770871419875, 2.027610298598415, 0.4722733089579527, 1.349411029859844, 0.23880834856794755, 0.9383811700182828, 0.9934591712370594, 1.2894006703229748, 1.2976212675198078, 1.220347653869592, 2.4715225472273006, 0.956466483851312, 0.20757007921998696, 0.3464981718464355, 1.3584536867763577, 1.0764872029250483, 1.797433577087145, 1.646996648385134, 0.4377468007312572, 0.7369765386959184, 0.34485405240706934, 1.0000356489945208, 1.1817108470444841, 0.039869896404629686, 1.633021633150517, 0.19195094454600664, 0.70902650822669, 0.12289792809262667, 1.0066121267519796, 0.4188394271785503, 0.6333970140158458, 2.2627193784277893, 0.4640527117611197, 0.3489643510054845, 0.38513497867154056, 0.5380380865326005, 1.5919186471663627, 1.3148845216331486, 1.6897437538086515, 1.2606285801340633, 1.0715548446069474, 1.9437602071907407, 0.1270082266910418, 1.14060786106033, 0.13440676416819183, 0.10070231566118212, 1.8812836684948193, 0.8167163315051779, 0.16811121267519605, 0.4393909201706261, 0.5594116392443621, 0.5240630712979891, 1.0575798293723357, 0.0735743449116394, 0.40568647166362454, 0.42048354661791637, 0.37938056063376213, 0.1590685557586882, 1.5878083485679475, 1.7456438147471083, 0.9474238269347933, 0.4262379646557003, 0.26018190127970636, 0.14920383912248636, 0.44185709932967515, 0.8997443631931749, 0.26593631931748757, 0.6613470444850688, 1.1208784277879345, 1.9355396099939075, 0.035759597806214544, 1.6790569774527748, 1.028807739183427, 1.225280012187693, 1.6913878732480203, 0.0045213284582594025, 0.6901191346739803, 0.5733866544789763, 0.38595703839122636, 0.0546669713589297, 1.0460709932967678, 1.5056023765996336, 1.8960807434491165, 0.12043174893357483, 2.048161791590496, 0.19195094454600942, 0.40322029250457, 1.5187553321145648, 0.9581106032906754, 1.3921581352833645, 0.43034826325411546, 0.9342708714198675, 0.2634701401584385, 0.9507120658135282, 1.410243449116391, 1.3683184034125537, 1.148828458257163, 1.0436048141377214, 0.07604052407069123, 0.4163732480194985, 83.80282297379651, 1.8286718464351, 0.7961648385131022, 0.030827239488121834, 0.9638650213284594, 0.0809728823887894, 1.4982038391224863, 0.4673409506398518, 0.2938863497867133, 1.106903412553323, 0.4985792199878124, 0.13769500304692395, 0.8315134064594779, 15.867196010133005, 0.050833122229261986, 0.9572859404686512, 1.4348609879670642, 0.0397267257758145, 0.5924835338822044, 1.405813489550345, 0.35668619379354377, 1.1179015199493318, 0.20888568714376457, 0.8479306523115934, 0.3831706776440763, 1.0606608613046207, 0.3507058264724466, 1.7894113362887876, 0.56770772640912, 0.6736456618112702, 0.2524569347688418, 2.1815525649144996, 0.2123030398986667, 1.038448068397717, 0.7317406586447085, 0.18923590880304192, 0.3481428119062743, 0.42076155794806774, 1.3921440785307138, 0.3498514882837168, 0.22340943635211985, 0.1431016466117753, 0.8000877137428728, 1.3562618746041764, 0.5480579480683945, 1.0649325522482582, 1.2170047498416694, 0.5540383153894831, 2.099536098796704, 0.6710826472450894, 0.6958584547181738, 0.5463492716909406, 1.1819768841038616, 0.2610003166561113, 0.21657473084229859, 0.29004781507282756, 0.6095702976567405, 0.4002574414186153, 0.6975671310956305, 1.1708704876504084, 0.46347846738441806, 0.5634360354654824, 1.4827039265357789, 0.43186795440151815, 0.8043594046865077, 0.4865455984800542, 0.10038473717542502, 0.4583524382520564, 1.0598065231158995, 1.7859939835338854, 0.1781295123495887, 1.5467792906903084, 1.4587824572514214, 1.3648052564914486, 0.872706459784672, 1.6783473717542727, 0.37377295756807705, 1.2844974667511069, 0.047415769474351346, 0.02691165294490173, 1.1221732108929667, 0.536097213426223, 2.5010750474984182, 0.1251605446485122, 1.5929135528815694, 0.30371722609246155, 1.4664715009499667, 0.8846671944268493, 0.11490848638378315, 0.026057314756171936, 0.19094458518048726, 0.06877422419253075, 0.11747150094997252, 0.8855215326155819, 0.14224730842305974, 1.0580978467384399, 0.8299895503483189, 1.2844974667511069, 1.1939376187460389, 1.4117938568714448, 1.446821722609247, 0.672791323622546, 0.6950041165294496, 0.26698068397719993, 1.2409262191260266, 0.004698860038001063, 0.232807156428122, 0.10978245725142145, 1.082019316022797, 1.1366969601013304, 0.9196950601646655, 0.1883815706143121, 0.5147387587080463, 0.04656143128562155, 1.142677327422422, 1.5433619379354009, 0.8274265357821438, 0.7642055098163354, 0.5061953768207798, 1.2648476884103843, 0.1892359088030362, 0.5164474350854974, 0.29773685877137007, 0.704401836605449, 0.7753119062697942, 1.58351583280557, 0.5719794173527548, 1.915853388220393, 0.22853546548448156, 1.2904778340721956, 1.0623695376820774, 2.309703293223565, 1.371639962001264, 0.3267843571881006, 0.4985063331222315, 0.5583100063331292, 1.6202523749208346, 0.5497666244458512, 1.5331098796706744, 0.6642479417352795, 1.065786890436988, 0.6745, 1.774887587080438, 0.13370392653577887, 1.3562618746041764, 0.4728761874604173, 0.5540383153894831, 0.13626694110195972, 0.9906051298290023, 0.5446405953134895, 0.2191377454084794, 0.30713457884737505, 1.7595094996833442, 0.32849303356554593, 1.630504433185558, 0.8282808739708678, 0.26783502216592975, 1.2537412919569308, 0.033746358454717316, 0.6608305889803631, 0.3823163394553551, 1.0435740975300816, 0.02605731475617478, 0.16104274857504408, 0.21572039265357731, 1.4416956934768823, 0.5976095630145661, 2.003850221659283, 0.007261874604176218, 0.31140626979100977, 0.602735592146925, 0.20974002533248867, 1.446821722609247, 1.5929135528815694, 0.3720642811906232, 1.3690769474350835, 1.0751846105129816, 0.2985911969601084, 0.7249059531348927, 0.6847520582647206, 0.21913774540849365, 1.1939376187460389, 0.1952162761241334, 0.4745848638378684, 0.1123454718176023, 1.6023112729575688, 0.3242213426219055, 0.8684347688410458, 0.5685620645978441, 1.0145265991133654, 0.37462729575680404, 0.3720642811906232, 0.708673527549078, 2.1533594046865074, 0.8974822672577563, 0.3404537682077289, 0.9299471184293832, 0.7573708043065197, 0.6702283090563652, 0.5762511082963866, 1.4348609879670642, 0.5548926535782102, 1.4117938568714448, 0.37377295756807705, 0.7189255858138043, 1.2366545281823922, 1.565574730842313, 0.14566466117796467, 0.6010269157694766, 1.446821722609247, 0.8479306523115877, 0.5822314756174839, 1.100814756174793, 0.7787292590246963, 0.37035560481316643, 0.39256839772007274, 1.9773657378087364, 2.3199553514882822, 0.569416402786571, 0.1046564281190626, 0.14395598480050223, 0.9401991766941067, 0.38146200126662244, 0.16702311589614122, 1.0136722609246356, 0.42161589613679756, 0.2148660544648532, 0.11319981000632924, 0.13797561747941928, 6.219154844838508, 0.21401171627612625, 0.6488698543381859, 1.5715550981633928, 1.3793290056998095, 0.7556621279290658, 0.40196611779607777, 0.6864607346421744, 0.6975671310956305, 0.5198647878404024, 0.628365737808739, 0.8120484483850501, 0.2960281823939133, 0.18069252691576956, 0.23109848005066239, 0.18838157061431493, 0.3259300189993708, 0.8487849905003146, 1.4348609879670642, 1.3143993033565529, 1.4758692210259634, 1.8637387587080405, 0.03801804939834922, 0.4404113362887876, 0.7018388220392624, 0.095258708043069, 0.34899715009499266, 0.7471187460417963, 0.5002150094996797, 1.334049081697284, 1.0982517416086206, 1.5271295123495858, 0.9495968967701088, 0.40196611779606917, 0.5591643445218477, 0.34899715009500126, 1.8534867004433173, 0.140538632045603, 0.6232397086763746, 0.7958160227992381, 0.3763359721342664, 1.5126057631412249, 1.082019316022797, 0.12430620645978242, 0.5899205193160235, 0.23622450918302407, 1.308418936035464, 0.5728337555414816, 0.2037596580113972, 0.26270899303356804, 1.855195376820777, 0.9008996200126642, 0.7137995566814425, 0.8940649145028571, 0.6189680177327427, 1.0632238758708015, 0.6377634578847412, 0.3481428119062658, 0.21913774540849365, 93.7512283090564, 64.45682615579484, 38.84974762507919, 22.66772799240027, 11.369105446485124, 1.9192707409753036, 0.05168746041798609, 0.12174319189360441, 1.4613454718176109, 0.5113214059531357, 1.2938951868271031, 1.1640357821405958, 0.6198223559214724, 2.338750791640281, 2.3857393920202687, 0.9359274857504719, 0.7718945535148835, 0.8821041798606714, 0.35668619379354377, 1.8663017732742242, 0.8812498416719472, 1.6142720075997432, 0.3583948701709948, 0.44639170360987906, 0.06108518049397967, 1.368222609246362, 0.3874423685877111, 1.7031231792273571, 2.6369148195060204, 0.4096551614946203, 0.23451583280557303, 0.30457156428119136, 0.8915018999366648, 1.40154179860671, 0.39427707409752666, 0.22853546548448156, 0.2011966434452192, 0.09525870804306333, 0.019222609246356347, 1.0879996833438914, 0.06279385687144495, 0.8205918302723224, 0.5429319189360385, 0.10721944268524346, 1.45878245725143, 0.585648828372386, 0.7727488917036104, 1.1973549715009468, 0.765059848005065, 0.20461399620012982, 0.783000949968331, 1.6236697276757452, 0.9393448385053796, 0.7471187460417963, 1.7321706776440762, 1.3844550348321683, 1.687745091830275, 0.7411383787207133, 1.8304195693476868, 0.6633936035465525, 1.4553651044965137, 1.065786890436988, 0.792398670044336, 0.6847520582647206, 0.24903958201393114, 1.774887587080438, 1.2682650411652918, 0.949596896770106, 0.4540807473084188, 1.0333220392653555, 0.2755240658644694, 0.22426377454085533, 1.043574097530079, 1.5168774540848626, 0.5950465484483852, 0.3353277390753644, 0.1644601013299547, 0.8923562381253918, 0.14993635212159373, 0.6121333122229299, 0.9581402786573754, 0.9188407219759415, 0.4361396453451528, 0.23195281823939218, 0.6753543381887269, 1.311836288790372, 0.6352004433185603, 0.40025744141862385, 0.525845155161491, 0.44810037998733016, 0.7915443318556091, 0.06706554781507686, 0.6710826472450894, 2.0457127929069037, 1.1973549715009495, 1.4570737808739676, 0.714653894870175, 1.3092732742241997, 0.0798806206459754, 0.24989392020266663, 0.9760813806206499, 1.341738125395818, 0.6505785307156454, 0.42759626345788054, 0.1559167194426852, 0.06364819506016905, 1.341738125395818, 0.34899715009500126, 1.3460098163394527, 0.09440436985434207, 0.4233245725142486, 0.05852216592780452, 0.9837704243191867, 1.5493423052564923, 0.4216158961367919, 2.564296073464224, 0.1431016466117753, 0.13541260291323845, 1.7988090563647954, 2.060236542115267, 1.0666412286257092, 0.9572859404686512, 0.7983790373654189, 1.1785595313489596, 0.783000949968331, 0.6813347055098127, 0.8334069031032295, 0.5309711842938613, 0.8410959468017778, 0.1413929702343214, 0.341308106396453, 1.598039582013934, 0.3344734008866374, 0.341308106396453, 0.09525870804306333, 0.3259300189993708, 1.156346738442056, 1.5467792906903084, 0.22597245091830068, 0.6967127929069007, 0.21913774540849365, 0.3737729575680856, 0.39854876504116143, 0.9120060164661201, 1.2016266624445813, 1.0914170360987936, 0.07390025332489245, 0.45322640911970036, 0.7103822039265404, 1.2033353388220467, 0.23964186193793754, 0.031183343888536472, 0.5745424319189356, 0.7872726409119657, 0.6505785307156398, 2.190950284990502, 0.6035899303356519, 0.3865880303989898, 0.5685620645978441, 1.3571162127929033, 0.536951551614947, 0.28919347688410346, 0.5736880937302058, 1.6655322989233656, 0.5830858138062023, 1.6638236225459146, 0.3754816339455281, 1.6535715642811886, 0.03118334388853363, 0.4540807473084188, 0.22597245091830068, 0.8479306523115877, 0.3336190626979076, 0.2370788473717539, 1.0358850538315392, 1.4288806206459754, 1.2118787207093078, 1.0162352754908137, 0.05852216592779883, 1.8517780240658632, 0.7419927169094346, 0.9325101329955641, 0.3455797973400849, 0.19777929069031425, 0.44041133628879325, 1.036739392020266, 1.7560921469284336, 1.141822989233695, 0.2763784040532021, 1.404959151361618, 0.23195281823939218, 0.6821890436985397, 1.993598163394557, 0.8923562381253918, 0.004698860038001063, 0.4190528815706138, 0.14737333755541288, 1.4536564281190625, 1.152075047498424, 0.6992758074730872, 0.09782172260924984, 0.3669382520582643, 1.3981244458518054, 0.3643752374920806, 0.0166595946801755, 1.1956462951234956, 0.9521599113362896, 0.6181136795440157, 1.3784746675110855, 0.24818524382520704, 0.008970550981635806, 1.160618429385685, 0.06621120962634136, 1.479286573780871, 0.47373052564914714, 0.5207191260291322, 0.20888568714376174, 0.17214914502850293, 1.534818556048134, 0.6283657378087362, 1.8748451551614909, 1.299875554148192, 0.4566437618746025, 1.2870604813172877, 0.07390025332489245, 0.15591671944268806, 0.1849642178594043, 0.9940224825839187, 0.1815468651044965, 0.5266994933502179, 0.6514328689043696, 0.45749810006333225, 0.672791323622546, 1.6484455351488325, 0.6275113996200149, 0.41307251424952524, 1.0307590246991774, 0.8043594046865077, 0.7616424952501545, 0.32080398986700054, 0.4967976567447719, 1.434006649778337, 0.4284506016466074, 0.30115421152628075, 0.04912444585180524, 0.30115421152628075, 0.30115421152628075, 1.3742029765674448, 0.5813771374287484, 0.09440436985433921, 0.4181985433818841, 0.7659141861938005, 0.44639170360987623, 0.1858185560481341, 0.3959857504749863, 0.22853546548448156, 1.2827887903736528, 1.1836855604813212, 1.6843277390753644, 0.15420804306522848, 0.857328372387587, 0.7001301456618113, 1.2084613679544027, 0.2567286257124765, 0.1396842938568732, 0.3173866371120984, 0.5608730208993016, 0.43613964534515565, 0.16531443951867597, 1.6911624445851856, 1.3169623179227394, 0.571125079164025, 0.3062802406586453, 0.7821466117796041, 0.6574132362254668, 0.48141956934769536, 0.708673527549078, 0.06791988600380665, 0.11661716276124842, 0.42503324889170824, 1.4391326789107015, 0.6967127929069007, 0.5155930968967676, 1.3101276124129182, 0.536951551614947, 1.7167925902469972, 0.9367818239392046, 0.23195281823939218, 0.5574556681444023, 0.6744999999999971, 0.43186795440151815, 0.23964186193793754, 0.42930493983533724, 0.12943223559214695, 0.7958160227992409, 0.16616877770741428, 0.584794490183659, 0.38573369221026005, 0.5070497150095067, 0.3045715642811942, 0.1106367954401484, 1.6100003166561112, 0.08158929702343498, 0.9863334388853676, 0.6804803673210857, 1.2007723242558543, 0.5352428752374903, 0.27466972767574815, 0.3139692843571878, 0.13370392653577887, 0.29090215326155733, 0.39513141228625365, 1.1939376187460446, 0.1294322355921498, 0.29859119696009423, 0.0021358454718173716, 0.7778749208359722, 1.0914170360987994, 0.17727517416085894, 0.47373052564914714, 1.2076070297656787, 0.8180288157061474, 1.3007298923369188, 0.36522957568081327, 0.1567710576314093, 0.6813347055098185, 1.2742454084863835, 0.26954369854338645, 3.3699369854338217, 0.2558742875237524, 0.08842400253325626, 1.520294806839773, 0.4190528815706138, 0.9248210892970216, 2.901759658011403, 0.8385329322355883, 1.505771057631412, 0.05254179860671589, 0.1781295123495887, 2.2533169727675717, 0.8769781507283066, 1.478432235592144, 0.24647656744774746, 0.5531839772007647, 0.25501994933502264, 1.0119635845471788, 0.03630937302089532, 0.5463492716909406, 1.046991450284998, 0.9589946168461052, 1.6501542115262806, 0.20717701076631068, 0.5822314756174753, 1.1247362254591475, 1.15720107663078, 1.2759540848638402, 0.2917564914502871, 0.23793318556048365, 1.5783898036732085, 0.5113214059531329, 0.15677105763141216, 0.15164502849904762, 0.08244363521215908, 0.6770630145661809, 0.16018841038631995, 0.08586098796706972, 2.117477200759976, 0.1883815706143121, 1.188811589613677, 1.553613996200127, 0.646306839772005, 0.33276472450918354, 0.1012390753641548, 1.0495544648511703, 0.5002150094996797, 0.36693825205826147, 1.5570313489550378, 0.19009024699176316, 0.7812922735908828, 0.9948768207726456, 1.9286684610512972, 1.2178590880303963, 0.7061105129828971, 0.7744575680810644, 1.5732637745408524, 0.9760813806206499, 1.4451130462317903, 0.5608730208993016, 0.9094430018999337, 1.037593730208996, 0.24220487650411843, 0.9555772640912003, 0.6531415452818206, 0.6702283090563652, 0.5540383153894917, 0.11490848638379168, 0.747973084230529, 0.20888568714376174, 1.7894113362887876, 0.35583185560481684, 0.29090215326156016, 0.39000538315389194, 0.8709977834072239, 1.047845788473722, 1.778304939835343, 3.7279046865104535, 2.3011599113362955, 1.6270870804306559, 2.2199977834072238, 2.158485433818878, 0.06108518049398537, 0.39769442685243733, 0.2857761241291956, 0.9222580747308493, 0.7770205826472424, 1.481849588347052, 0.00726187460418191, 0.9145690310322954, 0.0696285623812577, 0.3404537682077289, 0.4762935402153223, 0.015805256491448552, 0.9239667511082945, 1.5390902469917631, 1.1332796073464226, 1.054680493983532, 1.3203796706776414, 0.7035474984167192, 1.5305468651044964, 0.28065009499683397, 0.22426377454085533, 0.8812498416719472, 1.1691618112729545, 0.27979575680810415, 1.0059832172260932, 0.2960281823939276, 0.24989392020266663, 0.6104246358454704, 0.7266146295123523, 0.2866304623179226, 1.6826190626979105, 1.8005177327422408, 0.2268267891070305, 0.6249483850538284, 0.032892020265987525, 0.8274265357821438, 0.3259300189993708, 0.36181222292590265, 0.9923138062064562, 0.09355003166561796, 0.5472036098796732, 0.28492178594046585, 0.05083312222925914, 1.6125633312222891, 1.0598065231158964, 1.5647203926535744, 0.5215734642178591, 0.02434863837871804, 1.3015842305256458, 0.13455826472450866, 1.4980820139328668, 0.6189680177327397, 0.48227390753641375, 1.2665563647878408, 0.6719369854338162, 0.9325101329955641, 0.38573369221025716, 0.4574981000633294, 0.9179863837872118, 0.0448527549081705, 1.2451979100696615, 0.3225126662444544, 0.5822314756174839, 0.2618546548448354, 0.09184135528816122, 1.297312539582011, 0.3609578847371785, 0.3874423685877111, 0.29688252058265163, 1.2093157061431268, 1.0145265991133596, 0.16104274857504408, 0.23622450918302407, 0.1670231158961327, 0.4190528815706138, 0.48227390753641375, 0.39000538315389477, 1.0879996833438887, 0.4865455984800542, 0.044852754908167654, 1.4305892970234293, 0.9666836605446449, 0.25074825839139075, 0.24391355288157515, 1.0939800506649744, 0.11319981000632924, 0.2618546548448354, 2.117477200759976, 0.08671532615579666, 1.312690626979099, 0.5933378720709314, 0.036309373020898164, 0.6975671310956276, 0.5104670677644115, 0.450663394553511, 0.36693825205826147, 0.198633628879044, 1.0316133628879016, 0.6813347055098185, 1.7125208993033565, 1.7133752374920863, 0.7488274224192503, 1.3101276124129182, 1.1836855604813212, 0.28833913869537936, 0.7812922735908772, 1.8628844205193136, 0.6745, 0.23793318556048365, 0.2353701709943, 0.6856063964534475, 0.6702283090563652, 2.426747625079168, 0.9273841038632025, 0.6736456618112702, 0.7966703609879707, 0.8308438885370459, 1.2844974667511124, 1.6296500949968311, 0.24220487650410988, 0.2456222292590205, 1.1768508549715055, 1.144386003799873, 0.48910861304623504, 0.07817194426852435, 0.19179892336922558, 0.3686469284357154, 0.22682678910702764, 0.5309711842938527, 0.0029901836605443206, 0.1687317922735866, 1.0290503483217206, 0.06108518049397967, 0.7761662444585211, 1.0897083597213426, 1.1076494616846113, 0.5651447118429391, 1.387018049398352, 0.9017539582013911, 0.6360547815072816, 1.3750573147561747, 1.6834734008866346, 0.6685196326789085, 0.31738663711209275, 0.05681348955034778, 0.8342612412919564, 0.07048290056997897, 1.3289230525649112, 0.29859119696009423, 0.3626665611146324, 0.07560892970234065, 0.15847973400886606, 0.34728847371753596, 0.27039803673210205, 0.43784832172260674, 0.1678774540848568, 0.2840674477517446, 1.0290503483217235, 0.2712523749208318, 0.0038445218492712692, 0.7736032298923345, 1.1221732108929752, 0.5002150094996826, 0.2259724509183064, 0.1678774540848568, 1.4485303989867009, 0.6685196326789085, 1.2076070297656787, 0.17300348321723272, 0.450663394553511, 1.7236272957568097, 0.9128603546548414, 0.16189708676377101, 0.6821890436985397, 0.38060766307789834, 1.0504088030399057, 0.7830009499683367, 0.4438286890436954, 0.2763784040532021, 0.7941073464217898, 0.028620329322355628, 0.8282808739708678, 0.28492178594046585, 0.32080398986700054, 0.15249936668777458, 0.5224278024065889, 0.5454949335022137, 0.28065009499683113, 1.3349034198860081, 97.19335687143767, 89.60683375554152, 87.87081855604818, 83.53419791006972, 81.54358993033567, 76.95579385687148, 74.60636383787211, 74.9609141861938, 1.297312539582014, 0.5053410386320414, 0.09184135528816122, 0.3541231792273629, 0.7898356554781552, 0.7556621279290658, 0.2199920835972092, 0.632637428752371, 0.5736880937302115, 0.6001725775807468, 2.996591196960105, 0.17727517416085894, 0.3635208993033565, 0.7360123495883517, 0.7599338188727119, 1.2819344521849259, 0.1704404686510519, 0.08586098796706972, 0.25501994933502264, 0.6522872070930994, 1.7142295756808077, 1.2759540848638347, 1.5271295123495916, 0.9444708676377527, 1.1179015199493318, 1.556177010766305, 1.7185012666244421, 1.6569889170360992, 0.7325949968334353, 0.523282140595313, 1.8483606713109526, 0.07219157694743855, 0.31226060797973393, 0.5847944901836647, 0.18923590880304192, 1.0307590246991747, 0.44468302723242803, 1.914999050031666, 0.8017963901203324, 0.9965854971500996, 0.23964186193793754, 3.5536196960101387, 2.258443001899942, 0.25074825839139075, 1.252886953768204, 1.3648052564914486, 0.6847520582647206, 1.2605759974667552, 0.2960281823939133, 1.1683074730842333, 0.0029901836605443206, 0.9051713109562989, 0.004698860038001063, 0.5224278024065889, 0.8282808739708678, 1.0333220392653581, 1.4869756174794222, 0.7249059531348986, 0.9965854971500996, 0.31909531348955233, 1.5390902469917631, 0.7522447751741608, 0.7565164661177928, 0.6813347055098185, 0.884667194426852, 0.2123030398986667, 0.8983366054464833, 0.04997878404052935, 1.655280240658648, 0.5924835338822015, 3.769767257758079, 1.0777476250791653, 0.11832583913869947, 2.065362571247629, 0.4438286890436954, 0.17812951234958588, 0.34899715009499266, 0.7983790373654217, 1.994452501583278, 0.6001725775807468, 1.3656595946801755, 0.4891086130462293, 1.337466434452189, 0.16531443951867597, 1.3724943001899939, 1.0965430652311554, 1.0017115262824554, 1.040156744775171, 1.1674531348955035, 0.13199525015833063, 0.11918017732742926, 1.1990636478784005, 2.1345639645345202, 0.4609154528182372, 0.6890237492083666, 0.6497241925269156, 0.8248635212159572, 1.3195253324889202, 0.2251181127295766, 0.550620962634581, 0.5984639012032931, 0.7377210259657971, 1.947463901203296, 0.8205918302723224, 3.0922770740975354, 0.9137146928435741, 0.8504936668777743, 0.40452913236226146, 0.19350759974666812, 1.2750997466751075, 1.3314860671310917, 0.20974002533248867, 1.2375088663711191, 0.6984214692843603, 1.6484455351488325, 0.36950126662444516, 0.6608305889803631, 0.05852216592780452, 1.689453768207726, 0.5617273590880285, 0.8487849905003174, 0.7257602913236197, 0.48739993666877546, 0.08415231158961584, 1.524566497783405, 0.042289740341986806, 1.6339217859404715, 0.12174319189360441, 0.784709626345785, 3.3801890436985453, 0.7676228625712459, 0.45920677644078894, 0.8940649145028543, 1.5160231158961357, 0.10892811906269734, 1.0256329955668186, 1.2725367321089325, 0.6608305889803716, 1.6407564914502815, 0.48739993666877546, 1.0333220392653581, 0.4088008233058905, 2.02264566181127, 0.9547229259024677, 0.8419502849904962, 1.312690626979099, 0.9666836605446449, 1.0991060797973362, 0.6061529449018327, 1.8927862571247627, 0.22853546548448156, 1.6937254591513664, 1.0410110829638979, 1.4519477517416086, 1.691162444585177, 0.6992758074730872, 0.23622450918302407, 0.2601459784673872, 0.9991485117162832, 0.7419927169094346, 1.4997906903103235, 0.713799556681451, 0.2746697276757425, 0.7044018366054432, 0.6078616212792866, 0.857328372387587, 0.2217007599746745, 0.9683923369220988, 0.7454100696643482, 1.418628562381255, 2.155922419252697, 0.826572197593411, 2.654855921469286, 0.1038020899303385, 0.20546833438885392, 0.5301168461051343, 1.2887691576947415, 0.6112789740342058, 1.1213188727042454, 0.017513932868905294, 1.053826155794805, 0.5830858138062023, 1.3178166561114548, 0.37889898670045014, 1.446821722609247, 0.17556649778340505, 0.9752270424319173, 0.059376504116525786, 0.9256754274857485, 0.8257178594046841, 1.308418936035464, 0.8445132995566884, 1.076038948701717, 2.073051614946166, 0.4258875870804266, 0.17556649778340505, 0.5275538315389534, 0.10721944268524629, 0.6762086763774511, 0.15847973400886606, 1.1665987967067737, 0.720634262191258, 0.6890237492083666, 0.5591643445218534, 1.043574097530079, 0.00726187460418191, 0.6984214692843603, 0.01324224192526486, 0.12003451551615052, 0.11234547181760797, 1.1759965167827702, 0.06535687143762581, 0.28150443318556373, 1.252032615579477, 0.21657473084229859, 1.857758391386952, 0.9419078530715606, 0.2584373020899333, 0.32849303356554593, 0.03801804939834922, 0.41905288157061676, 0.950451234958833, 0.4891086130462293, 0.6146963267891107, 3.776601963267895, 0.15335370487650724, 0.9196950601646684, 0.5130300823305897, 0.6830433818872667, 1.0085462317922766, 0.198633628879044, 0.6975671310956305, 1.3067102596580074, 1.4673258391386936, 0.5386602279924009, 0.4993606713109584, 0.20717701076631068, 0.6240940468651072, 0.275524065864478, 0.38231633945534943, 1.0623695376820774, 1.0768932868904413, 0.9222580747308493, 0.2917564914502871, 0.5899205193160235, 0.6804803673210914, 0.048270107663078286, 1.040156744775171, 1.4322979734008918, 0.521573464217862, 1.5647203926535744, 1.2887691576947473, 0.5318255224825796, 0.6651022799240006, 0.08415231158961584, 0.2516025965801177, 1.524566497783405, 0.4293049398353458, 0.5463492716909406, 0.6881694110196397, 0.9179863837872118, 0.6745, 0.2644176694110191, 0.9504512349588387, 0.47971089297023006, 0.6445981633945511, 1.4690345155161477, 1.6740756808106383, 0.5523296390120349, 1.1059407853071546, 0.5924835338822015, 0.7590794806839736, 0.08842400253325626, 0.5301168461051258, 0.9043169727675777, 0.050833122229261986, 0.9453252058264683, 0.6454525015832779, 0.8983366054464861, 0.3720642811906232, 0.10380208993033566, 0.26612634578847016, 2.6206823939202084, 1.2511782773907587, 0.5104670677644059, 1.2161504116529451, 1.2810801139962047, 1.189665927802404, 0.9214037365421138, 0.7872726409119657, 1.4596367954401483, 1.6151263457884786, 0.322512666244463, 0.14224730842305974, 0.7975246991766949, 0.5779597846738406, 0.40709214692843376, 0.960703293223562, 1.6954341355288147, 0.7044018366054432, 0.026911652944904572, 1.1657444585180468, 0.7078191893603509, 1.9696766941101993, 0.8479306523115877, 0.41221817606080113, 0.7565164661177928, 1.1836855604813212, 0.3344734008866346, 0.5010693476884066, 1.436569664344521, 0.10038473717542785, 0.6386177960734625, 0.4062378087397068, 0.12003451551615052, 0.6403264724509163, 0.6856063964534475, 0.14481032298923202, 0.8205918302723224, 1.0760389487017143, 0.16018841038632278, 0.8564740341988571, 0.5429319189360328, 0.7120908803039857, 0.7975246991766949, 1.008546231792274, 0.5736880937302058, 0.5779597846738406, 0.7795835972134261, 0.25758296390120067, 1.280225775807469, 0.9273841038632025, 1.480995250158325, 0.8906475617479493, 0.8325525649144997, 1.0273416719442725, 0.5138844205193165, 0.1909445851804958, 0.813757124762504, 0.04143540215326555, 0.2285354654844844, 0.10294775174160871, 0.15591671944268806, 0.828280873970865, 0.9777900569980981, 0.4574981000633294, 1.1554924002533233, 1.6441738442052005, 1.329777390753638, 0.36950126662444227, 0.8641630778973998, 1.5493423052564923, 1.7808679544015182, 0.7445557314756184, 0.722342938568712, 0.93165579480684, 1.2545956301456693, 0.5010693476884066, 0.36950126662444227, 0.38487935402153306, 0.5489122862571215, 0.07560892970234351, 0.07133723875870875, 1.9184164027865767, 0.47287618746042015, 1.0495544648511703, 0.9359274857504748, 1.5800984800506652, 0.7496817606079829, 0.7394297023432622, 0.0021358454718173716, 0.11747150094996399, 0.08073495883470803, 1.489538632045603, 0.20205098163394897, 0.30798891703609915, 0.23793318556048365, 0.557455668144391, 0.42588758708043517, 0.7710402153261594, 0.29944553514883254, 2.5241421785940514, 1.3972701076630756, 1.5279838505383156, 0.34130810639645015, 0.6317830905636554, 1.446821722609247, 0.943616529449023, 0.5600186827105832, 1.595476567447753, 1.1050864471184276, 0.25074825839139075, 0.43272229259024503, 0.42161589613679756, 0.325930018999365, 0.48569126029132154, 0.5548926535782102, 0.17300348321722417, 1.553613996200127, 0.14395598480051078, 0.5403689043698576, 1.6860364154528154, 0.6189680177327427, 0.30713457884737505, 0.2174290690310369, 0.19692495250158443, 1.3767659911336287, 1.29474952501583, 0.25929164027865453, 0.8983366054464833, 0.25929164027865736, 0.9196950601646655, 0.3498514882837168, 1.7236272957568097, 0.748827422419253, 0.678771690943632, 0.4079464851171607, 1.6168350221659324, 0.014096580113988962, 1.4109395186827096, 1.3665139328689053, 1.0991060797973362, 1.7244816339455338, 0.01324224192526486, 0.4540807473084188, 0.4950889803673208, 0.532679860671318, 0.8761238125395855, 0.0969673844205229, 1.2708280557314784, 0.31226060797973676, 0.5497666244458512, 0.9820617479417357, 0.9906051298290023, 0.6796260291323616, 1.5407989233692199, 0.792398670044336, 0.8932105763141188, 0.42674192526915355, 0.1584797340088689, 0.8769781507283066, 1.6817647245091836, 0.23622450918302693, 1.0828736542115243, 0.677063014566178, 0.7650598480050737, 1.8688647878404023, 0.9188407219759415, 0.18496421785940145, 1.1512207093096942, 2.1610484483850585, 0.04827010766308114, 1.2785170994300152, 0.7821466117796041, 1.224693793540212, 1.174287840405316, 0.3985487650411728, 0.6215310322989263, 0.277232742241929, 1.2879148195060175, 0.13968429385686465, 0.17556649778340788, 0.7001301456618113, 0.3541231792273629, 0.34899715009500126, 1.523712159594681, 0.11661716276123418, 1.9987241925269128, 1.1161928435718809, 0.8171744775174232, 0.3353277390753644, 0.3720642811906232, 2.855625395820142, 0.4489547181760599, 1.4169198860038037, 2.580528499050036, 1.123027549081702, 0.7932530082330601, 1.3613879037365464, 1.0042745408486364, 0.3079889170360963, 1.6057286257124794, 1.1956462951234985, 0.1986336288790355, 0.19179892336921706, 2.099536098796707, 0.20461399620012696, 0.16616877770741428, 0.12003451551615052, 1.5160231158961357, 1.4006874604179889, 1.4399870170994342, 1.487829955668152, 0.6659566181127278, 2.8077824572514274, 1.7714702343255273, 3.4032561747941785, 1.0059832172260932, 1.034176377454088, 0.18410987967067738, 0.32763869537682183, 0.0696285623812577, 1.1657444585180468, 1.0034202026599122, 0.7086735275490893, 0.1678774540848568, 0.14651899936668591, 0.9231124129195734, 0.6505785307156454, 1.6638236225459146, 0.22170075997466027, 0.6087159594680249, 0.18667289423686104, 0.4762935402153308, 0.173857821405954, 0.5685620645978499, 2.3319160861304598, 1.6817647245091836, 1.5134601013299633, 1.0495544648511788, 1.1913746041798636, 0.6651022799240006, 0.1627514249525008, 0.43186795440151815, 0.5822314756174753, 0.4181985433818841, 0.24903958201393686, 1.1845398986700424, 0.18325554148195328, 0.36608391386954026, 0.7983790373654217, 1.012817922735906, 0.15079069031032635, 0.09013267891070732, 0.09782172260924417, 0.21315737808739646, 0.8974822672577563, 0.06621120962634136, 0.03716371120961942, 0.6565588980367284, 1.3195253324889202, 1.4997906903103206, 0.9384905003166527, 0.3797533248891742, 0.2926108296390084, 0.31994965167827927, 0.38317067764407914, 0.02691165294490173, 0.3079889170360963, 0.6531415452818206, 0.13370392653577887, 0.4113638378720685, 1.0786019632678951, 0.6633936035465525, 1.0324677010766286, 0.5335341988600364, 0.964120645978464, 0.7240516149461715, 0.03545503483216837, 1.0939800506649802, 0.43699398353388264, 0.813757124762504, 1.0469914502849866, 1.1990636478784005, 0.49081728942368613, 1.1973549715009468, 0.46775015832805567, 0.4540807473084188, 2.9128660544648532, 0.3259300189993708, 0.22597245091830068, 0.0004271690943606288, 0.6095702976567491, 1.4562194426852406, 0.08842400253324204, 0.41990721975934364, 1.8398172894236833, 0.5574556681444023, 1.4203372387587088, 0.2866304623179226, 0.015805256491448552, 0.6497241925269156, 0.3635208993033565, 0.43784832172261245, 0.05168746041798609, 0.09013267891070732, 0.5472036098796732, 1.3383207726409159, 0.49338030398986976, 1.1495120329322432, 0.933364471184291, 0.08415231158961584, 0.19179892336921706, 1.4528020899303384, 0.5207191260291293, 0.9803530715642818, 0.539514566181125, 0.6206766941101937, 0.6454525015832779, 1.1862485750474963, 0.1627514249525008, 0.4694588347055067, 0.7718945535148835, 0.3079889170360963, 0.5044867004433145, 0.6428894870171029, 1.0401567447751767, 0.6719369854338162, 0.9504512349588387, 0.1636057631412306, 0.3378907536415452, 1.065786890436988, 1.3733486383787237, 1.1871029132362232, 0.2840674477517446, 0.6146963267891107, 0.8598913869537678, 0.41307251424952524, 0.41563552881570603, 1.207607029765673, 0.06877422419253075, 0.042289740341986806, 0.10038473717542502, 1.8594670677644087, 0.13541260291323845, 1.6364848005066466, 0.5489122862571243, 1.4946646611779588, 0.14395598480050223, 1.4545107663077923, 0.10636510449651648, 0.8812498416719415, 0.054250474984166935, 0.2575829639012035, 0.5882118429385668, 0.5070497150095067, 0.9436165294490145, 0.47971089297023006, 0.8453676377454125, 1.9431922102596582, 0.9777900569980981, 0.7505360987967041, 0.8880845471817571, 0.007261874604176218, 0.9718096896770094, 0.5130300823305868, 1.6074373020899277, 0.2251181127295766, 0.5378058898036712, 0.5352428752374903, 1.0717672577580795, 0.8556196960101359, 0.24562222925902905, 0.42417891070297276, 1.1247362254591475, 0.2268267891070305, 1.2375088663711191, 1.111921152628249, 0.08927834072197184, 1.3143993033565529, 0.3361820772640913, 1.8321282457251464, 1.1973549715009468, 0.31738663711209275, 0.9060256491450287, 0.03203768207726627, 0.626657061431288, 1.3929984167194407, 0.9846247625079136, 1.2605759974667494, 0.6608305889803631, 68.36286035465488, 46.762627929069055, 33.68271025965803, 19.871479100696657, 16.79927897403421, 13.795425902469928, 10.049152944901847, 0.095258708043069, 2.5830915136162167, 3.5399502849905073, 0.6411808106396433, 0.3336190626979105, 0.014950918302727293, 0.7761662444585211, 1.8902232425585817, 1.0410110829639008, 0.8709977834072239, 0.9290927802406592, 0.4600611146295131, 0.5027780240658606, 1.5407989233692256, 1.0580978467384399, 0.6300744141861958, 1.0145265991133654, 0.5839401519949378, 0.7812922735908772, 0.9726640278657364, 0.25245693476883896, 0.6317830905636554, 0.44468302723242803, 0.6275113996200149, 0.6941497783407198, 0.22511811272957943, 1.0435740975300816, 0.2866304623179226, 1.692871120962631, 0.36522957568081327, 0.9478882203926605, 0.7616424952501629, 0.1670231158961327, 0.16275142495250366, 0.872706459784672, 1.0025658644711881, 0.4617697910069642, 0.3729186193793472, 0.6343461051298248, 1.5202948068397701, 0.4421200126662443, 0.6633936035465525, 1.207607029765673, 0.41905288157061676, 1.3793290056998067, 0.3250756808106438, 0.29688252058265163, 0.2507482583913879, 0.8180288157061415, 0.4002574414186153, 0.35156016466118206, 1.1119211526282433, 0.8966279290690294, 0.11490848638378315, 1.0939800506649802, 0.7582251424952468, 0.009824889170357065, 0.28663046231792544, 0.20717701076630782, 0.5591643445218477, 0.5155930968967676, 1.0760389487017143, 0.010679227359092549, 0.853056681443955, 0.6608305889803631, 1.2093157061431268, 0.11918017732742926, 0.6625392653578284, 1.2938951868271031, 0.6898780873970851, 0.6087159594680136, 1.2682650411652918, 0.21913774540849365, 2.0704886003799907, 0.07304591513615981, 0.16018841038632278, 1.475014882837242, 0.3592492083597218, 0.48227390753641375, 0.8855215326155791, 1.4425500316656095, 0.8052137428752373, 0.12772355921469306, 0.6078616212792866, 1.3964157694743486, 0.5924835338822044, 0.1584797340088689, 1.1554924002533233, 0.6275113996200149, 0.7599338188727119, 0.11661716276124842, 0.005553198226725166, 2.0397324255858176, 0.16275142495250366, 0.3242213426219055, 0.05852216592779883, 1.6330674477517417, 0.5677077264091172, 0.20974002533248867, 0.12174319189360158, 1.3041472450918352, 0.34472545915136366, 0.04827010766308114, 0.43101361621279116, 0.1781295123495887, 0.2353701709943, 0.7958160227992381, 1.5493423052564923, 1.05126314122863, 0.36693825205826147, 0.7932530082330572, 1.148657694743505, 0.04314407853071945, 0.643743825205827, 0.24903958201393114, 0.7941073464217842, 0.42076155794806774, 1.990180810639649, 1.26399335022166, 0.11149113362888104, 0.044852754908167654, 1.4416956934768823, 0.7428470550981673, 1.1341339455351467, 0.2276811272957603, 0.9205493983533868, 0.7872726409119742, 1.1110668144395193, 1.3776203293223528, 0.5847944901836647, 0.5779597846738406, 0.48227390753641375, 0.05681348955034778, 0.28748480050664954, 0.5625816972767583, 0.39769442685243733, 0.6727913236225489, 0.3182409753008197, 0.5249908169727697, 1.2281111462951195, 0.6146963267891107, 0.6386177960734681, 2.1166228625712518, 0.5873575047498398, 1.2170047498416694, 1.3870180493983577, 0.616405003166559, 0.03460069664343858, 0.5583100063331264, 0.22597245091830068, 1.5339642178594015, 0.49338030398986693, 0.1542080430652313, 0.37804464851171465, 0.5104670677644115, 0.46604148195059886, 0.0739002533248896, 0.31738663711209275, 0.04058106396453007, 1.2178590880303992, 0.7847096263457877, 0.29944553514883254, 0.0166595946801755, 0.17727517416086178, 0.47971089297023006, 0.11234547181760797, 0.30884325522482614, 0.3054259024699183, 0.4352853071564316, 0.29859119696009423, 1.0657868904369825, 1.4229002533248893, 3.3357634578847444, 1.834691260291327, 1.9107273590880285, 0.9393448385053796, 0.40538347055098556, 0.30115421152628924, 0.1396842938568732, 0.5685620645978441, 1.5331098796706744, 0.5591643445218477, 1.2921865104496493, 0.2507482583913879, 0.7061105129828971, 0.5420775807473087, 0.15933407219759302, 0.595900886637115, 0.2772327422419233, 0.33618207726408844, 0.12430620645978242, 0.6070072830905596, 0.6557045598480015, 0.3609578847371785, 1.5920592146928483, 0.8043594046865077, 1.9859091196960086, 0.6454525015832838, 1.1683074730842276, 0.2840674477517446, 0.1670231158961327, 1.3861637112096334, 1.6390478150728274, 0.48996295123495914, 0.7266146295123523, 0.43613964534515565, 0.4583524382520564, 0.2618546548448382, 0.6488698543381887, 1.3964157694743486, 0.8735607979733989, 0.990605129829008, 1.9619876504116511, 1.8637387587080434, 0.9410535148828422, 1.2084613679543998, 1.2631390120329304, 0.03032900569981237, 0.3336190626979105, 1.4425500316656095, 0.28065009499683113, 1.188811589613677, 0.06706554781507117, 0.02007694743508614, 0.39256839772007274, 1.516877454084868, 0.6112789740342058, 0.34216244458517997, 0.42759626345788054, 0.05852216592779883, 0.8308438885370487, 0.9393448385053854, 0.6539958834705475, 1.5356728942368554, 0.5890661811272995, 0.23707884737175672, 0.1627514249525008, 0.643743825205827, 0.5899205193160235, 0.37462729575681253, 1.2255481317289472, 0.7120908803039857, 0.6719369854338162, 0.15249936668777742, 0.0064075364154521156, 1.0444284357188172, 0.8402416086130507, 1.2597216592780225, 1.9457552248258392, 0.0474157694743485, 0.5540383153894831, 0.6488698543381859, 0.3874423685877139, 0.10807378087396755, 0.5412232425585818, 0.2584373020899333, 1.070912919569344, 1.7560921469284365, 0.3635208993033565, 0.2413505383153886, 0.9598489550348321, 1.0290503483217206, 0.173857821405954, 0.45578942368588116, 1.4528020899303327, 2.4147868904369907, 0.14139297023432992, 0.2712523749208318, 0.44895471817605703, 0.6821890436985397, 0.6548502216592744, 1.2281111462951195, 0.7573708043065197, 0.929947118429389, 0.8932105763141188, 0.433576630778972, 0.09611304623179028, 0.6702283090563624, 0.4532264091196918, 0.13712127929069234, 1.07518461051299, 0.41307251424952524, 0.5745424319189327, 0.6386177960734681, 2.201202343255231, 0.5984639012032931, 0.738575364154524, 0.509612729575679, 0.08500664977833709, 1.1683074730842276, 1.3212340088663712, 0.7633511716276083, 0.005553198226725166, 0.36181222292589976, 0.03887238758707617, 0.1388299556681434, 0.7770205826472453, 1.228965484483858, 0.5941922102596611, 0.34899715009500126, 1.5442162761241305, 0.9256754274857485, 0.6762086763774511, 1.4715975300823314, 0.2960281823939276, 1.1751421785940432, 1.2118787207093078, 0.7018388220392681, 0.28748480050664954, 0.783855288157058, 1.7620725142495253, 0.8692891070297643, 0.27381538948701833, 2.8197431918936102, 1.670658328055736, 0.23024414186194112, 0.17300348321722417, 0.6070072830905596, 1.2503239392020233, 0.325930018999365, 2.18582425585814, 459.47461146295143, 455.31996485117185, 451.46006491450305, 1.5220034832172242, 0.6129876504116569, 0.614696326789105, 1.2699737175427515, 0.10380208993033566, 0.5950465484483852, 0.05766782773907472, 1.0196526282457214, 0.5113214059531329, 0.08927834072198038, 0.019222609246356347, 0.6984214692843574, 1.23323717542749, 0.003844521849274115, 0.028620329322355628, 0.12772355921469591, 1.5425075997466795, 0.01751393286890814, 0.8701434452184997, 1.3861637112096334, 0.4737305256491414, 0.5420775807473058, 1.7501117796073509, 0.6873150728309099, 1.6176893603546538, 0.03630937302089532, 1.1691618112729545, 1.234091513616214, 2.6796317289423732, 1.5314012032932234, 1.0094005699810038, 0.016659594680184034, 0.4780022165927876, 0.8778324889170337, 0.6779173527549078, 0.17642083597213767, 0.07646326789107329, 1.0401567447751767, 0.6078616212792951, 0.31738663711209275, 0.6557045598480015, 0.7163625712476234, 1.0786019632678894, 0.8111941101963289, 0.41221817606080113, 1.2323828372387629, 0.5651447118429364, 0.5420775807473058, 0.828280873970865, 0.27466972767574815, 0.3002998733375594, 0.6975671310956276, 0.4797108929702386, 1.6868907536415452, 0.3037172260924644, 3.155498100063335, 1.0606608613046262, 1.9474639012032902, 0.3934227359088054, 0.9880421152628244, 1.742422735908808, 0.3344734008866346, 2.3464398353388236, 0.8795411652944876, 0.47031317289423646, 1.1281535782140582, 0.275524065864478, 0.445537365421155, 1.7133752374920863, 0.7223429385687177, 1.3443011399620044, 1.3639509183027272, 1.0324677010766286, 0.49252596580114, 0.28406744775174175, 0.293465167827741, 0.28065009499683397, 0.2780870804306502, 1.733879354021533, 0.294319506016468, 0.26868936035465096, 0.4301592780240727, 0.0004271690943606288, 1.0444284357188172, 0.10294775174160871, 1.2460522482583885, 0.5907748575047505, 0.1883815706143121, 1.7304620012666252, 0.9794987333755519, 1.2469065864471183, 0.9658293223559237, 1.111921152628249, 0.732594996833441, 0.40709214692843376, 0.05852216592779883, 0.56770772640912, 2.9478939202026635, 1.1657444585180525, 0.1653144395186845, 0.8009420519316026, 0.2738153894870212, 3.683479100696646, 0.19607061431284895, 0.46262412919569107, 0.5275538315389449, 1.0153809373020866, 2.1217488917036134, 2.255879987333761, 0.5540383153894831, 0.3139692843571906, 0.8316982267257784, 0.30542590246991547, 1.795391703609876, 34.522524699176714, 26.57974255858139, 20.57801678277392, 23.129070614312877, 22.65833027232427, 20.696769791006982, 20.43192495250159, 15.526315072830918, 30.63186858771376, 19.3768172894237, 13.583550031665622, 3.820173210892975, 0.4079464851171664, 0.7505360987967098, 0.5190104496516811, 1.601456934768839, 1.0187982900569945, 0.07902628245725128, 0.43613964534515565, 1.0469914502849866, 0.25245693476883896, 0.9367818239392017, 2.160194110196332, 0.9513055731475598, 2.53012254591514, 0.09269569347688815, 0.2789414186193829, 1.5852245091830297, 0.6873150728309099, 0.6394721342621895, 1.6851820772640942, 0.8103397720075962, 0.37719031032298767, 0.3344734008866374, 0.6915867637745446, 1.9209794173527577, 0.11747150094996399, 0.049124445851802395, 0.5463492716909406, 0.9982941735275562, 0.8897932235592195, 0.2567286257124765, 0.5173017732742272, 0.6104246358454704, 0.4173442051931571, 0.8342612412919564, 0.857328372387587, 0.38829670677644373, 0.3498514882837168, 1.0281960101329994, 0.41221817606080113, 0.00897055098162727, 0.045707093096897446, 1.1196101963267915, 1.1255905636478745, 2.0038502216592744, 0.9820617479417357, 0.027765991133628678, 0.6813347055098127, 0.1952162761241334, 1.4536564281190625, 0.4429743508549741, 0.4498090563647954, 0.10038473717542785, 0.1302865737808739, 1.2503239392020289, 0.428450601646616, 2.016665294490187, 0.640326472450922, 0.9034626345788479, 0.40367479417353447, 0.02605731475617478, 0.6070072830905682, 1.0709129195693525, 0.16958613046231355, 1.8663017732742242, 0.13455826472450866, 0.6599762507916361, 0.2037596580113972, 0.055959151361620836, 0.30884325522482325, 0.5429319189360385, 2.326790056998104, 0.6539958834705475, 2.320809689677015, 0.014950918302727293, 0.9923138062064647, 0.3361820772640913, 2.459212476250798, 1.2400718809373055, 3.614277707409758, 0.7505360987967098, 0.5079040531982251, 0.09867606079797396, 0.30200854971501334, 0.6087159594680249, 1.9466095630145688, 1.0170896136795462, 2.4540864471184363, 0.7556621279290715, 1.2768084230525616, 0.7052561747941729, 0.05339613679543999, 1.0606608613046207, 0.39940310322988837, 0.5830858138062136, 0.48398258391386767, 1.415211209626344, 1.0017115262824554, 0.5557469917669371, 0.30286288790373467, 1.6655322989233656, 1.6928711209626424, 0.6198223559214667, 0.17727517416085894, 1.1486576947435134, 0.7565164661177957, 1.2921865104496493, 0.7898356554781552, 0.5301168461051258, 1.129007916402788, 0.28235877137428783, 0.0696285623812577, 0.09953039898670375, 1.1187558581380617, 1.625378404053199, 0.504486700443323, 0.8880845471817571, 1.825293540215325, 0.47714787840405776, 1.9431922102596582, 0.45322640911970036, 0.7274689677010736, 2.531831222292594, 0.024348638378720887, 1.5442162761241276, 0.37462729575681253, 0.5070497150095038, 0.461769791006967, 1.2400718809373055, 0.8778324889170365, 0.0046988600379982174, 0.042289740341986806, 0.6070072830905596, 0.354977517416087, 1.65955193160228, 1.0948343888537042, 0.24903958201393114, 0.19179892336921706, 0.198633628879044, 1.6125633312222978, 1.8748451551615022, 1.4844126029132412, 1.9124360354654852, 2.3626722609246413, 2.0858666877770786, 0.7650598480050737, 0.5753967701076625, 4.614707726409123, 0.28321310956301476, 1.1196101963267857, 0.11576282457251863, 0.06023084230524989, 0.678771690943632, 0.4096551614946203, 1.112775490816973, 1.0418654211526306, 0.6950041165294496, 1.266556364787838, 0.5266994933502179, 0.2353701709943, 1.146094680177324, 1.496373337555413, 1.187102913236226, 0.27894141861938004, 0.2977368587713786, 1.222130778974031, 1.6450281823939248, 4.181558264724514, 0.5420775807473087, 0.13797561747941928, 0.9094430018999393, 2.019228309056368, 0.942762191260296, 0.5121757441418655, 0.140538632045603, 1.5613030398986751, 0.2174290690310369, 0.7368666877770701, 1.1700161494616843, 3.0828793540215385, 0.7343036732109006, 0.900899620012667, 0.28748480050664954, 0.10294775174160585, 1.7680528815706196, 1.142677327422422, 1.9534442685243874, 0.16018841038632278, 1.703977517416084, 1.418628562381255, 0.9931681443951832, 1.6416108296390197, 0.4113638378720685, 1.8252935402153307, 0.4959433185560506, 1.1366969601013304, 1.0495544648511788, 2.3959914502849924, 0.717216909436356, 0.28065009499683113, 1.6219610512982943, 0.4335766307789777, 0.15079069031032635, 1.142677327422422, 0.8393872704243267, 0.6078616212792866, 1.0247786573780917, 0.7189255858138043, 1.3887267257758058, 0.14822767574414267, 0.43101361621279116, 1.3032929069031112, 0.5523296390120292, 1.0358850538315392, 0.04143540215325985, 0.8316982267257784, 0.3045715642811942, 0.9120060164661145, 0.2575829639012035, 0.6651022799240036, 1.3152536415452798, 0.9154233692210223, 0.09953039898670091, 0.1986336288790355, 0.3532688410386331, 1.7586551614946173, 1.3041472450918268, 0.9863334388853676, 0.9222580747308493, 0.6762086763774567, 0.12259753008233136, 0.5335341988600364, 0.7607881570614274, 1.068349905003163, 0.0739002533248896, 0.13455826472450866, 1.8022264091196947, 0.2661263457884758, 0.36010354654844584, 1.6877450918302694, 1.9141447118429418, 0.24903958201393686, 0.45920677644078894, 1.0965430652311638, 0.309697593413553, 0.8795411652944904, 1.1512207093096858, 0.7061105129828971, 1.4365696643445294, 0.7992333755541515, 0.9931681443951945, 0.3284930335655516, 0.05425047498416409, 0.4592067764407833, 0.22170075997466027, 0.2191377454084794, 0.39342273590880256, 0.0388723875870847, 1.3477184927169124, 1.0649325522482582, 1.0811649778340702, 0.7787292590246963, 1.9243967701076599, 1.6176893603546596, 0.5121757441418598, 1.2016266624445813, 0.27296105129828285, 0.36522957568081044, 1.299875554148192, 0.09525870804306333, 1.4485303989866982, 0.2755240658644694, 0.978644395186825, 0.006407536415454961, 0.6582675744141824, 0.91884072197593, 0.1413929702343214, 0.5719794173527519, 0.7402840405319864, 0.16104274857504408, 0.533534198860042, 1.5988939202026637, 0.8923562381253918, 0.1251605446485122, 0.16446010132995184, 1.0264873337555427, 1.340883787207094, 0.3498514882837168, 0.3054259024699183, 0.6557045598480071, 0.5651447118429364, 1.5433619379354062, 0.9222580747308464, 0.10465642811906545, 0.5950465484483852, 0.13028657378087677, 2.4233302723242605, 0.13284958834705476, 1.079456301456622, 0.8752694743508529, 0.20717701076630782, 0.01751393286890814, 0.34899715009499266, 0.22768112729575746, 1.1836855604813212, 0.2473309056364858, 1.0136722609246356, 1.523712159594681, 0.06023084230524989, 0.1841098796706802, 0.9231124129195734, 0.04143540215325985, 0.83767859404687, 1.404104813172891, 0.12772355921469306, 1.3536988600379982, 1.6185436985433894, 1.3613879037365464, 0.03203768207726627, 0.8641630778973998, 0.6557045598480015, 0.7129452184927212, 1.3374664344521834, 0.14566466117796467, 0.2054683343888511, 1.495518999366686, 0.1225975300823342, 0.9085886637112096, 0.13626694110196255, 0.06535687143762581, 1.2511782773907587, 0.5933378720709285, 0.4711675110829663, 1.0598065231158995, 0.6155506649778348, 0.7864183027232388, 0.5104670677644059, 0.8163201393286877, 0.4412656744775174, 0.20803134895503192, 0.349851488283731, 1.069204243191893, 0.14651899936669163, 0.06279385687144495, 0.4805652311589599, 0.5890661811272995, 0.7881269791006927, 0.35668619379353805, 1.7287533248891715, 0.884667194426852, 0.5736880937302115, 0.31226060797973676, 1.1418229892336922, 0.9162777074097492, 1.7407140595313488, 0.9701010132995528, 0.009824889170362755, 1.2921865104496493, 0.5113214059531329, 0.2293898036732085, 2.1670288157061415, 0.36608391386954026, 1.308418936035464, 1.2443435718809375, 0.5745424319189327, 1.1794138695376808, 0.40196611779606917, 0.9846247625079136, 0.3882967067764409, 0.16018841038631995, 1.2477609246358423, 1.6988514882837282, 0.34472545915136366, 0.636909119696017, 1.4143568714376171, 1.0803106396453432, 0.3934227359088054, 1.3229426852438224, 0.7659141861938005, 1.1836855604813212, 0.023494300189991088, 0.8445132995566798, 0.013242241925273394, 0.4916716276124102, 0.7223429385687177, 0.857328372387587, 1.0709129195693525, 0.02605731475617478, 0.5463492716909406, 0.24903958201393114, 1.3528445218492742, 0.036309373020898164, 1.4528020899303327, 0.08500664977833992, 0.21230303989867236, 0.7026931602279893, 0.4942346421785911, 0.6480155161494588, 0.13114091196960084, 0.8436589613679529, 0.44297435085496845, 1.3759116529449045, 1.4989363521215937, 0.6300744141861901, 1.0196526282457299, 0.015805256491454242, 0.6702283090563652, 2.003850221659283, 1.6065829639012006, 1.6979971500949955, 0.5959008866371122, 1.008546231792274, 0.9701010132995528, 0.19009024699176316, 0.8445132995566884, 0.2541656111462957, 0.33020170994300263, 1.492101646611778, 0.11490848638378315, 0.42588758708043517, 0.2943195060164623, 0.8667260924635806, 1.0162352754908193, 0.23622450918302693, 0.20290531982267307, 0.029474667511085424, 0.5010693476884066, 0.20717701076631068, 2.654855921469286, 0.11832583913869092, 0.4788565547815117, 0.9777900569980981, 0.2114487017099454, 0.5976095630145632, 0.27039803673210205, 0.536951551614947, 1.6655322989233656, 1.3084189360354728, 1.0529718176060838, 1.598893920202658, 1.657843255224829, 0.3669382520582643, 0.8428046231792317, 0.4574981000633294, 0.7804379354021558, 0.9794987333755548, 0.6693739708676355, 0.5480579480684002, 0.0986760607979711, 0.30029987333755376, 0.0405810639645386, 0.3703556048131749, 1.3613879037365464, 0.4899629512349563, 0.7249059531348986, 0.09440436985434207, 1.460491133628884, 0.8231548448385062, 0.1055107663077867, 1.3682226092463563, 0.6035899303356576, 0.19692495250158443, 0.19521627612412487, 0.07219157694743285, 0.7565164661177928, 0.8197374920836011, 0.8009420519316026, 0.13541260291323845, 1.4681801773274206, 0.29090215326155733, 0.31055193160228, 0.37804464851172315, 0.0004271690943606288, 0.01324224192526486, 0.4660414819506046, 1.0837279924002512, 1.299875554148192, 1.2281111462951195, 0.7120908803039944, 0.43870265991133367, 0.1499363521215966, 1.6860364154528211, 0.42759626345788054, 0.15079069031032352, 0.7155082330588963, 0.5027780240658691, 1.0700585813806172, 1.3425924635845452, 0.41990721975934364, 0.414781190626982, 0.5412232425585789, 0.5506209626345754, 0.4088008233058905, 1.124736225459156, 1.0213613046231753, 4.05938790373655, 0.6352004433185603, 1.3477184927169066, 1.4143568714376171, 0.8556196960101359, 1.5920592146928483, 0.9521599113362867, 1.492955984800505, 1.950026915769471, 1.19650063331222, 0.1841098796706802, 1.5578856871437587, 0.34130810639645015, 0.029474667511085424, 0.3378907536415452, 1.4100851804939882, 0.2780870804306531, 0.2533112729575716, 0.2567286257124737, 0.6232397086763773, 1.5331098796706744, 0.7958160227992409, 0.5548926535782215, 0.7334493350221623, 0.6796260291323616, 1.1478033565547865, 0.866726092463589, 0.7787292590247019, 2.0508388220392626, 1.3682226092463563, 0.0012815072830904232, 2.1456703609879653, 0.03972672577580027, 0.2259724509183064, 0.05083312222925914, 0.5839401519949378, 1.1179015199493318, 0.943616529449023, 0.3660839138695373, 0.2370788473717539, 0.17129480683977313, 0.44810037998733016, 1.485266941101971, 0.07902628245725128, 0.9658293223559237, 0.5497666244458512, 1.8868058898036741, 0.24562222925902905, 0.06791988600380665, 0.0739002533248896, 0.3404537682077289, 0.6522872070930964, 0.5061953768207683, 0.11661716276124842, 1.1503663711209673, 0.15079069031032635, 0.6386177960734681, 0.2259724509183064, 0.4959433185560506, 0.4293049398353458, 0.034600696643447115, 0.30798891703609915, 0.026057314756171936, 97.7597830905637, 92.25784515516153, 80.00919854338193, 58.862619696010164, 38.0953670044332, 29.580178277390765, 32.00051836605448, 28.50029480683979, 23.07012127929071, 4.5736994933502295, 0.671082647245095, 1.3408837872070911, 2.6240997466751157, 1.5886418619379319, 0.9615576314122832, 0.13797561747941928, 0.747973084230529, 0.0457070930969003, 0.8479306523115877, 1.2187134262191262, 1.2238394553514906, 2.041441101963269, 0.11490848638379168, 0.38915104496517067, 1.1563467384420503, 1.39043540215326, 0.7018388220392624, 1.111921152628249, 0.7753119062697913, 0.6146963267891107, 0.717216909436356, 0.9154233692210223, 0.6394721342621922, 0.08415231158961584, 0.5249908169727641, 1.5390902469917747, 0.5753967701076654, 0.30884325522482325, 0.4651871437618748, 0.5600186827105832, 0.04143540215325985, 0.15933407219759302, 0.6599762507916361, 0.20717701076631068, 1.4827039265357789, 0.6838977200759936, 0.4891086130462293, 0.672791323622546, 0.2165747308423071, 0.6112789740341973, 1.1179015199493318, 0.6292200759974632, 0.7770205826472453, 0.7838552881570637, 0.8214461684610522, 1.205898353388219, 1.2725367321089296, 1.6339217859404715, 0.5010693476884066, 2.4856969601013335, 0.4660414819506046, 0.9991485117162832, 1.3323404053198187, 2.069634262191261, 1.585224509183024, 0.433576630778972, 0.3729186193793615, 0.3284930335655516, 0.4088008233058877, 0.7437013932868886, 2.1294379354021586, 0.20546833438885392, 0.5847944901836647, 1.085436668777708, 0.83767859404687, 1.0589521849271697, 0.9589946168461023, 0.5719794173527548, 0.5429319189360385, 0.9205493983533926, 0.2473309056364858, 0.08244363521215908, 0.7069648511716297, 0.9196950601646684, 0.8453676377454068, 0.4848369221026003, 1.615980683977197, 0.17300348321722417, 1.19650063331222, 0.5232821405953101, 0.2191377454084794, 0.8974822672577621, 0.3361820772640913, 1.2007723242558657, 1.4135025332488902, 1.1042321089297065, 1.2486152628245692, 0.21657473084229859, 2.142253008233057, 1.1512207093096858, 1.5510509816339433, 0.4780022165927876, 0.07560892970234351, 0.5993182393920229, 0.4352853071564316, 0.7659141861937977, 1.234091513616214, 0.39000538315389477, 1.3844550348321683, 0.27979575680810415, 0.9820617479417328, 0.4993606713109584, 1.1657444585180525, 3.242640595313495, 0.5685620645978441, 0.7992333755541459, 0.36779259024699124, 0.08500664977833992, 0.8180288157061474, 1.085436668777708, 0.0012815072830904232, 0.6343461051298362, 1.047845788473722, 0.2481852438252099, 1.624524065864475, 0.11490848638379168, 0.27210671310955875, 1.8312739075364137, 0.3481428119062743, 0.962411969601013, 0.01836827105763509, 0.1653144395186845, 0.5318255224825796, 0.30286288790373467, 0.4780022165927876, 0.6898780873970908, 0.433576630778972, 2.1695918302723225, 0.5010693476884123, 0.13968429385686465, 0.5642903736542094, 0.6497241925269156, 1.1537837238758695, 0.31140626979100694, 0.9760813806206499, 0.35754053198226504, 0.6172593413552916, 0.37035560481316643, 0.7377210259658056, 0.48398258391386767, 0.9880421152628244, 0.3165322989233686, 0.7915443318556091, 1.0999604179860631, 0.2114487017099454, 0.27381538948701833, 0.12003451551615052, 1.385309373020898, 0.6232397086763746, 1.3690769474350861, 0.812902786573777, 0.9239667511082974, 0.4301592780240699, 0.509612729575679, 0.19179892336921706, 0.760788157061436, 1.0973974034198823, 0.14822767574414553, 0.571125079164025, 0.5309711842938527, 2.2311041798606683, 0.7838552881570637, 1.5194404686510432, 0.41990721975934364, 0.38231633945534943, 0.7095278657378049, 0.39342273590880256, 1.7868483217226094, 1.990180810639649, 0.5241364787840399, 1.2742454084863835, 1.0580978467384454, 2.542937618746045, 1.158909753008234, 1.1683074730842276, 0.031183343888536472, 0.0439984167194464, 1.6356304623179228, 1.1930832805573177, 0.190090246991766, 0.22938980367321132, 1.6228153894870156, 2.4515234325522495, 0.7889813172894282, 1.4997906903103206, 0.7479730842305232, 1.3314860671311033, 0.9094430018999393, 0.6967127929069007, 0.05168746041798324, 1.0794563014566163, 0.20034230525649507, 0.9760813806206442, 2.201202343255231, 0.27894141861938004, 0.4686044965167797, 0.9325101329955641, 0.17044046865104334, 1.312690626979099, 4.419064281190634, 0.05681348955034778, 0.5659990500316633, 0.7941073464217898, 0.24647656744774746, 0.6838977200759936, 0.27296105129828285, 1.3032929069030998, 0.3020085497150105, 0.5292625079164102, 0.5079040531982307, 0.5933378720709285, 0.05339613679544283, 1.4673258391386936, 0.39769442685243445, 0.5899205193160206, 0.4173442051931628, 0.4865455984800485, 1.0555348321722589, 0.2481852438252099, 0.8257178594046869, 1.2486152628245721, 0.9735183660544691, 0.8932105763141188, 0.7599338188727119, 1.2460522482583913, 1.2563043065231203, 1.199063647878409, 0.12259753008233136, 0.8786868271057606, 0.29944553514883254, 1.4092308423052613, 0.32849303356554593, 1.1853942368587695, 0.4181985433818841, 0.5480579480684002, 1.146094680177324, 1.1093581380620625, 1.5288381887270428, 0.9829160861304655, 0.8205918302723281, 0.5608730208993072, 0.5617273590880342, 1.7082492083597245, 0.5061953768207798, 1.4382783407219806, 0.9863334388853676, 0.4976519949334989, 1.4015417986067158, 1.3596792273590952, 0.9683923369221074, 0.751390436985434, 0.34728847371753596, 1.4117938568714448, 1.330631728942365, 0.19777929069030853, 0.7975246991766949, 0.11918017732742073, 0.8428046231792345, 0.9410535148828422, 1.4357153261557911, 1.0999604179860718, 0.7710402153261594, 0.43784832172260674, 0.5454949335022193, 0.31055193160228, 0.8504936668777684, 0.11063679544015123, 0.7642055098163354, 0.7129452184927212, 1.3536988600379953, 1.5638660544648475, 0.3763359721342664, 1.0991060797973446, 0.2114487017099454, 0.6121333122229299, 0.4916716276124159, 0.047415769474351346, 0.2780870804306531, 0.2251181127295766, 0.413926852438255, 0.5489122862571215, 1.8073524382520565, 0.18410987967067738, 0.8000877137428728, 0.38915104496516495, 0.18923590880304192, 0.8086310956301451, 1.0042745408486364, 0.2251181127295766, 0.21230303989867236, 0.525845155161491, 0.3703556048131749, 1.1443860037998759, 0.5446405953134924, 0.2951738442051892, 0.7821466117796069, 0.05681348955034778, 0.28321310956301476, 1.067495566814442, 0.48227390753641375, 0.2516025965801177, 0.39854876504116143, 0.615550664977832, 0.790689993666885, 1.1580554148195041, 0.550620962634581, 1.994452501583278, 1.5715550981633928, 0.3737729575680856, 0.4985063331222286, 0.7377210259657971, 0.3421624445851828, 0.10721944268524346, 0.12857789740342002, 1.3092732742241997, 1.7509661177960778, 0.33703641545281826, 0.15506238125395824, 0.24903958201393686, 1.3178166561114637, 2.326790056998104, 0.45237207093097626, 0.30713457884737505, 1.415211209626344, 1.1828312222925885, 0.1396842938568732, 1.8987666244458485, 0.25074825839139075, 0.2550199493350198, 0.6061529449018441, 0.018368271057629396, 0.6411808106396462, 0.4916716276124102, 0.6787716909436377, 1.5963309056364774, 2.058527865737808, 0.4686044965167797, 0.39769442685243733, 1.1366969601013304, 1.8970579480683945, 1.056389170360986, 0.7548077897403446, 0.4207615579480649, 0.7770205826472424, 0.1781295123495887, 0.7770205826472453, 0.4105094996833444, 0.7394297023432538, 0.9401991766941067, 0.6864607346421744, 0.866726092463589, 0.5967552248258363, 1.7817222925902452, 1.5715550981633957, 0.01409658011400319, 1.0264873337555427, 1.0230699810006378, 0.19179892336922558, 0.1345582647245115, 1.1401143128562354, 0.36352089930335935, 0.4122181760607954, 0.790689993666885, 0.7300319822672545, 0.026057314756171936, 0.2533112729575716, 0.09013267891070732, 0.39000538315389194, 0.1251605446485122, 0.02862032932235278, 1.706540531982265, 0.414781190626982, 1.3502815072830932, 0.09782172260924984, 0.5882118429385697, 0.265272007599746, 0.2644176694110191, 0.343871120962631, 0.11747150094996399, 0.6847520582647206, 1.1392599746675143, 0.5677077264091172, 0.2926108296390084, 2.670234008866377, 0.18752723242558234, 0.32165832805572464, 0.2789414186193829, 0.07646326789107329, 0.7761662444585155, 0.027765991133628678, 1.0051288790373663, 0.8633087397086727, 0.12857789740341716, 1.457073780873973, 0.784709626345785, 2.133709626345796, 0.7001301456618113, 0.2456222292590205, 0.3635208993033565, 0.6753543381887269, 1.0273416719442667, 1.760363837872074, 1.4425500316656095, 1.0000028499050015, 0.7377210259657971, 0.09013267891070732, 0.026911652944904572, 1.3451554781507258, 0.2618546548448354, 1.3682226092463563, 2.068779924002531, 0.02263996200126983, 0.028620329322355628, 1.5501966434452163, 1.1554924002533233, 0.4574981000633294, 1.3502815072830876, 0.7052561747941702, 0.0807349588347052, 0.7368666877770815, 0.7855639645345118, 0.1798381887270426, 1.1742878404053247, 0.7351580113996247, 1.2571586447118501, 0.14651899936669163, 1.6757843571880975, 0.5736880937302058, 2.437854021532618, 0.8436589613679586, 0.600172577580744, 0.10636510449651648, 1.0598065231158995, 0.0064075364154521156, 0.7693315389486999, 0.5472036098796704, 1.146094680177324, 0.15249936668777742, 0.6633936035465553, 0.4950889803673208, 1.6552802406586424, 0.83767859404687, 0.2729610512982971, 0.6454525015832779, 0.5181561114629485, 0.0696285623812577, 0.020076947435088987, 0.10636510449651648, 0.9000452818239401, 0.09953039898670091, 0.0807349588347052, 0.8479306523115934, 1.4066678277390718, 0.0064075364154521156, 1.7022688410386333, 0.29261082963901125, 0.3173866371120984, 0.15249936668777458, 0.05766782773907472, 0.4395569981000635, 0.21230303989867236, 0.1636057631412306, 0.41990721975934364, 2.0559648511716238, 0.3968400886637075, 0.6377634578847441, 1.192228942368585, 0.4515177327422465, 0.5514753008233052, 1.5117514249525066, 0.6497241925269156, 1.1478033565547778, 0.6685196326789142, 1.750111779607345, 0.18069252691576956, 0.3233670044331899, 0.3575405319822679, 1.7449857504749804, 0.0166595946801755, 0.3284930335655516, 0.16616877770741428, 0.5079040531982251, 1.9884721342621894, 0.888938885370484, 1.7116665611146267, 0.3985487650411728, 0.014950918302727293, 0.42503324889170824, 0.24305921469283967, 0.0004271690943634743, 0.6463068397720078, 0.9205493983533868, 0.005553198226725166, 1.087145345155159, 1.6245240658644693, 0.9427621912602875, 1.72277295756808, 48.95827707409756, 44.64045186827111, 1.2725367321089325, 0.6240940468651044, 1.3639509183027216, 0.7462644078530721, 0.2148660544648532, 0.9128603546548443, 0.8453676377454068, 1.4485303989866982, 1.6074373020899304, 1.7142295756808132, 1.3776203293223583, 0.4395569981000663, 1.0051288790373634, 0.8556196960101302, 1.4442587080430662, 1.2187134262191262, 0.4780022165927762, 0.16531443951867597, 0.06535687143761158, 0.7667685243825246, 0.461769791006967, 1.174287840405316, 0.5557469917669371, 1.2964582013932897, 0.24049620012666453, 1.7202099430019047, 0.19179892336921706, 0.5138844205193137, 1.2588673210892956, 0.5847944901836647, 0.1431016466117753, 0.3464341355288204, 0.6924411019632717, 2.1046621279290743, 0.45920677644078894, 0.23964186193793754, 0.5924835338822015, 1.598039582013931, 1.067495566814442, 0.4976519949334989, 2.3652352754908224, 0.10209341355288176, 0.21059436352121277, 1.0350307156428094, 0.4301592780240727, 0.596755224825842, 0.5027780240658691, 0.2259724509183064, 0.4882542748575053, 0.42588758708043517, 0.5651447118429391, 0.7633511716276083, 0.031183343888536472, 0.4173442051931628, 1.505771057631412, 1.0811649778340702, 0.008116212792903168, 0.19607061431286318, 2.2721124129195736, 0.6548502216592744, 0.5463492716909434, 0.9854791006966462, 0.15079069031032635, 0.585648828372386, 0.038018049398357755, 0.2891934768841063, 0.14651899936668591, 1.6501542115262806, 1.1947919569347658, 0.3293473717542729, 0.7949616846105169, 0.21059436352121277, 1.176850854971497, 1.0316133628879045, 1.4023961367954372, 0.18923590880304192, 0.2456222292590205, 2.43187365421153, 0.32849303356554593, 0.9111516782773932, 0.5241364787840428, 0.02263996200126983, 0.5378058898036768, 1.2426348955034863, 1.6399021532615545, 1.115338505383154, 0.26441766941101624, 0.6454525015832838, 0.2780870804306531, 0.964120645978464, 0.9478882203926605, 1.2691193793540216, 1.1768508549715055, 0.3959857504749805, 0.23366149461684607, 0.22511811272957943, 0.7710402153261594, 0.25929164027865453, 0.8060680810639643, 0.0431440785307166, 0.18752723242558234, 1.0683499050031688, 0.9068799873337527, 0.732594996833441, 0.48996295123495914, 2.0713429385687148, 0.20461399620012982, 0.6386177960734681, 0.1302865737808739, 0.5412232425585789, 0.32849303356554593, 0.23024414186193828, 1.163181443951866, 0.4686044965167797, 0.8932105763141301, 1.5937678910703021, 0.23964186193793754, 0.7454100696643482, 0.23195281823939218, 0.12430620645978527, 1.0187982900569945, 0.25843730208993043, 0.8265721975934139, 0.08671532615579099, 0.055959151361623674, 1.7475487650411727, 0.7881269791006927, 0.20461399620012696, 0.93165579480684, 0.4224702343255188, 1.8483606713109526, 1.8218761874604228, 1.2281111462951282, 0.9043169727675777, 0.8547653578214089, 0.6095702976567491, 1.1307165927802447, 0.19692495250158729, 0.9419078530715606, 1.0999604179860718, 1.2571586447118501, 1.9602789740342028, 1.1546380620645964, 0.3054259024699183, 0.525845155161491, 1.4416956934768823, 1.3938527549081734, 1.2836431285623855, 1.667240975300831, 0.783000949968331, 0.8983366054464833, 0.6394721342621922, 0.12686922102596326, 0.13541260291323845, 1.2366545281823922, 0.4284506016466074, 0.24220487650410988, 0.5916291956934803, 1.7338793540215358, 0.20803134895503478, 0.7146538948701779, 0.9248210892970272, 0.7812922735908772, 0.8889388853704897, 0.05766782773907472, 0.6856063964534475, 0.5830858138062023, 0.5976095630145632, 1.8620300823305926, 1.266556364787838, 0.17556649778340505, 1.322088347055101, 1.0931257124762475, 0.7471187460417963, 0.6744999999999971, 1.1717248258391382, 0.7881269791007041, 0.313114946168458, 1.5860788473717566, 1.7877026599113393, 0.2430592146928482, 0.7556621279290715, 0.33191038632045655, 0.014950918302727293, 0.6095702976567491, 1.8534867004433173, 0.6052986067131056, 0.6591219126029179, 1.0461371120962597, 0.2627089930335652, 0.5745424319189327, 1.920125079164025, 0.28406744775174175, 0.579668461051303, 0.5523296390120292, 1.221276440785307, 1.4058134895503562, 1.2486152628245721, 0.7761662444585211, 1.3912897403419868, 0.12174319189360158, 2.1046621279290743, 1.3425924635845452, 0.20974002533248867, 0.15079069031032352, 0.2891934768841063, 0.032892020265993215, 0.2644176694110191, 2.9760870804306587, 0.35754053198226504, 0.6198223559214667, 0.4241789107029841, 1.1495120329322432, 0.3370364154528211, 0.7231972767574418, 1.3451554781507318, 0.3771903103229934, 0.19350759974666812, 1.2520326155794885, 0.5249908169727641, 1.152075047498424, 1.0879996833438887, 0.9137146928435684, 0.6582675744141824, 1.341738125395818, 1.3032929069030998, 1.7125208993033565, 1.3101276124129237, 0.9641206459784668, 0.3882967067764409, 0.24562222925902905, 0.7736032298923345, 0.341308106396453, 0.7437013932868886, 0.25074825839139075, 0.5378058898036712, 0.7061105129829027, 1.2503239392020289, 1.1614727675744119, 1.3460098163394527, 0.5933378720709285, 1.689453768207726, 0.2114487017099454, 1.4023961367954372, 0.275524065864478, 0.14395598480050223, 0.4762935402153223, 0.9137146928435741, 1.6903081063964613, 1.2469065864471212, 0.56770772640912, 0.17727517416085894, 0.9384905003166556, 1.1375512982900546, 1.4237545915136192, 0.21657473084229859, 1.0580978467384454, 0.5941922102596554, 0.5753967701076654, 1.2956038632045628, 0.21401171627612342, 0.2635633312222893, 0.48569126029132154, 0.14651899936668591, 0.3959857504749805, 0.6035899303356576, 0.43186795440151815, 1.1161928435718838, 0.06450253324889602, 0.6668109563014574, 0.326784357188092, 1.0538261557948108, 0.40538347055098556, 0.0439984167194464, 0.8069224192526884, 1.1401143128562354, 0.48996295123495914, 2.3865937302089955, 0.7086735275490893, 1.2118787207093131, 0.40282045598480465, 1.4408413552881554, 0.3165322989233686, 0.5249908169727697, 0.6377634578847441, 1.371639962001264, 0.7795835972134232, 0.41221817606080113, 1.958570297656749, 0.3421624445851828, 0.4293049398353458, 0.519864787840408, 1.0076918936035468, 1.9748027232425667, 0.17812951234958588, 1.9893264724509163, 0.24049620012665884, 1.6381934768841033, 0.5788141228625732, 2.0696342621912636, 0.0388723875870847, 0.26014597846738435, 1.148657694743505, 0.7445557314756154, 0.4651871437618748, 0.3737729575680856, 0.8761238125395855, 0.6283657378087362, 0.059376504116528624, 0.13968429385686465, 1.7202099430019047, 0.17300348321723272, 0.4720218492716875, 0.5198647878404024, 0.4096551614946203, 1.1144841671944241, 1.20162666244459, 0.4634784673844237, 1.3648052564914486, 1.1085037998733382, 0.8351155794806863, 0.7582251424952524, 0.8547653578214089, 2.788987017099434, 0.9410535148828422, 0.8607457251424919, 0.4002574414186153, 0.6403264724509163, 0.26356333122229497, 0.2627089930335652, 1.0051288790373634, 1.4451130462317903, 1.6621149461684581, 0.43699398353388264, 1.2229851171627582, 0.6693739708676383, 1.1255905636478745, 1.1409686510449653, 1.4596367954401483, 0.7223429385687177, 0.6719369854338192, 1.7714702343255273, 0.34899715009499266, 0.42759626345788054, 0.19607061431286318, 0.5728337555414845, 0.596755224825842, 0.04656143128562724, 1.070912919569344, 0.3763359721342579, 1.6074373020899277, 0.173857821405954, 3.129867954401526, 1.9423378720709283, 1.5425075997466824, 0.42674192526916493, 0.6052986067131056, 0.2430592146928482, 2.6992815072830934, 0.06621120962634991, 2.534394236858775, 0.4506633945535195, 1.5220034832172298, 0.2849217859404687, 0.42503324889170824, 0.47971089297023006, 0.40965516149461456, 0.18581855604813127, 1.152929385687151, 0.550620962634581, 0.3959857504749805, 1.0529718176060838, 0.5642903736542122, 1.9918894870171, 2.5275595313489596, 0.7650598480050737, 1.9449008866371094, 1.1144841671944297, 0.12088885370488033, 0.3156779607346417, 0.011533565547822344, 0.40965516149461456, 0.7607881570614274, 1.828710892970233, 1.434006649778337, 0.4873999366687783, 1.3784746675110797, 0.8752694743508529, 0.7385753641545326, 0.5002150094996826, 0.1379756174794136, 0.3002998733375594, 0.6505785307156398, 0.277232742241929, 0.1695861304623221, 0.6548502216592802, 0.6539958834705504, 0.3720642811906232, 2.0918470550981616, 1.7842853071564257, 1.0965430652311554, 0.020931285623810244, 1.0299046865104478, 0.24135053831538578, 0.17556649778340788, 0.7496817606079829, 1.828710892970233, 1.249469601013302, 1.1785595313489623, 0.049124445851802395, 1.252032615579477, 0.9179863837872118, 1.2118787207093078, 1.2443435718809375, 1.4750148828372391, 0.539514566181125, 0.9794987333755519, 1.1008147561748014, 0.700984483850541, 2.8462276757441454, 1.1161928435718809, 1.2554499683343847, 96.44324794173532, 89.90670645978473, 84.66961336288794, 78.91991735275495, 62.268866054464894, 60.61743033565551, 55.59904781507286, 2.035460734642183, 1.4715975300823314, 3.695439835338829, 0.9222580747308464, 0.2926108296390084, 1.1324252691576986, 0.31994965167827355, 0.91884072197593, 0.24818524382520704, 0.0397267257758145, 0.32165832805572464, 0.8240091830272301, 1.7133752374920808, 0.6881694110196311, 0.6266570614312851, 1.293895186827109, 0.6591219126029179, 0.45237207093097626, 0.1294322355921498, 1.417774224192525, 0.24818524382520704, 0.09013267891070732, 1.6125633312222978, 1.9987241925269184, 0.17727517416086178, 1.0145265991133654, 0.6505785307156398, 0.14224730842305974, 0.4651871437618748, 0.2054683343888511, 1.8278565547815115, 0.0004271690943606288, 0.14395598480050223, 2.5916348955034865, 2.6018869537682097, 0.7915443318556091, 0.016659594680184034, 0.7983790373654189, 1.7108122229259026, 1.1717248258391355, 0.04656143128562155, 1.6108546548448353, 1.1281535782140582, 1.840671627612413, 0.942762191260296, 3.8005234325522554, 1.404959151361618, 1.5151687777074143, 0.19436193793540643, 0.8915018999366735, 1.3391751108296401, 0.02520297656745068, 1.5912048765041213, 1.6561345788473723, 1.3212340088663712, 0.9384905003166527, 1.0264873337555427, 0.03716371120961942, 0.5967552248258363, 0.04997878404053219, 0.9752270424319173, 0.5454949335022137, 0.17129480683977313, 0.015805256491448552, 0.8539110196326791, 2.684757758074735, 2.9299528182393977, 0.2182834072197553, 0.17129480683977313, 0.6975671310956305, 1.6706583280557388, 0.9607032932235563, 0.8547653578214089, 0.18240120329322063, 0.874415136162126, 1.5160231158961357, 3.71765262824573, 0.6497241925269156, 0.5907748575047505, 0.9513055731475598, 1.5852245091830297, 0.33276472450918354, 0.0474157694743485, 0.43613964534515565, 0.6300744141861901, 0.5335341988600364, 1.4092308423052529, 1.2229851171627582, 1.3861637112096334, 0.3148236225459176, 1.187957251424953, 1.6313587713742908, 1.159764091196958, 0.027765991133628678, 0.6856063964534589, 0.12772355921469306, 0.12430620645978527, 0.0021358454718202174, 0.7821466117796041, 0.28065009499683397, 0.721488600379985, 0.30884325522482325, 0.5531839772007562, 0.1781295123495887, 0.6232397086763746, 2.248190943635219, 0.5839401519949378, 0.4190528815706138, 0.6343461051298248, 1.0794563014566163, 0.04143540215326555, 0.44468302723242803, 3.3417438252058322, 1.2511782773907503, 0.6129876504116569, 0.9461795440151981, 1.1179015199493347, 0.2430592146928482, 0.8282808739708678, 0.41819854338188694, 1.3742029765674448, 0.8838128562381281, 0.3583948701709948, 1.0649325522482582, 0.2430592146928482, 0.3968400886637132, 1.3929984167194407, 0.10978245725142714, 0.6334917669410979, 0.2114487017099454, 1.5647203926535744, 0.6027355921469277, 1.3306317289423735, 0.23195281823938935, 0.15079069031032635, 0.8402416086130507, 0.044852754908167654, 0.39769442685243733, 1.3844550348321683, 0.683043381887278, 0.6052986067131056, 0.3353277390753672, 2.2456279290690295, 0.5113214059531329, 1.3554075364154494, 2.207182710576311, 1.9534442685243818, 2.025208676377454, 0.17214914502850293, 1.9363575047498398, 1.0845823305889781, 0.8675804306523188, 0.29261082963901125, 1.0546804939835348, 0.12430620645978242, 1.4416956934768852, 0.11319981000633209, 0.2874848005066467, 0.11405414819505334, 0.6915867637745446, 1.249469601013302, 1.5356728942368638, 1.9645506649778348, 0.9401991766941067, 1.153783723875875, 0.5830858138062136, 0.17385782140595682, 0.18240120329322063, 0.4805652311589599, 0.5847944901836647, 0.1687317922735951, 0.9991485117162832, 1.3135449651678288, 0.07390025332489245, 0.5087583913869606, 0.964120645978464, 0.24476789107030497, 0.18838157061431493, 0.04314407853071945, 1.5988939202026637, 0.4335766307789777, 1.7774506016466132, 1.1093581380620625, 0.91884072197593, 0.1593340721975902, 0.8094854338188749, 0.47202184927169033, 0.7462644078530694, 0.49338030398986976, 2.53866592780241, 0.23024414186194112, 0.9854791006966435, 0.14566466117796467, 0.7411383787207133, 0.19607061431286318, 0.7266146295123496, 1.400687460417986, 1.3237970234325522, 0.3643752374920806, 0.33276472450918637, 0.3840250158328033, 0.766768524382519, 0.6027355921469277, 2.7428527549081734, 0.1644601013299547, 0.640326472450922, 0.9239667511082945, 1.2426348955034805, 0.2686893603546567, 1.6527172260924614, 0.5061953768207798, 0.941907853071572, 0.04143540215326555, 0.44724604179860317, 0.531825522482591, 0.22426377454084678, 1.0905626979100695, 1.4160655478150739, 0.22426377454084678, 1.5126057631412249, 0.6044442685243845, 1.5937678910703021, 1.1443860037998759, 1.418628562381252, 0.4788565547815117, 1.6604062697910043, 2.18582425585814, 3.3015899303356604, 0.33276472450918354, 0.21315737808739646, 1.4493847371754307, 1.1315709309689659, 0.5079040531982251, 0.8342612412919593, 0.7659141861938005, 0.5027780240658606, 3.358830588980372, 0.9367818239392017, 3.2836488283723946, 1.2067526915769518, 1.4519477517416086, 0.6958584547181765, 0.7129452184927212, 0.5352428752374903, 1.0854366687777108, 0.6223853704876476, 0.9444708676377527, 1.3964157694743486, 1.4066678277390805, 0.6070072830905596, 2.220852121595951, 1.1708704876504084, 1.0452827739075328, 0.11149113362888104, 0.8402416086130507, 0.6958584547181738, 0.1123454718176023, 0.3797533248891685, 1.5877875237492163, 0.03716371120963365, 0.3430167827739098, 0.9948768207726456, 1.745840088663716, 1.084582330588981, 0.9820617479417357, 0.16702311589614122, 0.294319506016468, 0.6992758074730872, 1.1341339455351467, 0.23195281823938935, 1.153783723875875, 0.15591671944268806, 0.4241789107029841, 0.024348638378720887, 0.4481003799873358, 1.4784322355921498, 1.1264449018366127, 0.9111516782773932, 2.171300506649782, 0.28065009499683397, 0.9718096896770151, 0.40282045598479616, 0.48825427485750245, 0.20205098163394614, 0.032892020265993215, 1.1076494616846084, 0.7701858771374297, 0.34045376820772605, 0.21315737808739363, 1.1042321089297007, 0.06108518049397967, 2.3771960101329968, 0.3669382520582643, 0.9794987333755519, 0.023494300189993936, 0.09269569347688815, 0.6488698543381887, 0.1328495883470576, 0.022639962001266986, 1.3554075364154494, 1.5433619379354009, 1.2195677644078502, 0.5822314756174753, 1.6467368587713758, 2.020936985433822, 0.9290927802406592, 1.2255481317289472, 0.8462219759341337, 0.11832583913869092, 0.806922419252694, 0.28065009499683397, 2.6352061431285665, 0.24647656744775598, 0.7958160227992409, 1.9859091196960086, 0.7163625712476234, 0.721488600379985, 1.0871453451551618, 1.3220883470550953, 0.8607457251424976, 0.46775015832805567, 0.4250332488916997, 1.0991060797973362, 1.1794138695376808, 0.2610003166561113, 0.6300744141861958, 0.43699398353388264, 0.23024414186194112, 1.2469065864471212, 0.6087159594680249, 0.37462729575681253, 0.7300319822672602, 1.4673258391386936, 0.3959857504749863, 0.7385753641545326, 0.12088885370487462, 1.0034202026599095, 1.1452403419886028, 0.2328071564281191, 0.21230303989867236, 0.5429319189360385, 0.9051713109563018, 0.3079889170360963, 0.3917140595313515, 0.22768112729575746, 0.11405414819506757, 0.2857761241291985, 1.0333220392653581, 0.644598163394554, 1.2366545281823949, 0.8146114629512395, 0.3310560481317296, 0.15506238125395824, 0.1337039265357817, 0.33618207726408844, 0.4566437618746025, 1.064932552248261, 0.8180288157061415, 0.03716371120963365, 1.004274540848642, 0.38402501583280896, 1.4946646611779588, 0.9239667511082945, 0.47373052564914714, 0.11149113362887249, 1.3724943001899939, 1.2588673210892956, 1.842380303989864, 0.44468302723242803, 0.11319981000632924, 1.3109819506016451, 0.8052137428752345, 1.207607029765673, 1.7355880303989841, 0.21486605446484752, 0.10123907536415196, 1.9953068397720106, 0.8026507283090537, 0.7795835972134261, 0.11149113362887249, 0.3549775174160842, 1.0589521849271668, 0.05168746041798324, 0.56770772640912, 0.22340943635211985, 0.40452913236225857, 0.9410535148828422, 1.22042210259658, 0.15164502849904762, 1.341738125395821, 0.14139297023432992, 0.5309711842938527, 0.888938885370484, 0.585648828372386, 0.036309373020898164, 1.387018049398352, 0.7812922735908772, 2.8487906903103264, 0.337890753641548, 1.034176377454088, 0.8163201393286963, 2.746270107663081, 0.20461399620012982, 0.3182409753008197, 0.6480155161494588, 2.018373970867641, 0.06364819506016052, 0.3353277390753644, 0.4634784673844237, 0.768477200759973, 0.4327222925902507, 1.9320858138062107, 1.2392175427485759, 0.2695436985433779, 0.3635208993033565, 0.27210671310955875, 0.7291776440785304, 1.8457976567447805, 0.09696738442052007, 1.598039582013934, 0.4181985433818841, 0.024348638378720887, 0.532679860671318, 0.0747545915136137, 0.03887238758707617, 1.3485728309056335, 1.2699737175427515, 0.2345158328055759, 1.1614727675744148, 1.5638660544648475, 0.24903958201393114, 0.7804379354021558, 0.6796260291323588, 1.6655322989233656, 0.131140911969598, 0.9162777074097492, 0.9760813806206499, 0.6326374287523796, 0.9666836605446449, 1.2289654844838465, 0.008970550981635806, 1.187102913236226, 0.23707884737175672, 1.1341339455351467, 0.24647656744775598, 0.27039803673211626, 0.07219157694743285, 0.11918017732742926, 1.5108970867637823, 0.5446405953134895, 0.7197799240025311, 0.6557045598480015, 0.8137571247625154, 0.5685620645978441, 0.5642903736542122, 0.6582675744141824, 0.10978245725142145, 0.46006111462951027, 0.9803530715642818, 0.6736456618112702, 0.8684347688410458, 0.8009420519316026, 1.4656171627612398, 1.9739483850538313, 0.5352428752374959, 0.9974398353388265, 1.0222156428119107, 0.6582675744141908, 0.4540807473084273, 1.034176377454085, 1.8645930968967732, 0.9111516782773932, 0.15335370487650724, 0.3626665611146324, 0.22853546548448156, 2.199493666877777, 1.189665927802404, 0.3361820772640913, 0.3156779607346417, 1.326360037998736, 0.28748480050664954, 0.48739993666877546, 1.4604911336288753, 1.973094046865107, 1.446821722609247, 1.229819822672582, 3.3058616212792953, 0.4780022165927876, 1.0888540215326186, 1.7091035465484516, 0.10551076630778954, 0.37462729575681253, 1.0598065231158964, 0.07902628245725128, 1.611708993033568, 0.3404537682077289, 0.2985911969601084, 0.1225975300823342, 1.58351583280557, 0.4737305256491414, 0.2874848005066467, 0.19436193793539788, 1.1315709309689688, 0.08329797340088889, 0.9410535148828422, 1.7851396453451585, 2.860751424952504, 1.199063647878409, 0.8633087397086813, 1.6920167827739039, 1.140114312856241, 98.05538410386325, 94.15362159594684, 93.4923638378721, 92.39368492716913, 79.59057283090569, 77.06685782140599, 76.01773052564916, 73.93827137428758, 0.28235877137428783, 3.70654623179228, 1.958570297656749, 0.1157628245725101, 0.3336190626979105, 0.7659141861937977, 0.08244363521215908, 0.41136383787207137, 1.1426773274224162, 1.3665139328689053, 1.2426348955034805, 0.7778749208359722, 1.8201675110829691, 1.4391326789107015, 0.9470338822039336, 1.328068714376184, 0.313114946168458, 2.051693160228001, 0.5335341988600364, 1.1546380620645964, 0.5771054464851136, 1.4510934135528817, 0.9290927802406592, 0.2866304623179226, 1.1930832805573177, 2.3353334388853733, 0.2755240658644694, 1.0094005699810038, 0.5019236858771335, 0.5044867004433145, 0.7556621279290658, 0.871852121595945, 4.351571564281194, 0.28150443318556373, 0.8564740341988571, 0.6582675744141824, 0.39769442685243733, 0.14481032298923202, 1.3434468017732721, 3.410945218492721, 1.1358426219126008, 1.0034202026599095, 0.6856063964534475, 0.2439135528815666, 0.7941073464217898, 1.8611757441418597, 0.23793318556048365, 0.4002574414186153, 3.622821089297027, 2.0149566181127305, 1.4835582647245142, 0.6181136795440157, 1.3109819506016478, 1.0281960101329994, 2.5147444585180554, 0.1302865737808739, 0.8786868271057663, 0.14053863204559444, 0.6958584547181765, 1.97223970867638, 1.6971428119062744, 0.6864607346421829, 0.9179863837872118, 0.7505360987967098, 0.16446010132995184, 0.5190104496516811, 0.9555772640912003, 2.249899620012673, 1.5006450284990533, 0.6676652944901815, 1.155492400253329, 0.8103397720075991, 0.31994965167827927, 0.47373052564914714, 0.9470338822039336, 0.30798891703609915, 0.030329005699809525, 1.4365696643445294, 1.7484031032298912, 3.5203005066497823, 0.32080398986700054, 0.3703556048131749, 1.3545531982267338, 0.7727488917036104, 0.4950889803673208, 0.17214914502850293, 1.0606608613046207, 0.10123907536415196, 0.052541798606713035, 0.7684772007599786, 0.5617273590880285, 0.232807156428122, 1.3015842305256515, 0.8043594046865133, 1.2229851171627582, 0.6138419886003781, 1.9098730208993016, 0.9470338822039336, 1.2375088663711247, 0.37462729575680404, 0.31226060797973393, 1.2127330588980376, 1.368222609246362, 2.0884297023432596, 0.935073147561745, 1.228965484483858, 0.5839401519949378, 0.4822739075364194, 0.13626694110196255, 1.1170471817606107, 0.7026931602279921, 2.101244775174164, 2.3652352754908224, 0.8701434452184997, 0.3131149461684608, 0.8462219759341394, 0.17214914502849724, 0.28406744775174175, 0.4404113362887876, 0.41648986700443585, 1.5014993666877803, 1.0452827739075412, 0.1294322355921498, 0.9854791006966435, 1.4827039265357844, 367.3538875870806, 0.08244363521215908, 0.2610003166561113, 0.7044018366054432, 1.4348609879670642, 1.417774224192525, 2.1328552881570664, 0.8137571247625154, 1.5886418619379403, 0.504486700443323, 0.49936067131095274, 0.3062802406586453, 0.02605731475617478, 0.7812922735908772, 0.8991909436352102, 1.4972276757441427, 0.4882542748575053, 2.208037048765038, 0.5429319189360385, 0.46945883470550953, 2.0012872070930934, 0.3361820772640913, 1.229819822672582, 0.7172169094363503, 2.552335338822041, 0.02520297656744783, 1.1213188727042454, 1.5715550981633957, 2.2114544015199544, 0.095258708043069, 2.3490028499050015, 0.6762086763774511, 0.2054683343888511, 1.1119211526282433, 1.4792865737808738, 0.7573708043065255, 1.2682650411652918, 0.41563552881570603, 0.18325554148195042, 0.1157628245725101, 0.8889388853704897, 1.3981244458518054, 0.12430620645978527, 1.7808679544015182, 0.4498090563647954, 0.4438286890436982, 0.6668109563014546, 0.5882118429385697, 0.4609154528182429, 0.8351155794806863, 0.06791988600380665, 0.0747545915136137, 0.4805652311589684, 1.404104813172891, 1.0666412286257092, 15.019206679269013, 47.486160050409424, 17.141735349716388, 0.20995778197856912, 3.0584133585381097, 1.947422180214238, 1.2333957151858843, 0.3179117832388218, 0.878932577189657, 0.962235664776309, 1.489255198487711, 1.8122671707624434, 1.1560428481411489, 0.02635097668556727, 0.9477851291745433, 0.08840327662255394, 0.028051039697539353, 0.939284814114683, 0.5219193446754999, 1.8318178954001223, 0.9333345935727722, 1.3626005040957767, 0.12155450535601235, 1.0497889098928794, 0.5848216761184585, 0.8032797731568994, 0.9265343415248894, 0.049301827347201704, 1.010687460617519, 0.6043724007561374, 0.18615689981095995, 0.4097151858853171, 0.4479666036546974, 0.6077725267800789, 1.1577429111531181, 0.014450535601759865, 0.5474202898550841, 1.5615078764965358, 0.7199766855702588, 0.03060113421550314, 1.3787511027095143, 0.2745601764335281, 0.9537353497164456, 0.27626023944549166, 1.3413497164461226, 0.006800252047882666, 1.3413497164461226, 0.245659105229997, 0.1989073724007591, 0.9809363579080018, 1.5156061751732839, 0.4471165721487001, 1.129691871455576, 0.24140894770006963, 0.08245305608064882, 0.39951480781348736, 0.655374291115314, 0.0637523629489644, 0.5338197857592989, 1.5878588531821, 1.08464020163831, 0.10370384373030267, 0.8636320100819168, 0.022950850661628767, 0.5074688090737203, 1.6006093257718936, 0.07140264650283311, 0.3026112161310646, 0.11985444234404029, 0.21080781348456365, 1.369400756143665, 1.6167599243856312, 0.12410459987397615, 0.09265343415249262, 0.7378273471959713, 1.1934442344045375, 1.3643005671077488, 0.1385551354757445, 1.6074095778197848, 2.247483301827336, 0.9630856962822949, 1.2571965973534962, 0.8627819785759194, 0.5856717076244502, 1.446753623188406, 1.2214952741020797, 0.13770510396974997, 1.2945979836168793, 0.2550094517958378, 0.03910144927536638, 0.22100819155640178, 1.6924127284183945, 0.176806553245122, 0.0595022054190342, 0.8899829867674783, 0.03655135475739693, 0.4369161940768761, 0.9894366729678565, 0.2737101449275392, 0.26010964083175403, 1.253796471329552, 0.09265343415249262, 1.1526427221171962, 0.036551354757408255, 0.7114763705103899, 0.5610207939508465, 0.7777788279773097, 0.44371644612475875, 0.7692785129174521, 1.254646502835538, 1.2010945179584118, 0.8602318840579727, 0.4683673597983624, 0.6477240075614312, 0.015300567107745907, 0.5788714555765618, 0.3051613106490284, 0.9630856962822864, 0.9537353497164456, 0.5542205419029639, 0.26010964083175403, 0.09435349716446471, 0.4275658475110211, 0.10115374921235304, 0.4794177693761753, 1.3132986767485806, 1.0412885948330193, 0.1666061751732754, 0.522769376181469, 0.028901071203525395, 0.9214341524889761, 0.10115374921235304, 1.8369180844360413, 0.28051039697542185, 0.6570743541272777, 1.1322419659735283, 0.15725582860742893, 1.0684896030245667, 0.2558594833018323, 0.034851291745439, 0.8024297416509049, 0.384214240705733, 1.005587271581594, 0.0994536862003753, 0.27626023944549166, 1.603159420289863, 0.17680655324511352, 0.11305419029614912, 0.4241657214870854, 0.47856773787019774, 0.1878569628229434, 0.5338197857592989, 0.29751102709515403, 0.8398311279143047, 1.0064373030875857, 1.0234379332073122, 0.7616282293635805, 0.9613856332703143, 0.46071707624448804, 1.280147448015122, 1.996724007561434, 1.20364461247637, 1.9720730938878246, 0.5882218021424055, 1.3302993068683042, 1.6677618147447992, 0.6375236294895987, 1.5734083175803375, 2.734551354757394, 0.6834253308128477, 0.9001833648393137, 0.3323623188405845, 1.417852551984875, 0.8100800252047905, 0.1895570258349013, 0.049301827347201704, 0.019550724637681774, 0.052701953371143036, 1.0191877756773793, 0.9010333963453053, 0.06120226843099779, 0.790529300567103, 1.3770510396975335, 0.08755324511657638, 0.19805734089477586, 0.8109300567107681, 0.24225897920604436, 0.14875551354757133, 0.7301770636420829, 0.1462054190296217, 1.634610586011341, 0.20570762444864457, 1.1050409577819722, 1.1534927536231907, 0.34341272841839454, 0.1921071203528594, 0.5440201638311285, 0.7063761814744822, 1.935521739130425, 1.5232564587271469, 1.0446887208569633, 0.27286011342154465, 1.5870088216761196, 0.32216194076874916, 1.870919344675483, 0.06630245746691403, 0.6655746691871466, 0.7565280403276557, 1.5054057971014372, 1.406802142407048, 0.9817863894139878, 1.2180951480781357, 1.6422608695652097, 94.48100189035887, 78.29470195337088, 53.34032703213593, 47.39605671077489, 28.88577063642083, 21.128383112791358, 13.24434089476996, 0.6341235034656517, 0.25245935727787966, 0.474317580340259, 0.23460869565216996, 0.17170636420920576, 2.1981814744801484, 0.6613245116572051, 0.28306049149338, 0.37996408317579994, 0.3068613736609919, 0.2881606805293019, 1.405952110901059, 0.4768676748582171, 0.12155450535601235, 1.1832438563327021, 0.028051039697545015, 0.5117189666036561, 0.3272621298046683, 0.24310901071202753, 0.03655135475739693, 1.4246528040327577, 0.11645431632010744, 0.8211304347826034, 0.19295715185885962, 0.10625393824826927, 1.0506389413988657, 0.09520352867045359, 0.5601707624448633, 0.8602318840579727, 1.2563465658475104, 0.24735916824196058, 0.8593818525519865, 0.6018223062381878, 1.2223453056080655, 1.2937479521109017, 1.399151858853182, 2.59004599873975, 1.0990907372400756, 0.3884643982356632, 0.017000630119717988, 0.03060113421550314, 1.8683692501575275, 0.01020037807182966, 1.4765047258979203, 0.10540390674228041, 0.2575595463137959, 1.5198563327032055, 2.0094744801512245, 1.9066206679269022, 0.5958720856962828, 1.8369180844360413, 0.371463768115948, 0.8287807183364834, 0.6596244486452443, 0.08925330812853997, 0.23800882167611132, 1.3889514807813381, 0.23460869565216996, 0.2856105860113381, 1.3472999369880165, 1.3175488342785109, 1.1866439823566464, 1.2240453686200292, 0.7650283553875247, 0.0935034656584815, 1.5096559546313788, 1.995023944549462, 1.5079558916194067, 0.3646635160680541, 0.8262306238185196, 0.6876754883427837, 0.018700693131701394, 3.1417164461247475, 0.7871291745431646, 0.05100189035917095, 0.8202804032766202, 0.642623818525515, 0.6910756143667249, 0.41226528040326954, 0.718276622558284, 1.1832438563327021, 1.6082596093257624, 0.9010333963453053, 1.0055872715815997, 1.244446124763697, 0.7998796471329552, 0.7012759924385659, 0.792229363579078, 0.245659105229997, 1.2214952741020713, 0.21760806553244347, 0.29241083805923773, 0.648574039067423, 0.40631505986137006, 1.5683081285444154, 0.5533705103969778, 0.30856143667296404, 3.0133616887208436, 0.40376496534342043, 0.9239842470069257, 0.39271455576559905, 0.548270321361053, 0.5244694391934496, 0.5108689350976644, 1.11779143037176, 1.066789540012603, 0.9885866414618705, 0.9851865154379235, 0.9520352867044736, 1.0574391934467455, 1.1849439193446742, 0.7752287334593572, 0.674074984247007, 0.8627819785759194, 0.5899218651543833, 1.5020056710774958, 0.9562854442344038, 1.3881014492753607, 0.6936257088846887, 1.6864625078764952, 1.5836086956521673, 1.2087448015122861, 0.4275658475110296, 0.09350346565847018, 4.175354757403892, 1.0183377441713932, 0.10200378071833907, 0.4369161940768704, 0.3723137996219313, 0.2788103339634498, 1.1840938878386884, 0.3136616257088803, 0.5635708884688047, 0.19125708884688472, 0.158955891619401, 1.0880403276622654, 0.7599281663515999, 1.3200989287964633, 0.16065595463138158, 0.7454776307498429, 0.5567706364209106, 0.29581096408317903, 1.2019445494644008, 0.2414089477000583, 0.7556780088216782, 1.2316956521739064, 0.19125708884688472, 0.4250157529930715, 1.339649653434145, 0.4420163831127923, 0.20315752993068648, 0.7420775047258931, 0.3808141146817945, 0.1428052930056747, 0.10540390674228041, 0.33406238185255377, 1.1228916194076903, 1.5725582860743514, 0.7216767485822253, 0.4437164461247644, 0.7216767485822253, 0.47771770636420036, 1.323499054820416, 4.256957781978557, 1.7043131695021934, 0.7012759924385659, 1.6703119092627519, 1.5606578449905468, 0.33831253938247546, 0.08330308758663485, 0.6188229363579087, 1.180693761814744, 0.916333963453057, 0.7191266540642728, 0.9970869565217337, 0.6290233144297439, 0.01020037807182966, 0.5431701323251424, 0.3476628859483332, 1.9916238185255177, 1.055739130434776, 0.3179117832388105, 0.06715248897290857, 0.9324845620667832, 0.4267158160050322, 0.49216824196597436, 0.3306622558286124, 0.9129338374291043, 0.056952110901064744, 1.1169413988657853, 1.278447385003153, 0.03570132325141372, 0.10710396975424966, 1.7842161310648925, 0.0331512287334556, 0.15045557655954908, 0.5244694391934411, 0.02550094517958123, 0.1402551984877166, 0.513419029615631, 0.0153005671077544, 0.31196156269690534, 0.3629634530560763, 0.28221045998739674, 0.24650913673598585, 0.895083175803403, 0.005950220541902288, 0.22100819155640178, 0.2856105860113381, 0.8840327662255846, 0.7140264650283565, 0.034851291745439, 0.6332734719596628, 0.5006685570258377, 1.508805923125384, 1.1781436672967858, 0.0008500315059860409, 1.1883440453686183, 0.2269584120982956, 0.16830623818525028, 0.5346698172652821, 0.6876754883427837, 0.8831827347195872, 0.384214240705733, 1.040438563327033, 0.8083799621928185, 1.3209489603024493, 0.5686710775047209, 0.9086836798991825, 0.4479666036546974, 0.5414700693131648, 0.0739527410207969, 1.1976943919344591, 0.7046761184625101, 0.7998796471329552, 0.9554354127284177, 0.11815437933206537, 0.7514278512917452, 0.2269584120982956, 0.37146376811593673, 0.9851865154379235, 1.5394070573408931, 0.5627208569628243, 1.8938701953371115, 0.5933219911783246, 0.672374921235035, 0.3281121613106543, 1.3064984247006952, 1.096540642722109, 0.9367347195967134, 1.1560428481411402, 0.45901701323251026, 0.895083175803403, 0.2788103339634498, 0.30941146817895293, 0.28986074354127966, 0.6502741020793978, 0.7225267800882169, 1.251246376811594, 0.11305419029616044, 0.33321235034656776, 0.345962822936364, 0.8857328292375454, 0.8168802772526731, 1.4714045368619957, 1.037888468809075, 1.519006301197225, 0.5261695022054217, 1.6099596723377427, 0.3485129174543108, 0.47176748582230094, 0.44626654064272536, 1.586158790170131, 0.0561020793950872, 0.33406238185255377, 0.40376496534342043, 0.10115374921235304, 1.3447498424700586, 0.09265343415249262, 1.3107485822306226, 0.009350346565854945, 0.12325456836799577, 0.18615689981095995, 1.796966603654689, 0.12325456836798727, 0.72677693761815, 0.08500315059860693, 0.07565280403276897, 0.6766250787649566, 1.9210712035286623, 0.5134190296156226, 0.4607170762444852, 0.39781474480150686, 1.3592003780718325, 1.1407422810333974, 0.35446313799622153, 1.2690970384373121, 1.1356420919974697, 0.9214341524889675, 1.5725582860743428, 0.5703711405166901, 1.1526427221171962, 0.8585318210460006, 0.748027725267801, 1.1713434152488975, 0.15215563957151834, 0.011900441083813069, 1.0718897290485223, 0.13600504095777505, 1.3260491493383657, 0.7845790800252065, 2.029875236294887, 0.1368550724637611, 1.4416534341524812, 2.0664265910522865, 1.3668506616257068, 0.8032797731568936, 0.6230730938878304, 0.04760176433522962, 0.29751102709515403, 0.7114763705103899, 0.9409848771266465, 0.6825752993068617, 0.3570132325141797, 0.39526465028355723, 1.4008519218651427, 0.3587132955261518, 0.2711600504095811, 0.16065595463138158, 0.07225267800881914, 0.7939294265910557, 1.446753623188406, 0.8585318210460006, 0.5593207309388745, 0.5610207939508522, 1.126291745431632, 0.6579243856332636, 0.6035223692501599, 0.045051669817265834, 0.29666099558915376, 0.41481537492122766, 0.8610819155639586, 0.06035223692502307, 1.910870825456824, 1.0072873345935662, 0.1428052930056747, 0.3765639571518643, 0.29581096408317903, 0.6817252678008728, 1.1959943289224955, 0.045051669817271496, 0.6902255828607445, 2.204131695022042, 0.08925330812853997, 0.27541020793950277, 0.8092299936987932, 0.8466313799621932, 1.0939905482041594, 1.0956906112161313, 0.697875866414619, 0.5431701323251424, 1.4408034026464953, 0.21080781348455516, 0.6511241335853839, 0.7310270951480802, 1.2427460617517334, 0.10710396975425532, 1.0625393824826646, 0.05270195337113454, 0.5066187775677314, 0.5066187775677314, 0.6162728418399506, 0.04760176433522962, 1.0064373030875773, 0.26095967233773726, 1.0174877126654072, 2.543294265910512, 1.7289640831757944, 1.4093522369250118, 0.8644820415878943, 0.0017000630119749132, 0.039951480781343925, 1.7723156899810937, 1.1730434782608612, 0.7276269691241247, 0.39526465028355723, 0.734427221172016, 0.9341846250787667, 1.6125097668556896, 1.1568928796471292, 1.1143913043478186, 0.22695841209830128, 0.17340642722116936, 0.2737101449275279, 0.6672747321991186, 0.6315734089476935, 1.468854442344043, 0.3162117202268384, 0.44116635160680057, 0.21420793950851064, 1.1577429111531181, 1.7136635160680513, 1.6227101449275279, 0.4454165091367279, 0.2915608065532376, 1.3609004410838044, 100.98544297416476, 86.29689855072436, 72.05462066792664, 54.515070573408764, 50.35161625708868, 49.98355261499669, 38.50302709514794, 37.21607939508495, 4.299459357277866, 4.159204158790152, 4.633521739130419, 1.269947069943281, 1.3872514177693744, 1.2274454946439848, 1.3524001260239442, 0.7004259609325686, 0.35446313799622153, 0.5720712035286623, 0.1666061751732754, 0.9885866414618705, 2.0409256458727025, 1.1738935097668444, 1.2733471959672338, 0.37996408317580566, 1.0353383742911169, 0.6341235034656602, 1.2622967863894123, 1.0276880907372397, 0.15045557655954342, 0.3408626339004421, 0.3833642091997442, 0.7038260869565155, 0.016150598613729118, 0.3077114051669808, 0.9970869565217393, 0.1530056710775072, 0.5329697542533043, 0.270310018903595, 0.9197340894770012, 0.1538557025834876, 1.1679432892249535, 0.21590800252048556, 1.6218601134215473, 0.6434738500315067, 0.027201008191550483, 0.012750472589796278, 0.5295696282293574, 2.159930056710771, 1.5836086956521644, 0.2864606175173213, 0.8772325141776934, 0.8126301197227486, 0.46071707624448804, 0.9290844360428391, 0.23375866414618107, 1.2078947700063, 0.17255639571519182, 0.07480277252677728, 0.5474202898550642, 0.4768676748582171, 1.2342457466918701, 0.8712822936357911, 1.798666666666658, 0.3085614366729697, 1.1713434152488862, 0.23290863264020073, 0.3629634530560792, 5.695211090107097, 1.1806937618147384, 0.7752287334593515, 0.08075299306867673, 1.181543793320733, 0.968185885318211, 0.9248342785129173, 0.9341846250787553, 0.6400737240075625, 1.2240453686200379, 0.6893755513547529, 0.9962369250157533, 0.46666729678639035, 0.6417737870195345, 1.0132375551354658, 1.124591682419654, 1.2342457466918701, 0.8534316320100814, 0.6349735349716462, 0.23715879017013375, 0.06460239445493912, 0.3816641461877749, 1.177293635790797, 1.6448109640831736, 0.19805734089476454, 0.249059231253944, 0.9766862003780715, 0.4896181474480163, 1.0327882797731502, 1.3838512917454275, 0.2235582860743486, 0.3757139256458641, 0.049301827347201704, 0.10795400126023288, 0.21420793950850214, 1.1033408947700059, 0.3102614996849333, 0.5992722117202213, 0.27966036546944145, 0.8457813484562042, 1.0489388783868965, 0.4590170132325159, 0.668124763705099, 1.0098374291115242, 0.3995148078134789, 1.4824549464398227, 2.011174543163188, 0.13345494643982259, 1.1628431001890345, 0.46836735979835387, 0.076502835538755, 1.3413497164461226, 0.3485129174543108, 0.4037649653434063, 0.2677599243856369, 0.38166414618778055, 0.7301770636420829, 0.23120856962822864, 0.8100800252047905, 1.589558916194078, 0.3723137996219313, 1.2121449275362217, 0.17170636420920576, 0.49641839949589606, 1.3481499684940055, 1.119491493383735, 0.9435349716446131, 0.6349735349716378, 0.09095337114052338, 0.21760806553245482, 0.979236294896024, 1.445053560176431, 1.2197952110900963, 0.58142155009452, 0.46666729678638463, 0.0977536231884117, 0.9749861373661023, 0.4275658475110296, 0.5652709514807823, 0.011900441083813069, 0.9367347195967248, 0.6596244486452443, 2.082577189666033, 1.0846402016383014, 1.151792690611213, 1.3387996219281646, 1.0548890989287958, 0.20485759294265568, 0.6910756143667306, 1.3906515437933131, 0.3162117202268469, 0.16660617517328669, 0.44116635160680623, 1.10674102079395, 0.039951480781343925, 1.4085022054190313, 0.40291493383742305, 0.10710396975425532, 0.8789325771896656, 0.9945368620037812, 1.2979981096408233, 1.059139256458726, 0.3612633900441014, 1.8564688090737202, 0.13600504095778637, 0.33576244486452583, 1.126291745431632, 0.0739527410207969, 0.5414700693131648, 0.8925330812854451, 0.22440831758034313, 0.5984221802142323, 0.483667926906114, 0.32556206679269617, 1.488405166981722, 0.8491814744801456, 0.21165784499054402, 0.13175488342785335, 0.18615689981095995, 0.868732199117833, 0.6910756143667306, 0.740377441713921, 0.85683175803402, 1.0540390674228042, 0.8330308758664164, 1.0854902331442962, 1.0081373660995578, 0.3400126023944475, 0.5346698172652793, 0.4530667926906052, 1.4399533711405121, 0.376563957151853, 2.0902274732198984, 0.7046761184624988, 0.6205229993698722, 1.8777195967233742, 1.5300567107750465, 1.4221027095147967, 1.3073484562066782, 1.4076521739130368, 0.2541594202898546, 0.45221676118462756, 1.1356420919974783, 1.3217989918084438, 0.3782640201638222, 0.6154228103339587, 0.6001222432262043, 0.5567706364209106, 0.051851921865151335, 0.7106263390044124, 0.4037649653434063, 1.3490000000000002, 0.4284158790170072, 1.8471184625078767, 0.10710396975425532, 0.5678210459987321, 1.09909073724007, 0.4182155009451746, 0.735277252677999, 0.509168872085698, 0.9477851291745405, 0.16235601764335933, 0.31196156269691105, 0.1581058601134178, 1.012387523629491, 1.4646042848141074, 0.21845809703843236, 0.1921071203528594, 0.6443238815374926, 0.8857328292375566, 1.253796471329552, 0.32556206679269617, 0.8721323251417771, 0.03655135475739693, 0.5746212980466203, 1.3302993068683042, 1.4756546943919344, 0.04590170132325471, 0.0595022054190342, 1.0701896660365473, 0.8321808443604304, 0.11730434782608215, 1.2435960932577281, 0.4241657214870741, 0.2499092627599187, 0.23800882167611698, 0.6791751732829147, 1.3660006301197123, 1.2214952741020797, 1.175593572778822, 0.21250787649652725, 0.7301770636420941, 0.829630749842461, 1.1415923125393748, 0.2040075614366753, 0.8347309388783772, 0.8202804032766231, 0.8695822306238133, 0.655374291115314, 0.610322621298051, 1.0684896030245754, 0.18105671077504937, 1.2588966603654654, 1.1636931316950203, 0.11900441083805424, 0.15300567107750151, 0.5559206049149275, 0.20400756143666965, 0.9588355387523646, 1.603159420289846, 0.6417737870195318, 0.051851921865151335, 0.9265343415248894, 1.603159420289863, 0.6239231253938249, 0.5287195967233684, 1.3243490863263907, 0.2507592942659076, 0.5899218651543747, 0.8177303087586649, 0.1640560806553286, 0.2482091997479551, 0.4955683679899214, 0.09775362318840321, 0.2779603024574637, 0.6655746691871408, 1.359200378071827, 0.2669098928796424, 1.5691581600504014, 1.0217378701953375, 0.8687321991178302, 1.07698991808443, 0.4250157529930715, 0.8015797101449187, 0.5686710775047209, 0.5618708254568411, 0.580571518588534, 1.3209489603024493, 0.11475425330812404, 0.09010333963452317, 1.4824549464398113, 1.833517958412097, 0.15045557655954342, 0.6485740390674144, 1.063389413988659, 0.2567095148078127, 1.071039697542525, 0.8500315059861316, 0.11475425330812404, 0.2558594833018238, 0.5236194076874522, 1.7502148708254481, 2.297635160680518, 3.229269691241321, 2.3341865154379233, 0.8236805293005616, 1.217245116572138, 0.7565280403276557, 0.5669710144927546, 0.30346124763705346, 0.039101449275355055, 0.3332123503465649, 0.5219193446754999, 1.2486962822936274, 1.1993944549464286, 1.8471184625078683, 3.0261121613106345, 0.32471203528669595, 0.8483314429741624, 0.8593818525519781, 1.1424423440453693, 0.22270825456835974, 0.13260491493383372, 0.8109300567107766, 0.06970258349086951, 0.17510649023314426, 0.6196729678638947, 0.5890718336483888, 0.28391052299936886, 0.5737712665406371, 1.4671543793320712, 0.5661209829867628, 0.3230119722747267, 1.8003667296786359, 1.4076521739130368, 0.09350346565847018, 0.15045557655954342, 1.074439823566472, 1.8547687460617481, 0.4522167611846163, 0.684275362318831, 0.1385551354757445, 1.0455387523629494, 1.1951442974165096, 0.8304807813484668, 1.128841839949587, 0.5202192816635165, 1.7230138626338976, 0.6766250787649679, 1.9406219281663495, 0.3765639571518643, 0.3179117832388218, 0.049301827347201704, 0.1096540642722078, 0.09860365469439773, 0.5210693131695026, 0.3366124763705119, 0.18020667926906334, 1.1704933837429117, 0.43436609955892075, 3.5743824826716932, 1.3592003780718325, 0.6154228103339673, 0.6400737240075625, 1.313298676748575, 0.3485129174543108, 0.11900441083806555, 1.2061947069943224, 0.7276269691241247, 1.1007908002520477, 0.2677599243856284, 1.6533112791430253, 0.643473850031501, 0.027201008191550483, 0.33151228733459, 0.4726175173282841, 0.5975721487082548, 0.5227693761814775, 1.1492425960932493, 1.4867051039697528, 0.4947183364839269, 1.4535538752362942, 0.5924719596723328, 0.5695211090107126, 0.14450535601764963, 0.5924719596723328, 0.24565910522998569, 0.6035223692501599, 0.0025500945179609542, 2.38773850031505, 0.5967221172022688, 1.3107485822306169, 2.1276288594832926, 1.3090485192186447, 0.8432312539382462, 0.7794788909892988, 0.16830623818525878, 0.04760176433522396, 0.6732249527410209, 0.1428052930056747, 0.4165154379332082, 0.2779603024574694, 0.10795400126023853, 0.012750472589787785, 0.2533093887838657, 1.7357643352236827, 1.454403906742269, 1.1177914303717713, 0.5397700063011983, 1.774015752993063, 0.029751102709508606, 1.3966017643352324, 0.9027334593572776, 0.16660617517328669, 0.7327271581600523, 0.7590781348456139, 0.0331512287334556, 0.023800882167617644, 0.1700063011972337, 0.4445664776307419, 0.8806326402016376, 0.08670321361059033, 1.3192488972904857, 0.8942331442974171, 0.7539779458096977, 1.932971644612467, 1.7876162570888368, 1.1458424700693022, 0.25840957781978197, 0.27626023944549166, 0.45221676118462756, 0.176806553245122, 0.25500945179584344, 0.6732249527410152, 0.4369161940768704, 0.11305419029614912, 1.755315059861373, 0.17595652173912749, 0.17680655324511352, 0.0901033396345345, 1.3728008821676005, 1.487555135475733, 0.18530686830497112, 0.5669710144927488, 0.30176118462508417, 0.9239842470069342, 0.6698248267170768, 0.6315734089477021, 0.19550724637681774, 0.6222230623818529, 0.49131821045998836, 0.35956332703213784, 0.35701323251417405, 0.8321808443604304, 0.40206490233144554, 0.07650283553874936, 0.8576817895400145, 0.2720100819155699, 0.6783251417769316, 0.03740138626339713, 0.5159691241335864, 0.020400756143664985, 0.6366735979836154, 1.2112948960302385, 0.4309659735349738, 0.0008500315059860409, 0.7021260239445406, 1.553857592942647, 0.03145116572148635, 1.0004870825456778, 0.6111726528040342, 1.7485148078134816, 0.06800252047888611, 0.21420793950851064, 0.707226212980457, 0.47346754883428144, 0.5890718336483943, 0.6545242596093195, 0.10625393824826927, 0.47771770636420036, 0.6230730938878304, 0.30431127914303385, 0.5890718336483888, 0.770978575929427, 0.46496723377441257, 1.7587151858853085, 0.968185885318211, 0.3298122243226264, 1.3387996219281646, 0.15215563957152117, 0.110504095778191, 0.7743787019533711, 0.3876143667296743, 0.28221045998739674, 0.5559206049149359, 0.700425960932577, 92.24371896660335, 83.55724700693104, 80.99440201638286, 66.6084688090735, 54.92308569628211, 52.001527410207764, 46.088708254568225, 0.9086836798991713, 1.4833049779458003, 1.1126912413358439, 0.29921109010712327, 0.8287807183364834, 1.2656969124133481, 0.1632060491493425, 0.9962369250157533, 1.514756143667295, 0.03570132325141372, 0.2397088846880862, 0.43266603654694585, 0.3238620037807128, 0.6587744171392469, 0.966485822306239, 0.833030875866408, 0.29241083805923773, 0.06715248897290857, 1.4059521109010733, 0.5482703213610616, 0.5669710144927546, 0.5814215500945115, 0.6961758034026412, 1.1755935727788278, 0.7973295526149972, 0.3051613106490284, 0.056952110901064744, 0.10795400126023853, 0.49896849401386556, 1.3056483931947005, 2.5330938878386795, 0.13175488342785335, 0.7089262759924404, 0.4428664146187783, 1.2342457466918648, 0.48026780088217264, 1.167093257718959, 0.7692785129174549, 1.02088783868934, 0.13600504095777505, 0.8746824196597353, 0.7131764335223705, 1.5436572148708232, 0.5321197227473154, 0.10200378071833341, 1.5844587271581474, 2.0264751102709457, 0.5525204788909918, 0.25755954631380157, 0.7174265910523036, 1.324349086326402, 1.0055872715815997, 1.2053446754883421, 0.30431127914304235, 0.6001222432262158, 0.5057687460617425, 1.018337744171382, 1.9848235664776266, 0.15130560806552945, 0.6936257088846887, 0.32811216131064863, 0.10030371770636984, 1.015787649653435, 0.9103837429111548, 0.4267158160050322, 0.17595652173912749, 0.12155450535601235, 1.3974517958412014, 0.642623818525515, 0.33321235034656776, 0.7233768115941945, 0.33916257088846996, 0.5117189666036533, 1.1849439193446742, 0.6528241965973475, 1.2384959042218004, 0.2320586011342175, 0.7369773156899825, 2.1828809073723967, 0.5040686830497818, 0.5916219281663468, 0.2847605545053492, 0.9197340894770012, 1.0191877756773793, 0.5652709514807823, 0.8398311279143047, 0.2881606805292962, 0.1717063642091916, 0.6519741650913784, 0.20315752993068648, 0.6341235034656602, 1.2639968494013847, 0.5737712665406371, 1.473954631379962, 0.17340642722116936, 1.60655954631379, 1.156892879647132, 0.7837290485192091, 0.7990296156269692, 0.056952110901064744, 0.474317580340259, 0.36721361058600654, 0.4182155009451746, 0.35361310649023836, 0.3196118462507797, 0.6349735349716378, 0.8661821045998664, 1.4484536862003696, 0.6740749842469985, 0.548270321361053, 0.6970258349086272, 0.5686710775047209, 0.5066187775677314, 1.5411071203528595, 1.0293881537492118, 1.8513686200377983, 1.368550724637679, 1.074439823566472, 0.5907718966603636, 0.3306622558286124, 0.10370384373030267, 0.07310270951481368, 0.6817252678008842, 0.9324845620667832, 0.7182766225582868, 1.552157529930678, 1.4918052930056633, 0.6077725267800789, 0.9664858223062306, 408.29988342785003, 387.1153982356635, 35.64607120352856, 0.6647246376811577, 0.7939294265910471, 0.5491203528670363, 0.9426849401386271, 0.6876754883427837, 1.364300567107743, 0.19635727788280094, 1.12544171392564, 1.1339420289855062, 0.5576206679268996, 4.302009451795824, 0.17085633270321687, 1.9865236294895985, 0.6885255198487725, 1.218095148078127, 0.9987870195337086, 0.03740138626339713, 0.425865784499049, 1.7162136105860093, 0.4377662255828621, 0.8653320730938775, 0.06630245746691403, 2.1080781348456137, 1.0812400756143603, 0.6621745431631996, 1.9678229363578972, 0.6477240075614368, 0.22015816005041294, 1.152642722117202, 0.7905293005671088, 0.6026723377441738, 0.27541020793951126, 0.5508204158790196, 0.6808752362948981, 0.005100189035919077, 1.2571965973534904, 0.28561058601134376, 0.17850661625709127, 2.225382482671699, 0.7080762444864542, 0.2167580340264603, 0.72677693761815, 0.5533705103969693, 0.2541594202898546, 0.3731638311279173, 0.39356458727158516, 0.34681285444234716, 0.163206049149334, 0.18105671077504937, 0.5584706994328941, 0.2660598613736648, 0.3111115311909278, 0.36721361058600654, 0.17510649023314992, 0.017850661625712524, 0.41056521739130025, 0.8780825456836711, 1.1798437303087552, 1.2928979206049072, 0.10285381222431945, 1.6303604284814106, 1.7544650283553784, 0.6961758034026412, 0.35446313799622153, 0.9350346565847611, 1.0735897920604858, 1.2886477630749824, 0.4479666036546974, 0.9613856332703228, 0.6366735979836154, 0.22185822306237651, 0.13260491493383372, 3.205468809073712, 0.8559817265280509, 0.34256269691240565, 0.27966036546944145, 0.8262306238185254, 0.1989073724007591, 1.2095948330182722, 0.702126023944552, 0.371463768115948, 0.9316345305607973, 0.3544631379962159, 0.12325456836799577, 0.3833642091997526, 0.007650283553880032, 0.8967832388153724, 0.20315752993068928, 0.028051039697539353, 0.6511241335853839, 0.0782028985507271, 0.21930812854442688, 0.6647246376811577, 0.7684284814114632, 0.9928367989917979, 0.9962369250157505, 0.9885866414618705, 0.02550094517958689, 2.24663327032135, 1.725563957151847, 1.0455387523629494, 0.20230749842470608, 0.41396534341524444, 0.028901071203525395, 0.056952110901070406, 1.487555135475733, 0.6196729678638947, 3.7333383742911, 0.35361310649023275, 0.9868865784499069, 0.8500315059861316, 1.0268380592312536, 0.20655765595463343, 0.17000630119722235, 0.1895570258349013, 1.6252602394454918, 0.4420163831127838, 1.5904089477000583, 0.2779603024574694, 0.9588355387523563, 0.6961758034026468, 0.02550094517958689, 1.1908941398865793, 0.017000630119729312, 0.7998796471329552, 3.080514177693747, 0.3969647132955208, 2.534793950850652, 0.5440201638311285, 0.6358235664776266, 0.48026780088217264, 0.2805103969754275, 0.5610207939508522, 0.2958109640831706, 0.07905293005670748, 0.08500315059861827, 0.32216194076874916, 0.9324845620668031, 1.6108097038437288, 0.6893755513547529, 0.7089262759924404, 0.3850642722117219, 0.9919867674858146, 1.6779621928166262, 1.20364461247637, 0.5559206049149359, 0.7879792060491506, 0.40121487082545954, 1.7238638941398838, 0.6332734719596742, 1.388101449275355, 6.790901701323224, 0.3374625078764923, 0.9843364839319487, 1.4221027095147967, 0.4768676748582171, 1.1636931316950203, 0.580571518588534, 0.35191304347826347, 0.7930793950850669, 0.3910144927536214, 0.14365532451164942, 1.0642394454946338, 0.939284814114683, 1.2172451165721494, 0.2057076244486474, 0.11560428481411857, 1.033638311279142, 0.7454776307498429, 1.066789540012603, 0.05355198487712341, 0.1742564587271639, 1.0149376181474492, 2.344386893509756, 2.549244486452414, 1.6499111531190895, 0.08840327662255394, 0.4309659735349738, 0.7199766855702532, 0.7522778827977312, 0.8874328922495203, 0.8389810964083187, 0.13430497794580298, 0.8780825456836794, 0.940984877126655, 0.7335771896660384, 2.7821531190926123, 0.9996370510396918, 0.49641839949589606, 1.260596723377435, 0.7386773787019517, 1.0276880907372339, 1.1092911153119025, 1.0242879647132928, 1.6312104599873882, 0.7463276622558204, 0.7403774417139295, 0.37231379962192274, 0.18955702583491263, 0.4301159420289849, 1.2673969754253316, 0.8041298046628769, 1.3770510396975335, 0.31196156269690534, 0.6800252047889122, 0.245659105229997, 0.8933831127914338, 0.9783862633900351, 0.6732249527410209, 1.1381921865154279, 0.02465091367359802, 0.10540390674227758, 0.8151802142407067, 0.7624782608695666, 0.5117189666036533, 0.20740768746061383, 1.190894139886571, 1.118641461877749, 1.3294492753623208, 0.6400737240075625, 0.5550705734089499, 0.0782028985507271, 0.5159691241335806, 0.7369773156899825, 0.03740138626339713, 0.9707359798361664, 0.13090485192186446, 0.8355809703843661, 0.07990296156269634, 0.34681285444234716, 0.9197340894770012, 1.3626005040957767, 0.0977536231884117, 0.9545853812224318, 0.16915626969123349, 1.1483925645872746, 0.6808752362948896, 0.7335771896660384, 0.6681247637051047, 0.6885255198487725, 0.41481537492122766, 0.3357624448645174, 0.7429275362318791, 0.4938683049779464, 1.1968443604284702, 0.03400126023943881, 1.4297529930686823, 0.3068613736609919, 0.9486351606805237, 1.8862199117832457, 0.15725582860743742, 1.3660006301197123, 0.49216824196597436, 0.5474202898550642, 1.367700693131693, 1.0557391304347818, 0.05100189035917095, 0.6026723377441625, 2.046875866414616, 0.03400126023945013, 0.5066187775677314, 0.3162117202268469, 0.13175488342785335, 0.36721361058601504, 0.7582281033396364, 0.005100189035919077, 1.6881625708884587, 0.24735916824196058, 0.3051613106490284, 0.6264732199117943, 1.7765658475110153, 0.5210693131694941, 0.41906553245115785, 1.25209640831758, 1.30054820415879, 0.1530056710775072, 1.6567114051669807, 1.1747435412728418, 0.49726843100188495, 1.6065595463137987, 0.8194303717706398, 1.8539187145557565, 2.914758034026452, 0.2558594833018238, 0.4802678008821585, 0.9834864524259515, 1.3345494643982372, 0.18105671077504373, 0.18615689981095995, 0.005950220541896625, 0.011050409577824195, 0.7692785129174549, 0.028051039697545015, 0.26350976685570104, 0.07225267800882763, 0.5389199747952151, 1.6813623188405789, 0.5389199747952151, 0.25160932577189643, 0.5542205419029639, 0.41481537492122766, 0.4743175803402675, 0.6188229363579087, 0.28221045998739674, 1.4221027095148164, 1.2061947069943282, 0.18360680529300752, 0.6341235034656602, 0.5508204158790196, 0.4216156269691273, 0.5457202268431006, 0.9630856962822949, 1.35325015752993, 0.7769287964713293, 0.6077725267800789, 0.9919867674858232, 0.4598670447384963, 0.27966036546944145, 0.28136042848140785, 0.1878569628229434, 0.7259269061121612, 0.04675173282923509, 0.5525204788909833, 0.5261695022054217, 0.5746212980466316, 0.182756773787013, 0.163206049149334, 1.280147448015122, 0.17510649023314992, 0.9673358538122138, 1.5275066162570798, 1.083790170132324, 1.2826975425330804, 1.4578040327662245, 0.3765639571518643, 0.08585318210460713, 1.1271417769376177, 0.03400126023945013, 0.1530056710775072, 0.9044335223692496, 1.0922904851921873, 1.5241064902331527, 0.9435349716446131, 0.8134801512287346, 202.4707044738494, 203.45589098928733, 1.654161310649014, 0.37826402016383637, 0.33066225582860675, 1.12544171392564, 0.5797214870825479, 0.5423201008191479, 0.03825141776937185, 0.8874328922495288, 1.3141487082545666, 2.2092318840579583, 1.3643005671077488, 1.237645872715806, 0.594172022684305, 0.6689747952110907, 0.9078336483931966, 1.4501537492123415, 2.033275362318837, 1.6686118462507882, 0.3162117202268384, 0.10200378071833341, 0.35361310649023275, 0.318761814744805, 0.8653320730938775, 0.1402551984877081, 0.5746212980466203, 0.5312696912413379, 0.27541020793951126, 0.9299344675488336, 0.6681247637051047, 0.3162117202268469, 0.9936868304977866, 0.2414089477000583, 0.46326717076244617, 0.23290863264020073, 0.4428664146187783, 0.1904070573409015, 0.5491203528670363, 1.243596093257711, 0.3060113421550116, 0.7412274732199099, 0.6341235034656602, 0.07565280403276615, 0.11560428481411857, 0.24735916824196058, 0.4539168241965912, 1.215545053560186, 2.14972967863893, 1.5938090737240054, 1.4323030875866405, 0.02550094517958689, 0.966485822306239, 0.6468739760554508, 0.13345494643981695, 0.9673358538122251, 0.7803289224952762, 1.9397718966603552, 0.5831216131064836, 0.03145116572148635, 0.5091688720856952, 0.17595652173913315, 1.3507000630119634, 1.3813011972274722, 2.351187145557644, 0.4479666036546889, 0.2881606805292962, 0.48281789540012227, 1.8454183994958988, 0.4896181474480106, 0.9188840579710094, 0.7165765595463147, 1.0820901071203464, 0.03740138626339713, 0.32726212980465974, 0.10625393824826078, 0.6230730938878304, 0.8185803402646453, 0.9596855702583508, 0.8908330182734729, 0.5066187775677399, 1.228295526149965, 0.7650283553875247, 1.4790548204158784, 0.5729212350346681, 0.4896181474480106, 0.15215563957151834, 0.5151190926275947, 1.9729231253938193, 0.22440831758034313, 1.1169413988657853, 1.0888903591682346, 0.2575595463137959, 0.6502741020793893, 0.7378273471959572, 0.6451739130434788, 0.762478260869558, 0.2737101449275279, 1.4119023314429726, 0.6808752362948896, 0.45476685570258857, 0.8032797731568936, 0.3306622558286124, 1.6405608065532462, 1.2571965973534962, 0.8066798991808463, 1.6728620037807156, 1.1942942659105122, 0.473467548834273, 0.05440201638311229, 0.2677599243856369, 0.48281789540012227, 0.3774139886578475, 0.5440201638311285, 0.0008500315059832098, 0.02380088216760915, 1.3991518588531737, 1.11779143037176, 0.5168191556395724, 0.12240453686200689, 0.7301770636420941, 1.187494013862624, 0.3570132325141797, 0.5933219911783246, 1.5037057340894764, 0.33406238185255377, 0.7514278512917367, 1.5275066162570885, 1.004737240075608, 0.345962822936364, 0.16915626969123349, 1.167093257718959, 0.6715248897290431, 0.10370384373030267, 0.34426275992438055, 0.0008500315059832098, 1.1475425330812856, 0.012750472589796278, 1.8182173913043398, 0.07140264650283877, 0.7429275362318791, 0.3816641461877749, 0.8177303087586649, 0.4250157529930715, 0.7378273471959572, 0.1691562696912448, 0.6035223692501515, 0.33831253938248396, 0.380814114681786, 1.390651543793319, 0.9188840579710179, 1.636310649023313, 0.6715248897290489, 1.9550724637681125, 0.8874328922495288, 0.30176118462508417, 0.4190655324511692, 0.270310018903595, 0.509168872085698, 0.39526465028355723, 0.07990296156269634, 1.6635116572148718, 0.6740749842469985, 0.43266603654694585, 0.7514278512917367, 0.031451165721480684, 1.5309067422810325, 3.447727788279756, 0.11730434782608215, 0.16660617517328669, 1.139042218021414, 0.19635727788279245, 1.61760995589162, 0.8279306868304889, 1.4484536862003783, 0.5661209829867628, 0.14875551354757982, 0.10030371770636134, 0.32301197227473805, 0.5763213610585952, 1.4340031505986068, 0.6817252678008728, 0.9775362318840575, 1.2877977315689964, 0.7293270321361082, 0.08500315059861827, 1.4875551354757415, 0.43181600504095413, 0.2788103339634583, 1.103340894770003, 1.0795400126023937, 0.2499092627599272, 0.4437164461247644, 0.5363698802772485, 0.7913793320730892, 0.872982356647766, 0.9673358538122251, 1.3200989287964802, 0.6332734719596742, 0.7726786389413933, 0.702126023944552, 0.5873717706364165, 0.7726786389413933, 0.5822715816004947, 0.6086225582860677, 2.7813030875866263, 1.859868935097656, 1.5989092627599157, 0.6001222432262158, 0.8976332703213612, 0.9197340894769983, 0.8848827977315706, 0.8593818525519781, 0.9690359168241972, 0.7760787649653348, 2.2279325771896628, 0.770978575929427, 0.09945368620038096, 0.35021298046628, 0.7148764965343454, 0.5006685570258262, 0.04590170132324904, 0.22270825456835974, 0.7939294265910471, 0.3204618777567686, 1.3345494643982372, 0.4760176433522396, 1.8794196597353405, 1.783366099558915, 0.33746250787649507, 0.12495463137996501, 0.9154839319470709, 0.5627208569628215, 0.6179729048519226, 1.250396345305608, 0.11475425330812404, 0.15640579710144853, 0.9630856962822949, 0.7378273471959713, 0.08925330812854847, 0.5644209199747907, 0.34171266540643097, 0.47601764335223107, 0.7641783238815302, 2.277234404536853, 0.40121487082545954, 0.7871291745431646, 0.036551354757408255, 0.05780214240705079, 1.2894977945809687, 0.4377662255828621, 0.7539779458097147, 0.15130560806552945, 1.016637681159421, 0.8109300567107681, 0.2235582860743486, 1.7901663516068036, 0.4156654064272222, 1.360900441083802, 0.7871291745431561, 0.9197340894769983, 0.2864606175173213, 1.3566502835538745, 0.7760787649653348, 0.6723749212350264, 0.06630245746692252, 0.5372199117832374, 1.0854902331442962, 0.2745601764335281, 0.5244694391934496, 0.8602318840579727, 0.9069836168871992, 0.8449313169502239, 0.32216194076874916, 1.2078947700063, 0.15130560806553794, 0.9613856332703143, 0.794779458097039, 1.3030982986767483, 0.37061373660994784, 0.8270806553245028, 0.018700693131701394, 0.4777177063642117, 1.5742583490863236, 0.8406811594202909, 1.3404996849401283, 0.3833642091997526, 1.0302381852551978, 0.8151802142406982, 0.4343660995589123, 1.5011556395715098, 1.0064373030875857, 1.048088846880902, 0.9809363579079933, 1.2622967863894123, 1.0455387523629494, 1.1390422180214337, 1.6405608065532462, 1.283547574039069, 0.43096597353496807, 0.09605356017643962, 0.6103226212980426, 0.24735916824196058, 0.6273232514177634, 0.6307233774417048, 0.5890718336483943, 0.32556206679268485, 0.22525834908633202, 0.1402551984877081, 0.01445053560177119, 0.3315122873345956, 0.20230749842469758, 1.9780233144297383, 0.6800252047889122, 0.6987258979205994, 1.4119023314429697, 0.318761814744805, 0.34596282293635267, 0.08500315059860693, 0.2558594833018238, 1.2631468178953986, 1.1832438563327021, 1.1781436672967858, 0.14535538752363283, 1.3779010712035282, 0.10115374921235304, 0.21335790800251328, 1.8471184625078767, 0.8823327032136125, 1.1339420289855062, 1.3541001890359161, 0.05440201638311229, 0.411415248897292, 1.269097038437295, 0.6256231884057998, 1.1126912413358552, 0.4921682419659687, 0.8423812224322572, 0.8602318840579612, 0.10030371770636134, 0.766728418399494, 1.3090485192186447, 0.3901644612476325, 0.6222230623818529, 0.19465721487082888, 1.524106490233133, 0.03655135475739693, 0.9571354757403814, 72.04442028985481, 63.862867044738294, 60.163529930686636, 50.95513862633884, 37.47193887838677, 35.30775866414608, 30.79494139886568, 0.7862791430371673, 0.6145727788279784, 0.2779603024574637, 1.1475425330812772, 0.9775362318840575, 1.077839949590419, 2.3469369880277227, 0.7301770636420941, 0.7633282923755413, 1.278447385003153, 0.6035223692501599, 1.9193711405166873, 0.0008500315059860409, 1.253796471329552, 1.888770006301187, 1.4535538752362942, 0.7106263390044124, 0.47856773787018925, 0.36551354757403726, 1.3592003780718325, 0.25925960932576514, 1.2860976685570245, 1.3285992438563237, 0.10030371770636984, 0.13515500945179185, 0.5644209199747907, 0.5287195967233798, 0.648574039067423, 0.2856105860113381, 1.2231953371140432, 0.630723377441716, 1.7230138626338891, 0.8466313799621932, 1.1084410838059136, 0.5797214870825479, 0.448816635160675, 0.6375236294896044, 1.181543793320733, 0.006800252047882666, 0.41226528040327803, 0.46751732829237636, 0.22525834908632353, 1.399151858853182, 0.9826364209199653, 0.3476628859483219, 0.916333963453057, 0.880632640201629, 0.532119722747324, 0.6477240075614312, 0.39866477630749003, 0.35361310649023275, 1.43060302457466, 0.07565280403276897, 0.8585318210460006, 1.513906112161309, 2.5330938878386795, 0.1113541272841912, 0.7913793320730892, 0.8891329552614924, 0.672374921235035, 0.7633282923755413, 0.16830623818525028, 0.4088651543793282, 0.15045557655954342, 0.9171839949590345, 0.6902255828607418, 0.5185192186515445, 1.5674580970384353, 0.035701323251422216, 1.4824549464398113, 0.2167580340264688, 1.6354606175173156, 0.2686099558916116, 1.0174877126653987, 0.19805734089476454, 1.092290485192176, 0.6154228103339673, 0.9596855702583393, 1.1976943919344678, 0.7607781978575944, 1.4204026465028332, 0.6519741650913784, 0.015300567107745907, 0.034851291745439, 0.3927145557655906, 1.2393459357277865, 1.7714656584751076, 1.1143913043478186, 0.32301197227473805, 0.8321808443604192, 1.3864013862633886, 0.2193081285444184, 0.40206490233143705, 0.2643597983616956, 0.06630245746691403, 0.05015185885318492, 0.7046761184624988, 0.0297511027095171, 0.6953257718966609, 0.2125078764965329, 0.26350976685570104, 0.36041335853811823, 0.23120856962823147, 0.384214240705733, 1.1993944549464286, 0.8423812224322572, 0.4828178954001307, 1.7536149968493895, 0.23460869565216996, 0.4360661625708844, 0.7701285444234409, 0.3204618777567686, 0.3697637051039731, 1.8301178323881415, 0.4802678008821585, 1.6456609955891537, 1.1279918084436067, 0.4658172652803958, 0.5924719596723328, 2.2185822306238108, 0.3272621298046683, 1.2427460617517334, 2.0154247006931296, 0.07990296156269353, 1.373650913673598, 0.1351550094517975, 1.3660006301197207, 2.544994328922484, 2.181180844360419, 0.38676433522369397, 0.8041298046628769, 0.15045557655954908, 0.9460850661625713, 1.0982407057340895, 0.545720226843095, 0.26095967233773726, 1.380451165721489, 0.0017000630119664195, 1.0234379332073122, 1.7068632640201629, 0.37996408317579994, 0.3230119722747267, 0.7089262759924319, 0.4853679899180804, 0.26350976685570104, 0.7803289224952679, 0.5406200378071787, 0.056952110901064744, 0.09690359168241718, 0.3850642722117219, 1.6473610586011258, 1.0540390674228097, 0.07990296156269353, 0.09435349716446471, 1.4501537492123415, 1.9924738500314925, 1.010687460617519, 1.1381921865154279, 0.6332734719596628, 1.2937479521109017, 1.597209199747941, 1.4246528040327577, 2.2440831758033917, 2.152279773156888, 1.6516112161310619, 0.2261083805923124, 0.48621802142407206, 0.24905923125393264, 0.8432312539382462, 0.007650283553880032, 1.092290485192176, 1.996724007561434, 0.7913793320730975, 0.3646635160680541, 0.9061335853812217, 0.9341846250787667, 0.41906553245115785, 1.4204026465028332, 0.962235664776309, 0.10200378071833907, 0.11645431632010744, 1.1356420919974697, 1.128841839949587, 0.20910775047259159, 0.2524593572778853, 0.2405589161940694, 0.25500945179584344, 1.7187637051039617, 0.4913182104599798, 0.46411720226842657, 0.3051613106490227, 1.3864013862633886, 0.9503352236925015, 1.609109640831757, 0.4692173913043484, 1.6796622558286152, 0.3357624448645174, 1.043838689350966, 1.126291745431629, 0.43266603654694585, 0.10030371770636984, 0.6545242596093195, 0.2720100819155699, 0.6579243856332722, 0.4505166981726555, 0.6689747952110852, 0.9919867674858232, 0.4156654064272222, 0.18870699432891808, 0.25925960932577363, 1.7000630119722717, 0.7233768115941945, 0.9843364839319487, 0.45476685570258857, 0.02465091367359802, 1.5742583490863236, 0.8270806553245028, 1.9771732829237465, 1.1016408317580282, 0.1496055450535602, 0.4369161940768704, 0.07225267800882763, 0.474317580340259, 0.557620667926908, 1.4229527410207854, 0.20315752993068928, 1.2197952110901076, 0.40376496534342043, 1.093990548204151, 0.182756773787013, 0.5423201008191565, 0.9962369250157505, 0.9605356017643453, 0.10115374921235021, 1.4331531190926265, 0.33916257088846435, 0.29241083805923773, 0.7879792060491506, 0.26690989287965367, 0.672374921235035, 0.4726175173282841, 1.7119634530560792, 1.6924127284183945, 1.8207674858222982, 2.113178323881533, 0.580571518588534, 1.134792060491492, 0.2737101449275392, 0.4454165091367478, 0.9112337744171407, 0.7888292375551396, 0.15300567107750151, 1.6048594833018153, 1.1959943289224955, 0.4530667926906137, 0.3204618777567686, 1.007287334593572, 0.13940516698173339, 0.4284158790170156, 0.19975740390673946, 1.4952054190296045, 0.5992722117202297, 78.6738160050407, 79.57994959042193, 78.15529678638917, 76.26142659105204, 75.89591304347802, 73.82183616887181, 69.36597101449252, 46.98634152488958, 4.8179785759294065, 1.7893163201008089, 0.45476685570258857, 0.384214240705733, 0.1827567737870215, 0.12155450535602369, 0.23800882167611132, 0.2261083805923124, 2.3375866414618676, 0.2541594202898574, 0.1640560806553286, 0.1564057971014457, 2.1242287334593457, 2.033275362318831, 0.6145727788279728, 0.09520352867043942, 0.3884643982356632, 0.46241713925645445, 0.8542816635160618, 2.0477258979205937, 0.3740138626338948, 0.11305419029614912, 0.8738323881537464, 1.3064984247006868, 1.0183377441713932, 0.5771713925645898, 0.9426849401386271, 1.2809974795211025, 1.4697044738500291, 1.7893163201008089, 0.08415311909263222, 1.1254417139256485, 0.940984877126655, 1.3549502205418908, 1.4102022684310007, 1.4365532451165737, 1.2044946439823587, 0.19210712035287075, 0.28136042848141635, 0.36041335853811823, 0.007650283553880032, 0.2737101449275279, 1.635460617517327, 1.280997479521111, 0.8729823566477576, 1.105040957781978, 0.4080151228733422, 0.5295696282293574, 0.4921682419659687, 1.0429886578449827, 1.2860976685570245, 0.9639357277882724, 0.8058298676748603, 1.1713434152488975, 1.2146950220541801, 0.8032797731568936, 0.40461499684940366, 0.7080762444864542, 0.05780214240705928, 0.7871291745431561, 0.18700693131694318, 2.351187145557644, 0.11560428481410724, 0.9248342785129146, 0.7233768115941945, 2.0791770636420828, 0.005950220541902288, 0.556770636420922, 1.105040957781978, 1.082090107120352, 0.008500315059866074, 0.4165154379332082, 1.3353994959042206, 0.9477851291745405, 0.740377441713921, 1.4952054190296131, 1.5334568367989794, 0.9936868304977952, 1.0897403906742291, 1.16624322621297, 0.5142690611216114, 0.25245935727787966, 0.5159691241335806, 1.2333957151858814, 0.474317580340259, 1.217245116572138, 0.6043724007561374, 1.6983629489602998, 1.3183988657844996, 0.9214341524889761, 0.5100189035916783, 0.9435349716446045, 0.035701323251422216, 0.5729212350346483, 1.6626616257088747, 0.3094114681789501, 2.1913812224322515, 1.0914404536862012, 0.5907718966603636, 0.8304807813484668, 1.5045557655954624, 0.11390422180213798, 0.3468128544423387, 0.33831253938247546, 0.6902255828607445, 0.7497277882797674, 1.8148172652804013, 0.052701953371143036, 0.5593207309388745, 1.757865154379331, 0.674925015752993, 0.6570743541272777, 1.8717693761814718, 0.08755324511656506, 0.5797214870825366, 0.513419029615631, 0.4258657844990575, 1.0973906742281063, 1.1687933207309393, 0.11900441083806555, 1.0659395085066172, 0.1266546943919371, 0.25755954631380157, 0.6817252678008842, 2.19818147448014, 0.2643597983616956, 0.5023686200378097, 1.7842161310648925, 0.7182766225582868, 1.8054669187145465, 0.674074984247007, 0.36381348456205953, 0.39441461877757966, 1.2325456836798925, 0.557620667926908, 0.879782608695646, 1.5020056710775045, 0.25500945179584344, 0.5134190296156226, 0.2040075614366753, 0.8194303717706313, 0.11645431632009612, 0.4165154379332082, 0.4522167611846163, 0.09860365469439773, 2.4302400756143574, 0.2703100189035865, 1.1985444234404539, 0.4981184625078795, 1.1271417769376177, 0.039951480781355256, 1.0225879017013235, 0.584821676118467, 1.1891940768746043, 1.0939905482041594, 0.3612633900441099, 1.1764436042848165, 0.6026723377441738, 2.2415330812854393, 1.1713434152488862, 0.1538557025834904, 0.4301159420289849, 1.2223453056080655, 0.3221619407687379, 0.6698248267170768, 0.8500315059861316, 0.5219193446754802, 0.05100189035916529, 0.01870069313168724, 2.1293289224952647, 0.7259269061121612, 3.1825179584120833, 1.4272028985507241, 0.9214341524889761, 0.9809363579079933, 0.07905293005671314, 0.3323623188405845, 0.03400126023945013, 0.8865828607435342, 0.5423201008191479, 1.6473610586011316, 0.049301827347201704, 1.28949779458096, 0.48111783238814737, 2.056226212980457, 0.4173654694391943, 0.5627208569628215, 0.674925015752993, 0.3816641461877749, 0.294110901071207, 0.794779458097039, 0.7590781348456139, 1.8360680529300468, 0.07565280403276897, 0.963935727788281, 0.10795400126023288, 1.3719508506616176, 0.5975721487082548, 1.170493383742903, 0.22015816005041294, 0.3723137996219313, 0.8653320730938775, 2.4123894139886537, 1.6949628229363554, 1.4280529300567104, 1.2112948960302443, 0.07905293005671314, 0.17595652173912749, 1.302248267170762, 0.031451165721480684, 0.11645431632009612, 0.41991556395714674, 0.9962369250157505, 0.868732199117833, 0.2779603024574694, 0.5261695022054217, 0.9358846880907388, 0.879782608695646, 0.07225267800881914, 0.04760176433522962, 0.29751102709514265, 0.7905293005671088, 1.2699470699432895, 0.019550724637687436, 0.10285381222432229, 0.6791751732829147, 0.10455387523629155, 1.224895400126024, 0.3213119092627546, 1.443353497164459, 0.907833648393188, 0.1776565847511024, 0.14280529300566622, 1.6550113421550003, 1.7281140516698055, 1.6414108380592292, 0.3969647132955293, 0.9460850661625713, 0.22865847511027335, 0.2482091997479438, 0.17595652173912749, 1.5385570258349013, 0.26095967233773726, 0.1802066792690605, 0.6120226843100146, 1.477354757403895, 0.20230749842470608, 0.23290863264020073, 0.018700693131701394, 0.7182766225582868, 0.3816641461877749, 0.8474814114681736, 1.2240453686200379, 0.04760176433522396, 0.6774751102709625, 0.7505778197857592, 1.4042520478890899, 0.3553131695022104, 0.6239231253938249, 0.3102614996849418, 0.21080781348456365, 0.6009722747322104, 0.8610819155639501, 0.9418349086326296, 0.31196156269690534, 0.6672747321991158, 0.796479521109011, 0.1479054820415853, 0.5882218021424055, 0.8253805923125392, 0.23205860113421187, 0.8313308128544359, 1.6014593572778826, 0.6009722747321933, 1.1602930056710763, 0.5950220541902966, 0.15810586011342345, 0.22100819155639048, 0.7930793950850612, 0.9783862633900351, 0.10115374921235304, 1.374500945179584, 1.1203415248897182, 0.2167580340264688, 1.0854902331442962, 2.2959350976685458, 0.6460239445494648, 0.7565280403276557, 0.41056521739130597, 0.3740138626338948, 1.0990907372400756, 1.5402570888468734, 0.33831253938248396, 0.879782608695646, 0.4394662885948285, 1.0251379962192815, 0.5967221172022631, 0.10370384373031116, 0.3340623818525481, 0.17510649023314992, 1.1526427221171962, 0.21165784499054402, 1.228295526149965, 1.0548890989287873, 1.377901071203517, 1.462054190296149, 1.108441083805922, 1.3736509136735895, 0.990286704473851, 1.3115986137366085, 0.5270195337114078, 1.4110522999369808, 0.5576206679268996, 0.3765639571518643, 0.29921109010712327, 0.005950220541902288, 1.253796471329549, 0.03400126023943881, 1.1458424700693022, 1.4561039697542526, 1.2002444864524258, 0.6154228103339587, 1.2044946439823587, 0.7097763074984264, 0.01105040957781287, 1.5649080025204742, 0.1895570258349013, 0.7029760554505465, 0.6273232514177719, 1.4501537492123502, 1.6397107750472573, 0.3859143037177051, 1.105040957781978, 1.008987397605544, 0.030601134215497476, 0.9231342155009453, 0.7692785129174549, 0.42501575299306293, 0.49131821045998836, 0.5967221172022631, 0.18445683679898506, 1.8683692501575275, 0.7233768115941945, 0.6876754883427837, 0.28901071203528506, 1.5275066162570885, 1.152642722117202, 3.73758853182103, 0.19550724637680642, 0.8083799621928185, 2.0800270951480746, 0.16150598613737044, 0.008500315059854748, 0.1096540642722078, 1.3124486452425945, 0.8126301197227486, 0.19975740390673946, 0.6978758664146105, 0.2618097038437318, 0.930784499054814, 0.9418349086326296, 0.10370384373031116, 0.4743175803402675, 0.07225267800882763, 0.5270195337114078, 0.21080781348455516, 0.31196156269690534, 1.0922904851921873, 0.8738323881537493, 0.3128115942028914, 0.14535538752363283, 0.740377441713921, 3.709537492123491, 0.11730434782608215, 0.5627208569628215, 0.5686710775047209, 1.4059521109010733, 0.7437775677378707, 0.0561020793950872, 1.853068683049776, 0.051851921865154166, 0.14790548204159096, 1.8420182734719575, 1.4595040957781995, 0.6630245746691829, 1.7485148078134816, 1.343049779458095, 0.06885255198487215, 0.16575614366730065, 0.483667926906114, 2.177780718336475, 0.22015816005040162, 0.9503352236925015, 0.5618708254568325, 0.5882218021424083, 0.6545242596093195, 1.6414108380592292, 0.8321808443604192, 1.9100207939508407, 0.12920478890989523, 0.684275362318831, 0.056102079395081536, 1.4765047258979203, 0.3400126023944475, 1.8760195337113992, 0.47601764335223107, 1.1543427851291712, 0.41056521739130025, 0.14705545053559643, 1.6023093887838573, 0.5363698802772485, 1.3728008821676119, 0.43606616257089, 0.200607435412734, 0.8168802772526731, 1.8292678008821641, 1.3328494013862624, 0.39271455576559905, 0.19550724637681774, 0.9341846250787667, 0.30176118462508417, 0.6502741020793893, 0.36551354757403726, 0.8925330812854451, 2.1871310649023212, 0.7548279773156837, 0.053551984877129075, 1.1288418399495899, 0.5159691241335864, 0.36721361058601504, 0.13260491493383372, 0.5151190926276004, 0.9775362318840575, 0.7522778827977256, 0.36636357908001765, 1.9227712665406342, 0.6460239445494648, 0.11560428481411857, 1.7978166351606721, 0.5924719596723386, 0.6876754883427865, 0.13090485192186166, 1.7043131695022047, 1.7323642091997358, 0.04675173282924358, 1.2189451795841215, 0.20315752993068928, 1.8658191556395696, 0.2737101449275279, 0.07480277252678577, 0.40886515437933674, 0.23545872715815883, 0.34936294896029685, 0.25245935727787966, 1.252946439823569, 0.6120226843100146, 0.6834253308128563, 0.10455387523629155, 0.07735286704473539, 1.725563957151847, 0.24735916824196058, 0.28051039697542185, 1.2350957781978507, 1.9414719596723242, 0.35106301197226897, 0.11305419029614912, 1.7434146187775628, 0.4819678638941419, 1.016637681159421, 0.8576817895400031, 0.4530667926906052, 1.9899237555135345, 0.7658783868935051, 0.3808141146817945, 0.23120856962822864, 1.7587151858853085, 0.9673358538122251, 0.06460239445493912, 0.17595652173913315, 1.1126912413358552, 0.8644820415879028, 1.5164562066792642, 0.13770510396975846, 1.1815437933207245, 1.3770510396975335, 0.7063761814744822, 2.3350365469439094, 1.1509426591052327, 0.07480277252678577, 1.5317567737870186, 0.716576559546309, 0.5627208569628215, 0.4352161310649011, 0.16405608065531724, 1.057439193446754, 0.6426238185255206, 0.7794788909892988, 0.2550094517958378, 0.16235601764335933, 1.0599892879647121, 1.4535538752362858, 0.3357624448645174, 0.28306049149338, 0.4224656584751133, 0.3366124763705062, 0.15725582860743742, 0.35531316950220193, 2.437040327662246, 0.3706137366099592, 0.02635097668556727, 0.034851291745427684, 96.36212161310615, 86.51705671077475, 80.7708437303085, 77.11400819155615, 75.67915500945155, 69.12371203528646, 62.99328481411448, 2.737951480781338, 3.3848254568367833, 1.524106490233133, 0.5015185885318152, 0.7318771266540663, 0.29326086956522096, 0.6256231884057998, 1.0778399495904218, 1.2274454946439848, 0.7582281033396364, 0.7998796471329467, 0.930784499054814, 0.3051613106490284, 1.0523390044108376, 0.3731638311279173, 0.9282344045368558, 0.07225267800881914, 0.8185803402646453, 0.648574039067423, 0.12835475740390634, 1.2631468178953986, 0.9554354127284092, 0.14450535601763828, 0.48621802142407206, 0.6290233144297439, 0.8168802772526731, 0.7437775677378707, 0.5015185885318152, 0.792229363579078, 1.96017265280402, 1.4952054190296131, 0.12495463137995935, 0.7446275992438569, 0.06205229993699232, 0.8653320730938775, 0.5992722117202213, 0.13345494643981695, 1.3115986137366027, 0.6596244486452357, 0.5533705103969693, 0.2550094517958378, 0.9911367359798287, 0.7633282923755554, 0.06885255198487215, 0.6774751102709454, 0.8619319470699447, 0.1819067422810326, 1.0106874606175076, 0.21590800252047426, 0.6970258349086272, 0.8831827347195986, 0.10115374921235021, 0.6485740390674144, 0.8168802772526816, 0.40206490233143705, 0.4454165091367478, 1.1976943919344678, 0.3289621928166375, 0.06970258349085537, 0.46241713925645445, 2.0417756773787, 1.0293881537492031, 0.9571354757403814, 1.1594429741650818, 0.5678210459987405, 0.22525834908632353, 0.06715248897290857, 0.5941720226843106, 0.2779603024574637, 0.5550705734089414, 0.09690359168241718, 0.2779603024574694, 1.1194914933837434, 0.3340623818525481, 1.8471184625078767, 0.8593818525519781, 0.06885255198487215, 0.8933831127914338, 0.5091688720856952, 0.7539779458097147, 0.43606616257089, 0.9095337114051687, 1.3268991808443487, 0.0442016383112713, 0.1632060491493425, 0.6392236925015736, 0.06290233144296986, 1.1084410838059136, 0.03145116572148635, 1.5759584120982983, 0.14195526149968019, 1.3541001890359161, 0.2686099558916116, 1.5462073093887727, 0.28901071203528506, 0.19720730938878983, 1.363450535601754, 0.0416515437933245, 0.5057687460617425, 0.571221172022679, 1.0863402646502822, 0.9588355387523563, 0.3833642091997526, 0.10455387523629721, 1.2758972904851917, 0.0739527410207969, 0.24480907372401095, 0.24480907372400246, 0.8143301827347094, 0.7208267170762365, 2.9232583490863124, 0.7981795841209774, 0.5882218021424055, 0.8007296786389356, 0.2235582860743486, 1.0650894770006312, 2.2211323251417685, 1.8768695652173824, 1.6244102079395055, 1.8267177063642004, 0.039951480781343925, 0.7990296156269635, 0.7862791430371785, 0.03740138626339713, 1.597209199747941, 0.3349124133585341, 1.1415923125393834, 0.17850661625708558, 0.2983610586011372, 1.1611430371770621, 0.09605356017643962, 1.082090107120352, 2.519493383742897, 0.1402551984877166, 0.9715860113421554, 1.0344883427851195, 0.9826364209199653, 0.632423440453688, 1.339649653434145, 0.7709785759294213, 0.5134190296156226, 1.445053560176431, 0.08755324511656506, 1.7731657214870826, 0.10370384373031116, 0.8415311909262713, 0.3893144297416521, 0.8279306868304974, 0.6528241965973475, 1.179843730308758, 0.9596855702583393, 0.8321808443604304, 0.45051669817264706, 1.2639968494013847, 0.3060113421550116, 0.23205860113421187, 2.532243856332694, 1.0353383742911169, 0.8483314429741652, 1.1636931316950119, 0.23375866414618957, 0.1853068683049796, 1.359200378071827, 0.0994536862003753, 1.1415923125393748, 1.036188405797103, 0.29241083805923773, 0.371463768115948, 0.38761436672968, 0.5040686830497733, 0.024650913673600852, 1.4926553245116494, 0.8024297416509049, 1.1917441713925656, 0.1921071203528594, 0.21335790800251328, 1.2121449275362304, 1.1670932577189674, 1.1500926275992438, 1.2775973534971554, 0.6247731568998137, 0.3374625078764923, 1.7051632010081823, 0.8279306868304889, 0.9766862003780715, 1.1951442974165012, 0.40801512287334785, 1.4510037807183278, 1.868369250157519, 0.09945368620038096, 0.24735916824196907, 1.6278103339634413, 0.06970258349086951, 0.09775362318840321, 1.9788733459357188, 0.49726843100188495, 0.766728418399494, 0.3102614996849333, 1.3617504725897849, 0.8585318210460006, 1.0795400126023882, 0.30346124763705346, 1.3217989918084325, 0.9027334593572776, 1.5598078134845523, 0.6247731568998137, 1.514756143667295, 0.3876143667296743, 0.7862791430371673, 0.5287195967233798, 1.1305419029615564, 0.249059231253944, 0.5295696282293574, 1.4663043478260849, 1.815667296786379, 0.3374625078764923, 0.27711027095148616, 0.4275658475110296, 1.4722545683679789, 2.1641802142406927, 0.21505797101448537, 1.048088846880902, 0.7879792060491506, 0.5210693131695026, 0.09860365469439208, 1.5462073093887727, 1.3906515437933131, 2.587495904221792, 1.1330919974795144, 0.7361272841839964, 0.8491814744801456, 0.0025500945179552916, 0.21420793950851064, 0.5992722117202213, 1.6873125393824728, 0.5015185885318236, 1.1177914303717713, 0.6783251417769316, 0.35871329552614895, 0.49726843100188495, 0.010200378071838155, 1.1789936988027663, 0.5414700693131704, 0.9766862003780715, 0.7080762444864542, 1.7077132955261405, 0.3323623188405845, 0.019550724637681774, 0.07735286704473823, 0.6145727788279728, 2.0426257088846773, 0.5924719596723386, 0.2643597983616814, 1.417852551984875, 0.2983610586011372, 1.0684896030245667, 0.32811216131064863, 0.7684284814114716, 0.6638746061751688, 0.006800252047882666, 1.426352867044738, 0.7165765595463147, 0.15130560806553794, 0.7165765595463147, 0.1266546943919371, 1.0013371140516696, 1.2656969124133481, 0.42076559546314124, 0.48621802142407206, 2.2636339004410706, 4.063150598613718, 0.734427221172016, 0.474317580340259, 1.3294492753623208, 0.6162728418399477, 1.0863402646502764, 0.10880403276621892, 0.4292659105230045, 1.599759294265899, 0.4420163831127838, 0.5856717076244502, 0.8627819785759194, 0.44966666666665817, 0.9010333963452998, 0.509168872085698, 0.4037649653434063, 0.8636320100819168, 0.6477240075614368, 0.8661821045998748, 0.10795400126023288, 0.9630856962822864, 0.2507592942659076, 0.4658172652803958, 1.432303087586632, 0.3748638941398809, 1.2962980466288483, 1.174743541272833, 0.41396534341524444, 0.5550705734089414, 1.5241064902331527, 2.125078764965329, 1.1645431632010177, 0.09775362318840321, 0.6995759294265825, 0.6018223062381792, 0.735277252677999, 0.6468739760554423, 0.6205229993698722, 2.0630264650283454, 0.594172022684305, 0.7811789540012509, 1.2656969124133481, 0.7913793320730892, 0.30856143667296404, 0.17595652173913315, 0.6774751102709454, 0.2116578449905497, 0.5015185885318236, 0.8483314429741652, 0.14450535601764963, 0.642623818525515, 1.4705545053560067, 1.2682470069313174, 0.2847605545053492, 3.070313799621914, 1.2716471329552619, 0.9256843100189035, 0.04930182734719321, 0.47856773787018925, 2.4106893509766727, 0.6783251417769399, 0.14450535601763828, 0.345962822936364, 0.8168802772526816, 0.9027334593572719, 0.785429111531184, 0.749727788279773, 0.38166414618778055, 0.35361310649023836, 0.1283547574039035, 0.7667284183994967, 1.144992438563319, 0.2499092627599187, 0.7369773156899825, 1.0914404536862012, 0.9639357277882724, 0.6043724007561374, 1.0914404536861928, 0.33151228733459, 0.052701953371143036, 0.1411052299936913, 0.007650283553871537, 0.09435349716446471, 1.3575003150598546, 0.05780214240705079, 0.49896849401386556, 0.5151190926276004, 0.2788103339634498, 0.07650283553874936, 0.4539168241965912, 1.3107485822306169, 0.0331512287334556, 1.2571965973534904, 1.0055872715815997, 0.4845179584121, 1.3421997479521002, 0.8534316320100814, 0.3570132325141797, 0.35191304347826347, 0.5304196597353434, 0.903583490863255, 0.1776565847511052, 0.8831827347195872, 0.5287195967233798, 0.200607435412734, 2.749001890359157, 0.4029149338374316, 0.9724360428481357, 1.0786899810964021, 1.827567737870192, 1.7910163831127779, 1.1934442344045375, 4.004498424700675, 0.698725897920605, 0.8933831127914255, 0.4003648393194735, 0.21165784499054402, 0.5984221802142522, 1.0650894770006312, 0.2847605545053492, 1.7162136105860093, 0.34596282293635267, 0.9698859483301776, 2.0825771896660297, 0.5899218651543747, 0.5542205419029639, 47.20819974795195, 44.323192816635014, 41.24777882797718, 30.35717517328282, 21.198085696282224, 19.25491367359792, 11.192364839319431, 2.29083490863263, 2.3979388783868822, 2.331636420919965, 1.0285381222432202, 1.5156061751732752, 0.048451795841212834, 2.78045305608064, 0.8406811594202823, 3.145966603654683, 1.4705545053560067, 0.8228304977945783, 1.5759584120982901, 2.0791770636420828, 1.3328494013862595, 1.2809974795211025, 1.766365469439183, 1.2597466918714486, 1.0854902331442962, 0.26945998739760046, 0.4241657214870741, 1.3455998739760642, 1.0897403906742291, 0.08925330812854847, 0.3315122873345956, 0.07310270951481368, 1.3702507876496426, 1.0174877126653987, 2.5662451165721354, 1.0506389413988657, 1.973773156899808, 0.07565280403276615, 1.0472388153749215, 0.0008500315059832098, 1.7119634530560677, 0.014450535601759865, 0.7633282923755413, 2.1769306868304943, 1.444203528670445, 0.6468739760554423, 16.726919974795155, 16.05361685823754, 0.549592592592592, 0.5900798212005115, 0.7451372924648795, 0.4177937420178768, 1.4980274584929736, 0.18693039591315683, 0.3824750957854385, 1.4816602809706254, 0.6856985951468698, 1.3843186462324326, 0.3350964240102174, 0.8140517241379299, 0.49273818646232437, 1.5299003831417624, 1.28956130268199, 0.4074565772669229, 0.4307151979565784, 1.4351430395913145, 0.32217496807152146, 1.8581053639846754, 0.024981481481478718, 1.251658365261813, 1.3197113665389502, 1.2628569604086826, 1.83484674329502, 1.7116621966794354, 0.5289182630906786, 0.8881347381864588, 1.2628569604086854, 0.01033716475095958, 1.2886998722860772, 0.9088090676883779, 0.235170498084291, 1.2456283524904186, 1.1853282247765016, 1.7013250319284785, 1.2352911877394648, 0.8355874840357592, 0.23000191570881262, 1.347277139208171, 0.6934514687100902, 0.5435625798212007, 1.6375791826309063, 0.8502318007662812, 1.5833090676883779, 0.5004910600255391, 1.2602726692209463, 0.1920989782886323, 0.6434885057471241, 0.563375478927201, 0.5754355044699867, 0.7270472541507024, 1.5428218390804613, 1.047499361430395, 1.069035121328224, 0.5685440613026793, 1.4006858237547892, 1.3197113665389533, 1.1353652618135355, 0.13438314176245159, 1.9563084291187727, 0.9320676883780333, 0.6150613026819903, 0.3368192848020435, 0.988060664112388, 0.3368192848020463, 0.9622177522349933, 0.2877177522349962, 1.5359303959131538, 0.549592592592592, 0.0025842911877391778, 0.4324380587484017, 1.5884776500638562, 0.862291826309067, 0.4832624521072836, 1.2223697318007658, 1.28956130268199, 0.003445721583655106, 0.24895338441889994, 1.1715453384418897, 293.3704584929757, 0.3101149425287358, 0.11973882503192672, 0.6831143039591306, 0.6314284802043413, 0.5926641123882508, 0.5134125159642378, 0.13093742017879648, 1.3981015325670474, 0.7348001277139199, 1.0724808429118764, 0.4109022988505723, 0.11198595146871204, 1.5643575989782876, 1.4480644955300104, 0.7063729246487861, 0.13438314176245444, 1.2912841634738166, 2.026945721583661, 0.6417656449553009, 0.7718416347381871, 1.0785108556832679, 0.11457024265645123, 0.33337356321838835, 325.6379182630905, 320.12476372924635, 0.6159227330779034, 0.9923678160919532, 0.02239719029373954, 0.1300759897828863, 0.8347260536398462, 0.5926641123882508, 0.45569667943805714, 0.0973416347381843, 1.0664508301404851, 0.13955172413793568, 0.5392554278416325, 1.1982496807151946, 0.8149131545338429, 1.113829501915709, 0.23086334610472858, 1.3429699872286085, 0.2584291187739465, 0.42899233716475516, 0.7408301404853113, 1.1827439335887595, 0.8416174968071507, 0.7063729246487861, 1.739227969348659, 0.9449891443167292, 0.17831609195402334, 0.09561877394635818, 0.5892183908045957, 2.1070587484035754, 0.5452854406130268, 0.9518805874840337, 0.7770102171136656, 0.20243614303959476, 0.38333652618135444, 0.2007132822477629, 1.4532330779054916, 0.7709802043422712, 1.7711008939974449, 0.06977586206896354, 1.6358563218390803, 0.5271954022988525, 1.1189980842911873, 0.8803818646232442, 1.4239444444444418, 0.004307151979562427, 0.03187292464878893, 1.579863346104723, 1.335217113665388, 1.5290389527458466, 0.4324380587484017, 0.7020657726692207, 0.4608652618135383, 1.0328550446998699, 1.1724067688378028, 1.472184546615579, 0.8786590038314152, 0.9458505747126452, 1.0750651340996185, 0.7149872286079166, 1.0707579821200504, 0.44880523627075264, 0.6012784163473786, 1.978705619412515, 0.752890166028097, 0.4152094508301376, 0.752890166028097, 0.14213601532567485, 1.147425287356321, 0.9527420178799468, 0.7330772669220937, 0.46517241379310365, 0.24636909323116077, 0.052547254150702355, 0.8037145593869732, 0.45828097062579626, 0.8726289910600238, 1.2757784163473813, 1.1991111111111106, 1.0268250319284813, 1.047499361430395, 0.752890166028097, 1.6892650063856958, 0.25067624521072607, 1.7934980842911845, 0.004307151979562427, 0.1317988505747124, 0.0861430395913174, 1.6737592592592578, 0.47550957854406317, 0.4961839080459766, 0.9174233716475114, 0.7890702426564484, 0.19468326947637432, 0.7942388250319267, 1.286115581098338, 1.207725415070241, 1.0070121328224781, 0.895026181353769, 0.029288633461046886, 0.28944061302681945, 1.2154782886334585, 0.7029272030651339, 0.3910893997445719, 1.4627088122605352, 0.3979808429118821, 1.1146909323116307, 1.0483607918263051, 0.35318646232439443, 0.3807522349936152, 1.3937943805874848, 1.0009821200510838, 0.9312062579821203, 0.047378671775226866, 0.49187675606641135, 0.06116155810983581, 0.5599297573435488, 0.8373103448275884, 0.266181992337164, 0.5513154533844182, 0.453973818646231, 0.767534482758619, 0.5358097062579803, 0.8734904214559368, 0.11629310344827161, 0.6477956577266893, 0.391950830140485, 0.6788071519795624, 0.4513895274584918, 0.6607171136653911, 0.18262324393358578, 1.299037037037037, 0.33940357598978554, 1.7840223499361407, 0.09648020434227411, 0.11112452107279612, 0.4953224776500636, 1.1250280970625788, 0.41176372924649113, 0.21277330779054857, 0.2196647509578588, 0.548731162196679, 0.07666730523626801, 0.36093933588761196, 1.3860415070242644, 0.7847630906768802, 0.3635236270753483, 0.2343090676883751, 1.143979565772669, 1.1534553001277126, 0.862291826309067, 0.3747222222222238, 0.596109833971903, 0.896749042145595, 0.6477956577266922, 0.8338646232439303, 0.3540478927203018, 0.06374584929757213, 1.16120817369093, 0.3574936143039569, 0.29719348659004274, 0.6434885057471241, 1.2068639846743336, 0.34026500638569285, 0.7752873563218365, 0.25412196679438115, 0.4401909323116221, 1.3102356321839124, 0.9587720306513383, 0.4513895274584947, 0.939820561941251, 0.15936462324393316, 0.562514048531288, 0.3729993614303977, 1.2258154533844183, 0.21363473818646164, 0.59524840357599, 1.0104578544061305, 1.7064936143039597, 0.5762969348658997, 0.6770842911877392, 0.2506762452107232, 0.9673863346104717, 0.6400427841634748, 0.46258812260536447, 1.8443224776500606, 0.580604086845465, 2.1105044699872275, 1.0897094508301404, 1.145702426564495, 0.21880332056194285, 0.4419137931034482, 0.4772324393358893, 1.3231570881226054, 1.29989846743295, 0.6460727969348633, 0.7804559386973178, 2.1820031928480286, 1.2275383141762444, 1.2008339719029366, 0.957049169859515, 0.03618007662835423, 0.21191187739463552, 0.4944610472541505, 1.5436832694763714, 0.44363665389527146, 0.41176372924649113, 0.1585031928480201, 0.1610874840357593, 1.1810210727969364, 2.4490466155810973, 1.145702426564495, 0.30494636015325166, 0.8373103448275854, 1.4187758620689637, 0.1593646232439303, 0.484985312899104, 0.4091794380587462, 0.43760664112388287, 0.9837535121328227, 1.3231570881226054, 1.2223697318007658, 1.0121807151979536, 0.2558448275862073, 1.1017694763729233, 0.0344572158365281, 1.0440536398467426, 0.22138761174967916, 0.27824201787994685, 0.47895530012771254, 0.018090038314171376, 0.1834846743295017, 1.0552522349936122, 0.4419137931034482, 0.5607911877394676, 0.42985376756066535, 1.3421085568326956, 0.42726947637292617, 0.189514687100896, 1.4635702426564483, 0.7563358876117463, 0.11973882503192959, 0.5771583652618129, 0.037902937420180347, 0.9889220945082982, 0.3643850574712642, 0.5556226053639863, 1.6384406130268194, 0.8683218390804612, 0.9208690932311607, 0.5849112388250304, 1.5359303959131538, 1.0440536398467426, 0.9458505747126481, 0.3092535121328227, 0.3376807151979536, 0.3178678160919562, 1.4342816091954014, 0.4686181353767559, 0.1171545338441904, 0.4970453384418897, 0.11543167305236142, 0.22655619412515754, 0.2644591315453379, 1.3998243933588763, 0.9191462324393375, 0.04651724137931094, 0.5366711366538933, 0.6960357598978293, 0.3574936143039569, 0.3971194125159605, 0.4160708812260535, 0.20502043422733393, 2.2509176245210707, 0.4134865900383115, 1.110383780332054, 1.5109489144316721, 0.41004086845466214, 0.8114674329501907, 1.0561136653895282, 0.038764367816096275, 0.16625606641123766, 2.417173690932314, 0.8562618135376756, 0.23258620689655182, 0.16022605363984913, 1.1431181353767559, 0.4401909323116221, 1.6703135376756055, 0.7141257982120036, 0.9441277139208162, 0.7752873563218365, 0.47378671775223424, 0.3118378033205619, 0.7615044699872248, 1.3378014048531275, 0.776148786717761, 0.25412196679438404, 0.876074712643676, 0.23086334610472858, 0.09303448275861613, 0.6271213282247731, 1.4566787994891408, 1.084540868454662, 0.17659323116219722, 0.8709061302682005, 0.33940357598978554, 0.6021398467432943, 1.7745466155810972, 0.5013524904214579, 1.1543167305236257, 0.506521072796939, 0.314422094508301, 0.422962324393358, 0.2928863346104746, 0.7770102171136656, 0.06633014048531417, 0.12835312899106016, 1.147425287356321, 0.44880523627074975, 0.5056596424010232, 0.9751392081736892, 0.34974074074073935, 0.03187292464878606, 0.07580587484035782, 0.02325862068965547, 0.5091053639846725, 0.8519546615581075, 1.00270498084291, 1.208586845466157, 0.44880523627074975, 0.5909412515964217, 0.3833365261813515, 0.9019176245210706, 0.9915063856960374, 0.4315766283524857, 1.345554278416345, 1.3765657726692178, 1.929604086845462, 0.5694054916985952, 1.3593371647509567, 1.0268250319284786, 0.09045019157088557, 1.2645798212005088, 0.0344572158365281, 0.564236909323117, 0.6641628352490404, 0.44105236270753223, 0.4944610472541505, 0.8709061302682005, 0.0887273307790537, 2.025222860791826, 0.7106800766283543, 1.9184054916985924, 1.6117362707535117, 0.28944061302681945, 0.21535759897829063, 1.6375791826309063, 0.690005747126435, 0.09217305236270881, 0.9113933588761143, 2.0088556832694753, 0.6762228607918261, 0.6271213282247731, 0.6417656449553009, 0.5969712643678161, 1.4170530012771372, 0.5978326947637291, 0.5142739463601509, 0.708095785440615, 0.15419604086845193, 1.1879125159642379, 1.018210727969348, 0.11887739463601078, 0.4884310344827562, 0.3695536398467426, 1.2904227330779032, 0.14988888888888666, 0.8734904214559368, 0.6667471264367796, 0.5590683269476386, 1.8348467432950228, 0.3006392081736893, 1.4523716475095787, 1.0948780332056187, 0.34629501915709, 1.0388850574712643, 0.9837535121328198, 0.7795945083014019, 1.0785108556832708, 0.471202426564495, 0.18693039591315394, 0.853677522349945, 0.43932950191570896, 0.1593646232439303, 0.375583652618134, 0.2334476372924649, 0.78390166028097, 1.2016954022988495, 0.2911634738186456, 0.5892183908045957, 0.6055855683269467, 1.6797892720306549, 0.6546871008939967, 1.7030478927203074, 1.3696743295019134, 1.1052151979565754, 0.6822528735632176, 1.190496807151977, 0.19640613026820333, 0.24464623243933464, 1.0578365261813516, 0.5246111111111134, 0.17659323116219722, 0.33165070242656514, 0.7563358876117463, 0.5082439335887595, 0.15850319284802297, 0.7261858237547894, 1.442034482758625, 1.0638665389527429, 0.6770842911877392, 0.15936462324393316, 0.22224904214558938, 0.5297796934865946, 0.16539463601532745, 0.26187484035760156, 0.21535759897829063, 0.3238978288633447, 0.3376807151979565, 0.42382375478927103, 0.3411264367816088, 0.6564099616858257, 0.9191462324393375, 0.7296315453384415, 0.15333461047254177, 0.8071602809706254, 1.3205727969348633, 0.3798908045976993, 0.8528160919540233, 0.739968710089401, 0.20243614303959476, 0.5995555555555553, 0.911393358876117, 1.4799374201787994, 0.15764176245210706, 0.04134865900382971, 1.7194150702426558, 0.9380977011494248, 0.029288633461049752, 0.11370881226053815, 1.0423307790549163, 0.8562618135376756, 2.1087816091954013, 0.1438588761174981, 0.3454335887611712, 0.9983978288633446, 0.8597075351213279, 1.2404597701149402, 0.2747962962962946, 0.5168582375478901, 0.13869029374201688, 1.251658365261813, 0.9337905491698596, 0.6021398467432943, 0.6770842911877392, 0.5263339719029337, 1.8951468710089483, 2.1354859514687092, 0.08269731800766515, 0.06891443167305335, 0.503075351213284, 1.050945083014047, 0.8846890166028094, 0.11973882503192672, 0.3738607918263079, 0.018090038314171376, 1.442895913154535, 1.0707579821200504, 0.1550574712643679, 0.31959067688377657, 0.9303448275862044, 0.2791034482758599, 0.7175715197956558, 2.3629035759897796, 1.4032701149425255, 0.23000191570880976, 0.8554003831417625, 1.9054840357598966, 0.22483333333332853, 0.16281034482758544, 0.4617266922094485, 0.9923678160919532, 0.11198595146871204, 0.6340127713920805, 0.6848371647509596, 1.9261583652618128, 0.10767879948914388, 0.5409782886334614, 0.14299744572158218, 0.59524840357599, 0.3368192848020463, 1.2335683269476387, 0.33251213282247816, 0.5401168582375484, 1.1198595146871004, 1.3507228607918234, 0.7882088122605353, 1.6108748403576074, 0.3307892720306492, 0.7106800766283543, 0.1765932311622001, 1.0569750957854385, 0.8769361430395919, 1.4377273307790535, 0.36869220945082665, 0.5082439335887623, 87.56612260536394, 72.85116858237544, 65.86238378033202, 49.01883524904212, 47.29769731800763, 33.58286398467432, 25.322607918263085, 1.2947298850574687, 1.4403116219667957, 0.02239719029373954, 1.5902005108556823, 0.17056321839080008, 0.39195083014048215, 0.28771775223499335, 1.1276123882503208, 0.22311047254150818, 0.6098927203065149, 0.9062247765006387, 0.7675344827586247, 1.3662286079182642, 0.6340127713920805, 0.5564840357598994, 0.3023620689655154, 0.08700446998723045, 0.9604948914431672, 0.785624521072799, 0.09820306513409736, 0.024120051085571397, 0.31959067688377657, 0.25412196679438115, 1.8598282247765017, 1.4454802043422739, 0.5599297573435488, 0.6512413793103445, 0.34801787994891326, 0.062022988505748874, 0.05427011494252847, 0.4513895274584918, 0.19468326947637146, 0.3023620689655154, 0.2567062579821232, 0.1490274584929736, 1.534207535121325, 0.22569476372924735, 0.7270472541507024, 0.8390332056194116, 1.9787056194125123, 0.1171545338441904, 0.5375325670498063, 1.566080459770114, 2.0484814814814785, 2.183726053639846, 1.0457765006385658, 0.7770102171136656, 0.6589942528735678, 0.7864859514687093, 0.6925900383141743, 0.7744259259259263, 1.268025542784161, 0.3101149425287358, 1.2766398467432942, 0.2437848020434216, 0.42554661558109713, 0.5142739463601538, 0.2429233716475114, 1.4136072796934882, 0.2007132822477629, 1.286115581098338, 0.9803077905491705, 0.8648761174968062, 0.5978326947637291, 0.47550957854406317, 0.8665989782886323, 0.17314750957854214, 1.4093001277139199, 0.02153575989783222, 0.8364489144316724, 0.25929054916985955, 1.7142464878671773, 0.19209897828863515, 0.549592592592592, 1.1698224776500636, 0.06288441890165906, 0.16970178799488989, 1.4454802043422712, 1.0707579821200504, 0.7227401021711369, 0.2756577266922076, 0.3264821200510839, 0.9131162196679433, 0.03273435504469912, 0.1671174968071507, 0.9691091954023007, 1.25854980842912, 0.4212394636015319, 0.31614495530013004, 0.738245849297575, 0.15678033205619113, 0.7951002554278426, 0.6882828863346089, 0.3015006385696023, 1.1327809706257963, 0.07580587484035782, 0.6047241379310335, 1.2886998722860772, 0.4513895274584947, 0.030150063856957076, 1.1543167305236286, 1.4678773946360166, 0.37041507024265563, 0.624537037037034, 0.39367369093231114, 1.1724067688378, 0.6805300127713914, 0.7425530012771402, 0.9906449553001272, 0.34371072796935076, 0.0344572158365281, 0.18434610472541477, 0.9079476372924649, 1.697017879948913, 1.1345038314176223, 0.15333461047254462, 0.03704150702426442, 0.738245849297575, 0.359216475095783, 0.7494444444444419, 0.0663301404853113, 0.3790293742017863, 0.45655810983397305, 0.4350223499361408, 0.05427011494252847, 1.7702394636015317, 0.658994252873565, 1.2697484035759987, 0.1490274584929736, 0.7864859514687093, 0.24464623243933464, 0.14041315453384587, 1.3593371647509593, 1.1629310344827564, 0.8752132822477657, 0.4022879948914417, 0.39539655172414007, 1.0431922094508295, 0.5978326947637291, 0.5694054916985952, 0.3540478927203047, 0.8424789272030695, 0.05857726692209377, 0.2084661558109833, 0.8080217113665386, 0.8174974457215851, 0.9449891443167322, 0.03359578544061505, 0.6917286079182641, 0.39367369093231114, 0.6314284802043413, 0.8528160919540205, 0.5737126436781605, 0.11198595146871204, 0.4780938697318024, 0.27824201787994685, 1.1431181353767559, 1.0561136653895253, 0.562514048531288, 1.050083652618134, 1.1827439335887595, 1.8693039591315452, 0.5969712643678161, 0.4031494252873519, 0.7589201787994884, 0.22138761174968208, 1.2904227330779061, 0.32131353767560555, 1.035439335887609, 0.2144961685823747, 0.30666922094508065, 0.21535759897829063, 0.4806781609195387, 0.5203039591315451, 0.2144961685823747, 0.28599489144316725, 0.1249074074074108, 1.6298263090676888, 0.09131162196679289, 0.783040229885057, 0.31097637292465163, 0.782178799489141, 1.2947298850574687, 2.1906174968071506, 1.9657841634738165, 1.5410989782886322, 0.8330031928480202, 0.16367177522350135, 1.051806513409966, 0.3583550446998699, 0.9036404853128966, 0.9716934865900426, 0.6555485312899099, 1.0785108556832679, 0.8872733077905486, 0.21018901660281228, 0.8562618135376756, 0.6219527458492976, 0.24033908045977223, 0.6503799489144315, 1.5738333333333343, 0.23603192848020405, 1.3300485312899097, 0.1585031928480201, 0.26876628352490606, 0.7959616858237586, 0.9053633461047343, 0.9484348659003844, 0.7606430395913145, 0.45052809706257874, 0.6839757343550407, 0.005168582375481225, 0.48498531289910685, 1.3912100893997454, 0.8476475095785478, 1.0854022988505723, 2.884068965517238, 1.0319936143039568, 0.45311238825031797, 0.3213135376756084, 0.024981481481478718, 0.4513895274584947, 0.5814655172413838, 0.4376066411238915, 1.4532330779055003, 0.27048914431673216, 0.4496666666666686, 1.2611340996168594, 0.2696277139208191, 0.5564840357598966, 1.5755561941251575, 0.768395913154532, 1.3429699872286085, 0.5745740740740736, 0.4668952745849298, 0.9363748403575988, 0.2231104725415053, 1.3222956577266893, 0.8640146871008931, 0.24464623243933464, 1.2671641123882478, 1.9356340996168593, 0.28771775223499335, 1.2637183908046015, 1.6332720306513382, 1.3601985951468698, 0.7459987228607925, 1.8202024265644952, 0.5220268199233713, 1.3981015325670474, 0.6951743295019135, 0.9148390804597694, 1.2283997445721573, 0.13093742017879648, 0.7408301404853113, 0.5780197956577259, 0.45311238825031797, 1.1948039591315451, 1.3231570881226022, 0.9932292464878664, 0.5582068965517255, 0.008614303959133462, 0.6951743295019135, 0.13610600255427482, 1.5083646232439332, 1.3550300127713915, 0.36524648786718017, 1.6281034482758656, 0.7313544061302676, 1.2068639846743336, 1.0104578544061305, 1.2964527458492947, 0.10337164750957858, 0.6417656449552981, 0.19726756066411352, 0.3962579821200503, 1.29989846743295, 1.9657841634738191, 0.47292528735632405, 1.0070121328224753, 0.48240102171136773, 0.7037886334610469, 1.2499355044699867, 0.6848371647509625, 1.2749169859514682, 1.1172752234993613, 0.6357356321839094, 0.609031289910599, 1.1396724137931007, 0.17487037037036826, 0.2963320561941268, 0.8442017879948899, 1.6616992337164749, 0.28771775223499335, 0.19726756066411352, 0.18434610472541477, 0.2756577266922076, 1.3102356321839095, 0.7218786717752239, 0.5573454661558096, 0.6391813537675588, 0.050824393358873364, 0.8631532567049829, 0.057715836526183575, 0.07322158365261865, 0.3368192848020463, 0.2756577266922105, 2.996916347381866, 0.7942388250319267, 0.988922094508301, 0.36524648786718017, 0.5263339719029366, 0.5513154533844182, 1.3662286079182613, 0.939820561941251, 0.07494444444444476, 0.4436366538952743, 0.9820306513409938, 0.21018901660280942, 0.33337356321839123, 0.02153575989782935, 1.2843927203065177, 1.7624865900383113, 0.3885051085568356, 0.8373103448275884, 0.3902279693486589, 0.5530383141762472, 0.40056513409961847, 0.17314750957853925, 1.0879865900383143, 1.300759897828863, 0.6038627075351176, 0.9398205619412481, 0.20415900383141797, 1.489413154533843, 0.9458505747126481, 0.8829661558109804, 0.7925159642401034, 1.5522975734355047, 0.21018901660281228, 0.4031494252873605, 0.1688403575989768, 0.708095785440615, 0.38419795657726746, 0.7296315453384415, 0.7149872286079195, 0.7141257982120065, 0.0732215836526215, 0.1317988505747124, 1.3222956577266893, 1.5936462324393348, 0.7968231162196688, 0.057715836526183575, 1.2912841634738166, 0.40401085568326783, 0.23861621966794322, 0.2653205619412509, 0.501352490421455, 0.2825491698595179, 0.659855683269478, 1.4497873563218364, 0.9001947637292473, 0.8459246487867188, 0.39367369093231114, 0.10681736909323082, 0.062022988505748874, 0.2170804597701196, 0.32045210727969825, 0.3661079182630875, 1.1388109833971878, 1.0156264367816088, 0.16108748403576217, 0.7951002554278426, 0.09561877394635532, 0.059438697318012566, 0.9441277139208162, 1.5135332056194115, 0.13524457215836752, 0.3979808429118821, 0.32906641123882596, 0.9337905491698596, 0.6521028097062576, 1.0095964240102173, 1.175852490421455, 1.1991111111111106, 0.09475734355044511, 1.1672381864623245, 0.2635977011494248, 0.6253984674329498, 0.9639406130268194, 1.5617733077905485, 0.02325862068965547, 0.9725549169859529, 0.2291404853128967, 2.263839080459772, 0.4591424010217094, 0.06546871008939824, 0.25498339719029134, 0.6701928480204348, 1.5772790549169835, 0.8648761174968062, 0.0051685823754783556, 1.475630268199231, 0.6503799489144285, 0.9286219667943784, 0.3204521072796953, 0.2834106002554252, 1.6332720306513382, 3.3552713920817387, 0.7976845466155789, 0.6917286079182641, 2.2690076628352505, 2.491256704980843, 0.2635977011494248, 1.4678773946360195, 2.6239169859514657, 1.7814380587484016, 0.6253984674329498, 0.6426270753512139, 0.7175715197956558, 0.061161558109832946, 0.2954706257982109, 0.6021398467432943, 0.6745, 0.6564099616858257, 0.6538256704980837, 0.6667471264367796, 0.9501577266922077, 1.971814176245208, 1.1034923371647523, 0.061161558109832946, 0.45828097062579626, 2.043312899106003, 0.09561877394635818, 0.21191187739463552, 0.4686181353767559, 0.4350223499361408, 0.06977586206896354, 1.1060766283524885, 0.6271213282247731, 0.672777139208174, 0.424685185185187, 0.21191187739463552, 0.11198595146871204, 0.06633014048531417, 0.3264821200510839, 0.25239910600255216, 0.19382183908045555, 0.7933773946360194, 0.5900798212005115, 0.4625881226053616, 0.06374584929757213, 0.8622918263090641, 1.6427477650063818, 1.4799374201787994, 1.064727969348656, 0.6736385696040841, 0.0353186462324383, 1.5721104725415054, 0.6314284802043413, 0.35835504469987284, 0.21535759897829063, 1.8891168582375513, 3.6602177522349906, 1.2180625798212092, 0.2696277139208191, 0.8889961685823746, 0.6426270753512139, 0.5091053639846783, 0.5444240102171137, 0.1610874840357593, 0.628844189016602, 0.0043071519795652964, 0.9294833971902914, 1.7219993614303948, 0.15075031928480256, 0.5814655172413838, 0.3798908045976964, 1.2016954022988495, 0.4522509578544078, 0.41262515964240126, 0.2084661558109833, 0.754613026819923, 1.1543167305236286, 0.9699706257982109, 0.23775478927203306, 2.698, 1.692710727969348, 0.23775478927203017, 1.4334201787994885, 0.5737126436781605, 0.4600038314176224, 1.189635376756064, 0.829557471264365, 0.3540478927203047, 0.6788071519795624, 0.1610874840357593, 1.7461194125159634, 1.2430440613026792, 1.0724808429118764, 1.3679514687100873, 0.09820306513409736, 0.5857726692209463, 0.26962771392081625, 0.2007132822477629, 0.785624521072796, 0.7296315453384415, 0.909670498084291, 0.673638569604087, 0.611615581098338, 0.502213920817368, 0.4453595146871004, 0.785624521072799, 0.5375325670498063, 0.8872733077905486, 1.6091519795657725, 0.7485830140485289, 1.3688128991060002, 1.475630268199231, 0.3023620689655154, 0.9803077905491705, 1.097462324393358, 1.833123882503191, 1.143979565772669, 0.06891443167305335, 0.8691832694763715, 0.5151353767560755, 0.12576883780331813, 0.6185070242656454, 1.9278812260536389, 0.3023620689655154, 0.5435625798212007, 0.5091053639846783, 0.05340868454661541, 0.2928863346104746, 0.3635236270753483, 1.5290389527458466, 0.08355874840357823, 0.24378480204342445, 1.176713920817368, 0.7580587484035753, 0.3721379310344875, 0.25239910600255216, 0.5573454661558125, 0.9372362707535088, 0.8106060025542777, 0.2704891443167293, 0.248091954022984, 0.34974074074073935, 1.462708812260538, 0.6581328224776489, 89.57583971902935, 84.67688505747122, 81.26562068965512, 64.28768901660277, 32.669747765006385, 25.459575351213278, 23.832333333333324, 0.08528160919540434, 2.5601711366538935, 2.0889687100893983, 0.3979808429118793, 0.8373103448275884, 0.8674604086845453, 0.11801596424010345, 0.12663026819923118, 0.3669693486590034, 1.0716194125159633, 1.5919233716475085, 0.3643850574712642, 0.8407560664112377, 0.4591424010217094, 0.6641628352490404, 1.0914323116219666, 1.033716475095783, 1.08109514687101, 0.2765191570881207, 2.023499999999997, 0.5418397190293746, 0.4152094508301376, 0.12146168582375283, 0.8080217113665386, 1.0285478927203104, 0.08528160919540434, 1.9046226053639834, 0.7253243933588734, 0.9191462324393375, 0.8838275862068964, 1.4764916985951442, 0.9725549169859501, 0.4987681992337158, 0.4513895274584918, 0.2256947637292445, 0.49015389527458525, 0.11629310344827161, 0.2816877394636019, 0.655548531289907, 0.3635236270753483, 0.06805300127714028, 0.5573454661558125, 0.6710542784163478, 1.7280293742017863, 1.3696743295019134, 0.4892924648786808, 0.7416915708812243, 0.5151353767560755, 0.9915063856960374, 0.46603384418901667, 0.21449616858237758, 0.06891443167305047, 0.5538997445721573, 1.1189980842911873, 0.503075351213284, 0.4746481481481444, 3.346657088122602, 0.19468326947637432, 0.6477956577266893, 0.5599297573435517, 0.10509450830140182, 0.09561877394635818, 0.8846890166028094, 0.45569667943805714, 1.6461934865900396, 0.8726289910600266, 0.3979808429118821, 0.940681992337164, 0.6314284802043413, 2.4929795657726657, 0.09992592592592348, 2.092414431673053, 0.18520753512132496, 0.8476475095785478, 0.6986200510855771, 0.9725549169859501, 1.4334201787994856, 1.1543167305236286, 0.8648761174968034, 0.9234533844189028, 0.1550574712643679, 0.26273627075351175, 0.14816602809706053, 1.4093001277139199, 0.8554003831417625, 0.22655619412515754, 1.0922937420178769, 0.22397190293742122, 0.6874214559386987, 0.8700446998722873, 1.7478422733077894, 0.1998518518518527, 0.892441890166027, 0.6443499361430487, 0.01119859514687264, 0.046517241379308065, 0.7098186462324354, 1.8942854406130238, 1.5040574712643677, 0.0844201787994884, 0.2618748403575987, 0.2704891443167293, 1.3326328224776491, 0.9268991060025522, 1.1379495530012746, 1.8167567049808429, 1.1181366538952742, 1.2154782886334585, 0.21794189016602694, 0.853677522349945, 1.162069604086843, 1.5548818646232412, 1.429113026819923, 0.4600038314176224, 0.40659514687100984, 1.004427841634736, 0.9441277139208162, 0.29891634738186595, 0.20760472541507025, 0.5478697318007659, 0.8114674329501907, 1.1181366538952742, 0.5745740740740736, 0.7494444444444419, 0.26187484035760156, 0.5530383141762443, 0.5780197956577259, 0.1481660280970634, 0.4677567049808428, 1.206002554278415, 1.1698224776500608, 0.2670434227330771, 0.47378671775223424, 0.5383939974457194, 0.3083920817369125, 0.18693039591315394, 3.1666181353767557, 0.7752873563218365, 1.688403575989791, 0.7701187739463582, 0.7925159642401006, 0.6253984674329498, 0.3368192848020463, 0.8218045977011474, 1.0078735632183884, 0.4255466155811, 0.0887273307790537, 0.3618007662835251, 1.4739074074074079, 1.2886998722860772, 0.8846890166028094, 0.4815395913154546, 0.5745740740740736, 1.5299003831417595, 1.1637924648786693, 1.0698965517241372, 0.9665249042145587, 0.42899233716475516, 1.4627088122605352, 0.5211653895274554, 0.13869029374201688, 0.8958876117496792, 0.6624399744572171, 0.05427011494252847, 1.4360044699872245, 0.1722860791826291, 1.2439054916986039, 0.5082439335887595, 1.5428218390804613, 0.4841238825031938, 0.30494636015325166, 1.258549808429123, 0.028427203065133824, 0.5754355044699867, 1.5118103448275855, 0.3609393358876091, 1.0001206896551735, 0.6641628352490461, 0.3006392081736921, 1.1267509578544048, 1.181021072796939, 0.6202298850574716, 0.8330031928480202, 3.606809067688375, 0.22311047254150818, 0.34198786717752183, 1.0879865900383114, 0.6469342273307879, 0.4419137931034482, 0.3350964240102174, 0.3816136653895254, 0.14988888888888666, 1.50750319284802, 0.7434144316730504, 1.0940166028097058, 0.7261858237547894, 0.5047982120051072, 0.008614303959133462, 0.4892924648786808, 1.0302707535121307, 1.1792982120051072, 1.0449150702426555, 0.331650702426568, 0.5323639846743338, 0.5754355044699867, 0.736522988505746, 0.37816794380587315, 0.7459987228607897, 0.9217305236270738, 1.2352911877394677, 0.47895530012771254, 1.0130421455938696, 0.235170498084291, 1.9545855683269466, 0.32648212005108673, 0.4841238825031938, 2.301742017879947, 0.027565772669217895, 0.25498339719029134, 0.44363665389527146, 0.3729993614303977, 1.1465638569604082, 1.5169789272030665, 0.5211653895274554, 1.7237222222222237, 1.1086609195402277, 0.20502043422733107, 0.45569667943805714, 0.30753065134099655, 0.8743518518518527, 0.2903020434227354, 0.16625606641124052, 0.4970453384418897, 0.036180076628357094, 0.5435625798212007, 0.28082630906768885, 0.0826973180076623, 0.1490274584929736, 0.9475734355044685, 0.15247318007662583, 0.4255466155811, 1.4954431673052373, 1.5238703703703682, 1.3946558109833949, 1.255104086845465, 0.08786590038314639, 0.8131902937420169, 0.5065210727969334, 1.2706098339719003, 1.758179438058749, 0.11370881226053815, 1.1095223499361437, 0.1920989782886323, 0.2007132822477629, 0.8192203065134084, 0.2549833971902942, 0.4806781609195387, 0.876074712643676, 0.0887273307790537, 1.6048448275862046, 1.6754821200510839, 0.24809195402299264, 1.6444706257982107, 0.41262515964239843, 0.2635977011494248, 0.5358097062579831, 0.7727030651340974, 1.8632739463601566, 0.3755836526181369, 0.4212394636015319, 0.04824010217113419, 1.5126717752234986, 0.19468326947637146, 1.4739074074074079, 1.5617733077905485, 0.46947956577266603, 0.031011494252873, 0.6262598978288629, 0.8976104725415053, 0.4496666666666686, 2.3672107279693506, 0.7003429118773946, 1.0879865900383143, 0.12232311621966589, 1.3558914431673015, 0.8114674329501907, 0.3712765006385687, 0.9217305236270738, 0.6813914431673044, 0.9501577266922105, 0.3411264367816088, 1.0742037037036996, 1.8115881226053672, 0.9837535121328198, 1.9442484035759868, 1.2128939974457225, 1.0655893997445718, 0.5590683269476386, 0.02153575989783222, 0.6805300127713914, 0.5702669220945055, 2.0312528735632176, 0.42985376756066535, 1.3214342273307793, 0.3695536398467426, 0.5211653895274582, 0.7106800766283543, 1.3627828863346119, 0.6564099616858229, 0.12921455938697324, 1.6375791826309036, 1.6461934865900372, 0.19640613026819473, 0.006891443167304474, 1.1224438058748396, 0.6340127713920805, 0.5840498084291202, 1.268025542784161, 0.5926641123882508, 1.3343556832694752, 0.3910893997445719, 0.2627362707535089, 0.830418901660281, 1.3558914431673015, 0.8597075351213279, 1.381734355044696, 1.6255191570881264, 0.9725549169859529, 0.4341609195402249, 0.2834106002554281, 0.25239910600255216, 0.4591424010217122, 1.3128199233716487, 2.391330779054925, 0.2627362707535089, 0.12490740740740794, 0.5461468710089398, 0.6917286079182641, 0.25498339719029134, 0.8347260536398462, 0.19123754789272496, 0.9691091954022978, 1.1724067688378028, 0.470340996168582, 0.07925159642400718, 1.301621328224776, 0.29977777777778186, 0.36007790549169894, 0.8226660280970634, 1.0027049808429158, 1.6212120051085555, 0.671915708812258, 0.03359578544061791, 0.5418397190293746, 1.2327068965517256, 0.8907190293741979, 0.7709802043422712, 0.47378671775223424, 0.6176455938697294, 1.568664750957853, 0.6004169859514683, 2.2199061302682, 0.06891443167305047, 1.4902745849297534, 0.04479438058748482, 0.4513895274584918, 0.039625798212006465, 0.26101340996168565, 0.6572713920817359, 1.958031289910596, 0.24550766283525347, 1.50750319284802, 0.4935996168582375, 1.7659323116219667, 0.8838275862068964, 0.17228607918263195, 0.3350964240102145, 0.5547611749680733, 0.47809386973180523, 0.4763710089399734, 0.3307892720306492, 1.6677292464878664, 1.1698224776500636, 3.062385057471264, 0.6030012771392075, 1.6728978288633447, 0.21621902937420084, 0.7279086845466154, 0.9182848020434216, 0.15161174968071278, 0.313560664112388, 0.09992592592592348, 0.7158486590038354, 0.8907190293742008, 0.9200076628352505, 1.0957394636015318, 1.8606896551724172, 0.19468326947637432, 0.5452854406130268, 0.876074712643676, 0.8286960408684548, 0.8554003831417625, 0.6210913154533846, 0.6090312899106017, 0.3394035759897826, 0.5900798212005115, 1.021656449553, 0.9820306513409938, 0.13093742017879936, 0.29374776500638766, 0.23430906768837795, 0.5745740740740736, 1.1991111111111106, 1.2688869731800738, 1.346415708812258, 0.8717675606641135, 1.3886257982120036, 0.9475734355044685, 0.8218045977011532, 0.7959616858237586, 0.853677522349945, 0.9165619412515925, 1.223231162196679, 1.3438314176245185, 0.6495185185185185, 0.26962771392081625, 0.2291404853128967, 0.24895338441889994, 1.1345038314176281, 0.6856985951468698, 0.20157471264367882, 0.34629501915709, 0.6796685823754783, 1.0914323116219666, 0.17400893997445518, 0.5737126436781605, 0.3221749680715186, 0.5427011494252876, 0.3816136653895254, 0.6210913154533846, 0.12318454661558181, 0.03618007662835423, 0.21363473818646164, 0.502213920817368, 0.6968971902937395, 0.7709802043422712, 0.5254725415070235, 0.9501577266922077, 0.18865325670498292, 0.6977586206896526, 0.5737126436781605, 1.0948780332056187, 0.9355134099616856, 0.4935996168582375, 0.8330031928480202, 0.6900057471264408, 0.25412196679438404, 2.026084291187736, 0.7425530012771402, 0.18003895274584947, 0.2179418901660298, 1.28956130268199, 0.0430715197956587, 1.37915006385696, 0.8062988505747124, 0.9398205619412481, 0.20760472541507025, 1.4213601532567026, 1.2904227330779032, 0.8597075351213279, 0.1180159642401006, 0.06977586206896066, 0.0663301404853113, 0.2437848020434216, 0.4453595146871004, 0.8347260536398462, 0.7597816091954043, 0.895887611749682, 89.57842401021708, 88.8332867177522, 53.44486462324392, 52.03901021711364, 50.11974329501912, 49.87854278416346, 36.5289559386973, 0.8734904214559425, 1.652223499361431, 2.525713920817371, 0.3583550446998699, 1.0319936143039568, 0.7563358876117463, 0.2308633461047257, 1.5996762452107316, 0.6710542784163448, 0.8416174968071536, 0.025842911877394646, 0.4496666666666657, 0.9794463601532546, 2.5360510855683276, 0.6512413793103445, 1.6918492975734347, 1.442895913154532, 0.2765191570881207, 0.392812260536398, 0.3867822477650038, 0.046517241379308065, 0.5108282247764987, 0.7511673052362708, 0.9139776500638563, 0.28857918263090643, 0.3238978288633447, 0.7261858237547894, 0.1757318007662813, 0.6848371647509596, 0.40917943805874907, 0.5409782886334701, 0.6297056194125122, 1.5867547892720302, 0.5668212005108647, 0.156780332056194, 0.13524457215836466, 0.22914048531289957, 0.024981481481481587, 1.2146168582375454, 1.3610600255427798, 0.8657375478927221, 0.10940166028097001, 0.040487228607916655, 0.5289182630906786, 0.4427752234993612, 0.9897835249042142, 0.24378480204342445, 0.0706372924648766, 0.3902279693486589, 2.537773946360154, 0.6245370370370368, 0.19726756066411064, 1.1034923371647551, 0.1274916985951471, 0.46603384418901667, 0.8855504469987224, 0.5943869731800768, 0.7847630906768802, 1.270609833971903, 0.2920249042145586, 1.5471289910600237, 0.6322899106002544, 1.3085127713920803, 0.8485089399744551, 0.6021398467432943, 1.1224438058748396, 0.8562618135376756, 0.11629310344828021, 0.6839757343550437, 1.1258895274584861, 0.140413154533843, 0.6064469987228626, 0.4453595146871004, 0.17314750957853925, 1.8270938697317995, 0.3187292464878692, 0.27738058748403377, 1.4041315453384413, 1.6358563218390774, 0.6262598978288629, 1.56780332056194, 0.06719157088122436, 0.2756577266922076, 0.08355874840357536, 0.548731162196679, 0.8795204342273396, 0.27996487867177583, 0.5315025542784179, 1.6229348659003873, 0.1834846743295017, 0.5530383141762443, 1.0104578544061276, 0.1283531289910573, 0.6038627075351205, 0.48067816091954446, 0.45569667943805714, 0.9027790549169836, 0.9088090676883751, 0.4686181353767559, 0.2317247765006359, 0.2007132822477629, 1.285254150702425, 1.0724808429118793, 1.1594853128991067, 1.3869029374201776, 1.4075772669220938, 1.7555951468710098, 0.8218045977011474, 0.45052809706257874, 0.4479438058748396, 1.0242407407407423, 1.034577905491696, 0.049962962962963174, 2.541219667943806, 1.1086609195402277, 1.3042056194125151, 1.8581053639846783, 0.801130268199234, 0.7959616858237586, 1.2163397190293714, 1.535068965517241, 0.8605689655172409, 0.4979067688378027, 0.16281034482758544, 0.5383939974457194, 0.11112452107279612, 1.2697484035759898, 0.6693314176245188, 1.1396724137931007, 0.8140517241379328, 1.9631998722860802, 0.6365970625798226, 1.381734355044696, 0.39108939974457485, 0.8872733077905486, 0.2903020434227325, 0.7795945083014048, 1.2990370370370339, 1.0009821200510838, 1.0431922094508295, 1.4153301404853111, 0.6047241379310335, 0.22052618135376612, 0.18693039591315394, 0.8907190293742008, 1.927019795657723, 1.0595593869731776, 1.835708173690933, 0.6081698595146857, 0.6383199233716516, 1.1052151979565783, 0.7709802043422712, 0.031011494252875874, 0.831280332056191, 0.6555485312899099, 0.19296040868454822, 0.8674604086845453, 0.5099667943805856, 0.23086334610472858, 1.5531590038314151, 0.6185070242656454, 1.0406079182630903, 0.8123288633461038, 0.21880332056194002, 1.5721104725415054, 0.37386079182631077, 1.5169789272030665, 1.02079501915709, 0.5780197956577259, 0.3669693486590034, 0.45483524904214406, 0.7485830140485317, 0.3600779054917018, 0.008614303959133462, 1.0819565772669228, 1.4161915708812272, 0.3480178799489161, 0.27135057471264523, 1.0776494252873576, 1.5738333333333343, 0.45052809706257874, 0.2144961685823747, 1.0750651340996185, 0.21277330779054857, 0.20846615581098044, 2.5257139208173682, 0.4763710089399763, 0.11629310344828021, 0.4152094508301376, 0.624537037037034, 1.5824476372924734, 0.875213282247763, 0.12060025542784264, 0.06805300127713741, 1.7754080459770132, 1.351584291187739, 1.351584291187739, 0.5030753512132812, 0.49101532567049827, 0.10337164750957858, 1.1500095785440603, 0.9131162196679433, 0.6176455938697294, 0.5883569604086855, 1.0061507024265623, 0.35146360153257117, 1.501473180076626, 0.32131353767560555, 0.29977777777778186, 0.26101340996168565, 1.9683684546615556, 1.0259636015325684, 1.115552362707535, 1.3403856960408695, 0.4625881226053616, 0.3514636015325626, 0.5358097062579831, 1.1999725415070235, 0.4970453384418897, 1.4325587484035753, 0.5590683269476356, 1.3283256704980837, 0.33423499361430714, 0.392812260536398, 0.46517241379310076, 0.29719348659004274, 0.30580779054917334, 0.690867177522351, 0.8218045977011532, 0.9673863346104717, 1.0276864623243944, 1.509226053639846, 0.7882088122605382, 0.25412196679438115, 1.331771392081736, 0.3032234993614284, 0.4031494252873519, 0.36093933588761196, 0.08355874840357823, 0.5607911877394676, 0.14816602809706053, 1.5790019157088098, 0.5892183908045957, 0.19209897828863515, 1.5281775223499363, 0.8683218390804642, 0.3988422733077923, 0.9363748403575988, 1.100908045977013, 0.422962324393358, 1.1948039591315451, 0.9329291187739436, 1.6625606641123964, 0.7244629629629632, 1.1422567049808428, 1.9356340996168622, 0.4444980842911873, 0.956187739463599, 0.9716934865900398, 0.13352171136653565, 0.6839757343550437, 1.2370140485312908, 0.32562068965517654, 0.2644591315453379, 0.14558173690932424, 0.3170063856960402, 0.8140517241379299, 0.05168582375478929, 0.3902279693486589, 0.08097445721583617, 1.6358563218390803, 0.9036404853128966, 1.4549559386973148, 0.9475734355044714, 0.3101149425287358, 0.2041590038314151, 0.0732215836526215, 1.4316973180076622, 1.0595593869731776, 0.08355874840357536, 0.189514687100896, 0.020674329501916288, 0.4591424010217122, 0.15591890166028094, 0.5961098339719001, 1.4549559386973177, 0.5986941251596422, 0.6253984674329498, 1.064727969348656, 1.9347726692209404, 0.3885051085568356, 0.22483333333332853, 1.5617733077905485, 0.18693039591315394, 0.6512413793103445, 1.4213601532567026, 0.024981481481478718, 1.4179144316730532, 0.5599297573435488, 0.043071519795655835, 0.2041590038314151, 0.7339386973180068, 0.3480178799489161, 0.41262515964239843, 2.424065134099618, 1.6806507024265622, 0.26704342273307996, 1.1224438058748396, 1.1870510855683276, 0.5831883780332042, 1.3636443167305219, 1.4170530012771403, 0.783040229885057, 0.46431098339719057, 2.4051136653895253, 1.3300485312899097, 0.44708237547892654, 0.050824393358873364, 1.413607279693485, 0.15333461047254462, 1.6746206896551767, 0.42985376756066246, 0.37644508301404705, 1.0905708812260535, 0.720155810983395, 0.3101149425287358, 1.1146909323116307, 0.8889961685823746, 0.3600779054917018, 0.20932758620689634, 0.04651724137931094, 0.517719667943806, 0.13266028097062835, 0.4935996168582375, 0.17314750957853925, 0.5280568326947627, 0.5909412515964217, 0.9191462324393347, 0.07580587484035782, 0.01119859514687264, 1.9227126436781605, 0.9630791826309064, 2.0519272030651337, 0.8889961685823746, 0.8261117496807128, 0.055992975734354584, 0.7882088122605382, 0.8726289910600266, 0.5211653895274554, 0.3083920817369097, 0.5323639846743338, 0.987199233716475, 0.7520287356321839, 0.6219527458492948, 0.7330772669220909, 1.3507228607918234, 0.9243148148148129, 0.08528160919540434, 0.08183588761174637, 0.16711749680715357, 2.4447394636015316, 1.079372286079181, 1.144840996168582, 0.4763710089399734, 0.5151353767560755, 1.3533071519795654, 0.2308633461047257, 0.2834106002554281, 0.6676085568326955, 1.08195657726692, 1.1043537675606625, 1.3757043422733077, 0.4901538952745823, 1.7788537675606653, 0.563375478927201, 1.7745466155810943, 0.026704342273307705, 1.5962305236270709, 0.25412196679438115, 0.08183588761174924, 1.5178403575989767, 0.024981481481481587, 0.6055855683269467, 1.2723326947637292, 0.627121328224776, 1.891701149425285, 0.313560664112388, 1.3222956577266922, 1.0371621966794382, 0.11715453384418754, 89.66284418901657, 82.45697892720301, 79.85201340996164, 68.59914814814812, 62.40201787994889, 59.38873435504469, 42.7502062579821, 0.23861621966794322, 3.6137005108556792, 3.7058735632183883, 1.0199335887611711, 1.0750651340996156, 0.0861430395913174, 0.0585772669220909, 0.025842911877394646, 0.7218786717752239, 0.5349482758620672, 0.1645332056194144, 1.1689610472541505, 0.18520753512132496, 2.2336890166028094, 0.6788071519795652, 1.190496807151977, 2.0252228607918235, 1.4868288633461038, 1.2628569604086826, 1.4067158365261807, 0.4617266922094485, 1.4161915708812272, 1.426528735632181, 1.6677292464878664, 0.4496666666666686, 1.287838441890164, 0.16194891443166948, 0.6417656449553009, 1.568664750957853, 0.3540478927203018, 1.0940166028097058, 0.7890702426564512, 0.5444240102171108, 3.338042784163472, 1.3145427841634718, 0.06719157088122149, 0.9751392081736922, 1.2740555555555553, 1.2025568326947627, 0.40917943805874907, 1.3429699872286056, 0.956187739463599, 0.8485089399744551, 1.4127458492975722, 0.7132643678160963, 0.9277605363984652, 0.2601519795657726, 0.8183588761174951, 0.8752132822477657, 1.2869770114942567, 0.776148786717761, 0.10681736909323082, 0.9975363984674374, 2.2026775223499335, 1.1026309067688391, 0.5392554278416325, 1.3283256704980837, 0.6538256704980837, 0.7124029374201775, 1.487690293742014, 0.012060025542785699, 4.360560664112388, 1.4515102171136627, 0.08097445721583904, 0.0706372924648766, 0.43932950191570613, 0.6650242656449534, 0.4789553001277155, 0.4350223499361408, 0.13696743295019076, 1.1301966794380571, 0.675361430395913, 1.491136015325669, 1.8632739463601509, 0.11370881226054104, 1.1017694763729262, 0.5538997445721573, 0.9751392081736922, 0.6081698595146857, 1.5471289910600237, 0.4867081736909301, 0.07149872286078966, 1.6806507024265622, 0.7106800766283543, 0.7106800766283543, 1.0302707535121307, 0.5254725415070235, 0.32217496807152146, 1.6944335887611712, 0.016367177522348127, 2.1036130268199202, 2.681632822477652, 1.867581098339716, 0.32217496807152146, 1.176713920817368, 0.9897835249042142, 1.0552522349936153, 0.015505747126432198, 0.7106800766283543, 0.3411264367816088, 0.3118378033205619, 0.5754355044699867, 0.5427011494252876, 1.1724067688378028, 0.94240485312899, 0.2920249042145586, 0.31442209450829817, 0.8872733077905486, 0.08442017879948556, 1.3309099616858227, 0.2196647509578588, 1.8417381864623215, 0.5159968071519798, 0.1274916985951471, 0.9355134099616856, 0.8200817369093214, 0.3798908045976993, 0.26876628352490606, 1.2370140485312908, 0.801130268199234, 0.4169323116219695, 1.6901264367816087, 1.1500095785440603, 0.14127458492975895, 1.0793722860791837, 1.033716475095783, 0.313560664112388, 0.4100408684546592, 0.4479438058748396, 0.3850593869731776, 1.4644316730523612, 0.5564840357598966, 0.6572713920817359, 0.7158486590038298, 0.6236756066411238, 0.736522988505746, 0.9475734355044714, 1.047499361430395, 1.018210727969348, 0.4625881226053616, 0.5573454661558125, 0.32562068965517654, 0.8536775223499364, 0.7942388250319267, 1.2361526181353748, 0.020674329501916288, 0.502213920817368, 1.178436781609197, 1.0371621966794466, 0.15247318007662872, 0.38764367816091966, 0.266181992337164, 0.13352171136653565, 0.9656634738186427, 1.7323365261813544, 0.3885051085568328, 0.5185810983397162, 1.1353652618135384, 1.6961564495530002, 0.027565772669220764, 0.5926641123882593, 2.1708045977011503, 0.4074565772669229, 1.3774272030651338, 1.1655153256704955, 0.7804559386973178, 1.0785108556832679, 0.8976104725415082, 0.6667471264367796, 0.3402650063856957, 0.5599297573435517, 1.1353652618135355, 0.32906641123882596, 0.0353186462324383, 1.0681736909323112, 1.1336424010217123, 0.9200076628352505, 2.3456749680715183, 0.5073825031928493, 2.616164112388248, 0.6202298850574687, 0.08528160919540434, 0.4229623243933552, 0.5900798212005087, 1.4325587484035753, 0.45569667943806, 1.9451098339719028, 1.0569750957854385, 1.5436832694763714, 0.020674329501913422, 0.4780938697318024, 0.125768837803321, 0.23258620689655182, 0.12835312899106016, 0.719294380587482, 1.3309099616858227, 0.690005747126435, 0.6667471264367796, 2.4490466155810973, 0.23344763729246776, 0.8433403575989796, 1.5634961685823747, 0.8131902937420169, 0.5435625798212007, 0.8510932311621943, 1.5910619412515954, 0.9949521072796954, 2.3861621966794377, 0.7261858237547894, 0.43932950191570613, 1.7995280970625789, 0.31097637292465163, 0.4109022988505723, 0.9355134099616856, 1.0285478927203047, 0.07752873563218395, 0.8166360153256749, 0.3798908045976993, 0.1998518518518527, 0.7115415070242643, 1.4988888888888867, 0.4324380587484017, 0.024981481481478718, 0.5246111111111134, 0.13524457215836752, 0.6813914431673044, 1.080233716475094, 0.8889961685823746, 0.9570491698595235, 1.1887739463601508, 1.4497873563218364, 1.0233793103448292, 0.23086334610472858, 1.4911360153256719, 0.12146168582375283, 0.22138761174967916, 1.4635702426564483, 0.7692573435504452, 1.0733422733077895, 0.8106060025542777, 0.2558448275862044, 0.6581328224776462, 0.909670498084291, 1.2008339719029366, 0.549592592592592, 0.15247318007662583, 0.4858467432950171, 0.6314284802043413, 0.45569667943805714, 0.38592081736909645, 0.9579106002554281, 0.0060300127713914155, 0.5538997445721573, 1.131919540229889, 0.624537037037034, 0.37644508301404705, 0.9785849297573443, 0.7261858237547894, 0.1300759897828863, 0.09906449553001614, 0.06288441890165906, 0.8355874840357592, 0.3747222222222267, 1.3946558109833949, 0.21535759897828777, 0.5504540229885051, 0.2110504469987196, 0.6167841634738164, 1.069035121328224, 0.27824201787994685, 1.5488518518518526, 0.35490932311622053, 0.7253243933588734, 0.4281309067688392, 1.2439054916986039, 0.4410523627075351, 0.31528352490421413, 0.156780332056194, 0.6805300127713914, 0.9449891443167292, 0.6676085568326955, 2.006271392081736, 1.4084386973180067, 0.18434610472541763, 0.124045977011492, 0.38419795657726746, 0.7020657726692207, 0.3755836526181369, 1.4609859514687091, 0.27651915708811786, 0.3402650063856957, 0.27048914431673216, 0.3187292464878692, 1.5479904214559397, 0.10423307790549165, 0.861430395913154, 0.8683218390804612, 0.39108939974457485, 1.2490740740740736, 0.37041507024265563, 1.5729719029374185, 0.24550766283525347, 3.04429501915709, 0.19726756066411064, 0.3350964240102145, 1.5781404853128969, 0.14213601532567485, 0.7348001277139199, 0.4780938697318024, 0.5427011494252847, 1.3731200510855657, 0.8200817369093243, 0.7029272030651339, 1.1680996168582374, 0.0663301404853113, 1.3593371647509567, 0.4617266922094485, 0.862291826309067, 0.988060664112388, 0.5392554278416325, 0.8442017879948899, 1.5703876117496791, 1.4213601532567026, 0.235170498084291, 0.10164878671775533, 0.2144961685823747, 0.782178799489141, 0.5349482758620672, 1.0251021711366524, 0.6417656449552981, 0.1722860791826291, 0.4961839080459766, 1.147425287356321, 0.10767879948914101, 1.4575402298850568, 0.3092535121328198, 0.28857918263090354, 0.4496666666666657, 0.5831883780332071, 1.581586206896549, 1.115552362707535, 0.4677567049808428, 0.29805491698595293, 0.4979067688377999, 0.5659597701149401, 0.078390166028097, 0.29374776500638766, 0.6116155810983409, 0.45483524904214406, 0.8752132822477657, 0.9027790549169836, 0.5134125159642378, 0.3747222222222238, 0.17573180076628417, 0.6400427841634718, 1.8270938697318024, 1.4101615581098328, 94.87708237547886, 70.3668033205619, 59.07431226053637, 39.00039974457214, 32.98072413793102, 28.68907790549168, 15.950245210727962, 1.8873939974457223, 1.0776494252873576, 0.7184329501915689, 0.9337905491698596, 1.3481385696040868, 1.0276864623243915, 0.846786079182629, 0.5039367816092, 0.6348742017879964, 0.5108282247765016, 0.3540478927203018, 0.19123754789272496, 0.05771583652618071, 0.8278346104725417, 0.3290664112388231, 0.007752873563220402, 0.17917752234993928, 0.4979067688378027, 0.5151353767560668, 0.13696743295019365, 1.1569010217113649, 0.580604086845465, 0.9251762452107318, 0.6839757343550437, 0.0, 0.9966749680715157, 0.008614303959133462, 0.11026309067688018, 0.23430906768837795, 0.8872733077905486, 0.35060217113665243, 0.5564840357598966, 1.2499355044699867, 0.08097445721583617, 2.29140485312899, 1.2775012771392074, 1.2421826309067663, 1.0914323116219666, 0.24206194125159547, 1.3886257982120036, 0.506521072796939, 0.14041315453384587, 0.49101532567049827, 1.2757784163473784, 1.4635702426564483, 1.209448275862073, 0.9777234993614283, 0.09389591315453494, 1.3507228607918234, 0.01119859514686977, 0.6848371647509625, 0.35835504469987284, 0.32906641123882596, 0.7683959131545349, 0.10681736909323082, 2.5205453384418868, 2.088107279693485, 0.7227401021711369, 0.8338646232439303, 0.09131162196679575, 0.940681992337164, 0.41004086845466214, 0.08183588761174924, 1.4928588761174952, 1.2128939974457194, 1.0604208173690908, 0.14558173690932424, 0.48240102171136484, 0.01722860791826405, 0.045655810983397875, 0.078390166028097, 0.8846890166028094, 0.8235274584929736, 0.04824010217113419, 1.1801596424010203, 0.3462950191570928, 1.7917752234993698, 1.6858192848020435, 0.4953224776500636, 0.12146168582374997, 0.20760472541507025, 0.3712765006385687, 0.6305670498084311, 1.223231162196679, 2.3327535121328227, 0.7192943805874847, 0.18262324393358864, 0.40487228607918374, 0.8674604086845482, 0.49101532567049827, 1.6091519795657725, 0.8915804597701168, 0.6116155810983409, 1.566941890166027, 0.09734163473818716, 0.7916545338441875, 0.24723052362707668, 0.9682477650063848, 1.5454061302682003, 0.5142739463601509, 0.3540478927203047, 0.3462950191570928, 1.0604208173690908, 0.5866340996168564, 0.46517241379310365, 1.3042056194125151, 1.064727969348656, 0.0017228607918232492, 0.19209897828863515, 0.07925159642401006, 0.21277330779055148, 0.8433403575989769, 1.7176922094508267, 0.8674604086845482, 1.3119584929757329, 0.4272694763729233, 0.8192203065134084, 1.1930810983397189, 0.18865325670498292, 0.39539655172414007, 0.8691832694763715, 0.6340127713920833, 0.39539655172414007, 0.6150613026819903, 1.2973141762452105, 0.17573180076628417, 0.19726756066411352, 0.5564840357598994, 0.050824393358873364, 0.3885051085568356, 1.9657841634738191, 1.642747765006379, 1.0371621966794466, 0.04996296296296604, 1.959754150702425, 1.2912841634738166, 0.031011494252875874, 0.19382183908045555, 0.6228141762452107, 0.14988888888888666, 0.6805300127713914, 0.8442017879948928, 2.0321143039591303, 0.11370881226054104, 0.627982758620689, 0.956187739463599, 0.3101149425287358, 1.4678773946360166, 1.3593371647509567, 0.8786590038314179, 0.40573371647509104, 0.8579846743295017, 1.565219029374201, 0.004307151979562427, 0.5108282247765016, 0.4677567049808428, 0.31183780332055905, 0.27996487867177866, 0.4040108556832707, 0.11026309067688018, 0.6762228607918233, 1.0466379310344847, 0.1128473818646251, 2.8048173690932305, 0.21966475095785593, 1.426528735632184, 0.7348001277139199, 1.769378033205616, 0.3574936143039569, 1.5109489144316697, 1.0302707535121336, 1.3446928480204319, 1.5953690932311608, 0.9191462324393375, 0.9897835249042142, 1.7064936143039597, 0.6701928480204318, 1.569526181353766, 0.877797573435502, 1.4799374201787965, 0.1481660280970634, 1.1052151979565783, 1.174991060025542, 0.5091053639846725, 0.8467860791826319, 0.32562068965517654, 3.265682630906769, 0.3462950191570928, 0.3618007662835251, 1.6694521072796924, 1.2318454661558096, 0.19640613026819473, 1.2249540229885052, 1.3929329501915746, 0.1249074074074108, 0.6943128991060032, 1.8693039591315452, 0.6917286079182641, 1.4592630906768802, 0.11198595146871204, 0.3101149425287358, 1.8124495530012774, 0.5271954022988496, 2.6376998722860803, 1.3300485312899069, 0.4453595146871004, 1.958031289910596, 0.736522988505746, 0.14730459770114748, 1.28869987228608, 1.4807988505747096, 0.2756577266922076, 0.8114674329501907, 0.8648761174968034, 1.86585823754789, 0.5961098339719001, 0.6624399744572144, 0.7959616858237528, 0.832141762452107, 0.7106800766283571, 1.1646538952745824, 0.10854022988505695, 1.4851060025542748, 0.34026500638569285, 1.0595593869731776, 1.3119584929757355, 2.0820772669220906, 1.6039833971902913, 0.484985312899104, 0.46344955300127755, 0.33423499361430714, 0.6813914431673044, 0.5978326947637291, 0.4264080459770131, 0.2635977011494248, 0.3902279693486589, 1.258549808429123, 1.50750319284802, 0.627982758620689, 0.8252503192848025, 0.7623659003831407, 1.569526181353766, 1.2904227330779032, 0.078390166028097, 1.178436781609194, 0.2825491698595179, 0.5444240102171137, 0.6210913154533846, 0.27221200510855825, 0.28771775223499335, 1.579863346104723, 0.0008614303959159283, 0.43502234993614364, 1.8348467432950228, 0.4152094508301405, 0.9682477650063819, 0.062022988505748874, 0.07580587484035782, 0.4608652618135355, 0.345433588761174, 0.2567062579821203, 0.17487037037036826, 0.4617266922094485, 0.18693039591315394, 0.7485830140485317, 0.5823269476372912, 1.8701653895274553, 0.16970178799489277, 1.6203505747126452, 0.2653205619412509, 0.5082439335887595, 1.8400153256704954, 0.31356066411239086, 0.31528352490421413, 0.13352171136653854, 0.4462209450830106, 0.5444240102171137, 0.4462209450830106, 0.7795945083014048, 0.5082439335887623, 1.1577624521072836, 1.9502784163473783, 0.28513346104725706, 1.239598339719027, 0.9320676883780306, 0.32217496807152146, 0.21363473818646164, 0.2584291187739465, 0.4427752234993612, 0.6348742017879964, 1.4239444444444418, 2.703168582375478, 0.7416915708812302, 0.8958876117496792, 0.7012043422733076, 1.603121966794381, 0.594386973180074, 1.7340593869731777, 1.4601245210727962, 0.6546871008939967, 0.8433403575989796, 0.13524457215836752, 0.6297056194125122, 0.3187292464878692, 0.4608652618135355, 0.3083920817369125, 0.6960357598978265, 0.26876628352490606, 0.16711749680715357, 1.331771392081736, 0.7787330779054916, 0.690867177522351, 0.078390166028097, 0.2567062579821232, 0.13696743295019076, 0.2696277139208191, 1.380872924648786, 1.4170530012771372, 0.4289923371647465, 1.0767879948914445, 0.5073825031928493, 0.8976104725415082, 0.7813173690932308, 1.286115581098338, 1.9511398467432943, 0.45828097062579914, 0.14988888888888952, 0.13352171136653854, 0.23430906768837795, 1.7642094508301374, 0.01033716475095958, 0.22138761174967916, 0.21191187739463552, 0.15419604086845193, 1.8589667943805857, 0.49273818646232437, 0.708095785440615, 0.7804559386973178, 0.7253243933588762, 0.3273435504469998, 0.5986941251596422, 1.3524457215836523, 0.45828097062579914, 0.548731162196679, 1.20944827586207, 0.0051685823754783556, 0.8373103448275854, 1.3110970625798224, 1.257688378033204, 0.6055855683269467, 1.3576143039591304, 0.3902279693486589, 0.27738058748403666, 0.10940166028097001, 0.42813090676883636, 0.09906449553001614, 0.7080957854406121, 0.5065210727969334, 0.6546871008939967, 0.2429233716475114, 0.5788812260536389, 0.8907190293741979, 0.012060025542782831, 0.3609393358876091, 0.14472030651341403, 0.7442758620689635, 2.023499999999997, 0.32217496807152146, 0.8485089399744551, 1.0104578544061305, 0.1998518518518527, 2.101890166028097, 1.4523716475095787, 0.06288441890166194, 1.8305395913154516, 0.4143480204342274, 0.5220268199233713, 0.8028531289910602, 1.0569750957854385, 0.1464431673052344, 1.4032701149425255, 0.6581328224776462, 0.8106060025542777, 1.3421085568326956, 0.4979067688377999, 0.4694795657726689, 0.44880523627075264, 1.0130421455938696, 0.17659323116219722, 1.0406079182630903, 0.8657375478927193, 1.2482126436781606, 0.4720638569604081, 1.4644316730523586, 0.8355874840357592, 0.8864118773946356, 0.7046500638569572, 1.2318454661558123, 0.628844189016602, 1.3722586206896525, 0.580604086845465, 2.3129406130268224, 0.06288441890165906, 0.7313544061302676, 0.9691091954023007, 0.7296315453384415, 0.32475925925926064, 1.5746947637292474, 1.3998243933588734, 2.1811417624521043, 0.594386973180074, 0.08872733077905659, 0.8769361430395919, 0.736522988505746, 0.06891443167305047, 1.1586238825031938, 0.5134125159642378, 0.8554003831417597, 1.2137554278416325, 411.6836162196677, 401.0363365261812, 0.019812899106000363, 1.4696002554278427, 1.2723326947637292, 0.3704150702426585, 0.21277330779054857, 0.8442017879948928, 1.581586206896549, 0.16711749680715357, 0.5969712643678161, 0.6822528735632176, 0.9596334610472541, 3.014144955300127, 0.9389591315453378, 1.501473180076626, 0.3092535121328198, 0.23947765006385627, 1.4652931034482772, 0.751167305236268, 1.1181366538952742, 0.9630791826309064, 0.7115415070242643, 1.1336424010217094, 0.0017228607918232492, 4.579363984674328, 0.07666730523626801, 0.6650242656449534, 0.019812899106003232, 0.7434144316730534, 0.5237496807151975, 0.6098927203065176, 1.9011768837803282, 0.6788071519795624, 1.6203505747126423, 0.4307151979565784, 0.9699706257982109, 1.1551781609195415, 1.3765657726692206, 2.150130268199231, 0.6831143039591306, 1.5402375478927193, 0.006891443167304474, 0.4531123882503208, 1.2861155810983411, 0.986337803320559, 0.3747222222222238, 1.7900523627075322, 0.7701187739463582, 0.36524648786718017, 1.6358563218390774, 1.2671641123882509, 0.2739348659003787, 0.6874214559387015, 0.3721379310344846, 0.6650242656449534, 0.13266028097062835, 2.2259361430395916, 1.3688128991060002, 1.1396724137931036, 1.3541685823754783, 0.09389591315453494, 1.396378671775224, 0.29805491698595293, 0.9208690932311636, 1.097462324393358, 1.5152560664112376, 0.9268991060025551, 1.8348467432950228, 0.028427203065133824, 0.3032234993614284, 0.4401909323116221, 0.14558173690932424, 0.28513346104725706, 0.1283531289910573, 0.4479438058748396, 0.8597075351213279, 0.4513895274584918, 0.8045759897828862, 0.13438314176245159, 0.6968971902937424, 0.6374584929757356, 0.026704342273307705, 1.11210664112388, 0.46603384418901667, 0.07752873563218395, 1.0630051085568413, 0.5237496807151975, 0.7873473818646193, 1.4101615581098301, 2.930586206896549, 0.36007790549169894, 0.9803077905491676, 0.7563358876117493, 1.724583652618134, 0.7571973180076623, 1.0078735632183884, 0.5806040868454679, 1.918405491698595, 0.4031494252873605, 1.4558173690932308, 0.048240102171137056, 0.2084661558109833, 0.26790485312899015, 0.33165070242656514, 1.174991060025539, 0.2084661558109833, 1.1724067688378, 0.32906641123882596, 0.2360319284802069, 1.1026309067688365, 0.3049463601532545, 2.576538314176247, 1.536791826309067, 0.6917286079182641, 1.251658365261813, 0.6934514687100902, 5.914581098339719, 0.5444240102171108, 0.2842720306513411, 0.5650983397190271, 0.28513346104725706, 0.7485830140485289, 0.47809386973180523, 0.14472030651341403, 1.0147650063856928, 0.20760472541507025, 0.27738058748403377, 0.9355134099616856, 0.7468601532567027, 1.8305395913154516, 0.4427752234993612, 1.2688869731800738, 0.502213920817368, 0.46344955300127755, 1.3507228607918234, 0.28944061302681945, 1.5936462324393317, 0.27824201787994685, 0.19382183908046416, 1.5410989782886322, 0.24636909323116363, 0.861430395913154, 0.6443499361430487, 0.11715453384418754, 0.2920249042145586, 0.19296040868454822, 0.6012784163473786, 1.2128939974457194, 0.6676085568326955, 1.162069604086843, 0.9613563218390803, 0.8235274584929765, 0.7520287356321839, 1.759040868454662, 0.4462209450830106, 0.7089572158365253, 0.28944061302681945, 1.3541685823754783, 1.1095223499361437, 0.9139776500638533, 0.5306411238825047, 1.4859674329501908, 1.581586206896549, 1.1353652618135384, 0.22224904214559799, 0.534086845466157, 1.8064195402298888, 0.24033908045977223, 0.4462209450830135, 0.22138761174967916, 0.7994074074074079, 1.0681736909323112, 0.17142464878671887, 0.4858467432950171, 0.48412388250319094, 0.2179418901660298, 0.7132643678160963, 1.3739814814814786, 1.0647279693486589, 0.5771583652618129, 0.5116896551724117, 0.910531928480204, 1.7659323116219752, 0.8726289910600266, 0.4212394636015319, 0.1559189016602838, 0.3264821200510839, 1.442895913154532, 0.9682477650063819, 0.9113933588761143, 0.4780938697318024, 1.4360044699872274, 0.8071602809706254, 0.08442017879948556, 0.5513154533844182, 1.9511398467432943, 1.3102356321839124, 0.47292528735632405, 1.351584291187739, 1.5195632183908059, 0.4453595146871004, 1.5436832694763714, 0.5513154533844182, 1.426528735632184, 0.22397190293742122, 0.18434610472541763, 0.027565772669217895, 0.30494636015325166, 1.098323754789271, 0.5280568326947627, 1.0087349936143042, 0.3824750957854385, 0.7795945083014048, 0.7597816091954015, 0.8665989782886323, 1.885671136653896, 0.3083920817369125, 0.6710542784163478, 2.334476372924649, 0.2256947637292445, 1.6349948914431671, 0.43846807151979306, 0.9268991060025551, 0.8674604086845482, 0.5349482758620729, 0.6521028097062576, 0.6107541507024279, 0.7658116219667958, 0.09131162196679289, 0.18090038314176254, 0.14730459770114748, 0.9449891443167322, 0.3979808429118793, 1.1982496807151974, 1.2335683269476356, 1.520424648786719, 0.503075351213284, 1.2370140485312908, 1.6341334610472626, 0.5392554278416325, 2.020915708812258, 0.7864859514687093, 0.004307151979562427, 0.02153575989782935, 1.021656449553, 0.39970370370370256, 0.7933773946360194, 0.4109022988505723, 1.1095223499361409, 1.4515102171136627, 0.5409782886334701, 0.5409782886334701, 1.5884776500638562, 1.4963045977011473, 1.3446928480204345, 0.9062247765006359, 1.1560395913154518, 0.470340996168582, 0.5203039591315451, 1.8090038314176282, 1.5764176245210764, 0.13524457215836752, 0.5943869731800768, 1.0406079182630874, 0.6589942528735678, 0.2549833971902942, 0.2670434227330771, 0.9648020434227325, 1.8882554278416324, 0.75375159642401, 0.5590683269476386, 1.050945083014047, 0.5874955300127724, 2.2810676883780334, 0.9596334610472541, 0.11973882503192959, 1.4558173690932308, 0.8011302681992312, 0.38678224776500664, 0.9139776500638533, 1.0759265644955316, 0.2928863346104746, 0.29891634738186595, 0.028427203065133824, 1.3912100893997428, 1.0483607918263078, 0.21018901660280942, 2.0975830140485314, 2.3766864623243946, 0.8174974457215851, 0.9673863346104717, 2.057095785440612, 1.1991111111111106, 0.6719157088122608, 0.6848371647509625, 1.5152560664112376, 1.6100134099616827, 0.8157745849297589, 0.012060025542782831, 0.1757318007662813, 0.03187292464878606, 0.3643850574712642, 1.064727969348656, 2.4740280970625816, 0.22138761174967916, 0.4832624521072836, 0.6607171136653881, 0.4401909323116221, 0.36869220945082665, 1.397240102171137, 1.5497132822477657, 6.561515325670495, 0.7554744572158361, 1.0311321839080438, 1.3765657726692206, 0.01119859514686977, 1.9933499361430402, 1.0388850574712643, 1.509226053639846, 0.4668952745849269, 2.144961685823753, 1.9985185185185184, 2.7763901660280945, 0.21535759897828777, 0.1774546615581074, 1.1663767560664113, 1.0664508301404851, 0.7167100893997457, 1.5721104725415054, 0.43932950191570896, 87.39814367816086, 72.51865644955296, 20.908638569604076, 7.601261813537673, 1.0750651340996156, 1.9459712643678133, 0.09131162196679575, 0.060300127713922756, 1.5049189016602809, 0.008614303959130593, 0.4686181353767559, 0.5358097062579831, 1.2430440613026792, 0.13869029374201974, 0.6331513409961731, 1.0423307790549163, 0.7020657726692207, 0.594386973180074, 1.566080459770114, 0.18520753512132782, 0.08011302681992312, 0.8734904214559425, 0.02239719029373954, 0.6340127713920833, 1.9787056194125123, 0.7847630906768802, 0.3083920817369097, 0.6925900383141743, 0.08269731800766515, 2.0200542784163478, 6.077391443167304, 1.096600893997445, 0.47809386973180523, 0.20502043422733107, 0.4410523627075351, 0.13438314176245444, 0.6943128991060032, 0.8269731800766258, 1.0087349936143015, 1.4239444444444418, 1.43945019157088, 0.2274176245210706, 0.057715836526183575, 0.5556226053639863, 0.17142464878671887, 2.2190446998722875, 1.2602726692209434, 0.19123754789272496, 0.375583652618134, 0.7304929757343546, 0.6021398467432943, 0.4505280970625816, 0.14213601532567485, 0.9940906768837765, 0.48240102171136773, 0.0663301404853113, 2.481780970625799, 1.381734355044696, 3.377668582375478, 0.6607171136653881, 0.8597075351213249, 0.49273818646232154, 1.2223697318007658, 1.7013250319284814, 1.0406079182630903, 0.3747222222222238, 49.11624425822453, 46.151123836126466, 42.115009621353046, 13.49795499689629, 0.5438705772811941, 1.1425887647423916, 0.1888265052762268, 0.5003274363749213, 1.1710592799503365, 1.4783733705772748, 0.7197178770949683, 0.03558814400992767, 1.114955617628798, 0.0020934202358808872, 1.5495496585971384, 0.18631440099316748, 2.1373820608317726, 0.42161483550589923, 1.2581455617628765, 1.1677098075729317, 0.4659953445065149, 0.0029307883302265485, 0.22148386095592792, 0.3546253879577889, 0.11346337678460687, 0.5321474239602711, 2.0101021104903705, 0.2608401613904389, 0.5371716325263786, 0.47771849782743503, 0.18212756052141407, 0.13690968342644158, 1.1551492861576629, 1.32429764121663, 1.8836595282433193, 1.273218187461199, 0.3755595903165699, 0.7532126008690234, 0.2725633147113591, 1.1174677219118516, 0.2273454376163838, 0.348763811297333, 1.0236824953445016, 0.6259326505276211, 1.0236824953445016, 1.2648445065176863, 0.1394217877094925, 0.10006548727498427, 2.034385785226559, 1.2882908131595239, 1.5570859714463, 1.464975481067655, 0.007117628801985534, 0.9767898820608295, 0.8545341402855345, 1.068063004345123, 0.25665332091868276, 1.0044230291744314, 0.24325543140906292, 0.44757324643078766, 0.517074798261946, 1.0839729981377992, 0.8176899441340745, 1.5595980757293646, 0.7071573556796997, 0.015491309745500717, 1.5813696461824884, 0.210598075729359, 1.0270319677219066, 0.17626598386095263, 2.3216030415890674, 0.7054826194909972, 0.5380090006207299, 0.9374335816263156, 1.097370887647419, 1.6106775294847875, 0.1009028553693327, 1.313411855990064, 1.613189633767841, 0.21311018001241272, 1.2120903165735528, 0.5982995034140274, 0.7917315332091832, 0.47353165735567887, 0.4525974549968923, 0.3512759155803868, 1.3402076350093064, 1.4499028553693298, 0.06573339540658066, 3.462935754189932, 0.17542861576660415, 0.6711505276225909, 1.439854438237115, 1.0705751086281767, 1.1894813780260693, 1.8635626939788896, 0.3655111731843606, 0.8076415270018596, 1.0111219739292303, 2.3643088144009834, 0.02553972687771559, 1.7287464307883205, 0.3655111731843523, 0.16538019863438652, 1.2028792675356863, 1.0781114214773406, 0.09755338299193334, 0.567316883923026, 1.0186582867783942, 0.8269009931719409, 1.645009621353191, 1.1836198013656078, 1.3184360645561715, 0.4877669149596499, 1.5872312228429581, 0.672825263811296, 1.5520617628801923, 0.007954996896336775, 2.037735257603964, 1.5662970204841662, 0.8084788950962108, 0.809316263190562, 1.2254882060831724, 0.12602389819987547, 0.20557386716325157, 0.1846396648044678, 0.042287088764745955, 0.7875446927374298, 0.36634854127870625, 0.43082588454376286, 0.3378780260707585, 0.15114494103041265, 0.5807147734326459, 0.6225831781502162, 1.8367669149596444, 0.4626458721291099, 0.5505695220360012, 1.6466843575418961, 0.8469978274363734, 0.015491309745500717, 1.5604354438237074, 0.9751151458721242, 0.146120732464308, 0.7138563004345096, 0.06824549968963438, 0.9365962135319644, 0.644354748603354, 1.1384019242706325, 0.043124456859094405, 1.0898345747982578, 1.677666977032892, 1.1526371818746093, 3.282901613904394, 0.06489602731222663, 0.028889199255120547, 1.3217855369335763, 0.3604869646182504, 0.5388463687150838, 1.2280003103662265, 1.618213842333943, 1.3393702669149552, 1.7630785226567383, 1.756379577901917, 0.47771849782743503, 0.8319252017380483, 1.3452318435754167, 1.3628165735567928, 0.09755338299193334, 0.28847330850403263, 0.28177436374921994, 1.0822982619490968, 0.1419338919925518, 0.3655111731843523, 0.19636281812538794, 0.1846396648044678, 0.37555959031657266, 0.5195869025449998, 0.36886064556176273, 0.8411362507759119, 2.726889199255109, 1.0479661700806904, 0.5656421477343235, 1.6031412166356207, 1.4457160148975765, 1.4942833643699511, 0.07578181253879553, 2.0075900062073138, 0.9709283054003679, 1.3678407821228975, 2.119797330850394, 0.31526908752328064, 0.07913128491620328, 0.7146936685288636, 1.2715434512724937, 2.540993482309118, 1.735445375543136, 0.15784388578522535, 0.21813438857852294, 0.6811989447548085, 2.4874019242706322, 0.6619394785847272, 0.6585900062073194, 0.23488175046555052, 0.5304726877715659, 0.6116973929236473, 1.8057842954686456, 2.0536452513966434, 0.8068041589075056, 0.7498631284916185, 0.10676443202979696, 0.9458072625698281, 0.5832268777156996, 0.6736626319056475, 0.8243888888888843, 0.04898603351955029, 0.8662572936064519, 0.7883820608317783, 0.5120505896958386, 0.5606179391682133, 1.3896123525760324, 1.9606973929236418, 1.8769605834885066, 0.5874137181874586, 1.0605266914959617, 0.8243888888888843, 0.11848758535071431, 1.1601734947237705, 1.248097144630659, 1.1350524518932306, 1.5847191185599045, 0.9458072625698281, 1.8928705772811856, 0.5539189944134034, 0.18380229671011378, 0.22064649286157945, 0.906450962135317, 0.4492479826194901, 1.5989543761638672, 0.09085443823712062, 0.6996210428305386, 0.9248730602110471, 0.8863541278708844, 1.371190254500305, 0.6803615766604573, 1.1032324643078777, 1.298339230291739, 0.6745000000000013, 0.014653941651149478, 1.0077725015518282, 1.4055223463687085, 1.0622014276846643, 1.717860645561757, 0.8595583488516392, 1.197855058969579, 0.5346595282433249, 0.7816831160769655, 1.781500620732454, 0.6276073867163235, 1.3519307883302238, 0.25665332091867993, 0.5036769087523234, 0.35378801986343766, 0.24744227188081633, 0.5916005586592148, 0.567316883923026, 0.15533178150217442, 0.21645965238982046, 0.257490689013034, 0.22148386095592792, 1.7270716945996236, 1.083135630043448, 0.5154000620732408, 0.40821694599627384, 1.2849413407821189, 0.8830046554934767, 0.5405211049037808, 0.5120505896958386, 0.8897036002482894, 0.9851635630043419, 0.3177811918063344, 0.8168525760397233, 0.6627768466790784, 0.4467358783364448, 0.9692535692116655, 1.403010242085655, 0.5715037243947823, 0.8486725636250758, 95.02829950341369, 80.71684140285508, 72.1932715704529, 66.4740474860333, 60.39642985723132, 60.035524208565896, 50.51129950341384, 45.23504314090611, 2.726051831160758, 4.400788019863421, 4.431770639354422, 0.3177811918063344, 0.520424270639351, 0.6611021104903732, 1.4298060211049002, 0.43082588454375725, 0.32950434512724613, 0.8243888888888872, 2.4463708876474164, 0.8830046554934767, 1.7186980136561083, 0.8696067659838541, 2.3350009310986906, 0.03810024829298697, 1.3703528864059538, 0.8838420235878307, 1.079786157666043, 0.2616775294847902, 0.38393327126008786, 0.9977240844196077, 0.24660490378646788, 0.5438705772811886, 0.39146958410924904, 1.3268097454996837, 0.9315720049658569, 0.10174022346368954, 1.2045540037243887, 1.0630387957790155, 0.1528196772191207, 0.7364652389819959, 1.3410450031036576, 0.9139872749844782, 0.4969779639975247, 1.2388860955927952, 1.1852945375543102, 0.39063221601489495, 1.8769605834885095, 0.14025915580384932, 0.6477042209807561, 0.24576753569211943, 0.4626458721291099, 1.0228451272501475, 1.5897433271260035, 0.18212756052141407, 0.5756905648665412, 1.0337309124767193, 0.018003414028554435, 1.1869692737430126, 0.0029307883302265485, 0.9968867163252592, 0.14528336436995676, 0.7213926132836709, 0.36216170080694726, 1.1216545623836078, 1.0864851024208502, 1.1576613904407167, 1.2581455617628765, 0.30438330229670624, 0.48358007448789647, 0.13188547486033694, 1.280754500310371, 0.34541433891992807, 0.45845903165735374, 0.7984304779639931, 0.2809369956548715, 1.987493171942887, 0.6870605214152672, 0.20976070763500498, 0.635981067659836, 0.3303417132216002, 0.14109652389820057, 0.7565620732464257, 0.8411362507759119, 0.9508314711359355, 0.8863541278708844, 0.28847330850403263, 0.08248075729360543, 0.45929639975170494, 1.507681253879571, 0.17040440720049674, 0.5689916201117341, 0.2683764742396057, 0.7808457479826172, 0.6033237119801349, 1.9104553072625616, 1.890358472998132, 1.0052603972687744, 1.6885527622594612, 0.6912473618870234, 0.5689916201117284, 0.47771849782743225, 0.38728274363748727, 1.1928308504034715, 0.8737936064556159, 1.294989757914334, 0.11681284916201183, 0.6033237119801349, 1.540338609559275, 0.07578181253879553, 0.6996210428305386, 0.18882650527622402, 1.5302901924270544, 0.41240378646802994, 0.4609711359404103, 1.3971486654251963, 0.1092765363128451, 0.16035599006827905, 1.0956961514587138, 1.104907200496583, 0.6535657976412148, 0.016328677839851955, 0.12016232153941678, 1.2221387337057676, 1.083135630043448, 0.13690968342643878, 1.5863938547486014, 0.45929639975170494, 1.3619792054624413, 0.42245220360024766, 0.943295158286777, 0.7758215394165181, 1.3787265673494662, 0.5271232153941637, 1.598117008069516, 1.088997206703904, 1.748843265052756, 0.2424180633147145, 1.9322268777156966, 0.48776691495964714, 0.819364680322777, 0.6510536933581612, 0.4525974549968923, 1.116630353817503, 1.5361517690875186, 0.17459124767225292, 1.4088718187461247, 0.2834490999379252, 0.03223867163252551, 0.3655111731843606, 1.277405027932955, 1.313411855990064, 0.9416204220980718, 0.1586812538795738, 1.068063004345123, 0.8570462445685882, 0.1737538795778989, 0.7130189323401585, 0.8419736188702632, 0.37472222222222146, 0.2734006828057131, 0.2834490999379252, 0.7423268156424546, 0.3973311607697077, 0.17877808814400634, 1.3477439478584674, 0.1804528243327144, 1.6366359404096813, 0.8017799503414009, 0.729766294227186, 1.2740555555555473, 1.0169835505896918, 0.12183705772811927, 1.021170391061448, 0.5162374301675948, 0.5522442582247037, 0.07326970825573903, 0.7306036623215372, 0.6058358162631858, 0.980976722532583, 0.10006548727498427, 0.5932752948479144, 1.1576613904407167, 0.8344373060210993, 1.3963112973308451, 0.4241269397889529, 0.347926443202979, 0.0950412787088796, 0.5070263811297312, 0.644354748603354, 0.5815521415269999, 0.18045282433271162, 0.1846396648044678, 1.5235912476722502, 0.1444459962756055, 0.08917970204841257, 0.2708885785226594, 1.2120903165735502, 0.8076415270018596, 0.3286669770328977, 1.8149953445065148, 0.10006548727498704, 1.046291433891988, 1.0663882681564232, 1.5152175667287349, 0.5522442582247037, 0.04479919304779688, 2.2629872749844724, 0.7800083798882631, 0.40821694599627384, 0.028889199255123336, 0.012979205462446998, 1.0136340782122895, 0.661102110490376, 1.2254882060831724, 1.0998829919304727, 0.6552405338299173, 0.7699599627560483, 0.9575304158907482, 1.882822160148968, 0.43752482929856995, 0.011304469273738942, 1.201204531346984, 0.4961405959031651, 0.7699599627560483, 0.24660490378646788, 0.9005893854748556, 0.7347905027932906, 0.43919956548727246, 0.005442892613283056, 0.1762659838609554, 0.9541809435133433, 0.021352886405959393, 0.672825263811296, 2.6021213531967637, 0.19552545003103672, 1.0822982619490968, 0.3110822470515189, 0.41994009931719395, 1.590580695220355, 0.37890906269398045, 2.115610490378638, 0.31359435133457264, 0.3286669770328977, 1.2045540037243945, 0.8168525760397204, 0.2591654252017337, 1.3795639354438174, 0.9918625077591517, 0.2340443823711937, 0.005442892613283056, 0.6309568590937286, 0.08080602110490297, 0.05149813780260679, 0.006280260707634295, 0.21980912476722822, 1.2271629422718806, 0.10341495965238921, 1.1291908752327717, 0.9416204220980718, 0.5011648044692698, 0.013816573556792661, 0.5346595282433249, 1.2280003103662265, 1.371190254500305, 0.6745000000000013, 0.018840782122902886, 1.6324490999379195, 1.4574391682184937, 0.20389913097454912, 0.07159497206703655, 0.5095384854127849, 1.3753770949720614, 0.24660490378646788, 0.18129019242706285, 0.1695670391061483, 0.629282122905026, 1.522753879577896, 1.0781114214773406, 0.36886064556175996, 0.2717259466170079, 1.241398199875849, 1.2079034761017968, 1.021170391061448, 1.1836198013656078, 0.21897175667287416, 0.9751151458721242, 0.4936284916201086, 0.996049348230908, 1.1970176908752306, 1.351930788330221, 0.30187119801365525, 0.06405865921788097, 0.28847330850403263, 0.8143404717566668, 1.295827126008685, 0.967578833022963, 0.2273454376163894, 0.0473112973308506, 0.33955276225946107, 1.1233292985723076, 0.5890884543761638, 0.7197178770949683, 0.08415549348230514, 1.408034450651768, 0.12602389819987547, 0.2909854127870891, 0.3336911855990051, 1.5939301675977597, 0.7900567970204836, 0.030563935443820238, 1.5604354438237074, 0.4701821849782711, 1.0412672253258806, 0.25246648044692377, 0.62509528243327, 1.042941961514583, 0.030563935443820238, 0.826063625077598, 0.4006806331471099, 1.5478749224084332, 0.4241269397889501, 1.2422355679702002, 1.4934459962756026, 0.18129019242706285, 0.029726567349471787, 0.21813438857852294, 0.7306036623215372, 0.7791710117939147, 0.8377867783985098, 0.16370546244568682, 1.1718966480446877, 0.2859612042209789, 0.3797464307883261, 0.45510955927994595, 0.669475791433894, 0.8495099317194243, 0.003768156424580577, 0.7557247051520772, 0.68706052141527, 0.10257759155803797, 1.1961803227808765, 0.7724720670391076, 0.1779407200496607, 1.7195353817504597, 0.06489602731222663, 1.1961803227808765, 0.6803615766604573, 0.8469978274363734, 0.1611933581626275, 0.906450962135317, 1.3410450031036576, 0.56815425201738, 0.5313100558659171, 0.11095127250155037, 2.3358382991930413, 0.17124177529484796, 1.782337988826808, 0.4316632526381113, 0.47353165735567887, 0.919848851644934, 0.27088857852265663, 0.9357588454376103, 0.00041868404717561964, 0.9441325263811255, 1.0136340782122895, 1.136727188081933, 0.6116973929236473, 0.02386499068901032, 0.7481883923029132, 1.5671343885785174, 0.4249643078833014, 0.2993590937306015, 1.5453628181253825, 0.47771849782743503, 0.26586436995654916, 1.1677098075729317, 1.176920856610801, 0.6091852886405936, 0.8553715083798858, 0.7883820608317783, 0.8135031036623183, 1.097370887647419, 0.8997520173805044, 0.19468808193668824, 0.37974643078832887, 1.6416601489757858, 0.6460294847920508, 0.38225853507137986, 0.03307603972687674, 0.37807169459962364, 0.8243888888888843, 1.781500620732454, 0.2407433271260092, 0.42998851644940883, 1.0613640595903129, 0.3797464307883261, 0.05317287399130649, 0.9265477963997495, 0.007954996896336775, 0.38393327126008786, 0.2867985723153301, 0.8938904407200456, 1.3628165735567899, 0.18212756052141407, 0.9885130353817468, 0.5061890130353772, 1.6994385474860298, 0.6426800124146459, 0.4249643078833014, 0.059871818746119194, 0.8771430788330208, 0.22650806952203534, 0.39398168839230274, 0.03391340782122798, 0.8101536312849105, 0.2859612042209789, 1.583044382371191, 0.31443171942892106, 0.06322129112352415, 0.3110822470515189, 0.661102110490376, 1.9129674115456152, 1.5302901924270544, 0.8026173184357521, 1.5554112352575946, 1.0965335195530679, 0.3194559279950341, 0.07996865301055173, 0.9173367473618831, 0.19133860955927773, 0.5262858472998097, 1.256470825574174, 0.37137274984481927, 0.9340841092489107, 1.1852945375543102, 0.8034546865301034, 0.7180431409062658, 0.02386499068901032, 0.1938507138423342, 0.8009425822470497, 1.4457160148975736, 0.7892194289261267, 0.48441744258224495, 1.4766986343885724, 0.7674478584729946, 0.06238392302917291, 0.9726030415890705, 1.5763454376163837, 1.0446166977032854, 0.3722101179391677, 0.0749444444444443, 2.0109394785847217, 0.5622926753569186, 0.18296492861576533, 0.13858441961514406, 0.8436483550589656, 0.16621756672874052, 0.7180431409062658, 0.33201644941030267, 0.7339531346989394, 0.20724860335195405, 0.2608401613904389, 0.37137274984481927, 0.43501272501551347, 0.7163684047175634, 0.27507541899441, 1.0370803848541243, 1.4875844196151413, 1.38626288019863, 1.0529903786468005, 1.655058038485406, 1.2891281812538724, 0.016328677839854745, 0.3814211669770313, 0.7054826194909972, 0.3504385474860327, 0.39146958410924904, 2.4279487895716834, 0.5112132216014902, 0.09587864680322807, 1.4138960273122236, 0.6569152700186197, 0.5396837368094324, 1.5411759776536234, 0.11848758535071431, 0.7004584109248982, 0.24158069522036044, 0.5363342644320301, 0.4249643078833014, 0.989350403476098, 0.12518653010552425, 1.5805322780881343, 0.6200710738671597, 0.4333379888268165, 0.3504385474860327, 0.4207774674115452, 1.1593361266294164, 0.7448389199255083, 3.759364059590305, 0.8361120422098045, 0.823551520794536, 1.283266604593425, 1.5428507138423286, 0.1704044072004995, 0.13021073867163166, 0.24576753569211665, 0.5011648044692698, 2.080441030415886, 0.3763969584109239, 0.8804925512104257, 0.39063221601489495, 0.3964937926753592, 1.0019109248913696, 0.30438330229670624, 0.3546253879577889, 0.7339531346989422, 0.42161483550589646, 1.051315642458101, 0.5388463687150838, 0.12769863438857795, 0.5053516449410288, 0.8503472998137812, 0.4936284916201086, 0.22232122905027915, 0.9081256983240167, 0.7431641837368058, 0.4902790192427037, 1.3343460583488478, 0.2574906890130368, 0.11765021725636307, 0.3194559279950341, 0.5957873991309737, 0.8143404717566668, 0.08331812538795667, 0.8009425822470497, 0.657752638112971, 0.4994900682805701, 1.6818538175046482, 0.9600425201737991, 0.46432060831781247, 0.7155310366232122, 2.488239292364984, 1.3628165735567899, 0.3311790813159542, 0.4760437616387325, 0.9709283054003679, 0.4986527001862216, 0.5112132216014874, 0.40319273743016354, 1.054665114835503, 2.2428904407200427, 0.9525062073246406, 1.3795639354438174, 0.7557247051520772, 0.44422377405337987, 1.1568240223463653, 1.328484481688386, 1.4566018001241425, 0.545545313469891, 1.616539106145246, 0.5371716325263786, 0.762423649906887, 0.01214183736809297, 0.14863283674735894, 1.3226229050279275, 1.7396322160148923, 0.2909854127870891, 0.5162374301675948, 1.3963112973308451, 1.1317029795158255, 0.6100226567349448, 0.3830959031657366, 0.03810024829298697, 1.068900372439477, 1.2656818746120377, 0.11681284916201183, 0.23069490999379155, 0.5832268777157024, 1.0454540657976366, 0.6225831781502246, 0.5840642458100564, 0.43836219739292126, 1.1744087523277416, 0.5564310986964571, 0.9617172563625043, 0.24660490378646788, 1.1065819366852856, 0.7105068280571046, 1.5076812538795739, 0.35964959652389633, 2.1440810055865853, 1.1693845437616341, 0.48692954686529866, 0.1737538795778989, 0.09336654252017434, 2.564439788950952, 0.9684162011173143, 0.6744999999999987, 0.7414894475481033, 0.6954342023587796, 0.980976722532583, 0.5287979515828662, 0.5807147734326487, 0.4425490378646802, 1.393799193047791, 0.7917315332091805, 1.9866558038485358, 0.29852172563625307, 0.8662572936064519, 0.9734404096834217, 0.6895726256983237, 1.2104155803848504, 0.5865763500931073, 0.52461111111111, 1.0203330229670968, 0.20389913097454912, 1.1635229671011726, 0.17710335195530943, 1.2221387337057705, 0.23153227808814278, 0.17961545623836314, 1.338532898820604, 1.0990456238361215, 0.5748531967721899, 1.3159239602731176, 0.5832268777156996, 0.4852548106765934, 0.05568497827436021, 0.8796551831160745, 0.1997122905027929, 0.7540499689633746, 0.25079174425822687, 0.4827427063935397, 0.7373026070763471, 1.2723808193668502, 0.01297920546244421, 0.22148386095592792, 0.20976070763500498, 0.847835195530722, 0.22232122905027635, 1.1417513966480404, 0.856208876474237, 0.7172057728119146, 1.0228451272501504, 1.442366542520166, 1.0220077591557992, 0.7816831160769655, 0.59997423960273, 0.23153227808814278, 1.2514466170080611, 0.19468808193668824, 0.029726567349471787, 0.14863283674735894, 0.669475791433894, 0.8436483550589656, 1.2949897579143368, 1.7773137802607035, 1.2606576660459303, 88.70282091868374, 87.99357014276816, 88.51859993792644, 90.30554345127217, 86.05757510862787, 86.15973401613874, 4.814447858472983, 4.193120732464291, 5.264951893233994, 1.2430729360645514, 1.4172454996896289, 1.464975481067655, 0.007954996896333985, 1.14342613283674, 1.3871002482929813, 1.114955617628798, 0.02302762259465908, 0.12016232153941958, 0.36383643699565255, 0.1762659838609554, 0.9483193668528818, 0.014653941651149478, 0.5916005586592148, 2.1449183736809365, 1.281591868404714, 0.2658643699565464, 0.24995437616387006, 0.3814211669770313, 0.1352349472377391, 0.786707324643073, 0.6803615766604573, 0.9374335816263156, 0.6644515828677809, 1.1325403476101767, 0.3814211669770313, 0.34960117939168145, 0.09922811918063024, 1.421432340161385, 0.05066076970825277, 0.5966247672253222, 0.5849016139044048, 1.6960890751086222, 0.21478491620112078, 1.16854717566728, 1.5771828057107322, 0.2834490999379252, 0.9943746120422056, 0.9491567349472357, 0.4760437616387325, 1.393799193047791, 0.1628680943513356, 1.219626629422714, 1.226325574177524, 0.31275698324021856, 0.1226744258224733, 0.7498631284916214, 0.5840642458100536, 0.8779804469273721, 1.159336126629419, 0.6895726256983209, 1.181107697082554, 1.6408227808814346, 0.657752638112971, 0.23655648665425022, 0.7674478584729946, 1.1375645561762842, 0.7071573556796968, 1.1794329608938516, 0.0473112973308506, 0.03726288019863294, 0.37974643078832887, 0.4701821849782739, 1.3142492240844152, 0.8637451893233982, 0.9139872749844782, 0.041449720670391925, 0.7498631284916214, 0.23906859093730395, 1.3343460583488478, 0.5346595282433249, 0.044799193047799675, 0.6728252638112934, 0.7247420856610813, 0.10257759155804076, 2.16752731222842, 1.4423665425201688, 0.5731784605834874, 1.021170391061448, 0.5321474239602711, 0.7373026070763499, 0.6116973929236473, 0.9231983240223474, 1.0295440720049631, 1.5051691495965174, 0.41156641837367874, 0.4232895716946017, 1.0270319677219066, 1.2280003103662291, 0.617558969584106, 0.18547703289881903, 0.08415549348230514, 0.21394754810676675, 0.7657731222842921, 0.8076415270018568, 0.28512383612662767, 0.7297662942271831, 0.22818280571073782, 0.7875446927374298, 1.4021728739913009, 0.29768435754189626, 0.9206862197392881, 0.014653941651149478, 1.0923466790813117, 0.33955276225946385, 1.5411759776536262, 0.6811989447548085, 0.3629990689013013, 0.3897948479205409, 0.6443547486033484, 0.42831378026070355, 0.09085443823712062, 0.40737957790191975, 0.03307603972687396, 0.18631440099316748, 0.14863283674735894, 0.10341495965238644, 1.7136738050900011, 1.7019506517690837, 0.5949500310366225, 0.14947020484171017, 1.2455850403476052, 0.22148386095592792, 0.07159497206703933, 1.6399854127870834, 0.4015180012414667, 0.1896638733705808, 0.8654199255121034, 0.48190533829919124, 0.0833181253879539, 0.42161483550589646, 1.2229761018001188, 0.5589432029795164, 1.1216545623836078, 0.1544944134078232, 0.6460294847920537, 0.9416204220980718, 1.3628165735567928, 1.2547960893854746, 0.15533178150217442, 0.9290599006828032, 0.3554627560521429, 0.3621617008069501, 0.046473929236496576, 0.38979484792054375, 1.242235567970203, 0.10006548727498704, 0.8436483550589656, 0.5078637492240824, 0.588251086281807, 0.7255794537554381, 0.7741468032278072, 1.9766073867163179, 0.3563001241464914, 0.15114494103041543, 0.35797486033519665, 1.0312188081936657, 0.4534348230912463, 1.583044382371191, 0.5354968963376762, 0.6979463066418332, 0.7975931098696475, 0.773309435133456, 2.025174736188693, 0.41491589075108093, 1.1291908752327717, 0.43166325263811406, 1.181107697082554, 0.04982340161390711, 0.2700512104283054, 2.045271570453128, 0.28428646803227364, 0.4852548106765934, 0.5229363749224075, 1.2187892613283626, 1.064713531967718, 0.8361120422098045, 1.0220077591557992, 1.655895406579757, 0.54973215394165, 0.30689540657976266, 0.6058358162631886, 0.2633522656734926, 1.212927684667904, 0.44171166977032894, 0.9382709497206668, 0.06824549968963438, 0.26837647423960287, 0.790894165114832, 0.8319252017380455, 0.5564310986964627, 1.0546651148355115, 0.3110822470515189, 0.3730474860335162, 0.6167216014897546, 1.4557644320297887, 0.28009962756052303, 1.9196663563004281, 0.8696067659838541, 0.5798774053382973, 0.057359714463065474, 0.9801393544382344, 0.2876359404096786, 1.2146024208566037, 1.6098401613904445, 1.3762144630664126, 1.0772740533829865, 0.996049348230908, 1.618213842333943, 0.45929639975170494, 0.6585900062073222, 0.2700512104283054, 0.03977498448169224, 1.2506092489137126, 0.47185692116698474, 1.388774984481684, 0.7096694599627562, 0.8629078212290499, 0.042287088764743165, 0.06824549968963438, 0.9952119801365568, 0.19887492240843888, 0.27507541899441, 0.8528594040968321, 0.4618085040347587, 1.0153088144009865, 0.8880288640595897, 1.1601734947237705, 0.6518910614525095, 5.923960583488493, 1.8309053382991858, 1.530290192427057, 0.008792364990685225, 1.2372113594040928, 0.32280540037243904, 0.007117628801985534, 1.0513156424580954, 0.30019646182495, 0.819364680322777, 0.21980912476722822, 0.2298575418994431, 0.42831378026070355, 0.7498631284916214, 2.0653684047175576, 1.2079034761017968, 0.2516291123525753, 0.34960117939168145, 1.0069351334574768, 0.2524664804469294, 0.3194559279950341, 0.4375248292985672, 1.3309965859714428, 0.43752482929856995, 1.5118680943513298, 0.6636142147734297, 1.1266787709497152, 1.3502560521415214, 0.40486747361886605, 0.644354748603354, 1.3142492240844124, 1.691902234636866, 1.5922554314090573, 0.9525062073246406, 0.5237737430167616, 0.8612330850403445, 0.12016232153941678, 0.19803755431409042, 0.37890906269397767, 0.8495099317194243, 0.21897175667287416, 0.4936284916201086, 0.1544944134078204, 0.8947278088143968, 1.232187150837988, 0.23488175046554774, 0.2558159528243315, 0.40068063314711266, 0.1586812538795738, 0.9525062073246406, 0.8252262569832413, 2.0092647423960193, 1.0387551210428296, 0.23236964618249403, 0.056522346368714234, 0.09420391061452837, 0.5045142768466775, 0.28679857231532735, 0.7205552451893223, 0.9592051520794507, 1.3435571073867114, 0.29349751707014565, 1.4683249534450629, 0.6878978895096184, 0.42245220360024766, 0.9416204220980718, 0.8109909993792646, 0.47436902545003007, 1.3745397268777073, 1.821694289261319, 1.8342548106765906, 1.7714522036002394, 1.5478749224084332, 0.05149813780260959, 0.4232895716945989, 0.9248730602110471, 1.912130043451267, 1.8953826815642367, 0.33871539416511254, 0.16370546244568404, 0.1896638733705808, 0.19803755431409042, 0.884679391682182, 0.18129019242706285, 0.8126657355679671, 0.9332467411545566, 0.06992023587833965, 0.1938507138423342, 0.07243234016139337, 0.6225831781502162, 1.1769208566107952, 0.1477954686530105, 0.326154872749844, 1.8685869025449968, 1.086485102420853, 0.5195869025449998, 0.2625148975791414, 0.8436483550589656, 0.34290223463687436, 0.44087430167597214, 0.7247420856610785, 1.0002361887026643, 1.7505180012414583, 0.47185692116698474, 0.1846396648044678, 0.8989146492861558, 0.3964937926753592, 0.9659040968342633, 0.5656421477343235, 1.9330642458100482, 1.2204639975170652, 1.352768156424575, 0.6209084419615136, 0.6083479205462395, 0.9114751707014245, 0.0967160148975765, 0.31191961514587013, 0.45594692737429726, 0.6569152700186197, 0.668638423339537, 0.7021331471135922, 1.6073280571073825, 0.7850325884543705, 1.360304469273739, 0.42998851644940606, 0.36132433271259884, 0.676174736188701, 2.709304469273733, 1.4984702048417076, 0.682873680943511, 1.0228451272501504, 0.23320701427684526, 1.3837507759155847, 0.3177811918063344, 0.3512759155803839, 1.3510934202358726, 0.2608401613904389, 1.060526691495959, 0.5262858472998124, 0.10843916821849664, 0.7297662942271831, 1.31257448789571, 1.020333022967094, 0.21897175667287416, 1.158498758535068, 0.39146958410924626, 0.45845903165735374, 0.37472222222222146, 0.8101536312849105, 0.823551520794536, 0.23739385474860145, 0.7004584109248898, 0.6945968342644283, 0.4090543140906278, 1.2363739913097416, 0.3253175046554927, 0.04647392923649936, 2.3350009310986906, 0.59997423960273, 0.5564310986964627, 0.8553715083798831, 1.0010735567970155, 0.08666759776536163, 0.1955254500310395, 0.36132433271259884, 1.7371201117318413, 0.8754683426443184, 0.05401024208566331, 1.0412672253258832, 1.0194956548727454, 0.009629733085039251, 0.34541433891992807, 0.5597805710738648, 0.0062802607076370845, 1.7019506517690837, 0.4618085040347587, 0.7716346989447536, 1.4063597144630626, 0.19301334574798296, 0.44171166977032617, 0.18631440099317026, 0.24409279950341414, 0.2767501551831153, 0.5103758535071334, 0.7967557417752907, 0.9139872749844782, 0.834437306021102, 0.6954342023587824, 1.2522839851024152, 0.1779407200496607, 1.1174677219118516, 1.0153088144009892, 0.23571911855989897, 0.15533178150217442, 0.6962715704531308, 0.11681284916201183, 0.1377470515207928, 0.5070263811297312, 0.28847330850403263, 1.292477653631283, 1.0119593420235844, 0.15951862197392783, 1.206228739913094, 1.4658128491620062, 0.7180431409062658, 0.607510552451891, 1.3720276225946535, 0.9399456859093666, 0.5606179391682133, 1.744656424580997, 0.6485415890751074, 0.6544031657355661, 0.5321474239602711, 0.4316632526381113, 1.5880685909373011, 0.7825204841713196, 0.7674478584729946, 0.1394217877094925, 0.098390751086279, 0.7691225946616943, 0.028051831160769307, 1.5143801986343837, 0.34876381129733025, 0.07913128491620328, 1.2120903165735528, 0.42245220360024766, 0.2616775294847874, 0.52461111111111, 1.3234602731222789, 0.5656421477343235, 0.6192337057728085, 1.1174677219118516, 0.7741468032278072, 0.2960096213531966, 0.996049348230908, 0.9324093730602081, 0.09755338299193334, 0.042287088764745955, 0.8068041589075056, 0.5932752948479144, 0.672825263811296, 1.1610108628181217, 0.40235536933581234, 1.897057417752942, 0.10341495965238921, 0.42998851644940606, 1.4750238981998698, 1.1216545623836078, 1.6023038485412724, 0.4132411545623785, 1.0538277467411519, 0.9399456859093666, 1.0404298572315294, 1.1107687771570416, 0.656915270018617, 0.05401024208566051, 1.1543119180633117, 0.5748531967721899, 1.2330245189323366, 0.4919537554314061, 0.33787802607076134, 1.0730872129112303, 0.2692138423339541, 0.2641896337678467, 1.0370803848541243, 0.19552545003103672, 0.08917970204842093, 0.20892333954065376, 0.4107290502793275, 0.20138702669149536, 1.2648445065176863, 1.181107697082554, 0.794243637492237, 0.5916005586592148, 0.06070918684047043, 0.8578836126629368, 0.08080602110490018, 0.5765279329608897, 1.6123522656734899, 1.7496806331471098, 0.5011648044692698, 0.15951862197392783, 1.1132808814400927, 1.2874534450651727, 93.89366573556764, 75.48161607697055, 52.30159248913699, 45.17977684667892, 36.904905338299066, 32.27007293606444, 24.51269490999371, 1.8392790192427009, 2.495775605214145, 0.12686126629422392, 0.3253175046554899, 0.31778119180632597, 0.146120732464308, 0.039774984481689445, 0.37555959031657266, 1.0111219739292332, 1.731258535071377, 1.3452318435754138, 0.22148386095592792, 0.44841061452513886, 0.8620704531346958, 0.5380090006207271, 0.3077327746741139, 0.48944165114835236, 1.0889972067039095, 0.3504385474860327, 0.7975931098696475, 0.23488175046555052, 0.794243637492237, 0.5991368715083788, 0.5237737430167588, 0.10843916821849386, 1.0555024829298543, 1.2079034761017968, 0.5723410924891446, 0.4433864059590259, 0.5053516449410259, 1.663431719428921, 0.20138702669149258, 1.0069351334574768, 0.805966790813157, 1.2539587212911176, 0.9332467411545595, 0.635981067659836, 0.045636561142148126, 0.15114494103041265, 1.1099314090626904, 0.6569152700186197, 0.619233705772814, 0.6518910614525124, 0.25246648044692377, 0.2583280571073852, 0.6627768466790784, 0.09922811918063301, 1.3845881440099277, 1.4021728739913037, 0.10425232774674045, 0.38393327126008786, 1.1342150837988791, 0.5547563625077574, 0.6125347610179985, 0.11681284916201462, 0.9181741154562343, 1.172734016139039, 0.805966790813157, 0.6971089385474876, 0.3102448789571676, 0.15951862197392505, 0.0900170701427694, 1.0538277467411545, 1.3686781502172511, 0.5262858472998097, 1.9849810676598276, 0.08666759776536163, 0.3588122284295479, 0.2759127870887668, 0.0925291744258231, 1.6935769708255686, 0.3897948479205409, 0.326154872749844, 1.2681939788950913, 1.0245198634388557, 0.9550183116076945, 0.8185273122284257, 1.480885474860334, 1.2397234636871437, 1.7773137802607035, 0.1737538795779017, 0.6167216014897546, 0.04814866542520184, 0.15951862197392505, 1.3577923649906878, 0.8796551831160745, 0.736465238981993, 0.6410052762259406, 0.6803615766604573, 1.8283932340161317, 0.7389773432650468, 1.2422355679702002, 1.3108997517070105, 0.5061890130353772, 1.0127967101179356, 0.28261173184357674, 1.6944143389199169, 0.29517225325884533, 1.4993075729360588, 0.7331157666045909, 0.4040301055245176, 0.3353659217877104, 1.2171145251396631, 0.7666104903786405, 0.03223867163252551, 1.049640906269393, 0.8964025450030992, 0.4492479826194901, 0.6309568590937258, 1.0421045934202318, 0.5472200496586047, 0.5179121663562973, 0.8394615145872066, 0.9416204220980718, 0.11346337678460687, 0.5614553072625701, 0.012979205462446998, 0.7280915580384835, 0.1143007448789609, 0.08917970204842093, 1.8694242706393482, 1.5244286157665987, 0.21897175667287416, 2.2269804469273664, 0.3722101179391677, 1.085647734326499, 0.5606179391682133, 0.8578836126629394, 0.5405211049037808, 0.3244801365611415, 1.1425887647423916, 0.6217458100558622, 0.41994009931719395, 1.133377715704528, 0.7188805090006171, 0.030563935443820238, 0.2767501551831153, 1.0236824953445016, 1.9690710738671569, 3.0300164494102915, 0.7858699565487246, 0.04814866542519905, 0.45929639975170494, 0.7138563004345096, 0.257490689013034, 1.2405608317814978, 0.8846793916821791, 0.40654220980757133, 1.116630353817503, 0.6376558038485385, 0.22148386095592792, 1.3201108007448739, 0.6058358162631886, 0.46934481688392266, 1.2547960893854746, 0.7364652389819959, 1.4071970825574138, 0.12686126629422392, 0.7096694599627507, 0.42747641216635507, 0.041449720670394714, 1.1250040347610128, 1.094021415270017, 0.7774962756052123, 0.6644515828677838, 0.4467358783364364, 0.2616775294847874, 0.4701821849782739, 0.041449720670394714, 0.8227141527001874, 0.33955276225946107, 0.8294130974549947, 1.5880685909373011, 0.7640983860955897, 0.3830959031657366, 1.4046849782743573, 2.026849472377398, 0.3563001241464942, 1.2464224084419537, 1.2991765983860901, 0.4249643078833014, 0.10592706393544014, 0.09755338299193053, 0.8428109869646144, 0.9709283054003679, 1.3343460583488478, 0.03140130353817427, 0.5689916201117284, 0.4919537554314061, 0.9047762259466146, 0.4090543140906278, 1.7614037864680243, 1.0228451272501475, 3.550022036002473, 0.7883820608317783, 0.20892333954065376, 0.5731784605834874, 0.5740158286778415, 0.517074798261946, 1.2723808193668478, 2.4807029795158226, 0.8402988826815635, 0.786707324643073, 1.4381797020484126, 0.9642293606455581, 0.17961545623836037, 1.4138960273122236, 1.181107697082554, 0.7900567970204808, 0.19468808193668546, 0.23153227808813998, 1.6500338299192985, 0.7741468032278072, 0.8620704531346958, 1.0220077591557992, 0.3546253879577861, 0.607510552451891, 1.0303814400993143, 0.03223867163252551, 0.09922811918063301, 1.1099314090626904, 0.2641896337678439, 0.9508314711359411, 0.013816573556792661, 1.666781191806326, 0.7582368094351309, 1.4591139044072048, 0.6979463066418332, 1.4699996896337624, 0.9022641216635608, 0.9726030415890705, 0.5480574177529476, 1.161848230912473, 0.4450611421477339, 0.9223609559279877, 1.4406918063314635, 1.0245198634388528, 0.4400369335816237, 2.31825356921166, 0.08248075729360543, 0.6024863438857837, 1.3586297330850365, 0.5204242706393538, 0.6979463066418361, 0.2943348851644941, 0.9458072625698281, 1.6366359404096813, 0.8386241464928583, 0.7649357541899409, 0.18212756052141407, 0.4659953445065149, 0.150307572936067, 0.09587864680322807, 0.6276073867163235, 0.5187495344506485, 1.1283535071384205, 0.03977498448169224, 1.1174677219118516, 0.05401024208566051, 0.769122594661697, 0.6493789571694615, 0.42245220360024766, 1.4641381129733038, 0.03391340782122798, 0.629282122905026, 0.043961824953445645, 1.1266787709497152, 0.31359435133457264, 0.2876359404096814, 0.657752638112971, 0.899752017380507, 1.3586297330850448, 1.3510934202358726, 0.30689540657976266, 0.39146958410924626, 0.6962715704531308, 1.3879376163873298, 0.6678010552451858, 0.9240356921166959, 1.655058038485406, 1.110768777157039, 0.41575325884543496, 1.3603044692737418, 1.0437793296089342, 1.2698687150837966, 1.5796949099937858, 1.7103243327125932, 1.475861266294221, 1.2933150217256315, 1.169384543761637, 0.5966247672253278, 1.8350921787709473, 0.37974643078832887, 0.18129019242706285, 0.49530322780881386, 0.014653941651149478, 0.00041868404717283064, 1.660082247051516, 1.4457160148975765, 1.714511173184355, 0.0925291744258231, 0.3889574798261925, 0.26251489757913865, 0.5773653010552436, 0.4827427063935397, 1.3376955307262528, 1.4624633767846014, 1.1400766604593378, 1.4247818125387899, 1.872773743016753, 1.116630353817503, 0.7389773432650468, 0.5765279329608924, 0.985163563004339, 0.41659062693978616, 0.9307346368715057, 0.7867073246430759, 1.5746707014276784, 0.7523752327746722, 0.7532126008690234, 0.059871818746119194, 0.5195869025450026, 0.42747641216635507, 0.5547563625077574, 0.03307603972687396, 0.28261173184357397, 0.1394217877094925, 0.7783336436995635, 3.0844453755431274, 0.6041610800744834, 0.34625170701427926, 0.0967160148975765, 0.3763969584109267, 0.07578181253879553, 0.7657731222842921, 0.16370546244568682, 1.097370887647419, 1.4063597144630597, 0.4701821849782739, 1.3293218497827402, 0.43333798882681374, 0.0749444444444443, 0.8947278088143968, 1.59895437616387, 1.1467756052141478, 0.04898603351955308, 2.372682495344496, 0.22483333333333286, 2.011776846679073, 1.2112529484792016, 1.0546651148355115, 0.21562228429546645, 1.475861266294221, 0.8662572936064519, 0.34039013035381227, 2.0151263190564808, 0.39146958410924904, 0.8520220360024809, 0.6895726256983237, 0.6225831781502162, 0.629282122905026, 1.6324490999379195, 0.8285757293606433, 1.3619792054624413, 0.7205552451893223, 1.1568240223463653, 0.07326970825573903, 0.9039388578522634, 1.2857787088764703, 0.6334689633767795, 0.1913386095592805, 1.1442635009310942, 0.16370546244568682, 0.11848758535071431, 0.6493789571694615, 0.36886064556175996, 1.5286154562383547, 0.26586436995654916, 0.6770121042830524, 0.6535657976412148, 0.8386241464928583, 0.06322129112352694, 0.9717656734947193, 0.4525974549968923, 0.5095384854127849, 0.10592706393544014, 1.1199798261949052, 0.7046452513966432, 1.352768156424575, 0.29098541278708634, 0.03642551210427891, 0.1544944134078204, 0.6652889509621321, 0.41156641837367874, 0.21897175667287416, 0.16621756672874052, 0.502839540657975, 0.8536967721911833, 0.6158842333954034, 0.9424577901924203, 1.0998829919304727, 0.9382709497206668, 0.6611021104903732, 0.49781533209186757, 0.7021331471135922, 0.0029307883302265485, 1.1141182495344495, 0.7398147113594008, 1.0488035381750416, 1.5277780881440006, 0.5664795158286748, 0.22483333333333286, 0.38644537554313874, 0.9491567349472357, 0.834437306021102, 2.213582557417744, 1.1752461204220928, 0.03391340782122519, 0.8469978274363734, 0.777496275605215, 1.6751548727498384, 0.5899258224705123, 1.5922554314090573, 0.6904099937926721, 0.19133860955927773, 0.10257759155803797, 0.31443171942892106, 1.1358898199875818, 0.20557386716325157, 0.5832268777156996, 1.1166303538175004, 0.09504127870887683, 1.1601734947237705, 0.5723410924891446, 0.31275698324022133, 1.0060977653631227, 1.281591868404714, 0.20306176288019784, 0.8679320297951572, 0.8729562383612673, 1.0220077591557992, 0.3964937926753592, 0.041449720670394714, 1.0303814400993143, 0.3186185599006856, 1.8577011173184281, 0.4433864059590342, 0.8428109869646144, 0.610860024829296, 0.9910251396648005, 1.0856477343265019, 0.5681542520173772, 76.83982712600842, 73.60674891371792, 68.82370235878312, 59.21909031657335, 34.15163904407188, 29.95642489137171, 10.300883612662906, 0.6644515828677838, 0.1310481067659801, 1.0730872129112303, 1.0446166977032854, 1.1275161390440693, 0.8210394165114794, 2.075416821849778, 0.017166045934203195, 0.7833578522656708, 0.6200710738671597, 1.4926086281812458, 1.0596893234016105, 0.17124177529484796, 1.313411855990064, 0.0900170701427694, 0.5622926753569186, 1.003585661080072, 0.07410707635009026, 0.520424270639351, 0.2641896337678439, 0.2558159528243315, 0.15784388578522535, 0.676174736188701, 0.7105068280571046, 1.0136340782122895, 0.8771430788330208, 0.592437926753566, 0.4031927374301664, 0.980976722532583, 0.1737538795778989, 0.23739385474860145, 0.8352746741154561, 0.7992678460583444, 1.3929618249534372, 2.1633404717566638, 0.19217597765363173, 0.9031014897579148, 0.21227281191806147, 1.0412672253258806, 0.9257104283053955, 0.9324093730602081, 0.19636281812538794, 1.2690313469894425, 0.2943348851644941, 0.7674478584729946, 0.1930133457479858, 0.41575325884543496, 0.9290599006828032, 0.8218767846058335, 0.18296492861576533, 0.37723432650527233, 2.008427374301668, 0.8461604593420194, 0.563130043451267, 0.8151778398510207, 0.2038991309745463, 0.704645251396646, 1.3042008069522002, 1.0471288019863392, 1.0345682805710705, 0.5765279329608897, 1.377889199255115, 0.8068041589075056, 0.22148386095592792, 1.0739245810055815, 0.5773653010552436, 0.47185692116698474, 0.4936284916201086, 0.3671859093730575, 0.6845484171322135, 0.08415549348230793, 0.06489602731222942, 0.8721188702669106, 0.8009425822470582, 0.4785558659217835, 1.3820760397268739, 1.1551492861576629, 1.2614950341402815, 0.6518910614525124, 0.12351179391682174, 0.23823122284295267, 0.6477042209807645, 0.09336654252017434, 1.1610108628181188, 0.5748531967721899, 0.7264168218497811, 0.22483333333333008, 0.4082169459962766, 0.5530816263190522, 1.837604283054001, 0.18296492861576533, 0.44757324643078766, 0.3052206703910602, 1.2422355679702002, 1.280754500310371, 1.28745344506517, 0.5296353196772174, 0.4567842954686513, 0.607510552451891, 0.8595583488516421, 0.754887337057726, 0.919848851644934, 0.37472222222222146, 1.428131284916195, 0.8846793916821791, 0.14277126008690583, 0.7800083798882659, 0.7113441961514558, 0.41742799503413747, 0.04479919304779688, 0.20473649906890035, 1.6257501551831097, 0.8419736188702632, 1.4339928615766648, 0.7640983860955897, 0.5095384854127849, 1.2120903165735528, 0.7632610180012382, 0.9968867163252592, 0.35378801986343766, 0.058197082557413925, 0.12267442582247051, 2.41203879577901, 0.1009028553693327, 0.49781533209186757, 0.5907631905648635, 1.4105465549348188, 0.8001052141527012, 1.8267184978274267, 1.3477439478584703, 1.256470825574174, 0.4132411545623785, 0.13439757914338507, 0.3186185599006856, 0.09085443823712062, 1.3753770949720614, 1.3293218497827373, 1.1275161390440664, 0.8913783364369919, 1.6584075108628107, 0.3345285536933563, 0.19636281812538794, 0.34541433891992807, 0.4576216635630025, 0.49111638733705487, 2.170876784605825, 0.48358007448789647, 1.6140270018621923, 1.3201108007448767, 0.9190114835505855, 1.1099314090626904, 1.1459382371197966, 1.0454540657976366, 0.8545341402855345, 0.29768435754189904, 1.0228451272501475, 0.23069490999379433, 2.121472067039099, 0.7088320918683995, 0.342902234636866, 0.36969801365611404, 0.009629733085039251, 0.17542861576660698, 0.007117628801985534, 1.2589829298572277, 0.512887957790187, 0.21394754810676675, 0.5338221601489737, 0.18547703289881903, 0.8168525760397233, 0.8243888888888843, 0.3303417132216002, 1.6031412166356207, 0.3001964618249528, 0.45427219118559753, 0.5748531967721899, 1.4473907510862762, 1.068063004345123, 0.4090543140906278, 1.1919934823091203, 0.1544944134078232, 0.016328677839854745, 0.8536967721911833, 1.9799568590937202, 0.15868125387957657, 1.068900372439477, 0.4626458721291071, 1.875285847299807, 0.6284447548106749, 1.0337309124767164, 0.3336911855990051, 1.1919934823091232, 0.6142094972067038, 0.2800996275605202, 1.0086098696461794, 0.4559469273743028, 1.5863938547485987, 1.3175986964618174, 0.5154000620732408, 0.3278296089385437, 0.1628680943513356, 1.0529903786468005, 0.13858441961514406, 1.6023038485412724, 1.2104155803848504, 0.22902017380508904, 0.15365704531346916, 0.5162374301675948, 0.41491589075108093, 1.1894813780260693, 0.8076415270018568, 0.09504127870887683, 0.9382709497206697, 0.3713727498448165, 0.4366874612042187, 0.2993590937306015, 0.6627768466790784, 0.027214463066418067, 0.36886064556175996, 1.3544428926132774, 0.5338221601489737, 0.15114494103041543, 0.7791710117939147, 0.2172970204841717, 0.18296492861576533, 0.8528594040968321, 0.7021331471135922, 0.16538019863438652, 0.06322129112352694, 0.7146936685288608, 0.6150468653010522, 0.14193389199255457, 1.0412672253258806, 0.19636281812538794, 1.3485813159528186, 1.0379177529484755, 1.5587607076350076, 0.66193947858473, 0.7800083798882631, 1.5386638733705724, 0.1117886405959016, 1.3946365611421423, 0.4969779639975163, 0.6301194909993773, 1.2916402855369291, 1.216277157045309, 0.520424270639351, 1.4808854748603286, 0.4994900682805701, 0.18631440099317026, 0.17124177529484796, 0.48358007448789647, 1.7480058969584047, 0.26251489757913865, 0.03140130353817706, 0.3889574798261925, 0.45929639975170494, 0.563130043451267, 0.7850325884543705, 1.039592489137178, 0.27842489137181775, 0.8017799503414009, 3.350728429546855, 1.2104155803848504, 1.1417513966480404, 0.7096694599627507, 0.7607489137181846, 0.1628680943513328, 1.4591139044071961, 1.1425887647423916, 1.5771828057107322, 1.3728649906890076, 0.23906859093730395, 0.6895726256983237, 0.8997520173805044, 1.861050589695833, 0.3052206703910602, 1.0236824953445016, 0.7800083798882659, 0.38644537554313874, 0.9164993792675319, 0.7197178770949683, 0.794243637492237, 0.607510552451891, 1.3192734326505227, 0.37053538175046524, 0.11932495344506555, 1.2916402855369291, 1.785687461204216, 0.44087430167597214, 0.7071573556796997, 1.5152175667287349, 1.2606576660459303, 1.0303814400993143, 1.1183050900062, 0.8570462445685856, 1.2464224084419537, 0.2147849162011124, 0.24995437616387006, 0.9114751707014245, 0.6259326505276211, 0.8168525760397204, 0.11681284916201462, 0.6183963376784573, 0.6133721291123497, 0.26753910614525445, 0.8913783364369919, 1.2514466170080611, 0.42747641216635507, 1.8493274363749157, 0.5648047796399722, 0.48441744258224495, 1.1735713842333901, 0.34960117939168145, 0.0707576039726881, 1.0789487895716918, 0.19050124146492647, 0.4241269397889501, 0.7808457479826172, 0.8310878336436971, 0.5597805710738648, 0.12769863438857795, 0.7213926132836735, 0.00041868404717283064, 1.2899655493482263, 0.41742799503413747, 0.7155310366232122, 0.6510536933581612, 0.2901480446927407, 0.6024863438857837, 0.9022641216635608, 0.8386241464928583, 0.8352746741154505, 0.6744999999999987, 0.6569152700186197, 0.7155310366232122, 1.5847191185598963, 0.08750496585971566, 0.37137274984481927, 0.6778494723774036, 0.057359714463065474, 0.3336911855990051, 1.2740555555555502, 1.847652700186213, 1.2991765983860901, 1.9548358162631831, 0.8143404717566668, 1.5168923029174373, 0.06154655493482167, 0.037262880198635724, 1.530290192427057, 0.41156641837367874, 0.6301194909993773, 0.9684162011173143, 1.0781114214773406, 0.5748531967721899, 0.9851635630043419, 0.8436483550589656, 1.0379177529484727, 95.13966945996242, 80.6925577281189, 80.43883519553043, 58.28123805089985, 41.39068621973914, 25.606297641216546, 8.421829608938518, 1.0588519553072593, 0.3755595903165699, 0.6351436995654848, 0.5455453134698938, 1.9958668528863965, 1.4524149596523834, 1.326809745499681, 1.1945055865921768, 1.41138392302917, 0.019678150217256912, 0.7573994413407796, 0.12016232153941678, 1.2104155803848504, 0.5405211049037836, 0.9516688392302979, 1.2614950341402815, 0.24325543140906572, 0.8938904407200456, 0.3152690875232723, 1.0923466790813117, 0.3094075108628164, 0.9072883302296683, 0.4726942892613276, 0.039774984481689445, 0.043961824953445645, 1.2137650527622525, 0.46934481688392266, 0.4232895716945989, 0.6317942271880799, 1.5671343885785174, 0.24409279950341414, 0.20306176288020064, 1.5093559900682845, 0.8495099317194271, 0.42747641216635507, 0.4760437616387325, 0.1586812538795738, 0.12351179391682174, 0.06908286778398283, 0.005442892613283056, 1.4850723153320875, 0.24325543140906292, 0.4609711359404103, 0.18129019242706285, 0.6384931719428869, 1.606490689013034, 1.266519242706389, 1.233861887026688, 1.4348302296710076, 0.834437306021102, 1.5361517690875186, 0.3730474860335162, 0.02219025450031063, 0.44589851024208516, 0.45845903165735374, 0.6376558038485385, 0.3588122284295479, 0.8763057107386696, 0.01214183736809297, 2.1080741775294762, 1.622400682805705, 0.07913128491620049, 0.06322129112352415, 0.6334689633767795, 0.3378780260707585, 0.05484761018001454, 0.07578181253879274, 0.03977498448169224, 0.521261638733705, 0.4241269397889529, 0.7331157666045909, 2.103049968963369, 0.5287979515828662, 0.7666104903786405, 1.184457169459959, 1.3552802607076342, 2.2144199255120953, 0.4752063935443813, 0.46348324022346116, 1.2430729360645514, 0.8779804469273749, 0.7272541899441323, 0.4383621973929184, 0.9173367473618831, 1.5210791433891964, 0.47185692116698474, 0.07661918063314956, 0.4534348230912435, 0.06154655493481888, 0.39230695220359746, 1.5637849162011124, 0.876305710738678, 0.7825204841713169, 0.5773653010552436, 0.098390751086279, 0.1611933581626275, 0.1695670391061455, 0.7858699565487246, 0.5405211049037808, 0.19050124146492925, 0.4241269397889529, 0.10676443202979696, 0.1444459962756083, 1.3611418373680901, 0.0833181253879539, 1.133377715704528, 0.20641123525760283, 0.45929639975170494, 0.517074798261946, 0.41742799503414024, 0.6217458100558622, 0.22818280571074062, 0.6267700186219697, 1.035405648665419, 1.1417513966480433, 1.3695155183116, 0.028889199255120547, 0.24660490378646788, 0.1444459962756055, 0.23990595903166073, 0.45845903165735374, 0.14863283674735894, 2.1574788950962054, 1.1961803227808765, 0.3563001241464942, 0.2817743637492227, 1.0479661700806904, 0.06238392302917291, 0.676174736188701, 0.30438330229670624, 1.114955617628798, 1.1400766604593378, 0.8093162631905593, 0.7707973308504023, 0.4902790192427037, 0.026377094972069616, 0.7038078833022948, 0.47688112973308383, 0.5631300434512698, 0.1871517690875215, 0.4693448168839199, 0.0012560521415268591, 0.27507541899441, 0.25665332091868276, 0.4015180012414667, 1.613189633767841, 0.06992023587833684, 0.6142094972067038, 0.22064649286157945, 0.4810679702048428, 1.3083876474239649, 0.5555937306021058, 0.8411362507759119, 0.23823122284295267, 0.9081256983240195, 0.5639674115456238, 0.682036312849157, 0.9751151458721242, 2.139056797020475, 0.09085443823712062, 1.408034450651765, 1.292477653631283, 1.403847610180009, 0.5631300434512698, 1.0521530105524493, 0.41156641837367874, 0.23488175046555052, 1.295827126008685, 0.16203072625697876, 0.29600962135319936, 1.0605266914959617, 0.7858699565487246, 0.4525974549968923, 1.1827824332712567, 1.3033634388578461, 1.090671942892609, 0.7741468032278072, 0.10006548727498704, 0.021352886405956603, 1.0060977653631256, 0.2993590937306015, 0.6142094972067038, 0.7975931098696419, 0.6644515828677809, 0.373884854127873, 0.21813438857852294, 0.22985754189944033, 0.041449720670394714, 0.9098004345127192, 0.7339531346989394, 0.43752482929856995, 1.313411855990064, 0.39314432029795426, 0.20473649906890312, 1.6734801365611331, 0.33536592178770763, 0.06657076350093469, 0.2658643699565464, 0.13690968342643878, 1.2455850403476052, 1.193668218497823, 0.20892333954065376, 0.0833181253879539, 0.12267442582247051, 0.21897175667287416, 1.1517998137802608, 0.40737957790191975, 0.8511846679081296, 0.34708907510862774, 1.5110307262569815, 0.10760180012414541, 0.3194559279950341, 1.5118680943513298, 1.5185670391061372, 0.58657635009311, 0.19050124146492647, 0.5488947858472988, 1.4071970825574138, 1.3251350093109813, 0.24995437616387284, 0.7691225946616943, 1.0705751086281738, 0.7850325884543762, 0.8352746741154561, 0.05484761018001176, 0.7766589075108609, 0.15365704531346636, 1.1844571694599564, 0.9114751707014245, 0.3897948479205409, 0.15533178150217442, 0.10341495965238644, 0.24158069522036044, 0.14863283674735894, 0.6904099937926721, 0.7481883923029132, 0.7356278708876447, 0.989350403476098, 0.7197178770949683, 0.0020934202358780982, 2.131520484171317, 1.2891281812538724, 0.1092765363128479, 0.058197082557416714, 0.5748531967721899, 1.1651977032898777, 0.668638423339537, 0.2298575418994431, 1.3108997517070105, 1.2162771570453061, 1.4122212911235212, 0.370535381750468, 0.20306176288020064, 0.16538019863438652, 2.4790282433271145, 0.08080602110490018, 0.029726567349471787, 0.2549785847299803, 0.9081256983240167, 0.14695810055865924, 2.0176384233395344, 0.7716346989447507, 0.4291511483550604, 1.1250040347610128, 0.20473649906890035, 0.6912473618870206, 0.7758215394165097, 1.2430729360645514, 1.158498758535068, 1.7890369335816207, 0.32364276846679024, 0.8461604593420194, 0.014653941651152266, 0.3847706393544335, 0.8637451893233982, 1.2539587212911176, 0.9298972687771545, 0.47604376163872975, 0.005442892613280266, 1.5562486033519483, 0.10341495965238644, 1.1894813780260693, 0.34373960273122284, 0.809316263190562, 0.3671859093730575, 0.8026173184357521, 1.2112529484792016, 0.4994900682805701, 0.1561691495965201, 1.2146024208566037, 0.6058358162631858, 0.7858699565487246, 0.3621617008069501, 0.35211328367473244, 0.0707576039726881, 0.5095384854127849, 0.4927911235257573, 0.3981685288640561, 0.6954342023587796, 0.13272284295468537, 0.7331157666045909, 0.18798913718187277, 1.5495496585971384, 1.0663882681564205, 1.8702616387336968, 0.28009962756052303, 1.2179518932340114, 0.723067349472376, 2.691719739292357, 0.956693047796397, 1.9062684667908054, 0.48692954686529866, 0.1377470515207956, 0.28847330850403263, 0.20473649906890312, 2.7427991930477886, 0.5480574177529476, 0.7046452513966432, 0.5430332091868373, 0.5338221601489764, 0.20138702669149258, 1.3335086902545048, 1.2899655493482263, 1.2372113594040899, 0.29852172563625307, 2.267174115456229, 1.036243016759773, 0.8863541278708844, 0.7607489137181846, 0.6033237119801349, 0.6443547486033484, 1.5587607076350023, 0.2533038485412778, 0.5706663563004337, 1.504331781502166, 0.9416204220980718, 0.6552405338299173, 2.026012104283044, 0.4659953445065149, 0.07913128491620328, 0.5530816263190522, 0.4752063935443813, 1.060526691495959, 0.4525974549968951, 0.6920847299813746, 1.4348302296710076, 1.0303814400993143, 0.0925291744258259, 2.2646620111731752, 0.46767008069521737, 0.9910251396648033, 0.3068954065797599, 0.7992678460583444, 76.04432743637464, 63.54577126008667, 60.160292054624236, 54.212466480446714, 47.353584419614975, 29.960611731843475, 29.661671322160032, 0.08415549348230514, 1.3184360645561715, 0.348763811297333, 0.2842864680322764, 0.9081256983240195, 1.5863938547485987, 1.0119593420235844, 1.1995297951582813, 1.2547960893854746, 2.2964819987585274, 1.5436880819366798, 0.49111638733705487, 0.7724720670391019, 1.452414959652381, 0.09169180633147465, 0.40068063314711266, 0.11513811297330658, 1.5034944134078148, 2.0092647423960193, 0.40151800124146386, 0.809316263190562, 0.29517225325884816, 0.5790400372439434, 0.09420391061452557, 0.4400369335816209, 2.3609593420235786, 0.09169180633147186, 1.3301592178770942, 2.1440810055865853, 1.8886837368094296, 1.2254882060831724, 0.15365704531346636, 0.22650806952203534, 0.4668327126008689, 0.8536967721911833, 1.5646222842954638, 0.7021331471135922, 0.07996865301055173, 1.388774984481684, 0.3253175046554927, 0.9240356921166959, 0.0950412787088796, 0.7180431409062658, 0.15951862197392783, 0.14277126008690583, 0.7054826194909972, 1.3519307883302238, 0.07661918063314956, 1.3335086902545048, 1.629936995654866, 0.9977240844196077, 0.4450611421477339, 1.3058755431409028, 1.3703528864059538, 0.6937594661700742, 0.9039388578522634, 0.030563935443823024, 1.799085350713833, 1.5755080695220296, 1.421432340161385, 1.1157929857231463, 0.21980912476722544, 0.9265477963997495, 0.7373026070763471, 1.0781114214773406, 0.9516688392302894, 0.9432951582867743, 1.4741865301055186, 2.0997004965859642, 0.5430332091868373, 0.2533038485412778, 1.0948587833643655, 0.9776272501551807, 0.4886042830540011, 0.058197082557413925, 0.005442892613283056, 1.3594671011793877, 1.2681939788950913, 0.19720018621973917, 1.1141182495344495, 0.20054965859714413, 1.0739245810055815, 0.6887352576039669, 0.6745000000000013, 0.6460294847920508, 0.18715176908751874, 1.2330245189323366, 0.041449720670391925, 0.47353165735567887, 1.1836198013656078, 0.12518653010552425, 0.6703131595282397, 0.5095384854127849, 0.12183705772811927, 1.3058755431409028, 0.1561691495965201, 0.7967557417752934, 0.30019646182495, 0.545545313469891, 1.4306433891992485, 1.1132808814400954, 1.1526371818746066, 0.013816573556801028, 0.7892194289261295, 2.9236707014276733, 0.420777467411548, 1.2824292364990653, 0.9926998758535029, 0.8813299193047771, 2.2320046554934767, 0.7883820608317783, 1.8066216635629941, 0.837786778398507, 0.05233550589695804, 0.5011648044692726, 2.164177839851015, 1.9355763500931074, 0.2867985723153301, 1.2941523898199827, 0.31359435133457264, 1.371190254500305, 0.3462517070142765, 0.9022641216635608, 1.158498758535068, 0.15198230912476948, 0.906450962135317, 0.5354968963376762, 0.03223867163252551, 0.823551520794536, 0.3077327746741167, 1.114955617628798, 1.4993075729360588, 1.7287464307883234, 0.4249643078833014, 1.6232380509000561, 0.748188392302916, 1.2472597765363078, 1.3963112973308451, 0.3763969584109267, 0.8210394165114794, 0.015491309745500717, 0.5430332091868401, 0.34373960273122284, 0.9089630664183707, 0.7992678460583472, 0.19720018621973637, 0.8855167597765304, 0.21980912476722544, 0.49362849162011413, 0.2625148975791414, 1.9004068901303497, 1.2045540037243945, 1.0127967101179327, 0.13690968342644158, 0.20892333954065653, 0.3939816883922999, 1.150962445685904, 0.6477042209807645, 1.4616260086902502, 0.8712815021725594, 0.5756905648665412, 0.3345285536933563, 0.8520220360024809, 0.5514068901303497, 0.9357588454376131, 4.910745189323381, 1.4189202358783313, 0.08750496585971287, 2.0352231533209104, 0.14193389199255457, 0.20473649906890312, 1.0312188081936657, 0.026377094972069616, 1.166872439478583, 1.6826911855990023, 0.6309568590937286, 2.156641527001854, 0.563967411545621, 0.6560779019242658, 0.16203072625698153, 289.7406651148344, 288.71572656734844, 275.79681160769604, 0.5036769087523262, 0.9600425201738019, 0.14947020484171294, 1.1543119180633117, 0.3186185599006856, 0.10341495965238644, 1.5395012414649236, 0.6627768466790784, 1.8560263811297257, 0.4098916821849735, 0.06238392302917291, 0.7791710117939147, 0.03642551210427891, 2.123984171322153, 0.906450962135317, 0.7992678460583444, 0.7180431409062658, 0.13858441961514684, 0.01297920546244421, 0.6418426443202947, 0.6376558038485385, 1.1802703289882113, 0.40905431409062504, 1.1157929857231437, 1.3376955307262528, 0.18296492861576533, 0.4693448168839199, 1.1702219118559853, 0.04898603351955308, 1.3159239602731176, 0.2767501551831125, 1.0881598386095528, 0.7289289261328348, 0.2323696461824968, 0.8026173184357521, 0.9617172563625043, 0.0967160148975793, 0.5807147734326459, 0.09504127870887683, 0.06824549968963438, 0.8160152079453721, 0.5890884543761638, 0.7465136561142136, 0.6627768466790784, 1.2003671632526327, 0.08415549348230793, 0.4567842954686513, 0.4467358783364364, 1.0663882681564205, 0.5396837368094324, 0.13021073867163166, 0.8176899441340745, 1.3653286778398463, 0.43919956548727246, 0.7239047175667273, 0.41240378646802717, 0.7724720670391076, 0.20892333954065376, 0.7959183736809395, 0.6359810676598333, 0.26753910614524606, 1.2464224084419537, 0.4023553693358151, 0.18045282433271162, 0.12853600248292918, 0.29852172563625307, 1.3142492240844152, 0.740652079453752, 0.4986527001862188, 0.14277126008690305, 0.6041610800744834, 0.5028395406579722, 0.5581058348851596, 2.116447858472989, 1.482560211049031, 0.2558159528243343, 0.2591654252017337, 1.4348302296710076, 0.5087011173184365, 1.377889199255115, 0.24576753569211943, 0.4902790192427037, 0.05233550589695804, 0.7088320918684022, 0.3303417132216002, 0.5539189944134062, 0.875468342644321, 0.16370546244568404, 0.34625170701427926, 1.7622411545623813, 0.2767501551831125, 1.206228739913094, 0.6426800124146459, 1.3259723774053325, 1.660082247051516, 1.4239444444444387, 1.2949897579143368, 0.24241806331471166, 0.1544944134078232, 0.3052206703910602, 0.07159497206703933, 0.1871517690875215, 0.326154872749844, 0.29600962135319936, 0.5380090006207271, 0.46767008069521737, 1.3184360645561715, 0.8361120422098045, 0.8294130974549947, 0.07996865301055173, 0.8989146492861531, 1.698601179391673, 0.1955254500310395, 1.2346992551210392, 1.3611418373680901, 0.9993988206083129, 1.837604283054001, 1.9071058348851542, 0.416590626939789, 2.301506207324635, 0.44589851024208516, 0.012979205462446998, 0.38393327126008786, 0.2625148975791414, 0.1159754810676606, 1.424781812538787, 0.7481883923029132, 0.12351179391681896, 0.013816573556801028, 0.8855167597765332, 0.32280540037243627, 1.6818538175046482, 0.348763811297333, 0.21813438857852574, 1.8962200496585908, 0.8419736188702603, 0.016328677839851955, 1.3309965859714428, 3.9527960893854632, 3.0894695841092403, 0.16370546244568404, 1.8937079453755368, 1.0739245810055815, 1.3000139664804413, 1.9481368715083702, 1.6500338299192985, 0.29098541278708634, 0.03977498448169224, 1.569646492861571, 1.0270319677219093, 0.150307572936067, 0.15365704531346916, 0.6091852886405963, 1.0060977653631227, 0.08248075729360543, 0.8068041589075085, 0.01130446927374731, 1.1057445685909344, 0.8830046554934795, 1.2824292364990681, 0.8880288640595897, 1.1250040347610128, 0.6384931719428897, 0.4358500931098675, 1.5395012414649236, 0.3336911855990051, 0.6100226567349448, 0.5011648044692698, 0.013816573556792661, 0.014653941651152266, 0.6368184357541901, 1.2740555555555473, 0.11681284916201462, 1.0889972067039095, 0.018840782122905672, 0.18631440099316748, 0.31359435133457264, 0.6100226567349448, 0.6116973929236473, 2.1574788950962054, 0.47771849782743503, 0.23320701427684526, 0.3370406579764073, 0.6619394785847272, 0.01214183736809576, 0.08415549348230793, 2.0578320918683968, 1.0379177529484755, 1.2531213531967664, 0.3588122284295479, 0.8796551831160745, 2.0712299813780164, 0.7004584109248898, 0.6669636871508346, 0.18212756052141407, 0.2775875232774665, 0.6066731843575398, 0.7205552451893223, 0.045636561142148126, 0.9365962135319644, 1.6391480446927293, 0.9391083178150181, 0.44841061452514164, 0.7808457479826172, 0.8880288640595897, 0.5648047796399722, 2.0394099937926695, 0.33536592178770763, 0.34960117939168145, 0.40654220980757133, 0.058197082557416714, 0.17710335195530386, 1.2229761018001188, 0.43752482929856995, 0.7841952203600221, 0.4450611421477339, 0.33955276225946385, 0.7632610180012382, 1.57383333333333, 2.674972377405327, 1.3226229050279275, 0.4919537554314061, 0.62509528243327, 0.1586812538795738, 0.2926601489757944, 1.4432039106145171, 0.7733094351334533, 0.47688112973308383, 0.33871539416511254, 0.9793019863438917, 1.0747619490999327, 0.373884854127873, 0.1762659838609554, 0.18129019242706004, 0.028889199255123336, 0.19468808193668546, 0.046473929236496576, 0.2817743637492227, 0.887191495965233, 0.5865763500931073, 0.40570484171322285, 0.5723410924891362, 0.5522442582247037, 0.2541412166356262, 0.6962715704531308, 0.23236964618249403, 0.2918227808814376, 0.45929639975170494, 0.07996865301055173, 0.2985217256362503, 0.021352886405956603, 0.23069490999379155, 0.7197178770949683, 0.7146936685288608, 1.8811474239602657, 1.2472597765363105, 1.1911561142147662, 1.1049072004965914, 0.8972399130974533, 1.0538277467411545, 0.9659040968342606, 0.2625148975791414, 0.8729562383612618, 0.5254484792054612, 1.8082963997516992, 0.7297662942271831, 0.10508969584109448, 0.45510955927994595, 0.2817743637492227, 0.7557247051520772, 1.3971486654251934, 0.656915270018617, 1.9037563625077518, 0.2767501551831125, 0.6904099937926721, 1.2539587212911176, 0.8151778398510207, 0.3973311607697077, 0.47436902545003007, 0.3763969584109239, 1.4180828677839772, 0.4057048417132173, 0.13021073867163166, 0.9633919925512097, 0.3161064556176263, 1.1258414028553667, 1.1601734947237705, 0.5514068901303525, 0.6200710738671624, 0.4249643078833014, 0.018003414028554435, 0.4927911235257601, 1.0136340782122895, 1.4666502172563576, 1.6081654252017308, 0.3998432650527614, 1.9590226567349394, 0.996049348230908, 0.1503075729360642, 0.6962715704531308, 2.737774984481681, 0.043961824953442856, 0.017166045934203195, 0.5622926753569186, 0.6058358162631886, 1.232187150837988, 0.6083479205462395, 0.47771849782743225, 0.8905409683426407, 2.477353507138412, 0.6636142147734297, 0.6376558038485385, 0.06405865921788097, 0.4902790192427037, 0.588251086281807, 0.54973215394165, 0.777496275605215, 0.3370406579764073, 0.790894165114832, 0.7858699565487246, 0.887191495965233, 1.6676185599006774, 0.7565620732464257, 0.8210394165114794, 1.328484481688389, 0.16203072625698153, 0.9851635630043419, 0.03223867163252551, 0.20306176288019784, 0.3253175046554899, 0.8252262569832413, 0.919848851644934, 1.1291908752327746, 0.5982995034140274, 1.2271629422718806, 0.9876756672873928, 0.08415549348230793, 0.7724720670391019, 0.5698289882060797, 0.081643389199257, 2.546017690875225, 0.762423649906887, 1.4557644320297942, 0.4182653631284859, 0.022190254500313422, 1.2288376784605777, 0.057359714463065474, 1.0412672253258806, 1.7320959031657284, 0.44254903786467736, 0.6158842333954007, 0.7063199875853456, 1.7915490378646748, 1.0052603972687744, 0.026377094972069616, 1.1819450651769081, 0.9876756672873955, 0.8704441340782081, 1.0136340782122895, 0.7724720670391076, 0.35295065176908647, 2.0352231533209073, 1.1819450651769081, 0.39146958410924904, 0.2424180633147145, 0.15114494103041543, 0.6502163252638098, 0.8419736188702603, 0.23571911855989897, 0.19217597765363453, 0.1352349472377391, 1.49847020484171, 0.6937594661700771, 1.3402076350093035, 0.5220990068280646, 0.6058358162631886, 1.4448786468032195, 1.238048727498444, 1.569646492861571, 0.2625148975791414, 0.4400369335816237, 0.5857389819987533, 0.606673184357537, 1.097370887647419, 0.042287088764745955, 0.04898603351955029, 0.11932495344506555, 0.058197082557416714, 0.751537864680321, 1.450740223463681, 1.5688091247672171, 72.37832991930452, 59.83706797020462, 46.97341930477947, 30.763647734326415, 12.447058038485366, 0.7682852265673458, 0.7808457479826172, 2.0796036623215346, 0.2993590937306015, 0.1444459962756055, 0.17542861576660698, 0.5957873991309737, 0.38225853507138263, 0.8168525760397233, 0.44841061452514164, 0.4366874612042187, 0.6259326505276211, 0.993537243947857, 0.1159754810676606, 2.631429236499057, 1.562947548106761, 0.3521132836747352, 0.4902790192427008, 0.1143007448789609, 0.3244801365611415, 0.3194559279950341, 0.2533038485412778, 0.30438330229670624, 0.7892194289261295, 0.2859612042209789, 2.2303299193047743, 0.20473649906890312, 0.3102448789571676, 0.2960096213531966, 0.19636281812538794, 0.686223153320916, 0.4249643078833014, 0.48944165114835236, 0.6887352576039669, 0.330341713221603, 1.6173764742395973, 0.09169180633147465, 0.007117628801985534, 1.1802703289882113, 0.7381399751706984, 0.5765279329608924, 0.4525974549968923, 1.0956961514587167, 0.08080602110490018, 0.956693047796397, 0.10676443202979417, 0.2600027932960905, 0.15533178150217442, 0.8595583488516421, 1.47334916201117, 0.7130189323401585, 0.3261548727498468, 0.057359714463065474, 1.944787399130968, 0.6895726256983209, 1.1802703289882028, 1.2112529484792016, 2.3701703910614422, 0.2591654252017337, 0.20054965859714413, 0.7791710117939147, 0.28847330850403263, 0.004605524518931816, 0.9926998758535029, 0.967578833022963, 0.08080602110490297, 0.1762659838609554, 1.2623324022346298, 1.5939301675977597, 0.8578836126629368, 0.4107290502793303, 0.4827427063935397, 1.2531213531967693, 0.8084788950962108, 0.8503472998137812, 0.7724720670391019, 1.0789487895716947, 1.425619180633141, 1.8761232153941583, 0.09169180633147186, 0.5472200496586047, 1.5445254500310313, 1.6743175046554872, 0.013816573556801028, 0.21562228429546923, 0.41742799503414024, 0.4827427063935425, 0.16370546244568682, 0.41240378646802994, 1.0504782743637469, 0.5036769087523262, 0.5606179391682133, 0.5195869025449998, 0.6627768466790784, 1.6115148975791387, 1.2246508379888212, 1.645009621353191, 0.40570484171322285, 0.1896638733705808, 1.7630785226567296, 0.727254189944135, 0.5220990068280563, 0.6033237119801349, 0.12351179391682174, 0.1611933581626275, 1.537826505276221, 0.2985217256362503, 0.4835800744878937, 2.1800878336436944, 0.588251086281807, 0.17961545623836314, 0.46850744878956857, 0.06740813159528314, 1.6826911855990023, 1.9347389819987477, 2.3894298572315265, 1.2707060831781452, 1.4180828677839772, 0.11932495344506555, 0.5522442582247037, 1.6759922408441867, 0.48023060211048596, 0.49530322780881386, 1.6023038485412724, 0.34039013035381227, 0.46432060831781247, 1.2045540037243945, 1.159336126629419, 0.08666759776535884, 0.34708907510862774, 0.15784388578522535, 0.0925291744258259, 1.2975018621973877, 0.3370406579764073, 0.2742380509000616, 0.8143404717566668, 2.7486607697082475, 2.630591868404706, 0.08080602110490297, 0.49781533209186757, 1.7019506517690808, 0.33201644941030267, 0.880492551210423, 1.5554112352575946, 0.7615862818125331, 1.346069211669765, 0.3755595903165699, 0.9993988206083158, 0.5388463687150811, 0.1611933581626303, 0.6058358162631886, 0.12769863438858073, 0.5463826815642451, 0.5807147734326459, 1.0228451272501504, 0.7038078833022948, 0.6334689633767823, 0.37890906269397767, 0.5790400372439434, 0.10341495965238921, 2.0553199875853427, 0.6493789571694586, 0.49362849162011413, 0.9483193668528818, 14.58150931098691, 1.0287067039106148, 15.981487417615341, 0.24045985620132407, 1.051153085680051, 1.70019263031756, 0.238843319352912, 0.7149134212102998, 0.13619322947873366, 0.20812911923306968, 0.05859946075493934, 1.3316222288795732, 0.5977144997004238, 0.2978469143199544, 0.5960979628520118, 0.4077714200119896, 0.35119263031755993, 0.7221878370281566, 0.04809197124026643, 1.1263220491312191, 0.6502519472738206, 1.6921099460754971, 1.1085401437986866, 1.117431096464953, 0.6542932893948508, 0.21621180347513264, 0.5185041941282228, 1.8699289994008437, 1.2613028759736413, 0.3212866986219263, 0.24450119832235148, 0.3786737567405674, 1.8165832834032405, 1.4197234871180378, 1.4649865188735751, 0.4069631515877809, 0.46919982025165, 0.2048960455362429, 0.4368690832834091, 1.1206641701617797, 0.2719823247453563, 1.3041411024565657, 1.3324304973037793, 0.4522261833433236, 0.0893136608747709, 0.4562675254643456, 1.195833133612948, 0.45545925704013956, 1.5247983822648343, 0.6106467944877174, 1.1602693229478773, 0.6429775314559665, 0.09982115038945456, 0.6890488316357125, 0.2614748352306726, 0.8143304373876513, 0.41262103055721766, 0.19762162971839678, 0.6478271420011946, 0.5969062312762097, 0.5944814260035916, 0.34391821449970306, 0.06749041342121097, 0.5160793888556048, 1.177242959856204, 0.9590104853205537, 0.6607594367884935, 0.4586923307369744, 0.9137474535650136, 1.7090835829838262, 0.08284751348112271, 0.1620578190533291, 1.2330134811264277, 1.2968666866387086, 1.2952501497902968, 0.5912483523067729, 0.7294622528460188, 2.0598720790892884, 1.0778259436788524, 0.6041806470940639, 1.88286129418814, 0.3293693828639866, 1.4245730976632847, 0.7844245056920338, 1.4423550029958092, 1.103690533253448, 0.8410032953864555, 0.5306282204913078, 0.6979397843019813, 1.577335829838231, 0.5904400838825669, 0.6437857998801806, 0.40211354104253666, 0.8547438585979605, 0.6510602156980266, 1.1513783702816005, 1.3275808867585512, 0.6373196524865135, 0.25096734571600504, 0.8410032953864636, 0.8539355901737626, 0.2647079089274994, 1.3760769922109177, 0.6534850209706448, 1.050344817255845, 0.5249703415218628, 1.0996491911324124, 1.9386318154583715, 0.7456276213301313, 1.185325644098267, 1.8472974835230642, 1.2443292390653147, 1.454479029358902, 0.5904400838825669, 0.5104215098861572, 0.8321123427201892, 1.6128996405032987, 0.7933154583582948, 0.7609847213900485, 0.9137474535650136, 0.5185041941282147, 0.661567705212705, 0.09335500299581177, 1.1295551228280434, 0.862018274415812, 0.9856833433193659, 0.7787666267225944, 0.6348948472139034, 0.021419113241462295, 1.4350805871779468, 1.4067911923307415, 0.9654766327141965, 1.4569038346315202, 0.7634095266626746, 0.6146881366087503, 0.8789919113241492, 0.03839275014979416, 0.1766066506890375, 0.8345371479928073, 0.13780976632714573, 0.7545185739964029, 0.8418115638106615, 0.13861803475135442, 0.47728250449371296, 0.9266797483523127, 0.6559098262432574, 0.9573939484721415, 1.187750449370885, 0.12406920311563527, 1.2782765128819702, 0.8256461953265464, 1.1982579388855579, 0.3269445775913765, 0.6753082684241993, 1.2257390653085651, 0.0028289394847210796, 0.02869352905931919, 0.8135221689634642, 0.3802902935889795, 1.6581626722588385, 0.9703262432594326, 1.2475623127621362, 0.45626752546435634, 1.4868097663271482, 0.0691069502696284, 0.21297872977830584, 1.2386713600958699, 1.2233142600359472, 0.16771569802277395, 0.7294622528460163, 0.676116536848408, 0.8175635110844781, 0.5637672258837655, 0.7383532055122771, 0.7326953265428431, 0.2154035350509293, 0.19923816656680343, 0.4142375674056351, 0.1224526662672232, 1.3106072498502137, 0.4142375674056351, 0.9339541641701642, 1.287167465548231, 0.05213331336129116, 0.4425269622528432, 0.7351201318154611, 0.2630913720790954, 0.5734664469742297, 0.6292369682444613, 1.4609451767525503, 0.3140122828040802, 0.5855904733373308, 0.4530344517675215, 1.4294227082085127, 1.575719292989819, 0.5120380467345692, 0.3633166566806476, 0.5581093469143179, 0.862018274415812, 0.27844847213900176, 0.19923816656680615, 1.5191405032953893, 0.2194448771719567, 0.6179212103055771, 0.6090302576393027, 0.06102426602755741, 0.13861803475135442, 0.6470188735769966, 0.6332783103654861, 0.49829748352307224, 0.7803831635710038, 0.32371150389454173, 0.6445940683043785, 0.022227381665665624, 1.2952501497902968, 0.1911554823247459, 1.1238972438586012, 1.1465287597363722, 0.05213331336129116, 1.1829008388256488, 0.6599511683642875, 0.02465218693828369, 0.8434281006590736, 0.2574334931096505, 0.6009475733972478, 1.0277133013780737, 0.14589245056920325, 0.139426303175547, 1.370419113241465, 0.3810985620131855, 0.8248379269023323, 0.6421692630317497, 0.8224131216297142, 0.7512855002995762, 0.014144697423610781, 0.6955149790293632, 0.46111713600959253, 0.9824502696225256, 1.0390290593169607, 0.4732411623726828, 0.4392938885560245, 1.3219230077890982, 0.7981650689035309, 0.4627336728580019, 0.9703262432594326, 0.6332783103654861, 0.3099709406830474, 1.6056252246854363, 0.02061084481725358, 0.8442363690832876, 0.6130715997603382, 0.31158747753144866, 0.0036372079089244105, 0.5977144997004238, 2.130999700419416, 0.5322447573397225, 1.6225988615937736, 0.05455811863391461, 1.059235769922114, 0.12083612941881655, 0.05617465548232935, 1.188558717795091, 0.1224526662672286, 1.5053999400838871, 1.1554197124026304, 0.283298082684246, 0.44091042540443387, 0.6421692630317604, 0.37463241461954, 0.8765671060515258, 1.001848711803473, 0.180647992810073, 1.2031075494307941, 0.7755335530257677, 0.7229961054523627, 0.07880617136009799, 0.7731087477531495, 0.8304958058717772, 1.4843849610545303, 0.9064730377471486, 0.4740494307968888, 0.2574334931096425, 0.48778999400838585, 1.0349877171959305, 0.5435605152786123, 2.366205811863387, 1.9507558418214486, 0.3916060515278584, 0.17903145596165826, 0.5241620730976677, 1.0366042540443425, 0.23722678250449727, 2.334683343319358, 0.2703657878969415, 0.3689745356500871, 1.0867168963451213, 0.3722076093469085, 1.3954754343918543, 1.3655695026962236, 1.17400988615938, 1.609666566806472, 0.6381279209107222, 0.12811054523667076, 0.6437857998801806, 0.27117405632114483, 0.8159469742360742, 1.77293678849611, 4.941349011384061, 0.8692926902336771, 0.5257786099460716, 0.40453834631516283, 0.6397444577591397, 0.3051213301378113, 1.9402483523067755, 1.2992914919113188, 0.1863058717795044, 0.0020206710605177487, 0.06749041342121367, 0.25500868783703246, 0.03354313960455802, 0.6914736369083332, 0.3592753145596121, 0.2121704613540971, 0.7173382264829178, 0.8612100059916141, 0.23641851408029393, 91.55216027561417, 92.81144248052729, 90.83037657279812, 86.6467792091073, 84.34078939484725, 84.05142929898146, 73.79126992210908, 68.73797573397243, 0.8013981426003577, 0.3520008987417579, 2.4882543439185127, 0.3980721989215065, 0.9460781905332599, 0.6963232474535612, 0.21055392450569585, 1.130363391252244, 1.3526372079089324, 0.046475434391848994, 1.903068004793293, 0.9945742959856159, 0.6276204313960494, 3.3579511683642904, 1.059235769922114, 0.3528091671659612, 0.14023457159975572, 0.6518684841222246, 1.0503448172558396, 0.6599511683642929, 1.1319799281006533, 0.42232025164768994, 0.5031470940682976, 0.7262291791491841, 0.356042240862788, 0.49425614140203944, 1.0131644697423652, 0.6138798681845389, 1.2807013181545803, 0.19600509286998202, 1.3518289394847345, 1.0713597962852015, 0.6526767525464413, 0.3746324146195265, 0.7221878370281647, 0.31724535650090163, 0.7019811264230007, 0.4158541042540472, 1.3259643499101204, 0.7811914319952045, 1.6791776512881897, 0.808672558418212, 1.0681267225883693, 1.4722609346914344, 0.22186968244457478, 0.7084472738166597, 0.9751758538046714, 0.7221878370281566, 0.13861803475134366, 0.7537103055721996, 0.4902147992810093, 1.2661524865188798, 0.8676761533852569, 0.6518684841222327, 0.7310787896944256, 1.18047603355302, 0.6365113840623156, 0.24369292989814548, 0.8151387058118682, 0.7197630317555386, 0.13861803475134366, 0.6793496105452429, 0.22429448771719823, 1.5393472139005426, 1.2394796285200678, 0.7933154583582948, 0.16124955062912577, 0.6591428999400841, 1.0147810065907665, 0.3358355302576455, 0.24611773517076355, 0.3899895146794517, 0.5096132414619593, 0.19681336129418808, 0.14185110844817045, 1.3970919712402663, 0.20812911923307775, 0.6534850209706448, 0.018186039544630127, 0.3342189934092307, 1.3760769922109177, 1.052769622528463, 1.8820530257639339, 1.0964161174355964, 0.30916267225883065, 0.13538496105451958, 0.3382603355302636, 0.31077920910725615, 0.10547902935890481, 0.4368690832834091, 0.2808732774116198, 0.1289188136608714, 1.1206641701617797, 0.7383532055122851, 0.33341072498501395, 0.8119056321150332, 0.5079967046135391, 0.5395191731575821, 1.6250236668663836, 0.9767923906530889, 0.48778999400839396, 1.3849679448771788, 0.44980137807070547, 0.09093019772319372, 0.9662849011383998, 3.206804973037743, 0.18388106650689437, 0.4045383463151548, 0.7763418214499682, 2.1213004793289354, 0.482132115038941, 0.7819997004194158, 1.329197423606955, 2.998271719592567, 1.3704191132414596, 0.0723400239664498, 0.5597258837627326, 0.27198232474535355, 2.0744209107249807, 1.0810590173756685, 0.5944814260035916, 1.1788594967046162, 0.057791192330733314, 0.004445476333135817, 0.14750898741761528, 0.38352336728579545, 0.6615677052126969, 0.19923816656680343, 0.9000068903535032, 0.273598861593771, 1.1626941282204957, 0.3140122828040802, 1.8028427201917303, 1.5943094667465496, 1.8513388256441023, 0.8862663271419955, 0.3835233672858062, 0.07799790293588657, 0.24126812462552738, 1.2451375074895128, 0.4392938885560191, 1.3025245656081537, 0.07395656081485645, 1.1764346914319928, 2.2587061114439755, 3.088797783103652, 1.9830865787896894, 2.3605479328939447, 2.884305871779507, 0.08123097663270797, 1.3550620131815507, 0.11841132414619848, 0.12487747153984666, 0.27198232474535355, 2.037240563211504, 0.01576123427201206, 1.2540284601557867, 2.574739065308568, 0.9622435590173724, 1.642805572198916, 0.27844847213900176, 1.2831261234272064, 0.7326953265428431, 0.1289188136608714, 0.4045383463151548, 0.6251956261234313, 1.2766599760335475, 0.1410428400239725, 0.5322447573397225, 0.5265868783702857, 0.48859826243259724, 0.6454023367285845, 0.808672558418212, 0.42070371479928326, 0.5007222887956904, 1.0018487118034782, 1.3000997603355275, 0.7908906530856847, 0.7132968843618958, 0.05132504493708514, 0.8022064110245691, 1.2750434391851435, 0.7755335530257677, 1.6832189934092334, 0.39645566207309185, 1.2532201917315702, 0.9315293588975407, 0.948502995805878, 0.5783160575194658, 0.4837486518873558, 0.6591428999400841, 1.4059829239065353, 0.0723400239664498, 0.856360395446378, 0.8369619532654253, 0.8401950269622467, 0.8870745955662123, 1.165118933493103, 0.40777142001197886, 0.752093768723793, 1.5935011983223515, 0.3269445775913765, 0.16529089275015585, 0.5144628520071927, 0.7771500898741798, 2.127766626722592, 0.6260038945476373, 0.5112297783103659, 0.4110044937088056, 1.0374125224685486, 0.28572288795685596, 0.2913807669263089, 1.1158145596165436, 0.7747252846015509, 1.0479200119832297, 0.6850074895146823, 0.8070560215698052, 0.8531273217495539, 1.0414538645895788, 0.16771569802276587, 1.7163579988016802, 0.7052142001198356, 0.2024712402636383, 0.9646683642899985, 0.5670002995805896, 1.8481057519472701, 1.170776812462553, 0.21297872977830584, 1.31141551827442, 0.46839155182743863, 0.13215188735770625, 0.41423756740563245, 0.32613630916717323, 0.7254209107249807, 0.5387109047333707, 0.033543139604549944, 0.33826033553025553, 0.27602366686638097, 0.7351201318154611, 0.3867564409826223, 0.23237717195925306, 0.05536638705811256, 1.4350805871779548, 0.8272627321749612, 0.1111369083283362, 0.11760305572199514, 0.8434281006590817, 1.2370548232474579, 1.1683520071899378, 0.2744071300179716, 0.9719427801078527, 0.5079967046135391, 0.28168154583582583, 0.8741423007789078, 0.8183717795086815, 1.056810964649485, 0.05132504493708514, 0.3002717195925644, 0.6090302576393108, 0.027885260635107784, 1.0907582384661434, 0.26874925104853487, 0.6987480527261875, 0.40130527261832794, 0.3366437986818462, 0.7238043738765768, 0.2800650089874246, 0.33260245656081067, 0.5136545835829867, 1.0115479328939532, 1.062468843618938, 0.5071884361893304, 0.5678085680047955, 1.303332834032349, 2.155247753145594, 0.018994307968844226, 0.05294158178549449, 0.9565856800479302, 0.6664173157579331, 0.08203924505692477, 1.4803436189334975, 0.18873067705212246, 0.3026965248651851, 0.7052142001198328, 1.183709107249847, 1.5029751348112688, 0.6801578789694409, 0.4433352306770546, 0.014144697423610781, 0.7052142001198356, 0.4603088675853811, 0.5071884361893304, 0.9234466746554832, 2.0679547633313327, 0.6825826842420644, 0.8426198322348756, 0.5839739364889187, 0.41747064110245385, 0.19762162971839678, 1.1206641701617717, 0.8013981426003577, 0.7011728579987975, 0.6672255841821497, 0.7367366686638732, 1.1998744757339754, 0.46677501497902657, 0.9299128220491287, 1.0729763331336108, 0.22186968244458016, 1.2944418813660907, 1.1974496704613573, 1.7567714200119815, 0.5508349310964691, 0.366549730377469, 0.1588247453565077, 1.0010404433792721, 0.10305422408627328, 0.25096734571599155, 0.46758328340322985, 0.5944814260035916, 1.4011333133612884, 0.0723400239664498, 2.1318079688436136, 0.12972708208507472, 1.9475227681246217, 0.19519682444577874, 0.3495760934691398, 0.6268121629718434, 0.6235790892750112, 0.042434092270826965, 0.20489604553625637, 0.22671929298982169, 0.7803831635710038, 0.6454023367285765, 0.20893738765728379, 0.6445940683043704, 1.0196306171360028, 0.2994634511683583, 0.9194053325344477, 0.7108720790892723, 0.39726393049729786, 1.0463034751348148, 0.08042270820851273, 0.9097061114439755, 0.6696503894547597, 2.044514979029358, 0.3867564409826303, 1.6201740563211473, 1.8683124625524206, 0.31724535650090163, 1.5215653085679992, 0.1757983822648234, 1.3178816656680628, 1.8254742360694987, 1.7866773517076042, 0.22348621929298682, 1.1214724385859831, 0.39726393049729786, 1.3712273816656657, 0.3099709406830393, 0.17175704014379867, 0.14831725584181862, 0.4150458358298411, 0.8531273217495512, 1.436697124026367, 0.3277528460155826, 1.060044038346312, 0.20489604553625637, 0.17418184541641135, 0.9177887956860439, 1.373652186938281, 0.731887058118637, 0.2978469143199463, 2.044514979029358, 0.0028289394847210796, 0.3810985620131855, 0.5653837627321721, 0.46677501497902657, 0.16933223487118332, 1.0325629119233017, 0.5249703415218737, 0.41423756740563245, 0.2420763930497334, 1.2402878969442819, 0.674499999999996, 0.469199820251642, 0.7448193529059279, 0.38271509886158944, 0.7787666267225863, 0.23722678250449727, 0.3495760934691479, 0.29461384062313023, 0.341493409227085, 0.2436929298981401, 0.3713993409227078, 0.30188825644097644, 1.3768852606351158, 0.019802576393047555, 0.40534661473936073, 0.0796144397843067, 0.45222618334331277, 0.48455692031156716, 0.27117405632115293, 0.5209289994008436, 0.3754406830437433, 0.011719892150984637, 0.36574146195326834, 0.40534661473936073, 0.3002717195925751, 0.8539355901737626, 1.1529949071300125, 1.4350805871779548, 0.30431306171359446, 1.3146485919712467, 0.07880617136008991, 0.8587852007189961, 0.5144628520071927, 0.08769712402636692, 0.8660596165368448, 0.2614748352306726, 0.538710904733376, 0.8886911324146135, 1.2693855602156958, 0.17014050329538663, 0.20327950868783087, 1.439121929298985, 0.2113621929298938, 0.9323376273217522, 0.6745000000000041, 0.11921959257039913, 0.8094808268424152, 1.5045916716596701, 0.19600509286998474, 0.5872070101857428, 0.7326953265428376, 0.5944814260035916, 0.04970850808867848, 0.3794820251647761, 0.13942630317556046, 0.8450446375074936, 0.4942561414020314, 1.0875251647693274, 0.31967016177351965, 0.42555332534452206, 1.205532354703412, 0.6308535050928681, 0.4740494307968888, 0.6437857998801617, 0.23803505092870597, 0.25420041941281835, 0.21782834032354734, 0.9759841222288774, 0.18711414020372116, 1.1982579388855579, 1.0398373277411666, 0.17499011384062277, 1.6678618933493055, 0.8119056321150332, 1.025288496105453, 0.3819068304373807, 0.581549131216298, 0.22106141402037144, 0.5419439784302001, 0.9048565008987393, 0.23076063511084102, 0.5273951467944917, 0.4457600359496727, 0.13134361893349752, 1.2499871180347542, 0.7205713001797447, 1.1796677651288139, 1.0220554224086262, 0.3374520671060576, 0.7035976632714263, 0.05617465548232935, 0.8789919113241492, 0.6664173157579438, 1.0212471539844281, 1.6791776512882006, 0.6243873576992144, 0.6777330736968175, 0.023843918514083053, 1.3930506291192364, 0.9097061114439755, 1.6775611144397886, 2.0445149790293633, 0.26389964050329606, 0.2525838825644144, 1.0511530856800455, 0.4279781306171402, 0.26066656680646383, 0.8498942480527298, 0.28653115638107274, 2.037240563211504, 0.6397444577591316, 1.53207279808268, 1.1214724385859831, 0.6947067106051465, 0.06344907130017548, 0.8070560215698052, 1.0762094068304378, 0.9598187537447623, 1.4172986818454198, 1.8044592570401503, 0.5791243259436826, 0.2194448771719567, 0.7844245056920285, 0.2768319352905978, 1.4019415817855052, 1.177242959856204, 0.929104553624928, 0.8507025164769358, 1.4423550029958092, 0.42878639904134624, 0.5847822049131194, 0.49748921509885813, 2.7776144397843017, 0.8991986219292999, 1.2645359496704651, 0.5726581785500343, 0.26066656680646383, 2.2506234272019157, 0.5071884361893412, 0.41908717795086314, 0.08042270820850465, 0.6809661473936522, 1.067318454164166, 0.25420041941282645, 2.1423154583582975, 0.5023388256440943, 0.38594817255841624, 0.273598861593771, 0.7617929898142626, 0.941228579988013, 0.8410032953864555, 1.6201740563211555, 0.5928648891551956, 0.6445940683043704, 1.3979002396644726, 2.078462252846019, 0.04485889754343696, 0.13215188735770625, 0.2267192929898082, 0.3673579988016804, 0.9234466746554859, 0.6551015578190514, 1.1626941282204957, 0.8046312162971845, 0.05617465548232935, 1.147337028160581, 1.7131249251048508, 0.7359284002396672, 1.0382207908927545, 0.9557774116237295, 1.6856437986818436, 1.3025245656081537, 0.31077920910725615, 0.346343019772313, 0.31320401437987416, 0.7617929898142626, 0.8329206111443952, 0.4166623726782451, 0.6365113840623156, 1.5053999400838871, 0.9557774116237242, 0.39483912522468784, 1.3251560814859142, 0.12083612941881655, 0.4958726782504623, 0.14427591372078852, 0.48698172558418523, 0.14589245056920055, 0.6276204313960494, 0.09497153984421575, 0.32856111443977787, 0.5128463151587807, 1.3227312762133043, 0.18388106650689437, 1.82466596764529, 0.5969062312762178, 1.0826755542240805, 0.8442363690832876, 0.2929973037747182, 0.16044128220491705, 1.7688954463750801, 0.6017558418214458, 0.4279781306171402, 0.7246126423007828, 0.09901288196525125, 0.2533921509886231, 0.31077920910725615, 0.7892741162372807, 1.079442480527259, 1.0422621330137767, 0.8927324745356463, 0.014144697423602704, 0.08123097663272144, 1.70423397243859, 0.5185041941282228, 1.4108325344517716, 0.6672255841821497, 1.0398373277411586, 0.4740494307968781, 0.28491461953264724, 0.6526767525464413, 0.018186039544643588, 0.6947067106051465, 0.021419113241462295, 0.356850509286994, 0.16609916117435383, 1.4690278609946106, 0.03273487118035469, 1.330813960455359, 0.15639994008387617, 0.2436929298981401, 85.657458657879, 83.34500269622532, 83.87765158777714, 76.84814110245658, 69.75316087477533, 67.02929628520074, 62.19746764529662, 1.5264149191132355, 0.5960979628520037, 3.3975563211503856, 1.047111743559021, 0.7537103055722023, 1.5522795086878416, 1.8214328939484767, 1.9240829838226523, 2.2562813061713736, 0.18873067705213054, 0.6688421210305537, 0.41908717795086314, 0.7674508687837074, 0.0836557819053395, 0.3350272618334395, 0.9986156381066541, 0.7052142001198356, 0.30835440383463536, 0.26874925104853215, 0.38837297783104235, 1.075401138406229, 1.0212471539844201, 0.13053535050928075, 0.9396120431395983, 0.43444427801078295, 0.25420041941281835, 0.25096734571599155, 1.0794424805272644, 0.6017558418214458, 0.4263615937687281, 1.043878669862186, 0.26794098262432886, 1.3485958657878943, 0.5516431995206751, 1.6807941881366153, 1.3033328340323678, 0.7472441581785542, 0.5742747153984464, 2.0267330736968283, 0.8013981426003577, 0.7108720790892777, 0.28653115638107274, 0.2978469143199544, 0.728653984421813, 0.15801647693229898, 0.09739634511683382, 0.13942630317556046, 0.33341072498501395, 0.7173382264829286, 0.02061084481725358, 0.3972639304973086, 0.16205781905332103, 0.04485889754343696, 0.12972708208508818, 1.1990662073097693, 0.795740263630921, 1.3582950868783745, 0.12326093469143193, 0.7504772318753675, 0.8005898741761489, 0.7682591372079054, 0.5670002995805896, 0.3883729778310343, 0.06021599760335138, 0.6631842420611169, 1.0891417016177394, 0.16771569802276587, 0.6793496105452429, 0.5532597363690791, 0.15559167165967283, 1.4399301977231882, 0.1685239664469719, 0.9937660275614099, 0.5435605152786068, 1.6525047932893993, 1.3502124026363118, 0.6219625524265965, 0.6833909526662676, 0.1434676452965825, 0.09658807669263317, 1.245137507489518, 0.4174706411024592, 0.02788526063511317, 1.3235395446375104, 0.3956473936488912, 0.6098385260635141, 1.0915665068903495, 0.43282774116236555, 1.3259643499101204, 1.1133897543439146, 0.07718963451168594, 0.026268723786693045, 0.23318544038345906, 2.625659976033553, 0.8458529059316997, 1.2952501497902915, 1.2208894547633293, 1.4803436189334866, 0.6955149790293552, 1.1263220491312138, 1.0463034751348148, 0.2630913720790954, 0.9557774116237295, 0.20408777711203957, 0.27602366686639174, 0.5031470940683084, 0.7634095266626746, 0.0642573397243788, 1.1626941282204957, 0.3552339724385793, 1.842447872977828, 0.044050629119239, 0.21378699820251185, 0.7617929898142626, 1.4027498502097113, 0.32451977231874773, 0.08042270820850465, 0.4764742360694961, 0.5831656680647074, 0.4627336728579992, 1.147337028160581, 2.249815158777709, 0.38594817255842434, 0.26874925104853215, 0.9420368484122271, 0.1636743559017438, 0.5944814260035997, 0.3229032354703384, 1.3817348711803439, 1.1998744757339754, 0.470008088675848, 0.2453094667465548, 1.2807013181545885, 0.05617465548232935, 0.9137474535650136, 1.2621111443978366, 0.2647079089274994, 2.499570101857397, 0.4514179149191095, 0.6009475733972398, 0.9388037747153949, 1.399516776512879, 0.6243873576992253, 0.1693322348711806, 1.2168481126423045, 0.45303445176752954, 1.7979931096464887, 1.3574868184541686, 0.05698292390653806, 1.4237648292390703, 0.5985227681246299, 1.3097989814259998, 1.0867168963451213, 0.42878639904133814, 0.8935407429598496, 0.28653115638107274, 1.0196306171360134, 0.8709092270820892, 0.9379955062911971, 0.1434676452965825, 0.46111713600959253, 1.31545686039545, 0.5330530257639339, 1.0220554224086316, 1.4569038346315202, 0.7844245056920285, 0.29865518274415503, 1.1942165967645277, 0.0319266027561379, 0.2445011983223488, 0.021419113241464987, 1.5571291192330805, 0.36008358298382886, 0.8013981426003577, 0.9371872378669991, 0.676116536848408, 0.04324236069503029, 0.41908717795086314, 0.2485425404433816, 1.145720491312161, 0.8507025164769358, 0.7844245056920338, 0.7060224685440363, 0.10547902935890481, 0.03677621330138211, 0.49506440982624816, 0.28329808268423784, 0.44333523067704655, 0.29865518274415503, 0.229952366686635, 0.08284751348113079, 0.5047636309167124, 0.4700080886758561, 1.6662453565009014, 0.2929973037747182, 0.354425704014384, 0.026268723786693045, 0.432019472738173, 0.8894994008388303, 0.17014050329538394, 0.5484101258238511, 0.9105143798681977, 0.0505167765128845, 0.024652186938286386, 0.8094808268424233, 1.557937387657273, 0.6163046734571569, 0.5540680047932932, 0.2784484721390098, 1.2055323547034202, 1.6290650089874217, 1.2087654284002443, 0.67530826842421, 0.2445011983223488, 0.5088049730377479, 0.3673579988016804, 0.8894994008388223, 0.3956473936488912, 0.7706839424805315, 0.41342929898142905, 0.08931366087477897, 0.3075461354104293, 0.3479595566207332, 0.49425614140203944, 1.3882010185740001, 1.2346300179748395, 0.03920101857400018, 0.8159469742360634, 0.663992510485323, 1.1602693229478773, 1.817391551827436, 0.23318544038345906, 0.672883463151592, 0.32613630916717323, 1.4350805871779468, 1.576527561414025, 0.9872998801677617, 0.8442363690832876, 0.7318870581186344, 1.0341794487717326, 0.4352525464349944, 0.7173382264829286, 1.0228636908328375, 1.331622228879565, 0.3956473936488885, 0.6696503894547678, 1.4973172558418348, 1.5627869982025144, 1.3671860395446382, 1.5175239664469773, 0.06668214499699687, 0.21055392450568777, 1.7802112043139589, 0.43282774116237627, 1.185325644098259, 0.5387109047333707, 1.4552872977831, 0.7132968843618958, 0.8224131216297224, 0.3123957459556655, 0.6462106051527906, 0.27117405632115293, 0.5079967046135391, 0.09173846614739703, 0.4231285200719121, 0.5686168364290124, 1.4666030557219922, 0.4966809466746602, 1.3186899340922713, 0.854743858597966, 4.387685140802876, 0.5912483523067649, 1.1069236069502828, 1.6678618933493137, 1.2912088076692665, 0.4457600359496727, 0.6599511683642875, 1.5344976033553035, 0.14912552426603004, 0.6017558418214539, 1.2022992810065853, 0.8482777112043097, 0.548410125823843, 1.0956078490113876, 0.48778999400839396, 0.2097456560814925, 0.09173846614739703, 1.2313969442780157, 0.8555521270221692, 1.4237648292390703, 0.5492183942480571, 0.06021599760335946, 0.1984298981426028, 0.8959655482324677, 0.033543139604549944, 0.2226779508687781, 1.0519613541042572, 0.061024266027565485, 0.7343118633912524, 0.15397513481127156, 0.42555332534451135, 0.8709092270820811, 0.2929973037747182, 0.5370943678849587, 1.5037834032354749, 0.7739170161773583, 0.4425269622528486, 0.7787666267225944, 1.494084182145, 0.17175704014380136, 0.9016234272019206, 0.8345371479928126, 0.0020206710605096727, 0.49344787297782533, 0.33260245656081067, 0.7723004793289435, 0.1410428400239725, 0.665609047333735, 0.4069631515877809, 0.6122633313361269, 1.5029751348112688, 0.9210218693828679, 0.9064730377471567, 0.3835233672858062, 0.5645754943079715, 0.006870281605745808, 1.9871279209107384, 1.3146485919712467, 0.4894065308568033, 0.7989733373277342, 1.1707768124625557, 1.578952366686643, 0.40777142001197886, 0.38918124625524575, 1.2346300179748395, 28.099047633313365, 24.50144487717197, 0.5007222887956904, 0.2016629718394296, 0.3099709406830474, 1.6622040143798715, 1.3405131815458393, 1.1812843019772368, 1.4140656081485983, 0.7375449370880738, 1.2370548232474496, 0.5096132414619512, 0.18711414020372116, 0.7561351108448204, 0.31967016177351965, 1.4690278609946106, 0.020610844817261657, 0.5872070101857374, 1.2160398442180984, 0.14104284002396442, 1.3494041342120975, 0.9169805272618297, 0.05617465548232935, 0.47162462552427886, 0.352000898741766, 0.238843319352912, 1.2807013181545885, 0.06668214499699687, 0.3358355302576455, 0.665609047333735, 1.964496405032959, 47.57589185140805, 46.94625074895147, 45.94238136608749, 44.55215967645298, 40.55123097663272, 0.20651258238466572, 134.9456671659677, 1.2370548232474496, 0.9428451168364332, 0.6841992210904763, 0.10224595566206995, 0.8013981426003577, 0.1264940083882533, 0.6736917315757981, 0.8418115638106696, 0.9541608747753121, 0.9145557219892196, 0.27198232474535355, 0.9008151587777146, 40.0711195326543, 36.674775614140195, 30.626502995805883, 0.8814167165967673, 1.2419044337926886, 0.3317941881366127, 1.1279385859796258, 1.1295551228280434, 0.23076063511084102, 0.32775284601557453, 0.2574334931096505, 0.67126692630318, 1.3437462552426636, 89.82084931096465, 72.14967675254644, 71.44325014979032, 70.0530284601558, 52.806196824445806, 45.48975104853207, 35.6418085680048, 17.716839724385864, 15.984720491312165, 1.578144098262437, 1.2887840023966486, 0.30592959856200924, 0.0650656081485956, 1.38011833433194, 1.1279385859796311, 0.9670931695626165, 0.24126812462552202, 1.6597792091072534, 0.54032744158178, 0.1685239664469719, 0.7108720790892777, 2.7816557819053314, 0.8935407429598604, 0.9525443379269055, 0.74401108448173, 1.19583313361294, 0.929104553624928, 0.3713993409227078, 1.1917917914919152, 1.072168064709413, 0.9590104853205537, 1.782636009586585, 0.7375449370880791, 0.9056647693229508, 0.3802902935889714, 0.868484421809471, 0.22106141402037144, 0.037584481725577365, 0.48778999400839396, 0.3212866986219263, 0.14104284002396442, 0.4748576992210949, 0.5031470940683084, 0.2655161773517054, 1.305757639304967, 0.3810985620131855, 0.42797813061712936, 0.031118334331929183, 1.372843918514083, 0.08931366087477897, 0.6809661473936522, 0.37786548831636135, 0.0020206710605096727, 0.44091042540443387, 0.46758328340323796, 0.9299128220491287, 1.979853505092868, 0.672883463151592, 0.5863987417615341, 0.6041806470940747, 2.270830137807074, 41.44840892750151, 0.43606081485920045, 0.10952037147992416, 0.006870281605745808, 0.42797813061712936, 1.2887840023966486, 0.4829403834631578, 0.6938984421809432, 0.8434281006590817, 0.7044059316956242, 1.2265473337327688, 0.008486818454157854, 0.7060224685440363, 0.2582417615338458, 0.36008358298381543, 0.2873394248052707, 0.017377771120426797, 0.8151387058118601, 0.23318544038346714, 0.8458529059316916, 1.367994307968847, 0.3220949670461297, 1.3833514080287639, 1.5207570401438013, 0.2420763930497334, 0.6801578789694409, 0.5176959257040087, 0.07961443978429593, 1.426997902935884, 1.730906830437389, 2.006526363091669, 1.2556449970041907, 0.03354313960455802, 0.5031470940682976, 0.24692600359496955, 1.9838948472138982, 0.4991057519472702, 1.6775611144397806, 1.5393472139005397, 0.34149340922708227, 0.6793496105452429, 1.9030680047932904, 2.0194586578789657, 1.6371476932294766, 1.5579373876572837, 1.9547971839424787, 0.8288792690233705, 0.4271698621929261, 0.5766995206710565, 1.4851932294787336, 0.05859946075493934, 0.5678085680047955, 0.1434676452965825, 0.36735799880167497, 0.7035976632714263, 1.1804760335530309, 0.7084472738166543, 0.7795748951467978, 0.6559098262432574, 0.9889164170161818, 0.217020071899344, 0.8377702216896475, 0.2372267825044892, 0.7488606950269663, 0.9986156381066541, 1.006698322348709, 1.0632771120431441, 0.7803831635710038, 0.29299730377471556, 1.2322052127022136, 0.17418184541641943, 1.4269979029358946, 0.990532953864594, 1.0737846015578223, 1.6201740563211473, 0.8636348112642349, 0.6462106051527906, 0.30431306171359446, 1.114198022768118, 0.661567705212705, 2.414701917315754, 0.29299730377471556, 1.0357959856201366, 2.6240434391851406, 0.8991986219293027, 0.7537103055721996, 1.6937264829239198, 0.5977144997004238, 0.6494436788496146, 0.18953894547633923, 0.18468933493110043, 0.035967944877168014, 0.7868493109646519, 0.15235859796285411, 0.5678085680047955, 0.7326953265428431, 1.7228241461953204, 0.3511926303175518, 0.1329601557819096, 0.6445940683043704, 1.3930506291192364, 0.005253744757336455, 1.837598262432589, 0.6486354104253979, 0.8167552426602801, 0.4578840623127657, 1.5959260035949643, 0.26147483523068066, 0.33987687237866754, 0.016569502696220772, 1.1133897543439228, 0.3932225883762731, 0.08850539245056219, 0.7343118633912524, 0.3843316357100123, 1.185325644098267, 1.3510206710605122, 0.49263960455362205, 1.923274715398449, 0.35846704613540603, 0.6340865787896921, 0.09254673457160575, 0.5354778310365492, 1.5878433193529067, 0.2267192929898082, 0.6551015578190594, 0.6890488316357125, 0.8498942480527298, 0.3867564409826303, 0.30107998801678115, 1.3405131815458369, 0.26874925104853487, 1.6468469143199571, 0.812713900539242, 0.8903076692630364, 1.0172058118633953, 0.11275344517674556, 0.1434676452965906, 0.9420368484122164, 0.18307279808269109, 0.534669562612346, 0.13053535050929152, 0.34876782504494186, 1.0301381066506918, 0.2194448771719621, 0.8587852007189907, 0.12326093469143462, 2.0154173157579436, 0.1434676452965825, 0.6260038945476293, 1.31545686039545, 0.1757983822648234, 0.08123097663270797, 0.5152711204313933, 1.6557378669862233, 1.5506629718394296, 2.6725395446375075, 0.19519682444577874, 0.744819352905936, 0.3786737567405593, 1.3356635710005953, 0.9654766327141965, 0.20085470341521278, 1.0931830437387615, 0.8878828639904183, 0.6615677052126969, 0.8030146794487778, 0.2954221090473282, 0.43848562013181847, 1.3558702816057566, 0.14427591372079387, 0.4853651887357678, 0.11032863990412749, 1.4496294188136551, 1.119047633313365, 2.7606408028759697, 0.9961908328340361, 0.34068514080287354, 0.18064799281005955, 1.0002321749550662, 3.664284901138405, 1.0083148591971183, 1.2419044337926965, 1.644422109047339, 0.4231285200718933, 0.2606665668064773, 1.2031075494307992, 1.0883334331935335, 1.7276737567405567, 0.42878639904134624, 0.6648007789095237, 1.0931830437387695, 0.14912552426603004, 0.4215119832234893, 1.2410961653684853, 0.6995563211503935, 0.15478340323546413, 1.2338217495506336, 1.3938588975434423, 1.0737846015578223, 0.22186968244458016, 0.41989544637507187, 1.7438391252246905, 1.2362465548232517, 1.4900428400239645, 0.9533526063511115, 0.20570431396045968, 0.7480524266027494, 0.5556845416417079, 0.8692926902336663, 1.464986518873583, 0.48698172558418523, 0.9889164170161737, 1.0907582384661434, 0.13538496105451958, 0.48778999400839396, 0.09254673457160575, 0.06183253445176074, 1.5902681246255272, 1.1141980227681287, 0.4473765727980767, 1.6500799880167811, 0.9840668064709458, 1.3203064709406809, 0.31158747753144866, 0.9064730377471486, 0.46839155182743863, 1.7357564409826276, 1.4803436189334866, 1.1400626123427162, 0.0076785500299626, 0.2905724985021002, 1.4245730976632658, 0.7682591372079054, 0.4958726782504623, 1.2249307968843592, 0.741586279209112, 0.10547902935890481, 0.8636348112642349, 0.2048960455362429, 0.9428451168364251, 0.44091042540443653, 0.15882474535649424, 0.09173846614738895, 0.936378969442777, 0.1725653085680047, 0.38271509886158944, 0.4627336728579992, 0.8911159376872316, 0.7254209107249807, 1.5045916716596701, 0.6219625524265965, 0.30916267225883065, 1.0010404433792695, 1.252411923307364, 0.9679014379868145, 0.4837486518873558, 0.49102306770521, 1.1489535650089906, 0.2727905931695569, 0.9024316956261214, 0.8337288795686066, 0.11436998202517105, 0.8806084481725613, 1.3526372079089324, 0.19034721390054526, 0.9226384062312691, 1.3655695026962316, 0.1539751348112581, 2.569889454763327, 0.6866240263630944, 0.4885982624325919, 0.3382603355302636, 1.3348553025763972, 0.7076390053924537, 0.28976423007788876, 1.0228636908328375, 1.2693855602157014, 0.40049700419412465, 0.6066054523666927, 0.6809661473936522, 2.055022468544036, 0.28329808268423784, 1.0576192330737018, 1.4714526662672285, 0.4643502097064139, 1.130363391252244, 1.1982579388855634, 0.4093879568603989, 2.0631051527861044, 0.019802576393055632, 1.1643106650689077, 0.5459853205512329, 0.5241620730976677, 0.5678085680047955, 0.676116536848416, 1.2249307968843592, 0.538710904733376, 0.99538256440983, 0.5750829838226443, 0.2517756141402084, 0.07314829239065314, 0.9978073696824428, 1.5627869982025144, 0.6074137207908962, 0.6680338526063638, 0.21782834032354734, 0.5362860994607607, 1.7098918514080268, 1.5409637507489493, 1.105307070101852, 1.2790847813061845, 0.5904400838825669, 0.6567180946674662, 0.14185110844817853, 0.49748921509885813, 0.5249703415218737, 0.9759841222288828, 0.3932225883762731, 0.6938984421809432, 0.5807408627920893, 1.7939517675254613, 0.6567180946674662, 0.980025464349913, 0.9250632115038926, 0.024652186938286386, 0.9776006590772895, 0.6793496105452348, 90.93141012582387, 69.88652516476935, 47.54760245656083, 38.76091641701619, 32.882380167765135, 32.22768274415819, 14.823238765727982, 0.6179212103055662, 0.9444616536848452, 0.9388037747153949, 0.5451770521270269, 1.0172058118633953, 0.5322447573397225, 1.313840323547038, 0.6680338526063638, 1.2774682444577643, 0.9097061114439808, 0.3576587777112108, 0.7092555422408657, 0.02950179748352252, 0.6357031156381096, 0.5977144997004238, 0.7068307369682476, 0.05617465548232127, 0.7876575793888498, 0.5427522468544062, 1.56278699820252, 0.47081635710006475, 1.1691602756141384, 1.6217905931695675, 0.33260245656081067, 1.958030257639308, 1.3170733972438646, 0.08284751348112271, 0.07557309766326852, 0.17499011384062277, 1.188558717795091, 0.2889559616536827, 1.832748651887361, 0.7262291791491948, 0.4918313361294213, 0.8062477531455938, 1.1182393648891615, 0.29461384062313023, 1.5239901138406362, 0.4182789095266652, 0.21459526662672054, 1.0115479328939532, 0.6179212103055662, 0.4635419412822079, 0.0860805871779441, 0.6720751947273779, 0.5678085680047955, 1.1481452965847845, 0.7359284002396672, 0.13376842420610754, 0.028693529059311114, 1.6048169562612304, 0.6179212103055771, 0.30188825644097644, 0.09577980826842176, 0.8207965847813103, 1.1392543439185103, 1.0228636908328375, 0.1111369083283362, 0.7698756740563254, 0.5387109047333707, 1.3186899340922742, 0.6357031156381041, 1.4350805871779468, 0.2655161773517054, 1.259686339125229, 0.2606665668064773, 0.40211354104254476, 0.6082219892150994, 1.006698322348709, 0.09254673457159768, 291.22840832834044, 284.72427231875383, 280.4242843019773, 0.2954221090473363, 1.1570362492510535, 0.06668214499699687, 0.45626752546435634, 0.19842989814259474, 0.35604224086279607, 0.9743675853804707, 2.046939784301984, 0.8773753744757373, 1.2257390653085707, 0.25420041941282645, 0.9687097064110177, 0.011719892150984637, 1.5926929298981374, 0.2671327142001174, 0.8442363690832876, 0.847469442780101, 0.5791243259436826, 1.1820925704014322, 1.38254313960455, 0.25824176153385925, 0.06425733972439227, 0.5710416417016115, 1.5393472139005397, 1.469836129418811, 0.2735988615937629, 0.6243873576992144, 1.0228636908328348, 0.5346695626123406, 0.6470188735769966, 0.25096734571600504, 1.0034652486518902, 0.42959466746554414, 0.2089373876572757, 0.9299128220491342, 0.1224526662672286, 0.5847822049131275, 1.1845173756740501, 0.9000068903535113, 1.0083148591971292, 0.9751758538046795, 0.14750898741761528, 1.4496294188136551, 0.44091042540443387, 1.0034652486518902, 0.41100449370881104, 0.14670071899341197, 1.1562279808268368, 1.187750449370885, 0.5694251048531995, 0.2202531455961654, 0.8943490113840664, 0.537094367884964, 2.65475763930497, 0.28653115638106197, 1.1626941282204957, 0.6130715997603382, 0.17741491911323815, 0.3350272618334395, 0.16286608747752704, 0.25420041941281835, 1.2119985020970685, 0.5225455362492556, 0.25420041941282645, 1.5741027561413987, 2.194852905931694, 0.04647543439185708, 1.6557378669862233, 0.022227381665665624, 0.4821321150389491, 0.8458529059316916, 1.0770176752546465, 1.2645359496704651, 0.24611773517076355, 0.8644430796884301, 0.7480524266027494, 0.5023388256441024, 1.1255137807070077, 1.307374176153382, 0.7731087477531415, 0.28168154583582583, 1.692109946075489, 0.2598582983822686, 0.2024712402636383, 0.9032399640503327, 1.3106072498502137, 0.6696503894547597, 0.21702007189933864, 0.4352525464349944, 0.46030886758538375, 0.593673157579383, 0.8612100059916141, 0.7496689634511641, 1.1570362492510535, 1.3898175554224148, 0.273598861593771, 0.5621506890353508, 0.7052142001198356, 1.3760769922109177, 0.9986156381066541, 1.139254343918518, 0.018186039544643588, 1.3340470341521913, 0.547601857399637, 0.3786737567405674, 0.878183642899946, 1.6048169562612384, 1.0535778909526636, 0.9533526063511115, 0.8232213900539284, 1.0519613541042572, 0.9234466746554859, 0.5726581785500262, 0.7335035949670491, 1.8400230677052072, 1.0390290593169607, 1.3898175554224148, 0.03273487118034123, 0.6890488316357125, 1.0099313960455305, 0.06587387657279355, 0.19681336129418536, 0.8717174955062844, 0.825646195326541, 0.3988804673457099, 0.4295946674655522, 0.7221878370281647, 1.17400988615938, 0.6712669263031719, 0.39807219892151463, 1.5183322348711779, 0.7407780107848952, 0.04162582384661017, 0.8765671060515312, 1.114198022768118, 251.39128250449374, 0.875758837627328, 0.5322447573397279, 0.2291440982624263, 0.883033253445174, 0.25420041941281835, 0.7294622528460163, 0.755326842420609, 0.9864916117435558, 0.0020206710605177487, 0.4473765727980955, 0.5063801677651244, 0.8668678849610589, 0.1943885560215754, 1.367186039544641, 1.6161327142001227, 1.3405131815458369, 1.781019472738165, 1.3502124026363038, 0.6413609946075518, 0.816755242660272, 0.5128463151587807, 0.9088978430197667, 0.6009475733972398, 0.7423945476333179, 1.4181069502696257, 0.16448262432593908, 0.9242549430796867, 0.8280710005991592, 0.6373196524865216, 0.39807219892151463, 1.4722609346914344, 0.10143768723786123, 0.2946138406231249, 0.02869352905931919, 0.007678550029954524, 1.4278061713601007, 0.8304958058717772, 0.6938984421809432, 1.7341399041342103, 1.1643106650689077, 1.2847426602756185, 0.3043130617136079, 1.4035581186339092, 0.6874322947873004, 0.6437857998801806, 0.5007222887956904, 0.3358355302576321, 0.435252546434989, 0.3924143199520617, 0.00040413421210031925, 0.5314364889155245, 1.0026569802276843, 1.3946671659676484, 1.0713597962852015, 0.2291440982624263, 0.29623037747153963, 0.5783160575194766, 0.6906653684841272, 0.8385784901138454, 1.0907582384661516, 1.1150062911923349, 0.544368783702829, 1.4132573397243868, 0.41585410425404173, 3.05161743559017, 0.5783160575194658, 0.6219625524265965, 0.7246126423007828, 0.5863987417615368, 1.5264149191132355, 0.8911159376872424, 0.31967016177351965, 0.3641249251048509, 1.1198559017375709, 3.0661662672258836, 0.41908717795087125, 0.41100449370881104, 0.31967016177351965, 0.2339937088076624, 0.07072348711804045, 0.6672255841821497, 0.5193124625524235, 0.8846497902935915, 0.07718963451168594, 0.5710416417016115, 0.0941632714200124, 0.9299128220491342, 0.6858157579388803, 1.7082753145596201, 0.9703262432594434, 0.24611773517076355, 0.18064799281005955, 0.7731087477531495, 0.20085470341522085, 0.27925674056321587, 0.4562675254643456, 0.1410428400239725, 0.925871479928104, 0.43444427801078295, 1.3833514080287532, 1.7575796884361903, 0.8490859796285264, 0.05374985020970589, 0.9549691431995235, 0.4853651887357678, 0.9468864589574633, 1.0834838226482972, 0.928296285200722, 0.3148205512282835, 0.21863660874775875, 0.2550086878370244, 0.8943490113840664, 0.33260245656081067, 0.19681336129418536, 0.24288466147394214, 0.5766995206710565, 1.5951177351707555, 0.8636348112642268, 0.36170011983224093, 3.5171800479328925, 0.3301776512881926, 0.6009475733972398, 0.7916989215098907, 1.5304562612342683, 0.8862663271419955, 0.54032744158178, 1.6533130617136051, 1.2532201917315808, 0.6348948472139009, 0.27440713001797434, 0.3285611144397913, 1.0851003594966986, 0.5734664469742297, 0.40373007789094606, 0.20327950868783087, 0.24611773517076355, 0.05051677651287642, 0.3229032354703384, 0.4853651887357678, 1.0519613541042543, 1.1643106650689077, 0.9751758538046795, 0.6526767525464306, 0.5597258837627354, 1.1093484122228927, 0.5168876572798107, 1.3712273816656708, 0.3528091671659612, 0.012528160575198736, 0.43282774116237627, 0.26470790892750745, 0.1757983822648234, 0.14912552426602463, 0.9072813061713574, 1.170776812462553, 0.6001393049730311, 0.14831725584182134, 0.2978469143199544, 202.67532804074298, 0.1588247453565077, 0.08123097663270797, 0.6591428999400841, 1.9087258837627301, 1.785060814859195, 0.42959466746554414, 0.7375449370880791, 0.027885260635107784, 1.2807013181545885, 0.2485425404433816, 0.07557309766326852, 0.8062477531455938, 0.4506096464949034, 0.7294622528460188, 0.7359284002396617, 0.10224595566207265, 0.469199820251642, 0.7949319952067149, 0.8264544637507524, 0.16448262432593908, 0.27925674056321587, 0.855552127022172, 0.34715128819652447, 1.1845173756740608, 0.6130715997603382, 1.9119589574595512, 1.693726482923901, 0.2550086878370244, 0.023035650089871646, 0.3204784301977203, 1.2039158178550162, 1.4245730976632847, 0.7391614739364912, 2.465622828040739, 0.2574334931096425, 0.15720820850809294, 0.0901219292989877, 0.5896318154583555, 0.25581695626122775, 0.3899895146794517, 1.2022992810065933, 0.44495176752546667, 1.3033328340323678, 1.507824745356505, 0.9169805272618378, 0.49991402037148425, 0.6227708208508052, 0.139426303175547, 1.0155892750149753, 1.13521300179748, 0.8660596165368448, 0.10547902935889135, 0.2841063511084439, 0.4320194727381622, 1.195833133612948, 1.7090835829838233, 1.4415467345716029, 0.537094367884964, 0.7617929898142572, 0.7221878370281647, 0.6534850209706448, 3.0079709406830393, 0.5718499101258284, 0.32532804074295646, 0.27198232474535355, 0.16448262432593908, 1.876395146794489, 1.3679943079688415, 0.0036372079089297942, 0.752093768723785, 0.285722887956864, 1.0834838226482972, 1.5425802875973667, 1.2346300179748315, 1.056002696225279, 1.2904005392450553, 0.8636348112642268, 0.6809661473936495, 0.7068307369682423, 0.9040482324745387, 0.11356171360095427, 1.4011333133612993, 0.7221878370281647, 0.07395656081485645, 0.5120380467345773, 0.5791243259436746, 0.15397513481127156, 0.9105143798681977, 0.16690742959856522, 0.06264080287597754, 1.2152315757938952, 1.9669212103055689, 0.8191800479328901, 0.48455692031156444, 0.3713993409227051, 0.5993310365488359, 1.048728280407433, 0.12164439784301988, 1.2992914919113188, 0.9573939484721335, 1.2119985020970603, 0.6025641102456493, 0.3940308568004765, 0.7068307369682423, 0.9759841222288774, 1.0988409227082063, 0.2873394248052707, 0.53790263630917, 1.7923352306770493, 1.1610775913720754, 0.6785413421210341, 0.021419113241464987, 0.5104215098861625, 2.243349011384061, 0.8353454164170107, 0.6696503894547678, 0.30431306171359446, 1.1101566806470906, 0.12164439784301719, 0.8046312162971873, 1.134404733373274, 1.1909835230677117, 1.188558717795083, 0.0012124026363117262, 0.2994634511683583, 0.18711414020372116, 1.4657947872977863, 0.7965485320551161, 0.14265937687238184, 1.3429379868184548, 0.04485889754343696, 1.4876180347513517, 1.7341399041342183, 0.18792240862791376, 1.3106072498502137, 0.7973568004793248, 0.6001393049730418, 0.08365578190532605, 0.2566252246854445, 0.6801578789694462, 0.4441434991012553, 0.030310065907731238, 0.9032399640503327, 0.23480197723187116, 0.2194448771719621, 1.3550620131815425, 0.99538256440983, 1.3332387657279852, 1.1069236069502637, 0.21621180347513264, 0.8442363690832795, 0.03515967645297276, 0.3390686039544642, 0.3996887357699267, 1.5037834032354749, 0.22429448771719016, 1.6937264829239198, 0.016569502696220772, 0.00929508687836657, 0.7124886159376816, 0.5055718993409265, 0.4603088675853811, 1.2758517076093496, 0.5411357100059888, 1.0859086279209071, 0.1434676452965906, 1.5167156980227658, 0.08527231875374078, 1.7155497303774663, 0.17014050329538394, 0.17579838226483147, 0.8490859796285264, 0.5573010784901146, 0.14993379269023605, 0.6381279209107222, 0.9872998801677617, 0.6001393049730311, 0.9800254643499074, 0.43767735170761246, 1.392242360695025, 0.868484421809471, 1.2249307968843592, 0.20974565608147905, 0.3002717195925751, 0.4247450569203161, 0.5128463151587807, 0.24288466147393406, 0.9323376273217467, 0.7674508687836966, 0.29703864589574835, 0.6858157579388884, 0.8991986219293027, 0.3843316357100123, 0.8272627321749532, 0.46192540443379043, 0.1943885560215754, 1.0034652486518822, 0.240459856201316, 0.31158747753144866, 1.188558717795083, 0.41747064110245385, 0.6348948472139009, 0.992149490712998, 0.2550086878370244, 0.5265868783702776, 1.663820551228278, 0.006870281605745808, 0.7803831635710038, 0.5160793888555967, 0.03515967645297276, 0.13053535050929152, 1.373652186938281, 2.3888373277411614, 0.31886189334931364, 0.42797813061712936, 0.23722678250449727, 1.7511135410425365, 0.6494436788496146, 1.4488211503894681, 0.5451770521270162, 0.24126812462552202, 0.10143768723786123, 0.7658343319352846, 0.41181276213301704, 0.6745000000000041, 0.6906653684841164, 0.037584481725577365, 1.1974496704613573, 0.11113690832834427, 0.5807408627920946, 0.24450119832235148, 0.6615677052126969, 1.0042735170760964, 0.47243289394846605, 1.8068840623127602, 0.004445476333127741, 0.29299730377471556, 1.0859086279209071, 0.7302705212702196, 0.05294158178549449, 0.6542932893948508, 0.7254209107249916, 0.04728370281606041, 1.1723933493109624, 0.6227708208508052, 0.16933223487118332, 0.4635419412822025, 0.6963232474535693, 0.4780907729179109, 0.6049889155182672, 6.242661174355902, 1.0915665068903495, 2.346807369682443, 1.5918846614739341, 0.9961908328340333, 0.2234862192929895, 0.9291045536249227, 0.7488606950269663, 0.006062013181553246, 0.009295086878374645, 0.364124925104859, 0.0222273816656737, 0.160441282204909, 0.7076390053924537, 0.9072813061713627, 0.9000068903535032, 0.8911159376872424, 0.04081755542241223, 0.6324700419412855, 1.2063406231276155, 0.20085470341522085, 0.366549730377469, 0.7399697423606919, 0.8701009586578751, 0.0691069502696284, 0.6567180946674662, 0.37463241461954, 0.01576123427202552, 0.1143699820251603, 0.5201207309766456, 0.620346015578195, 1.7608127621330116, 1.1287468544038373, 0.939612043139609, 1.0996491911324178, 1.4415467345715978, 2.028349610545232, 0.4231285200719121, 0.7141051527860938, 0.2994634511683718, 0.06506560814858753, 0.5799325943678912, 0.32451977231874773, 1.2281638705811808, 0.9711345116836358, 0.6672255841821497, 1.256453265428405, 0.597714499700413, 0.12083612941881386, 0.8975820850808932, 0.3932225883762731, 1.3930506291192308, 0.4732411623726828, 0.9897246854403878, 0.0893136608747709, 0.5645754943079634, 1.0802507489514623, 0.8361536848412248, 0.7488606950269582, 0.40938795686039087, 0.3051213301378032, 0.16044128220491705, 1.0810590173756764, 0.0392010185739921, 0.6979397843019813, 2.366205811863387, 0.09982115038945456, 0.42070371479928326, 0.6801578789694462, 0.6534850209706448, 0.08527231875374885, 0.7908906530856766, 0.05294158178550257, 0.550834931096461, 0.9323376273217467, 0.9404203115638151, 0.172565308568002, 0.2800650089874246, 1.1230889754343898, 0.18145626123426825, 1.369610844817259, 1.1812843019772368, 0.7876575793888498, 0.47809077291791896, 0.9533526063511061, 0.18388106650688632, 1.515907429598565, 1.1287468544038373, 1.4043663870581231, 2.942501198322346, 0.3972639304973086, 0.15235859796284604, 0.6833909526662703, 0.43444427801078295, 0.054558118633906534, 1.5676366087477562, 0.5597258837627354, 0.8377702216896475, 0.7092555422408603, 0.0222273816656737, 0.04081755542240415, 0.7254209107249916, 0.16286608747752704, 1.062468843618938, 1.4051746554823294, 0.8070560215698026, 0.6179212103055771, 1.88690263630917, 0.7828079688436191, 0.8199883163570962, 0.09820461354103983, 0.9460781905332493, 0.06749041342121367, 1.128746854403829, 0.09577980826842176, 0.847469442780101, 0.24045985620132407, 1.068934991012578, 0.9541608747753121, 0.43686908328340107, 0.2727905931695569, 1.2532201917315702, 0.8304958058717772, 0.45222618334331277, 1.6169409826243288, 82.09461144397845, 67.59993379269025, 56.99060245656082, 38.310710904733384, 26.0137150988616, 18.141988915518276, 15.556338226482925, 0.880608448172556, 1.2564532654283969, 0.1143699820251603, 0.7060224685440363, 0.4829403834631578, 1.1077318753744807, 0.1660991611743619, 1.5304562612342765, 1.2208894547633347, 0.3245197723187585, 1.3712273816656657, 0.14589245056920055, 0.24126812462552202, 0.037584481725590826, 0.37786548831636135, 0.05859946075493934, 0.8240296584781345, 0.12326093469143462, 0.6518684841222327, 0.7189547633313299, 0.7359284002396672, 0.3827150988615975, 0.38271509886158944, 0.38352336728579545, 0.5831656680647127, 2.724268723786698, 0.20166297183942153, 0.1264940083882533, 0.3996887357699267, 0.5702333732774163, 1.183709107249855, 1.6040086878370217, 0.09982115038945456, 1.6525047932893884, 0.9703262432594434, 1.6727115038945524, 0.8878828639904102, 0.2525838825644144, 0.18792240862791376, 0.07153175554224378, 0.5427522468543982, 0.180647992810073, 1.1998744757339754, 0.14831725584182134, 0.880608448172556, 0.8110973636908354, 1.0252884961054556, 1.137637807070098, 1.252411923307372, 0.9638600958657925, 1.0366042540443425, 0.6890488316357071, 1.3017162971839369, 0.2873394248052707, 1.2063406231276341, 0.2485425404433735, 2.2991195326542817, 1.3203064709406809, 2.442183043738764, 1.460945176752545, 0.8450446375074829, 0.2873394248052707, 1.6371476932294822, 1.4504376872378637, 0.36170011983224093, 1.1263220491312138, 4.613192031156378, 0.7698756740563147, 1.4407384661473996, 1.0786342121030585, 0.538710904733376, 0.5661920311563755, 1.2225059916117467, 0.756943379269021, 1.069743259436795, 2.194852905931694, 0.02707699221090445, 1.714741461953263, 0.7561351108448177, 0.021419113241464987, 0.8749505692031164, 1.5215653085679992, 0.5847822049131194, 0.5467935889754282, 0.49506440982624006, 0.6163046734571622, 0.3907977831036551, 0.17499011384062277, 1.1069236069502828, 0.868484421809463, 0.5750829838226524, 0.19681336129418536, 1.2273556021569774, 0.7803831635710038, 0.36493319352905695, 0.23480197723187923, 0.9679014379868226, 0.44980137807070547, 0.5282034152186897, 0.6146881366087449, 0.16286608747752704, 0.26955751947273815, 0.7108720790892777, 0.09093019772319372, 1.2831261234271985, 0.6251956261234232, 0.037584481725577365, 0.862018274415812, 0.07961443978429593, 1.6807941881366073, 0.8991986219293027, 0.40453834631516283, 0.929104553624928, 0.8846497902935915, 1.1222807070101863, 0.8725257639305011, 0.20974565608147905, 1.7486887357699266, 1.760812762133017, 0.48778999400838585, 0.9347624325943702, 0.6348948472139034, 0.9913412222888, 0.9460781905332493, 1.2063406231276341, 0.4635419412822079, 0.09254673457159768, 1.605625224685447, 1.2944418813660907, 0.7965485320551161, 0.15963301378071101, 0.15478340323546413, 0.2097456560814925, 1.9151920311563755, 0.8240296584781345, 1.7276737567405567, 1.148953565008988, 0.5750829838226443, 0.32856111443977787, 1.7931434991012631, 0.5540680047932932, 1.1974496704613573, 0.2194448771719567, 0.9606270221689602, 1.013972738166563, 1.0349877171959305, 0.2121704613540971, 0.6777330736968281, 0.6841992210904709, 0.665609047333727, 0.24369292989814548, 0.4150458358298411, 0.5791243259436826, 0.6930901737567372, 1.18047603355302, 1.3170733972438566, 1.2677690233672894, 0.0028289394847183873, 1.1465287597363722, 0.03435140802876404, 0.5023388256441024, 0.9622435590173724, 0.9347624325943702, 1.4843849610545303, 0.4643502097064139, 0.040009286998195434, 314.8678349310965, 0.917788795686033, 1.5369224086279218, 1.2742351707609376, 0.9218301378070766, 0.7335035949670438, 0.17094877171959535, 0.8967738166566764, 0.7723004793289328, 0.45788406231275763, 0.7165299580587307, 0.39807219892151463, 0.15074206111443939, 0.7060224685440444, 1.0260967645296615, 0.41100449370881104, 0.4829403834631497, 1.8820530257639339, 0.723804373876566, 1.189366986219297, 0.3051213301378032, 0.19762162971839678, 0.28572288795685596, 0.7343118633912551, 1.63553115638107, 1.1820925704014429, 0.5960979628520037, 0.5807408627920946, 1.2208894547633347, 0.941228579988013, 1.8828612941881344, 0.28572288795685596, 0.2800650089874246, 1.9224664469742403, 0.1410428400239725, 1.8117336728579965, 1.4399301977231882, 1.3793100659077258, 8.436301677651286, 6.427754643499099, 2.4874460754943066, 0.9509278010784881, 0.08527231875374078, 1.175626423007784, 2.1213004793289354, 0.46030886758538375, 0.3988804673457099, 0.9493112642300761, 1.1820925704014429, 0.7617929898142572, 0.3132040143798661, 1.2047240862792032, 1.147337028160573, 0.2477342720191729, 0.9274880167765107, 0.5282034152186977, 0.027885260635107784, 0.8256461953265464, 0.05698292390653806, 0.7391614739364831, 0.5282034152186897, 0.9371872378669802, 1.2831261234272064, 1.5353058717795152, 1.100457459556621, 1.1618858597962896, 0.885458058717792, 0.6146881366087449, 0.7537103055721996, 0.25015907729179093, 0.5888235470341467, 0.3051213301378113, 1.827899041342122, 0.5581093469143179, 0.2307606351108491, 1.047111743559018, 0.2614748352306726, 1.454479029358902, 1.075401138406229, 1.3243478130617163, 0.9864916117435637, 0.11194517675254222, 1.2516036548831662, 1.2904005392450553, 0.05940772917914267, 2.6216186339125174, 0.5758912522468584, 1.1279385859796311, 1.6783693828639974, 0.9735593169562593, 0.7019811264230007, 0.6502519472738206, 1.8982183942480568, 0.7658343319352954, 0.2671327142001174, 1.3688025763930474, 0.1224526662672232, 0.40373007789094606, 0.1119451767525503, 0.35038436189334315, 1.2289721390053974, 0.4166623726782451, 0.35846704613541414, 1.1829008388256488, 0.941228579988013, 0.7512855002995842, 0.917788795686033, 0.8733340323546991, 1.1028822648292418, 0.917788795686033, 2.3080104853205485, 1.2119985020970685, 0.11679478729778912, 2.437333433193528, 0.5847822049131194, 0.15074206111443672, 0.1863058717795044, 0.9743675853804681, 0.4853651887357678, 0.56376722588376, 0.8151387058118601, 1.9160002995805843, 0.21459526662672054, 0.2048960455362429, 0.3390686039544669, 1.0083148591971292, 2.0073346315158727, 0.39726393049729786, 0.3552339724385928, 0.4853651887357678, 0.4902147992810093, 0.49829748352307224, 0.23156890353505782, 0.15720820850809294, 0.3237115038945498, 0.21459526662672862, 0.4514179149191095, 1.4407384661473916, 1.001848711803473, 0.39645566207309996, 0.49344787297783343, 0.19600509286998202, 1.2346300179748315, 0.8886911324146243, 1.747072198921504, 0.534669562612346, 1.6339146195326553, 0.05213331336129654, 0.3447264829239037, 0.07718963451168594, 0.17741491911324622, 0.6494436788496146, 0.5112297783103686, 0.17418184541641943, 0.2574334931096425, 0.2849146195326607, 0.6154964050329481, 0.7787666267225863, 0.541943978430192, 0.9679014379868226, 0.3479595566207251, 0.7035976632714263, 0.37624895146794124, 0.0723400239664498, 0.4231285200718933, 0.5977144997004238, 0.01656950269622885, 0.8345371479928073, 1.2289721390053974, 0.3156288196524841, 2.0857366686638708, 0.5176959257040168, 1.144912222887955, 0.8329206111443952, 1.787485620131813, 0.16690742959856253, 1.060852306770526, 0.4498013780706947, 0.1224526662672286, 0.47162462552426, 1.7769781306171322, 0.6979397843019733, 0.948502995805878, 1.5943094667465496, 1.5498547034152155, 0.22106141402037144, 1.0091231276213353, 1.3639529658478167, 1.6347228879568667, 1.70261743559017, 0.6066054523666927, 0.6567180946674688, 0.11598651887358041, 0.6979397843019733, 0.4150458358298411, 1.4989337926902306, 0.8498942480527298, 0.9468864589574526, 1.8076923307369663, 0.47566596764530095, 0.752093768723785, 1.854571899340924, 1.26857729179149, 0.8757588376273199, 0.5249703415218628, 1.9871279209107195, 0.29865518274415503, 0.32613630916715974, 0.08688885560215283, 0.8264544637507498, 1.2079571599760301, 0.35280916716597466, 0.1467007189934066, 0.6462106051527906, 0.48778999400838585, 0.4748576992210868, 0.16448262432594715, 2.94169292989814, 1.0923747753145527, 0.8110973636908354, 1.1190476333133597, 0.5896318154583555, 0.3907977831036551, 0.45222618334331277, 0.25420041941281835, 0.4336360095865742, 0.16771569802277395, 0.366549730377469, 0.5193124625524288, 0.6195377471539972, 0.6276204313960412, 0.2202531455961654, 1.1748181545835858, 0.9307210904733321, 1.6298732774116305, 0.9509278010784962, 0.6583346315158756, 0.3770572198921446, 1.2871674655482284, 0.5766995206710565, 0.1370014979029424, 2.154439484721388, 0.006062013181553246, 0.8232213900539176, 0.6599511683642929, 1.1028822648292418, 0.21136219292990455, 1.3631446974236134, 1.2257390653085651, 0.22752756141401423, 0.47243289394846605, 1.9071093469143179, 0.38594817255842434, 0.5597258837627326, 0.06829868184541431, 0.935570701018579, 0.7617929898142572, 0.15720820850809294, 0.9784089275015009, 1.3526372079089324, 0.02788526063511317, 0.06910695026962033, 0.6122633313361269, 0.08931366087477897, 0.3843316357099988, 0.43606081485920045, 1.8691207309766376, 0.6623759736369109, 0.5411357100059941, 1.4245730976632847, 1.1570362492510455, 0.02950179748352252, 0.6049889155182672, 0.3140122828040721, 1.0681267225883693, 0.8272627321749612, 0.5443687837028102, 0.5492183942480571, 0.31077920910725615, 1.8165832834032327, 0.46758328340322985, 0.9969991012582368, 0.23237717195925306, 0.7124886159376816, 1.7203993409227132, 0.9420368484122271, 0.4740494307968781, 0.9194053325344477, 0.018994307968844226, 1.642805572198916, 0.7399697423607, 0.6639925104853149, 0.7771500898741798, 0.3786737567405674, 0.9614352905931824, 0.08769712402635885, 2.7339679448771705, 1.1230889754343978, 0.43282774116236555, 0.13700149790292893, 1.2540284601557867, 0.0505167765128845, 0.743202816057524, 1.8052675254643482, 0.4029218094667427, 0.3592753145596229, 1.1133897543439146, 0.03435140802876404, 1.3857762133013822, 0.2679409826243235, 0.7092555422408603, 0.5645754943079715, 1.0422621330137767, 1.0155892750149833, 1.968537747153989, 0.41262103055721766, 0.10790383463152288, 0.7294622528460163, 0.6898571000599103, 0.11921959257039913, 0.23803505092869523, 0.7189547633313299, 0.5104215098861572, 0.3277528460155826, 0.2614748352306726, 0.0004041342121030113, 0.15963301378070294, 0.05698292390653806, 1.2305886758538176, 0.22025314559616813, 1.566020071899336, 0.5775077890952625, 0.2655161773517054, 0.4966809466746602, 0.8991986219293027, 0.32936938286399464, 0.8038229478729757, 0.6009475733972398, 1.6048169562612304, 0.4902147992810093, 0.2291440982624263, 1.1699685440383445, 0.8418115638106615, 2.2053603954463727, 0.18226452965847426, 1.4722609346914293, 1.83598172558418, 0.5395191731575767, 0.014952965847816805, 0.7617929898142626, 0.3123957459556655, 1.7559631515877834, 0.7876575793888579, 0.9072813061713627, 0.0036372079089244105, 0.6082219892150994, 1.8780116836428984, 0.27036578789694693, 0.7690674056321195, 0.5621506890353534, 0.23641851408028047, 0.5863987417615341, 0.660759436788499, 0.7060224685440444, 0.21863660874775875, 0.02384391851408036, 0.49991402037147625, 0.4562675254643456, 1.0899499700419455, 1.5062082085080848, 0.4110044937088056, 1.0923747753145634, 2.66688166566806, 0.6421692630317497, 0.07314829239065314, 1.8125419412822024, 0.5273951467944917, 0.14912552426603004, 0.928296285200722, 0.09982115038945456, 1.6476551827441523, 0.173373576992208, 0.34876782504493115, 0.10305422408627328, 1.4148738765727964, 0.5855904733373308, 0.5758912522468584, 0.11679478729778105, 1.7082753145596146, 1.384967944877168, 0.020610844817261657, 0.29623037747153963, 0.007678550029954524, 0.4158541042540472, 0.939612043139609, 0.67530826842421, 0.5233538046734616, 1.575719292989819, 0.9509278010784881, 1.3582950868783665, 1.221697723187538, 1.5441968244457787, 0.5799325943678806, 0.11598651887358041, 1.0228636908328375, 0.39645566207309996, 1.9758121629718406, 0.7351201318154611, 0.5427522468544062, 0.4336360095865823, 0.6664173157579331, 1.1804760335530309, 1.5732944877171928, 0.5758912522468477, 0.8450446375074829, 0.16044128220491705, 0.40453834631516283, 0.010103355302572592, 0.5548762732174911, 1.0463034751348148, 0.5969062312762097, 0.7626012582384605, 0.7836162372678279, 0.35846704613540603, 1.1400626123427162, 0.6316617735170794, 0.14670071899341197, 0.1628660874775378, 2.4785551228280407, 1.067318454164177, 0.7852327741162318, 1.0754011384062343, 0.2768319352905978, 0.9978073696824428, 0.5847822049131275, 0.1725653085680047, 0.7124886159376816, 0.9945742959856267, 0.8636348112642349, 1.3445545236668694, 0.5241620730976596, 0.672883463151592, 0.3043130617136079, 0.4077714200119896, 0.9388037747153949, 0.46596674655482595, 0.3398768723786756, 1.1036905332534426, 1.067318454164177, 0.5500266626722631, 0.031118334331939952, 0.36816626722587836, 0.8078642899940058, 0.6462106051527906, 0.5079967046135445, 0.16286608747752704, 1.8666959257040114, 0.7674508687837074, 0.06264080287597754, 1.098032654284003, 0.14185110844817853, 2.0760374475733925, 1.3712273816656708, 0.11841132414619848, 1.1748181545835858, 0.7908906530856847, 1.3776935290593137, 0.4635419412822025, 1.8974101258238403, 0.857168663870584, 0.9590104853205456, 0.7278457159976096, 0.5152711204313933, 0.7448193529059279, 0.5055718993409156, 0.5346695626123406, 0.6454023367285845, 0.2453094667465548, 1.3267726183343371, 0.7262291791491841, 1.8497222887956821, 0.5055718993409265, 0.2420763930497334, 1.1529949071300205, 1.013972738166563, 1.0495365488316362, 0.5548762732174992, 0.5799325943678806, 0.19196375074894925, 0.4748576992210868, 1.061660575194732, 0.8636348112642349, 0.790082384661468, 0.9670931695626165, 0.9452699221090513, 1.3930506291192308, 0.44495176752545856, 0.6858157579388803, 92.7330404433793, 89.56381995206713, 86.00824715398446, 75.2792920910725, 59.62232444577593, 51.635015877771146, 44.599847513481144, 1.655737866986215, 1.8893274415817827, 1.2758517076093496, 0.8248379269023323, 0.8692926902336663, 0.7755335530257595, 0.18549760335530913, 0.928296285200722, 0.5330530257639312, 1.2936336129418793, 1.5296479928100621, 0.04809197124026374, 0.6154964050329562, 0.7795748951467978, 0.41262103055721766, 2.553724086279206, 2.330642001198322, 0.8119056321150332, 0.6817744158178528, 0.9032399640503274, 0.29299730377471556, 0.14427591372078852, 0.7407780107848952, 0.67369173157579, 0.02384391851408036, 1.305757639304978, 0.7375449370880738, 0.19196375074894925, 0.4538427201917356, 1.1926000599161213, 0.0076785500299626, 0.10952037147993224, 0.3301776512881926, 0.6381279209107222, 1.2144233073696864, 0.3713993409227051, 1.368802576393053, 0.5492183942480571, 0.273598861593771, 0.857168663870584, 0.5217372678250415, 0.3026965248651851, 1.7988013780707053, 0.6462106051527797, 0.7254209107249916, 0.9679014379868145, 1.3405131815458369, 0.21459526662672054, 0.948502995805878, 1.4552872977831, 0.6106467944877174, 0.147508987417618, 0.8038229478729811, 1.0851003594966986, 0.8862663271420143, 0.7254209107249807, 0.49425614140203944, 2.02834961054524, 1.962879868184555, 0.6009475733972478, 0.7860410425404406, 1.2879757339724347, 0.43848562013181847, 1.6904934092270796, 1.235438286399035, 1.5603621929298965, 0.40615488316356413, 0.7124886159376898, 2.93361024565608, 0.11517825044937709, 0.05617465548232935, 0.3738241461953232, 0.14185110844817853, 0.27279059316956494, 0.593673157579383, 0.7949319952067149, 0.273598861593771, 0.6260038945476293, 1.30737417615339, 0.5888235470341548, 0.46839155182744396, 1.9604550629119182, 0.9218301378070658, 0.3786737567405674, 1.2087654284002336, 1.465794787297781, 1.4819601557819095, 0.9953825644098193, 0.33341072498501395, 0.03839275014978608, 0.6373196524865135, 0.5314364889155138, 0.4304029358897475, 1.3324304973037684, 0.8587852007189961, 0.21782834032354734, 0.7351201318154557, 0.2614748352306726, 0.4627336728580019, 0.5766995206710565, 0.6470188735769885, 0.033543139604549944, 0.051325044937087824, 0.8870745955662123, 1.436697124026367, 0.7076390053924537, 1.1780512282804019, 0.5888235470341548, 0.985683343319347, 0.3035047932893911, 0.812713900539242, 0.4053466147393689, 0.3786737567405674, 0.6009475733972478, 1.144912222887955, 1.5676366087477507, 0.09739634511683382, 0.7383532055122771, 0.6510602156980266, 0.6154964050329562, 0.6688421210305618, 0.04890023966446707, 2.253048232474533, 2.834193229478728, 0.3641249251048509, 1.2273556021569774, 0.24207639304973072, 1.3025245656081457, 0.5160793888555967, 2.0032932893948456, 0.4861734571599738, 2.2312249850209707, 0.777958358298383, 0.27036578789694693, 1.2475623127621307, 0.8143304373876621, 0.9024316956261293, 0.24611773517075813, 0.8919242061114402, 2.7388175554224072, 0.15478340323546413, 0.7545185739964029, 0.17741491911324622, 0.4473765727980955, 251.82451437986828, 251.83987147992812, 2.232033253445177, 0.5564928100659059, 0.06587387657279355, 0.6154964050329562, 1.488426303175555, 0.23965158777711265, 0.6825826842420644, 1.3259643499101283, 0.14993379269022797, 1.3324304973037684, 1.425381366087472, 1.1950248651887365, 0.033543139604549944, 0.8240296584781345, 1.8109254044337877, 2.354081785500297, 0.4853651887357678, 1.0463034751348095, 0.11032863990412749, 0.6583346315158809, 0.33341072498502744, 0.5742747153984464, 0.21378699820252262, 0.7884658478130586, 0.687432294787295, 3.8057318753744753, 0.1370014979029424, 1.2815095865787944, 2.037240563211509, 0.3746324146195265, 1.205532354703412, 0.5031470940683084, 1.2136150389454805, 0.37220760934691655, 0.4231285200718933, 0.4506096464949034, 0.8757588376273199, 0.26470790892750745, 0.5354778310365492, 1.0366042540443425, 0.26794098262432886, 1.7381812462552457, 1.66139574595566, 0.933005306603769, 1.0618602594339621, 0.6395023584905619, 0.18373761792453192, 0.06045047169810921, 0.22112146226415044, 0.17737441037735488, 1.0252718160377396, 0.2958891509434008, 0.11215153301887149, 0.2410064858490566, 1.0992441037735885, 0.5074658018867949, 0.039770047169814894, 0.4128130896226464, 0.5416680424528342, 0.6514333726415092, 0.1423767688679221, 0.45496933962263914, 1.9566863207547138, 0.9369823113207549, 1.236848466981134, 0.9608443396226418, 1.3720666273584907, 1.1636715801886812, 1.3649080188679252, 1.2519610849056604, 0.6307529481132097, 0.06522287735848868, 0.9163018867924634, 1.362521816037737, 0.2457788915094387, 1.029248820754715, 0.6562057783018914, 0.7508584905660373, 0.015908018867928076, 0.31338797169811583, 0.8988030660377376, 0.005567806603775621, 0.43428891509433953, 0.32213738207547604, 1.2694599056603728, 0.5074658018867949, 0.20521344339622238, 0.8940306603773581, 0.36349823113207785, 0.9322099056603808, 0.1177193396226418, 1.132650943396229, 0.12646875000000465, 1.543873231132086, 0.8518744103773601, 1.4770595518867944, 0.8256261792452849, 0.6554103773584926, 1.1485589622641517, 2.2303042452830226, 1.2821863207547137, 1.2352576650943414, 0.23702948113207323, 1.5168295990566039, 0.5718932783018901, 0.3977004716981172, 0.20521344339622238, 0.25134669811320903, 0.8256261792452849, 0.48837617924528226, 0.09385731132075234, 0.9155064858490566, 0.5257600235849061, 0.19089622641509454, 1.1509451650943403, 0.06283667452830027, 1.0793590801886797, 0.8550560141509447, 0.4573555424528302, 1.4858089622641544, 0.8471020047169834, 0.007954009433964038, 1.6019375000000013, 0.3650890330188675, 0.00636320754717176, 0.5209876179245293, 0.6037093160377409, 0.4581509433962263, 0.4653095518867969, 1.0714050707547185, 1.0944716981132117, 1.1318555424528303, 0.7699481132075473, 0.29986615566037617, 0.4239487028301871, 1.0896992924528295, 0.11294693396226232, 2.2430306603773555, 0.2664593160377357, 0.6601827830188695, 0.1399905660377337, 0.7110884433962303, 0.5774610849056604, 1.1469681603773623, 0.9369823113207549, 0.5066704009433988, 1.5080801886792463, 1.0419752358490586, 0.6259805424528329, 0.7619941037735859, 1.274232311320755, 1.4770595518867944, 0.9560719339622676, 1.091290094339619, 0.1972594339622663, 0.42315330188679356, 0.19328242924528297, 1.6257995283018882, 1.1119705188679239, 1.794424528301888, 0.2521420990566025, 0.3261143867924514, 0.7007482311320778, 0.743699882075472, 0.03261143867924699, 0.5122382075471691, 0.2887305424528302, 0.323728183962263, 1.5383054245283023, 0.5575760613207543, 1.1891244103773602, 0.6991574292452829, 1.71408903301887, 0.5758702830188682, 0.23623408018867448, 1.2185542452830225, 3.675547759433961, 0.33645459905660385, 0.11771933962263917, 0.6490471698113209, 1.5971650943396245, 0.30702476415094143, 0.588596698113209, 1.0189086084905679, 1.2511656839622642, 1.8469209905660386, 0.15033077830189145, 0.07397228773584887, 2.6820919811320776, 0.27043632075471374, 0.42792570754716774, 0.7532446933962258, 0.05726886792452465, 0.908347877358494, 0.057268867924532604, 1.1135613207547164, 0.07715389150943608, 1.1803750000000002, 0.8685778301886791, 1.4913767688679247, 1.929642688679245, 0.24816509433961917, 1.0952670990566051, 0.48678537735849525, 0.5138290094339587, 0.20203183962264049, 0.2935029481132071, 0.9998189858490578, 0.2274846698113222, 0.49155778301886416, 0.09862971698113447, 0.909938679245281, 1.3768390330188673, 0.7325642688679261, 0.15589858490565647, 0.23543867924528628, 0.6116633254716997, 0.3778154481132084, 0.08431249999999603, 1.5852340801886797, 0.5345094339622689, 1.4285400943396245, 0.7262010613207569, 1.0077729952830192, 1.322751768867925, 0.8383525943396232, 0.42951650943396275, 3.119562500000001, 1.772153301886796, 1.9153254716981172, 0.9902741745283122, 0.21873525943396205, 1.5733030660377376, 1.0912900943396244, 0.05647346698113381, 1.19946462264151, 1.5335330188679281, 0.34043160377358717, 1.045952240566034, 1.2853679245283034, 0.2282800707547157, 0.14476297169811053, 1.819081957547171, 1.1199245283018882, 0.6188219339622623, 1.4635377358490547, 0.2736179245283009, 0.18851002358490082, 0.9282329009433922, 1.792833726415096, 0.6235943396226444, 0.49951179245282823, 0.6760908018867949, 1.5908018867924554, 0.3754292452830173, 0.7826745283018881, 0.35952122641509454, 1.788061320754719, 1.1565129716981133, 0.3913372641509427, 0.2974799528301904, 0.3324775943396232, 1.332296580188681, 1.3442275943396231, 0.7588125000000013, 0.289525943396229, 0.9783431603773541, 0.8860766509433967, 0.5838242924528296, 0.44462912735849197, 0.3396362028301911, 0.5838242924528322, 0.5257600235849035, 0.8542606132075485, 0.2919121462264174, 0.21475825471698137, 0.03579304245282625, 1.04992924528302, 0.9560719339622676, 1.0093637971698117, 0.7277918632075493, 0.43110731132075236, 2.1324699292452816, 0.1471491745283016, 0.03261143867924699, 0.7349504716981092, 0.33725000000000266, 0.6832494103773549, 0.11533313679245075, 1.5740984669811313, 1.7411326650943415, 0.6832494103773601, 0.45099233490566115, 0.7564262971698129, 0.38179245283018376, 0.3300913915094321, 0.0, 0.5631438679245325, 0.7779021226415113, 0.733359669811317, 0.7763113207547137, 0.04851945754717242, 1.7204522405660392, 0.24498349056603727, 0.48837617924528226, 1.719656839622646, 2.1595135613207557, 1.335478183962263, 0.1582847877358502, 0.57905188679245, 1.4205860849056606, 0.2728225235849021, 1.0077729952830166, 0.5361002358490585, 0.6053001179245306, 1.3458183962264154, 0.49155778301887215, 0.024657429245282955, 0.34918101415094205, 1.4293354952830206, 0.23464327830188747, 1.181170400943396, 1.2678691037735859, 1.5303514150943407, 1.2288944575471696, 0.5663254716981119, 0.34520400943396407, 0.12010554245283286, 1.0777682783018876, 0.28236733490565846, 0.6824540094339587, 0.6355253537735865, 1.9065760613207516, 519.36261379717, 518.8694652122642, 518.0740642688681, 516.9891373820756, 519.6616845518869, 0.1336273584905699, 1.726815448113211, 1.6265949292452815, 1.738746462264153, 1.463537735849057, 1.0356120283018868, 0.5050795990566038, 0.6108679245283063, 0.795400943396229, 0.19169162735849332, 0.4820129716981132, 1.6075053066037743, 0.7786975235849074, 0.5193968160377397, 0.16942040094339614, 0.5353048349056571, 0.5034887971698115, 0.6371161556603735, 0.3539534198113216, 1.5629628537735853, 1.0006143867924542, 0.18453301886792278, 0.21555365566038015, 1.3497954009433988, 0.7246102594339621, 0.6848402122641551, 1.0865176886792476, 0.6188219339622623, 1.3354781839622683, 0.7317688679245273, 0.8908490566037763, 0.8176721698113208, 0.16862499999999736, 0.05488266509434419, 0.36667983490565975, 0.8359663915094347, 0.7858561320754727, 0.16942040094339614, 0.6363207547169827, 0.4629233490566032, 0.31020636792452333, 0.7198378537735852, 0.25691450471697935, 0.04533785377358522, 1.7649946933962282, 0.26805011792453065, 0.7341550707547211, 0.19407783018868172, 0.10181132075471903, 0.7277918632075493, 0.13044575471698003, 1.0204994103773575, 0.664955188679249, 0.5337140330188702, 0.540872641509438, 0.14953537735849, 0.6585919811320718, 0.4000866745283056, 0.670522995283014, 0.6912034198113189, 1.792833726415093, 1.2885495283018882, 1.644889150943398, 0.17498820754717176, 1.076177476415095, 0.4748543632075479, 1.0125454009433987, 0.40644988207547206, 0.3714522405660393, 0.38417865566037745, 0.02783903301887016, 0.38736025943396474, 0.528941627358488, 0.007158608490570549, 0.030225235849055926, 0.2791857311320713, 0.6919988207547123, 1.1429911556603736, 0.4565601415094367, 0.31895577830188615, 0.32770518867924364, 1.0109545990566038, 1.0928808962264167, 0.3531580188679281, 0.27202712264151396, 1.1215153301886804, 0.21793985849056854, 0.2736179245283009, 0.546440448113203, 0.3984958726415053, 0.5766656839622643, 0.270436320754719, 1.4961491745283015, 0.44781073113207925, 1.1787841981132077, 1.6607971698113182, 0.07556308962264115, 1.2026462264150946, 1.1970784198113242, 0.4676957547169853, 0.49314858490566443, 1.6122777122641512, 2.1340607311320765, 0.3086155660377337, 0.4533785377358495, 0.31338797169811583, 0.7158608490565992, 1.081745283018868, 0.8860766509433967, 0.2441880896226438, 0.8423295990566038, 0.4462199292452869, 0.14794457547169773, 0.17657900943396668, 1.74351886792453, 0.050905660377360835, 0.828012382075468, 0.552008254716984, 1.3760436320754739, 0.1543077830188695, 1.2957081367924481, 1.0992441037735885, 1.120719929245287, 1.349, 0.25134669811320903, 1.0666326650943416, 0.6426839622641517, 0.05011025943396205, 0.34759021226415243, 0.08669870283018709, 0.8478974056603742, 0.3117971698113209, 1.1779887971698115, 0.6434793632075505, 0.9751615566037776, 1.6329581367924506, 0.5034887971698115, 1.9996379716981239, 0.2012364386792417, 1.062655660377361, 1.8349899764150965, 0.22350766509434153, 1.263096698113209, 0.3857694575471671, 0.10817452830188813, 0.9950465801886758, 0.15192158018868107, 0.5742794811320733, 1.132650943396229, 0.6840448113207563, 1.0642464622641503, 1.4102458726415106, 1.1302647405660378, 1.8668060141509448, 0.41997169811321167, 0.6609781839622683, 1.1954876179245293, 0.06204127358490149, 1.1183337264150985, 0.4454245283018855, 0.7444952830188682, 0.9950465801886811, 0.21237205188679292, 1.86362441037736, 0.6021185141509433, 1.0753820754716963, 1.7069304245282995, 1.5717122641509427, 0.1471491745283016, 0.38497405660377626, 0.505875, 0.285548938679243, 0.6530241745283043, 0.477240566037731, 0.7866515330188663, 1.1986692216981136, 1.006977594339618, 1.1994646226415073, 1.0475430424528263, 1.3036621462264173, 1.3346827830188694, 0.6347299528301852, 0.38815566037735816, 0.6116633254716997, 2.7934481132075475, 0.8391479952830166, 0.6029139150943396, 0.3778154481132057, 0.031020636792452067, 0.19964563679245206, 1.322751768867925, 1.7514728773584887, 0.33804540094339347, 1.0379982311320752, 1.2304852594339621, 0.4676957547169774, 1.022885613207546, 0.4987163915094347, 1.1087889150943395, 0.19248702830188683, 0.23464327830188747, 1.7753349056603782, 0.6904080188679227, 0.23543867924528097, 1.4420619103773615, 0.6840448113207563, 0.14476297169811053, 0.5742794811320733, 1.3887700471698121, 0.971184551886789, 0.8057411556603762, 0.5647346698113223, 1.3903608490566046, 1.418199882075472, 1.461151533018869, 0.08828950471697672, 0.03738384433962118, 0.08669870283018709, 1.4054734669811337, 1.3680896226415074, 0.2155536556603775, 0.3277051886792463, 0.5830288915094308, 0.32850058962263984, 0.3714522405660366, 0.15510318396226033, 0.20521344339622238, 1.6703419811320772, 0.061245872641513294, 0.47008195754716575, 0.7031344339622663, 0.3181603773584874, 0.3666798349056624, 2.38540742924528, 4.851150353773586, 2.998661556603772, 0.8717594339622663, 0.9051662735849041, 0.23782488207546937, 0.003181603773587205, 1.335478183962263, 0.3261143867924514, 0.7588125000000013, 1.1620807783018887, 0.9401639150943395, 0.8820996462264188, 1.0992441037735885, 0.11931014150943409, 0.05647346698113116, 0.07635849056604258, 0.4676957547169774, 2.43392688679245, 0.6116633254716997, 0.8176721698113208, 2.036226415094338, 0.9862971698113209, 1.1191291273584867, 1.450015919811323, 1.3601356132075486, 1.2169634433962224, 0.37065683962263785, 2.4410854952830205, 0.6220035377358468, 0.9536857311320792, 1.8055601415094313, 0.39849587264151326, 0.019089622641504683, 0.42872110849056394, 0.5814380896226438, 0.24180188679245274, 1.193896816037737, 1.4659239386792458, 1.044361438679247, 0.2919121462264174, 0.9298237028301923, 2.000433372641512, 0.36986143867924165, 0.28077653301887145, 0.8781226415094354, 0.1590801886792437, 1.9654357311320765, 1.0777682783018847, 0.18930542452830226, 1.0236810141509394, 1.4651285377358496, 0.0644274764150899, 0.9051662735849069, 0.4008820754716938, 0.019885023584903475, 0.48598997641509656, 0.004772405660382131, 1.0037959905660359, 0.6116633254716944, 0.3181603773584927, 0.06522287735848868, 1.0165224056603794, 0.588596698113209, 1.0085683962264154, 0.5750748820754666, 1.9391875000000038, 1.7721533018867934, 0.8359663915094321, 1.122310731132074, 2.118152712264151, 1.5605766509433916, 0.9576627358490546, 0.13203655660376967, 1.098448702830187, 0.17498820754716646, 0.025452830188676445, 0.2290754716981092, 0.13680896226414913, 1.3728620283018869, 1.1223107311320766, 0.9608443396226418, 0.8017641509433928, 0.5551898584905633, 0.8836904481132057, 0.42951650943395736, 0.6633643867924488, 0.12408254716981093, 0.5734840801886797, 1.3879746462264133, 0.9576627358490573, 0.4899669811320719, 0.296684551886789, 0.8439204009433962, 0.6092771226415112, 0.19487323113207786, 1.7363602594339649, 1.0435660377358509, 1.9717989386792456, 1.7037488207547176, 0.007158608490570549, 1.0920854952830206, 0.36588443396226095, 0.7039298349056651, 1.6242087264150933, 0.35156721698113313, 0.6307529481132097, 0.031816037735845557, 0.6593873820754734, 0.8160813679245287, 0.23941568396226431, 1.3330919811320745, 0.7834699292452842, 0.7723343160377357, 0.3356591981132077, 0.20839504716981225, 0.17498820754716646, 0.2935029481132071, 0.9640259433962264, 1.4547883254716998, 0.4525831367924507, 0.5925737028301897, 0.6514333726415092, 0.25691450471697935, 1.1946922169811358, 1.4197906839622643, 0.11374233490566377, 0.9687983490566058, 0.2919121462264174, 0.599732311320755, 0.35633962264151, 0.26327771226415114, 0.16226179245283087, 1.132650943396229, 0.5710978773584913, 1.567735259433962, 0.13839976415094407, 0.829603183962263, 0.9322099056603755, 1.1779887971698115, 0.5480312500000033, 0.5178060141509394, 1.317979363207548, 0.7126792452830174, 1.3625218160377315, 1.6114823113207575, 0.49235318396226035, 1.053110849056602, 1.3004805424528303, 0.8502836084905679, 0.6912034198113189, 0.9703891509433982, 0.06601827830188484, 0.31577417452830425, 0.5798472877358488, 1.1557175707547171, 2.1396285377358466, 0.48837617924528226, 0.285548938679243, 1.1127659198113176, 0.49155778301886416, 0.8844858490566072, 1.7260200471698122, 0.07635849056603729, 0.5337140330188702, 0.25452830188679626, 1.3386597877358501, 0.2569145047169847, 0.2935029481132071, 0.7588125000000013, 1.7228384433962276, 0.9322099056603808, 0.5408726415094327, 0.4470153301886778, 1.6337535377358494, 1.2758231132075473, 0.6649551886792436, 1.293321933962265, 0.6005277122641485, 0.515419811320759, 1.1350371462264175, 1.0729958726415079, 0.9624351415094368, 0.47246816037736217, 0.6029139150943396, 0.20759964622641874, 0.42792570754717046, 1.4802411556603787, 0.000795400943398788, 0.7922193396226418, 2.3074581367924534, 1.152535966981127, 0.4486061320754674, 1.3704758254717009, 0.12805955188679427, 0.9743661556603735, 0.8176721698113208, 1.0427706367924547, 1.2702553066037716, 0.6331391509433928, 0.5543944575471698, 2.3281385613207526, 4.099496462264151, 0.38656485849056593, 1.1302647405660378, 0.06681367924528361, 0.5042841981132077, 1.1732163915094374, 0.3531580188679281, 0.9624351415094368, 0.23146167452830557, 2.5890300707547187, 0.3746338443396265, 3.7479292452830197, 1.2710507075471704, 1.2265082547169814, 0.8017641509433981, 0.7102930424528342, 0.19328242924528297, 0.837557193396227, 1.3832022405660418, 0.6339345518867942, 1.274232311320755, 0.6951804245283023, 0.9194834905660346, 0.478831367924526, 0.4247441037735806, 0.046133254716984005, 1.880327830188679, 1.087313089622641, 0.36588443396226095, 0.715065448113211, 0.18055601415094738, 0.12726415094339813, 1.2758231132075473, 1.5717122641509453, 0.40804068396226434, 0.7580170990566025, 0.23066627358490413, 0.03579304245282625, 0.09147110849056658, 0.29270754716981356, 1.7816981132075471, 0.050905660377360835, 0.11135613207547536, 0.548031249999998, 0.7047252358490586, 0.5679162735849095, 0.25373290094339745, 0.229870872641508, 1.5828478773584886, 1.5136479952830193, 0.6872264150943356, 0.38258785377358256, 0.005567806603775621, 0.2911167452830186, 0.9520949292452843, 0.2783903301886831, 0.08908490566037551, 0.6593873820754734, 1.1867382075471717, 1.6528431603773621, 0.12249174528302129, 1.5144433962264154, 0.07238148584905658, 0.32850058962263984, 0.10896992924528164, 1.8103325471698137, 0.057268867924532604, 0.046133254716981355, 0.15112617924528493, 1.792833726415093, 1.754654481132076, 0.6991574292452829, 1.5717122641509427, 0.6426839622641517, 1.768176297169813, 0.5361002358490585, 0.9918649764150965, 0.4446291273584867, 1.4969445754717003, 0.7659711084905666, 0.6729091981132077, 0.3277051886792463, 0.7890377358490546, 0.012726415094338223, 0.9465271226415086, 1.3545678066037756, 1.0189086084905679, 0.05647346698113116, 1.0618602594339621, 1.080949882075472, 0.956867334905661, 0.42235790094339215, 0.6697275943396206, 0.9282329009433922, 0.6466609669811272, 1.3259333726415092, 0.6442747641509441, 0.956867334905661, 0.17180660377358453, 0.36588443396226633, 0.5989369103773589, 0.7524492924528322, 0.7484722877358488, 0.0015908018867922778, 0.5535990566037736, 0.6570011792452849, 1.0300442216981138, 1.356158608490568, 1.1946922169811305, 0.38258785377358256, 0.2728225235849021, 2.725839033018865, 0.3770200471698149, 1.6409121462264147, 1.364112617924532, 0.042156249999998015, 1.3116161556603816, 0.6347299528301852, 0.09226650943396006, 1.4508113207547189, 0.7993779481132097, 0.3674752358490612, 0.14158136792452863, 0.031020636792452067, 0.03738384433962118, 0.7158608490565992, 5.532808962264152, 0.5321232311320752, 1.5263744103773602, 1.3044575471698137, 0.5567806603773607, 0.4104268867924527, 0.19248702830188683, 0.431107311320755, 0.373838443396225, 2.3687040094339613, 0.8049457547169774, 1.2638920990566078, 1.953504716981129, 1.3370689858490579, 0.42633490566038085, 0.6530241745283043, 1.006977594339623, 1.2010554245283023, 0.40804068396226434, 0.9043708726415106, 0.5917783018867884, 0.05488266509433889, 0.5734840801886797, 0.9425501179245385, 0.3595212264150919, 0.2950937499999993, 1.3521816037735872, 0.45417393867924305, 0.16305719339622438, 0.17657900943396668, 0.07476768867924766, 1.462742334905661, 0.6355253537735812, 0.3650890330188728, 0.5639392688679208, 0.707111438679247, 0.9338007075471704, 1.723633844339624, 1.6003466981132115, 0.3642936320754714, 1.6425029481132096, 0.4374705188679267, 0.6808632075471666, 0.40804068396226434, 0.8335801886792463, 0.12487794811320971, 0.5838242924528296, 0.0795400943396192, 1.1946922169811358, 0.573484080188677, 0.09544811320754727, 1.470696344339625, 0.24975589622641411, 0.3977004716981172, 1.1064027122641513, 0.26645931603773304, 0.6387069575471686, 0.1654433962264128, 0.42792570754716774, 0.39690507075471837, 1.3704758254716982, 0.02783903301886751, 0.14158136792452597, 1.1978738207547177, 1.109584316037746, 0.6673413915094321, 0.22112146226415313, 0.653819575471703, 2.200079009433964, 0.8478974056603795, 0.9807293632075479, 0.5790518867924527, 0.046133254716984005, 0.8017641509433928, 0.11612853773584687, 1.9956609669811325, 1.4905813679245286, 0.12487794811320971, 0.7961963443396224, 0.31338797169811317, 0.1185147405660353, 0.2887305424528302, 0.18373761792452398, 0.2648685141509434, 0.6593873820754734, 1.463537735849057, 0.8248307783018888, 0.9027800707547157, 0.5472358490566018, 1.2821863207547137, 1.0133408018867922, 0.39690507075471837, 0.42951650943396275, 0.5392818396226378, 0.05488266509434419, 0.23941568396226431, 0.42713030660377427, 1.4786503537735867, 1.5971650943396245, 1.5605766509433967, 0.32452358490565647, 0.7222240566037735, 0.23066627358490413, 1.5462594339622637, 0.9512995283018855, 0.24339268867925032, 2.182580188679249, 0.9695937500000019, 1.9280518867924632, 0.4597417452830213, 0.8455112028301911, 1.2829817216981125, 3.034454599056604, 0.6840448113207537, 0.4979209905660412, 0.24259728773584888, 0.10340212264150601, 2.603347287735849, 0.7850607311320766, 0.7779021226415113, 0.29986615566037883, 0.7246102594339647, 1.1278785377358496, 1.2901403301886831, 0.7460860849056604, 0.47008195754716575, 0.23066627358490943, 1.1223107311320766, 0.042951650943391505, 0.05647346698113381, 0.6593873820754681, 1.244802476415098, 0.5122382075471691, 0.8192629716981131, 2.5961886792452837, 1.4372895047169794, 0.05567806603773238, 1.8779416273584908, 0.08749410377358853, 0.10419752358490744, 0.8407387971698141, 1.3529770047169831, 1.0992441037735885, 0.39849587264151326, 0.7715389150943395, 0.5281462264150946, 0.5249646226415047, 1.3800206367924492, 0.08192629716980761, 1.1517405660377364, 1.0904946933962283, 0.49076238207547335, 0.8272169811320772, 0.9687983490566032, 1.2042370283018866, 0.10896992924528164, 1.6425029481132096, 0.23623408018867448, 1.6345489386792456, 0.4995117924528309, 0.04454245283018643, 0.5655300707547211, 1.362521816037737, 0.20919044811321102, 0.47644516509433754, 0.210781249999998, 0.23225707547169905, 1.1032211084905665, 1.0053867924528308, 0.04056544811320309, 0.06840448113207324, 0.9751615566037776, 0.657796580188681, 1.3760436320754739, 0.40644988207547206, 0.9672075471698136, 0.629957547169811, 0.047724056603773636, 1.932028891509436, 0.24816509433962713, 1.4547883254716998, 0.2068042452830226, 0.6227989386792456, 0.08510790094340011, 0.9059616745283054, 0.5862104952830206, 0.03738384433962647, 0.08908490566037551, 1.2527564858490565, 0.6013231132075473, 0.08192629716980761, 0.5042841981132077, 0.15987558962263715, 0.2537329009433948, 1.5908018867924554, 0.8359663915094321, 2.475287735849055, 0.021475825471698403, 1.6878408018867923, 0.5114428066037703, 0.59814150943396, 0.8669870283018895, 0.3253189858490553, 0.7659711084905666, 0.2752087264150906, 0.7961963443396252, 0.4533785377358495, 0.2600961084905613, 0.6434793632075505, 1.1501497641509388, 0.6235943396226418, 0.11374233490566377, 0.15748938679244875, 0.2489604952830153, 0.5607576650943441, 0.021475825471698403, 0.7063160377358535, 1.0411798349056625, 0.15033077830189145, 0.5186014150943382, 1.6114823113207548, 0.8327847877358502, 0.016703419811321566, 1.5510318396226432, 0.1574893867924567, 1.5494410377358456, 0.5416680424528263, 0.1423767688679221, 0.11135613207547536, 1.3275241745283042, 0.2958891509434008, 0.34043160377358456, 0.6927942216981139, 1.2885495283018882, 0.2410064858490566, 0.8566468160377317, 88.77629009433963, 86.66768219339623, 83.19814327830188, 80.41344457547171, 78.23722759433961, 65.26980601415094, 57.617253537735856, 47.37567099056605, 2.5882346698113223, 1.351386202830191, 3.3645459905660386, 1.2296898584905684, 0.23384787735849133, 0.4319027122641511, 0.708702240566034, 0.03817924528301467, 0.47405896226415445, 0.08351709905659989, 1.165262382075468, 1.5780754716981145, 0.22748466981131693, 2.029863207547169, 0.9322099056603755, 2.0306586084905676, 0.1010159198113229, 0.7484722877358488, 0.9433455188679267, 1.1358325471698107, 0.5305324292452857, 0.7699481132075473, 4.943416863207549, 0.1757836084905679, 2.2668926886792473, 0.276004127358492, 0.33009139150943473, 1.1461727594339635, 0.5241692216981112, 1.2901403301886776, 1.5605766509433967, 0.26327771226415114, 0.5011025943396179, 0.36906603773585084, 1.4460389150943396, 0.9918649764150939, 0.7548354952830206, 0.1614663915094321, 1.438880306603774, 0.7079068396226404, 0.40008667452830027, 0.5018979952830166, 0.09703891509433954, 0.3141833726415093, 1.2257128537735853, 0.41360849056603993, 0.37940625000000067, 0.08908490566037815, 0.20441804245282888, 1.2638920990566078, 0.38576945754716974, 1.318774764150944, 1.1286739386792457, 0.5162152122641525, 0.1336273584905699, 0.7365412735849041, 0.30941096698112985, 1.3879746462264186, 1.4245630896226438, 0.8574422169811331, 1.6369351415094342, 1.9543001179245305, 0.6355253537735865, 1.6401167452830212, 0.5209876179245293, 0.07635849056603729, 0.30066155660377764, 0.262482311320755, 1.6401167452830212, 0.9886833726415118, 0.7826745283018829, 1.5884156839622643, 0.40167747641509255, 0.5011025943396231, 0.7444952830188682, 0.2807765330188662, 0.4597417452830213, 1.2145772405660338, 0.08033549528302063, 0.19487323113207522, 0.31020636792452333, 1.932824292452832, 0.3977004716981172, 0.44860613207547534, 0.2752087264150906, 0.3117971698113182, 0.9855017688679247, 0.27123172169811516, 1.2662783018867911, 0.1662387971698089, 1.5884156839622643, 1.4364941037735859, 0.42633490566038085, 1.5287606132075513, 1.0745866745283001, 1.0268626179245293, 1.3370689858490579, 0.29747995283018774, 1.0220902122641524, 0.5798472877358541, 2.2478030660377373, 0.6506379716981131, 0.5870058962264114, 0.6060955188679295, 0.43110731132075236, 1.57489386792453, 0.3444086084905626, 1.5518272405660338, 0.968002948113207, 0.11056073113207657, 1.8564658018868028, 1.7244292452830228, 0.7540400943396244, 0.540872641509438, 1.5406916273584907, 0.6371161556603735, 1.1024257075471704, 0.8693732311320779, 0.04851945754717242, 0.19407783018867908, 0.6912034198113243, 0.5440542452830226, 0.04931485849056591, 1.0435660377358456, 0.36190742924528296, 0.20044103773584554, 1.5486456367924546, 0.9982281839622604, 0.48837617924528226, 0.9950465801886758, 0.3459994103773628, 0.38020165094339414, 0.2083950471698096, 0.4319027122641511, 1.0300442216981138, 0.9592535377358442, 1.6822729952830193, 0.42872110849056394, 0.5138290094339587, 1.415018278301882, 0.42553950471698204, 0.05011025943396205, 0.7198378537735826, 0.4883761792452849, 0.040565448113208384, 0.19646403301887017, 1.3219563679245285, 0.11374233490565847, 0.039770047169814894, 0.9847063679245287, 0.5647346698113195, 0.478831367924526, 0.14635377358490545, 1.0149316037735872, 0.5432588443396265, 0.36986143867924964, 2.2533708726415105, 0.7039298349056651, 0.4486061320754674, 0.09942511792452798, 1.0165224056603768, 0.13521816037735687, 1.415813679245281, 0.9242558962264115, 0.3197511792452823, 0.04454245283018643, 0.25452830188679093, 0.1399905660377337, 0.573484080188677, 0.1885100235849061, 0.3444086084905626, 0.15669398584905525, 0.4446291273584867, 1.7260200471698122, 0.6339345518867942, 0.47167275943396075, 1.4603561320754672, 0.08590330188679625, 0.6609781839622683, 0.23782488207546937, 1.1763979952830192, 0.3961096698113249, 0.6951804245282996, 0.5710978773584887, 0.5933691037735885, 0.31895577830188876, 1.3911562500000008, 0.40724528301886814, 0.6100725235849048, 0.6967712264150945, 0.4326981132075499, 0.20203183962264049, 0.5392818396226458, 0.6355253537735865, 0.5496220518867929, 0.6991574292452829, 2.0409988207547176, 0.716656249999998, 1.4309262971698156, 0.5480312500000033, 0.415994693396223, 0.6196173349056584, 0.7914239386792457, 1.090494693396223, 1.404678066037735, 0.10658372641509586, 0.09544811320754727, 0.6713183962264154, 0.21555365566038015, 0.012726415094338223, 2.4697199292452816, 0.5170106132075459, 0.6458655660377337, 0.8797134433962304, 0.06681367924527833, 0.7039298349056651, 0.07635849056604258, 0.5353048349056571, 1.3847930424528316, 0.9027800707547183, 0.26327771226415375, 0.07238148584905925, 0.6888172169811357, 0.20600884433962116, 0.6387069575471738, 0.7198378537735826, 2.3002995283018883, 1.2877541273584947, 0.787446933962265, 1.4134274764150927, 0.7158608490565992, 0.5090566037735872, 0.4247441037735806, 0.42076709905659987, 0.5504174528301864, 0.0859033018867883, 1.1159475235849048, 0.07317688679245007, 0.8224445754716977, 1.1135613207547164, 1.7936291273584948, 0.03897464622641346, 0.6744999999999973, 0.844715801886803, 1.401496462264153, 0.1924870283018842, 1.1541267688679246, 0.2600961084905666, 1.382406839622643, 0.5790518867924527, 1.4158136792452836, 0.7452906839622643, 0.7262010613207569, 0.6737045990566065, 0.08669870283018709, 1.2424162735849043, 1.528760613207546, 0.05806426886792079, 0.28634433962264183, 0.30622936320754524, 1.1143567216981098, 1.1684439858490605, 0.003181603773587205, 0.04374705188679294, 0.30702476415094143, 0.38179245283018376, 0.605300117924528, 0.652228773584908, 0.4128130896226464, 1.9694127358490574, 0.38497405660377365, 1.4563791273584918, 0.6371161556603815, 0.11215153301886355, 1.7276108490566044, 0.9091432783018875, 0.583028891509436, 0.8486928066037756, 0.19407783018868172, 0.9727753537735865, 0.02068042452829961, 1.6401167452830212, 1.3776344339622661, 0.8232399764150938, 0.5520082547169813, 1.0507246462264135, 0.41917629716981025, 0.2656639150943422, 1.0984487028301897, 0.19487323113207786, 0.758812499999996, 0.8526698113207509, 0.6633643867924567, 1.1167429245283036, 1.8660106132075487, 2.025886202830191, 0.2227122641509454, 1.318774764150944, 0.42394870283019237, 1.3649080188679252, 0.3110017688679274, 1.4619469339622677, 0.4843991745283069, 0.057268867924532604, 0.2370294811320759, 0.33406839622641543, 0.2593007075471731, 0.32372818396226566, 0.38497405660377626, 0.46849115566037886, 0.042951650943396806, 0.4501969339622676, 0.6037093160377409, 1.0881084905660372, 1.1342417452830214, 0.3650890330188675, 0.21237205188679292, 0.0039770047169806946, 0.16703419811320772, 0.9210742924528322, 0.36111202830188677, 0.3181603773584927, 0.4804221698113236, 0.8097181603773596, 0.738132075471699, 1.1016303066037743, 0.4239487028301871, 1.9487323113207522, 0.2290754716981092, 1.8214681603773597, 0.13442275943396073, 0.4661049528301904, 0.8272169811320746, 1.1167429245283036, 0.7611987028301844, 0.17419280660377826, 0.050905660377360835, 0.11692393867924038, 0.33168219339622174, 0.40644988207547206, 0.5225784198113216, 1.0372028301886818, 1.4866043632075479, 1.1779887971698115, 1.9344150943396246, 1.6130731132075473, 1.8938496462264134, 0.6927942216981139, 0.3587258254716958, 1.931233490566037, 0.252937500000004, 0.971184551886789, 1.1071981132075472, 0.8359663915094347, 0.5456450471698149, 0.27202712264151396, 0.6124587264150932, 0.2887305424528302, 1.488990566037731, 0.6880218160377369, 0.312592570754717, 1.081745283018868, 0.39690507075471837, 1.0594740566037737, 0.7786975235849074, 0.6967712264150945, 1.1732163915094322, 0.16464799528301402, 1.553418042452826, 0.1209009433962237, 0.4780359669811298, 0.05806426886792079, 1.4738779481132096, 1.176397995283014, 0.20282724056604193, 0.17419280660377826, 1.2265082547169814, 0.9695937500000019, 1.0944716981132117, 1.2909357311320764, 1.7641992924528322, 0.4597417452830186, 0.4104268867924527, 2.1650813679245284, 0.8653962264150945, 1.5812570754717017, 1.2463932783018847, 0.13521816037735687, 1.1461727594339635, 0.2736179245283036, 0.31577417452830425, 0.19010082547169574, 1.315593160377357, 0.3261143867924514, 1.5995512971698076, 0.5862104952830206, 0.44065212264150866, 0.9338007075471677, 2.5063083726415094, 0.6577965801886785, 0.3603166273584907, 0.1654433962264128, 0.8606238207547151, 0.27520872641509586, 0.09226650943396006, 0.5520082547169813, 0.515419811320759, 0.8749410377358509, 0.5655300707547211, 0.210781249999998, 0.25293749999999604, 0.47246816037736217, 1.2304852594339646, 0.7922193396226418, 0.7667665094339601, 1.2288944575471805, 1.01175, 2.232690448113206, 1.975775943396237, 1.3967240566037762, 0.3388408018867923, 1.5136479952830193, 1.2702553066037743, 0.14317216981132092, 0.05726886792452465, 0.2441880896226438, 0.5042841981132103, 2.0656562500000004, 1.2336668632075491, 0.2243030660377403, 0.08033549528301799, 0.3714522405660366, 0.10817452830188813, 0.8136951650943349, 0.6410931603773569, 1.2384392688679207, 0.3117971698113182, 0.003181603773587205, 0.1853284198113242, 0.39849587264151326, 1.064246462264153, 0.7691527122641512, 0.5170106132075513, 0.870168632075474, 0.011135613207545947, 0.5432588443396265, 0.18691922169811384, 1.038793632075474, 2.191329599056606, 1.3967240566037762, 0.005567806603775621, 0.4064498820754694, 0.9998189858490578, 0.285548938679243, 0.6554103773584926, 0.987092570754717, 4.65150471698113, 1.2567334905660372, 1.3036621462264173, 1.0976533018867882, 1.2161680424528343, 1.7991969339622649, 1.5136479952830217, 0.23464327830188747, 0.5623484669811337, 1.2710507075471678, 1.2161680424528287, 0.2744133254717024, 1.0952670990566051, 0.3762246462264135, 0.050905660377360835, 1.3927470518867902, 2.6272093160377383, 0.2521420990566052, 0.03897464622641346, 0.09465271226414848, 0.7954009433962264, 0.7269964622641532, 0.8089227594339581, 1.5923926886792477, 1.0037959905660412, 0.2569145047169847, 1.0753820754717016, 0.46849115566037347, 0.023862028301886818, 0.9664121462264254, 0.5162152122641525, 1.1533313679245285, 0.7023390330188702, 0.1304457547169827, 1.5112617924528282, 0.8144905660377337, 0.9576627358490546, 0.3945188679245246, 0.7794929245283009, 0.05567806603773238, 1.455583726415096, 0.9552765330188688, 0.4955347877358528, 0.6737045990566065, 0.2521420990566052, 1.1604899764150913, 0.1590801886792437, 0.4207670990566052, 0.3475902122641498, 0.6983620283018869, 0.9958419811320719, 0.8136951650943349, 0.38497405660377365, 0.05329186320754925, 1.3720666273584907, 0.16703419811320772, 1.5669398584905685, 0.14317216981132092, 0.44781073113207925, 0.14873997641509654, 0.8995984669811339, 0.7134746462264188, 0.4255395047169794, 1.1270831367924508, 0.757221698113209, 0.52496462264151, 0.5440542452830226, 0.15748938679244875, 0.27998113207547265, 0.45337853773584424, 1.400701061320757, 0.3459994103773628, 0.47644516509433754, 1.2734369103773588, 1.360931014150942, 1.6679557783018888, 2.6025518867924524, 0.19725943396226364, 1.1278785377358496, 1.0276580188679227, 1.729997051886793, 0.8025595518867942, 1.8254451650943402, 0.8288077830188643, 0.20203183962264049, 0.07158608490566046, 1.0658372641509428, 1.3330919811320745, 0.03340683962263783, 0.587801297169813, 0.31975117924528756, 1.5494410377358507, 0.5082612028301884, 0.8940306603773581, 1.0857222877358594, 0.26964091981132554, 0.784265330188683, 0.8813042452830173, 0.09783431603773568, 1.0491338443396265, 0.7794929245283037, 0.36270283018867905, 0.5106474056603821, 1.307639150943398, 1.898622051886793, 0.17339740566037948, 0.7627895047169847, 0.2616869103773562, 0.749267688679245, 0.4828083726415093, 0.16544339622641546, 0.7031344339622663, 1.0722004716981146, 1.051520047169815, 1.1732163915094322, 0.21714445754716977, 0.9457317216981098, 1.8310129716981132, 1.0451568396226432, 0.03817924528302262, 0.9139156839622643, 1.080949882075472, 0.3897464622641531, 1.1771933962264154, 0.8232399764150965, 1.2360530660377376, 0.8423295990566038, 0.8980076650943363, 1.8588520047169832, 6.018798938679245, 1.888281839622643, 0.04374705188679294, 0.1073791273584867, 0.10658372641509321, 0.7755159198113203, 0.6387069575471686, 0.3110017688679274, 1.0682234669811312, 0.5551898584905659, 1.7220430424528315, 0.276004127358492, 0.29747995283018774, 0.6355253537735812, 0.40008667452830027, 0.03658844339622504, 0.49394398584905264, 1.0570878537735853, 0.3969050707547131, 0.18373761792453192, 0.06999528301886553, 1.644889150943398, 1.3442275943396205, 0.3953142688679261, 1.0865176886792476, 1.4380849056603808, 0.6291621462264174, 0.30702476415094143, 0.5543944575471724, 0.3555442216981085, 1.0332258254716984, 0.6084817216981179, 0.5599622641509453, 0.18771462264150732, 1.7554498820754694, 2.0012287735849026, 1.1223107311320766, 1.1652623820754733, 0.3332729952830166, 0.28157193396225966, 0.2521420990566025, 0.5416680424528263, 0.38417865566037745, 0.7405182783018874, 0.04931485849056591, 0.4581509433962263, 0.3515672169811305, 0.2521420990566025, 0.4565601415094367, 0.2155536556603775, 0.38576945754716974, 1.343432193396227, 0.2370294811320759, 0.7723343160377383, 0.0787446933962257, 1.4754687500000019, 0.17101120283018842, 0.18771462264150732, 1.6377305424528303, 0.45099233490566115, 1.1270831367924508, 0.025452830188676445, 0.6371161556603815, 0.5909829009433948, 0.28634433962264183, 1.9805483490566032, 0.31975117924528756, 1.2972989386792455, 0.934596108490564, 1.8278313679245286, 1.3315011792452849, 1.8111279481132097, 0.030225235849058577, 0.6514333726415092, 0.7739251179245307, 0.02068042452829961, 0.678477004716978, 0.36747523584905595, 0.24180188679245537, 0.23623408018867975, 0.15669398584906055, 0.11294693396226232, 2.0402034198113217, 1.2861633254716998, 0.4207670990566052, 1.0865176886792476, 0.478831367924526, 0.4780359669811325, 0.2370294811320759, 0.5289416273584906, 0.46053714622642006, 0.09544811320754727, 0.7866515330188715, 0.6315483490566058, 1.3004805424528303, 0.5830288915094308, 0.21396285377358257, 2.0640654481132086, 0.1455583726415093, 0.09465271226414848, 0.09783431603773568, 0.22668926886792876, 0.30941096698112985, 0.12567334905660585, 0.16862499999999736, 0.4581509433962263, 0.23702948113207323, 2.1595135613207557, 2.363931603773587, 0.5074658018867922, 0.38895106132075435, 1.175602594339623, 0.5599622641509453, 0.6506379716981106, 0.061245872641513294, 0.5162152122641525, 0.3110017688679274, 0.4637187499999967, 0.11135613207547536, 0.7938101415094341, 0.7373366745283029, 1.244802476415098, 1.2392346698113195, 1.6114823113207548, 0.9512995283018908, 0.5003071933962243, 0.0039770047169806946, 0.19566863207547136, 2.8045837264150935, 0.17021580188679228, 1.1064027122641513, 1.051520047169815, 0.019089622641504683, 0.08988030660377694, 1.092085495283018, 0.5249646226415047, 0.17737441037736018, 0.5345094339622689, 1.2957081367924532, 1.0984487028301897, 1.1795795990566038, 1.0189086084905679, 0.05011025943396205, 0.06760908018867975, 1.6949994103773576, 0.6172311320754754, 1.1485589622641517, 0.28634433962264183, 1.006182193396227, 0.06283667452830027, 0.8805088443396185, 0.03499764150943276, 0.47724056603773635, 1.074586674528303, 0.40485908018867706, 0.2561191037735859, 1.0340212264150945, 0.7794929245283037, 0.3444086084905626, 0.15669398584906055, 1.0467476415094328, 0.43428891509433953, 1.437289504716982, 1.0666326650943416, 0.7500630896226438, 2.931052476415095, 0.4159946933962283, 1.3736574292452857, 0.7429044811320759, 81.4896220518868, 73.61197110849056, 70.73580129716983, 60.587280660377374, 57.61963974056604, 50.98281426886794, 1.492967570754717, 3.3382977594339605, 3.1863761792452823, 2.118152712264151, 0.20600884433962383, 0.21873525943396205, 1.332296580188681, 0.5870058962264194, 2.172239976415094, 1.3474091981132077, 0.8375571933962218, 1.01175, 0.6919988207547176, 0.3746338443396185, 0.28316273584905455, 1.1008349056603781, 0.38576945754716974, 0.11533313679245075, 0.5289416273584906, 0.6609781839622603, 0.23464327830188483, 0.05011025943396205, 0.24816509433961917, 0.5305324292452829, 0.8606238207547203, 0.12090094339622637, 0.45019693396226235, 0.38258785377358256, 1.301275943396229, 0.5535990566037736, 1.4937629716981238, 0.6856356132075433, 0.7444952830188682, 2.092699882075469, 0.16067099056603598, 1.0356120283018868, 1.7355648584905685, 1.113561320754719, 0.8820996462264188, 1.2718461084905612, 0.8542606132075485, 0.7262010613207569, 0.6896126179245239, 1.2686645047169847, 0.6880218160377344, 1.285367924528301, 0.44701533018868045, 0.9481179245283036, 0.6951804245283023, 1.212986438679247, 3.5578284198113215, 1.2026462264150946, 0.3261143867924567, 1.4229722877358515, 0.09306191037735355, 1.70533962264151, 0.28077653301887145, 0.12805955188679427, 0.9393685141509434, 0.44462912735849197, 1.3386597877358501, 0.1216963443396225, 0.1924870283018842, 1.356954009433964, 0.3348637971698116, 0.40963148584905656, 0.3539534198113216, 0.9011892688679235, 1.1962830188679228, 0.6856356132075485, 0.427130306603769, 0.4104268867924527, 0.9043708726415053, 1.1398095518867943, 0.24736969339622572, 0.11374233490565847, 0.8749410377358509, 0.48917158018868373, 1.0332258254716984, 2.8061745283018857, 0.49155778301887215, 1.5096709905660413, 0.40565448113207586, 0.9107340801886799, 0.4804221698113236, 0.34759021226415243, 0.38815566037735816, 0.3992912735849068, 0.2616869103773562, 1.4022918632075492, 1.3744528301886791, 0.4891715801886758, 0.1010159198113229, 0.8964168632075493, 1.2750277122641511, 0.763584905660373, 0.7635849056603782, 0.8073319575471684, 0.7763113207547191, 0.8502836084905679, 0.47564976415094407, 0.19725943396226364, 6.528650943396223, 15.066484669811322, 21.00972051886793, 9.193244103773585, 8.778044811320754, 0.17021580188679492, 0.17657900943396668, 1.391951650943397, 1.380816037735851, 0.5003071933962243, 0.27441332547169445, 0.8820996462264188, 1.1724209905660385, 0.4239487028301871, 0.7707435141509433, 2.868215801886795, 0.2887305424528302, 0.8542606132075433, 1.3927470518867928, 1.5343284198113216, 1.3378643867924513, 0.9775477594339661, 1.1398095518867917, 0.0357930424528342, 0.8876674528301838, 0.9489133254716997, 1.0976533018867882, 1.2702553066037743, 0.005567806603775621, 0.7142700471698122, 0.9314145047169794, 0.33009139150943473, 0.28395813679245335, 0.4430383254716997, 0.2489604952830153, 0.7850607311320766, 1.3378643867924513, 0.2807765330188662, 0.15351238207546808, 0.6005277122641511, 1.509670990566036, 1.3688850235849033, 0.34520400943396135, 0.011931014150947383, 0.9783431603773595, 0.8248307783018888, 0.8351709905660386, 1.9845253537735839, 0.8335801886792437, 0.47326356132075303, 0.6029139150943396, 0.4653095518867969, 0.9576627358490573, 0.20362264150943013, 0.31736497641509914, 0.9664121462264148, 0.4056544811320706, 0.8335801886792463, 0.7373366745283029, 1.0594740566037737, 0.05408726415094275, 1.1636715801886812, 0.2911167452830239, 0.09942511792453061, 1.2257128537735853, 0.4565601415094367, 0.7794929245283037, 0.5376910377358456, 0.6752954009433961, 0.26884551886792407, 0.6148449292452869, 1.2034416273584907, 0.670522995283014, 0.3977004716981119, 0.06283667452830292, 0.5504174528301864, 0.7611987028301898, 0.9353915094339573, 0.1010159198113229, 1.2288944575471805, 1.7132936320754741, 1.7403372641509454, 1.4380849056603808, 0.1105607311320739, 0.17737441037735488, 1.6488661556603788, 0.22430306603773237, 0.3770200471698069, 0.5822334905660372, 1.2861633254716944, 1.947936910377356, 0.25055129716981556, 1.913734669811322, 0.4875807783018835, 0.8359663915094321, 1.6194363207547164, 0.06522287735849135, 0.15271698113207985, 0.061245872641508, 1.1485589622641517, 0.9958419811320772, 0.4215624999999987, 1.3251379716981158, 1.5255790094339639, 1.302071344339625, 1.9916839622641518, 0.3809970518867903, 0.9369823113207549, 0.7174516509433941, 0.44781073113207387, 0.7468814858490566, 0.5543944575471698, 1.2511656839622642, 1.691817806603773, 0.5225784198113163, 0.4056544811320706, 0.8964168632075493, 0.357930424528297, 1.8095371462264174, 0.4836037735849081, 0.36588443396226095, 1.1843520047169833, 0.8455112028301911, 0.007954009433964038, 0.8789180424528316, 1.1970784198113242, 0.1662387971698089, 0.17021580188679492, 0.4223579009434001, 0.36986143867924165, 0.07158608490566046, 0.011135613207548594, 0.35236261792453194, 1.0920854952830206, 0.21157665094339415, 0.653819575471703, 0.722224056603771, 0.12408254716981093, 0.758812499999996, 0.5337140330188702, 0.7190424528301864, 1.4420619103773615, 1.8906680424528288, 0.24816509433961917, 3.1481969339622626, 1.0706096698113197, 1.3720666273584907, 0.5193968160377397, 0.046133254716981355, 0.25293749999999604, 0.59814150943396, 0.4382659198113229, 1.5398962264150946, 1.4364941037735859, 0.7802883254716997, 2.58346226415094, 1.393542452830189, 1.517625, 0.03420224056603397, 1.3426367924528309, 2.444267099056605, 2.660616155660376, 0.6275713443396278, 0.7922193396226418, 0.8200583726415119, 0.27202712264151396, 2.401315448113208, 0.14476297169811053, 0.41360849056603993, 0.532918632075474, 1.1374233490566057, 0.04931485849056591, 1.1445819575471685, 1.037202830188679, 0.4629233490566032, 0.10896992924528692, 0.38497405660377626, 0.6084817216981125, 0.5392818396226458, 0.00715860849056525, 0.6068909198113229, 1.3219563679245285, 1.037998231132086, 0.03499764150943541, 0.08351709905660784, 0.09226650943396006, 0.7309734669811285, 1.7713579009433973, 0.8240353773584873, 1.3418413915094347, 0.10737912735849466, 0.09465271226415113, 1.0443614386792444, 1.7618130896226438, 1.373657429245283, 0.6482517688679247, 0.4883761792452849, 1.4412665094339627, 0.07238148584905925, 0.9934557783018835, 0.6005277122641485, 0.36429363207547405, 0.6681367924528309, 1.527169811320751, 1.0443614386792444, 0.5830288915094308, 0.6482517688679221, 0.38656485849056593, 1.0658372641509428, 1.3283195754717003, 1.6242087264150933, 0.03897464622641346, 0.17498820754717176, 0.24180188679245274, 0.9314145047169794, 0.1471491745283016, 1.1469681603773567, 0.3348637971698116, 0.9306191037735806, 1.3458183962264154, 0.23464327830188483, 0.27600412735848934, 1.5104663915094347, 1.212191037735851, 1.2241220518867877, 1.2249174528301892, 2.0044103773584876, 2.0354310141509417, 0.2282800707547157, 0.6060955188679295, 1.1032211084905665, 1.2209404481132111, 0.06283667452830027, 1.1875336084905652, 0.7946055424528302, 1.1231061320754698, 0.7810837264150958, 0.5599622641509453, 0.09465271226415113, 0.41201768867924504, 1.697385613207546, 1.0109545990566038, 1.5931880896226411, 0.38497405660377626, 1.3259333726415092, 0.6045047169811345, 0.743699882075472, 0.4645141509433981, 0.03420224056603927, 0.27043632075471374, 0.7850607311320712, 0.29986615566037883, 0.47485436320754265, 1.2098048349056625, 0.7532446933962283, 0.004772405660382131, 1.6432983490566033, 0.2752087264150906, 1.0324304245283022, 0.007158608490570549, 1.935210495283018, 1.908166863207544, 1.4937629716981131, 1.244802476415098, 1.4229722877358515, 0.8184675707547171, 2.1364469339622625, 0.10181132075471638, 0.933005306603769, 0.481217570754717, 0.9035754716981171, 0.5281462264150972, 1.2471886792452835, 3.537147995283017, 2.0767918632075464, 1.165262382075468, 0.8614192216981138, 0.36906603773584823, 0.17657900943396668, 1.9097576650943415, 0.1471491745283016, 0.1869192216981112, 1.3863838443396184, 0.6243897405660352, 1.6735235849056616, 0.3969050707547131, 0.23146167452830557, 0.9441409198113203, 0.19328242924528297, 0.2553237028301924, 0.9369823113207549, 0.4843991745283016, 1.0833360849056606, 0.27679952830189075, 1.1453773584905673, 0.13442275943396337, 0.23862028301886817, 0.7763113207547137, 0.6840448113207563, 0.8431250000000026, 0.18135141509433558, 1.2798001179245306, 0.981524764150944, 1.0165224056603768, 0.2593007075471731, 1.4683101415094366, 0.27998113207547265, 0.4207670990566052, 0.5718932783018849, 0.8980076650943415, 0.05488266509434419, 1.7276108490566044, 0.1288549528301851, 1.9089622641509454, 1.2368484669811286, 1.1183337264150932, 1.4341079009433921, 1.1246969339622623, 0.6538195754716977, 0.008749410377357528, 1.5001261792452822, 1.506489386792454, 1.359340212264155, 0.20203183962264049, 1.1588991745283015, 0.7246102594339621, 1.1334463443396225, 0.6434793632075505, 0.07476768867924766, 0.15828478773584753, 0.9250512971698102, 0.1614663915094321, 0.4533785377358495, 1.322751768867925, 0.31895577830188615, 0.304638561320753, 0.4398567216981099, 0.9178926886792477, 1.021294811320751, 0.5003071933962243, 1.4571745283018906, 0.9791385613207557, 1.138218750000002, 0.3992912735849068, 1.1390141509433982, 0.6482517688679247, 2.1650813679245284, 0.1041975235849048, 0.06681367924528361, 1.0292488207547177, 0.4676957547169774, 0.5679162735849015, 2.53812441037736, 1.0427706367924494, 0.21316745283018906, 1.4285400943396218, 0.9656167452830213, 2.13485613207547, 0.1622617924528256, 0.1543077830188695, 4.82887912735849, 0.7079068396226404, 0.26645931603773304, 0.06840448113207324, 0.4215624999999987, 1.0300442216981112, 1.3315011792452849, 0.8948260613207543, 0.022271226415094537, 0.19169162735849332, 0.46371875000000196, 1.2201450471698096, 0.40644988207547206, 0.16703419811320772, 0.015112617924529288, 0.5201922169811357, 0.7254056603773581, 0.909938679245281, 0.42315330188679096, 0.5440542452830146, 0.06045047169811451, 0.4398567216981152, 0.0023862028301884167, 1.2670737028301844, 0.3595212264150919, 1.3362735849056617, 0.08669870283018974, 0.10499292452830623, 1.7602222877358513, 0.18055601415094208, 0.0039770047169806946, 0.6331391509433981, 0.8232399764150938, 0.12408254716981093, 1.3307057783018887, 0.09067570754717044, 0.2887305424528302, 1.343432193396227, 1.1199245283018882, 0.10976533018867511, 0.3921326650943415, 0.7118838443396238, 1.351386202830191, 0.042156249999998015, 0.515419811320751, 0.6227989386792404, 0.7389274764150978, 0.29747995283018774, 0.0047724056603768335, 0.40008667452830027, 0.870168632075474, 0.7627895047169794, 1.1246969339622648, 0.1574893867924567, 1.105607311320755, 0.011931014150939435, 1.5884156839622643, 1.5725076650943415, 1.263096698113209, 0.7691527122641512, 0.09544811320754727, 1.236848466981134, 0.32770518867924364, 0.5917783018867884, 0.17180660377358986, 0.9035754716981171, 2.045771226415092, 0.09862971698113447, 0.10499292452829828, 0.5217830188679228, 1.0093637971698117, 0.8407387971698116, 0.4573555424528276, 1.0944716981132117, 0.09783431603773568, 0.19328242924528297, 1.340250589622645, 482.4615778301888, 475.8589545990567, 470.3539846698114, 12.693008254716984, 1.0634510613207542, 1.6496615566037722, 0.4891715801886758, 0.594164504716982, 1.547054834905657, 0.16464799528301402, 0.22907547169811715, 1.7538590801886798, 1.3410459905660332, 1.0403844339622663, 1.3219563679245285, 1.1684439858490605, 0.4899669811320772, 0.1368089622641518, 0.06919988207547204, 0.33168219339622174, 1.8532841981132078, 0.4645141509433955, 0.02704363207547402, 1.1883290094339587, 1.5239882075471718, 1.1803750000000002, 1.3084345518867941, 1.512852594339623, 0.1885100235849061, 0.7214286556603775, 1.4174044811320758, 0.5265554245282996, 0.8224445754717005, 0.04454245283018643, 0.8423295990566038, 1.306843750000002, 1.1660577830188694, 0.9767523584905673, 0.9560719339622676, 0.6737045990566038, 0.7468814858490566, 1.7109074292452935, 0.9131202830188682, 1.8564658018867894, 0.296684551886789, 0.9218696933962284, 0.8860766509433942, 0.7341550707547156, 0.6975666273584906, 1.286958726415096, 1.0340212264150945, 1.0379982311320752, 0.30066155660377764, 0.7397228773584913, 0.9115294811320759, 1.772153301886796, 0.8280123820754733, 0.19487323113207786, 1.2265082547169814, 1.5565996462264162, 1.1278785377358496, 1.193896816037737, 0.10419752358490744, 1.3800206367924548, 0.9131202830188682, 0.2823673349056611, 1.0825406839622642, 0.21396285377358257, 1.848511792452831, 1.3370689858490579, 1.7331786556603774, 0.6888172169811357, 0.295093750000002, 1.4412665094339627, 1.3657034198113216, 1.121515330188675, 0.36588443396226633, 0.11612853773584687, 0.583028891509436, 0.3054339622641465, 0.5345094339622689, 0.9266420990566026, 1.3951332547169812, 1.6027329009433948, 0.19328242924528297, 0.8383525943396205, 0.2489604952830153, 0.10896992924528164, 0.2250984669811338, 0.07794929245283222, 0.023862028301886818, 0.09624351415094341, 2.118152712264151, 1.0109545990566038, 1.6417075471698135, 0.41519929245282955, 0.5838242924528322, 3.9229174528301862, 1.659206367924526, 0.03261143867924434, 1.9105530660377377, 0.3197511792452823, 1.9821391509433983, 0.5878012971698076, 0.23623408018867448, 0.3706568396226431, 1.6902270047169805, 0.9075524764150925, 1.3084345518867941, 1.3879746462264186, 0.9131202830188682, 0.2585053066037743, 0.5281462264150972, 0.30384316037735953, 1.4412665094339627, 0.21714445754716977, 0.5424634433962277, 0.6355253537735865, 0.5448496462264134, 1.4452435141509434, 0.7611987028301844, 0.6013231132075473, 0.3515672169811305, 0.3229327830188642, 0.12249174528302129, 1.2121910377358456, 0.8566468160377371, 1.2766185141509434, 1.3394551886792463, 1.1429911556603736, 0.5424634433962251, 0.3603166273584907, 2.250189268867926, 0.5631438679245246, 1.5255790094339639, 0.4454245283018855, 1.7172706367924548, 0.057268867924532604, 1.0865176886792476, 0.981524764150944, 0.37861084905660186, 0.5233738207547177, 0.9727753537735865, 0.10181132075471638, 0.07238148584905658, 0.6021185141509461, 1.4492205188679268, 2.1086079009433973, 1.0133408018867949, 1.2042370283018866, 0.33725000000000266, 0.3332729952830166, 1.3147977594339633, 0.04056544811320309, 1.3466137971698118, 0.9703891509433955, 0.8391479952830193, 0.09465271226414848, 1.3704758254716982, 0.5090566037735872, 1.7061350235849062, 1.4754687500000019, 0.372247641509438, 1.805560141509434, 0.2927075471698109, 0.08033549528301799, 2.419609669811319, 0.5018979952830194, 0.629957547169811, 0.16703419811320772, 0.3682706367924494, 0.9719799528301851, 0.08192629716980761, 0.09067570754716513, 0.04931485849056326, 0.6896126179245319, 1.7403372641509427, 0.24498349056603994, 0.10499292452830623, 0.03897464622641346, 0.4104268867924527, 0.7794929245283009, 1.8437393867924512, 0.14794457547170303, 0.6013231132075473, 0.06601827830189012, 0.220326061320757, 0.8208537735849161, 0.5758702830188682, 1.442857311320755, 0.8805088443396185, 0.8455112028301911, 0.7214286556603802, 1.3346827830188694, 2.1269021226415115, 1.3084345518867941, 2.32257075471698, 0.10499292452830623, 1.5454640330188703, 0.22748466981131693, 1.5534180424528314, 1.4142228773584888, 0.12805955188679163, 0.8789180424528316, 0.2370294811320759, 0.4883761792452849, 1.5223974056603795, 0.8128997641509467, 1.4301308962264168, 0.2274846698113222, 0.2648685141509434, 0.27282252358490744, 0.9465271226415113, 0.23782488207546937, 1.7347694575471804, 0.12646875000000465, 1.1406049528301905, 2.0402034198113217, 1.4563791273584918, 0.17976061320754858, 0.15669398584906055, 0.05885966981132223, 1.7188614386792471, 0.738132075471699, 0.7596079009433974, 0.3706568396226431, 0.7969917452830292, 0.025452830188676445, 0.42872110849056394, 0.07556308962264378, 0.40167747641509516, 1.195487617924524, 0.5233738207547151, 1.014136202830199, 0.33645459905660385, 0.7214286556603802, 0.9990235849056645, 1.0523154481132082, 0.4112222877358515, 0.30782016509434024, 1.0077729952830166, 2.442676297169813, 0.18055601415094738, 0.9974327830188642, 0.7079068396226404, 0.5854150943396192, 0.4629233490566085, 1.3211609669811324, 0.6562057783018914, 1.7657900943396192, 0.5130336084905626, 1.1159475235849075, 1.0586786556603776, 0.23305247641509255, 0.879713443396225, 0.20123643867924698, 1.0475430424528263, 1.4961491745283044, 0.5750748820754666, 0.7429044811320732, 0.06681367924527833, 0.63632075471698, 3.450449292452832, 0.6045047169811345, 1.2185542452830225, 0.7906285377358496, 0.8805088443396238, 0.6943850235849008, 1.6814775943396232, 1.1246969339622623, 0.9131202830188682, 0.9011892688679235, 0.6919988207547176, 0.29747995283018774, 1.1970784198113242, 1.6576155660377363, 1.0348166273584907, 0.31975117924528756, 0.02942983490566244, 0.023066627358488027, 0.010340212264152457, 1.2018508254716984, 1.0777682783018876, 0.21396285377358257, 0.11931014150943409, 1.9503231132075471, 1.098448702830187, 0.5376910377358508, 0.3459994103773549, 0.7532446933962283, 1.73476945754717, 0.29668455188679427, 1.1318555424528303, 1.0722004716981146, 0.17101120283018842, 0.03658844339622769, 1.3410459905660388, 0.04851945754716977, 0.6593873820754681, 1.5820524764150898, 0.05249646226415576, 1.1429911556603787, 0.7365412735849094, 0.8566468160377371, 1.1724209905660359, 0.6641597877358476, 1.2257128537735853, 0.05726886792452465, 0.6426839622641491, 1.6409121462264147, 1.3267287735849054, 0.252937500000004, 1.3100253537735813, 1.5136479952830217, 1.195487617924524, 1.176397995283014, 0.7341550707547211, 0.8972122641509453, 1.1461727594339606, 0.9123248820754747, 0.08351709905659989, 1.655229363207548, 0.7643803066037715, 2.3694994103773577, 2.006796580188681, 0.6657505896226372, 0.5718932783018849, 0.5774610849056604, 0.4669003537735866, 1.9598679245283035, 1.5645536556603774, 1.1159475235849048, 0.40963148584905396, 1.4754687500000019, 0.06840448113207324, 0.3459994103773549, 2.6120966981132065, 0.1646479952830193, 1.064246462264153, 2.8379905660377363, 0.9735707547169827, 2.53494280660377, 1.0706096698113197, 2.187352594339623, 0.3229327830188642, 0.13124115566037353, 0.2744133254717024, 0.2489604952830153, 0.14317216981132092, 0.7548354952830206, 0.26805011792453065, 1.0077729952830192, 0.7906285377358496, 0.3738384433962303, 0.4215624999999987, 1.4810365566037775, 0.8717594339622663, 1.6242087264150933, 0.30622936320754796, 0.6872264150943435, 1.831808372641512, 1.7124982311320724, 0.7580170990566077, 0.41201768867924504, 0.9234604952830153, 0.3825878537735852, 1.4651285377358443, 1.5136479952830217, 0.4613325471698136, 1.1811704009434068, 1.3720666273584907, 0.2903213443396198, 0.741313679245281, 0.3857694575471671, 0.4000866745283056, 0.6442747641509441, 0.2616869103773562, 1.4635377358490547, 0.906757075471699, 0.16703419811320772, 0.7985825471698136, 2.5253979952830163, 0.5066704009433988, 0.7755159198113203, 1.8047647405660379, 0.21714445754716977, 0.4804221698113236, 2.1300837264150934, 1.9495277122641486, 0.5854150943396192, 0.07794929245283222, 1.9304380896226438, 0.20600884433962116, 0.7476768867924554, 0.4820129716981132, 1.0936762971698077, 0.27520872641509586, 0.3555442216981085, 0.13203655660376967, 0.5384864386792444, 1.729201650943397, 0.37304304245283154, 0.047724056603773636, 0.49235318396226563, 1.0889038915094307, 0.7556308962264141, 0.6196173349056584, 0.16862499999999736, 0.6371161556603735, 1.6202317216981097, 1.779311910377359, 1.8540795990566012, 0.11771933962263917, 1.8453301886792461, 1.243211674528303, 1.8214681603773597, 0.5591668632075439, 2.23587205188679, 0.901189268867926, 0.8311939858490552, 1.5367146226415098, 0.6585919811320718, 1.5351238207547178, 0.030225235849055926, 0.11612853773584687, 0.26805011792453065, 0.4676957547169853, 0.7930147405660379, 0.8693732311320779, 2.161899764150944, 1.712498231132078, 0.23384787735848603, 1.1469681603773623, 0.8701686320754713, 0.041360849056604525, 1.2813909198113203, 1.1875336084905679, 0.5066704009433961, 0.8168767688679275, 0.5138290094339587, 1.0085683962264154, 0.2585053066037743, 0.7063160377358535, 0.06919988207547204, 0.43428891509433953, 0.21396285377358257, 0.373838443396225, 0.44065212264150866, 0.8296031839622683, 1.484218160377354, 0.5392818396226458, 0.1781698113207563, 0.8343755896226451, 0.5647346698113223, 0.12646874999999932, 0.588596698113209, 0.8160813679245287, 1.3537724056603795, 1.9662311320754726, 0.2807765330188662, 0.40883608490566314, 1.0849268867924553, 0.7397228773584913, 0.40485908018867706, 1.6090961084905666, 0.23384787735849133, 0.16067099056603598, 2.7831079009433974, 1.0682234669811312, 1.5152387971698116, 1.913734669811322, 0.8168767688679247, 0.1558985849056618, 0.33884080188679755, 2.1205389150943423, 1.3490000000000026, 0.38497405660377626, 0.07238148584905658, 0.062041273584909434, 1.6345489386792456, 0.5528036556603775, 1.5335330188679228, 2.0258862028301885, 0.3086155660377337, 1.3410459905660388, 0.6649551886792436, 1.2487794811320734, 1.111175117924528, 0.5273508254716984, 1.796810731132074, 0.9234604952830205, 0.8121043632075453, 0.6275713443396278, 0.7858561320754727, 2.2008744103773603, 1.2583242924528322, 2.466538325471697, 1.3362735849056564, 1.6162547169811343, 1.6854545990566039, 0.5551898584905659, 0.8693732311320779, 0.4112222877358515, 1.3792252358490533, 0.41679009433962183, 0.003181603773587205, 1.3505908018867923, 1.0928808962264114, 0.27839033018867776, 0.4836037735849081, 1.2002600235849061, 0.6315483490566058, 0.8200583726415093, 0.48678537735849, 1.5629628537735853, 1.4174044811320758, 0.09703891509433954, 1.95748172169811, 1.5518272405660394, 2.0648608490566045, 0.8176721698113208, 0.03261143867924699, 0.6148449292452817, 0.09862971698113447, 0.7882423349056611, 0.4000866745283056, 1.0475430424528263, 0.3674752358490612, 0.30225235849056986, 1.1016303066037743, 3.417837853773585, 0.5034887971698115, 0.015112617924526641, 0.6124587264150959, 0.8041503537735866, 1.768176297169813, 0.8988030660377376, 0.17180660377358453, 0.981524764150944, 1.6814775943396232, 0.6935896226415073, 0.3054339622641518, 1.1907152122641524, 0.2847535377358469, 1.676705188679249, 0.21157665094339415, 0.9274375000000039, 1.1732163915094374, 0.7269964622641505, 0.40167747641509255, 1.1915106132075486, 0.30941096698112985, 0.6410931603773569, 0.18691922169811384, 2.255757075471699, 0.3261143867924567, 0.6832494103773601, 0.5734840801886797, 0.7675619103773561, 3.704182193396227, 0.7834699292452816, 1.1302647405660378, 0.8860766509433942, 1.57489386792453, 0.23543867924528097, 0.2736179245283009, 0.7174516509433941, 0.7866515330188663, 0.5249646226415047, 0.1304457547169827, 1.6234133254716996, 1.854079599056604, 0.871759433962261, 1.3299103773584873, 0.014317216981127852, 0.1463537735849081, 1.7244292452830228, 0.9910695754717004, 0.5281462264150972, 0.4151992924528349, 0.13839976415093877, 0.27202712264151396, 1.4166090801886797, 0.8113089622641517, 0.7818791273584893, 0.6538195754716977, 1.6297765330188687, 1.5470548349056625, 0.7007482311320752, 0.1463537735849081, 1.2718461084905666, 0.9330053066037743, 0.6745, 1.0722004716981117, 0.5432588443396211, 0.5011025943396231, 1.3657034198113216, 0.23941568396226695, 0.039770047169814894, 2.002819575471695, 0.9926603773584927, 1.5056939858490528, 0.1558985849056618, 0.9123248820754747, 0.17578360849056526, 0.13919516509433755, 0.3642936320754714, 0.1789652122641551, 0.31895577830188876, 0.6912034198113189, 0.13203655660376967, 0.8980076650943415, 0.7810837264150905, 0.6848402122641551, 1.8954404481132057, 0.27123172169811516, 0.31736497641509914, 0.5583714622641557, 0.12487794811320971, 0.05806426886792079, 0.011931014150939435, 0.4008820754717017, 1.098448702830187, 1.505693985849058, 0.4621279481132097, 0.03261143867924434, 0.19010082547169574, 1.1763979952830192, 0.4454245283018908, 0.19566863207547136, 1.1469681603773567, 0.8630100235849061, 1.559781249999998, 0.6959758254716957, 0.2616869103773562, 0.929028301886791, 0.8311939858490552, 0.6617735849056564, 1.1414003537735864, 2.7409516509433964, 0.36349823113207785, 0.43428891509433953, 0.8184675707547171, 0.21396285377358257, 0.6379115566037723, 0.6116633254716997, 0.3746338443396265, 0.12408254716981622, 0.6562057783018914, 2.344046580188681, 1.1270831367924508, 0.10817452830188284, 0.43428891509433953, 0.9051662735849041, 1.477854952830185, 0.7285872641509401, 1.0729958726415134, 0.3149787735849108, 0.5774610849056604, 0.4780359669811298, 0.7174516509433941, 1.6289811320754752, 0.6617735849056618, 0.540077240566034, 0.14953537735849268, 0.6856356132075433, 0.21157665094339415, 2.0903136792452837, 0.45178773584905724, 0.6673413915094374, 0.43110731132075236, 2.223941037735851, 0.262482311320755, 0.06204127358490149, 0.9942511792452823, 1.222531249999998, 0.8383525943396205, 0.37940625000000067, 0.1885100235849061, 0.9751615566037776, 0.8240353773584926, 0.2871397405660406, 0.538486438679247, 1.719656839622646, 1.152535966981127, 0.9608443396226418, 0.6824540094339667, 0.962435141509434, 0.16067099056603598, 2.111789504716982, 0.013521816037734362, 0.2616869103773562, 0.1288549528301851, 0.6029139150943369, 1.5223974056603795, 1.3983148584905658, 0.7357458726415107, 0.30622936320754524, 0.8932352594339648, 0.3563396226415073, 0.478831367924526, 0.956867334905661, 0.9457317216981151, 1.7077258254716983, 0.031020636792457364, 0.10578832547169972, 0.33009139150943473, 1.753859080188677, 1.5725076650943361, 0.21157665094339415, 0.925846698113209, 0.8256261792452796, 0.13680896226414913, 0.16862499999999736, 1.0578832547169812, 0.6283667452830214, 1.5104663915094347, 0.23305247641509255, 0.15828478773584753, 0.4533785377358495, 1.3394551886792463, 0.9695937499999967, 1.304457547169811, 0.36270283018867905, 0.11135613207547536, 2.4434716981132087, 0.7476768867924528, 0.1829422169811358, 1.4189952830188681, 1.2972989386792455, 1.6830683962264155, 0.9035754716981118, 0.2600961084905613, 0.4573555424528302, 0.243392688679245, 1.7347694575471804, 0.24816509433961917, 0.8057411556603815, 0.37065683962263785, 0.17419280660377826, 1.1740117924528308, 0.7993779481132097, 1.1159475235849075, 0.513829009433964, 0.3857694575471671, 0.042951650943391505, 0.03499764150943541, 0.026248231132075233, 0.950504127358492, 0.34440860849056787, 0.022271226415097187, 0.5106474056603821, 0.39690507075471837, 1.435698702830187, 0.8518744103773601, 0.09067570754717044, 1.222531249999998, 0.38020165094339414, 1.2169634433962275, 0.252937500000004, 1.9216886792452836, 0.22112146226415313, 0.47167275943396075, 1.4166090801886797, 0.7429044811320759, 0.2640731132075473, 1.442857311320755, 0.5026933962264127, 0.6076863207547191, 1.729997051886793, 0.6490471698113209, 0.5766656839622643, 2.2064422169811357, 1.528760613207546, 0.1407859669811272, 0.016703419811321566, 0.5734840801886797, 1.122310731132074, 0.3491810141509447, 0.06204127358490149, 0.8073319575471684, 1.2543472877358515, 0.03181603773585085, 0.4438337264150985, 1.138218750000002, 0.2807765330188662, 0.4804221698113236, 0.30622936320754524, 0.13521816037735687, 0.4573555424528302, 0.3292959905660333, 0.8995984669811286, 1.351386202830191, 0.8033549528301903, 0.243392688679245, 0.1034021226415113, 0.944936320754719, 1.192306014150942, 1.6910224056603793, 0.34997641509433824, 0.3356591981132077, 0.9862971698113235, 1.0181132075471717, 1.3792252358490587, 1.865215212264155, 0.12646874999999932, 1.569326061320757, 0.42872110849056394, 0.041360849056601874, 1.5192158018867923, 0.4883761792452849, 1.1302647405660378, 0.6792724056603795, 0.3253189858490553, 0.43508431603773834, 0.7874469339622596, 0.3897464622641531, 0.733359669811317, 0.21555365566038015, 0.11056073113207657, 1.1931014150943409, 0.5122382075471718, 0.587801297169813, 0.4183808962264115, 0.9735707547169827, 0.04533785377358522, 0.5384864386792444, 1.0030005896226424, 0.0023862028301937155, 0.16703419811320772, 0.21396285377358257, 0.6124587264150959, 1.74351886792453, 0.528941627358488, 1.393542452830189, 0.43349351415094073, 0.2600961084905666, 0.1614663915094321, 0.806536556603775, 1.3617264150943382, 0.9680029481132097, 0.13442275943396073, 0.40644988207547206, 1.2949127358490573, 0.8359663915094347, 1.0356120283018868, 0.6713183962264154, 0.019885023584906122, 1.1668531839622656, 1.5311468160377395, 1.664774174528299, 0.05567806603773238, 0.5790518867924527, 0.24975589622641411, 0.5106474056603768, 0.163057193396227, 0.2266892688679208, 0.6021185141509461, 0.5066704009433988, 0.9274375000000039, 0.8097181603773569, 0.2696409198113202, 0.42792570754717046, 0.6053001179245306, 0.6864310141509421, 0.062041273584909434, 1.0189086084905679, 0.6506379716981106, 0.609277122641506, 0.9544811320754674, 0.011135613207545947, 0.8089227594339581, 1.5669398584905658, 0.16385259433962052, 0.019885023584903475, 0.5082612028301884, 0.1216963443396225, 0.33884080188679755, 0.5082612028301937, 0.281571933962265, 0.4692865566037776, 1.6949994103773576, 1.2511656839622642, 0.6959758254716985, 0.3619074292452803, 0.03420224056603397, 1.250370283018868, 0.9966373820754734, 0.19169162735849332, 0.042156249999998015, 0.16703419811320772, 1.1851474056603768, 1.022885613207546, 0.6816586084905651, 1.386383844339624, 0.18691922169811384, 0.5543944575471698, 0.16385259433962052, 0.5726886792452783, 1.7562452830188682, 0.09783431603773568, 0.05647346698113116, 0.06840448113207324, 0.31895577830188615, 0.7492676886792556, 0.5846196933962257, 0.21316745283018643, 0.3786108490566072, 0.5798472877358541, 0.34043160377358456, 0.4525831367924507, 0.17498820754716646, 0.2425972877358515, 0.8988030660377351, 0.10578832547169972, 0.3412270047169807, 0.32850058962263984, 1.435698702830187, 1.2718461084905612, 0.5822334905660372, 2.925484669811322, 0.5663254716981145, 2.7178850235849064, 0.7699481132075473, 1.3720666273584907, 1.508080188679241, 0.6848402122641551, 0.6188219339622623, 2.6677747641509417, 0.11135613207547536, 0.4144038915094361, 0.0023862028301884167, 0.9847063679245287, 0.5567806603773607, 1.0236810141509394, 1.2098048349056596, 1.7809027122641512, 0.3499764150943435, 0.276004127358492, 0.9910695754717004, 0.27282252358490744, 0.8526698113207509, 0.19646403301887017, 0.8685778301886896, 0.471672759433966, 0.6029139150943369, 0.07794929245282955, 90.36868278301888, 91.01534375000001, 84.41272051886793, 82.57295813679244, 81.87618691037737, 78.12984846698114, 0.9544811320754674, 0.3603166273584907, 2.3185937499999993, 0.20839504716981225, 0.7747205188679267, 0.7922193396226418, 0.3110017688679248, 0.9664121462264254, 0.615640330188683, 0.7102930424528342, 1.2201450471698123, 0.8789180424528316, 0.7166562500000005, 1.133446344339633, 1.6146639150943396, 0.7421090801886798, 0.22907547169811715, 0.6808632075471666, 0.9862971698113235, 0.2593007075471731, 0.08033549528301799, 0.058064268867926094, 0.743699882075472, 1.712498231132078, 0.5209876179245293, 0.5186014150943409, 0.058859669811319584, 1.1946922169811305, 1.483422759433966, 0.025452830188676445, 0.2958891509434008, 0.1455583726415093, 0.03340683962263783, 1.362521816037737, 1.1223107311320766, 0.7564262971698129, 1.3847930424528316, 0.228280070754721, 0.7866515330188715, 1.0244764150943408, 0.09226650943396006, 0.10181132075471903, 0.05567806603773768, 1.01175, 0.30225235849056986, 0.6466609669811325, 0.6697275943396206, 1.0602694575471698, 1.5327376179245293, 0.11612853773584687, 0.6100725235849075, 0.5186014150943409, 0.9425501179245279, 0.1010159198113229, 1.0340212264150972, 1.4539929245283036, 0.5432588443396211, 1.7013626179245294, 0.6299575471698162, 0.5543944575471724, 0.7938101415094341, 1.7220430424528315, 0.17260200471698334, 1.5287606132075513, 0.6100725235849075, 1.7618130896226385, 0.5965507075471651, 0.31577417452830425, 0.8598284198113215, 0.9934557783018888, 0.041360849056601874, 1.138218750000002, 0.168625, 1.1644669811320718, 0.7333596698113223, 0.7023390330188702, 0.1002205188679294, 0.48519457547170036, 0.4303119103773562, 0.22430306603773237, 0.52496462264151, 0.668932193396227, 1.3338873820754733, 0.43428891509433953, 0.7588125000000013, 0.7723343160377383, 2.1873525943396204, 1.2209404481132111, 0.10181132075471638, 0.5249646226415047, 1.2265082547169814, 1.1429911556603787, 0.5973461084905639, 0.039770047169814894, 0.41519929245282955, 0.8773272405660366, 0.7341550707547211, 1.854079599056604, 0.5098520047169807, 0.7938101415094341, 1.4524021226415114, 0.40485908018867706, 0.9107340801886799, 0.5647346698113195, 0.07317688679245007, 0.6912034198113189, 0.6410931603773569, 2.2621202830188682, 1.5088755896226398, 0.7763113207547137, 0.446219929245279, 1.7331786556603774, 0.18373761792453192, 0.06283667452830292, 1.66318337264152, 1.1374233490566033, 0.10817452830188284, 0.6355253537735865, 0.5695070754717017, 3.0384316037735846, 1.0173178066037702, 0.8327847877358502, 0.9847063679245287, 0.5814380896226412, 0.3356591981132051, 0.8296031839622683, 1.36808962264151, 0.18771462264150732, 1.3140023584905645, 0.37542924528301996, 0.019885023584903475, 0.9520949292452843, 1.6949994103773576, 0.6530241745283016, 0.27520872641509586, 0.478831367924526, 1.0085683962264154, 0.5233738207547151, 2.367113207547169, 0.5671208726415132, 1.1398095518867917, 1.512852594339623, 0.3977004716981172, 0.29986615566037617, 0.5496220518867903, 1.315593160377357, 0.5368956367924494, 1.1596945754717003, 1.1827612028301884, 1.240030070754721, 0.11215153301886355, 0.49235318396226035, 0.6371161556603735, 1.1119705188679239, 0.8701686320754713, 0.6474563679245287, 0.19169162735849068, 1.5414870283018867, 0.13521816037736215, 0.5599622641509453, 1.8938496462264187, 1.5136479952830217, 1.393542452830189, 1.5255790094339639, 0.09703891509433954, 0.19487323113207522, 1.6321627358490574, 0.36270283018867905, 0.1105607311320739, 0.34838561320754324, 2.5397152122641526, 0.716656249999998, 0.3809970518867903, 1.420586084905663, 0.30463856132075834, 0.3380454009433961, 0.013521816037739661, 1.6448891509433927, 1.4858089622641544, 0.8168767688679275, 0.6060955188679295, 0.27998113207547004, 0.015908018867928076, 1.5446686320754688, 1.4213814858490592, 0.2608915094339627, 0.5583714622641505, 0.015112617924529288, 0.9512995283018908, 0.7118838443396238, 2.459379716981132, 0.40167747641509516, 0.28793514150943145, 0.210781249999998, 0.019885023584906122, 0.10896992924528164, 0.9226650943396218, 0.7468814858490566, 0.12805955188679163, 0.07079068396226167, 0.7747205188679241, 0.24339268867925032, 1.2941173349056612, 0.041360849056604525, 0.7269964622641532, 0.8224445754717005, 1.1676485849056617, 0.892439858490566, 0.8844858490566072, 0.016703419811316268, 0.5432588443396265, 0.8240353773584926, 0.6919988207547123, 0.3141833726415093, 0.7755159198113203, 0.5297370283018868, 0.8216491745283042, 0.1439675707547197, 0.0, 0.6959758254716957, 0.8550560141509421, 0.19328242924528297, 0.49473938679245405, 0.4494015330188688, 0.49792099056603595, 0.7540400943396244, 1.5255790094339587, 0.4239487028301871, 0.532918632075474, 0.8017641509433928, 1.006977594339618, 0.09624351415094606, 1.0411798349056571, 0.752449292452827, 1.6926132075471692, 0.6148449292452817, 1.2965035377358494, 1.1477635613207504, 0.6092771226415112, 0.16146639150943737, 0.7627895047169794, 0.722224056603771, 0.00795400943395874, 0.0676090801886771, 2.066451650943397, 0.7007482311320778, 2.1094033018867937, 0.9345961084905665, 1.3792252358490587, 0.392928066037735, 0.9433455188679215, 1.780107311320755, 1.0865176886792476, 1.3704758254716982, 0.6275713443396278, 2.092699882075469, 1.8111279481132097, 0.6450701650943401, 0.7675619103773589, 1.576484669811325, 0.5599622641509453, 1.1994646226415073, 0.1662387971698089, 1.0125454009433987, 1.544668632075474, 0.16862499999999736, 0.8574422169811331, 0.3396362028301911, 0.16067099056603862, 0.5710978773584913, 1.051520047169815, 0.5472358490566045, 0.12965035377358125, 0.5901875000000013, 0.9178926886792477, 0.10340212264150601, 0.47485436320754265, 1.46910554245283, 0.15669398584906055, 0.7126792452830226, 0.003181603773587205, 0.220326061320757, 0.23225707547169905, 1.4325170990566052, 1.7339740566037762, 0.022271226415094537, 0.0636320754717017, 0.10181132075471638, 0.7373366745283029, 0.051701061320756976, 0.046928655660377495, 2.4721061320754703, 0.6832494103773549, 2.113380306603774, 0.08669870283018709, 0.07715389150943608, 0.03738384433962647, 1.0014097877358528, 0.019885023584903475, 0.8399433962264155, 1.162876179245285, 1.0507246462264161, 0.8009687499999993, 0.2863443396226365, 0.9536857311320739, 0.18135141509434352, 0.5146244103773575, 1.0920854952830206, 0.2250984669811338, 0.557576061320757, 0.664955188679249, 1.1286739386792457, 0.9234604952830205, 0.8375571933962218, 1.9280518867924632, 0.25850530660377163, 0.19328242924528297, 0.23305247641509255, 2.1261067216981124, 1.0841314858490592, 0.23862028301886817, 1.052315448113203, 1.1676485849056617, 1.6965902122641496, 0.39372346698112853, 0.7015436320754767, 4.807403301886794, 1.416609080188677, 2.91037205188679, 0.3277051886792463, 0.6800678066037783, 0.7023390330188702, 0.8709640330188675, 0.05488266509433889, 1.240030070754721, 0.3945188679245246, 1.5303514150943407, 0.6021185141509461, 0.8749410377358509, 1.462742334905661, 0.3682706367924547, 1.0483384433962277, 0.9791385613207557, 0.20282724056604193, 4.820925117924528, 0.6848402122641472, 0.29668455188679427, 1.6043237028301869, 0.8757364386792417, 1.1310601415094341, 1.5383054245283023, 1.2440070754716963, 0.5225784198113163, 0.9473225235849021, 1.8851002358490585, 0.5026933962264127, 1.2296898584905684, 1.2352576650943414, 2.317002948113207, 0.0015908018867896285, 0.28157193396225966, 0.32213738207546805, 1.420586084905663, 0.25293749999999604, 1.3816114386792415, 0.6259805424528302, 0.8327847877358502, 0.2505512971698076, 0.5504174528301864, 0.13203655660376967, 2.362340801886792, 1.1565129716981133, 0.6959758254716957, 0.38417865566037745, 0.20203183962264049, 0.8661916273584906, 0.24180188679245537, 0.6538195754716977, 0.1399905660377337, 0.6196173349056638, 1.6218225235849046, 0.276004127358492, 0.20362264150943013, 1.5017169811320774, 1.1421957547169825, 0.4366751179245333, 0.9139156839622643, 0.046928655660377495, 0.24339268867925032, 0.26805011792453065, 0.09942511792452798, 0.2752087264150906, 0.9099386792452836, 0.27679952830189075, 0.018294221698111193, 0.867782429245283, 0.07158608490566046, 0.04931485849056326, 1.71408903301887, 0.2195306603773635, 0.32213738207546805, 0.11533313679245075, 0.5559852594339674, 0.1034021226415113, 0.5114428066037703, 0.5130336084905626, 0.7794929245283037, 0.6498425707547171, 0.9417547169811319, 1.823854363207548, 0.85903301886792, 0.39372346698112853, 1.3140023584905698, 0.4247441037735806, 0.02704363207547402, 1.2758231132075473, 0.41997169811320373, 0.23862028301886817, 0.3897464622641531, 1.763403891509436, 1.3537724056603795, 0.6371161556603735, 0.13760436320755057, 0.8272169811320746, 0.25293749999999604, 0.046133254716984005, 0.5273508254716984, 1.505693985849058, 0.5655300707547211, 1.9702081367924535, 0.471672759433966, 1.399905660377358, 1.1453773584905673, 1.6846591981132075, 1.0483384433962277, 0.38656485849056593, 0.3539534198113216, 0.30225235849056986, 1.087313089622641, 0.304638561320753, 1.0379982311320752, 1.4563791273584892, 0.004772405660382131, 1.496944575471695, 0.5209876179245266, 0.013521816037734362, 0.9966373820754734, 0.7293826650943389, 0.5774610849056604, 0.42792570754717046, 0.4374705188679267, 0.2195306603773582, 0.285548938679243, 1.470696344339625, 0.32531898584905794, 1.109584316037746, 1.0682234669811312, 0.19407783018868172, 1.3283195754716979, 2.0863366745283005, 0.4501969339622676, 0.4955347877358528, 0.6816586084905679, 2.204851415094341, 0.010340212264152457, 0.23543867924528097, 0.3555442216981085, 0.3149787735849108, 0.29907075471697736, 1.3879746462264133, 2.6510713443396225, 0.3110017688679248, 1.569326061320757, 0.8558514150943435, 0.3953142688679234, 0.5631438679245246, 1.2662783018867962, 0.8653962264150945, 0.24259728773584888, 0.19407783018868172, 0.6832494103773549, 0.4144038915094334, 0.10658372641509586, 0.12885495283019305, 0.6609781839622683, 2.0736102594339645, 0.06999528301886816, 1.520806603773582, 0.13919516509434018, 1.038793632075474, 0.2235076650943389, 1.7809027122641512, 0.7699481132075473, 1.7212476415094353, 1.4436527122641512, 0.8455112028301911, 0.7914239386792457, 1.7546544811320732, 1.01175, 0.19487323113207522, 0.436675117924528, 0.546440448113203, 0.7063160377358456, 2.959686910377356, 0.05011025943396205, 0.3746338443396265, 1.1119705188679239, 0.9998189858490578, 0.2656639150943422, 0.1105607311320739, 0.6339345518867916, 1.349, 0.07715389150943608, 0.5703024764150899, 2.233485849056602, 0.27520872641509586, 0.304638561320753, 0.08988030660377165, 1.2273036556603774, 0.6713183962264128, 0.5241692216981112, 0.1105607311320739, 0.2887305424528302, 1.4229722877358515, 1.175602594339623, 0.8343755896226398, 1.0332258254716984, 0.2728225235849021, 0.6991574292452829, 0.6291621462264148, 0.023862028301886818, 0.052496462264150466, 0.3308867924528282, 0.7667665094339627, 0.6442747641509388, 0.3778154481132084, 0.2871397405660406, 0.03738384433962118, 0.24975589622641675, 0.39213266509433625, 0.16146639150943737, 0.7699481132075473, 0.8311939858490552, 0.4207670990566052, 0.04454245283018643, 0.47246816037735423, 1.0570878537735853, 0.13680896226414913, 0.4144038915094361, 0.2219168632075519, 0.7739251179245307, 0.42315330188679096, 1.1501497641509388, 1.1302647405660378, 2.155536556603775, 1.0268626179245266, 0.08351709905659989, 0.2871397405660406, 1.8699876179245318, 0.26964091981132554, 1.923279481132076, 0.2068042452830173, 0.9512995283018908, 0.31975117924528756, 0.34759021226415243, 1.5534180424528314, 0.2099858490565992, 0.30066155660376964, 1.3338873820754682, 1.2288944575471805, 1.7570406839622617, 1.3275241745283042, 0.1010159198113229, 1.045952240566034, 0.5082612028301937, 0.025452830188676445, 0.5448496462264134, 0.45178773584905463, 0.041360849056604525, 1.4563791273584892, 0.5933691037735885, 0.9751615566037724, 1.481831957547171, 1.8731692216981137, 1.2941173349056612, 0.08590330188679625, 0.4446291273584867, 1.2479840801886746, 2.006796580188681, 1.527169811320751, 1.2821863207547137, 0.32690978773585283, 0.26884551886792674, 0.6243897405660352, 1.7220430424528341, 0.07317688679245007, 1.4627423349056559, 0.3977004716981119, 0.49314858490565916, 84.89950589622642, 82.64931662735849, 76.72755660377358, 69.38361969339624, 70.52581544811322, 62.63941509433962, 58.93523290094339, 1.4531975235849022, 0.752449292452827, 2.5365336084905676, 1.4476297169811319, 0.3253189858490553, 0.12010554245283023, 1.0825406839622642, 0.03261143867924699, 1.492967570754717, 1.1382187499999967, 1.8166957547169826, 3.2468266509433943, 1.5669398584905658, 0.3475902122641498, 0.8256261792452849, 0.515419811320751, 0.1972594339622663, 0.46212794811320707, 0.47405896226415445, 0.031816037735845557, 0.6053001179245306, 0.22589386792452731, 0.2370294811320759, 0.4955347877358475, 0.08988030660377165, 0.42076709905659987, 1.0666326650943363, 0.5114428066037756, 0.9091432783018875, 0.5265554245282996, 0.49314858490565916, 2.3909752358490532, 0.03658844339622769, 1.4412665094339627, 0.8669870283018868, 0.37304304245283154, 1.2718461084905666, 1.2766185141509434, 0.12487794811320971, 0.8478974056603742, 1.0292488207547177, 1.508080188679241, 2.22155483490566, 1.0228856132075512, 0.4676957547169853, 1.1748071933962243, 1.5677352594339726, 1.8572612028301858, 0.6744999999999973, 2.149968750000002, 0.08113089622641147, 0.8463066037735846, 1.7403372641509427, 0.49633018867924106, 1.2909357311320713, 0.42315330188679096, 0.31736497641509914, 0.5718932783018849, 0.4661049528301904, 0.9290283018867935, 1.791242924528301, 0.670522995283014, 0.10419752358490744, 0.7214286556603802, 1.2408254716981093, 3.3446609669811296, 1.1573083726415094, 2.4029062500000005, 2.748110259433962, 0.040565448113208384, 0.7285872641509401, 0.025452830188676445, 0.0397700471698096, 0.7763113207547137, 1.1087889150943422, 1.255938089622644, 0.7993779481132071, 1.0610648584905686, 0.5551898584905633, 1.6520477594339633, 2.2621202830188682, 0.9544811320754674, 0.11374233490566377, 0.41201768867924504, 0.40247287735849396, 0.42235790094339215, 0.06204127358490149, 0.5448496462264134, 2.17303537735849, 0.9680029481132097, 0.15510318396226033, 1.1899198113207536, 3.2714840801886798, 0.061245872641513294, 0.9298237028301871, 0.9075524764150925, 0.34838561320754324, 0.8240353773584926, 2.1030400943396246, 0.15351238207547335, 0.38815566037735816, 0.2807765330188662, 0.14476297169811317, 0.3762246462264135, 0.3961096698113169, 0.5599622641509427, 0.04851945754717242, 1.2734369103773588, 0.47564976415094407, 0.2593007075471731, 0.43508431603773834, 0.5400772405660392, 0.20044103773585348, 1.5669398584905658, 0.4414475235849101, 0.15033077830188615, 0.4820129716981132, 0.15987558962264511, 0.8988030660377376, 0.6967712264150945, 0.6745, 1.4174044811320758, 0.0, 2.204851415094341, 1.5343284198113216, 0.8550560141509447, 1.6369351415094342, 0.6625689858490605, 1.512057193396227, 0.07715389150943076, 0.33406839622641543, 1.362521816037737, 1.261505896226414, 2.17303537735849, 1.380816037735848, 0.540077240566034, 1.4189952830188681, 0.47326356132075303, 1.420586084905663, 0.4486061320754674, 0.8200583726415119, 0.4151992924528349, 3.432950471698112, 0.09942511792452798, 0.17976061320754858, 0.276004127358492, 1.2360530660377325, 0.07317688679245272, 0.009544811320758967, 0.7651757075471703, 1.495353773584908, 0.07238148584905658, 0.9059616745283054, 0.4088360849056604, 1.1748071933962243, 0.24736969339622572, 1.5367146226415047, 1.1159475235849048, 1.4627423349056559, 0.0357930424528342, 0.24180188679245537, 0.2982753537735813, 0.024657429245282955, 0.7397228773584861, 1.0061821933962243, 1.9988425707547144, 0.3491810141509447, 0.1455583726415093, 1.2201450471698096, 0.9592535377358495, 1.006977594339623, 0.6760908018867949, 0.20123643867924698, 0.17498820754716646, 0.05885966981132223, 0.8574422169811305, 1.9280518867924528, 0.5178060141509394, 2.0871320754716964, 1.1318555424528303, 0.031020636792457364, 1.2670737028301844, 0.4486061320754674, 0.9163018867924526, 0.23146167452830557, 0.7619941037735859, 0.13839976415093877, 1.4142228773584888, 0.29986615566037617, 0.40247287735849396, 0.6212081367924508, 0.7277918632075465, 0.9003938679245247, 1.5931880896226411, 1.9869115566037776, 0.5488266509433916, 1.5311468160377344, 1.2304852594339646, 0.7715389150943421, 0.14873997641509654, 0.39451886792452995, 1.712498231132078, 0.2250984669811338, 0.5273508254716984, 0.11215153301887149, 0.8900536556603775, 0.3706568396226431, 0.10181132075471638, 0.9966373820754707, 0.5543944575471698, 0.3475902122641498, 0.23225707547169905, 0.1455583726415093, 1.6528431603773621, 1.6671603773584873, 1.1286739386792457, 1.1883290094339587, 0.42633490566038085, 0.5464404481132084, 0.9998189858490578, 0.4326981132075499, 0.8534652122641525, 0.3778154481132084, 0.2648685141509434, 1.7673808962264168, 2.1380377358490543, 0.6124587264150959, 0.615640330188675, 0.4859899764150939, 0.9417547169811319, 0.7532446933962283, 0.5225784198113216, 0.4987163915094294, 0.5456450471698149, 0.9918649764150965, 0.912324882075472, 0.4843991745283069, 0.33168219339622174, 5.511333136792451, 0.6100725235849075, 1.01175, 1.746700471698112, 0.2823673349056611, 1.2137818396226405, 0.041360849056601874, 0.33725000000000266, 0.061245872641508, 0.8478974056603742, 2.107017099056605, 0.5488266509433916, 0.6872264150943435, 4.551284198113205, 1.4563791273584918, 0.09306191037735885, 0.30225235849056986, 0.7023390330188702, 0.5862104952830206, 1.3211609669811324, 1.746700471698112, 0.39213266509433625, 0.6291621462264148, 0.4374705188679267, 0.3165695754716978, 1.3100253537735864, 0.8685778301886896, 0.3619074292452803, 1.0976533018867882, 0.8359663915094347, 1.3975194575471725, 0.3117971698113182, 1.823854363207548, 0.7707435141509433, 1.0873130896226437, 0.041360849056601874, 1.3315011792452796, 0.5376910377358456, 0.346794811320751, 0.8144905660377363, 0.7421090801886745, 1.090494693396223, 0.24657429245283222, 0.0397700471698096, 1.338659787735845, 0.5901874999999986, 0.2648685141509434, 0.8176721698113208, 1.0348166273584907, 0.2441880896226438, 0.6140495283018854, 0.06045047169810921, 0.06919988207547204, 0.2457788915094387, 1.4587653301886805, 0.5146244103773575, 0.6426839622641517, 0.40008667452830027, 0.3992912735849041, 1.3521816037735843, 0.5432588443396211, 0.18214681603773436, 0.8073319575471711, 1.9869115566037725, 4.187785966981132, 3.138652122641509, 3.1768313679245286, 0.2068042452830226, 1.4977399764150965, 1.4921721698113208, 0.6729091981132077, 0.5448496462264161, 0.48917158018868373, 0.3292959905660333, 0.6808632075471718, 1.2042370283018866, 0.7134746462264188, 1.201055424528305, 0.5949599056603755, 2.239849056603771, 2.1762169811320744, 2.8507169811320745, 3.793267099056605, 3.9793909198113226, 1.5748938679245246, 3.459198702830184, 2.178603183962263, 2.759245872641508, 2.9048042452830174, 1.49853537735849, 0.5599622641509427, 0.17498820754717176, 1.4563791273584892, 0.6331391509433981, 0.13919516509433755, 1.366498820754715, 1.1891244103773548, 0.2250984669811338, 1.2424162735849043, 0.03340683962263783, 0.2990707547169827, 0.8327847877358449, 0.3213419811320746, 0.14158136792452597, 0.2958891509434008, 0.3141833726415067, 0.5742794811320733, 0.17260200471698334, 0.7214286556603802, 0.8852812499999954, 0.7866515330188663, 1.4834227594339608, 2.016341391509435, 3.0583166273584936, 1.9702081367924535, 0.22748466981131693, 1.3768390330188673, 1.5947788915094308, 1.918507075471699, 1.774539504716982, 0.6554103773584926, 0.7055206367924547, 1.298889740566038, 2.0441804245282995, 0.16464799528301402, 0.6283667452830214, 0.21634905660377363, 1.897826650943394, 0.38895106132075435, 2.3408649764150913, 3.060702830188676, 1.1668531839622605, 1.0260672169811278, 4.031887382075474, 2.702772405660377, 2.537329009433964, 2.5739174528301865, 2.7409516509433964, 2.254166273584907, 0.017498820754715056, 0.19566863207547136, 1.177193396226418, 1.0857222877358488, 0.8956214622641477, 1.041975235849056, 0.45496933962263914, 1.340250589622645, 1.998047169811318, 1.0578832547169812, 0.8653962264150945, 1.2376438679245274, 0.7747205188679241, 2.18337558962264, 1.899417452830189, 1.0976533018867936, 0.5186014150943382, 0.4589463443396251, 1.8397623820754707, 2.1165619103773587, 1.127878537735847, 0.046928655660374845, 2.6081196933962256, 0.6450701650943376, 0.23305247641509783, 0.043747051886790296, 0.6116633254716944, 0.5782564858490592, 0.5225784198113163, 1.1485589622641492, 0.8972122641509453, 0.346794811320751, 0.2616869103773562, 0.06840448113207324, 1.0769728773584888, 0.42076709905659987, 1.037202830188679, 0.0827216981132064, 0.20044103773585348, 0.8232399764150965, 0.45417393867924305, 0.5361002358490559, 1.301275943396229, 0.06045047169810921, 0.6395023584905699, 1.2535518867924553, 0.2823673349056611, 0.6904080188679227, 1.222531249999998, 0.8240353773584926, 0.35236261792453194, 1.6043237028301869, 0.13203655660377495, 0.7771067216981125, 1.9614587264150958, 0.9998189858490526, 0.5456450471698095, 1.0737912735849013, 1.0722004716981117, 0.05011025943396205, 0.2553237028301844, 0.046133254716984005, 0.007954009433964038, 27.633819575471705, 27.384859080188686, 25.374085495283023, 26.46298938679245, 27.70222405660377, 26.507531839622644, 22.307814858490566, 24.65345224056604, 5.735636202830189, 8.466247641509435, 4.427997051886792, 0.1988502358490586, 0.051701061320756976, 0.7993779481132097, 1.5430778301886816, 0.040565448113208384, 0.19885023584905326, 0.532918632075474, 0.13919516509433755, 0.6402977594339607, 1.107993514150946, 0.07317688679245272, 0.04056544811320309, 0.1654433962264128, 0.3786108490566072, 0.8995984669811339, 1.2280990566037735, 0.625185141509434, 1.1254923349056636, 0.19328242924528297, 0.8168767688679247, 0.2274846698113222, 0.16782959905660386, 2.107017099056605, 0.3953142688679234, 0.4613325471698136, 0.27282252358490744, 1.364112617924532, 0.7794929245283009, 1.6918178066037755, 0.16146639150943737, 0.987092570754717, 0.3619074292452803, 0.2600961084905613, 1.5351238207547149, 1.0340212264150945, 0.5535990566037736, 0.45496933962263914, 0.8988030660377351, 0.4255395047169794, 0.7174516509433941, 1.3315011792452849, 1.9169162735849068, 0.2505512971698076, 0.5512128537735852, 0.10340212264150601, 0.20282724056604193, 1.3203655660377362, 0.4637187499999967, 0.21873525943396468, 1.1740117924528308, 0.27123172169811516, 0.061245872641513294, 0.4064498820754694, 0.5265554245282996, 0.873350235849056, 1.492967570754717, 1.4166090801886797, 0.5583714622641505, 0.21316745283018643, 0.3977004716981172, 0.3953142688679261, 1.306048349056606, 3.029682193396227, 0.16544339622641546, 0.481217570754717, 0.050905660377360835, 1.6679557783018835, 4.128130896226417, 0.10181132075471638, 0.2903213443396198, 0.1041975235849048, 1.8962358490566018, 1.655229363207548, 1.4094504716981118, 0.41679009433962183, 0.415994693396223, 0.8630100235849061, 0.29668455188679427, 0.7094976415094301, 0.4128130896226411, 1.5398962264150946, 0.17021580188679228, 1.2774139150943422, 2.1054262971698128, 0.013521816037734362, 0.18930542452830226, 0.4939439858490605, 1.3338873820754682, 0.733359669811317, 1.9503231132075447, 1.7037488207547176, 0.05885966981132223, 0.18771462264150732, 0.7429044811320732, 0.29429834905660585, 0.760403301886791, 0.45099233490566115, 0.999023584905659, 1.4603561320754672, 0.32372818396226566, 1.4508113207547189, 0.6864310141509473, 0.30622936320754524, 0.8558514150943435, 0.08113089622641942, 0.23384787735849133, 0.8614192216981138, 0.9131202830188682, 0.4223579009434001, 0.5392818396226378, 0.7309734669811285, 0.276004127358492, 0.6880218160377344, 1.4587653301886805, 0.6029139150943369, 0.599732311320755, 0.6927942216981139, 0.38736025943396474, 0.47008195754717375, 0.5504174528301864, 0.0055678066037703235, 0.871759433962261, 0.8359663915094321, 0.5074658018867922, 0.009544811320758967, 0.45178773584905463, 0.31020636792452333, 0.5321232311320805, 0.44781073113207387, 0.13442275943396337, 0.5870058962264194, 0.9274374999999986, 0.5432588443396265, 0.16385259433962052, 1.5645536556603774, 1.250370283018868, 0.828012382075468, 0.6188219339622623, 0.0676090801886771, 1.2702553066037743, 0.5416680424528263, 0.07476768867924766, 0.5551898584905659, 0.42553950471698204, 0.40883608490566314, 0.482808372641512, 1.3895654481132058, 0.2410064858490566, 0.6275713443396226, 0.30941096698112985, 0.4987163915094294, 0.2068042452830173, 0.31736497641509914, 1.9702081367924535, 0.6013231132075473, 0.2608915094339627, 5.473153891509436, 1.73476945754717, 0.5122382075471718, 0.36588443396226633, 1.849307193396227, 1.1946922169811358, 0.6617735849056618, 0.12965035377358655, 0.6967712264150945, 1.2225312500000005, 0.6880218160377344, 0.3261143867924514, 1.9487323113207522, 0.7397228773584861, 1.676705188679249, 0.17101120283019108, 0.8264215801886811, 1.3108207547169775, 0.31736497641509914, 0.33009139150943473, 0.8447158018867923, 0.9059616745283002, 1.0340212264150972, 0.2600961084905613, 2.011568985849058, 1.2153726415094355, 0.09544811320754727, 1.2336668632075491, 0.4573555424528276, 1.5096709905660413, 0.12567334905660318, 0.16067099056603862, 1.2527564858490565, 0.8335801886792437, 0.4175854952830233, 0.3078201650943349, 0.35236261792453194, 0.17657900943396668, 0.11294693396226498, 1.5542134433962276, 1.306048349056606, 0.5082612028301884, 0.7786975235849074, 0.540872641509438, 0.27600412735848934, 2.4458579009433974, 2.1913295990566013, 0.285548938679243, 0.625185141509434, 1.0547016509433915, 0.7707435141509433, 3.865648584905659, 0.12885495283019305, 0.36906603773584823, 0.9823201650943403, 1.2845725235849021, 1.8946450471698097, 0.24657429245282692, 0.295093750000002, 0.9091432783018822, 0.15987558962264511, 2.011568985849058, 0.2489604952830153, 0.32850058962263984, 1.7220430424528315, 0.6975666273584933, 0.9966373820754707, 3.0113879716981105, 0.19885023584905326, 0.8813042452830173, 0.4740589622641491, 0.7906285377358468, 0.3977004716981172, 1.699771816037737, 1.5908018867924554, 0.24498349056603727, 0.2075996462264108, 0.4995117924528309, 1.7435188679245273, 1.0881084905660399, 1.6520477594339606, 0.8510790094339613, 0.8868720518867903, 0.6355253537735865, 1.9431645047169792, 0.528941627358488, 1.140604952830185, 0.8876674528301891, 1.2861633254716998, 1.2790047169811425, 4.319822523584907, 0.5305324292452857, 3.2770518867924525, 0.7460860849056604, 1.247188679245281, 1.6631833726415066, 0.05567806603773768, 1.5931880896226411, 0.5917783018867961, 1.2511656839622642, 0.0676090801886771, 0.9306191037735806, 0.6617735849056564, 1.0976533018867882, 2.4180188679245274, 0.7102930424528289, 1.2535518867924553, 2.0354310141509417, 1.1859428066037756, 0.1646479952830193, 1.415018278301882, 0.4175854952830153, 0.7158608490566045, 2.106221698113209, 1.7101120283018842, 0.08351709905660784, 0.6935896226415073, 1.232076061320757, 1.1684439858490554, 0.18532841981131892, 0.26327771226415375, 1.2090094339622663, 1.3593402122641498, 0.9417547169811344, 1.5462594339622637, 0.8709640330188675, 0.04931485849056591, 0.3213419811320746, 0.022271226415094537, 2.2271226415094327, 0.8765318396226431, 0.7460860849056604, 0.4326981132075499, 0.7468814858490566, 1.351386202830191, 0.15987558962264511, 0.4645141509433955, 1.2901403301886776, 0.11374233490566377, 0.5241692216981112, 0.8375571933962218, 1.4866043632075427, 0.37065683962263785, 1.1032211084905665, 0.08033549528302063, 0.8311939858490579, 0.281571933962265, 0.10499292452829828, 0.9409593160377383, 0.252937500000004, 0.44462912735849197, 0.03420224056603927, 0.6617735849056618, 0.8431250000000026, 0.9672075471698082, 0.17816981132075366, 0.3913372641509427, 0.12965035377358125, 0.4573555424528302, 0.6291621462264148, 0.8638054245283022, 0.21714445754716977, 0.09942511792452798, 0.4024728773584887, 1.975775943396237, 0.16305719339622438, 0.26327771226415375, 1.3211609669811324, 0.6713183962264154, 0.0540872641509454, 2.0131597877358502, 1.1048119103773588, 0.4581509433962263, 0.7071114386792416, 2.1436055424528275, 0.09465271226414848, 1.0316350235849034, 0.7246102594339647, 0.02863443396226895, 64.1395412735849, 58.56934846698115, 51.77264740566037, 38.460021816037745, 0.4899669811320719, 1.6790913915094345, 0.9457317216981151, 0.7254056603773581, 0.6418885613207583, 0.08192629716980761, 0.6164357311320766, 0.25055129716981556, 1.2440070754716963, 0.25134669811320376, 0.917892688679245, 1.5534180424528314, 0.3953142688679234, 0.5361002358490585, 0.39054186320754664, 0.32054658018867577, 0.050905660377360835, 1.7276108490566044, 2.4259728773584888, 0.47087735849056456, 1.930438089622641, 0.216349056603771, 2.5444876179245295, 0.8964168632075465, 0.4486061320754674, 0.2593007075471678, 0.5687116745283003, 0.3897464622641531, 0.42792570754716774, 0.14237676886792477, 0.051701061320754325, 0.6601827830188668, 1.3680896226415074, 0.49314858490566443, 0.5082612028301884, 0.38258785377358256, 0.931414504716982, 0.19805483490565978, 0.615640330188675, 0.7890377358490572, 1.140604952830185, 0.29588915094339546, 0.24816509433961917, 1.375248231132078, 0.7397228773584861, 0.7468814858490566, 0.9664121462264254, 0.7031344339622636, 0.6116633254716944, 0.7047252358490532, 0.6363207547169827, 1.0554970518867903, 3.097291273584904, 0.6450701650943376, 2.7520872641509424, 1.0737912735849013, 1.8103325471698082, 1.0093637971698117, 1.2304852594339646, 2.0934952830188656, 0.17419280660377826, 1.401496462264148, 0.3515672169811305, 0.5042841981132103, 0.8113089622641517, 0.7492676886792556, 0.6013231132075473, 13.743244835966047, 0.9195492102065711, 0.6130328068043726, 0.8777515188335363, 0.5712351154313596, 0.0032782503037636327, 0.3392989064398512, 0.11146051032806996, 0.5245200486026834, 0.7228541919805592, 0.43354860267314504, 0.8826688942891913, 0.44912029161604616, 0.6113936816524975, 1.648140340218716, 1.8686026731470284, 0.9302035236938035, 0.7449823815309932, 0.3819161603888194, 0.12211482381531337, 0.6695826245443615, 1.8407375455650117, 0.09015188335358862, 0.01475212636695136, 0.8302168894289214, 0.6236871202916241, 0.1147387606318336, 0.33929890643985666, 0.05736938031591953, 1.0793639125151895, 0.35487059538274424, 0.6867934386391321, 0.862999392466585, 1.603064398541923, 1.3432630619684116, 0.40814216281895854, 0.026226002430139086, 0.3229076549210194, 1.1441093560145832, 0.5425504252733848, 1.7251792223572364, 1.209674362089916, 0.843329890643995, 0.10982138517618405, 0.8498863912515277, 0.3679835965978069, 0.21308626974483535, 1.170335358444717, 0.5458286755771594, 0.8966014580802039, 1.2604872417983, 0.1876798298906406, 1.051498784933181, 0.2491470230862681, 0.8392320777642761, 1.4170236938031628, 1.0326488456865133, 0.7580953827460504, 1.4203019441069293, 0.15571688942891584, 1.8472940461725442, 1.2522916160388842, 0.7335085054678054, 0.3581488456865133, 0.25816221142163104, 0.15981470230862654, 1.1334550425273453, 1.3285109356014604, 1.1072290400972145, 2.089884568651282, 1.0793639125151948, 2.1193888213851824, 0.561400364520055, 0.14916038882139132, 0.17784507897934151, 0.05081287970838953, 1.0596944106925885, 1.3555565006075354, 0.467150668286753, 0.5753329283110648, 1.318676184690172, 1.4768517618469073, 0.23931227217496626, 0.04589550425272634, 0.3786379100850558, 1.4702952612393718, 1.857948359659785, 0.6417174969623309, 0.7949756986634383, 0.6335218712029232, 0.5384526123936796, 0.8761123936816586, 1.3883390036452046, 0.14916038882138313, 1.477671324422846, 0.4999331713244221, 0.3581488456865187, 0.5056701093560214, 0.33602065613609305, 0.1991537059538338, 1.278517618469018, 1.2244264884568672, 1.4948821385176223, 2.1513517618469074, 1.2686828675577186, 0.3458554070473812, 0.012293438639123858, 1.4825886998784956, 1.6956749696233364, 0.002458687727830231, 0.39093134872418234, 2.2005255164034083, 1.4850473876063204, 1.039205346294046, 0.18604070473876017, 0.18931895504252927, 0.7654714459295248, 1.2490133657351177, 0.09506925880922723, 1.099852976913732, 0.995768529769139, 0.6753195625759497, 1.5866731470230913, 1.1629592952612453, 0.09998663426489042, 0.8949623329283206, 0.12621263669502678, 0.5130461725394903, 0.5130461725394903, 0.49337667071689484, 1.5120929526124065, 1.4842278250303789, 1.4096476306196857, 0.10654313487241496, 1.009701093560146, 0.20980801944107172, 1.8628657351154374, 0.04425637910084589, 1.4219410692588124, 0.120475698663422, 0.31225334143377603, 0.7376063183475133, 0.04589550425272634, 2.810280072904028, 1.878437424058336, 0.07867800729040088, 2.007108748481171, 2.266910085054685, 1.1744331713244247, 0.15899513973269042, 0.8425103280680424, 0.38355528554070806, 0.6327023086269788, 0.14916038882138313, 0.03442162818954953, 0.1393256379100895, 0.5777916160388841, 1.0523183475091142, 0.925286148238154, 0.8064495747266097, 0.02950425273390545, 0.48600060753341506, 0.08195625759416997, 0.48190279465370983, 0.3122533414337815, 1.573560145808023, 1.5424167679222398, 0.38683353584446895, 0.6376196840826311, 0.09261057108141338, 1.697314094775217, 1.430136695018231, 0.8556233292831106, 1.8546701093560185, 0.35978797083839376, 0.8900449574726601, 1.3793238153098444, 1.9144981773997631, 1.3826020656136186, 0.554024301336578, 0.1385060753341452, 1.1228007290401074, 2.021041312272189, 0.15407776427704087, 0.09916707168894064, 0.20325151883353357, 1.1654179829890754, 0.8728341433778867, 0.12457351154314086, 0.07376063183475134, 0.8687363304981897, 0.022947752126369996, 0.34421628189550074, 0.9343013365735169, 1.8620461725394957, 0.3417575941676815, 1.304743620899154, 0.05163244228432567, 0.4540376670716876, 0.9056166464155585, 1.367849939246673, 1.6899380315917425, 0.8048104495747319, 0.33520109356014327, 0.43027035236938693, 0.3065164034021849, 1.1900048602673259, 1.2031178614823885, 0.4384659781287946, 1.1613201701093565, 1.2572089914945335, 0.6392588092345062, 1.0810030376670754, 0.09343013365734677, 1.2391786148238269, 0.44584204131226896, 0.47780498177399644, 0.8892253948967268, 1.1982004860267337, 0.5622199270959912, 0.5523851761846893, 1.425219319562587, 0.5532047387606337, 0.7490801944107011, 1.714524908869993, 0.8990601458080285, 0.33520109356014877, 0.7695692588092437, 0.6720413122721752, 0.28930558930741695, 1.4440692588092383, 1.188365735115432, 0.4179769137302576, 1.254750303766709, 0.059828068043744305, 0.29832077764277987, 1.3973541919805619, 0.30733596597812923, 0.3311032806804354, 0.437646415552853, 1.1555832320777655, 0.8097278250303761, 0.5974611178614905, 0.4778049817740074, 2.066936816524918, 0.18194289185905765, 1.518649453219931, 0.6138523693803223, 0.7884191980559002, 0.2704556500607549, 0.9113535844471442, 1.1949222357229672, 0.28602733900364236, 0.6687630619684116, 1.4440692588092492, 0.21308626974484082, 0.43928554070473347, 1.1064094775212645, 0.03196294046173022, 0.2655382746051054, 1.1031312272175011, 0.13113001215067632, 0.41060085054678325, 0.23193620899149742, 0.8785710814094778, 0.6097545565006116, 0.26471871202916647, 0.7335085054678, 1.577657958687734, 0.20652976913730267, 1.7333748481166495, 1.46046051032807, 0.788419198055892, 0.23931227217497444, 0.7097411907654939, 1.6686294046172665, 1.3063827460510427, 0.4278116646415621, 0.052452004860275445, 0.23603402187120265, 0.35896840826245763, 0.5892654921020609, 0.4605941676792258, 0.5220613608748478, 0.49583535844471416, 1.5137320777642815, 0.33110328068044353, 0.423713851761846, 0.995768529769139, 0.5991002430133736, 0.3606075334143381, 0.39339003645200166, 0.30733596597812923, 0.2786512758201681, 1.0900182260024383, 1.7341944106925913, 0.3196294046172558, 0.7646518833535831, 1.8899113001215178, 0.20161239368165856, 1.1727940461725417, 0.14014520048602835, 0.10490400972053177, 0.5622199270959967, 1.1506658566221162, 0.5663177399756963, 0.13358869987849564, 1.0105206561360875, 1.0318292831105744, 0.49501579586877803, 0.12621263669502678, 1.5825753341433806, 1.550612393681664, 0.08359538274605588, 0.4474811664641576, 0.09752794653705202, 1.0219945321992807, 1.0441227217496982, 0.5777916160388841, 1.8210680437424187, 0.35569015795869396, 0.5966415552855406, 0.7564562575941699, 0.19177764277035403, 0.29995990279466034, 0.7777648845686568, 0.0024586877278247716, 0.16555164034022313, 0.009834750911299086, 0.6064763061968425, 0.06392588092344952, 0.6335218712029232, 0.34831409477521147, 1.1957417982989198, 0.130310449574732, 0.8154647630619672, 91.53284629404662, 83.01513244228472, 71.90514216281929, 58.765095382746345, 55.28441312272202, 41.9878298906442, 36.899985419198245, 32.80053341433795, 1.7219009720534728, 2.0931628189550544, 1.005603280680438, 0.48026366950182664, 0.374540097205356, 0.7507193195625761, 1.1187029161603912, 0.17784507897934151, 1.518649453219931, 1.5686427703523735, 0.5654981773997603, 2.2005255164034083, 0.3843748481166497, 0.2286579586877283, 1.4711148238153133, 0.6081154313487229, 1.4916038882138558, 0.38847266099635214, 0.33520109356014877, 0.8982405832320898, 0.6876130012150627, 0.6302436208991486, 0.07785844471445656, 0.9695425273390054, 0.8966014580801956, 0.28438821385176194, 1.448167071688946, 0.011473876063182268, 0.41715735115431873, 0.4745267314702328, 0.05409113001215589, 0.6318827460510373, 0.4523985419198071, 0.6704021871203002, 0.3311032806804354, 0.1663712029161538, 1.662072904009734, 1.088379100850547, 0.07621931956258157, 0.8441494532199283, 0.022128189550420212, 1.1982004860267337, 0.46633110571081965, 0.8933232077764401, 0.05573025516403907, 0.4704289185905194, 0.9146318347509106, 0.3966682867557762, 1.04494228432564, 0.09834750911300179, 0.881849331713247, 0.8998797083839619, 0.5597612393681718, 1.9104003645200631, 1.4112867557715691, 0.6048371810449594, 0.4761658566221214, 0.9187296476306213, 1.6096208991494558, 0.8408712029161592, 0.015571688942895678, 0.7687496962333019, 0.49747448359660823, 0.10080619684083202, 1.2359003645200495, 0.20652976913730267, 1.478490886998796, 0.8793906439854277, 0.6736804374240666, 0.8843080194410717, 0.33028371810449375, 2.1685625759416833, 0.9211883353584541, 0.4073226002430142, 0.3769987849331808, 0.8277582017010966, 0.7146585662211379, 1.1539441069258822, 0.08359538274605588, 3.1184356014580983, 0.3491336573511612, 0.6204088699878605, 0.4884592952612453, 0.21718408262454061, 2.252977521263686, 0.49091798298905914, 0.5966415552855489, 0.006556500607538184, 0.21554495747266017, 0.15161907654921608, 0.512226609963546, 0.6835151883353603, 1.1031312272175064, 0.16145382746051518, 0.14506257594167793, 1.547334143377895, 0.29258383961118056, 0.31717071688942555, 0.25898177399756717, 1.140831105710825, 0.08277582017010611, 0.08687363304981952, 0.8564428918590578, 1.8104137302551784, 1.4342345078979446, 1.1441093560145943, 0.3794574726609946, 0.7515388821385258, 0.7564562575941699, 0.5556634264884585, 0.6654848116646479, 0.5802503037667089, 1.0728074119076567, 0.7031846901579666, 0.20898845686513015, 0.14506257594167793, 0.2753730255164099, 1.2309829890644028, 0.32782503037667987, 0.5892654921020609, 1.3301500607533434, 0.4573159173754566, 1.1596810449574735, 1.158861482381532, 1.0924769137302577, 0.06556500607533816, 1.6751859052247913, 0.6908912515188318, 0.7212150668286762, 0.08359538274605588, 1.0539574726610001, 1.0392053462940543, 0.6777782503037746, 0.4106008505467805, 1.2104939246658657, 0.004097812879705223, 0.3655249088699822, 0.05327156743620611, 1.0523183475091196, 1.5096342648845764, 0.19505589307412313, 0.012293438639123858, 0.08031713244228134, 2.711932563791026, 0.46469198055893374, 1.4940625759416888, 0.22456014580802858, 0.9334817739975726, 0.9285643985419231, 1.6784641555285578, 1.115424665856625, 0.31553159173754236, 0.48272235722965146, 1.056416160388825, 0.047534629404620436, 0.4392855407047444, 0.26226002430133627, 0.011473876063182268, 0.6327023086269788, 0.9859337788578371, 0.017210814094770672, 0.16555164034022313, 1.1203420413122744, 0.465511543134878, 0.7687496962332939, 0.9793772782503044, 0.3147120291616008, 0.39584872417982647, 1.7366530984204187, 1.2826154313487257, 1.4162041312272213, 0.9539708383961178, 1.8702417982989143, 0.10326488456865134, 1.0301901579586885, 0.23029708383961697, 0.35732928311057444, 0.5269787363305083, 0.6400783718104559, 1.783368165249092, 1.0465814094775312, 0.34667496962332556, 0.29914034021871055, 1.0826421628189558, 0.8334951397326903, 0.5761524908869982, 0.7900583232077834, 0.7138390036452072, 0.6499131227217605, 0.7687496962332939, 0.3212685297691308, 0.06556500607533816, 0.2622600243013417, 0.3335619684082683, 0.11965613608747767, 0.200792831105717, 1.0932964763062074, 1.5874927095990328, 0.9170905224787408, 1.070348724179832, 0.4360072904009753, 0.32536634264885517, 0.31717071688943105, 0.7990735115431353, 1.0818226002430196, 0.11883657351153881, 1.1998396111786167, 1.1236202916160407, 0.825299513973269, 0.027045565006075217, 0.7810431348724204, 1.0285510328068108, 2.5054027946537234, 0.9277448359659788, 1.62437302551641, 0.5007527339003719, 0.5466482381530982, 1.561266707168902, 0.1483408262454388, 1.8202484811664692, 0.18931895504252927, 1.0818226002430196, 1.9210546780072957, 0.5753329283110593, 0.3630662211421628, 0.16391251518833994, 0.6056567436209037, 1.3457217496962472, 0.018849939246651123, 0.9883924665856619, 0.22456014580801767, 0.4974744835965973, 0.10408444714459018, 1.895648238153109, 0.6679434993924728, 0.7458019441069265, 1.998093560145816, 1.317037059538278, 1.1875461725394902, 0.742523693803163, 0.6351609963547982, 0.3065164034021931, 0.4097812879708444, 1.6530577156743655, 0.8859471445929604, 0.20161239368165856, 0.9195492102065711, 0.5794307411907728, 1.3883390036452046, 0.11555832320777246, 0.05081287970838953, 0.1803037667071663, 0.6179501822600302, 0.8843080194410772, 0.6113936816524975, 0.9810164034021931, 0.6999064398542002, 1.4407910085054718, 0.925286148238154, 1.4194823815309987, 0.07867800729040633, 0.20734933171324152, 0.49911360874848326, 2.007108748481182, 0.23111664641555854, 0.20325151883353357, 1.74239003645201, 0.49419623329282825, 0.16227339003645405, 1.4260388821385204, 1.9792436208991622, 0.130310449574732, 1.7555030376670753, 2.12840400972054, 1.4325953827460531, 1.4096476306196857, 0.009834750911299086, 0.617950182260022, 1.003964155528555, 0.6466348724179913, 0.0827758201701143, 0.6663043742405814, 0.28274908869987875, 1.3768651275820194, 0.4245334143377958, 0.28029040097205943, 0.6802369380315938, 0.4712484811664719, 0.20898845686512743, 214.30168104495854, 212.50847812879815, 208.63440583232185, 1.607981773997578, 0.03606075334143817, 0.7179368165249125, 1.0711682867557817, 0.7572758201701087, 1.0736269744835982, 0.3647053462940515, 0.08687363304981952, 1.1547636695018266, 0.5220613608748478, 1.3113001215066842, 0.278651275820179, 0.8425103280680506, 1.005603280680438, 1.3612934386391347, 0.42699210206561233, 0.4507594167679212, 0.19915370595382834, 0.40650303766706986, 0.59582199270961, 0.26635783718104966, 0.6974477521263672, 0.24095139732684945, 0.24586877278250446, 0.656469623329285, 1.8407375455650172, 0.995768529769139, 0.8457885783718115, 1.3670303766707286, 0.9179100850546906, 1.3850607533414436, 0.5474678007290398, 0.34175759416767604, 0.30569684082624876, 0.6548304981774046, 0.11555832320777791, 0.8613602673147099, 0.9367600243013418, 0.4556767922235762, 0.21226670716889653, 0.6408979343863865, 0.6245066828675603, 0.9424969623329411, 0.8154647630619672, 1.4997995139732772, 1.0662509113001322, 0.19095808019440424, 1.7522247873633197, 1.4186628189550543, 0.7441628189550517, 0.39339003645200166, 0.39339003645200166, 0.16227339003645405, 0.01475212636695136, 0.9769185905224851, 0.3810965978128805, 1.2350808019441162, 0.7794040097205399, 0.8884058323207851, 1.0113402187120373, 0.07458019441069019, 0.5777916160388841, 0.2671773997569913, 0.3458554070473812, 0.10818226002430087, 1.1924635479951506, 1.3752260024301308, 0.754817132442284, 1.2645850546780106, 1.0687095990279487, 0.7302302551640336, 1.3391652490887116, 1.5850340218712133, 0.3819161603888194, 1.3481804374240611, 0.09588882138517701, 0.25324483596597874, 0.43518772782503373, 1.777631227217501, 0.02950425273390545, 0.1819428918590522, 0.7925170109355999, 1.0482205346294171, 0.33110328068044353, 0.5212417982989089, 0.5204222357229701, 1.9587545565006226, 0.1737472660996336, 0.1745668286755779, 0.5015722964763134, 0.27947083839611786, 0.6892521263669569, 0.027045565006080675, 1.645681652490891, 0.2065297691373081, 1.0293705953827552, 1.117063791008519, 0.48026366950182664, 0.5187831105710786, 0.3892922235723019, 1.112146415552864, 0.5376330498177462, 0.7769453219927097, 0.35732928311056894, 0.7646518833535886, 0.4835419198055903, 0.46305285540704505, 1.033468408262463, 0.06228675577156907, 0.5286178614823888, 0.29012515188335036, 0.20243195625760288, 0.8261190765492107, 0.1475212636695027, 0.9744599027946604, 1.0154380315917426, 0.4860006075334205, 0.05900850546779998, 0.11801701093559723, 1.998913122721755, 0.3548705953827497, 1.1514854191980577, 0.8851275820170106, 0.03278250303766362, 0.5392721749696212, 0.6818760631834798, 0.9867533414337788, 1.6842010935601541, 0.6589283110571125, 1.0621530984204186, 1.3375261239368177, 1.2613068043742417, 1.6219143377885852, 1.4399714459295383, 0.381096597812886, 0.9588882138517619, 1.2457351154313596, 0.21882320777642922, 0.5638590522478716, 0.8048104495747319, 0.5269787363304973, 0.7769453219927097, 0.7720279465370683, 2.0997193195625816, 0.24504921020656562, 0.9810164034021877, 0.44993985419198235, 0.015571688942895678, 0.6859738760631823, 0.29258383961118056, 0.08933232077763882, 0.5507460510328089, 0.5515656136087587, 0.5523851761846975, 2.430003037667086, 1.930889428918603, 1.0621530984204186, 0.8425103280680506, 0.6622065613608816, 0.7441628189550434, 0.061467193195627476, 0.6507326852976993, 0.4187964763061937, 0.8925036452004957, 1.3752260024301308, 0.25160571081410377, 0.021308626974475896, 0.708921628189555, 1.2408177399757019, 0.8482472660996363, 1.7464878493317177, 0.9433165249088798, 0.19095808019440424, 1.1219811664641683, 0.2835686512758231, 0.6802369380315993, 0.5269787363305083, 1.3063827460510344, 0.6859738760631877, 0.5417308626974541, 1.5301233292831133, 3.262678614823835, 1.5538906439854276, 0.35569015795868575, 0.20325151883354176, 0.03933900364519907, 1.0744465370595482, 1.376045565006086, 0.4163377885783771, 0.15571688942891584, 0.1352278250303788, 0.44584204131226896, 0.7138390036452072, 0.9179100850546906, 0.23849270959903016, 0.465511543134878, 0.6368001215066813, 1.82680498177401, 0.3851944106925939, 1.204756986634272, 0.5007527339003719, 0.4835419198055903, 0.10408444714459018, 0.8343147023086265, 0.2581622114216283, 0.5958219927095991, 0.3433967193195565, 1.4276780072904118, 0.22701883353585334, 1.3473608748481194, 0.1958754556500538, 1.0851008505467805, 1.3268718104495798, 0.6572891859052293, 1.5424167679222398, 0.5359939246658603, 2.1374191980559054, 1.478490886998796, 0.437646415552853, 1.471934386391263, 0.5114070473876043, 0.6679434993924728, 0.48600060753341506, 0.6867934386391321, 1.4661974483596638, 1.418662818955046, 1.1195224787363436, 0.2950425273390054, 1.1932831105710842, 0.154897326852977, 0.21226670716889653, 0.2384927095990247, 0.46551154313486987, 1.0277314702308638, 0.790877885783725, 1.2686828675577266, 0.36716403402186804, 1.13345504252734, 0.12211482381530245, 1.7587812879708415, 1.1178833535844497, 0.6695826245443504, 0.1385060753341452, 1.0228140947752142, 0.5474678007290398, 1.2342612393681665, 0.644995747266111, 1.667809842041317, 1.9571154313487285, 1.1309963547995205, 0.1704690157958645, 0.8998797083839701, 0.5991002430133736, 0.3384793438639178, 0.4106008505467805, 0.09834750911299632, 2.689804374240603, 1.9136786148238296, 0.23275577156744176, 0.25160571081410377, 0.2655382746051054, 1.0695291616038902, 0.43027035236938693, 1.2490133657351177, 1.160500607533415, 0.8703754556500701, 0.4499398541919878, 0.6687630619684061, 0.8441494532199283, 1.971867557715688, 0.4540376670716958, 0.794156136087494, 0.3819161603888194, 0.6122132442284309, 0.22619927095990902, 0.33684021871202924, 2.01120656136089, 1.0121597812879708, 0.03442162818955499, 0.625326245443499, 1.372767314702317, 0.9916707168894311, 0.07539975698663179, 0.2638991494532249, 0.22619927095990902, 0.8318560145808073, 0.16801032806804791, 0.3155315917375506, 1.5629058323207823, 0.9482339003645295, 1.070348724179832, 1.2465546780072931, 0.2655382746050999, 2.0308760631834795, 1.1908244228432594, 2.418529161603898, 0.02868469015795567, 0.7613736330498169, 0.3827357229647637, 1.859587484811671, 0.9867533414337788, 0.4532181044957569, 0.622047995139741, 1.9153177399757126, 0.9211883353584541, 1.0908377885783744, 0.9875729040097285, 0.8490668286755779, 0.9744599027946604, 0.2819295261239426, 0.8654580801944096, 0.17046901579587267, 0.9908511543134921, 0.33684021871203196, 1.185907047387607, 0.5597612393681664, 0.369622721749701, 0.40240522478737006, 0.09588882138517701, 0.27947083839610964, 1.6309295261239483, 1.1523049817740019, 0.8564428918590521, 0.36552490886999306, 0.3548705953827497, 0.20489064398541673, 0.3048772782503099, 1.184267922235732, 0.8875862697448353, 0.33520109356014327, 0.5728742405832401, 0.3581488456865133, 0.7908778857837168, 0.2999599027946549, 1.7981202916160544, 0.07867800729040088, 1.1801701093560215, 0.7359671931956248, 0.7367867557715746, 1.6088013365735223, 0.27291433778858515, 0.9670838396111806, 0.5958219927095991, 0.08933232077764429, 0.13276913730255133, 0.5089483596597824, 0.34175759416767604, 0.03114337788578863, 1.3342478736330596, 0.5196026731470202, 0.12785176184690722, 1.0924769137302577, 0.6368001215066867, 0.1794842041312329, 0.06556500607533816, 0.4171573511543078, 0.18849939246658493, 0.15325820170109108, 0.6761391251518913, 2.1923298906439976, 2.0136652490887146, 2.0767715674362224, 1.894009113001226, 3.6798359659781483, 1.5874927095990412, 0.3991269744835955, 1.0777247873633062, 0.120475698663422, 1.1514854191980577, 0.6810565006075381, 0.731869380315925, 0.35650972053463553, 0.5507460510328144, 0.22619927095990355, 0.9056166464155585, 0.3048772782503099, 0.9597077764277118, 0.29995990279466034, 0.5900850546780053, 1.5784775212636781, 0.2581622114216283, 0.20325151883354176, 0.5466482381531091, 1.295728432563802, 0.01639125151883727, 0.43354860267314504, 0.423713851761846, 0.35487059538274424, 0.13031044957472654, 0.23357533414337786, 0.7310498177399752, 0.9883924665856674, 0.08195625759416997, 1.9284307411907782, 1.4899647630619808, 0.25406439854191765, 0.3589684082624549, 1.2826154313487257, 0.7138390036451991, 0.09506925880923815, 0.035241190765488394, 0.07376063183475134, 0.19669501822600358, 0.6007393681652595, 0.731869380315925, 0.7990735115431435, 0.8613602673147017, 1.035107533414338, 0.08605407047387519, 1.438332320777655, 1.6907575941676842, 0.40486391251518666, 1.0236336573511557, 0.03442162818955499, 0.9695425273390054, 0.9416773997569913, 1.7104270959902852, 1.2449155528554097, 0.002458687727830231, 0.22128189550425403, 0.7064629404617248, 0.8605407047387602, 0.6908912515188373, 1.1908244228432594, 0.44010510328068325, 0.0393390036452018, 0.2311166464155531, 1.7718942891859126, 0.09179100850547178, 0.3319228432563796, 1.4121063183475107, 0.31880984204131696, 0.9187296476306213, 0.5507460510328144, 0.35323147023086104, 0.2753730255164099, 0.022128189550425677, 0.6990868772782614, 5.036212029161633, 1.3440826245443531, 0.7605540704738751, 0.43764641555285844, 1.2301634264884664, 1.4235801944107012, 0.05818894289185566, 1.2678633049817771, 0.5073092345079019, 0.7736670716889515, 0.7441628189550434, 1.0154380315917373, 0.3794574726609946, 0.937579586877286, 0.21472539489672401, 0.9752794653706046, 0.6613869987849318, 2.247240583232084, 0.021308626974486815, 0.9375795868772778, 0.15653645200486563, 1.9530176184690204, 0.5523851761846893, 0.9744599027946548, 1.5833948967193276, 1.55798845686513, 1.1277181044957514, 0.3737205346294062, 1.4457083839611213, 1.0736269744835982, 0.7654714459295248, 2.013665249088706, 0.37126184690157604, 1.1219811664641683, 0.9924902794653808, 1.2104939246658575, 0.33684021871203196, 1.1006725394896817, 0.8384125151883345, 0.6949890643985425, 0.5048505467800716, 1.3703086269744869, 0.531076549210208, 0.15571688942891584, 1.295728432563802, 0.227838396111784, 0.3204489671932001, 0.8113669501822592, 0.8048104495747319, 0.8130060753341425, 2.186592952612401, 0.5122266099635542, 0.35405103280680533, 0.5573025516403471, 0.061467193195627476, 0.18194289185905765, 0.6949890643985425, 0.23357533414337786, 0.7638323207776497, 0.15981470230862926, 0.19915370595382834, 0.25898177399756717, 0.7539975698663507, 0.9629860267314782, 2.1095540704738918, 0.5777916160388841, 0.9269252733900454, 0.37290097205347006, 0.2483274605103347, 0.8851275820170106, 0.49747448359660823, 0.13932563791008404, 0.04097812879708772, 0.3491336573511612, 0.8810297691373026, 0.2507861482381595, 1.2793371810449674, 0.5630394896719355, 0.23931227217496626, 0.09916707168894612, 0.4966549210206639, 0.9654447144592947, 1.1129659781288055, 0.33520109356014877, 1.3826020656136107, 1.1293572296476317, 2.381648845686527, 0.3474945321992808, 1.0474009720534727, 1.1768918590522577, 1.418662818955046, 0.2999599027946549, 0.22701883353585334, 0.8302168894289214, 0.03114337788578863, 0.3425771567436176, 0.07539975698663998, 0.2852077764277035, 0.318809842041306, 0.5171439854191955, 1.1146051032806887, 1.9136786148238296, 1.1760722964763135, 0.06720413122721315, 0.9457752126366964, 0.3712618469015815, 0.567956865127585, 0.17784507897934151, 0.27455346294046834, 0.5564829890644027, 0.13932563791008404, 0.22292102065613992, 1.1129659781287973, 1.082642162818964, 0.5720546780072903, 0.1393256379100895, 2.700458687727844, 2.6717739975698827, 0.5728742405832346, 0.8203821385176278, 0.5187831105710842, 0.7728475091130127, 0.9343013365735169, 0.7605540704738833, 1.4907843256379143, 0.9375795868772778, 0.22783839611179219, 0.38683353584447716, 1.3916172539489708, 1.671907654921025, 1.367849939246673, 0.5400917375455601, 1.380143377885794, 0.6015589307411903, 0.1704690157958645, 0.20734933171324152, 1.1564027946537154, 1.691577156743626, 0.4319094775212646, 0.7794040097205399, 0.9162709599028019, 0.1171974483596529, 0.6343414337788621, 0.6408979343863865, 0.118836573511547, 0.4540376670716958, 0.7933365735115442, 0.6622065613608816, 0.13031044957472654, 1.6137187120291663, 0.8334951397326849, 0.5040309842041328, 0.858901579586877, 0.11965613608747767, 0.6531913730255159, 0.8670972053462929, 0.13768651275820087, 2.428363912515195, 0.9564295261239372, 1.3178566221142276, 0.26799696233293013, 0.3196294046172558, 0.4171573511543078, 0.5630394896719355, 1.1613201701093565, 1.1654179829890754, 0.5704155528554098, 1.035107533414338, 0.1467017010935638, 0.6294240583232152, 1.1129659781288055, 0.2950425273389999, 0.13768651275820087, 0.7466215066828763, 1.1187029161603994, 0.2007928311057088, 0.6515522478736354, 0.4753462940461716, 1.0588748481166468, 0.28766646415553104, 0.2950425273389999, 1.2473742405832347, 0.33110328068044353, 0.45813547995140097, 0.8326755771567461, 0.5433699878493291, 1.0137989064398623, 1.0973942891859072, 1.0457618469015815, 1.8505722964763216, 1.035107533414338, 1.184267922235724, 0.19259720534629834, 1.2022982989064417, 0.656469623329285, 0.5646786148238214, 0.045075941676787475, 0.18931895504252927, 0.3901117861482326, 0.27783171324422923, 1.2695024301336602, 1.2809763061968424, 0.22701883353584243, 0.23439489671931674, 1.1506658566221213, 0.9302035236938035, 0.2180036452004904, 0.03933900364519907, 0.21390583232077423, 0.7835018226002451, 0.9851142162819038, 0.6597478736330485, 0.09179100850547178, 0.7744866342648932, 0.02950425273390545, 1.132635479951401, 0.05900850546779998, 0.3048772782503044, 1.554710206561372, 0.01311300121506818, 1.0851008505467805, 1.4252193195625817, 0.8613602673147017, 0.3581488456865133, 0.7195759416768012, 1.622733900364524, 1.0605139732685382, 1.3826020656136186, 1.0539574726610055, 0.8498863912515194, 0.08851275820169997, 0.48518104495747616, 1.3899781287970876, 0.42945078979343715, 1.1162442284325746, 0.015571688942895678, 2.1161105710814243, 1.3973541919805619, 0.9474143377885905, 1.0916573511543242, 0.06884325637909634, 0.20898845686513015, 0.8957818955042649, 0.9162709599027937, 0.5450091130012096, 0.9121731470230858, 0.07458019441069019, 0.8334951397326849, 0.4810832320777655, 0.561400364520055, 0.7335085054678054, 0.1819428918590522, 0.6761391251518859, 0.6876130012150736, 0.01557168894288749, 1.367849939246662, 0.05982806804373884, 0.1606342648845654, 1.9136786148238214, 1.3342478736330596, 1.2539307411907727, 0.2630795868772806, 0.22046233292831516, 1.6571555285540789, 0.8687363304981897, 0.29012515188335036, 1.1211616038882242, 0.4999331713244221, 0.5950024301336657, 0.05327156743620611, 1.2055765492102162, 1.0482205346294062, 1.018716281895517, 1.2776980558930788, 1.2736002430133682, 1.0867399756986638, 0.5818894289185975, 2.1833147023086403, 1.305563183475093, 0.3491336573511558, 1.2744198055893097, 0.9064362089914975, 0.8220212636695137, 0.44338335358444414, 0.7572758201701142, 1.2522916160388842, 0.2065297691373081, 0.9711816524908885, 0.12129526123936359, 0.376179222357231, 1.7374726609963655, 0.6064763061968425, 0.09343013365734677, 1.0154380315917426, 0.798253948967202, 1.5883122721749827, 1.5883122721749827, 0.019669501822595442, 2.2685492102065763, 0.5417308626974541, 0.03851944106925749, 1.6055230862697534, 0.1852211421628213, 1.2957284325637939, 0.021308626974486815, 0.6507326852976993, 0.03114337788578863, 0.07376063183474588, 0.4573159173754594, 1.5383189550425318, 0.4130595382746026, 0.24750789793439038, 0.4081421628189557, 3.0946682867557924, 1.8677831105710867, 1.7825486026731505, 2.2169167679222452, 0.37945747266100005, 0.2655382746050999, 0.7449823815309932, 0.11309963547995042, 0.3942095990279433, 0.6458153098420498, 0.4245334143377958, 1.4243997569866373, 0.6900716889428875, 1.025272782503039, 0.35978797083839376, 0.5892654921020609, 1.3981737545565063, 0.2139058323207797, 0.39011178614824354, 0.5654981773997603, 0.4212551640340267, 0.6859738760631823, 0.3999465370595453, 0.6310631834750929, 1.767796476306202, 0.9015188335358452, 1.5981470230862735, 0.280290400972054, 2.0923432563791073, 1.3162174969623472, 0.9924902794653726, 1.7030510328068083, 1.5924100850546823, 0.9179100850546797, 0.9875729040097203, 0.05654981773998067, 1.522747266099639, 0.49747448359660823, 0.10162575941676542, 0.09588882138517156, 0.13276913730255133, 0.30077946537059375, 0.13686695018226472, 0.05982806804373884, 0.7712083839611268, 0.39257047387606825, 0.16391251518833994, 0.656469623329285, 0.18604070473876563, 1.2072156743620965, 0.15079951397327723, 0.1688298906439895, 1.4997995139732718, 0.5441895504252707, 1.5170103280680478, 1.6686294046172665, 0.7662910085054745, 1.0187162818955062, 1.0572357229647638, 1.2932697448359771, 0.6867934386391238, 0.10080619684082655, 0.4622332928311089, 0.4835419198055903, 0.21062758201701606, 0.49911360874848326, 2.728323815309858, 0.009834750911304547, 0.6187697448359718, 1.5883122721749827, 2.130862697448365, 1.2596676792223584, 0.894142770352379, 1.1014921020656152, 0.8466081409477639, 0.39175091130011847, 0.6581087484811683, 0.03769987849331317, 0.250786148238154, 0.7408845686512825, 0.2934034021871249, 0.9646251518833612, 0.48272235722965146, 1.0457618469015924, 0.9056166464155585, 0.22128189550424857, 2.1710212636695165, 0.2360340218712054, 1.1162442284325746, 1.2695024301336602, 0.6294240583232152, 1.044942284325648, 0.04343681652491249, 0.6777782503037746, 1.4686561360874997, 0.49911360874848326, 1.365391251518848, 0.6523718104495797, 2.257894896719336, 0.422074726609971, 1.0047837181044992, 0.6794173754556551, 0.24422964763061583, 0.9679034021871303, 1.8005789793438791, 0.5261591737545639, 0.46305285540704505, 1.204756986634272, 0.3769987849331808, 0.023767314702311585, 0.32782503037667987, 0.8679167679222455, 0.34503584447144237, 1.4235801944107012, 0.9457752126367046, 1.6801032806804488, 0.9810164034021931, 0.42617253948968165, 0.19505589307411494, 0.46960935601457776, 1.9382654921020772, 4.072406439854214, 5.345187120291646, 4.519887606318371, 2.587359052247888, 0.3876530984204133, 1.1965613608748586, 1.2145917375455708, 0.8769319562575947, 1.2211482381531011, 0.5269787363304973, 1.2219678007290427, 1.5825753341433806, 0.2114471445929522, 0.2770121506682931, 0.28602733900364236, 0.5040309842041328, 0.23193620899149742, 0.7523584447144674, 0.5286178614823888, 1.1777114216281912, 0.4868201701093539, 1.2383590522478827, 0.6179501822600302, 2.48081591737547, 0.5712351154313596, 1.5776579586877393, 1.1350941676792312, 0.30733596597812923, 0.11064094775212838, 1.7866464155528612, 1.0023250303766744, 0.4819027946537071, 0.3179902794653672, 1.0744465370595482, 0.47124848116646373, 1.1375528554070478, 0.3327424058323185, 0.18112332928310787, 0.39830741190765667, 1.1973809234507922, 0.9039775212636781, 1.0711682867557735, 0.32372721749696104, 0.02950425273390545, 0.07949756986633974, 0.4966549210206639, 1.2645850546780217, 0.011473876063182268, 1.762059538274619, 0.1958754556500647, 0.8310364520048601, 1.3490000000000055, 1.2604872417983082, 0.4712484811664719, 2.036613001215079, 0.5146852976913789, 0.033602065613605216, 0.5138657351154291, 1.8366397326853092, 1.3194957472661109, 0.7753061968408375, 1.481769137302562, 0.06638456865127702, 2.5939155528554263, 0.7482606318347623, 1.376865127582025, 0.0032782503037636327, 1.485047387606326, 0.9605273390036533, 0.6507326852976911, 0.5982806804374239, 1.4457083839611213, 0.24996658566221788, 1.481769137302562, 0.2917642770352417, 0.9662642770352416, 0.09261057108141338, 0.8220212636695137, 0.5245200486026834, 0.027865127582024998, 1.1949222357229756, 0.3876530984204133, 0.13932563791008404, 1.367849939246673, 0.8711950182260144, 1.0441227217496982, 0.7261324422843256, 0.2655382746051054, 0.9187296476306213, 0.6064763061968479, 0.2679969623329247, 0.9400382746051108, 1.8046767922235871, 0.1057235722964761, 0.3073359659781347, 0.18112332928311606, 0.22210145808019013, 0.5023918590522578, 1.081822600243014, 1.1162442284325746, 0.9662642770352362, 0.4032247873633062, 1.7563226002430168, 0.15325820170109108, 0.4474811664641576, 1.9177764277035376, 1.3883390036452046, 1.6169969623329328, 0.7236737545565118, 0.09998663426488223, 0.5556634264884585, 0.4778049817740074, 1.0424835965978234, 0.9547904009720539, 0.23439489671931674, 1.4006324422843313, 0.28110996354799833, 0.5761524908869982, 0.4146986634264939, 0.23029708383961697, 0.2950425273390054, 1.185087484811671, 0.8572624544349965, 0.7007260024301418, 0.49337667071689484, 1.5866731470231021, 0.3245467800729108, 1.7514052247873781, 2.907808019441088, 2.0710346294046316, 2.9340340218712186, 3.0815552855407216, 1.1621397326853065, 1.5571688942891968, 4.383840218712057, 0.010654313487237948, 1.4088280680437497, 0.7810431348724204, 0.930203523693809, 0.5400917375455601, 0.9875729040097203, 2.211999392466593, 0.742523693803163, 0.6269653705953905, 0.09752794653706293, 0.6695826245443615, 1.0375662211421683, 0.4556767922235707, 0.3065164034021849, 0.6310631834750984, 0.6802369380315993, 0.7162976913730238, 0.40814216281895854, 0.888405832320777, 0.7523584447144674, 0.36634447144592647, 1.614538274605108, 0.24750789793439038, 0.18358201701093538, 0.18767982989064608, 0.0032782503037745514, 0.683515188335363, 1.1473876063183577, 0.9154513973268522, 0.8736537059538393, 0.7695692588092437, 0.3630662211421628, 1.5161907654921063, 0.1876798298906406, 0.8375929526124011, 1.2711415552855434, 1.184267922235724, 0.7966148238153106, 1.0711682867557817, 0.7908778857837168, 1.4440692588092383, 0.6982673147023171, 0.04425637910084589, 0.5294374240583221, 0.6154914945321973, 0.46960935601458326, 0.38191616038882487, 0.6892521263669569, 2.2087211421628266, 0.19095808019440424, 0.02950425273389999, 0.9236470230862708, 0.7875996354799504, 1.4334149453220002, 0.29012515188335036, 1.3588347509113017, 0.2171840826245488, 1.8095941676792369, 0.5630394896719301, 0.35569015795869396, 1.4924234507898058, 1.6186360874848216, 0.20489064398541673, 0.3425771567436258, 0.03442162818955499, 0.731869380315925, 1.8710613608748614, 0.6204088699878496, 0.5654981773997603, 0.2614404617253974, 1.5219277035236973, 0.22947752126367812, 0.07949756986633974, 0.009834750911299086, 0.33192284325638516, 1.1244398541919824, 0.31717071688942555, 0.18604070473876563, 0.43354860267315054, 1.4416105710814133, 0.03851944106925749, 0.125393074119077, 0.9187296476306295, 0.5466482381531091, 0.2934034021871167, 0.4884592952612453, 1.033468408262463, 0.7441628189550434, 0.39011178614824354, 0.2819295261239344, 0.6851543134872489, 0.03606075334143817, 0.20243195625759197, 0.3245467800729108, 0.7974343863912632, 0.3319228432563796, 1.9030243013365888, 1.7997594167679267, 0.9679034021871221, 0.84496901579587, 0.2598013365735115, 1.6063426488456893, 0.9506925880923542, 0.8466081409477639, 0.6958086269744922, 0.27127521263669924, 0.0713019441069211, 0.4933766707168839, 0.05327156743620611, 0.006556500607529995, 0.549106925880923, 0.8162843256379088, 1.0424835965978234, 0.7384258809234577, 0.19669501822600358, 0.5573025516403416, 1.1768918590522577, 0.8179234507898001, 0.005736938031599323, 0.8482472660996444, 0.18276245443499653, 0.9531512758201734, 0.4851810449574707, 0.4573159173754594, 0.3802770352369444, 1.0596944106925885, 0.8056300121506763, 0.4360072904009753, 0.7900583232077834, 0.8244799513973384, 1.1268985419198072, 0.08195625759416997, 0.4409246658566276, 0.80890826245444, 0.5654981773997548, 0.16964945321992833, 1.006422843256385, 1.0785443499392506, 1.5530710814094835, 0.11637788578371405, 1.83090279465371, 0.30159902794654353, 0.6876130012150627, 0.3114337788578426, 88.6201208991499, 88.62503827460554, 95.06352187120339, 85.66969562575983, 77.89368590522517, 75.64562575941714, 2.1464343863912685, 1.7317357229647745, 3.2176026731470424, 0.13440826245443996, 0.3851944106925885, 0.46305285540704505, 0.04589550425272634, 1.6096208991494558, 0.12785176184690722, 1.2809763061968424, 1.2834349939246672, 0.6417174969623364, 0.271275212636691, 0.14178432563790336, 0.13604738760631496, 0.9220078979343959, 0.40896172539490006, 1.1113268529769196, 0.626965370595385, 0.08851275820170271, 1.5456950182260145, 0.5253396111786223, 1.0392053462940543, 0.250786148238154, 0.3155315917375506, 0.017210814094776133, 0.6802369380315993, 0.422074726609971, 1.305563183475093, 0.10572357229648156, 0.25324483596598424, 0.481083232077771, 0.47780498177399644, 0.03278250303766908, 0.726132442284331, 0.3040577156743683, 0.7179368165249125, 2.2636318347509268, 0.9072557715674362, 1.857948359659785, 2.6037503037667253, 0.02786512758201408, 0.381096597812886, 0.5720546780072903, 0.516324422843254, 0.9088948967193222, 0.131949574726607, 0.4146986634264939, 1.0654313487241795, 0.8121865127582009, 1.2875328068043834, 0.5622199270959912, 0.1958754556500647, 0.5138657351154345, 0.06638456865127157, 2.040710814094787, 0.2655382746050999, 0.5810698663426532, 1.9882588092345141, 1.3293304981774043, 0.9736403402187133, 0.7498997569866427, 1.71288578371811, 1.054777035236939, 0.5286178614823888, 0.730230255164039, 2.040710814094787, 1.2399981773997601, 0.9408578371810442, 0.5433699878493291, 1.3342478736330596, 0.3032381530984185, 0.8531646415552913, 1.330969623329285, 0.59582199270961, 0.22046233292831516, 0.8711950182260144, 1.5973274605103347, 0.9867533414337788, 0.9777381530984294, 0.12457351154313268, 1.3875194410692684, 0.04835419198056203, 1.278517618469018, 0.4007660996354815, 0.32208809234508057, 0.20407108140948332, 0.5409113001215098, 0.46797023086269457, 0.06146719319562475, 0.6441761846901557, 0.0032782503037745514, 0.250786148238154, 1.291630619684086, 0.6245066828675657, 0.2655382746050999, 1.2440959902794682, 1.2842545565006172, 2.5004854191980628, 1.4088280680437442, 0.8769319562576029, 0.9736403402187133, 0.5343547995139716, 0.8138256379100894, 1.7350139732685355, 0.25816221142163104, 2.044808626974492, 0.6015589307411985, 2.1431561360874967, 0.49419623329282825, 0.09424969623329656, 0.5646786148238104, 0.38355528554070806, 0.08359538274605043, 2.124306196840832, 0.07703888213851498, 1.7071488456865243, 1.9136786148238296, 0.1467017010935529, 0.8793906439854277, 0.10490400972053997, 1.693216281895517, 0.49911360874848326, 0.14916038882138313, 0.08031713244228134, 1.3137588092345116, 0.6794173754556551, 1.6891184690158092, 0.33274240583232395, 0.1917776427703486, 0.780223572296476, 0.3138924665856619, 0.23439489671932218, 1.2539307411907727, 0.06310631834751339, 0.2917642770352417, 0.28274908869987875, 0.36716403402186804, 0.07867800729040088, 0.4556767922235762, 0.5597612393681718, 0.004917375455649543, 0.9908511543134921, 0.656469623329285, 0.05654981773997521, 0.4228942891859126, 0.9547904009720595, 0.7728475091130127, 0.02950425273389999, 0.7662910085054663, 0.02868469015795567, 0.09261057108141338, 0.3245467800729108, 1.3391652490887036, 1.1105072904009725, 1.2506524908870036, 0.467150668286753, 0.10408444714459018, 0.25734264884568403, 1.305563183475093, 0.120475698663422, 0.33684021871202924, 1.3317891859052267, 0.858901579586877, 0.5859872417982973, 0.017210814094770672, 0.19341676792223994, 0.9908511543134867, 1.0301901579586885, 0.04589550425272634, 0.2761925880923433, 0.9572490886998787, 0.4950157958687698, 1.0203554070473977, 2.2636318347509268, 0.39339003645200166, 0.27045565006074945, 0.9933098420413223, 1.0457618469015924, 0.7384258809234495, 0.7417041312272158, 0.15571688942892678, 0.3343815309842044, 1.0932964763062074, 0.6048371810449594, 1.598966585662215, 1.0867399756986638, 0.49501579586877803, 0.7384258809234577, 0.6089349939246728, 0.09670838396112133, 1.3268718104495798, 0.3630662211421628, 0.5073092345078964, 0.549106925880923, 1.5235668286755832, 0.2950425273389999, 0.06638456865127702, 1.2031178614823832, 1.2645850546780106, 0.6072958687727841, 0.554024301336578, 0.6302436208991486, 0.3647053462940433, 0.35569015795868575, 1.8054963547995178, 1.078544349939256, 0.8302168894289214, 0.09588882138517156, 0.1884993924665904, 0.8974210206561372, 0.1786646415552831, 0.05491069258810021, 0.2942229647630556, 2.0489064398541976, 0.9875729040097285, 0.3229076549210194, 1.7473074119076621, 2.26936877278251, 0.5859872417983055, 0.011473876063182268, 0.6154914945321973, 0.8687363304981897, 0.3229076549210194, 0.3433967193195565, 0.0040978128797134125, 0.27045565006074945, 0.3491336573511612, 0.05982806804373884, 0.03114337788578863, 0.5736938031591734, 0.11637788578372224, 1.5448754556500701, 0.9105340218712027, 0.9900315917375452, 0.707282503037669, 1.1523049817740019, 0.998227217496972, 0.925286148238154, 0.14916038882139132, 1.2309829890644084, 0.07703888213851498, 0.38355528554070534, 2.458687727825039, 0.35978797083839376, 0.9867533414337788, 0.5548438639125223, 0.3073359659781347, 1.5751992709599199, 0.6892521263669569, 0.7064629404617248, 0.6966281895504257, 0.7859605103280672, 0.08687363304981952, 1.2440959902794766, 0.05163244228432567, 0.7113803159173825, 0.27783171324423467, 0.5605808019441108, 0.09015188335358862, 0.9449556500607549, 0.6138523693803113, 0.47780498177399644, 0.2081688942891913, 1.959574119076564, 2.764384568651294, 0.46960935601457776, 1.2399981773997601, 0.09588882138517156, 0.9515121506682875, 0.7572758201701142, 0.07376063183474588, 0.6195893074119107, 0.5163244228432594, 0.7466215066828682, 0.41387910085054413, 1.2998262454435099, 0.18358201701094087, 1.6096208991494558, 2.1169301336573576, 1.4350540704738861, 0.1647320777642788, 1.0736269744836064, 1.0678900364520072, 0.405683475091131, 0.7162976913730238, 0.022947752126361805, 0.9441360874848216, 0.8957818955042649, 0.5982806804374348, 1.0424835965978234, 0.7712083839611268, 0.1975145808019479, 0.18276245443499653, 0.8654580801944096, 0.7794040097205345, 0.8384125151883399, 0.7638323207776497, 0.5351743620899214, 0.9859337788578371, 0.4261725394896707, 0.3319228432563796, 0.7802235722964816, 1.2178699878493455, 0.7597345078979391, 0.09261057108140246, 1.6309295261239398, 0.1483408262454388, 0.1040844471446011, 0.03278250303766362, 0.14342345078979746, 0.9900315917375533, 0.8023517618469017, 1.5686427703523735, 3.493795261239391, 1.0285510328068053, 0.3089750911300178, 1.1547636695018266, 0.13686695018225928, 0.9031579586877337, 0.3958487241798319, 1.4620996354799614, 0.7605540704738751, 0.2720947752126408, 1.367849939246662, 0.7302302551640336, 0.6441761846901557, 0.3425771567436176, 0.7310498177399752, 1.6743663426488495, 0.25652308626974785, 1.6973140947752223, 0.1385060753341452, 0.12867132442284063, 1.1793505467800771, 0.255703523693809, 0.3786379100850558, 0.8785710814094778, 0.23111664641555854, 0.6679434993924619, 0.9941294046172559, 1.0736269744835982, 0.6286044957472736, 0.8310364520048656, 0.6605674362089929, 0.4860006075334205, 0.823660388821394, 1.1859070473876154, 0.4843614823815319, 0.4196160388821326, 0.17292770352368925, 0.14752126366949722, 1.6923967193195675, 3.0315619684082793, 0.4228942891859126, 0.637619684082623, 0.7212150668286871, 0.22537970838395924, 1.4588213851761866, 0.9605273390036533, 0.08113669501822565, 0.11146051032806996, 0.8498863912515194, 0.881849331713247, 0.7761257594167681, 0.9900315917375533, 0.5097679222357212, 0.12375394896718836, 0.8941427703523708, 1.694855407047392, 0.14424301336572812, 0.8629993924665904, 1.5915905224787517, 1.3793238153098497, 0.9531512758201734, 1.0498596597812977, 0.6277849331713292, 0.18112332928311606, 1.3129392466585728, 0.006556500607538184, 0.12293438639125223, 0.8589015795868852, 0.6294240583232097, 1.2432764277035266, 1.1367332928311062, 0.4310899149453258, 0.5425504252733848, 0.04343681652490157, 0.15571688942892678, 1.2555698663426533, 1.8095941676792369, 2.871747266099653, 1.170335358444717, 1.8440157958687833, 0.05491069258810021, 1.025272782503039, 0.5630394896719355, 1.2359003645200495, 1.9603936816524976, 0.006556500607529995, 0.45649635479951506, 1.254750303766717, 1.5817557715674389, 0.05900850546779998, 0.17456682867558337, 0.4458420413122771, 0.7539975698663507, 0.2934034021871249, 1.3588347509113017, 1.83991798298907, 0.8908645200486099, 0.7458019441069265, 1.3989933171324507, 0.2483274605103347, 1.9546567436209035, 2.2406840826245515, 1.8505722964763216, 0.31307290400971766, 1.1113268529769142, 0.9072557715674362, 0.6917108140947815, 0.025406439854200224, 0.2950425273389999, 0.6482739975698664, 0.8589015795868852, 0.6458153098420416, 0.47370716889428843, 0.9949489671931974, 0.16227339003645405, 0.3753596597812949, 0.5794307411907645, 1.1752527339003718, 0.7966148238153188, 0.6892521263669487, 0.6425370595382807, 1.237539489671941, 1.4399714459295383, 0.07703888213852589, 0.7769453219927179, 0.5917241798298858, 0.0, 2.169382138517633, 1.6202752126367075, 0.6400783718104477, 1.1998396111786223, 0.5843481166464223, 0.21226670716889653, 0.8720145808019534, 0.3106142162818983, 0.29012515188335036, 0.14096476306196448, 0.24750789793439038, 0.5884459295261221, 0.3655249088699822, 0.006556500607538184, 0.1467017010935529, 0.2663578371810415, 0.10900182260023973, 0.9154513973268522, 0.9064362089915029, 1.4973408262454526, 0.4802636695018212, 0.7892387606318391, 0.11391919805589473, 1.0474009720534645, 0.18931895504252927, 0.5630394896719355, 0.7843213851761895, 0.9638055893074114, 0.5056701093560214, 0.40240522478737006, 0.8539842041312329, 0.9941294046172667, 2.0988997569866426, 0.7720279465370683, 0.6359805589307426, 0.4532181044957569, 1.203937424058333, 0.8654580801944096, 0.6277849331713292, 1.5342211421628213, 1.5276646415552886, 0.5187831105710842, 0.6540109356014656, 0.40650303766706986, 1.1744331713244247, 1.0793639125151895, 0.46797023086269457, 0.6425370595382724, 1.6128991494532332, 0.5589416767922221, 0.8752928311057114, 0.8171038882138504, 2.1021780072904064, 1.2088547995139824, 1.7292770352369418, 0.0008195625759388608, 0.5499264884568645, 2.088245443499405, 1.06133353584448, 0.8613602673147017, 1.4440692588092383, 1.5489732685297726, 0.2114471445929522, 1.3006458080194434, 0.061467193195627476, 1.5858535844471524, 0.0917910085054636, 0.5327156743620967, 1.0252727825030472, 2.726684690157975, 1.7882855407047498, 3.0332010935601623, 0.5318961117861524, 0.8474277035237029, 0.7515388821385258, 3.764250911300143, 2.8725668286755943, 4.31909477521266, 4.822306196840856, 2.9520643985419395, 4.05519562575944, 3.7126184690158173, 1.8423766707169003, 1.2924501822600356, 1.3850607533414436, 0.24341008505467968, 1.7407509113001265, 0.5827089914945337, 1.3760455650060808, 0.8908645200486017, 1.8759787363305027, 0.5073092345079019, 0.19177764277035403, 0.8457885783718198, 0.4704289185905194, 0.6294240583232152, 0.7974343863912632, 1.1555832320777655, 0.6908912515188318, 0.007376063183479774, 0.7785844471446012, 1.1982004860267337, 0.38355528554070806, 1.4547235722964815, 1.9874392466585782, 0.04015856622114612, 0.0827758201701143, 1.642403402187125, 1.1670571081409504, 0.7384258809234495, 0.03196294046172476, 0.6048371810449649, 0.12703219927096565, 0.9695425273390054, 1.09001822600243, 1.2268851761846922, 1.191643985419201, 0.5573025516403416, 0.9842946537059621, 0.5163244228432594, 0.7138390036452072, 1.3580151883353602, 0.20161239368165856, 0.8195625759416779, 0.6154914945321973, 0.45485722964763736, 2.3644380315917535, 0.9703620899149551, 0.7859605103280672, 1.162139732685298, 0.32618590522478574, 0.8662776427703595, 1.5047168894289211, 0.3827357229647637, 0.12949088699878222, 0.6794173754556496, 0.06310631834751339, 1.0973942891859072, 0.27127521263669924, 0.21308626974484082, 0.3827357229647692, 1.0383857837181045, 1.666170716889442, 0.7662910085054663, 0.11391919805588926, 0.7220346294046259, 0.21472539489671583, 0.5458286755771594, 0.9293839611178619, 0.35487059538274424, 0.9769185905224851, 2.1759386391251656, 1.0310097205346356, 0.7498997569866346, 2.218555893074134, 0.43354860267314504, 1.4309562575941754, 0.4155182260024273, 1.707148845686516, 1.96776974483598, 1.3965346294046204, 0.6933499392466566, 0.1360473876063204, 1.6825619684082656, 0.44830072904010737, 0.012293438639123858, 0.5097679222357266, 0.5138657351154345, 1.1342746051032815, 1.3875194410692684, 0.18194289185905765, 2.0685759416767984, 0.31061421628189284, 0.5884459295261303, 1.3629325637910097, 1.2252460510328145, 0.6572891859052293, 0.9908511543134921, 2.1833147023086403, 1.3383456865127676, 0.0008195625759497795, 0.2114471445929522, 0.3565097205346301, 3.3880716889429148, 0.7269520048602673, 0.7105607533414382, 1.454723572296487, 1.6235534629404655, 0.43354860267315054, 1.8571287970838544, 0.20980801944107172, 1.166237545565009, 1.04494228432564, 3.387252126366973, 4.978842648845717, 6.846625759416804, 7.63996233292835, 6.513883353584485, 7.4465455650061125, 7.0679076549210595, 7.5965255164034415, 5.989363304981807, 2.7422563791008705, 2.079230255164047, 3.184820170109373, 3.1717071688943075, 4.802636695018252, 0.4523985419198071, 0.054091130012150435, 0.9154513973268522, 1.3498195625759444, 0.535174362089916, 1.1211616038882242, 0.9031579586877283, 0.9080753341433779, 0.011473876063187727, 0.4155182260024273, 1.7137053462940595, 0.008195625759418635, 1.5883122721749827, 1.9366263669501942, 0.033602065613613404, 0.009015188335354767, 2.279203523693817, 0.7310498177399807, 0.7875996354799586, 1.1416506682867693, 0.1884993924665904, 0.40158566221143127, 0.6974477521263672, 0.7679301336573576, 0.5310765492102107, 0.9383991494532194, 1.1072290400972145, 1.505536452004871, 0.5351743620899214, 1.619455650060766, 1.3342478736330514, 0.15735601458080176, 0.8179234507897947, 0.7892387606318391, 1.0236336573511613, 2.1947885783718277, 0.2507861482381595, 0.8097278250303842, 1.694855407047392, 2.1923298906439976, 1.6391251518833585, 0.6228675577156852, 0.7056433778857886, 0.4187964763061937, 1.7292770352369418, 0.10326488456865134, 0.3704422843256317, 1.0146184690158038, 0.1573560145808072, 1.9358068043742527, 0.8171038882138504, 0.7925170109356081, 1.739111786148249, 0.0688432563791018, 0.06556500607533271, 0.07949756986635066, 0.5614003645200468, 0.01557168894288749, 0.8334951397326849, 2.121847509113007, 0.06638456865127157, 95.40773815309888, 89.72079343863957, 89.08727156743666, 84.0863007290405, 82.37587363305023, 73.68113426488493, 0.5630394896719355, 0.18686026731470448, 0.8589015795868852, 1.6817424058323294, 0.6138523693803223, 4.607580801944132, 367.3640072904028, 359.9568007290419, 1.7219009720534673, 0.1696494532199229, 1.790744228432569, 1.205576549210208, 1.2359003645200495, 0.741704131227224, 0.1688298906439895, 1.108048602673156, 1.7702551640340267, 0.451578979343871, 1.0359270959902795, 0.20652976913730267, 0.9506925880923542, 1.4539040097205371, 1.8784374240583275, 1.1596810449574735, 0.8654580801944152, 0.22783839611179219, 0.684334750911299, 0.501572296476308, 0.12375394896718836, 0.04671506682867612, 1.4670170109356138, 0.8367733900364512, 0.3737205346294117, 1.3227739975698691, 0.0008195625759497795, 1.3924368165249235, 0.1385060753341452, 0.33684021871203196, 0.4794441069258878, 0.16145382746051518, 0.08687363304981952, 0.125393074119077, 1.0859204131227223, 0.46960935601458326, 0.6941695018226117, 0.8539842041312329, 0.9072557715674362, 0.01557168894288749, 0.04425637910084589, 0.7392454434993992, 0.5974611178614905, 0.59582199270961, 1.3662108140947788, 1.3539173754556548, 0.4220747266099628, 0.888405832320777, 0.42043560145808234, 1.1908244228432594, 0.05654981773997521, 1.284254556500609, 0.14916038882138313, 0.6884325637910125, 0.007376063183474314, 1.0949356014580822, 0.4220747266099628, 1.4424301336573633, 0.5671373025516462, 0.6277849331713238, 1.1949222357229672, 1.1637788578371815, 0.03032381530984977, 0.9851142162818955, 0.23603402187120265, 1.6227339003645294, 1.4104671931956356, 0.15079951397326632, 1.4678365735115468, 2.2095407047387683, 1.3809629404617356, 0.9228274605103292, 1.2727806804374349, 0.7933365735115524, 0.24586877278250446, 0.7630127582017082, 0.7236737545565118, 0.27455346294046834, 0.26226002430133627, 1.5079951397326876, 0.8457885783718115, 1.975965370595388, 1.9079416767922275, 0.4155182260024273, 0.14014520048602291, 0.33192284325638516, 0.4196160388821326, 0.976099027946538, 0.4253529769137319, 0.09261057108140246, 0.12867132442284063, 0.4384659781287946, 1.266224179829902, 0.8089082624544345, 0.8474277035236947, 1.602244835965984, 0.9056166464155531, 0.44830072904010737, 1.2449155528554205, 0.5999198055893098, 0.3884726609963576, 0.844969015795878, 0.16801032806804791, 1.6178165249088745, 1.156402794653707, 2.062839003645215, 1.098213851761857, 0.41797691373025214, 0.8679167679222455, 0.6171306196840805, 2.030876063183488, 1.0187162818955062, 1.228524301336578, 2.0439890643985534, 0.9523317132442293, 1.3194957472661109, 0.6925303766707122, 0.850705953827461, 0.27783171324423467, 0.08031713244228952, 0.31717071688942555, 0.4622332928311035, 0.8580820170109353, 0.351592345078986, 0.6712217496962418, 1.1924635479951424, 0.7925170109356081, 0.6376196840826311, 0.7253128797083923, 0.27537302551640447, 1.6251925880923488, 0.0713019441069211, 0.3630662211421683, 0.44174422843256916, 0.8269386391251522, 0.644995747266111, 0.4835419198055903, 0.18358201701093538, 0.29668165249089123, 0.6417174969623309, 0.9195492102065711, 1.184267922235724, 0.20734933171324696, 1.0523183475091196, 0.3819161603888194, 0.17128857837180336, 0.8482472660996444, 0.7269520048602673, 0.04097812879708772, 0.846608140947753, 0.3769987849331808, 0.30733596597812923, 0.435187727825031, 0.682695625759424, 0.49993317132443305, 2.396400972053481, 0.6769586877278302, 0.3532314702308692, 0.03524119076549385, 1.2277047387606337, 0.08933232077763882, 0.6048371810449649, 1.0916573511543242, 0.5556634264884585, 0.3056968408262433, 2.729143377885799, 1.429317132442295, 0.33765978128796803, 1.2219678007290506, 0.7195759416768012, 0.04015856622114612, 0.7974343863912523, 0.042617253948970896, 0.12621263669502678, 1.3744064398541949, 1.5047168894289267, 0.59254374240583, 0.6343414337788593, 0.3024185905224797, 0.5597612393681718, 1.7522247873633197, 0.8728341433778949, 0.4802636695018212, 0.5982806804374348, 0.465511543134878, 0.6753195625759497, 0.6310631834750929, 0.11146051032806996, 0.25242527339004267, 0.17538639125152766, 0.13113001215066541, 0.39830741190765667, 0.09261057108141338, 1.7866464155528665, 2.2947752126367127, 0.102445321992707, 0.5171439854192037, 0.501572296476308, 0.4564963547995205, 1.0203554070473895, 0.48272235722965146, 0.22292102065613448, 1.3203153098420441, 1.5276646415552966, 0.02868469015796386, 1.4645583232077806, 0.9875729040097285, 0.10736269744836474, 0.6466348724179913, 0.3655249088699822, 0.9031579586877337, 1.305563183475093, 0.33192284325638516, 0.34995321992710554, 0.7269520048602673, 0.09261057108141338, 1.0555965978128805, 1.2858936816524973, 2.5070419198056064, 0.765471445929533, 1.3285109356014604, 0.03114337788578863, 0.6425370595382724, 0.09506925880922723, 0.24095139732685492, 0.49747448359660823, 0.18276245443499653, 0.5851676792223557, 0.17292770352368925, 0.07621931956258157, 1.304743620899154, 0.07458019441069019, 0.5630394896719301, 1.1064094775212645, 0.5482873633049896, 0.14342345078978927, 0.7621931956257584, 0.8752928311057196, 0.4228942891859126, 1.1268985419198072, 0.6499131227217495, 0.7474410692588097, 0.8777515188335417, 0.4548572296476319, 0.9629860267314782, 0.03442162818955499, 1.7251792223572364, 0.7843213851761895, 0.10736269744836474, 0.7376063183475133, 0.038519441069262944, 0.5204222357229701, 1.6538772782503073, 0.6745, 0.39093134872418234, 0.3630662211421683, 0.27947083839611786, 0.7818626974483647, 0.5892654921020718, 1.438332320777655, 1.1375528554070478, 1.1088681652490895, 1.489145200486031, 0.10572357229648156, 0.35569015795868575, 0.2655382746051054, 0.2622600243013417, 0.49091798298907, 1.1039507897934453, 0.17538639125151675, 0.37863791008506126, 0.4409246658566194, 1.7005923450789915, 0.19669501822600358, 0.9695425273390054, 1.062972660996355, 0.22537970838395924, 0.9228274605103292, 0.46059416767922023, 0.6999064398542002, 0.031143377885780442, 0.29012515188335586, 1.1342746051032815, 0.042617253948970896, 0.04097812879708772, 0.3737205346294062, 0.5982806804374348, 0.16719076549209813, 0.6097545565006062, 0.3237272174969692, 0.6769586877278302, 2.0743128797083923, 0.5933633049817717, 1.0416640340218817, 0.6531913730255241, 0.11965613608748861, 0.7294106925881002, 0.049173754556500894, 0.9998663426488469, 0.15735601458080176, 0.2999599027946549, 0.054091130012150435, 2.0677563791008566, 0.9744599027946548, 1.9669501822600302, 0.7048238153098497, 0.34503584447144237, 0.6761391251518859, 1.386699878493324, 0.8982405832320787, 0.9220078979343876, 0.812186512758209, 1.8710613608748614, 0.7089216281895495, 0.009015188335362955, 0.05654981773997521, 0.07048238153097679, 0.7998930741190879, 0.04097812879708772, 0.12949088699878222, 0.516324422843254, 0.3753596597812949, 0.17620595382746654, 1.317037059538286, 3.34217618469018, 1.7825486026731585, 0.481083232077771, 0.10326488456865134, 0.5589416767922221, 1.2039374240583276, 0.32536634264884423, 0.7400650060753327, 0.590904617253955, 0.6990868772782505, 0.5827089914945337, 0.8351342648845708, 1.9358068043742471, 0.3270054678007301, 0.5966415552855406, 1.4440692588092383, 1.4932430133657388, 0.46960935601457776, 0.6622065613608734, 0.31635115431349214, 1.2531111786148283, 0.6072958687727841, 0.8843080194410772, 0.5204222357229701, 0.4245334143377876, 0.9211883353584461, 0.7523584447144593, 1.6727272174969665, 0.9547904009720539, 0.444202916160383, 0.04425637910084589, 0.8285777642770354, 0.05163244228433112, 1.9407241798298966, 0.6712217496962418, 0.6040176184690232, 0.8343147023086265, 0.3786379100850558, 0.012293438639126587, 1.1252594167679266, 0.9302035236938035, 1.4170236938031628, 1.2391786148238213, 0.6130328068043726, 1.601425273390048, 0.31225334143377603, 0.6327023086269734, 0.8080886998784956, 1.2309829890644028, 0.8261190765492107, 0.9179100850546797, 0.8269386391251576, 0.8670972053462929, 0.22619927095990355, 0.38027703523693623, 0.9900315917375452, 0.7146585662211379, 1.6219143377885905, 0.5204222357229646, 0.26389914945321674, 0.5425504252733848, 0.05081287970838953, 0.21144714459295494, 0.8048104495747265, 0.7064629404617248, 0.5212417982989089, 0.20243195625760288, 0.08933232077764429, 0.10326488456865134, 0.5605808019441052, 0.32864459295261056, 0.376179222357231, 0.3106142162818983, 2.0439890643985534, 0.30323815309842944, 0.635980558930748, 1.1309963547995205, 1.1973809234508002, 0.6630261239368231, 0.5155048602673096, 1.8800765492102105, 1.1678766707169004, 1.0982138517618487, 0.6679434993924728, 0.9588882138517619, 1.005603280680438, 0.8834884568651274, 1.859587484811671, 1.1621397326853065, 1.010520656136093, 0.754817132442284, 1.2359003645200577, 1.1023116646415567, 0.0024586877278247716, 0.9842946537059621, 0.21144714459295494, 0.5851676792223557, 0.5466482381531091, 0.19259720534629834, 0.03442162818954953, 2.616043742405849, 0.13113001215066541, 0.07867800729040633, 0.11555832320777246, 0.280290400972054, 0.09670838396111314, 0.23029708383960876, 1.3031044957472735, 2.210360267314718, 0.05654981773998067, 1.601425273390048, 1.6981336573511667, 0.8187430133657445, 1.458821385176195, 0.22456014580801767, 1.4088280680437497, 0.2466883353584406, 1.003964155528555, 0.8802102065613611, 1.2129526123936822, 1.4661974483596638, 1.2383590522478742, 0.6335218712029178, 1.5079951397326958, 1.2154113001215099, 0.9179100850546906, 0.6777782503037746, 1.3571956257594242, 1.0154380315917426, 1.2113134872418074, 0.5900850546780108, 1.6006057108141039, 0.8769319562576029, 1.833361482381543, 0.17128857837180336, 0.8072691373025568, 0.40240522478736196, 0.44666160388822146, 1.4317758201701116, 0.8236603888213858, 1.1686962332928337, 0.15325820170109108, 0.8179234507898001, 0.5286178614823888, 0.23357533414338058, 0.7351476306196886, 0.8367733900364595, 1.0326488456865133, 0.41715735115431873, 1.3793238153098444, 0.18194289185905765, 1.8767982989064445, 0.5359939246658548, 0.1573560145808072, 0.9539708383961124, 0.25242527339004267, 1.7866464155528612, 0.7171172539489735, 1.1146051032806805, 0.07867800729040633, 1.3350674362089983, 358.37012758201877, 353.5650321992727, 0.049993317132439756, 0.5261591737545639, 1.3399848116646536, 0.567956865127585, 1.642403402187125, 0.7867800729040089, 0.8720145808019452, 0.17210814094774765, 0.3876530984204133, 0.0762193195625761, 0.7253128797083841, 1.2186895504252762, 0.5392721749696212, 0.8728341433778867, 0.18276245443499653, 1.304743620899154, 0.40240522478737006, 0.044256379100851354, 0.005736938031599323, 0.31553159173754236, 0.4130595382746026, 0.4589550425273399, 0.5441895504252707, 0.1483408262454388, 0.8318560145808073, 0.15981470230862926, 0.3327424058323185, 0.1524386391251522, 1.0064228432563798, 0.5187831105710842, 1.1916439854192091, 0.5318961117861524, 0.9662642770352416, 0.7916974483596584, 0.8269386391251576, 0.02950425273390545, 1.0146184690157956, 0.0196695018226009, 0.49583535844471416, 0.4753462940461716, 0.21390583232077423, 0.1663712029161647, 0.6310631834750984, 1.132635479951401, 0.4523985419198126, 0.3024185905224797, 0.19915370595382834, 0.14260388821384767, 0.7441628189550517, 0.060647630619688614, 0.15653645200486563, 1.5014386391251577, 0.23931227217496626, 0.9375795868772778, 0.8130060753341507, 1.3809629404617274, 1.3735868772782558, 1.1350941676792312, 0.0008195625759388608, 0.7408845686512743, 0.5409113001215098, 1.5686427703523818, 0.3942095990279433, 0.7687496962332939, 0.3860139732685328, 1.5211081409477558, 0.422074726609971, 0.4228942891859126, 1.8366397326853119, 1.6055230862697478, 1.7727138517618513, 0.6449957472661001, 1.5342211421628213, 0.11309963547995042, 1.2391786148238213, 1.0719878493317232, 0.27455346294046834, 1.1244398541919878, 0.9695425273390162, 1.566184082624557, 0.7605540704738833, 0.30159902794653537, 0.017210814094770672, 2.1661038882138586, 1.1826287970838407, 0.6990868772782505, 0.14997995139732745, 1.2481938031591762, 0.9597077764277036, 0.3302837181044992, 1.2432764277035266, 1.156402794653707, 0.6499131227217495, 0.18276245443499653, 0.7589149453220001, 0.8761123936816586, 0.8990601458080204, 0.07458019441069019, 0.33274240583232395, 1.3391652490887116, 0.6433566221142114, 0.7081020656136107, 0.693349939246662, 0.12621263669502678, 0.6482739975698664, 1.2268851761846922, 0.09179100850547178, 0.08523450789793907, 0.43518772782503373, 2.344768529769147, 0.10490400972053177, 0.26963608748481604, 0.6884325637910125, 2.2947752126367016, 0.541730862697446, 0.43108991494532034, 0.04015856622114612, 1.8669635479951399, 0.30569684082624876, 1.026092345078986, 0.36060753341434354, 0.3712618469015815, 1.254750303766717, 0.23849270959903016, 1.6325686512758228, 1.552251518833547, 0.7335085054678, 0.2466883353584406, 1.3776846901579611, 0.43600729040096986, 0.31635115431349214, 0.7843213851761841, 1.4686561360874888, 0.17456682867558337, 0.547467800729048, 2.3783705953827607, 0.7621931956257638, 2.4373791008505554, 0.3794574726609946, 1.4711148238153189, 1.4694756986634303, 1.3301500607533434, 1.209674362089916, 0.9580686512758231, 1.4465279465370628, 0.9088948967193222, 0.6384392466585618, 1.6038839611178646, 0.4220747266099628, 0.730230255164039, 1.697314094775217, 2.1029975698663588, 0.2483274605103347, 0.09179100850547178, 0.14506257594167793, 1.3785042527339053, 0.6581087484811683, 0.5851676792223611, 0.5474678007290398, 0.1696494532199229, 1.2096743620899213, 0.4433833535844523, 2.0357934386391374, 0.7621931956257584, 0.05654981773998067, 0.08933232077763882, 0.07212150668287089, 0.6507326852976993, 0.8679167679222455, 0.14916038882138313, 0.46797023086269457, 0.31635115431348126, 1.6276512758201735, 0.2909447144593001, 0.26635783718104966, 0.541730862697446, 0.005736938031588404, 0.17374726609964178, 0.6605674362089984, 0.4212551640340267, 0.48354191980559574, 0.22374058323208426, 0.6318827460510346, 0.7318693803159195, 0.5900850546780053, 0.6818760631834798, 0.0827758201701143, 1.0785443499392506, 0.6531913730255159, 0.8605407047387656, 0.6720413122721861, 1.3031044957472684, 0.3958487241798319, 0.04015856622114612, 0.8564428918590578, 0.6204088699878605, 1.425219319562587, 0.3581488456865133, 1.049040097205356, 1.6923967193195784, 0.19013851761847356, 1.5276646415552886, 0.012293438639123858, 0.48682017010935935, 0.16391251518833994, 0.5335352369380355, 1.305563183475093, 1.3776846901579667, 1.1031312272175011, 0.7048238153098497, 0.41060085054678325, 0.9900315917375533, 1.4284975698663507, 2.869288578371828, 1.7014119076549303, 1.9136786148238214, 0.11391919805589473, 0.9875729040097203, 1.0752660996354868, 1.130996354799515, 0.447481166464163, 0.8441494532199393, 1.6276512758201789, 0.9703620899149469, 0.5573025516403471, 0.8843080194410717, 1.4850473876063204, 0.6195893074119107, 1.1113268529769142, 0.5155048602673206, 0.8949623329283124, 0.6679434993924728, 1.3514586877278358, 0.3048772782503044, 0.40650303766707535, 0.5925437424058355, 0.9039775212636727, 0.9211883353584541, 0.9654447144593029, 0.6072958687727869, 0.12211482381531337, 0.6704021871202921, 1.1031312272175011, 0.9244665856622205, 1.0244532199271055, 0.9564295261239426, 0.6581087484811683, 0.7195759416768012, 0.11637788578371405, 0.02950425273389999, 0.27373390036451856, 0.07376063183474588, 0.12621263669502678, 1.1605006075334205, 0.47780498177399644, 0.022947752126369996, 0.21882320777642378, 1.8808961117861605, 0.6335218712029232, 0.6884325637910125, 2.5545765492102244, 1.226065613608753, 1.315397934386403, 0.040158566221137934, 1.4842278250303789, 2.2070820170109435, 0.4523985419198071, 0.40568347509113645, 0.6327023086269734, 1.5178298906439893, 0.644995747266111, 0.8474277035237029, 0.049173754556500894, 0.06966281895504611, 1.2678633049817851, 2.029236938031605, 0.3130729040097258, 0.2934034021871249, 0.3155315917375506, 0.022947752126369996, 0.015571688942895678, 0.15079951397326632, 0.11146051032806996, 1.5678232077764402, 0.2425905224787299, 0.28029040097205943, 1.1572223572296514, 2.021041312272189, 0.08441494532198927, 0.08441494532199476, 0.8179234507897947, 0.7384258809234495, 2.4660637910085215, 0.7769453219927097, 1.1490267314702383, 1.4670170109356138, 1.284254556500609, 0.7753061968408266, 0.39093134872418234, 0.9760990279465462, 0.4040443499392451, 1.2178699878493455, 0.886766707168902, 0.32946415552856034, 0.5859872417982973, 1.0375662211421628, 0.44830072904010737, 1.9087612393681799, 0.8031713244228516, 1.3121196840826257, 0.11965613608747767, 1.8538505467800879, 0.8146452004860338, 1.644042527339008, 1.4203019441069293, 0.6113936816524921, 0.6499131227217605, 2.0161239368165313, 0.026226002430139086, 0.8293973268529824, 0.24177095990279107, 0.2770121506682931, 0.18604070473876563, 0.22210145808019832, 0.5048505467800716, 0.15817557715674063, 0.9482339003645213, 1.1809896719319575, 0.11965613608747767, 0.12703219927096565, 1.1768918590522521, 0.8318560145808073, 0.10408444714459018, 1.2022982989064417, 1.0203554070473895, 0.9187296476306213, 0.6318827460510373, 0.05163244228433112, 0.7351476306196831, 0.16063426488457086, 0.5228809234507975, 0.20243195625760288, 1.975145808019446, 0.2483274605103347, 1.3490000000000055, 0.3614270959902796, 0.8548037667071773, 0.825299513973269, 0.8695558930741203, 0.7056433778857886, 0.03769987849331317, 0.5671373025516462, 0.8064495747266097, 0.8572624544350019, 1.0613335358444718, 0.4245334143377876, 1.1703353584447251, 1.719442284325648, 1.46373876063185, 0.2368535844471415, 0.7138390036452072, 0.7630127582017082, 0.6507326852976993, 0.3737205346294062, 0.535174362089916, 0.298320777642769, 0.2663578371810415, 0.040158566221137934, 1.062972660996355, 1.1244398541919824, 2.3390315917375535, 0.10572357229648156, 0.3245467800729108, 1.3907976913730375, 1.2432764277035346, 0.6286044957472655, 1.1818092345079019, 1.0662509113001322, 0.9711816524908885, 1.223606925880934, 0.8728341433778867, 1.0498596597812895, 0.120475698663422, 1.1367332928311145, 0.8343147023086347, 1.2154113001215099, 0.36880315917375667, 1.0367466585662295, 0.9752794653705965, 1.005603280680438, 2.104636695018231, 0.5712351154313596, 1.5432363304981813, 1.2014787363305026, 1.390797691373029, 0.2884860267314754, 1.0031445929526188, 0.47698541919806303, 0.48763973268529553, 1.4104671931956276, 0.3810965978128805, 0.16964945321992833, 0.7482606318347513, 0.4769854191980576, 0.672860874848125, 1.8964678007290452, 0.5458286755771594, 0.21472539489672401, 0.7253128797083841, 0.27127521263669924, 2.1218475091130156, 0.14424301336573905, 1.051498784933181, 0.6597478736330485, 0.04835419198056203, 0.7146585662211379, 0.8711950182260035, 0.39666828675577076, 0.05900850546780544, 2.366896719319573, 0.3827357229647637, 0.534354799513977, 0.3638857837181017, 0.444202916160383, 1.9456415552855515, 0.3040577156743683, 1.4727539489672021, 0.6548304981774046, 1.0252727825030472, 1.44079100850548, 0.44666160388822146, 0.19177764277035403, 1.2613068043742472, 0.8064495747266152, 4.155182260024326, 0.29668165249089123, 0.46469198055892824, 0.2581622114216283, 0.937579586877286, 1.2522916160388895, 0.5433699878493291, 1.9825218712029204, 0.5736938031591844, 0.9777381530984239, 0.31307290400971766, 0.060647630619688614, 0.01884993924666204, 0.5097679222357212, 0.6695826245443504, 1.3408043742405977, 0.9375795868772778, 0.34011846901579285, 0.7679301336573495, 0.1606342648845654, 1.6104404617253973, 0.6007393681652486, 0.9646251518833612, 0.153258201701102, 0.7777648845686568, 0.49255710814094505, 1.0769052247873647, 0.9015188335358452, 0.8982405832320787, 0.09506925880922723, 0.6261458080194489, 0.6064763061968479, 0.5417308626974541, 2.1406974483596666, 0.8916840826245515, 0.5491069258809339, 0.7343280680437444, 0.131949574726607, 0.467150668286753, 0.5155048602673096, 0.465511543134878, 0.9703620899149469, 0.7662910085054663, 0.8531646415552858, 0.08605407047387792, 1.1260789793438655, 0.026226002430130894, 0.4892788578371787, 1.785826852976925, 0.8629993924665904, 0.3474945321992699, 0.9211883353584541, 0.37945747266100005, 1.569462332928315, 0.5056701093560214, 1.2875328068043834, 1.327691373025524, 1.9095808019441134, 1.2858936816524922, 2.189051640340226, 1.1424702308627084, 0.05818894289185566, 0.1786646415552831, 1.2014787363305026, 0.1385060753341452, 0.7367867557715664, 0.16145382746051518, 0.6343414337788593, 1.0367466585662213, 0.3827357229647692, 0.036060753341432716, 0.19341676792223994, 0.40978128797083896, 0.554024301336578, 0.8056300121506709, 0.1876798298906406, 1.0121597812879708, 0.2688165249088745, 0.08605407047387792, 0.7826822600243063, 0.7146585662211489, 0.6900716889428984, 1.6751859052247968, 1.4203019441069293, 0.7826822600243063, 1.94482199270961, 0.2819295261239426, 0.6638456865127565, 0.9064362089914975, 0.2630795868772751, 0.6679434993924619, 1.5465145808019478, 0.9244665856622124, 1.266224179829902, 1.1564027946537154, 0.6982673147023171, 0.4876397326853037, 0.08195625759416997, 0.7646518833535886, 1.139191980558931, 1.3465413122721779, 0.6802369380315993, 1.8907308626974542, 1.5350407047387629, 0.6130328068043808, 1.526845078979347, 1.9104003645200631, 0.002458687727830231, 0.925286148238154, 0.8220212636695137, 0.09424969623329656, 1.0728074119076567, 0.4523985419198126, 1.3063827460510344, 1.3719477521263699, 0.8228408262454524, 0.48763973268529553, 1.4350540704738861, 0.25980133657351695, 0.8646385176184681, 0.5687764277035212, 1.9661306196840966, 0.2638991494532249, 0.04097812879708226, 1.4170236938031628, 1.1055899149453312, 0.031143377885780442, 0.6712217496962363, 0.6212284325637911, 0.9744599027946548, 0.8548037667071773, 1.4793104495747376, 0.21226670716889107, 0.741704131227224, 0.6113936816524921, 0.009834750911304547, 0.5228809234507975, 0.2466883353584406, 1.1506658566221213, 1.5784775212636781, 0.44502247873633277, 0.5269787363304973, 0.43928554070473347, 1.0834617253948973, 0.5261591737545585, 0.9408578371810442, 0.9564295261239426, 0.7408845686512825, 0.6728608748481167, 0.790877885783725, 1.0137989064398623, 0.4851810449574707, 1.2711415552855516, 0.19833414337788946, 0.6327023086269734, 1.0908377885783826, 1.3547369380315992, 1.095755164034024, 0.2868469015795867, 0.9515121506682958, 0.023767314702311585, 0.5917241798298967, 1.5374993924665903, 0.8195625759416779, 1.0982138517618487, 0.03278250303766362, 0.7236737545565118, 0.2294775212636672, 0.27947083839611786, 0.36060753341434354, 1.2736002430133764, 0.7777648845686568, 0.2745534629404601, 0.01393256379100704, 0.44256379100850257, 0.2966816524908803, 0.2573426488456922, 0.3425771567436176, 1.2531111786148283, 1.0219945321992807, 0.13440826245443996, 0.5687764277035212, 1.0244532199270973, 0.027045565006075217, 0.9597077764277036, 0.9597077764277036, 0.2483274605103347, 0.35405103280681083, 2.093982381530993, 0.8802102065613611, 0.21636452004860446, 0.2696360874848051, 0.9965880923450915, 0.6482739975698664, 0.20898845686513015, 0.7966148238153188, 89.74783900364564, 85.3935030376675, 83.7027454434998, 80.87443499392505, 77.9592509113005, 73.39100911300157, 65.92069623329314, 0.3769987849331808, 2.16774301336575, 2.0505455650060913, 0.2786512758201681, 0.8736537059538393, 0.8933232077764401, 0.2507861482381595, 0.6999064398542002, 1.253111178614834, 0.5392721749696294, 1.4457083839611293, 1.0908377885783826, 1.2506524908870036, 1.547334143377895, 0.9785577156743683, 0.0, 1.0031445929526188, 0.7367867557715746, 0.7900583232077834, 0.2745534629404601, 0.9506925880923542, 1.2211482381531091, 0.6318827460510346, 1.505536452004871, 1.2309829890644084, 0.30897509113001237, 0.9810164034021931, 0.39994653705953714, 0.6679434993924728, 1.203937424058333, 0.9228274605103292, 0.4622332928311035, 0.4663311057108087, 0.9842946537059621, 0.6302436208991541, 1.0891986634264885, 0.4458420413122771, 0.5515656136087587, 0.19013851761847356, 0.9408578371810524, 0.4409246658566194, 0.9457752126367046, 0.21144714459295494, 0.2942229647630556, 0.5622199270959967, 0.9441360874848216, 0.18522114216281585, 0.2917642770352308, 0.15161907654921608, 0.38929222357229376, 0.06064763061968316, 0.8277582017010966, 1.2858936816524922, 0.6171306196840805, 0.4089617253948946, 0.7671105710814079, 0.12293438639125223, 0.743343256379099, 0.21636452004860446, 0.49173754556500343, 0.7744866342648932, 1.8571287970838435, 1.0006859052247967, 1.139191980558931, 0.4384659781287946, 0.44338335358444414, 0.8400516403402258, 1.039205346294046, 0.5712351154313596, 0.7326889428918639, 1.4096476306196857, 0.4819027946537071, 0.5810698663426532, 1.0088815309842043, 0.22456014580801767, 1.1662375455650198, 1.777631227217501, 1.0908377885783744, 1.30392405832321, 1.5022582017010966, 0.8326755771567461, 0.4220747266099628, 0.16309295261239562, 3.633120899149478, 1.323593560145816, 0.40650303766706986, 0.4433833535844523, 1.180989671931966, 0.4442029161603939, 0.5991002430133654, 0.49993317132443305, 0.7531780072904009, 0.9883924665856619, 2.112832320777658, 0.04179769137302112, 0.15899513973269042, 0.41387910085054413, 0.6548304981773991, 1.0523183475091196, 1.0875595382746135, 1.4284975698663507, 1.5038973268529825, 0.13686695018225928, 1.940724179829902, 0.26799696233293013, 0.31635115431349214, 1.2465546780072931, 0.5704155528554098, 0.34093803159174263, 0.8007126366950186, 0.318809842041306, 0.7794040097205399, 0.4048639125151949, 0.5097679222357212, 0.8187430133657445, 0.7228541919805674, 1.6169969623329328, 1.4039106925880946, 0.06474544349939657, 1.0744465370595482, 1.233441676792233, 0.4884592952612453, 0.17702551640340267, 1.0998529769137373, 0.10982138517618405, 0.6933499392466566, 0.01639125151883727, 0.16063426488457086, 0.1622733900364513, 0.6097545565006116, 1.0834617253948973, 0.4163377885783771, 0.6523718104495797, 0.12703219927095746, 0.5491069258809339, 0.5302569866342719, 0.7433432563791073, 1.435873633049825, 0.7728475091130018, 0.9687229647630718, 1.155583232077771, 1.5153712029161648, 0.0713019441069211, 0.5433699878493291, 0.8285777642770354, 0.4753462940461716, 0.5761524908869982, 0.44993985419198235, 0.9564295261239426, 0.651552247873641, 0.05327156743620611, 0.08769319562576383, 0.5777916160388895, 0.44830072904010737, 0.41060085054678325, 0.2286579586877283, 2.251338396111803, 0.11228007290400883, 2.2439623329283203, 0.8982405832320898, 0.01557168894288749, 0.6458153098420498, 0.033602065613613404, 0.6228675577156852, 1.3793238153098444, 0.21226670716889107, 0.17128857837180336, 0.154897326852977, 0.22046233292831516, 0.3851944106925885, 0.576152490887009, 0.1180170109356027, 0.8769319562576029, 1.6735467800729162, 1.2449155528554097, 0.8507059538274693, 0.7638323207776415, 0.6490935601458162, 0.16555164034022313, 0.5155048602673096, 1.4457083839611213, 1.4268584447144619, 2.59063730255166, 1.781729040097217, 0.7441628189550434, 0.18194289185905765, 0.035241190765488394, 0.15079951397326632, 0.42699210206561233, 0.6122132442284364, 0.8195625759416888, 0.08851275820169997, 0.7121998784933241, 1.044942284325648, 0.59582199270961, 0.017210814094776133, 1.808774605103284, 0.35323147023086104, 1.3727673147023114, 0.29586208991494967, 0.14424301336572812, 0.6015589307411985, 0.3376597812879763, 0.9424969623329301, 0.06310631834750793, 1.7514052247873781, 1.0859204131227305, 0.7646518833535886, 1.2776980558930788, 0.005736938031599323, 1.2940893074119106, 0.9039775212636781, 1.2990066828675655, 0.9138122721749691, 0.23849270959903016, 0.2786512758201681, 0.12867132442285156, 0.5630394896719355, 0.4278116646415621, 0.4409246658566194, 0.626965370595385, 1.1793505467800771, 0.05491069258810021, 0.15407776427704087, 0.08605407047387519, 0.6482739975698664, 0.36880315917375667, 0.8875862697448408, 0.007376063183474314, 0.047534629404620436, 1.4932430133657388, 1.3989933171324507, 1.4350540704738861, 1.0736269744835982, 0.8261190765492107, 1.9817023086269872, 0.22456014580801767, 2.3955814094775287, 0.12949088699878222, 0.04917375455649543, 1.4916038882138558, 0.6974477521263672, 0.3376597812879763, 0.43436816524909483, 0.9695425273390054, 0.1426038882138531, 0.5327156743620912, 0.7957952612393691, 0.9580686512758285, 1.807135479951401, 0.0393390036452018, 0.40978128797083896, 1.473573511543138, 0.17538639125151675, 0.13358869987849017, 0.7359671931956248, 0.03442162818954953, 0.44666160388821324, 0.009834750911299086, 0.9916707168894311, 1.1072290400972062, 0.12703219927095746, 0.24996658566221788, 0.5351743620899214, 0.3851944106925885, 0.4122399756986692, 0.04999331713245067, 0.37208140947752033, 0.9203687727825154, 0.15489732685298244, 1.5038973268529825, 0.8490668286755888, 2.1439756986634384, 0.20407108140948332, 0.5991002430133736, 0.09834750911300179, 0.5450091130012096, 0.3204489671931919, 0.7998930741190879, 0.11228007290400883, 1.405549817739978, 0.7031846901579611, 0.3507727825030444, 0.3196294046172558, 1.3604738760631931, 0.9654447144592947, 0.40978128797083896, 0.20898845686513015, 0.14342345078979746, 0.44666160388821324, 0.10162575941677633, 1.0482205346294171, 2.081688942891864, 0.3343815309842044, 0.9252861482381595, 0.9285643985419231, 1.5588080194410718, 1.4416105710814242, 1.1162442284325746, 0.8990601458080285, 1.0596944106925885, 0.9916707168894311, 0.23029708383961697, 0.28274908869988147, 0.23931227217497444, 0.7105607533414382, 0.9703620899149551, 0.4556767922235707, 0.3204489671932001, 0.18194289185905765, 1.5965078979343956, 0.6687630619684116, 0.31225334143377603, 0.6089349939246673, 0.7203955042527427, 0.13932563791008404, 0.4228942891859071, 1.7087879708384046, 0.6113936816524975, 0.1294908869987904, 1.5866731470231021, 1.5178298906440002, 0.8580820170109408, 1.6489599027946658, 1.315397934386403, 1.019535844471448, 0.11637788578371405, 0.7515388821385258, 0.40814216281895854, 1.2678633049817851, 1.9456415552855462, 0.3515923450789806, 0.47698541919806303, 0.8728341433778949, 0.5974611178614905, 0.1376865127582036, 0.07621931956258157, 0.34093803159174263, 0.9154513973268604, 0.1467017010935529, 1.5940492102065655, 0.15243863912515768, 0.3483140947752197, 0.40568347509113645, 1.0539574726610001, 0.2155449574726656, 1.153124544349946, 0.19259720534629834, 0.5999198055893098, 0.12293438639125223, 0.03278250303766362, 0.07376063183475134, 0.1991537059538338, 0.07376063183474588, 0.14997995139733292, 0.1467017010935638, 0.11391919805589473, 0.4122399756986692, 0.8523450789793442, 0.8048104495747319, 2.159547387606334, 1.412925880923455, 0.8736537059538284, 0.28438821385176744, 0.06228675577156361, 0.855623329283116, 0.8457885783718198, 1.998093560145816, 0.9539708383961178, 1.1949222357229672, 0.3622466585662267, 0.2770121506682931, 0.26062089914945585, 3.683933778857862, 0.7867800729040143, 0.6581087484811683, 0.42945078979343715, 1.2342612393681665, 0.11637788578372224, 0.25898177399756717, 0.21390583232077423, 0.19177764277035403, 1.3612934386391267, 0.1475212636695027, 1.7399313487241905, 0.8728341433778949, 0.1147387606318336, 2.3914835965978263, 1.051498784933181, 0.8334951397326849, 0.7031846901579666, 1.354736938031594, 0.683515188335363, 0.7376063183475079, 1.2736002430133764, 1.8677831105710951, 0.36880315917375667, 0.22374058323208426, 0.045895504252737265, 0.22292102065613992, 1.2850741190765504, 0.7105607533414382, 0.4892788578371787, 0.5630394896719355, 1.6981336573511667, 0.16719076549210357, 0.6802369380315938, 0.5892654921020609, 0.5089483596597824, 0.5220613608748587, 1.2014787363305026, 0.15161907654921608, 0.18358201701093538, 1.3072023086269762, 1.0588748481166468, 0.4917375455650089, 0.5171439854192037, 0.7589149453220001, 1.304743620899154, 0.6564696233292878, 0.14506257594167246, 0.08359538274605043, 0.9203687727825044, 0.4892788578371787, 1.55798845686513, 0.16719076549210357, 1.3194957472661109, 1.0039641555285603, 0.4982940461725471, 1.0031445929526188, 0.5064896719319575, 0.30159902794654353, 0.7662910085054663, 0.22537970838395924, 0.8498863912515194, 1.1400115431348807, 0.2876664641555256, 0.024586877278250447, 0.5573025516403416, 0.5105874848116655, 0.31553159173754236, 1.2924501822600356, 0.7695692588092437, 1.0678900364520072, 0.8441494532199393, 0.09506925880922723, 0.06802369380315201, 2.7020978128797273, 0.227838396111784, 0.9097144592952664, 0.8162843256379142, 1.6866597812879844, 0.39666828675577076, 0.7990735115431353, 0.5769720534629398, 0.7646518833535831, 0.07949756986633974, 0.8293973268529824, 1.0744465370595397, 0.12129526123936359, 0.19177764277035403, 1.2178699878493455, 0.07048238153097679, 0.10408444714459018, 1.0719878493317232, 0.8056300121506709, 1.5588080194410718, 1.9833414337788702, 0.18276245443499653, 1.4620996354799531, 1.304743620899154, 1.1178833535844497, 0.01884993924666204, 0.03114337788578863, 0.3474945321992808, 1.1908244228432703, 0.17128857837180336, 1.1654179829890754, 1.43997144592953, 0.6277849331713292, 1.7743529769137427, 0.8613602673147099, 0.18604070473876017, 1.2572089914945335, 1.3367065613608762, 0.3474945321992699, 0.13440826245443996, 0.4835419198055903, 0.6704021871202921, 0.9039775212636727, 0.5015722964763134, 0.9293839611178619, 0.49993317132443305, 2.021041312272181, 0.5712351154313596, 0.6646652490887064, 1.3227739975698773, 1.253111178614834, 0.7859605103280755, 1.1809896719319575, 1.4670170109356053, 0.9752794653705965, 0.20243195625760288, 0.423713851761846, 0.43354860267315054, 0.26226002430133627, 1.1236202916160407, 0.1991537059538338, 0.9252861482381595, 0.6368001215066867, 1.4063693803159196, 0.4212551640340267, 0.20489064398542767, 1.478490886998796, 0.3999465370595453, 0.7015455650060807, 0.5343547995139716, 0.4360072904009753, 1.5473341433778895, 0.059828068043744305, 0.06638456865127702, 0.07867800729040633, 0.03032381530983885, 0.020489064398545222, 0.05654981773997521, 1.766157351154327, 0.21472539489671583, 0.08933232077763882, 1.3063827460510427, 0.024586877278250447, 1.068709599027957, 1.5194690157958808, 2.1947885783718277, 1.0670704738760737, 1.7882855407047444, 0.29586208991494967, 0.10162575941677633, 0.4187964763062019, 1.3317891859052267, 0.44666160388822146, 0.6154914945322054, 0.8531646415552858, 1.1539441069258822, 0.3827357229647637, 0.25570352369380356, 0.40896172539490006, 0.14096476306196448, 0.36552490886999306, 0.22537970838395924, 4.024871810449596, 0.055730255164030885, 1.1793505467800771, 0.12047569866342746, 0.10654313487241496, 2.238225394896732, 0.5917241798298858, 0.534354799513977, 0.4278116646415621, 0.6154914945322054, 1.0416640340218817, 0.6958086269744922, 0.09834750911300179, 0.27455346294046834, 1.5088147023086373, 0.8343147023086347, 0.10080619684082655, 0.2237405832320788, 2.130862697448373, 1.6153578371810577, 0.36716403402186804, 2.191510328068056, 1.4916038882138642, 0.14424301336573905, 0.6441761846901611, 0.5032114216281884, 0.05900850546780544, 1.7341944106925913, 0.1622733900364513, 1.2154113001215208, 0.1467017010935638, 0.22701883353584243, 0.6540109356014602, 0.5884459295261303, 1.0244532199270973, 1.9767849331713374, 0.004917375455655002, 0.5482873633049896, 0.8244799513973274, 1.5071755771567514, 1.099852976913732, 0.5138657351154345, 1.6579750911300233, 0.21554495747266017, 0.1639125151883345, 1.7251792223572364, 0.8572624544349965, 0.13932563791008404, 0.6572891859052239, 0.5761524908869982, 0.693349939246662, 0.1803037667071663, 0.38847266099635214, 0.7277715674362171, 0.7990735115431353, 1.4416105710814242, 0.7384258809234577, 1.5555297691373136, 1.7055097205346328, 0.03442162818954953, 0.08277582017010611, 0.5384526123936796, 0.39257047387606825, 0.154897326852977, 1.0244532199270973, 0.1917776427703486, 0.8908645200486017, 2.1783973268529824, 0.8892253948967268, 0.6122132442284364, 1.3875194410692602, 0.08523450789793907, 0.5581221142162859, 0.6261458080194489, 0.5794307411907728, 0.3343815309842044, 0.8531646415552858, 0.0, 0.19095808019440424, 0.28848602673146717, 0.9621664641555365, 0.8195625759416779, 2.1374191980559, 0.2606208991494531, 0.3647053462940433, 0.8269386391251576, 2.3275577156743767, 0.3212685297691417, 0.25734264884568403, 1.7940224787363408, 0.4917375455650089, 0.3515923450789806, 0.13686695018226472, 0.7277715674362171, 0.07621931956258157, 0.32536634264884423, 1.0064228432563798, 0.04343681652491249, 0.49747448359660823, 1.2867132442284417, 0.682695625759424, 0.5884459295261221, 1.0769052247873647, 0.2950425273390054, 1.3375261239368232, 91.30418833535889, 78.95583900364558, 73.91716828675614, 65.11096840826278, 56.68504556500636, 47.480538274605344, 45.1595370595385, 1.2391786148238213, 2.220195018226017, 0.2720947752126299, 0.7359671931956329, 1.278517618469018, 0.6245066828675657, 0.5876263669501859, 1.3473608748481278, 1.3481804374240665, 0.47698541919806303, 0.8597211421628267, 0.7761257594167763, 0.21226670716889653, 1.161320170109365, 0.04917375455649543, 0.36552490886999306, 0.1852211421628213, 0.33520109356014327, 1.1441093560145943, 1.3031044957472684, 0.7277715674362089, 1.553890643985422, 0.40486391251518666, 0.07703888213851498, 0.49091798298907, 0.1606342648845654, 1.645681652490891, 0.249147023086279, 0.26635783718104966, 0.9318426488456921, 0.3524119076549194, 1.4694756986634303, 0.7712083839611186, 0.6277849331713238, 0.8548037667071717, 0.6720413122721752, 1.1506658566221213, 0.1360473876063204, 1.6169969623329328, 0.9834750911300179, 1.7825486026731585, 0.39093134872418234, 1.7276379100850583, 0.7474410692588097, 0.049993317132439756, 3.2003918590522686, 0.20489064398542767, 0.08851275820169997, 0.2852077764277062, 1.2522916160388895, 0.2565230862697424, 1.4268584447144619, 1.1506658566221162, 0.9883924665856619, 0.3048772782503099, 0.07294106925881247, 1.6792837181044993, 0.010654313487237948, 0.39257047387606825, 0.5294374240583221, 0.2942229647630556, 0.5023918590522578, 0.13768651275820087, 1.266224179829902, 0.4573159173754566, 0.3884726609963576, 0.29012515188335586, 1.5104538274605124, 1.3227739975698691, 1.6268317132442345, 0.27373390036452944, 0.41387910085054413, 1.0580552855407053, 0.683515188335363, 0.4884592952612453, 0.6302436208991541, 0.5786111786148285, 1.3793238153098444, 1.503077764277046, 0.8851275820170106, 0.38929222357229376, 0.7728475091130127, 0.3655249088699822, 1.7473074119076621, 0.05654981773997521, 0.4933766707168839, 0.381096597812886, 1.363752126366954, 0.4187964763062019, 0.050812879708381345, 0.4442029161603939, 0.1827624544349911, 1.2203286755771703, 0.011473876063187727, 0.23439489671931674, 0.9211883353584461, 0.10736269744836474, 0.22701883353585334, 0.12785176184690178, 0.2573426488456922, 0.21800364520047946, 0.9539708383961124, 0.36716403402186804, 0.2384927095990247, 0.07294106925881247, 0.12293438639124676, 0.4327290400972089, 0.9326622114216365, 0.14178432563790336, 0.5179635479951343, 0.7048238153098497, 0.49747448359660823, 0.4278116646415621, 1.0228140947752222, 0.02786512758201408, 1.2522916160388895, 0.48026366950182664, 0.6245066828675657, 0.4900984204131285, 0.7646518833535886, 1.249832928311065, 0.8146452004860256, 0.3704422843256426, 0.7826822600243009, 0.054091130012150435, 0.18276245443499653, 1.5727405832320895, 1.1441093560145943, 0.8539842041312274, 0.41469866342648304, 1.2932697448359691, 0.44912029161603806, 1.6374860267314835, 1.5866731470230913, 1.0523183475091142, 1.3555565006075436, 1.323593560145816, 0.821201701093561, 0.6294240583232097, 0.027865127582024998, 0.06884325637909634, 1.0015054678007356, 0.8048104495747319, 1.0416640340218817, 0.4122399756986692, 1.415384568651288, 0.12129526123936359, 3.7675291616039095, 0.894142770352379, 1.6120795868772833, 0.6081154313487229, 0.22537970838395924, 0.7203955042527427, 1.3498195625759444, 0.1966950182259981, 0.17620595382745835, 0.24013183475091604, 0.26799696233293013, 0.49419623329282825, 0.6507326852976993, 0.5974611178614905, 0.5023918590522469, 0.14342345078979746, 0.1385060753341452, 0.7990735115431435, 0.28848602673146717, 1.0416640340218735, 1.3063827460510344, 0.2081688942891913, 1.386699878493324, 0.3786379100850558, 0.44256379100850257, 1.2596676792223584, 1.5842144592952638, 0.9441360874848216, 0.16964945321992833, 0.9883924665856619, 0.8859471445929604, 0.27783171324422923, 1.2154113001215099, 1.3162174969623472, 1.0941160388821407, 1.1301767922235817, 1.1113268529769142, 1.414565006075338, 0.3212685297691417, 2.01038699878494, 0.05163244228433112, 1.3973541919805619, 2.1923298906439976, 0.27783171324423467, 1.1400115431348807, 0.4605941676792258, 0.02868469015796386, 1.5120929526124065, 1.6825619684082738, 0.3515923450789806, 0.7859605103280755, 0.2065297691373081, 1.4530844471445956, 1.1293572296476373, 1.6833815309842153, 1.130996354799515, 0.7048238153098443, 1.2875328068043752, 0.30569684082624876, 0.43108991494532034, 0.30077946537059375, 0.0040978128797134125, 0.9375795868772778, 1.3752260024301308, 0.508948359659785, 0.3597879708383992, 0.6113936816524975, 0.16719076549209813, 0.35978797083839376, 0.9474143377885796, 0.03769987849331317, 0.31061421628189284, 1.5432363304981813, 0.1516190765492079, 0.5794307411907728, 0.39584872417982647, 1.3129392466585672, 0.5818894289185975, 0.2638991494532249, 0.8498863912515277, 1.5088147023086373, 0.12457351154313268, 1.8800765492102105, 1.0498596597812895, 0.5245200486026834, 0.19013851761847356, 0.38027703523693623, 0.3237272174969692, 0.045075941676787475, 0.5540243013365725, 0.7072825030376745, 0.9162709599027937, 0.6843347509113072, 1.4760321992709629, 0.37208140947752033, 0.6630261239368231, 0.25324483596598424, 1.1088681652490948, 0.040158566221137934, 0.6310631834750929, 0.6204088699878605, 0.6302436208991541, 0.9441360874848216, 0.2007928311057088, 0.465511543134878, 1.363752126366954, 1.2752393681652596, 1.0932964763061992, 1.115424665856625, 0.9982272174969637, 0.2516057108140929, 0.30733596597812923, 0.44502247873632733, 1.0310097205346356, 0.7285911300121504, 1.4702952612393798, 0.08687363304981406, 1.5063560145808046, 0.1991537059538338, 0.9433165249088798, 0.154897326852977, 0.12293438639124676, 0.22210145808019832, 0.09752794653706293, 0.07130194410692656, 0.8400516403402176, 0.09998663426488223, 0.8351342648845708, 0.34093803159174263, 1.064611786148238, 0.22456014580802858, 0.7400650060753381, 0.33684021871203196, 0.12621263669502678, 3.0151707168894473, 1.3080218712029232, 0.8498863912515277, 1.1195224787363436, 0.23275577156743357, 0.015571688942895678, 0.19423633049817335, 0.06228675577156361, 0.5974611178614905, 0.20734933171324696, 0.8605407047387656, 0.8613602673147017, 0.07785844471446475, 1.0170771567436312, 1.2293438639125225, 0.3851944106925885, 0.8220212636695137, 0.8359538274605152, 0.465511543134878, 2.001371810449591, 0.5032114216281884, 0.4360072904009753, 0.7859605103280755, 0.46551154313486987, 0.5892654921020609, 1.1055899149453257, 1.5489732685297726, 0.37208140947752033, 0.8089082624544345, 0.02786512758201408, 0.16473207776427334, 1.1482071688942992, 0.49091798298905914, 0.9810164034021877, 0.3769987849331808, 0.04835419198055111, 0.8187430133657445, 0.09424969623329656, 0.567956865127585, 0.23193620899149195, 0.3032381530984185, 1.1441093560145832, 0.44584204131226896, 0.8548037667071717, 0.535174362089916, 0.5228809234507975, 0.15079951397327723, 0.07703888213852589, 0.15079951397326632, 0.3384793438639178, 1.9440024301336656, 1.6776445929526242, 0.04343681652491249, 0.346674969623331, 0.17210814094774765, 1.2293438639125225, 0.617950182260022, 1.235080801944108, 1.9571154313487393, 1.1072290400972062, 0.9015188335358533, 0.006556500607529995, 1.081822600243014, 1.3326087484811682, 0.6638456865127565, 0.25980133657351695, 0.8048104495747319, 0.9900315917375452, 0.6327023086269788, 0.8171038882138586, 0.2081688942891913, 0.6949890643985507, 0.1622733900364513, 0.7359671931956248, 0.5646786148238104, 0.7244933171324425, 0.8867667071688937, 1.6260121506682959, 0.20325151883353357, 1.0932964763062074, 0.18030376670717724, 0.5196026731470285, 0.6056567436209037, 1.3399848116646536, 1.3121196840826257, 1.3817825030376691, 0.7572758201701087, 1.108048602673156, 0.6392588092345062, 0.08851275820170271, 1.5514319562575976, 1.4514453219927124, 0.02868469015796386, 0.8998797083839701, 1.1301767922235817, 1.8972873633049976, 0.20898845686513015, 0.3024185905224851, 0.06228675577156361, 0.024586877278250447, 1.8923699878493427, 1.6194556500607575, 0.7523584447144674, 0.5573025516403416, 0.9383991494532277, 0.12293438639125223, 0.9892120291616034, 1.1219811664641683, 1.3432630619684116, 0.351592345078986, 1.3612934386391347, 1.0498596597812895, 0.9474143377885796, 0.5573025516403416, 0.047534629404620436, 0.49009842041312024, 0.07703888213851498, 0.730230255164039, 0.8130060753341507, 2.3078882138517782, 0.5835285540704724, 1.1596810449574815, 0.5761524908869982, 0.5261591737545585, 0.6269653705953905, 0.4294507897934453, 1.03100972053463, 0.2934034021871249, 0.0827758201701143, 0.6433566221142223, 0.1844015795868797, 1.8415571081409587, 0.02786512758201408, 0.2999599027946549, 0.48272235722964596, 1.1203420413122827, 0.13358869987849017, 0.5138657351154345, 0.6556500607533489, 0.8269386391251576, 0.2016123936816531, 0.4146986634264939, 1.5842144592952718, 0.7031846901579611, 1.6473207776427745, 0.015571688942895678, 3.3143110571081604, 1.0572357229647638, 2.235766707168902, 1.14328979343865, 0.7187563791008513, 0.9326622114216365, 1.7456682867557818, 1.0260923450789805, 0.22292102065613448, 0.8572624544350019, 1.1031312272175064, 1.9349872417983136, 0.8326755771567516, 0.1376865127582036, 0.17784507897935242, 1.6063426488456893, 0.10326488456865134, 0.11146051032806996, 0.6507326852976911, 0.8785710814094778, 1.3301500607533487, 1.448167071688946, 0.05982806804373884, 1.4752126366950213, 0.7138390036452072, 0.22374058323208426, 0.1704690157958645, 0.3433967193195565, 1.8849939246658685, 0.5868068043742416, 0.34585540704739215, 1.812872417982995, 0.05409113001215589, 0.23193620899149742, 2.3644380315917535, 0.4032247873633117, 1.5456950182260145, 0.21472539489672401, 0.22456014580802858, 0.8703754556500701, 0.007376063183474314, 0.14916038882138313, 0.6941695018226008, 0.12293438639124676, 0.40568347509113645, 0.32864459295261056, 1.017077156743623, 1.1285376670716902, 2.2357667071689074, 1.1752527339003718, 1.2244264884568754, 1.1268985419198125, 0.08277582017010611, 0.651552247873641, 0.635980558930748, 1.485047387606326, 0.9162709599027937, 0.9703620899149469, 0.9646251518833531, 0.9129927095990356, 0.2114471445929522, 0.3901117861482326, 0.5999198055893098, 0.9736403402187215, 1.5079951397326876, 0.7515388821385258, 0.12293438639125223, 0.3507727825030444, 1.153124544349946, 0.538452612393685, 0.2950425273390054, 2.289038274605116, 2.0980801944107093, 1.0474009720534727, 0.017210814094776133, 0.9056166464155531, 0.2016123936816531, 0.444202916160383, 0.6867934386391238, 0.14834082624544698, 1.418662818955046, 1.1744331713244247, 0.6351609963548063, 1.112146415552864, 0.813825637910084, 0.9424969623329411, 2.271827460510343, 0.8728341433778949, 0.5507460510328144, 1.977604495747271, 0.12293438639125223, 1.5178298906439893, 82.29637606318387, 60.93201883353615, 52.875718712029425, 38.24242891859071, 31.313027339003803, 21.32911603888225, 3.5831275820170347, 0.08851275820169997, 1.1834483596597904, 0.09916707168894064, 1.019535844471448, 0.07294106925880156, 1.130996354799515, 0.9531512758201734, 0.2934034021871167, 2.581622114216297, 0.4720680437424135, 0.9154513973268604, 0.30405771567436013, 0.7761257594167763, 1.4522648845686568, 0.7277715674362171, 1.1375528554070478, 1.1375528554070478, 1.8177897934386444, 1.3014653705953905, 0.4409246658566194, 1.146568043742408, 0.15325820170109108, 2.0161239368165313, 0.37208140947753127, 0.6646652490887064, 0.7228541919805674, 1.2342612393681718, 0.9105340218712108, 1.1736136087484832, 2.229210206561375, 0.59582199270961, 1.3309696233292931, 1.5465145808019478, 1.2145917375455764, 0.01639125151883727, 0.5179635479951452, 0.3778183475091197, 0.6441761846901557, 0.6687630619684116, 1.5104538274605124, 0.002458687727830231, 1.1982004860267392, 0.1803037667071663, 1.3809629404617356, 0.9924902794653808, 1.614538274605108, 1.6399447144593082, 0.8941427703523708, 2.191510328068056, 0.651552247873641, 0.9105340218712108, 0.41387910085054413, 0.23685358444714696, 0.04589550425272634, 0.5097679222357266, 0.780223572296476, 0.567956865127585, 1.8669635479951536, 1.2522916160388842, 0.3179902794653672, 0.20816889428918584, 2.700458687727844, 2.007108748481182, 0.16882989064397855, 0.29586208991494967, 0.05900850546779998, 0.17210814094774765, 1.575199270959909, 0.799893074119077, 1.4793104495747376, 0.7171172539489735, 0.7957952612393773, 0.6097545565006062, 0.14997995139733292, 0.17784507897935242, 0.033602065613613404, 0.040158566221137934, 0.3917509113001267, 0.8457885783718198, 0.7597345078979336, 0.7761257594167763, 0.0713019441069211, 0.5556634264884585, 0.5548438639125142, 0.040158566221137934, 0.03114337788578863, 2.8053626974483783, 0.8523450789793524, 0.8761123936816586, 1.8694222357229782, 1.83991798298907, 1.027731470230869, 0.035241190765488394, 0.8252995139732772, 0.4925571081409532, 0.04097812879708772, 2.1218475091130156, 0.3179902794653672, 0.29012515188335586, 0.5507460510328144, 0.5523851761846893, 2.6439088699878686, 1.9669501822600302, 0.7597345078979391, 0.7269520048602673, 1.9636719319562637, 2.173479951397333, 1.536679829890657, 0.14014520048602835, 0.055730255164030885, 1.6374860267314835, 0.6400783718104477, 0.8023517618469017, 1.5399580801944261, 1.07690522478737, 0.15407776427703265, 1.078544349939256, 0.11473876063183906, 0.9433165249088717, 0.8498863912515277, 1.0056032806804436, 2.2152776427703595, 0.06802369380316294, 0.15243863912515768, 2.379190157958694, 0.9457752126367046, 1.8112332928311115, 0.7171172539489735, 1.991537059538286, 0.8392320777642843, 0.4982940461725471, 0.22619927095990355, 0.4228942891859126, 0.1803037667071663, 0.24341008505467968, 1.2121330498177407, 0.597461117861485, 0.7712083839611268, 0.3483140947752197, 0.9302035236938035, 0.3294641555285549, 0.2975012150668301, 0.9179100850546906, 0.15899513973269042, 38.387491494532384, 0.5925437424058355, 0.013113001215062718, 0.03851944106925749, 0.09506925880922723, 0.3130729040097258, 0.24832746051032922, 0.10818226002430632, 0.38191616038882487, 0.3319228432563796, 0.15407776427704087, 0.6195893074119107, 32.304154761904684, 2.1460595238095186, 1.5856666666666626, 0.5696904761904711, 1.2847619047619119, 0.6440714285714264, 1.2239047619047592, 1.392107142857138, 0.09382142857142643, 1.229821428571425, 1.1689642857142835, 0.6305476190476211, 0.12847619047619008, 0.30259523809523214, 0.4691071428571435, 0.9973809523809498, 0.06508333333333163, 1.3861904761904833, 0.8291785714285709, 0.6347738095238028, 0.43867857142857264, 0.11664285714285808, 0.5519404761904787, 0.9475119047619021, 0.23328571428571332, 0.17242857142857168, 1.2526428571428538, 0.9052499999999993, 0.6161785714285695, 0.8765119047619044, 1.1055714285714278, 1.2906785714285696, 1.097119047619048, 0.5130595238095195, 0.15805952380952287, 0.7547976190476184, 0.9661071428571381, 2.160428571428567, 0.5663095238095219, 0.07269047619047926, 1.1199404761904739, 0.5840595238095255, 0.3490833333333306, 0.27385714285714297, 1.1782619047619043, 0.4065595238095202, 0.6136428571428555, 0.7176071428571408, 0.8714404761904737, 0.4767142857142827, 0.261178571428573, 1.6701904761904738, 0.021976190476193633, 0.32372619047619344, 0.5248928571428543, 0.965261904761903, 0.0033809523809491845, 0.8046666666666661, 0.020285714285712, 1.0413333333333314, 0.19186904761905132, 0.48939285714285546, 1.8248690476190448, 1.6093333333333293, 0.24173809523809614, 1.38703571428571, 0.9610357142857102, 0.9787857142857109, 0.7640952380952364, 1.1520595238095206, 0.07607142857142844, 0.09128571428571526, 1.4893095238095164, 0.39979761904762184, 1.0058333333333327, 1.6380714285714242, 0.1698928571428577, 1.1672738095238102, 1.2036190476190443, 0.7260595238095235, 0.23920238095238214, 1.795285714285712, 0.9847023809523798, 0.1436904761904797, 0.7142261904761887, 0.5172857142857122, 0.3575357142857134, 1.4402857142857124, 1.0666904761904743, 0.9280714285714281, 0.9280714285714281, 0.7066190476190439, 0.3093571428571418, 0.7446547619047595, 0.32034523809523857, 0.1800357142857137, 0.7531071428571396, 0.7970595238095212, 0.5772976190476216, 0.9382142857142813, 0.31273809523809654, 0.4555833333333327, 1.3219523809523812, 0.12086904761904527, 0.6711190476190423, 1.1638928571428555, 0.1876428571428557, 0.34063095238095337, 2.1249285714285655, 1.2737738095238011, 0.30259523809523214, 0.15214285714285689, 0.4657261904761943, 0.1884880952380965, 0.6956309523809527, 0.5975833333333364, 0.4200833333333282, 0.395571428571429, 0.13946428571428407, 0.9094761904761893, 0.34063095238095337, 0.20792857142857052, 0.8951071428571404, 0.9880833333333318, 0.8959523809523785, 0.03634523809523963, 0.3237261904761878, 1.2695476190476167, 0.2966785714285718, 0.4513571428571426, 0.23244047619047534, 0.454738095238089, 0.8866547619047606, 0.5147499999999983, 0.13016666666666327, 0.721833333333328, 1.8088095238095228, 1.6659642857142838, 0.34654761904761655, 0.1512976190476217, 0.13016666666666607, 0.008452380952377185, 0.2256785714285685, 0.5232023809523811, 1.4690238095238073, 0.37782142857142537, 1.5991904761904734, 1.5315714285714248, 1.6296190476190442, 1.219678571428569, 1.086976190476186, 0.9010238095238093, 1.5645357142857126, 1.2940595238095243, 1.5924285714285664, 1.52819047619047, 0.414166666666665, 0.8536904761904757, 1.0430238095238018, 1.6152499999999954, 0.017750000000000814, 0.5265833333333303, 0.6305476190476156, 0.27808333333333296, 1.631309523809523, 0.1715833333333309, 1.1993928571428543, 0.3845833333333322, 1.632154761904761, 0.1386190476190517, 0.29414285714285493, 0.35415476190476136, 1.3413928571428553, 0.8984880952380925, 1.324488095238095, 0.6880238095238079, 1.5586190476190465, 0.2163809523809533, 1.1436071428571406, 0.25526190476190697, 0.5772976190476216, 1.6304642857142793, 0.25103571428571414, 0.8891904761904744, 1.3143452380952365, 0.12509523809523526, 0.5654642857142839, 0.29076190476190855, 0.06254761904762325, 0.3727499999999974, 1.6879404761904717, 0.8063571428571392, 0.9483571428571401, 0.8257976190476188, 0.8858095238095253, 0.2823095238095202, 0.007607142857142, 0.2003214285714257, 1.0125952380952394, 1.0337261904761836, 0.9373690476190462, 1.6473690476190421, 0.24511904761905096, 1.1520595238095206, 1.882345238095237, 0.25948809523809135, 0.2679404761904741, 0.9399047619047572, 1.1993928571428543, 0.7319761904761924, 0.715916666666662, 0.35330952380951774, 1.2644761904761859, 0.12932142857142806, 0.04902380952380963, 1.9499642857142827, 1.5281904761904728, 0.8207261904761881, 1.8155714285714237, 0.27385714285714013, 0.40317857142857105, 0.6187142857142836, 0.9027142857142825, 0.5646190476190487, 0.9770952380952378, 1.2856071428571414, 0.1783452380952377, 2.6041785714285623, 0.6914047619047629, 0.5637738095238051, 1.503678571428568, 0.18933333333332888, 1.3726666666666667, 0.7294404761904784, 1.0768333333333329, 0.1673571428571437, 1.3084285714285704, 0.27047619047618815, 1.3202619047619024, 0.03972619047619444, 0.44036904761904305, 1.9972976190476135, 0.8418571428571409, 0.29160714285714096, 0.33471428571428463, 0.520666666666667, 0.17580952380952372, 1.086130952380951, 0.1605952380952397, 0.001690476190478815, 0.8714404761904737, 17.42204761904757, 0.6922499999999979, 0.6736547619047564, 0.021130952380947185, 1.3768928571428538, 0.10058333333333606, 0.786916666666668, 0.42938095238095464, 0.009297619047615184, 0.2780833333333358, 0.1791904761904785, 0.11495238095238207, 1.3253333333333304, 0.9897738095238021, 0.298369047619045, 1.0058333333333327, 0.04733333333333363, 1.4318333333333324, 1.1114880952380939, 1.1892499999999981, 0.3524642857142854, 0.19186904761905132, 0.9973809523809498, 93.52305952380928, 86.90315476190455, 53.751226190476046, 42.71410714285703, 15.626761904761862, 0.9796309523809462, 0.454738095238089, 0.4403690476190515, 0.001690476190478815, 1.788523809523805, 1.2027738095238063, 0.384583333333335, 0.5646190476190459, 0.1546785714285709, 0.030428571428570816, 1.1571309523809459, 1.068380952380953, 0.4978452380952383, 0.5510952380952407, 1.2027738095238063, 1.784297619047615, 1.2805357142857108, 1.4259166666666663, 0.6947857142857148, 1.5527023809523806, 0.1622857142857129, 0.1817261904761897, 0.2882261904761946, 0.07184523809523281, 0.1504523809523809, 0.2163809523809533, 1.377738095238092, 56.6055952380951, 42.02777380952371, 30.32038095238088, 24.451047619047557, 1.4394404761904687, 1.543404761904754, 1.3413928571428553, 0.43698809523809107, 0.4648809523809507, 1.0066785714285678, 0.03634523809523963, 0.390500000000001, 0.7886071428571413, 0.46657142857142947, 0.24173809523809053, 0.7818452380952315, 0.04479761904761682, 0.6694285714285719, 0.48516666666666547, 0.8029761904761901, 0.5933571428571407, 1.0244285714285686, 1.0742976190476161, 1.078523809523809, 0.08367857142857044, 0.45220238095238346, 0.09973809523809245, 1.774154761904759, 1.0109047619047578, 0.6677380952380931, 0.5105238095238083, 0.7818452380952401, 1.1343095238095227, 1.768238095238093, 0.0, 0.41332142857142984, 0.8832738095238029, 1.1486785714285688, 0.26878571428571496, 0.42938095238095464, 1.0117499999999957, 1.3954880952380957, 1.4225357142857087, 0.29752380952381263, 0.4614999999999987, 0.6415357142857123, 0.8815833333333325, 0.2544166666666633, 0.9534285714285681, 0.5891309523809507, 0.34232142857142944, 2.08266666666666, 0.08705952380952527, 1.0075238095238028, 1.2788452380952346, 1.3042023809523775, 1.003297619047627, 2.459642857142847, 0.3913452380952334, 0.7624047619047576, 0.7547976190476184, 2.6895476190476226, 0.29667857142856896, 0.7801547619047584, 0.69140476190476, 0.4014880952380978, 0.643226190476194, 1.338011904761903, 0.5925119047618999, 1.5028333333333272, 0.11579761904761726, 2.1198571428571378, 1.8307857142857078, 2.5492380952380866, 0.40909523809523424, 0.007607142857144815, 0.33302380952380856, 1.5205833333333307, 0.3803571428571422, 0.5984285714285716, 0.42938095238095464, 1.4681785714285691, 1.4977619047619022, 0.3431666666666674, 0.5215119047619079, 1.141916666666659, 0.35922619047618937, 0.3913452380952334, 0.016059523809519183, 0.6736547619047564, 1.676107142857137, 0.12678571428571409, 1.3954880952380957, 0.20370238095238052, 1.0802142857142851, 1.7006190476190446, 0.2070833333333353, 0.2882261904761946, 0.08621428571428444, 0.4716428571428575, 0.2037023809523777, 0.032119047619044, 1.017666666666659, 0.3896547619047659, 0.7277499999999968, 0.7886071428571413, 0.9542738095238089, 1.7225952380952354, 0.7852261904761892, 1.2949047619047567, 0.07776190476190444, 0.3431666666666618, 0.4302261904761899, 1.5510119047619018, 0.8114285714285701, 0.24596428571428616, 0.24004761904761454, 0.27639285714285416, 0.24004761904761454, 0.7345119047619009, 1.788523809523802, 0.07184523809524125, 0.3313333333333354, 0.9661071428571381, 0.22821428571428534, 0.1969404761904737, 1.003297619047613, 1.632154761904761, 0.31104761904762335, 1.807964285714282, 0.31273809523809654, 0.3364047619047662, 1.0557023809523747, 1.0489404761904733, 0.803821428571428, 2.2796071428571394, 0.3507738095238122, 1.6389166666666621, 1.065845238095239, 1.611869047619046, 0.5603928571428559, 0.3685238095238046, 1.0227380952380924, 1.4047857142857108, 1.5831309523809485, 0.6652023809523792, 0.2916071428571438, 0.36260714285714424, 1.37858333333333, 0.7226785714285716, 0.7818452380952401, 0.9466666666666641, 1.7420357142857095, 0.6339285714285675, 0.032119047619052446, 0.4395238095238079, 1.2965952380952384, 0.26455952380952497, 0.03042857142857363, 0.8908809523809533, 1.250952380952378, 0.27808333333333296, 1.7530238095238007, 2.082666666666663, 0.03634523809523963, 0.3025952380952406, 0.3558452380952346, 0.10396428571428526, 2.3091904761904667, 0.11157142857142727, 0.988083333333329, 0.2113095238095197, 0.4724880952380899, 0.6474523809523756, 1.8519166666666635, 0.956809523809523, 1.766547619047617, 1.2653214285714267, 0.707464285714282, 0.08029761904761845, 1.2213690476190424, 0.22990476190476414, 0.5198214285714291, 0.31527380952380496, 1.781761904761901, 0.5324999999999963, 0.6998571428571427, 0.9077857142857133, 0.5620833333333347, 0.690559523809522, 1.361678571428567, 0.36176190476190057, 1.1689642857142806, 0.5663095238095192, 0.2256785714285685, 1.387880952380945, 0.9483571428571401, 1.4563452380952344, 0.0, 0.31273809523809376, 0.8342499999999989, 0.41501190476190025, 0.7945238095238073, 0.06677380952381326, 0.7556428571428565, 0.07015476190475962, 1.4673333333333256, 1.4631071428571383, 0.6246309523809467, 0.12425000000000007, 1.0387976190476147, 0.24511904761904532, 0.07945238095238044, 1.2568690476190552, 0.7607142857142817, 0.32710714285713977, 1.8333214285714219, 2.9456547619047537, 1.668499999999995, 0.8342499999999989, 1.0109047619047606, 0.7547976190476184, 0.4834761904761923, 0.7657857142857124, 0.36260714285714424, 0.1496071428571429, 0.45135714285713985, 1.2517976190476188, 1.8476904761904678, 0.7733928571428572, 0.6829523809523743, 0.8029761904761844, 1.0218928571428545, 1.255178571428568, 1.0430238095238018, 1.5095952380952342, 1.3582976190476124, 0.8562261904761896, 0.702392857142854, 1.068380952380953, 1.2957499999999975, 0.09804761904761926, 0.6094166666666684, 0.22736904761905014, 0.5849047619047607, 0.26540476190475737, 1.1300833333333271, 4.365654761904751, 0.013523809523805184, 0.16482142857142967, 0.2392023809523765, 0.7167619047619028, 0.6466071428571404, 2.2796071428571363, 1.2112261904761892, 1.114869047619043, 1.6253928571428542, 0.7049285714285708, 3.3750357142857026, 0.6685833333333284, 1.25010714285714, 0.27047619047618815, 164.16383333333286, 156.17041666666626, 156.1112499999996, 0.3651428571428554, 0.08959523809523363, 1.2162976190476171, 1.3050476190476155, 1.0641547619047602, 0.14876190476190207, 0.3651428571428554, 0.6550595238095176, 0.9872380952380966, 0.85369047619047, 0.1318571428571421, 1.5738333333333305, 1.1571309523809459, 1.255178571428568, 1.0159761904761886, 0.4699523809523815, 0.29414285714285776, 1.369285714285709, 0.6922499999999979, 1.0379523809523739, 0.6474523809523756, 1.2281309523809492, 0.3431666666666674, 0.08452380952380563, 0.9289166666666661, 0.4437500000000007, 3.710595238095228, 0.5181309523809531, 0.33471428571428463, 0.452202380952375, 0.12086904761904527, 2.1917023809523735, 0.26878571428571496, 0.9204642857142833, 0.8858095238095168, 0.5147499999999983, 0.1453809523809557, 1.6921666666666617, 0.9246904761904846, 0.715916666666662, 0.0033809523809519995, 0.3102023809523798, 1.100499999999997, 0.10819047619048087, 0.8976428571428545, 0.6736547619047564, 0.2932976190476226, 0.6685833333333284, 0.28230952380952296, 0.1605952380952397, 0.1512976190476217, 0.25779761904762094, 0.3025952380952406, 0.5747619047619076, 0.1411547619047657, 0.12509523809523526, 0.2510357142857113, 0.9492023809523782, 0.23413095238095416, 1.4817023809523773, 0.3972619047619078, 0.2087738095238085, 0.4074047619047638, 0.3921904761904714, 0.81988095238095, 0.1698928571428577, 0.2603333333333293, 0.6127976190476204, 0.09889285714285725, 0.09635714285714045, 0.6482976190476136, 0.9914642857142809, 0.23159523809523452, 0.7480357142857117, 0.9956904761904738, 0.829178571428568, 0.13861904761904326, 1.9964523809523755, 1.1562857142857135, 1.350690476190473, 0.3254166666666694, 1.1064166666666602, 0.1360833333333377, 1.486773809523808, 0.23074999999999934, 0.5189761904761855, 0.27892857142857097, 0.5384166666666623, 1.110642857142853, 1.548476190476185, 0.26709523809523894, 0.30428571428571377, 0.7590238095238112, 0.1462261904761937, 1.3388571428571385, 0.1690476190476169, 1.5442499999999948, 0.3473928571428546, 0.2037023809523777, 0.1977857142857117, 1.2560238095238059, 1.1850238095238084, 0.07945238095237762, 0.21046428571428732, 0.542642857142858, 0.04310714285714081, 0.6922499999999979, 0.8215714285714261, 0.37444047619047904, 0.04902380952380963, 0.7776190476190472, 0.33894047619048023, 0.07015476190476526, 1.0768333333333329, 1.4724047619047593, 2.031107142857139, 1.4901547619047544, 0.8629880952380965, 0.391345238095239, 1.4478928571428544, 0.5899761904761887, 0.29245238095238174, 0.1834166666666657, 0.5443333333333283, 2.3607499999999955, 0.8824285714285677, 0.8334047619047609, 0.7556428571428536, 0.5350357142857132, 0.2586428571428561, 1.1385357142857098, 0.43107142857142783, 1.6017261904761875, 0.6347738095238111, 0.3051309523809517, 0.8934166666666645, 1.1072619047618983, 5.13313095238094, 0.1901785714285725, 0.24511904761904532, 1.1182499999999977, 0.48685714285714143, 0.6702738095238072, 0.038880952380948, 0.6373095238095224, 0.13016666666666327, 1.2923690476190455, 0.015214285714284, 0.962726190476189, 0.1741190476190477, 0.23159523809523452, 0.9923095238095162, 0.29245238095238174, 1.8037380952380917, 0.3499285714285686, 1.2433452380952388, 0.5832142857142847, 0.5401071428571411, 1.1427619047618998, 0.9204642857142833, 0.05832142857143044, 0.6305476190476211, 0.6677380952380904, 1.8003571428571399, 0.655904761904764, 1.6279285714285683, 0.5054523809523831, 0.22314285714285453, 1.4690238095238073, 0.4614999999999987, 0.395571428571429, 0.7547976190476184, 0.3338690476190494, 1.7496428571428542, 0.28315476190476097, 0.5722261904761852, 0.28738095238094813, 1.6879404761904746, 0.43614285714285583, 0.958499999999999, 2.627845238095235, 0.9889285714285698, 0.3820476190476182, 0.5603928571428559, 1.8747380952380894, 0.454738095238089, 0.5350357142857132, 1.4994523809523723, 0.42684523809524066, 0.6685833333333311, 1.3270238095238065, 0.6753452380952379, 0.017750000000000814, 1.540023809523802, 1.325333333333333, 0.6170238095238048, 0.9618809523809453, 0.6491428571428571, 0.67027380952381, 0.4167023809523818, 1.194321428571426, 0.7404285714285695, 0.17242857142857168, 0.568845238095233, 0.4581190476190495, 1.4132380952380879, 0.39049999999999824, 0.5899761904761887, 1.4292976190476183, 0.801285714285714, 1.4064761904761869, 0.5434880952380903, 0.05494047619047562, 0.428535714285711, 0.3194999999999978, 1.8375476190476119, 0.5223571428571431, 0.8072023809523828, 2.736880952380945, 0.46657142857142947, 1.1393809523809535, 0.7581785714285676, 0.7826904761904753, 1.4174642857142836, 0.3600714285714274, 1.5535476190476127, 0.05663095238095444, 1.1241666666666639, 1.4935357142857093, 0.13861904761904326, 0.05494047619047281, 1.7335833333333266, 0.40909523809523424, 1.3971785714285687, 0.23159523809523733, 0.3710595238095242, 0.42938095238094626, 0.36091666666666256, 1.4656428571428524, 1.1385357142857098, 0.81565476190476, 0.9914642857142809, 1.094583333333331, 1.0311904761904753, 0.3161190476190514, 0.8604523809523825, 0.6398452380952363, 0.5037619047619014, 0.9111666666666681, 1.0345714285714245, 0.1774999999999997, 1.5222738095238013, 0.45727380952380864, 2.398785714285706, 2.802809523809515, 3.004821428571419, 0.10734523809524008, 0.2045476190476213, 0.06846428571428644, 0.3051309523809517, 1.5315714285714248, 1.112333333333329, 0.5062976190476155, 0.25357142857142817, 1.4259166666666663, 0.07184523809524125, 0.25526190476190697, 0.3118928571428586, 0.8105833333333292, 1.2881428571428528, 0.9627261904761861, 0.9754047619047561, 0.3566904761904754, 0.5257380952380895, 1.5696071428571376, 0.025357142857142814, 0.30005952380951817, 1.3878809523809508, 0.1597500000000017, 0.5942023809523759, 0.6330833333333323, 0.1791904761904785, 0.12847619047619288, 1.6211666666666584, 0.09635714285714045, 1.3219523809523726, 0.26286904761904334, 0.32964285714285657, 0.3211904761904738, 1.4749404761904703, 0.67027380952381, 0.9179285714285693, 0.7784642857142824, 0.5519404761904787, 0.5874404761904776, 0.14030952380951925, 0.8697499999999977, 1.2086904761904695, 0.13777380952381088, 1.5019880952380864, 1.2949047619047567, 1.5248095238095238, 2.4461190476190424, 0.6491428571428544, 1.1841785714285675, 1.1216309523809498, 0.8359404761904721, 1.2898333333333287, 1.785988095238091, 0.17580952380952372, 0.05663095238095444, 0.9018690476190417, 0.73366666666666, 1.7673928571428523, 0.007607142857144815, 0.7928333333333341, 0.018595238095233186, 0.4953095238095243, 0.5603928571428559, 0.09551190476190245, 0.8807380952380945, 2.7284285714285654, 0.447130952380947, 0.1910238095238105, 0.07522619047619045, 0.7057738095238032, 0.7894523809523792, 0.3211904761904738, 1.0269642857142853, 0.09466666666667008, 0.41332142857142706, 0.6812619047619012, 0.542642857142858, 0.36260714285714424, 1.0075238095238086, 0.3981071428571402, 0.032964285714284815, 2.092809523809516, 0.043952380952376, 0.22398809523809815, 1.49015476190476, 0.9618809523809453, 1.0218928571428545, 1.4783214285714252, 0.7066190476190439, 1.0328809523809515, 1.245035714285709, 0.7412738095238076, 0.10649999999999926, 0.24089285714285533, 1.214607142857141, 0.6009642857142855, 1.0252738095238065, 0.9365238095238109, 0.25103571428571414, 0.452202380952375, 0.4682619047619083, 0.44966666666666943, 0.9204642857142833, 0.05494047619047281, 0.5130595238095222, 1.5704523809523785, 1.49438095238095, 1.644833333333331, 0.41332142857142984, 1.1588214285714247, 1.5679166666666589, 0.6220952380952328, 0.9153928571428552, 0.08367857142857044, 0.8325595238095173, 1.4614166666666653, 1.6490595238095154, 0.8486190476190562, 0.7818452380952315, 0.051559523809520814, 0.34654761904761655, 2.649821428571423, 0.24765476190476496, 0.9399047619047601, 0.9077857142857104, 0.3490833333333306, 0.3600714285714274, 0.972023809523807, 2.201845238095229, 1.1977023809523784, 0.00422619047619563, 0.10903571428571325, 0.4564285714285707, 0.3194999999999978, 0.22145238095237568, 0.2045476190476185, 1.4107023809523795, 0.15805952380952287, 1.8722023809523782, 1.218833333333331, 0.8925714285714266, 0.5291190476190443, 0.3786666666666606, 1.6668095238095217, 0.1335476190476237, 1.5222738095238013, 0.3989523809523839, 1.0328809523809457, 0.5054523809523747, 0.1428452380952417, 0.008452380952382816, 0.747190476190485, 1.486773809523808, 1.229821428571425, 0.5874404761904776, 1.5932738095238073, 0.1512976190476189, 1.8367023809523795, 0.3355595238095226, 0.6998571428571427, 1.3236428571428513, 0.7395833333333316, 0.7015476190476216, 1.2441904761904738, 0.5079880952380915, 0.15383333333333568, 0.06677380952381326, 1.7268214285714254, 0.8021309523809464, 1.5188928571428548, 1.9795476190476156, 0.2696309523809473, 0.1774999999999997, 0.4209285714285719, 0.43783333333333185, 0.8874999999999956, 2.090273809523808, 2.1671904761904712, 1.9457380952380898, 0.36429761904762303, 1.229821428571425, 1.6389166666666621, 0.04733333333333645, 1.3016666666666636, 1.0404880952380962, 1.0176666666666674, 0.4167023809523818, 0.957654761904761, 0.5434880952380959, 2.069142857142852, 0.4674166666666675, 1.2619404761904691, 0.7142261904761887, 0.12932142857142806, 0.5071428571428535, 0.6077261904761896, 0.5849047619047635, 2.315107142857138, 0.2239880952380897, 0.8080476190476181, 0.2586428571428561, 0.5637738095238051, 0.555321428571428, 0.289071428571427, 0.5578571428571419, 0.001690476190478815, 0.1183333333333369, 0.9196190476190453, 0.032119047619044, 0.48516666666666547, 1.206999999999999, 2.176488095238089, 1.8088095238095228, 0.3642976190476146, 0.8587619047619037, 1.1681190476190455, 1.2636309523809508, 1.5594642857142818, 0.32203571428571176, 0.3862738095238082, 1.1495238095238067, 0.9939999999999978, 0.3972619047619022, 0.7911428571428553, 0.20116666666666652, 0.7776190476190417, 0.43783333333333185, 0.6313928571428535, 0.27047619047619376, 0.1918690476190457, 0.6812619047619012, 0.3786666666666606, 2.0978809523809465, 0.6220952380952384, 1.619476190476188, 0.43276190476190385, 0.8055119047619013, 0.19271428571428653, 0.16482142857142967, 1.636380952380948, 1.4512738095238007, 2.240726190476183, 0.5696904761904711, 2.173107142857137, 2.240726190476183, 1.255178571428568, 0.8739761904761848, 0.42261904761905067, 0.16820238095238452, 0.9804761904761897, 0.6897142857142841, 0.959345238095237, 1.1267023809523777, 2.570369047619042, 0.5324999999999963, 1.5172023809523731, 3.0318690476190406, 1.6955476190476109, 0.9525833333333272, 0.972023809523807, 0.37105952380951857, 0.7801547619047584, 0.7556428571428536, 1.134309523809517, 0.024511904761907632, 0.7564880952380888, 0.420928571428569, 0.20877380952381133, 0.5485595238095182, 0.05409523809523482, 0.38796428571428704, 0.8401666666666677, 1.386190476190469, 0.5603928571428559, 0.26709523809523894, 0.37782142857142537, 0.029583333333332813, 1.4098571428571387, 0.5274285714285684, 0.022821428571428815, 0.9931547619047626, 0.5274285714285711, 0.42177380952380983, 0.1656666666666677, 0.2907619047619001, 0.7184523809523787, 0.06001190476190081, 0.7522619047618988, 1.548476190476185, 3.1223095238095127, 1.3050476190476183, 0.08621428571428444, 0.8249523809523809, 1.122476190476188, 0.00676190476190963, 0.5333452380952399, 0.6584404761904781, 0.4961547619047651, 1.6456785714285689, 0.44797619047618786, 0.7962142857142832, 0.555321428571428, 1.0641547619047573, 0.9060952380952373, 1.0717619047619023, 0.030428571428570816, 0.026202380952380814, 0.8114285714285673, 0.2603333333333293, 0.8452380952380929, 1.097119047619048, 0.82410714285714, 0.4817857142857135, 0.2239880952380897, 0.8139642857142841, 1.1562857142857106, 0.5417976190476227, 2.337083333333326, 1.8037380952380946, 0.25610714285714214, 0.055785714285716444, 0.3795119047619042, 1.0573928571428535, 0.06846428571428363, 1.1452976190476138, 1.2695476190476138, 0.08029761904761563, 0.6060357142857107, 0.9779404761904701, 0.23328571428571332, 0.40317857142857105, 1.0962738095238072, 2.102952380952378, 1.36590476190476, 1.3667499999999981, 0.38120238095238024, 0.6102619047619035, 0.2104642857142845, 0.3727499999999974, 0.5671547619047571, 0.5155952380952363, 0.21891666666667015, 0.2544166666666662, 0.950892857142857, 0.69985714285714, 0.5992738095238039, 0.8655238095238105, 0.8705952380952356, 0.5671547619047571, 0.14707142857142608, 1.0092142857142845, 0.11833333333333125, 0.30259523809523214, 0.17327380952381252, 0.7750833333333332, 0.3372500000000014, 0.22229761904761652, 1.0235833333333306, 0.7514166666666608, 0.5012261904761931, 0.24004761904761454, 0.1884880952380909, 0.3271071428571426, 0.2730119047619022, 1.1698095238095159, 1.6101785714285672, 0.9187738095238074, 0.20792857142857052, 0.24173809523809614, 0.3524642857142854, 0.57983333333333, 0.34147619047618577, 2.747869047619039, 0.28653571428571295, 1.9339047619047578, 0.7598690476190436, 0.9939999999999978, 0.8612976190476177, 1.0218928571428545, 0.9415952380952305, 0.822416666666664, 0.8156547619047629, 1.4707142857142805, 1.1655833333333285, 1.3718214285714259, 0.2899166666666621, 0.41754761904762266, 1.6752619047618988, 0.02113095238095563, 1.6253928571428542, 0.6398452380952363, 1.7690833333333393, 0.43360714285714186, 0.12086904761905089, 0.5502499999999971, 94.57199999999976, 85.55161904761883, 83.77746428571407, 79.68820238095219, 78.0002619047617, 76.90314285714265, 72.67103571428552, 67.92924999999983, 1.9043214285714252, 4.383404761904749, 5.07565476190475, 0.24934523809523254, 0.9661071428571409, 0.1994761904761877, 1.4030952380952346, 0.9610357142857102, 0.3457023809523814, 0.7040833333333356, 0.6745, 0.81988095238095, 2.0471666666666586, 1.6744166666666638, 0.442904761904757, 0.4167023809523762, 0.05578571428571363, 1.1267023809523777, 1.2729285714285685, 0.4860119047619063, 0.3169642857142866, 0.8215714285714261, 0.09804761904761926, 0.08114285714285645, 0.5291190476190443, 0.7116904761904748, 1.2061547619047694, 1.0218928571428545, 0.4885476190476203, 0.6795714285714279, 0.4158571428571438, 0.26709523809523333, 0.5933571428571407, 0.2823095238095202, 0.5324999999999991, 1.3591428571428532, 1.8882619047619003, 0.7142261904761916, 0.7235238095238097, 0.7438095238095188, 0.8976428571428545, 0.21553571428571253, 0.5494047619047591, 0.16820238095237608, 0.4268452380952322, 0.9441309523809501, 0.18510714285714452, 1.1376904761904718, 0.8274880952380949, 0.1343928571428589, 0.10058333333333606, 1.2332023809523744, 0.34147619047618577, 0.04648809523809, 0.018595238095233186, 1.0438690476190455, 0.10903571428571325, 0.6592857142857104, 0.8232619047619133, 1.50283333333333, 0.962726190476189, 1.6828690476190409, 0.31780952380951893, 0.1386190476190517, 1.4098571428571387, 1.4681785714285664, 0.27470238095238375, 0.5384166666666623, 0.9796309523809462, 0.736202380952374, 0.14538095238094725, 0.4953095238095187, 4.568511904761894, 1.086976190476189, 0.46403571428571266, 0.3093571428571418, 0.9213095238095212, 0.5434880952380903, 0.016059523809519183, 0.47079761904761386, 0.22483333333333333, 0.7471904761904709, 0.5232023809523811, 1.0819047619047555, 0.8148095238095221, 1.0844404761904751, 0.5823690476190438, 2.2762261904761845, 1.0311904761904698, 0.6094166666666684, 1.5180476190476113, 1.236583333333332, 1.5789047619047585, 0.11241666666666808, 0.20961904761905215, 0.3820476190476182, 0.015214285714286815, 0.9052499999999966, 0.5451785714285691, 1.3954880952380957, 0.16059523809523407, 0.42261904761904506, 0.9027142857142852, 0.786916666666668, 0.6660476190476171, 0.2189166666666617, 0.8917261904761885, 1.698083333333325, 0.5916666666666648, 0.576452380952375, 0.22905952380952332, 1.217142857142855, 0.5612380952380911, 0.6668928571428552, 0.11495238095237645, 0.5037619047619071, 0.29752380952380414, 0.002535714285714, 0.500380952380955, 0.23582142857143015, 0.8410119047619057, 0.34485714285714336, 0.8122738095238025, 0.1318571428571421, 0.5620833333333319, 0.8993333333333418, 0.22314285714285453, 1.4766309523809436, 0.47417857142857145, 0.6575952380952399, 0.5350357142857132, 0.822416666666664, 0.2163809523809533, 0.25019047619047613, 0.8469285714285689, 1.0134404761904745, 0.1952499999999977, 0.7066190476190439, 0.031273809523808815, 0.427690476190473, 0.13439285714285606, 0.9069404761904754, 0.8511547619047617, 1.1021904761904757, 1.7209047619047537, 3.198380952380944, 0.8283333333333329, 1.5163571428571407, 0.2096190476190437, 0.9804761904761897, 0.3144285714285697, 0.400642857142857, 0.3727499999999974, 0.26625000000000093, 0.8503095238095236, 0.7074642857142848, 1.5476309523809497, 0.09551190476190807, 0.04817857142857163, 1.1816428571428534, 1.1723452380952384, 1.3101190476190547, 0.6643571428571412, 0.049869047619047625, 2.086047619047612, 0.42938095238095464, 0.43614285714285583, 1.0962738095238072, 0.7429642857142836, 1.38280952380952, 0.3118928571428558, 1.1469880952380926, 1.118249999999995, 1.1097976190476122, 2.200154761904753, 1.3582976190476124, 0.5358809523809482, 0.27554761904761615, 1.3177261904761883, 1.5248095238095238, 1.2771547619047616, 1.287297619047612, 0.6094166666666655, 0.1774999999999997, 0.3659880952380906, 0.6229404761904792, 1.3701309523809528, 0.8350952380952397, 0.2780833333333358, 0.24934523809523254, 2.542476190476183, 0.25695238095238015, 0.539261904761903, 1.4681785714285691, 0.2544166666666662, 0.9737142857142829, 1.5527023809523806, 1.2044642857142822, 1.480857142857139, 0.3009047619047618, 0.6829523809523743, 0.5350357142857132, 0.4547380952380975, 0.5409523809523792, 0.41416666666666785, 0.7142261904761916, 0.08029761904761845, 0.8308690476190469, 0.9534285714285681, 0.4471309523809527, 0.7556428571428565, 1.0692261904761855, 1.8814999999999962, 1.6811785714285679, 0.8900357142857097, 0.1546785714285709, 0.6660476190476171, 0.6964761904761936, 0.7176071428571408, 0.019440476190474, 0.43360714285714186, 2.0226547619047563, 0.6373095238095224, 0.6212499999999975, 0.9137023809523738, 2.091964285714278, 0.8959523809523785, 0.10734523809524008, 0.8257976190476133, 0.22821428571428534, 0.06254761904761763, 0.4403690476190515, 0.21130952380952533, 1.5298809523809516, 0.3651428571428582, 0.5155952380952391, 0.6821071428571392, 0.7345119047619064, 1.1765714285714255, 0.060011904761909256, 0.9162380952380961, 0.3009047619047618, 0.4175476190476142, 0.6499880952380951, 1.1841785714285675, 0.27385714285714013, 0.307666666666663, 0.976249999999997, 0.43867857142857264, 1.1892499999999955, 1.3794285714285681, 0.28991666666666777, 0.015214285714286815, 0.03803571428571562, 0.04648809523809, 0.8359404761904748, 1.229821428571425, 1.9829285714285647, 0.012678571428572814, 0.08536904761904363, 1.508749999999996, 0.3499285714285686, 0.7429642857142836, 1.1157142857142839, 0.41501190476190863, 1.534107142857139, 0.8503095238095236, 0.5570119047619039, 0.1622857142857129, 0.11664285714285526, 0.5899761904761887, 1.6583571428571389, 0.9415952380952389, 0.442904761904757, 0.3211904761904738, 1.3202619047618995, 0.5908214285714267, 0.26709523809523894, 0.06001190476190081, 0.30090476190475896, 0.0008452380952379999, 0.23244047619047814, 0.7319761904761868, 1.2205238095238098, 0.3228809523809554, 0.4192380952380902, 2.038714285714278, 0.6795714285714279, 0.06930952380951881, 1.824869047619042, 0.20961904761905215, 1.0320357142857135, 0.42346428571428585, 1.4140833333333316, 0.4750238095238123, 0.08705952380951962, 0.6009642857142855, 0.25019047619047335, 0.2468095238095185, 0.1546785714285709, 0.7285952380952376, 2.164654761904757, 0.1360833333333377, 1.0168214285714239, 1.0709166666666643, 0.2290595238095205, 1.2763095238095208, 0.5832142857142847, 1.3726666666666667, 0.8350952380952312, 0.17327380952381252, 0.5502499999999999, 0.747190476190485, 0.3862738095238082, 0.9432857142857122, 0.3888095238095222, 1.244190476190471, 1.0218928571428545, 0.9162380952380933, 0.9432857142857122, 0.43867857142856986, 0.5198214285714263, 0.03888095238095363, 1.0590833333333323, 0.09466666666667008, 0.6288571428571423, 0.3786666666666606, 1.255178571428568, 0.28484523809523415, 1.1706547619047567, 0.017749999999998, 0.2645595238095193, 1.4571904761904753, 0.11917857142856925, 1.1740357142857116, 0.688869047619046, 1.0252738095238065, 0.5046071428571395, 0.6034999999999968, 1.2932142857142808, 1.5552380952380915, 1.3473095238095154, 1.4859285714285673, 1.377738095238092, 0.7750833333333332, 0.1952500000000005, 1.0802142857142851, 0.4124761904761862, 0.2442738095238045, 1.25010714285714, 0.1766547619047645, 2.1105595238095196, 1.999833333333339, 0.9035595238095233, 2.31003571428571, 0.7488809523809468, 0.6491428571428571, 0.2992142857142858, 0.8452380952380929, 0.4454404761904795, 1.4377499999999983, 0.27385714285714013, 0.7311309523809545, 0.3938809523809474, 0.4775595238095263, 0.017750000000000814, 0.5046071428571395, 0.39641666666666703, 0.5198214285714291, 2.384416666666662, 1.4487380952380868, 2.194238095238087, 0.9382142857142813, 1.2010833333333302, 1.4115476190476262, 0.5088333333333324, 0.9373690476190462, 0.16144047619047205, 1.097964285714283, 0.9306071428571422, 0.4741785714285687, 0.5291190476190499, 0.9094761904761866, 0.40909523809523424, 0.9018690476190473, 0.032964285714284815, 0.026202380952378, 0.1529880952380949, 1.3954880952380957, 1.2010833333333302, 0.8562261904761869, 1.1934761904761881, 0.07184523809524125, 0.13608333333332925, 0.8215714285714261, 1.3168809523809446, 0.28315476190476374, 0.005916666666666, 0.8207261904761881, 0.4023333333333302, 0.05071428571428563, 0.45727380952380864, 1.5518571428571368, 0.42177380952380983, 0.28315476190476374, 0.4614999999999987, 1.3067380952380916, 0.3710595238095242, 0.23413095238095416, 0.6499880952380895, 0.5232023809523811, 0.7345119047619009, 1.506214285714282, 0.11326190476190888, 0.7936785714285692, 0.9289166666666661, 0.26624999999999815, 0.8993333333333277, 0.28907142857142976, 0.11410714285714407, 0.408249999999999, 1.8231785714285687, 0.35161904761904456, 0.747190476190485, 0.5874404761904776, 0.4276904761904787, 1.0641547619047573, 1.131773809523803, 1.324488095238095, 0.8131190476190461, 1.4571904761904726, 0.643226190476194, 1.942357142857138, 0.4175476190476142, 0.14538095238094725, 1.780071428571425, 366.668511904761, 362.68659523809436, 359.93027380952293, 14.32002380952377, 0.49446428571428347, 0.3989523809523839, 0.30005952380951817, 1.377738095238092, 0.5155952380952363, 0.6829523809523743, 0.12932142857142806, 2.3235595238095184, 0.3541547619047642, 1.2737738095238094, 0.10734523809524008, 0.2628690476190518, 0.41332142857142706, 0.1977857142857117, 0.1504523809523809, 1.4377499999999983, 0.1546785714285709, 1.337166666666665, 0.4538928571428539, 0.9246904761904705, 1.7445714285714233, 0.5139047619047603, 0.5434880952380903, 0.22145238095238415, 0.08029761904761845, 0.3093571428571418, 0.960190476190472, 0.8460833333333309, 0.6026547619047643, 0.8283333333333329, 1.5146666666666648, 1.7707738095238015, 0.5713809523809471, 0.14538095238094725, 0.26540476190475737, 0.9365238095238109, 0.8883452380952394, 0.4767142857142855, 0.05155952380952363, 0.10734523809524008, 0.9153928571428552, 0.4124761904761862, 0.6677380952380931, 0.1622857142857129, 1.423380952380944, 0.9018690476190417, 0.8494642857142857, 0.17411904761904487, 0.69985714285714, 1.3312499999999963, 0.5037619047619014, 0.3051309523809517, 0.22398809523809815, 1.5104404761904722, 0.37782142857142537, 0.014369047619046, 0.1994761904761877, 0.2146904761904717, 1.5577738095238056, 1.7589404761904723, 0.3025952380952406, 0.19609523809523288, 0.9077857142857104, 0.32541666666666097, 0.8858095238095168, 0.8274880952380949, 1.8738928571428544, 0.721833333333328, 1.5619999999999958, 1.5163571428571407, 0.6761904761904788, 0.19863095238094688, 0.37951190476190705, 0.7657857142857124, 0.2070833333333325, 2.089428571428564, 1.0531666666666661, 0.7142261904761916, 1.2146071428571383, 0.28822619047618614, 0.1774999999999997, 0.005916666666668815, 0.59673809523809, 0.2087738095238085, 0.2163809523809477, 0.686333333333332, 0.6829523809523828, 1.9651785714285668, 0.6094166666666655, 0.05240476190476163, 0.03380952380952563, 0.028738095238094816, 1.7090714285714246, 0.8731309523809497, 0.7886071428571413, 0.03634523809523963, 1.914464285714281, 0.5139047619047631, 0.8976428571428545, 1.4123928571428557, 0.43698809523809107, 0.21469047619048015, 1.0802142857142822, 0.42515476190475904, 0.2163809523809477, 0.418392857142855, 0.5629285714285699, 1.548476190476185, 0.44797619047619347, 0.2442738095238045, 0.13777380952381088, 0.28991666666666777, 0.5485595238095182, 0.6136428571428555, 2.2474880952380896, 0.5122142857142843, 0.22229761904762213, 0.36091666666666544, 0.7142261904761916, 1.8722023809523756, 0.8765119047618989, 1.7251309523809493, 0.5840595238095228, 0.43783333333333185, 0.4902380952380935, 1.9077023809523799, 1.1461428571428547, 0.4792499999999995, 0.8519999999999969, 0.3626071428571414, 0.7387380952380908, 0.8849642857142818, 1.1343095238095227, 2.5534642857142766, 1.271238095238087, 0.13439285714285606, 0.7962142857142832, 1.2061547619047694, 1.1520595238095206, 0.6111071428571416, 0.6964761904761936, 0.6432261904761856, 1.8147261904761858, 1.471559523809524, 0.2907619047619001, 0.11917857142857208, 0.3473928571428546, 0.9779404761904842, 0.19863095238094688, 0.3364047619047662, 0.4471309523809527, 0.2823095238095202, 1.0582380952380943, 1.6490595238095154, 0.3431666666666618, 0.5612380952380911, 0.8232619047619133, 0.8477738095238098, 1.6186309523809501, 0.7674761904761884, 0.7083095238095172, 1.1224761904761906, 2.333702380952374, 0.3727499999999974, 0.021976190476193633, 0.7700119047619053, 0.5840595238095228, 0.8908809523809506, 0.6711190476190507, 3.7224285714285603, 0.561238095238094, 0.25948809523809413, 1.2399642857142839, 1.242499999999998, 0.9373690476190462, 0.23244047619047814, 1.1807976190476128, 2.572059523809518, 0.19271428571428653, 1.3202619047619024, 1.2788452380952346, 0.9086309523809513, 0.8849642857142845, 0.3161190476190514, 3.3429166666666585, 0.4716428571428575, 1.0159761904761886, 0.7886071428571413, 1.0819047619047555, 0.26540476190475737, 1.0557023809523747, 0.721833333333328, 1.3151904761904745, 0.4826309523809515, 0.40571428571428503, 1.1503690476190476, 1.6575119047619038, 0.9322976190476182, 0.5840595238095255, 0.1318571428571421, 0.3364047619047662, 1.4588809523809485, 0.7294404761904784, 1.3101190476190547, 0.02113095238095563, 0.1994761904761905, 0.04733333333333363, 0.3854285714285702, 0.5392619047619059, 0.22821428571428534, 0.09044047619048007, 0.4843214285714275, 0.6897142857142841, 2.1198571428571378, 0.22990476190476414, 2.101261904761896, 1.537488095238091, 0.2011666666666637, 2.282142857142851, 0.9069404761904754, 1.68033333333333, 1.3532261904761873, 0.9297619047619041, 0.07522619047619045, 0.6229404761904792, 1.3557619047619012, 0.2873809523809538, 0.4555833333333327, 0.3744404761904734, 0.9306071428571422, 1.6237023809523725, 0.21300000000000133, 0.9077857142857133, 0.4995357142857143, 0.404869047619047, 0.6415357142857123, 0.48516666666666547, 0.21046428571428732, 0.19186904761905132, 0.5282738095238034, 1.0945833333333284, 1.075142857142854, 0.1411547619047601, 1.7023095238095234, 0.6406904761904744, 0.6457619047618995, 0.5189761904761939, 2.5179642857142803, 0.4268452380952322, 0.3364047619047662, 1.5831309523809485, 0.27892857142857097, 2.3556785714285646, 0.1825714285714277, 0.5333452380952372, 0.20539285714285652, 0.41923809523809585, 1.3126547619047602, 1.2120714285714271, 1.1283928571428539, 0.42684523809524066, 0.6389999999999983, 0.1825714285714277, 1.081059523809523, 0.08875000000000126, 1.2763095238095208, 0.9170833333333314, 0.726059523809518, 0.5147499999999983, 0.6812619047619012, 1.0709166666666643, 0.007607142857142, 1.1774166666666634, 1.239964285714281, 0.5654642857142839, 0.5637738095238051, 0.5815238095238031, 0.9923095238095246, 0.26286904761904334, 1.3447738095238015, 1.2433452380952301, 0.7404285714285695, 0.5688452380952388, 0.35330952380951774, 0.4437499999999978, 0.968642857142855, 0.7886071428571413, 1.6422976190476253, 0.6736547619047564, 0.22652380952380932, 1.075142857142854, 1.2526428571428538, 0.06677380952380481, 0.20201190476190733, 1.1258571428571398, 0.400642857142857, 1.3118095238095169, 0.7345119047619009, 0.07691666666666644, 1.4030952380952346, 0.25948809523809413, 0.44290476190476546, 1.4512738095238091, 0.5232023809523811, 0.7116904761904776, 1.26278571428571, 1.2560238095238059, 0.1462261904761937, 0.06170238095237681, 0.021976190476190816, 0.7843809523809541, 0.8435476190476169, 1.7335833333333295, 1.8789642857142823, 0.39979761904761624, 0.7176071428571408, 0.7531071428571396, 2.030261904761898, 1.106416666666666, 1.6118690476190434, 0.005071428571430815, 1.5687619047618968, 1.8181071428571378, 0.6981666666666668, 1.4740952380952295, 1.5890476190476117, 0.6770357142857112, 0.3828928571428562, 0.22314285714285734, 2.236499999999993, 0.5899761904761915, 0.5671547619047571, 0.027892857142856817, 0.22398809523809815, 0.6111071428571416, 0.35415476190476136, 1.099654761904759, 0.3549999999999994, 2.5551547619047557, 1.103035714285711, 1.0134404761904718, 0.7666309523809505, 0.5417976190476143, 1.5493214285714256, 0.5789880952380976, 0.6846428571428531, 1.25010714285714, 0.03380952380952, 0.3845833333333322, 0.9703333333333309, 1.062464285714284, 0.09128571428571244, 1.8155714285714237, 1.0066785714285706, 0.7091547619047636, 1.389571428571424, 0.4750238095238038, 0.3448571428571406, 1.0227380952380924, 0.7277499999999968, 0.31442857142857256, 1.3202619047618995, 0.34823809523808974, 0.747190476190485, 0.10819047619048087, 1.9296785714285623, 0.8663690476190458, 1.2619404761904691, 0.39641666666666703, 0.408249999999999, 2.1054880952380914, 0.40402380952381184, 0.9179285714285693, 1.35322619047619, 2.4418928571428493, 1.4411309523809448, 1.3549166666666632, 1.0565476190476182, 0.14791666666666972, 1.1714999999999947, 0.5257380952380895, 0.31104761904761496, 1.5662261904761827, 0.20285714285714251, 0.6161785714285695, 0.5012261904761931, 1.3397023809523736, 1.2746190476190475, 1.3067380952380916, 0.3854285714285702, 0.39641666666666703, 1.791904761904757, 0.6466071428571404, 0.7683214285714265, 1.9972976190476106, 0.18426190476190932, 0.18510714285714172, 0.1715833333333309, 1.4563452380952344, 3.39954761904761, 2.629535714285708, 0.3659880952380962, 2.4182261904761857, 0.3828928571428562, 0.7252142857142828, 0.10480952380952326, 1.3016666666666636, 1.8290952380952317, 0.09635714285714045, 0.8917261904761885, 0.3287976190476214, 0.29921428571428293, 0.8004404761904761, 0.8173452380952361, 0.6601309523809455, 0.3228809523809554, 0.18679761904761488, 0.49869047619047346, 1.0641547619047573, 0.5113690476190462, 1.1038809523809519, 0.5815238095238031, 1.5560833333333324, 0.5942023809523759, 0.5933571428571436, 1.5104404761904748, 0.6153333333333344, 0.011833333333332, 0.8477738095238098, 0.3279523809523834, 0.3837380952380942, 0.1766547619047645, 1.7961309523809443, 0.8967976190476166, 0.7083095238095172, 0.17411904761904487, 0.981321428571425, 0.14199999999999807, 0.08198809523809444, 1.6854047619047576, 0.22483333333333053, 1.1469880952380926, 0.262023809523811, 1.7234404761904676, 0.016059523809527628, 0.4953095238095187, 0.67027380952381, 0.1512976190476189, 0.8088928571428561, 1.0210476190476165, 0.11072619047619489, 0.4750238095238038, 1.0066785714285678, 0.2721666666666698, 0.24004761904762298, 0.6854880952380883, 1.6220119047619022, 0.28569047619047216, 0.3186547619047598, 2.460488095238085, 1.1723452380952384, 0.40571428571428503, 1.1376904761904718, 1.5636904761904689, 1.0472499999999973, 1.944892857142849, 0.3051309523809517, 0.559547619047618, 0.3803571428571422, 1.2839166666666655, 0.8984880952380925, 1.8688214285714233, 0.7911428571428553, 0.7691666666666644, 1.414083333333326, 0.08959523809523925, 0.23920238095238214, 0.29752380952380414, 0.01690476190476563, 0.2366666666666625, 0.6330833333333296, 0.4707976190476223, 0.8866547619047606, 0.2637142857142842, 0.11241666666666808, 0.49446428571428347, 0.0033809523809519995, 1.0269642857142853, 0.23920238095238214, 1.3988690476190448, 0.06254761904761763, 0.442059523809519, 0.8376309523809536, 0.6990119047619077, 1.5814404761904752, 0.37782142857142825, 0.1436904761904797, 1.0734523809523782, 0.1529880952380921, 0.22821428571428534, 1.1140238095238022, 1.2441904761904738, 0.9449761904761882, 0.8300238095238033, 0.4437499999999978, 242.24270238095176, 1.4588809523809485, 0.008452380952377185, 1.1799523809523773, 0.7581785714285676, 0.43867857142857264, 0.5223571428571403, 0.4902380952380935, 1.0945833333333284, 1.7919047619047543, 0.007607142857142, 0.5916666666666648, 1.3329404761904724, 0.4606547619047606, 0.19355952380952732, 0.969488095238093, 1.1309285714285677, 1.2957499999999975, 1.5163571428571407, 0.8705952380952356, 1.0793690476190554, 0.7125357142857128, 0.8705952380952356, 0.9458214285714261, 0.3566904761904754, 0.24765476190475935, 0.07438095238094963, 0.40994047619047785, 0.24004761904762298, 0.6288571428571423, 0.2256785714285713, 0.7192976190476168, 1.0827499999999963, 1.338011904761903, 0.026202380952380814, 0.9568095238095173, 0.559547619047618, 0.06846428571428363, 1.6515952380952377, 0.7683214285714265, 1.6008809523809437, 0.21891666666667015, 0.10903571428571607, 0.027047619047618814, 1.0548571428571394, 0.251880952380955, 0.5502499999999971, 0.6440714285714291, 1.0861309523809453, 0.6466071428571432, 0.6051904761904727, 1.236583333333332, 0.21130952380952533, 0.005071428571430815, 0.013523809523805184, 0.4674166666666675, 0.43191666666666306, 0.05832142857143044, 0.4953095238095187, 0.23666666666666814, 0.5527857142857139, 0.957654761904761, 1.668499999999995, 1.2053095238095202, 0.7108452380952311, 0.4243095238095182, 1.542559523809516, 0.4251547619047647, 1.5949642857142832, 0.6753452380952324, 0.5299642857142822, 2.2288928571428506, 0.721833333333328, 1.0675357142857094, 1.3861904761904833, 1.068380952380953, 0.8891904761904718, 1.5932738095238073, 0.2569523809523773, 0.8536904761904757, 0.37105952380951857, 0.5037619047619014, 1.3684404761904712, 0.3144285714285697, 0.41501190476190863, 0.9137023809523738, 0.8866547619047577, 1.4039404761904728, 0.4513571428571426, 0.5967380952380955, 1.8020476190476158, 0.06761904761905126, 0.4023333333333359, 0.16482142857142687, 1.102190476190473, 0.3896547619047574, 1.8341666666666598, 1.6372261904761862, 0.25272619047619294, 1.2805357142857108, 1.077678571428571, 0.6153333333333344, 0.07015476190475962, 1.5619999999999958, 0.4065595238095202, 1.0354166666666598, 0.10396428571428526, 0.01183333333333763, 0.24511904761904532, 0.9568095238095173, 1.268702380952373, 1.4039404761904755, 1.9922261904761855, 0.1411547619047657, 0.32203571428571176, 0.5992738095238096, 1.7158333333333313, 1.1588214285714276, 1.338011904761903, 0.1884880952380909, 0.8756666666666665, 0.3710595238095242, 2.413154761904757, 0.11157142857143007, 0.6846428571428531, 0.9475119047619021, 0.7683214285714265, 0.22990476190476133, 0.9737142857142829, 0.14453571428571488, 0.08705952380952527, 0.988083333333329, 1.2577142857142847, 0.6761904761904788, 0.4885476190476203, 0.5232023809523755, 0.4074047619047638, 0.4826309523809515, 0.03550000000000163, 1.4250714285714257, 0.24004761904762298, 0.6804166666666603, 0.46403571428571266, 0.8680595238095217, 0.34654761904761655, 0.68717857142857, 0.01859523809524163, 0.46234523809523664, 0.19609523809523288, 1.1224761904761906, 2.4562619047618983, 0.6449166666666672, 0.7412738095238076, 2.7740714285714225, 1.135154761904755, 1.005833333333327, 0.9348333333333293, 1.1858690476190463, 1.6566666666666572, 0.962726190476189, 0.3600714285714274, 0.08705952380952527, 0.7319761904761924, 1.4926904761904685, 0.7226785714285716, 2.63714285714285, 0.59673809523809, 0.15890476190475808, 0.9128571428571414, 0.06930952380952726, 0.13101190476190688, 0.04564285714285763, 1.3320952380952342, 0.01859523809524163, 0.35077380952380377, 0.6914047619047629, 0.0, 0.4936190476190427, 0.05324999999999963, 0.1783452380952377, 0.15552380952380887, 0.059166666666662815, 1.7640119047619, 0.4302261904761899, 0.2392023809523765, 0.08452380952381125, 1.2484166666666665, 0.0033809523809491845, 1.4385952380952365, 1.38280952380952, 1.1875595238095222, 0.10565476190475845, 0.3490833333333362, 1.6659642857142838, 2.089428571428567, 0.36429761904762303, 0.3913452380952334, 0.6322380952380973, 0.24089285714285813, 0.06423809523809082, 0.6609761904761919, 0.41247619047618905, 1.3278690476190473, 0.04564285714285481, 1.3904166666666646, 0.8900357142857125, 1.4259166666666663, 0.5291190476190443, 0.6626666666666624, 0.3634523809523794, 1.0328809523809515, 0.27639285714285416, 1.2729285714285685, 2.1173214285714237, 0.044797619047622445, 0.8680595238095217, 0.4817857142857135, 1.0066785714285706, 0.3490833333333362, 0.2349761904761865, 1.1520595238095206, 0.9965357142857117, 1.6879404761904717, 1.789369047619043, 0.6060357142857107, 0.540952380952382, 0.4834761904761923, 0.027047619047618814, 0.7142261904761916, 0.30597619047619257, 0.45980952380951984, 1.3287142857142824, 0.07100000000000044, 0.5527857142857139, 1.6000357142857113, 1.2289761904761898, 0.69140476190476, 0.41416666666666785, 0.9399047619047572, 1.4360595238095195, 0.5527857142857139, 0.11579761904761726, 0.2392023809523765, 0.8663690476190458, 0.6736547619047564, 0.8367857142857128, 1.3413928571428524, 1.291523809523802, 0.32541666666666097, 0.09297619047619408, 0.858761904761901, 0.29245238095238174, 1.943202380952373, 0.3947261904761882, 0.3093571428571418, 0.1876428571428557, 0.010142857142856, 1.0455595238095214, 1.6389166666666621, 0.46319047619047465, 0.7319761904761924, 0.6085714285714275, 0.7919880952380932, 0.3051309523809517, 0.6466071428571404, 0.7801547619047584, 0.06508333333333163, 1.3701309523809528, 1.3413928571428553, 0.4116309523809482, 1.4360595238095195, 0.13016666666666327, 1.5442499999999977, 0.9923095238095246, 0.11833333333333125, 0.8384761904761888, 0.6922499999999979, 0.29752380952380414, 0.6085714285714247, 0.5324999999999991, 1.3287142857142824, 1.0430238095238018, 1.4597261904761893, 0.07269047619047644, 0.8519999999999969, 3.043702380952373, 1.1402261904761857, 1.6465238095238068, 0.7446547619047595, 0.5772976190476159, 1.5839761904761893, 2.4866904761904687, 0.15890476190476652, 1.7327380952380858, 1.0666904761904714, 1.4419761904761883, 0.27554761904761893, 0.48854761904761745, 1.1977023809523784, 0.6914047619047629, 0.0016904761904759998, 1.0447142857142835, 0.06677380952381326, 0.5460238095238044, 1.6541309523809433, 0.6136428571428555, 0.4209285714285719, 1.1858690476190463, 1.2543333333333326, 1.7217499999999974, 0.43614285714285583, 0.452202380952375, 0.23328571428571332, 0.1318571428571421, 0.2679404761904741, 0.0008452380952351848, 0.7116904761904776, 0.10227380952380925, 1.112333333333329, 0.22145238095237568, 0.1690476190476169, 0.7624047619047576, 0.49869047619047346, 0.5155952380952363, 1.7487976190476104, 1.4901547619047544, 0.7531071428571424, 0.2070833333333325, 0.021130952380947185, 2.0412499999999953, 0.3524642857142854, 0.8190357142857121, 0.8435476190476197, 1.5882023809523766, 0.1952500000000005, 1.8840357142857103, 1.6845595238095197, 1.2594047619047553, 0.6542142857142852, 1.0438690476190455, 0.1428452380952417, 0.5823690476190467, 0.9196190476190481, 1.003297619047613, 1.0590833333333265, 3.2516309523809435, 1.100499999999997, 0.3211904761904794, 0.6905595238095191, 0.03296428571428763, 1.365059523809522, 0.3457023809523814, 1.1309285714285706, 5.391773809523796, 1.0354166666666598, 1.087821428571427, 0.8967976190476192, 0.1546785714285709, 0.25019047619047613, 0.400642857142857, 0.3913452380952334, 0.39641666666666703, 0.8393214285714269, 2.073369047619042, 1.2357380952380883, 0.49108333333332865, 0.5798333333333355, 0.953428571428571, 2.345535714285706, 0.19609523809524132, 1.393797619047614, 1.0117499999999957, 0.5832142857142819, 1.4986071428571373, 0.11917857142856925, 0.011833333333332, 1.5577738095238056, 1.3566071428571391, 0.15214285714285689, 0.4707976190476223, 1.1960119047619024, 1.3760476190476159, 0.3085119047619066, 1.4064761904761898, 0.7438095238095188, 0.4843214285714275, 0.027892857142856817, 0.13016666666666327, 0.5849047619047607, 0.30597619047619257, 1.508749999999996, 0.16144047619047205, 0.9187738095238074, 0.3397857142857126, 0.013523809523810815, 0.6736547619047648, 1.0531666666666635, 0.24596428571428616, 1.3921071428571408, 1.0514761904761847, 0.6204047619047567, 1.68033333333333, 0.7319761904761868, 0.03380952380952563, 0.2958333333333366, 1.3295595238095204, 1.136845238095231, 1.550166666666658, 0.26625000000000093, 0.13692857142857007, 0.8519999999999996, 0.9838571428571418, 0.3651428571428554, 0.5350357142857132, 0.7979047619047704, 0.010988095238096816, 0.5477142857142832, 1.4707142857142805, 0.8782023809523749, 0.428535714285711, 0.04479761904761682, 0.26625000000000093, 1.089511904761903, 1.933059523809517, 1.1529047619047585, 0.3262619047619046, 0.25357142857142817, 0.43107142857142783, 1.3312499999999963, 1.4183095238095216, 1.4191547619047569, 0.7336666666666685, 1.0134404761904745, 0.28484523809523415, 1.017666666666659, 0.5764523809523807, 0.16313095238094807, 0.40909523809523424, 0.4936190476190511, 1.6786428571428538, 0.06254761904761763, 0.4251547619047647, 0.5756071428571399, 0.1698928571428577, 0.6119523809523796, 0.22990476190476133, 0.5299642857142822, 1.7386547619047572, 0.25610714285714214, 0.21384523809523934, 0.1758095238095209, 0.5181309523809475, 0.261178571428573, 1.7403452380952333, 0.34992857142857137, 0.09551190476190245, 0.9906190476190457, 0.9213095238095212, 0.5908214285714267, 0.06592857142856963, 4.173785714285702, 0.1901785714285725, 0.7547976190476184, 0.012678571428572814, 0.3490833333333362, 0.9390595238095165, 0.7615595238095252, 0.5291190476190443, 0.6398452380952335, 0.6204047619047567, 0.6212499999999975, 0.7395833333333316, 0.5248928571428543, 0.5223571428571431, 1.103035714285711, 0.6559047619047584, 0.12847619047619288, 0.5942023809523759, 0.023666666666666815, 1.9406666666666619, 1.2999761904761902, 0.6694285714285719, 0.9449761904761882, 0.6170238095238048, 1.3211071428571404, 0.9221547619047593, 0.3051309523809517, 0.4724880952380899, 0.4775595238095178, 0.9872380952380881, 1.004142857142854, 0.4040238095238034, 0.8536904761904757, 1.1309285714285706, 0.05409523809523763, 0.5265833333333303, 1.0413333333333286, 0.09635714285714327, 0.1343928571428589, 0.7277499999999996, 0.3617619047619034, 0.801285714285714, 0.8993333333333418, 0.19355952380952732, 1.0379523809523739, 0.5417976190476143, 0.6745, 74.93035714285695, 69.15569047619027, 59.52673809523794, 38.35267857142848, 9.616273809523781, 0.23328571428571332, 0.9821666666666657, 0.8596071428571389, 0.500380952380955, 0.6829523809523828, 0.5341904761904751, 1.2889880952380879, 1.9034761904761872, 1.4554999999999965, 0.04733333333333645, 0.00422619047619563, 0.6559047619047584, 2.242416666666659, 0.017750000000000814, 1.636380952380948, 2.1257738095238037, 0.30513095238094895, 0.5612380952380911, 0.9196190476190481, 1.788523809523805, 1.2061547619047555, 0.3313333333333354, 1.4132380952380879, 0.7438095238095216, 0.2037023809523777, 1.348999999999997, 0.11917857142857208, 1.362523809523808, 0.3549999999999994, 0.6668928571428552, 0.20877380952381133, 0.3490833333333362, 0.9246904761904846, 0.7962142857142832, 0.7573333333333296, 0.6930952380952331, 0.055785714285716444, 1.2441904761904738, 0.8232619047618992, 0.11241666666666243, 0.5367261904761891, 0.6829523809523828, 0.6423809523809503, 1.1436071428571406, 0.05409523809523482, 1.4309880952380918, 1.6186309523809501, 0.4750238095238123, 1.2120714285714271, 0.3237261904761878, 0.29245238095238174, 0.2510357142857113, 0.24765476190476496, 0.6356190476190463, 0.26371428571428696, 0.027892857142856817, 0.26878571428571213, 0.1766547619047645, 4.194916666666653, 0.4352976190476178, 0.8714404761904737, 0.27639285714285694, 1.8662857142857094, 0.8131190476190461, 0.7615595238095252, 1.1537499999999965, 0.34823809523809823, 0.5181309523809531, 0.9627261904761861, 1.486773809523808, 0.9390595238095165, 0.1546785714285709, 0.555321428571428, 1.1892499999999955, 0.5147499999999983, 0.5333452380952372, 1.4817023809523773, 0.15805952380952287, 2.520499999999995, 1.075142857142854, 0.9432857142857122, 1.3422380952380932, 1.3768928571428538, 0.9821666666666602, 0.3287976190476214, 0.5046071428571395, 0.37359523809524103, 0.1884880952380965, 0.9492023809523782, 0.10649999999999926, 1.0852857142857102, 1.663428571428567, 0.041416666666661994, 1.3177261904761854, 1.6989285714285685, 0.5155952380952391, 0.5696904761904711, 1.1807976190476128, 0.9339880952380886, 1.1351547619047606, 1.028654761904756, 1.5552380952380944, 0.27554761904761615, 0.972023809523807, 0.48939285714285546, 1.2112261904761834, 0.6119523809523767, 0.5688452380952388, 0.2544166666666633, 2.7782976190476125, 0.7049285714285708, 1.3929523809523732, 0.3921904761904714, 0.7539523809523748, 0.524892857142857, 0.8967976190476166, 0.4530476190476158, 1.5324166666666628, 0.5832142857142847, 0.4699523809523815, 0.021130952380947185, 1.1436071428571406, 0.15045238095237806, 0.6144880952380936, 1.2408095238095218, 0.6609761904761892, 4.485678571428559, 0.9889285714285698, 0.3617619047619034, 0.27047619047618815, 0.17073809523809005, 0.6018095238095236, 0.20201190476190453, 1.2932142857142834, 0.5409523809523792, 0.24342857142856933, 0.46403571428571266, 0.6829523809523743, 1.6473690476190421, 0.12340476190476207, 0.7353571428571416, 0.4936190476190427, 2.0040595238095205, 1.6059523809523801, 1.7665476190476141, 1.8603690476190435, 1.385345238095234, 0.13523809523809127, 0.4860119047619035, 1.3143452380952307, 0.9931547619047597, 0.2062380952380917, 0.8215714285714261, 1.0717619047619023, 1.1081071428571418, 0.17327380952381252, 0.15805952380952287, 0.9847023809523741, 0.4953095238095243, 2.1629642857142812, 0.671964285714286, 0.20961904761905215, 0.1876428571428585, 1.4986071428571373, 0.7252142857142856, 1.3642142857142812, 0.6204047619047567, 1.1283928571428539, 0.11241666666666243, 0.371904761904765, 0.21300000000000133, 0.8790476190476185, 0.05747619047618681, 0.7691666666666644, 0.1994761904761877, 0.03380952380952563, 0.5874404761904747, 2.0412499999999953, 0.1656666666666677, 1.5467857142857089, 1.078523809523806, 0.04395238095238444, 0.055785714285716444, 0.5815238095238031, 2.2026904761904675, 0.18426190476190088, 0.3989523809523754, 0.939059523809525, 0.9551190476190413, 0.25948809523809135, 0.3820476190476182, 1.548476190476185, 1.6837142857142817, 0.5265833333333358, 0.27808333333333296, 0.8807380952380889, 0.04648809523809, 0.7708571428571404, 1.2365833333333263, 0.11326190476190888, 0.28315476190476374, 0.9238452380952353, 0.9111666666666681, 0.21299999999999852, 1.943202380952376, 0.9297619047618986, 0.5139047619047603, 1.694702380952373, 1.4462023809523727, 0.07438095238094963, 0.3752857142857114, 0.14876190476190207, 2.5323333333333267, 1.1774166666666634, 1.5882023809523766, 1.8705119047619108, 0.3304880952380946, 0.5502499999999971, 0.42853571428571385, 0.5832142857142847, 0.5637738095238078, 0.27723809523809495, 0.9373690476190434, 0.26117857142857015, 1.0269642857142853, 0.12763095238095207, 0.45980952380951984, 1.901785714285711, 0.09635714285714327, 0.43698809523809107, 0.30259523809523214, 1.7132976190476146, 1.5941190476190452, 0.2442738095238045, 1.0117499999999957, 0.29667857142856896, 1.4216904761904736, 0.26625000000000093, 0.9204642857142833, 0.8874999999999956, 0.30597619047619257, 0.01267857142857, 1.231511904761898, 0.1884880952380965, 0.9796309523809518, 0.4834761904761923, 0.8511547619047617, 0.11748809523809044, 0.005071428571430815, 0.28738095238094813, 4.33015476190475, 0.30597619047619257, 2.200999999999994, 0.5722261904761852, 2.4630238095238046, 1.0582380952380885, 0.25779761904762094, 0.7404285714285695, 0.36176190476190057, 2.0023690476190388, 0.6668928571428552, 0.07184523809523281, 0.442904761904757, 0.5079880952380915, 0.055785714285716444, 0.03380952380952563, 0.12255952380952688, 1.908547619047615, 0.4564285714285707, 0.28484523809523415, 0.07438095238095244, 0.709154761904758, 0.8849642857142845, 0.46995238095237585, 0.5908214285714267, 0.07607142857142844, 1.8502261904761874, 0.03803571428571281, 1.0396428571428526, 1.3515357142857112, 0.723523809523804, 1.6532857142857083, 1.0852857142857102, 2.2711547619047567, 0.9221547619047621, 0.021976190476193633, 1.2475714285714259, 0.9399047619047601, 0.8621428571428529, 0.6491428571428571, 0.20877380952381133, 0.15552380952380887, 0.06761904761904564, 0.408249999999999, 0.5705357142857147, 0.6516785714285683, 0.08705952380952527, 0.18426190476190932, 1.508749999999996, 0.07776190476190444, 0.30597619047619257, 0.7649404761904772, 0.046488095238098444, 0.9044047619047614, 1.1774166666666634, 0.1318571428571421, 1.0962738095238072, 0.5874404761904747, 1.3227976190476134, 0.9517380952380922, 0.9923095238095162, 0.677880952380952, 1.5180476190476169, 0.5840595238095255, 0.11410714285714126, 0.713380952380948, 1.0506309523809494, 0.5806785714285679, 1.7961309523809499, 0.18933333333332888, 0.09382142857142643, 0.6947857142857148, 0.11072619047618644, 1.4757857142857085, 0.2865357142857158, 0.5299642857142851, 0.16397619047619452, 0.5857499999999988, 0.5840595238095255, 0.07860714285714243, 0.2096190476190437, 0.009297619047623629, 0.555321428571428, 0.7040833333333356, 0.3321785714285706, 2.088583333333326, 0.6516785714285712, 1.3101190476190407, 1.1858690476190406, 0.8334047619047609, 0.07015476190476526, 0.41501190476190025, 0.4724880952380899, 0.9272261904761901, 0.19609523809524132, 0.9331428571428562, 0.3397857142857154, 0.1462261904761937, 0.25272619047619294, 0.4200833333333282, 0.3710595238095242, 0.020285714285712, 1.6583571428571389, 0.3287976190476186, 0.3211904761904738, 0.6829523809523743, 1.4901547619047544, 2.1190119047618996, 0.16059523809523407, 1.6854047619047605, 0.5274285714285684, 0.48347619047618945, 0.7345119047619009, 0.307666666666663, 1.9634880952380935, 2.2863690476190404, 1.526499999999994, 0.390500000000001, 0.20201190476190733, 1.5687619047619024, 0.09889285714285725, 0.1977857142857117, 0.01690476190476, 0.1690476190476225, 0.3642976190476146, 0.9483571428571401, 1.9753214285714227, 0.1715833333333309, 0.6339285714285675, 0.6770357142857112, 0.9923095238095162, 0.6542142857142823, 1.219678571428569, 1.0717619047619051, 1.3261785714285683, 0.26624999999999815, 1.521428571428569, 1.028654761904756, 0.4327619047619066, 1.2763095238095208, 0.8629880952380965, 0.5756071428571399, 2.0074404761904723, 1.3430833333333312, 2.2500238095238037, 1.0379523809523739, 0.25272619047619294, 1.8603690476190435, 0.983857142857139, 2.217904761904757, 0.28315476190476374, 0.5578571428571419, 0.9923095238095246, 1.919535714285709, 1.7919047619047543, 1.7234404761904676, 1.374357142857137, 0.6043452380952319, 0.8224166666666669, 1.1148690476190457, 1.4724047619047593, 1.2340476190476177, 1.942357142857138, 2.0953452380952298, 2.031952380952374, 1.365059523809522, 0.07184523809524125, 0.9027142857142825, 0.7945238095238073, 0.7074642857142848, 1.8104999999999958, 1.4377499999999983, 0.20792857142857052, 0.28484523809523693, 1.0928928571428551, 0.4674166666666675, 0.43191666666666306, 0.007607142857142, 1.2619404761904691, 1.3101190476190407, 0.8004404761904761, 0.6897142857142841, 2.0344880952380886, 0.10565476190476127, 1.9592619047619007, 0.3473928571428574, 0.18595238095237687, 1.0759880952380922, 0.6406904761904744, 76.96061904761882, 74.88809523809505, 64.52547619047603, 41.55274999999989, 19.210571428571377, 0.06254761904762325, 0.11410714285714407, 1.488464285714284, 0.32203571428571454, 1.2729285714285685, 0.8376309523809453, 0.3059761904761898, 0.1910238095238105, 0.2045476190476185, 0.08452380952381125, 1.2044642857142822, 0.4200833333333282, 0.08536904761905208, 1.1926309523809446, 0.5308095238095175, 1.8138809523809478, 0.11410714285714126, 0.5849047619047635, 1.8730476190476135, 1.572988095238087, 0.6643571428571412, 2.4909166666666587, 1.6279285714285683, 1.5670714285714265, 1.0235833333333306, 1.799511904761902, 0.660130952380954, 1.1655833333333285, 0.05747619047619526, 0.6423809523809503, 0.3575357142857134, 1.3312499999999963, 1.8891071428571382, 0.5198214285714263, 0.8976428571428545, 0.4902380952380935, 0.5282738095238034, 0.2442738095238045, 0.09466666666666163, 0.6229404761904708, 0.2780833333333358, 1.6718809523809441, 0.3457023809523814, 1.4842380952380914, 0.036345238095233996, 0.0008452380952379999, 1.201083333333333, 1.5307261904761897, 0.5933571428571407, 1.0540119047618985, 1.0413333333333314, 0.9280714285714253, 1.0464047619047594, 1.0328809523809515, 1.3971785714285687, 1.2247499999999971, 0.7243690476190505, 1.1427619047619026, 1.7234404761904734, 0.9610357142857102, 1.4014047619047587, 1.1478333333333308, 0.031273809523808815, 0.3854285714285702, 0.3710595238095242, 1.3270238095238065, 0.06677380952381326, 0.3271071428571426, 0.11495238095238207, 1.8595238095238082, 0.704928571428568, 0.31780952380951893, 0.19694047619047933, 1.2923690476190455, 1.4360595238095224, 0.3093571428571418, 1.1867142857142843, 0.30090476190475896, 0.03042857142857363, 0.261178571428573, 3.1873928571428496, 0.15721428571428486, 1.7158333333333287, 0.5046071428571395, 1.4563452380952344, 1.219678571428569, 1.135999999999996, 0.22145238095237568, 0.7776190476190472, 0.5874404761904747, 1.1816428571428534, 0.5333452380952372, 0.5029166666666607, 1.5594642857142818, 0.28991666666666777, 1.2670119047619, 0.4978452380952326, 0.713380952380948, 1.3397023809523791, 0.14030952380951925, 0.5958928571428547, 0.14200000000000088, 0.9035595238095233, 0.8072023809523828, 0.17327380952380408, 1.4639523809523791, 0.08198809523809444, 0.2983690476190506, 0.73366666666666, 0.20877380952381133, 1.6938571428571378, 0.010988095238091185, 1.1529047619047614, 1.3227976190476134, 1.2560238095238059, 1.3768928571428538, 0.2679404761904741, 1.50705952380952, 0.7395833333333344, 0.3947261904761882, 0.3752857142857142, 0.9542738095238089, 0.25610714285714214, 1.0573928571428564, 0.7666309523809505, 0.8114285714285673, 2.3962499999999918, 0.6119523809523796, 0.15383333333333568, 1.7978214285714258, 0.05663095238095163, 1.882345238095237, 1.0717619047619051, 0.3803571428571422, 0.07607142857142844, 0.021130952380947185, 0.8993333333333418, 0.848619047619042, 0.8148095238095221, 0.736202380952374, 1.1638928571428555, 1.4394404761904744, 1.3304047619047612, 31.17998809523802, 0.8773571428571425, 0.34063095238094776, 1.028654761904756, 0.8823337398373992, 0.9322357723577241, 0.6613390243902435, 61.36195203252026, 9.51922398373983, 0.19357601626016485, 0.4288284552845509, 1.063845528455285, 0.34492723577235596, 0.28625121951219806, 0.6487264227642286, 0.06032113821138455, 0.10419105691057032, 1.1323922764227645, 0.4820207317073165, 0.12283577235772454, 1.0007825203252034, 0.8933012195121945, 0.23031707317072803, 0.2621227642276424, 0.16944756097561287, 0.05867601626016522, 0.528632520325203, 0.0367410569105705, 0.007128861788618921, 0.7024670731707341, 1.24371219512195, 0.29776707317073153, 0.19741463414633778, 0.42169959349593195, 0.2231882113821128, 1.124166666666666, 0.6585971544715447, 1.2661955284552846, 0.6185658536585354, 0.6964349593495929, 1.5705430894308954, 0.046611788617886486, 0.18644715447154595, 0.6723065040650427, 0.5231487804878071, 1.2870337398373979, 1.4937707317073157, 0.24347804878048818, 1.5173508130081297, 0.518761788617887, 0.07622398373983624, 0.01480609756097214, 0.5686638211382103, 0.7008219512195147, 0.4019581300813018, 0.12064227642276179, 0.21386585365853295, 0.16615731707317055, 0.7446918699186968, 1.2289060975609816, 0.3268308943089452, 0.698080081300814, 0.9563642276422761, 1.2047776422764223, 0.8066581300813008, 0.6191142276422771, 0.6141788617886191, 0.006580487804880971, 0.6180174796747976, 1.492673983739836, 0.8132386178861762, 0.6525650406504071, 0.3712491869918707, 0.10199756097561304, 1.1762621951219503, 1.4285142276422766, 0.8872691056910571, 0.5467288617886157, 0.4266349593495918, 0.3728943089430919, 0.8384638211382133, 0.16615731707317055, 0.8614955284552839, 0.05319227642276563, 0.32628252032520355, 0.22538170731707555, 0.5149231707317105, 0.33560487804878336, 1.2799048780487807, 0.3882487804878019, 0.4260865853658538, 0.30928292682926867, 1.102231707317073, 0.39976463414634456, 0.7989808943089439, 0.13654512195121896, 0.026870325203252703, 1.3352906504065056, 1.1186829268292682, 0.1897373983739846, 0.25060691056910706, 1.0907158536585362, 0.3197020325203262, 0.25938089430894534, 0.7918520325203249, 0.003290243902442312, 0.4688597560975637, 1.3325487804878047, 0.1151585365853622, 0.8203674796747988, 0.5143747967479652, 0.673951626016262, 0.4025065040650416, 0.3564430894308967, 0.003290243902442312, 0.10144918699186961, 0.3547979674796756, 1.0539747967479691, 0.7770459349593491, 0.4310219512195118, 0.2171560975609789, 0.8455926829268267, 0.7084991869918716, 0.01425772357723419, 0.1508028455284568, 0.6092434959349593, 0.2292203252032503, 0.047708536585362386, 0.3887971544715454, 1.0084597560975603, 0.7814329268292711, 0.9612995934959341, 0.003290243902442312, 0.16944756097561287, 0.8790434959349586, 0.4940849593495934, 0.33395975609756406, 1.021072357723579, 0.27802560975609775, 0.3811199186991849, 0.10364268292683236, 0.10638455284552942, 0.17164105691057013, 0.45569878048780726, 0.19138252032520026, 0.032902439024390245, 0.8867207317073174, 0.4151191056910583, 0.6284365853658533, 0.08499796747967632, 1.0320398373983746, 0.23251056910569262, 1.4043857723577247, 1.1850361788617885, 0.995298780487804, 0.7633365853658566, 0.08993333333333248, 0.14751260162601448, 1.5442211382113824, 0.39811951219512154, 1.0172337398373985, 0.6366621951219535, 1.186681300813008, 0.6125337398373979, 0.3822166666666681, 0.29721869918698995, 0.31586341463414963, 0.059772764227642945, 0.6931447154471524, 0.3761845528455269, 0.19083414634146595, 0.4074418699187014, 0.05867601626016522, 1.3550321138211394, 0.2621227642276424, 1.2546796747967492, 0.8933012195121945, 0.3334113821138225, 0.3986678861788632, 1.1230699186991884, 0.9645898373983747, 0.7594979674796727, 0.2171560975609789, 1.3155491869918698, 0.5121813008130078, 0.6191142276422771, 0.14257723577236014, 1.3939666666666672, 0.4507634146341492, 0.1809634146341427, 0.5949857723577214, 0.2955735772357706, 0.9881699186991886, 0.3153150406504044, 0.20564024390244176, 0.12502926829268549, 1.7635707317073166, 0.6361138211382101, 0.0027418699186988827, 0.5253422764227643, 0.37344268292683164, 0.14751260162601448, 1.2634536585365856, 0.6339203252032529, 0.15683495934959435, 0.15957682926828956, 0.06799837398374142, 0.6860158536585389, 1.2601634146341454, 0.105836178861786, 1.4389333333333325, 1.1652947154471547, 1.358870731707316, 0.9267520325203246, 0.33505650406504184, 0.07074024390243847, 0.8088516260162582, 0.9799443089430901, 0.22812357723577076, 0.7830780487804904, 1.0035243902439024, 0.6245979674796767, 0.4233447154471513, 1.5316085365853656, 0.9942020325203244, 0.4403443089430917, 1.6001552845528468, 0.20673699186991765, 0.7403048780487804, 0.45679552845528676, 1.002427642276423, 1.1762621951219503, 0.5851150406504073, 0.12831951219511867, 0.2423813008130068, 1.4307077235772359, 0.3926357723577256, 0.8669792682926835, 0.5714056910569111, 0.5105361788617885, 0.1869955284552839, 0.07403048780487531, 0.83078658536586, 0.33176626016259947, 0.7463369918699162, 0.027967073170728603, 0.43157032520325156, 0.7293373983739831, 0.4222479674796736, 0.7161764227642285, 0.22757520325203281, 1.21080975609756, 0.7902069105691056, 1.1921650406504056, 0.399216260162603, 0.8779467479674791, 0.757852845528457, 0.07677235772357967, 0.06196626016260023, 0.8834304878048787, 1.0896191056910565, 0.19686626016259987, 0.7507239837398381, 0.6865642276422769, 0.736466260162602, 1.0539747967479691, 0.34273373983739863, 0.18041504065040473, 0.7397565040650388, 1.332000406504065, 0.9415581300813004, 0.987621544715447, 0.4513117886178872, 1.0177821138211383, 0.6333719512195148, 1.1987455284552848, 0.08554634146341793, 0.7797878048780481, 0.9251069105691053, 0.20070487804878012, 0.6799837398373996, 0.2193495934959362, 0.3564430894308967, 0.596082520325201, 1.504189837398373, 1.5370922764227635, 1.7153138211382126, 0.4003130081300825, 0.4376024390243928, 1.2278093495934965, 0.14806097560975245, 0.33670162601626114, 1.1345857723577237, 1.5935747967479676, 2.192399186991869, 0.4836658536585395, 0.5719540650406527, 0.29996056910569247, 1.074264634146339, 0.5944373983739835, 0.33012113821138017, 0.20618861788617973, 0.3855069105691067, 1.1285536585365916, 0.07128861788617642, 0.4403443089430917, 0.7836264227642282, 0.07293373983739575, 0.6701130081300818, 0.13215813008130076, 0.5752443089430876, 0.4255382113821159, 0.41237723577235574, 0.6048565040650392, 0.05538577235772291, 0.3602817073170734, 1.1998422764227625, 0.15025447154471702, 0.4732467479674819, 0.6821772357723569, 0.5176650406504074, 1.3325487804878047, 0.6081467479674816, 0.3005089430894304, 1.0413621951219507, 0.7940455284552822, 0.7035638211382099, 0.1387386178861799, 0.1815117886178861, 0.1952211382113805, 0.30763780487805115, 0.15793170731707024, 1.0441040650406497, 0.466117886178863, 0.11241666666666696, 0.3986678861788632, 0.9163329268292689, 0.9656865853658542, 0.16835081300813148, 0.9815894308943096, 0.1749313008130088, 0.7501756097560964, 0.5884052845528478, 0.5807280487804872, 0.2621227642276424, 0.546180487804874, 0.39373252032520334, 0.8203674796747988, 1.026007723577235, 0.03235406504064864, 0.7518207317073194, 0.44144105691056756, 0.6750483739837398, 0.10035243902439006, 0.14860934959349403, 1.2711308943089443, 0.8083032520325201, 1.011749999999999, 1.6846048780487797, 0.23251056910569082, 1.1735203252032513, 1.093457723577235, 0.24621991869918525, 0.44253780487804895, 0.9048170731707317, 0.11077154471544765, 0.46063414634145977, 0.05812764227642361, 0.8192707317073191, 0.798980894308942, 0.3712491869918689, 0.1420288617886149, 1.0101048780487798, 0.081707723577234, 0.3739910569105696, 0.19357601626016485, 0.5023105691056919, 0.29228333333333556, 0.09267520325203137, 0.18260853658536566, 0.006032113821139369, 0.9152361788617892, 0.238542682926832, 0.4244414634146363, 0.8483345528455292, 0.3948292682926793, 0.6624357723577212, 0.7551109756097526, 0.7222085365853624, 0.9262036585365848, 0.4869560975609782, 0.2665097560975642, 1.0035243902439024, 0.8231093495934959, 0.023580081300814043, 0.34054024390244136, 0.2895414634146312, 0.6542101626016282, 0.039482926829271216, 0.10473943089430827, 0.899881707317072, 0.7090475609756096, 0.9064621951219509, 1.1822943089430897, 1.0336849593495938, 0.20673699186991765, 0.16835081300813148, 0.010419105691055754, 0.12557764227642343, 1.0292979674796756, 0.8856239837398376, 0.26267113821138033, 1.492673983739836, 0.466666260162601, 0.6794353658536544, 0.12283577235772454, 1.1285536585365843, 0.30105731707317385, 198.6303792682925, 195.44542317073152, 192.70464999999984, 190.97507845528438, 19.153606504065024, 0.21167235772357565, 0.05154715447154629, 0.16341544715447165, 0.07074024390244213, 1.7602804878048781, 0.899333333333334, 0.631178455284554, 1.2612601626016267, 0.3147666666666664, 0.721660162601628, 0.9064621951219509, 1.3687414634146338, 1.6434768292682984, 0.23251056910569262, 0.012612601626014859, 1.0062662601626031, 0.5226004065040636, 0.4008613821138223, 0.20454349593495674, 0.10364268292682872, 0.7649817073170723, 0.10912642276422647, 0.9108491869918675, 1.6445735772357724, 0.11954552845528589, 0.21441422764227455, 0.23799430894309043, 0.42937682926828885, 0.25992926829268326, 0.21441422764227636, 0.2785739837398375, 0.0082256097561003, 0.17822154471544563, 0.4206028455284561, 0.43376382113821255, 0.16396382113820962, 0.576341056910569, 0.7309825203252043, 0.13654512195122262, 0.48147235772357855, 0.1985113821138192, 0.5944373983739835, 0.003838617886180262, 0.5077943089430914, 0.5247939024390246, 0.09432032520325069, 1.2097130081300804, 1.2162934959349594, 0.018644715447156054, 1.0391686991869933, 0.5483739837398386, 0.4041516260162591, 0.5752443089430913, 0.06196626016260023, 0.9777508130081293, 0.6207593495934964, 0.6783386178861784, 0.6997252032520334, 0.5346646341463442, 0.14531910569105722, 0.11954552845528406, 0.10309430894308894, 0.001096747967479553, 0.3712491869918689, 1.269485772357725, 0.2264784552845551, 0.9837829268292686, 1.3659995934959348, 1.0792000000000062, 0.8900109756097558, 0.928397154471544, 0.13599674796747918, 0.32134715447154194, 0.0701918699186987, 0.32573414634146375, 0.5127296747967458, 0.0641597560975575, 1.2645504065040651, 0.5494707317073163, 0.43376382113821255, 0.8417540650406501, 0.291734959349594, 0.07183699186991803, 0.22812357723577076, 0.0027418699186988827, 1.1038768292682926, 0.01041910569105758, 0.8960430894308935, 1.347354878048777, 2.497295121951216, 0.7973357723577228, 0.11899715447154612, 0.16396382113820962, 0.14751260162601448, 0.7370146341463436, 0.35260447154471647, 1.0057178861788598, 0.07457886178861509, 0.9218166666666666, 0.1535447154471557, 0.233607317073174, 0.5280841463414595, 0.11296504065040491, 0.038934552845527784, 0.928397154471544, 0.14312560975609812, 0.40908699186991715, 0.3246373983739842, 0.23196219512195101, 0.08883658536585658, 0.7567560975609756, 0.7139829268292712, 0.3438304878048746, 0.14531910569105722, 1.3999987804878047, 0.6339203252032529, 1.0561682926829266, 0.1403837398373992, 0.07841747967479534, 1.0857804878048745, 1.2590666666666657, 1.3462581300812975, 1.4756743902438993, 1.2387768292682904, 2.2620426829268268, 0.8631406504065031, 1.2502926829268257, 0.36357195121950836, 0.213317479674795, 0.6366621951219535, 0.3849585365853651, 0.5247939024390209, 0.5072459349593481, 1.1044252032520323, 0.4984719512195153, 0.9700735772357743, 1.2601634146341454, 0.2155109756097559, 0.08499796747967632, 0.08061097560975627, 0.4211512195121977, 1.1795524390243963, 0.2730902439024361, 0.03070894308942931, 0.20728536585366109, 0.27528373983739707, 1.8123760162601585, 1.5897361788617876, 1.7361520325203224, 1.6527991869918688, 0.02248333333333266, 0.33560487804877975, 0.8121418699186966, 0.40799024390243577, 1.77618333333333, 0.691499593495933, 1.270582520325201, 1.8792776422764188, 0.500117073170731, 0.25170365853658483, 0.1787699186991854, 0.31586341463414963, 0.6920479674796765, 0.213317479674795, 0.5873085365853682, 0.48037560975609356, 0.5105361788617885, 0.6448878048780484, 0.046611788617884654, 0.8083032520325201, 0.24347804878048818, 0.14531910569105538, 0.2571873983739844, 0.41621585365853603, 0.5291808943089409, 0.15573821138211297, 0.4979235772357737, 0.027418699186994307, 0.39811951219512154, 0.15793170731707024, 1.7416357723577218, 235.29905081300788, 233.97911463414616, 237.7393150406502, 237.33351829268275, 0.894397967479674, 0.4244414634146308, 0.985428048780488, 0.12393252032520045, 0.10473943089430827, 1.236583333333335, 0.4140223577235751, 0.784723170731706, 1.9527597560975596, 0.34108861788617567, 0.3701524390243893, 0.2944768292682892, 0.41950609756097834, 1.3791605691056876, 0.23086544715446966, 0.8423024390243898, 0.4386991869918687, 1.0583617886178855, 0.10419105691057032, 0.8954947154471538, 0.3602817073170697, 0.7775943089430871, 1.0391686991869933, 0.8532699186991891, 232.40034593495915, 232.34879878048758, 232.57692235772336, 232.33454105691035, 9.368421138211373, 0.5291808943089409, 0.2264784552845551, 0.08993333333333248, 0.4310219512195118, 0.8702695121951222, 0.18480203252032662, 0.8883658536585366, 0.1699959349593508, 0.8472378048780552, 0.29283170731706987, 1.7844089430894317, 0.36302357723577044, 0.5653735772357735, 1.399450406504065, 0.08280447154471539, 1.4822548780487803, 0.2149626016260143, 0.21715609756097526, 0.2944768292682929, 0.18589878048780797, 0.27199349593495653, 1.2097130081300804, 1.5837040650406518, 0.5072459349593499, 0.3723459349593466, 0.19083414634146595, 0.5779861788617884, 0.257735772357726, 0.962396341463421, 0.45021504065040585, 0.359184959349592, 0.23196219512195101, 0.8263995934959344, 0.28405772357723713, 0.5719540650406489, 0.073482113821141, 0.15025447154471702, 0.44144105691056756, 0.081707723577234, 0.11954552845528589, 0.40963536585365873, 0.3537012195121942, 0.2204463414634139, 0.14422235772357583, 0.010419105691055754, 0.11241666666666696, 0.5659219512195152, 0.7913036585365851, 0.24292967479674654, 0.6788869918699164, 0.20180162601626148, 1.119231300813008, 0.17328617886178582, 1.3983536585365834, 0.751272357723576, 1.5573821138211368, 0.36686219512195434, 0.3279276422764229, 0.7370146341463436, 0.38660365853658446, 0.08444959349593655, 0.42992520325203226, 0.6043081300813012, 0.13983536585366127, 1.3862894308943103, 0.8883658536585366, 0.6207593495934928, 1.3248715447154462, 0.8093999999999979, 0.13544837398374124, 0.7573044715447136, 0.0778691056910574, 0.6361138211382101, 0.43376382113821255, 0.3027024390243932, 0.4403443089430917, 1.2502926829268293, 0.1135134146341465, 0.3323146341463447, 0.8439475609756093, 0.38111991869918665, 0.36247520325203064, 0.007677235772360524, 0.08335284552845516, 1.3177426829268253, 0.27967073170731704, 0.4140223577235751, 0.083352845528457, 0.761143089430892, 0.004386991869918212, 1.8408914634146305, 1.2124548780487774, 2.1737544715447115, 1.722442682926828, 1.9966296747967456, 3.010573170731705, 3.0007024390243857, 1.9856621951219497, 0.5659219512195114, 1.548059756097557, 0.19905975609756077, 0.5856634146341488, 0.6629841463414629, 0.19193089430894186, 0.2950252032520308, 0.731530894308944, 0.20454349593496038, 0.40469999999999706, 0.1283195121951223, 0.6355654471544722, 0.620210975609753, 0.3855069105691067, 0.5001170731707346, 0.33176626016259947, 0.9338808943089436, 1.554640243902438, 0.08444959349593655, 0.6130821138211359, 0.2544455284552855, 0.7008219512195147, 0.3367016260162593, 0.2851544715447167, 0.40579674796748205, 0.4513117886178872, 0.9552674796747985, 0.5121813008130078, 0.3504109756097592, 0.01096747967479553, 1.1905199186991864, 0.17657642276422814, 1.154327235772359, 0.8231093495934959, 0.8488829268292654, 0.05428902439024701, 0.18754390243902366, 0.43924756097560663, 0.23141382113820944, 0.4063451219512219, 1.2486475609756063, 0.8148837398373956, 0.16670569105691213, 0.20564024390244176, 0.3882487804878074, 0.12777113821138072, 0.17383455284553107, 0.8466894308943061, 0.22867195121950873, 0.9152361788617857, 1.4010955284552824, 0.8159804878048751, 1.057265040650406, 1.0517813008130081, 0.10199756097560939, 2.3750077235772316, 0.28460609756097505, 0.19138252032520392, 1.4180951219512192, 0.9432032520325198, 1.497060975609756, 0.8483345528455256, 0.4644727642276419, 1.3665479674796748, 0.5039556910569076, 1.0221691056910567, 1.339129268292682, 1.0232658536585362, 1.5025447154471538, 0.6542101626016246, 0.32025040650406417, 0.17438292682927084, 1.3215813008130075, 0.5105361788617867, 0.09157845528455547, 0.9552674796747966, 0.8916560975609753, 1.4361914634146318, 1.2343898373983722, 0.18315691056910727, 2.11946544715447, 0.48695609756097447, 0.03619268292683255, 0.11406178861788631, 0.9119459349593488, 1.0106532520325178, 1.0292979674796736, 0.6942414634146301, 1.6297674796747947, 2.17759308943089, 1.8836646341463406, 1.602897154471542, 5.11084552845528, 4.009162195121948, 4.249349999999995, 5.366936178861785, 5.187069512195116, 3.318210975609753, 3.3121788617886154, 393.6650703252029, 394.67188495934926, 395.67047398373956, 396.8034146341459, 204.29837276422748, 3.394434959349589, 2.4079101626016217, 2.3865235772357702, 2.8581252032520292, 0.5176650406504074, 0.14422235772357583, 0.16122195121951255, 0.2495101626016257, 0.17493130081300515, 0.29338008130081333, 0.3273792682926831, 0.5938890243902437, 0.3005089430894322, 0.5829215447154482, 0.9300422764227633, 0.21715609756097526, 0.6679195121951246, 0.7211117886178865, 0.6520166666666674, 0.33450813008130204, 1.0622004065040658, 0.5034073170731732, 1.0813934959349598, 0.20180162601625967, 0.32902439024390245, 0.2862512195121944, 0.8225609756097578, 0.23196219512195101, 0.5933406504065022, 0.4902463414634168, 0.18480203252032662, 0.4787304878048778, 0.15189959349593637, 1.1378760162601642, 0.48147235772357677, 1.272227642276422, 0.523697154471545, 1.0342333333333316, 1.1148443089430897, 0.3032508130081311, 0.1387386178861799, 0.2204463414634139, 0.08828821138211497, 0.20070487804878376, 0.06470813008129911, 0.6278882113821117, 0.6904028455284571, 1.1395211382113835, 0.7353695121951243, 0.1283195121951223, 0.4096353658536551, 0.8274963414634141, 0.10583617886178964, 0.8346252032520313, 1.1444565040650396, 0.6860158536585389, 1.0062662601625996, 0.6525650406504052, 0.5544060975609779, 0.8072065040650424, 1.0101048780487798, 0.4074418699187014, 0.4907947154471529, 0.8181739837398343, 0.12831951219511867, 0.5895020325203219, 0.01370934959349624, 0.029063821138209982, 0.552212601626017, 0.939913008130081, 0.5275357723577216, 1.0342333333333336, 0.36960406504065135, 0.7973357723577245, 204.90871300812987, 205.40937845528435, 207.10495081300792, 204.59504308943076, 203.52516544715428, 203.50213373983718, 22.1170195121951, 0.5039556910569076, 0.4798272357723556, 0.39373252032520334, 0.8735597560975609, 0.04332154471544782, 0.07622398373983624, 0.9464934959349602, 0.3482174796747946, 0.375087804878051, 0.20893048780488044, 0.081707723577234, 0.5681154471544724, 0.017547967479674676, 0.10528780487805169, 0.4397959349593501, 0.031257317073170914, 0.5659219512195114, 0.033450813008131845, 0.026321951219509275, 0.6914995934959348, 0.09048170731707592, 0.6832739837398382, 1.1280052845528443, 0.26870325203252154, 0.28131585365853273, 0.2248333333333321, 1.384644308943091, 0.8033678861788621, 0.25115528455284686, 0.17164105691056647, 0.2862512195121944, 0.5604382113821118, 0.5204069105691027, 0.7435951219512191, 0.3877004065040658, 1.1175861788617887, 0.6629841463414629, 1.328161788617885, 0.44692479674796537, 1.4427719512195092, 0.2528004065040644, 1.0457491869918707, 0.5406967479674818, 0.6454361788617864, 1.0177821138211347, 0.21386585365853295, 0.7978841463414625, 0.19576951219511848, 0.04332154471544782, 0.2878963414634137, 1.0122983739837406, 0.2264784552845551, 0.8362703252032524, 1.4915772357723565, 0.28460609756097505, 0.7244020325203251, 0.10748130081300533, 0.7249504065040667, 0.8335284552845534, 0.14257723577236014, 0.16670569105691213, 0.29338008130081333, 0.015354471544713743, 0.11680365853658518, 0.1381902439024383, 1.245905691056911, 0.6947898373983735, 0.46282764227642065, 0.12722276422764275, 0.6174691056910577, 2.3563630081300793, 0.23141382113820944, 0.012612601626014859, 0.8373670731707319, 0.09432032520325069, 0.17109268292682855, 0.4386991869918724, 1.0024276422764211, 0.4551504065040675, 0.2807674796747948, 0.7737556910569104, 0.36412032520325, 0.23634918699186927, 1.133489024390244, 0.07403048780488079, 0.22538170731707008, 0.8702695121951222, 1.9900491869918682, 1.6171548780487799, 0.33505650406504, 0.3032508130081311, 0.3323146341463411, 0.37179756097561234, 0.4216995934959356, 0.005483739837399592, 0.31147642276422777, 0.8713662601626035, 1.2426154471544688, 1.7558934959349581, 1.0879739837398372, 1.611122764227639, 2.0026617886178832, 1.346806504065041, 0.4633760162601605, 0.23580081300813127, 0.016451219512195123, 0.8576569105691054, 0.5593414634146305, 0.43540894308943, 0.1869955284552839, 1.7558934959349581, 1.2332930894308942, 0.04386991869918577, 0.7518207317073194, 0.06141788617886045, 0.06470813008129911, 0.6328235772357733, 0.08225609756097561, 0.5988243902439053, 0.21441422764227636, 1.2168418699186991, 0.41566747967479806, 0.052643902439027675, 0.44911829268292996, 1.6357995934959322, 0.5659219512195114, 0.9547191056910569, 1.2634536585365839, 0.5982760162601637, 0.7523691056910574, 0.3131215447154471, 0.7024670731707304, 0.23360731707317037, 0.7337243902439012, 0.7616914634146337, 0.18644715447154595, 0.6213077235772381, 0.3306695121951181, 0.44856991869918833, 0.9355260162601629, 0.8110451219512171, 0.6936930894308921, 1.799763414634144, 0.2906382113821126, 0.11899715447154612, 0.49573008130081275, 0.3087345528455307, 1.4679971544715424, 0.6695646341463402, 0.2171560975609789, 0.6174691056910577, 0.23525243902439336, 0.7139829268292712, 0.8039162601626, 0.22428495934959417, 0.48476260162601537, 1.129102032520326, 0.9245585365853656, 0.5796313008130077, 0.0361926829268289, 0.5039556910569112, 0.9963955284552852, 1.106618699186993, 0.6564036585365873, 0.5379548780487828, 1.3369357723577249, 1.1861329268292682, 0.49463333333333137, 1.067135772357722, 1.3468065040650372, 1.4416752032520297, 0.4721500000000024, 1.2480991869918703, 1.688991869918698, 0.7770459349593491, 1.7569902439024376, 4.260317479674791, 3.912099999999997, 3.085700406504062, 4.59701910569105, 3.665331707317068, 4.695178048780481, 4.510924390243899, 1.5826073170731665, 0.5949857723577214, 0.47379512195121626, 0.4858593495934931, 0.6207593495934928, 0.2988638211382111, 0.10035243902439006, 1.7767317073170694, 0.8329800813008118, 0.4513117886178872, 2.368427235772354, 3.806263821138209, 2.466037804878045, 2.061886178861786, 1.6237353658536573, 1.3912247967479663, 1.7405390243902406, 1.4669004065040627, 2.0777890243902397, 2.6250662601625985, 1.770151219512192, 0.6931447154471524, 0.24512317073170384, 1.1707784552845508, 0.18260853658536566, 0.5247939024390209, 2.7714821138211336, 2.6300016260162566, 3.850133739837395, 2.58887357723577, 3.206342682926824, 2.1227556910569088, 0.29996056910569247, 0.04003130081300551, 0.5845666666666676, 0.5812764227642289, 0.45186016260162515, 0.5346646341463406, 0.3125731707317073, 0.2955735772357706, 0.08499796747967632, 0.6640808943089425, 1.8551491869918686, 1.9527597560975596, 2.3596532520325177, 2.582841463414632, 1.6423800813008096, 3.3582422764227604, 3.1465699186991847, 1.6621215447154452, 3.2825666666666637, 3.0007024390243857, 1.8014085365853632, 2.223108130081299, 2.041047967479671, 1.6977658536585345, 0.5127296747967458, 1.7240878048780472, 1.4422235772357694, 0.8593020325203248, 1.0512329268292648, 3.8133926829268256, 3.403208943089426, 3.2491158536585334, 2.489617886178859, 3.2365032520325148, 2.4775536585365807, 3.3703065040650353, 4.368347154471538, 2.456715447154469, 2.5033272357723537, 2.3974910569105656, 2.0712085365853623, 2.680452032520323, 1.794828048780486, 0.30763780487804565, 0.7101443089430873, 0.5236971544715432, 0.3652170731707313, 1.4246756097560964, 0.818722357723574, 1.1927134146341454, 0.9475902439024361, 1.1647463414634132, 0.7178215447154441, 0.5154715447154483, 0.0027418699186988827, 1.698314227642274, 1.1203280487804876, 4.429765040650401, 3.614332926829265, 3.2705024390243853, 4.307477642276419, 3.3028565040650357, 1.9768882113821098, 0.41621585365853603, 0.3701524390243893, 5.199133739837395, 4.03000040650406, 5.761765447154463, 5.666348373983735, 5.454676016260156, 5.375710162601621, 4.0760638211382085, 15.419728048780478, 0.3229922764227649, 0.17822154471544563, 1.7361520325203224, 2.1644321138211353, 0.2895414634146312, 0.708499186991868, 0.5675670731707344, 0.31257317073170365, 0.5878569105691025, 1.152682113821138, 1.799763414634144, 2.753934146341461, 2.507165853658532, 3.081861788617884, 0.9404613821138189, 3.8863264227642236, 4.567406910569099, 4.569052032520322, 2.9458650406504048, 4.680371951219508, 5.085071951219507, 4.4972150406504, 4.299252032520319, 1.8249886178861772, 2.832899999999996, 2.921188211382111, 1.6791211382113784, 2.3168800813008112, 1.7361520325203224, 2.9475101626016236, 1.5113186991869885, 1.347903252032517, 0.5352130081300784, 1.964275609756095, 1.3084203252032491, 1.8129243902438983, 1.6012520325203226, 1.928082926829266, 2.2554621951219493, 1.4394817073170705, 2.3821365853658523, 4.257027235772353, 3.2030524390243853, 2.840577235772353, 3.1898914634146305, 2.3952975609756066, 1.2261642276422755, 1.7619256097560956, 0.10967479674796626, 0.5050524390243871, 0.12612601626016504, 1.1806491869918667, 0.8461410569105664, 1.085780487804878, 0.90426869918699, 1.0627487804878037, 0.14915772357723564, 0.47818211382113623, 0.6882093495934926, 1.5732849593495906, 3.6878150406504027, 249.77996260162578, 251.14157520325182, 250.55152479674777, 250.33107845528434, 252.2767093495932, 252.24600040650384, 251.6186605691055, 3.4509174796747932, 1.734506910569103, 2.339363414634142, 3.209084552845526, 2.747902032520323, 1.7356036585365826, 1.4729325203252004, 1.7504097560975602, 2.574615853658532, 2.218721138211377, 1.8260853658536567, 0.6569520325203234, 1.938502032520322, 1.8184081300812998, 1.8743422764227609, 1.2135516260162569, 1.0369752032520305, 1.1598109756097552, 0.899881707317072, 1.384644308943089, 3.1855044715447125, 40.30713292682924, 41.76361422764223, 43.084098780487764, 41.47900813008126, 42.70517235772354, 0.23744593495935062, 1.227260975609755, 0.41128048780487436, 2.7616113821138177, 3.7026211382113763, 3.6949439024390194, 3.5233028455284514, 3.331920325203247, 3.3862093495934924, 3.5123353658536556, 1.416998373983736, 0.37289430894308817, 16.63711829268291, 17.4876463414634, 15.338568699186975, 17.14600934959348, 18.003666260162586, 16.63711829268291, 20.498219512195103, 20.72140772357722, 6.666034146341457, 6.109434552845522, 4.9282369918699125, 5.257809756097554, 5.57970528455284, 5.990985772357716, 4.140223577235769, 4.164352032520319, 9.137555691056901, 8.426863008130073, 5.54570609756097, 6.199367886178857, 6.7932569105691, 4.114449999999996, 4.359024796747962, 15.872136585365839, 15.126896341463404, 12.625214227642262, 9.849345121951211, 10.673002845528446, 9.701284146341454, 10.852869512195111, 2.3728142276422726, 3.0637654471544673, 2.3892654471544694, 2.7424182926829217, 0.8028195121951186, 0.3756361788617871, 2.0328223577235742, 0.9717186991869899, 1.5464146341463378, 2.046531707317069, 0.6925963414634144, 0.868076016260163, 0.24292967479674654, 0.647629674796749, 0.032902439024390245, 1.863374796747965, 0.21222073170731726, 0.25280040650406616, 0.4003130081300825, 0.17383455284553107, 0.49189146341463064, 0.7200150406504051, 0.8269479674796744, 1.6944756097560956, 18.412753252032495, 18.752196747967464, 19.863202439024366, 18.808130894308924, 18.93370853658535, 19.145380894308925, 3.856165853658532, 2.1967861788617857, 0.3597333333333354, 0.015354471544713743, 0.46063414634145977, 0.6355654471544722, 3.6801378048780458, 3.898939024390238, 3.2469223577235744, 6.6046162601625955, 4.357928048780483, 3.805167073170726, 3.7415556910569077, 4.057967479674792, 2.313041463414629, 1.1318439024390228, 1.9439857723577194, 2.616292276422762, 2.5329394308943054, 7.596076422764221, 6.207593495934954, 6.185658536585359, 7.655849186991865, 6.670969512195116, 8.021066260162595, 7.751814634146332, 2.731999186991866, 2.9820577235772334, 1.9675658536585339, 2.2571073170731686, 3.8057154471544687, 3.301759756097556, 2.6475495934959334, 1.8068922764227608, 1.4943191056910554, 2.3234605691056887, 3.1794723577235753, 3.42569227642276, 2.559261382113818, 3.2304711382113775, 4.904656910569102, 4.46431260162601, 4.099643902439019, 3.2074394308943033, 2.943123170731702, 3.99600121951219, 4.342573577235769, 4.440184146341459, 4.589341869918694, 4.582761382113817, 4.381508130081296, 4.13912682926829, 3.8978422764227587, 5.099329674796745, 3.534818699186987, 2.9239300813008096, 1.765764227642274, 1.7092817073170699, 2.85648008130081, 2.9990573170731665, 1.5990585365853636, 0.35424959349593216, 3.243083739837396, 4.786208130081295, 16.750631707317062, 16.30809390243901, 16.76105081300811, 18.291562601626, 17.03414105691055, 15.91819999999999, 17.10433292682925, 16.25051463414633, 2.880060162601624, 2.6535817073170707, 2.473715040650402, 2.3602016260162575, 3.3045016260162585, 2.8339967479674755, 22.539267479674777, 22.539815853658514, 22.719682520325183, 22.417528455284533, 23.292184959349576, 23.37444105691055, 27.914977642276394, 26.380078861788597, 8.037517479674788, 6.403911382113815, 6.7044203252032455, 7.401403658536578, 2.060241056910567, 8.20367479674796, 8.397799186991861, 7.79787804878048, 8.423572764227634, 6.800934146341457, 7.075121138211375, 3.4980776422764177, 2.999605691056906, 3.388951219512191, 3.1103772357723556, 0.6256947154471526, 1.743829268292679, 1.9204056910569092, 0.3153150406504062, 1.6396382113821106, 1.598510162601624, 2.347589024390243, 1.7186040650406496, 3.576495121951217, 1.856245934959348, 3.1016032520325156, 3.0462174796747945, 0.9031719512195105, 1.1301987804878035, 1.3917731707317063, 0.22647845528455146, 0.047708536585362386, 0.3147666666666664, 0.727143902439024, 3.2480191056910543, 1.954404878048779, 5.07684634146341, 3.1953752032520284, 5.014331707317068, 4.027258536585361, 3.036346747967475, 4.288832926829263, 5.279196341463409, 4.0108073170731675, 5.274809349593491, 5.696508943089427, 5.445902032520319, 5.6027369918699135, 6.016210975609749, 5.253971138211376, 5.599446747967476, 5.267132113821134, 5.0708142276422725, 5.467288617886175, 4.547665447154467, 5.111942276422759, 3.724556097560971, 6.341945121951213, 7.407435772357716, 7.961293495934952, 6.445587804878041, 6.266817886178857, 2.330589430894306, 2.294945121951217, 1.2206804878048776, 0.6882093495934926, 1.0287495934959339, 0.4732467479674783, 0.13435162601626166, 0.3169601626016255, 1.610574390243899, 0.5417934959349595, 0.4211512195121977, 14.670649186991856, 13.292036991869908, 14.880676422764209, 14.468299186991855, 15.158702032520312, 16.21596707317072, 15.942328455284537, 16.836726422764205, 1.8699552845528424, 2.949703658536583, 1.8195048780487793, 2.7687402439024345, 1.2546796747967475, 1.0638455284552832, 1.9631788617886154, 1.74218414634146, 2.2362691056910533, 2.4989402439024357, 3.0034443089430845, 2.413942276422763, 2.461650813008127, 0.9843313008130048, 1.2053260162601602, 3.6806861788617855, 1.5019963414634123, 2.098627235772355, 2.021854878048779, 4.616212195121947, 4.275123577235769, 4.10512764227642, 4.125965853658531, 3.6395581300812947, 4.199996341463408, 3.9252609756097514, 3.041830487804873, 2.7122577235772303, 2.864157317073167, 3.49259390243902, 3.476142682926827, 2.5751642276422717, 2.821384146341461, 3.697137398373979, 0.21715609756097526, 1.7493130081300807, 1.9450825203251993, 1.9012126016260134, 1.325419918699186, 0.9678800813008115, 125.15045894308933, 126.02621219512186, 126.04266341463403, 127.88190975609746, 128.3589951219511, 125.87595772357714, 1.8880516260162588, 3.7755548780487773, 3.1882463414634112, 3.047862601626014, 4.652953252032515, 4.167642276422758, 3.2556963414634112, 4.535601219512192, 3.341242682926824, 3.906616260162599, 5.0494276422764175, 3.9389703252032495, 3.002347560975605, 2.6519365853658514, 2.366233739837395, 3.1997621951219464, 2.2401077235772315, 6.089693089430886, 6.743354878048773, 5.251777642276417, 3.3544036585365817, 4.153932926829264, 3.6499772357723543, 5.1974886178861714, 4.890399186991864, 4.542181707317069, 4.0064203252032495, 3.3269849593495895, 4.351347560975605, 4.824045934959344, 4.148449186991866, 1.9609853658536565, 1.930276422764225, 1.7909894308943075, 2.0092422764227607, 3.391144715447151, 3.5627857723577185, 3.530431707317068, 2.598195934959346, 2.9771223577235757, 2.3931040650406477, 2.4457479674796736, 3.2979211382113776, 2.318525203252031, 1.2788081300812977, 2.797255691056907, 3.0999581300812964, 2.348137398373982, 3.9181321138211342, 1.435643089430892, 1.2168418699186956, 1.438384959349591, 0.5439869918699167, 1.353935365853658, 1.2853886178861784, 1.7262813008130062, 2.174851219512191, 3.3724999999999947, 4.9583975609756035, 4.287736178861784, 3.5902044715447112, 3.852327235772354, 4.8991731707317, 4.820207317073165, 2.517036585365852, 3.1800207317073146, 4.100740650406498, 2.9913800813008096, 3.059926829268289, 3.277082926829266, 3.2578898373983702, 3.387854471544712, 5.3033247967479635, 5.283034959349588, 4.453893495934954, 6.6506796747967405, 7.212763008130073, 6.288752845528447, 5.921890650406497, 6.2092386178861725, 2.6766134146341414, 0.5697605691056917, 0.4864077235772366, 0.5845666666666676, 0.9053654471544696, 0.9037203252032503, 0.5966308943089408, 1.1641979674796752, 1.7992150406504075, 1.4389333333333325, 0.6224044715447158, 0.44692479674796537, 1.1033284552845544, 0.0010967479674813794, 0.9152361788617892, 0.6492747967479684, 0.09651382113820979, 0.12338414634146068, 0.44692479674796537, 0.7474337398373994, 0.11131991869918924, 0.5099878048780452, 0.2807674796747948, 1.2091646341463387, 0.49847195121951166, 0.2747353658536609, 0.3849585365853687, 0.11131991869918924, 0.9667833333333337, 0.8867207317073174, 0.27747723577235617, 0.36631382113821087, 0.11186829268292355, 2.036112601626013, 1.8480203252032479, 1.3089686991869889, 0.13544837398374124, 1.504738211382111, 1.763570731707315, 0.7956906504065033, 1.3106138211382083, 0.9130426829268264, 4.20493170731707, 2.812610162601624, 2.4462963414634133, 0.2857028455284546, 2.256558943089429, 0.6426943089430874, 0.7523691056910538, 4.791691869918693, 4.6035995934959315, 5.234778048780483, 4.422087804878044, 4.998428861788611, 4.669952845528452, 3.4245955284552805, 4.33983170731707, 4.5887934959349534, 3.5902044715447112, 3.8260052845528407, 3.523851219512191, 4.418797560975605, 4.760434552845522, 2.5055207317073127, 2.9557357723577207, 1.0600069105691048, 4.429765040650401, 5.988792276422757, 3.6960406504064993, 5.0795882113821085, 4.722596747967474, 4.822400813008125, 6.436265447154465, 6.028823577235768, 3.0950227642276387, 3.0325081300812964, 5.594511382113814, 4.616212195121947, 3.887971544715443, 4.565213414634139, 3.79310284552845, 4.066741463414628, 7.428273983739831, 7.3015995934959275, 5.787539024390237, 5.2424552845528405, 5.504029674796743, 3.069249186991865, 4.996235365853652, 3.3028565040650357, 2.9365426829268246, 158.19712032520312, 159.03997113821123, 158.37534186991854, 157.1546613821137, 154.0930894308942, 156.49496747967467, 1.1115540650406475, 0.5450837398373963, 1.7876991869918686, 0.7578528455284533, 0.22593008130081166, 0.3558947154471552, 0.05045040650406492, 0.43924756097561213, 0.44582804878048765, 0.33615325203252133, 0.5297292682926789, 0.19357601626016485, 0.17931829268292337, 0.4683113821138221, 0.04441829268292737, 1.1082638211382108, 0.16122195121950889, 0.6788869918699164, 0.3027024390243932, 0.10035243902439372, 0.1902857723577262, 0.5670186991869929, 0.6591455284552826, 0.6432426829268291, 0.21441422764227636, 0.4864077235772347, 0.8845272357723581, 0.048256910569105804, 0.02303170731707061, 1.1378760162601642, 0.655306910569106, 0.11680365853658885, 0.3295727642276422, 1.2980012195121935, 0.8137869918699161, 0.576341056910569, 0.45953739837398383, 0.9053654471544714, 0.05209552845528607, 0.1880922764227616, 2.4704247967479636, 2.6283565040650374, 2.0755955284552807, 1.4378365853658512, 2.0668215447154443, 1.8858581300812995, 1.2173902439024353, 0.29667032520325015, 1.483351626016256, 0.31366991869918504, 0.9920085365853653, 0.14586747967479516, 0.6525650406504071, 1.413159756097561, 0.24512317073170384, 0.2643162601625997, 0.27802560975609775, 0.05867601626016522, 0.34108861788617567, 1.1493918699186958, 0.9240101626016256, 0.7222085365853624, 2.696354878048777, 1.466352032520323, 2.1309813008130054, 0.9059138211382094, 0.9251069105691053, 1.1351341463414635, 0.48914959349593545, 1.2579699186991862, 2.509359349593491, 1.5963166666666646, 1.2464540650406473, 1.5590272357723562, 2.47865040650406, 2.4347804878048747, 2.443554471544711, 2.808771544715442, 1.9154703252032512, 0.1151585365853622, 1.0144918699186962, 1.3989020325203232, 0.6032113821138217, 0.20399512195122244, 1.1548756097560973, 1.1214247967479671, 0.2127691056910552, 1.0101048780487798, 1.3243231707317065, 0.9366227642276423, 0.3054443089430884, 1.6533475609756088, 1.2804532520325205, 0.24621991869918525, 1.13897276422764, 0.30215406504065156, 1.5146089430894272, 0.4578922764227627, 0.13106138211381937, 0.6372105691056915, 1.110457317073168, 1.2025841463414633, 0.6909512195121951, 0.3745394308943075, 1.1186829268292646, 0.6607906504065019, 0.5697605691056881, 0.16341544715447165, 0.6245979674796767, 0.552212601626017, 1.0249109756097554, 0.5735991869918683, 0.02851544715447203, 0.39757113821138, 0.4222479674796772, 1.5656077235772354, 0.6558552845528476, 0.5242455284552866, 0.12667439024389932, 0.01425772357723419, 0.26925162601626135, 0.14477073170731744, 1.442771951219511, 0.10144918699187144, 1.2579699186991862, 0.5231487804878071, 0.9174296747967484, 0.18315691056910727, 0.8850756097560979, 0.9190747967479677, 0.23086544715447146, 0.9316873983739844, 0.34986260162601573, 0.7320792682926857, 0.23031707317072803, 1.4126113821138213, 0.6152756097561005, 2.3607499999999972, 0.0789658536585333, 0.046611788617884654, 0.5472772357723572, 0.5703089430894315, 1.423578861788617, 1.0490394308943094, 0.7030154471544684, 0.2758321138211368, 0.42389308943089654, 0.5587930894308925, 0.8976882113821146, 0.037837804878051884, 1.7465711382113818, 1.0737162601626011, 0.7704654471544718, 0.018644715447156054, 0.5456321138211361, 1.3188394308943103, 0.6015662601626024, 0.43266707317073483, 0.590050406504067, 0.33505650406504, 0.7024670731707341, 1.1592626016260155, 0.01974146341463378, 0.03454756097561322, 0.9793959349593504, 0.1387386178861799, 0.6240495934959351, 0.41128048780487436, 0.1952211382113805, 0.261026016260161, 0.07622398373983624, 0.2188012195121982, 0.24512317073170384, 0.4019581300813018, 0.26047764227642306, 0.36850731707317363, 1.1526821138211398, 0.1787699186991854, 0.3279276422764229, 0.02248333333333449, 0.008773983739834597, 0.4249898373983724, 0.2714451219512186, 0.3723459349593466, 0.899881707317072, 0.7622398373983716, 0.3898939024390268, 1.7493130081300807, 0.261026016260161, 0.6766934959349591, 0.5884052845528441, 1.2261642276422755, 0.445279674796746, 0.16615731707317055, 0.5884052845528478, 0.8954947154471538, 0.03454756097561322, 1.0748130081300806, 0.25005853658536914, 0.5982760162601637, 0.3087345528455307, 0.987621544715447, 0.8302382113821147, 0.3926357723577256, 0.5598898373983721, 1.011749999999999, 0.23470406504065172, 1.0676841463414617, 1.1625528455284557, 0.9722670731707316, 1.2124548780487774, 0.784723170731706, 0.7057573170731728, 0.19576951219511848, 0.6388556910569109, 0.7074024390243866, 0.7913036585365816, 1.1779073170731678, 1.0057178861788616, 2.033370731707316, 0.6383073170731729, 0.05319227642276563, 1.4444170731707284, 0.7293373983739849, 1.6922821138211366, 0.052643902439027675, 0.20838211382114064, 0.257735772357726, 1.4992544715447134, 0.6947898373983716, 1.8216983739837382, 0.7265955284552824, 1.1658430894308927, 1.2480991869918665, 0.8653341463414623, 0.8472378048780461, 1.5425760162601594, 1.9132768292682885, 1.9938878048780466, 3.3785321138211355, 4.2915747967479625, 2.5526808943089407, 2.58887357723577, 3.1070869918699136, 4.858045121951213, 5.035169918699183, 5.537480487804873, 5.369129674796744, 5.921342276422757, 4.555891056910564, 3.254051219512192, 3.3231463414634113, 3.6110426829268265, 3.0012508130081255, 3.3576939024390207, 4.068934959349587, 1.4361914634146318, 1.6818630081300774, 1.611122764227639, 1.2184869918699148, 0.6596939024390241, 0.05812764227642361, 0.6026630081300819, 0.5735991869918683, 0.8647857723577226, 0.6163723577235763, 0.60759837398374, 0.36850731707317363, 0.41676422764227766, 0.09048170731707043, 0.18425365853658865, 0.8006260162601613, 0.8159804878048751, 4.4632158536585305, 4.396314227642271, 4.8651739837398305, 4.872302845528451, 5.023654065040644, 4.79936910569105, 4.487892682926824, 4.314058130081297, 2.842222357723572, 3.369209756097556, 2.8570284552845497, 2.7950621951219476, 3.2392451219512144, 2.493456504065038, 1.938502032520322, 0.7386597560975575, 0.7671752032520331, 0.9728154471544694, 1.3435162601625985, 0.3898939024390213, 0.7095959349593494, 0.33834674796747866, 0.9218166666666666, 0.04441829268292737, 1.268389024390242, 0.48476260162601725, 0.8368186991869903, 1.0830386178861755, 0.9267520325203246, 0.4507634146341456, 0.30873455284552703, 0.8247544715447152, 1.0446524390243874, 1.4493524390243864, 0.6613390243902435, 1.5272215447154456, 1.0035243902439006, 1.1214247967479671, 2.734192682926825, 2.7210317073170707, 3.232664634146337, 2.607518292682922, 3.577591869918696, 3.403208943089426, 2.8751247967479623, 3.187149593495932, 3.707556504065038, 3.4953357723577194, 3.280921544715444, 4.16325528455284, 3.7623939024390194, 3.4975292682926784, 4.768111788617882, 3.2518577235772326, 3.364822764227638, 1.9050512195121918, 2.7851914634146318, 2.078885772357719, 1.2744211382113795, 0.1672540650406519, 0.107481300813009, 1.0583617886178855, 1.224519105691056, 0.15738333333333596, 0.3778296747967462, 0.5730508130081304, 1.1592626016260155, 0.9909117886178858, 0.2955735772357706, 0.32079878048780763, 1.760828861788616, 1.9395987804878014, 4.73246747967479, 4.814175203252028, 7.700815853658529, 5.332936991869915, 5.263841869918692, 3.42569227642276, 2.0224032520325186, 0.9404613821138227, 0.5692121951219538, 0.4962784552845507, 1.2760662601625987, 1.0940060975609747, 0.8006260162601613, 0.037289430894310284, 0.20509186991869832, 2.65467845528455, 1.7553451219512182, 2.9414780487804824, 2.4704247967479636, 2.1721093495934922, 1.7460227642276385, 2.1211105691056895, 1.6045422764227615, 1.724636178861787, 2.997960569105687, 2.417780894308941, 4.332154471544709, 5.092200813008124, 4.746725203252028, 5.421773577235766, 6.923221544715439, 5.586285772357717, 6.549778861788609, 2.704032113821134, 2.489617886178859, 3.0045410569105644, 1.9028577235772326, 0.8258512195121946, 0.8132386178861762, 0.4907947154471529, 2.1989796747967447, 2.3722658536585324, 1.7476678861788575, 1.8299239837398351, 2.3569113821138186, 1.787150813008129, 2.326750813008127, 3.1059902439024336, 3.001799186991865, 3.56004390243902, 2.8515447154471523, 2.218721138211377, 2.643710975609751, 3.603365447154466, 2.0202097560975596, 2.8619638211382075, 2.113433333333329, 2.477005284552841, 1.732313414634144, 2.9584776422764194, 0.10364268292682872, 0.007128861788615268, 0.49463333333333137, 0.8965914634146332, 1.102780081300811, 0.060321138211380895, 0.7627882113821114, 7.638301219512186, 4.567406910569099, 4.36396016260162, 1.6522508130081293, 0.5406967479674818, 0.02248333333333266, 1.2124548780487865, 0.5012138211382123, 0.40799024390244115, 1.0605552845528448, 1.4148048780487805, 0.8675276422764232, 0.5714056910569111, 0.767723577235773, 0.9766540650406498, 0.020289837398375383, 0.5840182926829296, 0.7359178861788586, 4.961687804878043, 3.533721951219507, 3.8737138211382085, 0.6816288617886189, 0.6454361788617882, 0.784723170731706, 0.9947504065040641, 0.0361926829268289, 0.2533487804878078, 0.9245585365853656, 0.6350170731707342, 0.04880528455284376, 0.10748130081300533, 0.4979235772357737, 0.7353695121951206, 1.0638455284552832, 0.8083032520325201, 0.12173902439024681, 1.3276134146341525, 0.01096747967479553, 0.10144918699186961, 0.7430467479674775, 0.3191536585365883, 1.198197154471545, 0.4430861788617887, 0.105836178861786, 0.2418329268292652, 0.3772813008130064, 0.5840182926829259, 0.2698000000000029, 1.0473943089430864, 0.4990203252032533, 2.58832520325203, 0.9196231707317039, 0.6141788617886191, 1.7981182926829264, 0.5390516260162624, 0.07074024390244213, 0.46721463414634434, 0.46173089430894115, 0.691499593495933, 0.9004300813008117, 1.0731678861788596, 2.14414227642276, 0.5637284552845523, 1.2387768292682904, 1.4499008130081263, 3.3428878048780466, 7.681074390243893, 7.2111178861788545, 9.840022764227632, 8.90559349593495, 8.779467479674787, 8.220126016260156, 8.500893495934951, 9.00704268292682, 5.650445528455278, 4.280058943089427, 2.9606711382113784, 2.5861317073170706, 3.6889117886178817, 1.9785333333333293, 1.8831162601626008, 2.3432020325203204, 3.0325081300812964, 0.5489223577235766, 0.3235406504065028, 1.2952593495934945, 0.8006260162601632, 9.355808536585357, 10.85835325203251, 10.713034146341453, 7.590044308943083, 5.7858939024390175, 5.703637804878044, 5.884052845528449, 1.9006642276422736, 1.6401865853658506, 1.526673170731706, 1.7717963414634115, 2.5066174796747926, 3.5013678861788566, 3.0966678861788575, 18.805937398373963, 19.139348780487783, 18.69735934959348, 19.463437804878033, 18.95015975609755, 19.046673577235758, 19.43437398373982, 2.3574597560975588, 3.0028959349593447, 4.299252032520319, 3.815037804878045, 3.8133926829268256, 5.00829959349593, 3.918680487804874, 24.660378048780466, 22.36927154471542, 22.817841463414613, 23.320152032520298, 22.098374796747944, 379.5098926829265, 379.631083333333, 378.68842845528417, 381.49171626016226, 382.067508943089, 382.4700154471541, 3.6878150406504027, 2.7402247967479627, 0.3898939024390213, 0.6964349593495929, 1.2788081300813012, 0.1562865853658564, 0.7858199186991874, 0.9119459349593488, 1.1822943089430897, 0.2785739837398357, 0.012064227642276909, 0.16835081300813148, 0.6114369918699165, 0.7836264227642282, 0.05977276422764112, 1.2453573170731767, 1.2568731707317067, 1.3659995934959348, 0.3367016260162593, 0.39263577235772196, 0.2072853658536556, 0.08280447154471539, 0.7507239837398344, 0.5944373983739817, 0.3224439024390215, 0.6103402439024388, 0.23963943089431156, 0.4540536585365879, 0.37618455284553054, 0.16780243902438988, 0.8675276422764232, 0.4507634146341456, 0.2615743902439026, 0.6229528455284536, 0.7688203252032488, 0.4633760162601605, 0.4535052845528463, 0.03345081300813002, 0.36192682926829267, 0.17328617886178582, 0.6448878048780448, 0.2829609756097557, 1.1987455284552848, 0.35315284552845444, 0.7397565040650388, 0.8159804878048751, 0.27199349593495653, 0.39757113821138, 0.7704654471544683, 0.25554227642276145, 0.2730902439024416, 0.01425772357723419, 1.3747735772357714, 0.7441434959349589, 0.03016056910569136, 0.5066975609756065, 0.8938495934959343, 0.5088910569105674, 0.01919308943089583, 1.084135365853655, 0.8061097560975627, 0.5313743902439055, 0.5692121951219501, 0.11186829268292718, 0.12667439024390298, 1.0413621951219487, 1.1844878048780452, 0.41237723577235574, 0.16177032520325232, 0.024128455284555643, 0.17986666666666679, 0.05319227642276563, 0.8620439024390236, 0.36850731707317363, 0.5686638211382121, 0.3575398373983708, 0.2577357723577223, 0.7507239837398381, 1.437288211382115, 0.8817853658536556, 0.7869166666666634, 0.041128048780485066, 1.9741463414634108, 0.4173126016260174, 0.9514288617886145, 1.0035243902439024, 0.31366991869918504, 0.4677630081300823, 0.05867601626016157, 1.1757138211382105, 0.8318833333333323, 0.6799837398373978, 0.4611825203252032, 0.22867195121951236, 0.3712491869918707, 0.14806097560975245, 0.43924756097561213, 0.47050487804878305, 2.3898138211382087, 3.884681300813004, 2.8553833333333305, 3.1070869918699136, 0.8965914634146332, 0.2988638211382111, 0.29228333333333556, 0.24128455284552724, 0.4979235772357737, 0.5324711382113833, 0.1765764227642263, 0.7134345528455278, 0.047160162601624436, 0.7348211382113808, 0.7161764227642285, 0.04880528455284376, 0.2654130081300829, 0.5034073170731697, 1.5760268292682986, 0.41950609756097834, 1.3446130081300818, 0.9179780487804882, 0.3690556910569116, 0.8483345528455292, 0.5445353658536584, 0.6728548780487825, 0.33615325203252133, 1.2480991869918703, 0.41566747967479806, 0.03893455284552961, 0.2155109756097559, 0.9799443089430901, 1.1510369918699188, 1.1280052845528443, 0.13435162601625986, 0.33834674796748043, 0.576889430894307, 0.12502926829268549, 1.0874256097560975, 0.04880528455284376, 1.0490394308943056, 1.6144130081300774, 1.3500967479674797, 0.6152756097560969, 0.0723853658536578, 0.0, 0.09486869918699412, 1.033136585365854, 0.985428048780488, 0.016999593495936726, 1.2974528455284555, 0.8390121951219511, 0.23580081300813127, 1.0364268292682928, 344.28454146341426, 346.6705166666663, 0.4655695121951214, 0.10035243902439006, 0.16286707317072824, 1.2168418699186991, 0.2730902439024361, 0.08938495934959453, 0.46940813008130167, 0.46282764227642254, 0.8055613821138194, 0.11844878048780816, 0.5489223577235783, 0.5533093495934965, 0.4540536585365879, 0.6273398373983737, 0.19686626016259987, 0.28131585365853273, 0.09980406504065029, 0.5681154471544724, 2.6014861788617845, 0.11351341463414287, 0.3334113821138225, 1.2069711382113795, 0.33066951219512175, 0.12941626016260005, 0.5105361788617885, 0.6629841463414629, 0.43266707317073483, 0.2714451219512186, 1.0177821138211347, 1.7405390243902406, 0.04332154471544782, 0.3235406504065065, 0.3098313008130084, 1.3857410569105686, 0.9481386178861758, 0.9218166666666666, 0.3849585365853651, 0.11022317073170787, 1.1351341463414635, 0.4979235772357737, 0.03564430894309095, 0.6207593495934964, 0.8258512195121946, 0.5796313008130058, 1.4383849593495925, 0.18260853658536566, 0.032902439024390245, 0.27912235772357546, 1.0802967479674765, 1.2716792682926805, 1.961533739837396, 0.2681548780487836, 0.23799430894309043, 2.934897560975605, 2.6919678861788587, 31.98171910569103, 31.867657317073142, 31.628566260162568, 32.11168373983736, 31.60114756097558, 31.28034878048777, 29.59519552845526, 29.533777642276398, 1.4888353658536575, 2.7605146341463382, 3.2672121951219464, 2.223108130081299, 2.6925162601625985, 215.2932711382112, 212.96871382113804, 214.4580975609754, 213.71340569105672, 214.4734520325201, 212.8129756097559, 1.9023093495934928, 1.4531910569105684, 1.5244796747967466, 2.2285918699186964, 1.386837804878048, 0.05593414634146268, 0.8795918699187002, 0.39757113821138, 1.0243626016260157, 0.23634918699187107, 1.6714439024390233, 0.8625922764227634, 1.0726195121951199, 0.46940813008130167, 0.47050487804878305, 0.4683113821138221, 0.34328211382113666, 0.11570691056910563, 0.4518601626016269, 0.05483739837398496, 0.059772764227642945, 0.291734959349594, 0.025773577235771325, 0.7869166666666669, 1.1208764227642274, 1.158165853658536, 0.23031707317073172, 0.12831951219511867, 0.9755573170731703, 1.698314227642276, 0.01370934959349624, 0.44418292682926463, 0.48476260162601725, 0.31641178861788755, 0.11241666666666696, 0.38660365853658807, 0.5867601626016267, 0.3295727642276422, 0.5949857723577214, 0.3794747967479655, 0.6745, 0.8960430894308953, 0.18918902439024116, 1.3265166666666655, 0.7781426829268286, 0.028515447154470207, 1.1252634146341456, 1.4049341463414626, 0.3882487804878074, 0.06196626016260023, 0.08938495934959453, 0.8576569105691054, 0.13544837398374124, 0.6245979674796767, 0.2851544715447167, 0.583469918699188, 0.9596544715447148, 0.9788475609756071, 0.7934971544715425, 0.7074024390243866, 0.9097524390243878, 0.9415581300813004, 0.679435365853658, 0.6723065040650427, 0.010967479674799184, 0.22812357723577076, 0.019741463414637433, 0.012612601626014859, 1.5612207317073152, 1.8480203252032479, 0.32189552845528535, 0.4321186991869932, 1.4367398373983733, 0.14093211382113718, 0.7441434959349589, 1.1801008130081305, 0.005483739837395939, 0.12886788617886027, 0.15299634146341407, 0.6300817073170727, 0.6410491869918682, 4.8426906504064995, 0.8148837398373956, 1.0484910569105659, 0.6169207317073161, 0.17383455284553107, 0.09103008130081386, 0.5160199186991882, 0.5187617886178834, 1.487738617886178, 0.3235406504065028, 0.3789264227642257, 0.48531097560975883, 0.5182134146341454, 0.2840577235772353, 0.16067357723577097, 0.647629674796749, 0.08719146341463359, 1.219583739837398, 3.804070325203246, 3.345629674796746, 2.7808044715447138, 2.7111609756097548, 1.6133162601625979, 0.46173089430894115, 1.0177821138211383, 0.6443394308943068, 0.6218560975609778, 0.29283170731706987, 0.28241260162601595, 0.3312178861788597, 1.9840170731707305, 0.1963178861788601, 0.8472378048780461, 1.8891483739837382, 0.9190747967479641, 0.6542101626016246, 0.3948292682926793, 1.389579674796747, 1.3862894308943083, 4.925495121951213, 46.992908536585325, 45.313787398373925, 46.249861788617835, 47.241321951219476, 47.854952439024345, 48.157106504065, 45.751938211382075, 3.449820731707314, 2.370620731707313, 2.189108943089429, 2.3859752032520305, 2.7829979674796728, 1.9741463414634108, 1.9587918699186975, 0.6465329268292677, 2.714999593495933, 0.7150796747967472, 0.513826422764229, 0.6942414634146301, 0.05099878048780469, 1.4789646341463378, 2.8647056910569066, 4.1868353658536535, 2.25272032520325, 2.04269308943089, 0.39153902439024063, 15.441114634146324, 15.528854471544696, 17.092268699186977, 14.680519918699172, 16.150710569105676, 16.537862601626, 3.7782967479674765, 3.4991743902438976, 8.454281707317065, 13.14233089430893, 12.505668699186982, 13.326584552845517, 11.9030056910569, 12.001164634146331, 6.337558130081295, 6.916092682926821, 3.059926829268289, 2.3503308943089416, 3.2359548780487755, 1.7805703252032479, 1.5902845528455272, 1.5398341463414604, 1.4263207317073159, 0.7786910569105666, 0.35260447154471647, 0.7781426829268251, 1.0813934959349563, 0.16889918699186943, 0.0005483739837416029, 0.7852715447154439, 1.0605552845528448, 1.1625528455284542, 0.25554227642276145, 0.24128455284552724, 1.435643089430892, 0.5006654471544726, 1.2135516260162569, 1.7602804878048761, 0.8965914634146332, 1.5173508130081297, 0.4600857723577218, 0.25170365853658844, 0.8960430894308953, 0.5330195121951249, 0.8170772357723547, 0.296670325203252, 0.11954552845528589, 0.14202886178861857, 0.7825296747967468, 1.0199756097560975, 1.1247150406504058, 1.3753219512195092, 1.4838999999999996, 0.3290243902438988, 0.9607512195121943, 1.0534264227642276, 0.5297292682926825, 1.300743089430896, 0.08444959349593655, 1.2853886178861784, 1.6478638211382075, 0.35589471544715146, 0.9344292682926834, 0.7786910569105666, 1.0539747967479673, 0.4030548780487832, 0.7715621951219531, 0.6289849593495931, 0.8790434959349567, 0.45186016260162515, 0.9135910569105663, 0.1924792682926853, 0.12722276422764275, 0.01590284552845352, 0.12448089430894571, 0.7298857723577211, 0.8137869918699197, 0.05099878048780835, 0.4025065040650416, 1.1965520325203238, 0.9920085365853653, 0.12064227642276179, 423.90679878048746, 423.9572491869914, 423.6748365853654, 425.4603422764224, 4.845980894308938, 2.078885772357719, 3.3681130081300763, 2.246688211382109, 0.3964743902439023, 1.2475508130081303, 0.2056402439024363, 0.7359178861788622, 0.38386178861788733, 1.2464540650406508, 0.9459451219512259, 1.1016833333333351, 0.32573414634146375, 0.0849979674796745, 0.33944349593496, 1.1598109756097552, 0.7287890243902433, 0.4518601626016269, 1.1214247967479691, 0.4101837398373985, 0.39044227642276474, 0.004935365853657989, 1.2552280487804872, 0.7836264227642282, 1.1203280487804876, 0.03564430894308912, 0.44692479674796537, 0.1858987804878043, 0.4540536585365824, 1.794828048780486, 1.3528386178861784, 1.9215024390243887, 0.36192682926829267, 0.6092434959349574, 0.17767317073170402, 0.39044227642276474, 2.3410085365853615, 1.0786516260162573, 0.36850731707316997, 0.4173126016260174, 0.0723853658536578, 0.08225609756097195, 0.6322752032520336, 0.37234593495935026, 2.296590243902436, 1.699410975609754, 0.12064227642276544, 0.90426869918699, 0.8461410569105683, 0.11954552845528406, 0.8521731707317041, 0.06361138211381955, 0.2193495934959362, 1.7087333333333299, 1.0983930894308929, 0.8214642276422764, 0.38660365853658807, 0.16506056910568917, 0.10967479674796626, 0.6651776422764238, 0.8576569105691054, 0.6827256097561003, 0.8664308943089437, 1.0709743902439004, 1.1088121951219485, 1.2014873983739818, 1.241518699186989, 1.2497443089430857, 1.5908329268292671, 1.579317073170728, 4.079902439024387, 1.60838089430894, 0.7112410569105668, 1.1927134146341454, 0.8527215447154438, 2.368427235772354, 1.4098695121951188, 0.8428508130081279, 1.4520943089430889, 0.31366991869918504, 0.39702276422764204, 0.23086544715446966, 0.08664308943089381, 0.039482926829265734, 0.5198585365853647, 0.5313743902439019, 0.06744999999999982, 1.0194272357723597, 0.5034073170731732, 0.7485304878048771, 0.6300817073170727, 1.408772764227641, 0.3197020325203262, 0.5286325203252011, 0.5796313008130077, 1.3829991869918696, 1.100038211382114, 1.6555410569105677, 0.32189552845528535, 0.42937682926829246, 1.1362308943089412, 0.06470813008130093, 0.2643162601625997, 1.9697593495934929, 0.7666268292682915, 1.040813821138211, 0.12338414634146068, 0.039482926829271216, 0.25280040650406616, 1.4367398373983733, 0.8077548780487803, 1.1652947154471547, 0.41237723577235574, 1.4515459349593491, 0.17767317073170402, 0.2906382113821126, 2.2878162601625998, 0.07403048780488079, 0.4162158536585397, 0.23525243902439336, 0.46721463414634073, 0.7101443089430873, 18.002569512195105, 19.19473455284551, 17.348359349593476, 16.71608414634145, 17.742091869918678, 19.975070731707305, 33.135497967479644, 33.03295203252029, 17.050592276422748, 18.976481707317053, 19.240797967479654, 18.25207967479673, 20.882629674796725, 4.495021544715441, 4.743983333333329, 4.633211788617879, 4.176416260162599, 4.225769918699182, 4.89972154471544, 1.8255369918699167, 1.3720317073170705, 0.2560906504065067, 0.04441829268292737, 1.062748780487811, 1.3654512195121933, 1.3303552845528457, 0.5149231707317105, 0.5193101626016268, 0.1858987804878043, 1.4575780487804866, 0.4633760162601605, 0.17712479674796608, 0.7309825203252043, 0.23634918699186927, 1.1329406504065043, 0.10473943089431009, 0.4216995934959356, 0.2418329268292652, 0.25938089430894534, 0.7600463414634107, 0.27747723577235617, 0.9421065040650402, 0.0427731707317044, 0.865882520325204, 0.23141382113820944, 1.1713268292682923, 0.10199756097560939, 0.798980894308942, 0.40799024390243577, 0.05483739837398131, 0.9569126016260178, 0.15299634146341407, 0.8137869918699161, 0.4962784552845507, 1.1285536585365843, 0.6662743902439016, 1.0243626016260157, 0.8757532520325199, 1.1164894308943092, 1.1164894308943092, 1.0194272357723597, 0.6097918699186972, 0.15902845528455162, 0.7205634146341485, 0.4787304878048742, 0.7287890243902433, 0.9141394308943097, 1.1115540650406475, 1.599606910569105, 1.7520548780487797, 0.2774772357723598, 0.7902069105691037, 1.00955650406504, 0.0027418699186988827, 0.8889142276422763, 0.7984325203252042, 0.6218560975609723, 0.9267520325203246, 0.06196626016260023, 0.337798373983737, 0.5735991869918683, 0.4288284552845509, 0.00987073170731415, 0.0663532520325221, 0.31641178861788755, 1.2102613821138182, 0.5401483739837365, 0.4600857723577218, 0.2533487804878078, 0.805561382113823, 0.968976829268291, 2.0032101626016225, 1.3714833333333307, 0.23196219512195101, 1.2173902439024353, 0.36686219512195434, 0.39099065040650627, 1.6484121951219508, 0.6224044715447158, 0.06470813008130093, 0.047160162601624436, 0.6712097560975632, 0.135996747967481, 0.13928699186991966, 0.19576951219511848, 0.9404613821138189, 1.9319215447154445, 1.747119512195118, 0.6810804878048773, 0.8516247967479679, 0.3553463414634117, 1.1636495934959337, 0.6969833333333345, 0.15957682926828956, 0.7457886178861782, 0.650371544715448, 1.6155097560975606, 0.081707723577234, 1.24864756097561, 0.3915390243902461, 0.7019186991869925, 0.5039556910569076, 1.4619650406504048, 0.8274963414634141, 0.33012113821138017, 1.5195443089430904, 0.3153150406504044, 0.14531910569105538, 0.9815894308943058, 0.8115934959349588, 0.024676829268289943, 1.0671357723577237, 0.5061491869918722, 0.5670186991869929, 0.5132780487804838, 1.1482951219512163, 0.9218166666666666, 1.1636495934959354, 0.4573439024390266, 0.2078337398373954, 1.3056784552845502, 0.15135121951219474, 0.6037597560975578, 0.34986260162601573, 0.14586747967479516, 0.3054443089430884, 0.36850731707317363, 0.40908699186991715, 0.026870325203252703, 0.02138658536585311, 1.0112016260162593, 1.0292979674796736, 2.147980894308942, 1.5656077235772337, 0.5280841463414595, 0.13106138211381937, 1.494867479674797, 0.9947504065040641, 0.6712097560975632, 0.1573833333333323, 0.8752048780487801, 0.4222479674796772, 0.016451219512195123, 0.14312560975609445, 0.2763804878048784, 0.3323146341463411, 0.3564430894308967, 0.26870325203252154, 0.8889142276422763, 228.619307317073, 230.45690853658516, 229.6228317073169, 229.05307113821118, 228.19267235772338, 228.1860918699185, 1.0419105691056885, 2.737482926829264, 3.2524060975609723, 0.8631406504065031, 2.9815093495934937, 2.0799825203251987, 0.3295727642276422, 0.11899715447154612, 0.20728536585366109, 1.1718752032520303, 0.13215813008130076, 0.2473166666666648, 0.09870731707316707, 0.17712479674796971, 0.3235406504065065, 0.4842142276422775, 0.8472378048780552, 1.4202886178861782, 0.4726983739837403, 0.911945934959347, 0.9009784552845532, 0.5335678861788629, 0.9689768292682929, 0.5993727642276433, 0.3109280487804843, 0.01425772357723419, 0.6969833333333345, 0.9892666666666664, 0.6832739837398382, 0.4529569105691029, 0.698080081300814, 0.24347804878048454, 0.418409349593497, 1.9461792682926822, 0.8373670731707319, 0.6898544715447156, 0.7446918699186968, 0.32573414634146014, 0.4880528455284577, 0.7468853658536615, 0.13873861788617625, 0.006580487804880971, 0.7759491869918678, 0.5582447154471527, 0.09815894308942912, 1.6835081300813002, 0.29173495934959215, 1.1768105691056883, 0.9892666666666664, 0.989815040650408, 1.1510369918699188, 0.9744605691056889, 0.006032113821139369, 0.935526016260161, 2.130432926829265, 0.5719540650406489, 0.026321951219509275, 0.2654130081300829, 0.11022317073170787, 0.6065016260162586, 0.7424983739837395, 0.38276504065040784, 0.26321951219512196, 0.4249898373983724, 0.4644727642276419, 1.0057178861788598, 0.08664308943089565, 0.5895020325203255, 0.24841341463414615, 0.081707723577234, 1.4411268292682915, 1.777828455284549, 0.5681154471544724, 0.083352845528457, 0.27912235772357546, 1.1318439024390228, 0.5017621951219503, 3.1833109756097535, 1.9949845528455261, 1.2437121951219483, 0.37837804878048414, 0.9591060975609751, 0.10035243902439372, 0.4578922764227627, 0.8554634146341463, 0.060869512195118845, 1.4345463414634125, 0.9377195121951202, 0.9530739837398339, 1.4049341463414609, 1.8655682926829245, 1.1110056910569077, 2.0437898373983696, 3.033604878048776, 2.6184857723577215, 1.9500178861788606, 1.1779073170731769, 0.4430861788617869, 0.4397959349593501, 0.19576951219512212, 0.007128861788615268, 4.371637398373981, 3.7448459349593466, 1.1779073170731678, 0.5231487804878071, 0.5478256097560971, 0.6383073170731675, 0.7106926829268289, 0.701370325203249, 1.0292979674796756, 0.14038373983739558, 0.18206016260162589, 0.840108943089429, 0.053740650406503575, 0.3317662601626013, 0.19247926829267983, 0.5385032520325208, 0.08390121951219494, 0.43157032520325156, 0.6037597560975578, 0.9612995934959341, 0.5587930894308961, 0.7737556910569087, 0.05648252032520063, 0.567018699186991, 0.3948292682926793, 1.6599280487804862, 0.14860934959349587, 0.6207593495934964, 0.006580487804880971, 0.19302764227642322, 1.124166666666666, 1.068780894308945, 0.33944349593496, 1.34022601626016, 0.14531910569105538, 1.6549926829268282, 0.36631382113821087, 0.30763780487805115, 0.34328211382114027, 0.3240890243902408, 0.6788869918699164, 1.4998028455284569, 0.4145707317073167, 0.3515077235772351, 0.22263983739837118, 0.43760243902438734, 0.8834304878048787, 0.29667032520325015, 0.3323146341463411, 0.23580081300813127, 0.0, 1.5151573170731705, 0.29941219512195083, 1.2634536585365856, 0.30873455284552703, 0.4008613821138223, 0.7156280487804906, 0.2632195121951183, 0.10638455284552942, 0.20289837398374103, 0.9859764227642278, 0.1875439024390273, 0.8132386178861762, 1.484996747967479, 0.4688597560975637, 1.0737162601626011, 0.6394040650406524, 0.8039162601626036, 0.22538170731707008, 0.38605528455284643, 0.8505280487804884, 0.9591060975609751, 0.5746959349593497, 0.2615743902439026, 1.57438170731707, 0.48585934959349675, 3.2650186991869874, 0.1699959349593508, 1.18119756097561, 0.9064621951219509, 0.4074418699187014, 0.7956906504065014, 0.006032113821137541, 0.4754402439024392, 0.23086544715446966, 0.6169207317073199, 1.3248715447154462, 0.28570284552845643, 0.7523691056910574, 0.8472378048780552, 1.0517813008130046, 0.2473166666666648, 1.1055219512195118, 1.0358784552845546, 0.3690556910569116, 0.38002317073170344, 0.7200150406504069, 0.5461804878048777, 1.4762227642276409, 1.6506056910569098, 0.5297292682926789, 0.24676829268292683, 0.3131215447154453, 0.4151191056910583, 0.844495934959349, 0.28186422764227614, 0.5242455284552829, 1.5354471544715422, 0.7057573170731672, 0.35479796747967374, 0.1513512195121984, 0.17712479674796608, 0.1573833333333323, 0.22428495934959417, 0.9059138211382131, 0.5132780487804838, 0.10199756097561304, 0.5818247967479668, 1.0589101626016253, 0.7627882113821132, 0.08993333333333431, 1.117037804878049, 1.1702300813008126, 1.4647069105691057, 0.41676422764227766, 0.7622398373983733, 1.8162146341463408, 0.8735597560975609, 0.34986260162601573, 0.5176650406504056, 0.03509593495935117, 0.34108861788617933, 0.09212682926828976, 0.9201715447154472, 0.02358008130081039, 0.5341162601626008, 0.6048565040650429, 0.9223650406504064, 1.648960569105687, 1.0046211382113803, 1.402192276422762, 2.572422357723573, 2.4961983739837366, 2.4303934959349562, 0.6997252032520334, 0.5565995934959352, 0.8285930894308936, 0.8823337398373992, 0.4206028455284561, 1.1844878048780487, 0.7748524390243864, 0.36686219512195434, 0.01096747967479553, 0.5746959349593497, 0.10967479674796626, 0.08664308943089565, 0.4513117886178872, 0.5269873983739818, 1.182842682926826, 1.4570296747967468, 1.2607117886178851, 0.13051300813008143, 0.3920873983739822, 0.6607906504065019, 0.60759837398374, 0.3306695121951181, 1.0227174796747964, 0.7145313008130092, 0.6542101626016282, 0.4112804878048781, 0.9278487804878041, 0.24073617886178564, 1.9840170731707305, 0.2577357723577223, 0.5845666666666676, 1.284291869918701, 1.2640020325203254, 0.4853109756097552, 0.1952211382113805, 0.9349776422764231, 0.48147235772357855, 0.08225609756097195, 0.4376024390243928, 0.5840182926829259, 1.2842918699186954, 0.5598898373983738, 0.9651382113821144, 147.75388617886168, 147.41005569105678, 146.95764715447143, 147.2795426829267, 144.54809186991858, 3.223342276422761, 0.0361926829268289, 0.25938089430894534, 0.40140975609756385, 1.5458662601626016, 0.7940455284552822, 0.3739910569105696, 1.2925174796747956, 0.30325081300812745, 0.07074024390244213, 0.09596544715447183, 0.8483345528455292, 1.4652552845528455, 118.48277967479665, 117.8186987804877, 110.66186991869908, 0.29392845528455125, 1.1406178861788594, 0.8702695121951222, 0.9739121951219508, 1.8864065040650395, 0.31257317073170365, 0.733724390243905, 0.5609865853658498, 0.08828821138211497, 0.45240853658536856, 1.186681300813008, 0.24183292682927066, 0.07293373983739575, 0.5247939024390246, 0.8554634146341463, 0.10035243902439372, 0.8801402439024362, 0.5615349593495914, 0.6997252032520334, 0.03454756097560958, 0.49243983739837227, 0.047160162601624436, 0.7293373983739831, 0.899333333333334, 0.4074418699187014, 1.0972963414634151, 0.7430467479674775, 0.38002317073170344, 0.1672540650406501, 0.007677235772356871, 1.093457723577235, 0.2851544715447167, 0.13106138211381937, 0.5988243902439053, 0.06690162601626004, 0.8483345528455292, 0.6339203252032529, 0.032902439024390245, 0.9947504065040641, 0.7638849593495946, 0.5176650406504074, 0.5895020325203255, 0.528632520325203, 1.0084597560975603, 0.24018780487804584, 0.7627882113821114, 0.23251056910569262, 0.26267113821138033, 0.7704654471544683, 0.05593414634146268, 0.2023500000000031, 0.8532699186991891, 0.6180174796747976, 0.1398353658536558, 0.5905987804878069, 1.1252634146341456, 0.32025040650406417, 1.4361914634146336, 0.4288284552845509, 0.8532699186991891, 1.0073630081300808, 0.8444959349593472, 0.8933012195121945, 0.10912642276422832, 0.6684678861788624, 1.4120630081300816, 0.08280447154471539, 0.16670569105691213, 1.0830386178861793, 0.7671752032520331, 0.5549544715447159, 0.24402642276422795, 0.9146878048780495, 0.25060691056910706, 1.3314520325203234, 0.17986666666666679, 0.20454349593495674, 237.62031788617858, 233.54425406504043, 231.52020569105673, 20.724149593495913, 2.2746552845528414, 0.8494313008130051, 1.1598109756097552, 0.06799837398374142, 0.1952211382113805, 0.9865247967479693, 0.9410097560975589, 1.2766146341463402, 0.28460609756097505, 0.2220914634146369, 0.4546020325203259, 0.6361138211382101, 1.2113581300813014, 1.3281617886178865, 0.1721894308943099, 1.4455138211382117, 0.7666268292682952, 0.32902439024390245, 1.3001947154471545, 1.4773195121951277, 0.2445747967479659, 0.073482113821141, 0.22263983739837484, 0.03619268292683255, 0.29228333333333195, 0.6690162601626004, 1.0643939024390232, 0.6229528455284574, 0.23744593495935062, 0.06799837398374142, 0.2544455284552855, 1.35338699186992, 1.4219337398373977, 0.23086544715447146, 0.5675670731707307, 0.20947886178861838, 1.518995934959349, 0.4546020325203259, 0.3323146341463447, 1.6012520325203246, 0.12667439024390298, 0.6723065040650391, 1.4049341463414626, 0.43486056910569204, 0.829689837398375, 0.6361138211382101, 0.22538170731707555, 0.8954947154471538, 0.01370934959349624, 2.213237398373979, 0.7282406504065018, 0.3986678861788632, 0.05428902439024701, 1.078651626016261, 1.1406178861788612, 1.5255764227642263, 0.3279276422764229, 0.7359178861788586, 1.0654906504065027, 0.36192682926829267, 0.8976882113821127, 1.0753613821138204, 0.5127296747967458, 1.729571544715447, 0.7052089430894329, 0.8620439024390236, 0.2829609756097557, 1.494867479674797, 0.3394434959349564, 1.399450406504065, 1.3484516260162602, 0.06470813008130093, 0.30160569105691176, 0.1924792682926853, 1.1669398373983741, 0.1420288617886149, 0.33889512195121657, 0.004386991869920039, 0.8104967479674774, 0.15902845528455528, 0.5609865853658534, 0.5938890243902437, 1.1927134146341454, 0.14257723577235648, 0.356991463414631, 0.4343121951219542, 0.15573821138211297, 0.4376024390243928, 0.031257317073167264, 0.4052483739837368, 0.6141788617886191, 1.0353300813008133, 0.02303170731707061, 0.07183699186991985, 1.3956117886178865, 0.6766934959349591, 0.39811951219512154, 0.6591455284552826, 0.8664308943089437, 0.14477073170731744, 1.5250280487804866, 0.863140650406505, 0.4902463414634168, 1.1044252032520323, 0.5226004065040672, 0.5352130081300784, 0.047160162601624436, 1.1998422764227625, 1.0715227642276401, 0.23909105691056629, 0.525890650406506, 0.15189959349593637, 0.9009784552845532, 0.14970609756097908, 1.2870337398373979, 0.4156674796747963, 1.164746341463415, 0.4688597560975637, 0.6081467479674816, 0.0016451219512193297, 0.6525650406504071, 0.6942414634146338, 0.2155109756097559, 0.370152439024393, 1.2267126016260153, 0.3756361788617889, 0.28186422764227803, 1.119231300813008, 0.7019186991869925, 0.08006260162601467, 0.19796300813007942, 1.0018792682926814, 0.2763804878048784, 0.1880922764227616, 0.8812369918699194, 1.564510975609756, 0.26760650406504016, 1.1005865853658539, 0.7589495934959347, 0.12557764227642343, 1.3221296747967473, 0.9141394308943097, 0.35095934959349717, 0.36576544715447296, 1.0353300813008133, 0.7644333333333343, 0.944848373983739, 0.5544060975609779, 0.24073617886178927, 0.23854268292682654, 0.09596544715447183, 0.2637678861788617, 0.24183292682927066, 0.8165288617886185, 0.06470813008130093, 0.6690162601626004, 0.660242276422764, 0.6860158536585389, 0.3405402439024359, 0.7381113821138232, 0.02303170731707061, 1.2332930894308942, 0.007128861788615268, 0.36412032520325, 0.3701524390243893, 0.4408926829268315, 0.6788869918699164, 0.4085386178861791, 1.6500573170731703, 0.8878174796747986, 1.7772800813008132, 0.528632520325203, 0.027967073170728603, 0.12283577235772454, 1.0748130081300789, 0.3443788617886162, 0.13435162601626166, 0.10199756097560939, 1.229454471544716, 0.5385032520325171, 0.4655695121951214, 0.6383073170731729, 0.5226004065040636, 0.7392081300812973, 0.8510764227642281, 0.36357195121950836, 0.725498780487801, 0.34273373983739863, 0.2736386178861795, 0.3723459349593466, 0.19412439024390282, 0.3783780487804878, 0.02303170731707061, 1.410966260162602, 0.49847195121951166, 0.42279634146341155, 0.07128861788617642, 0.0416764227642285, 0.15518983739837136, 0.5933406504065022, 0.784174796747968, 0.2621227642276405, 0.7101443089430873, 0.47818211382113623, 0.525890650406506, 0.2758321138211368, 0.4551504065040638, 1.0057178861788616, 0.5916955284552828, 0.49353658536585365, 0.8066581300813008, 1.4032890243902434, 1.164746341463415, 0.8143353658536612, 0.9316873983739825, 0.7616914634146299, 0.26705813008130225, 0.6821772357723569, 0.602114634146344, 0.3109280487804843, 0.45624715447154524, 0.25992926829267965, 1.3901280487804868, 1.3616126016260166, 0.3707008130081309, 0.77485243902439, 0.7732073170731726, 0.31750853658536893, 0.3323146341463447, 1.050136178861789, 1.1301987804878055, 0.3273792682926831, 0.07019186991870052, 0.030160569105689535, 0.23634918699186927, 0.13983536585366127, 0.08006260162601467, 0.20070487804878012, 0.944848373983739, 0.09486869918699047, 0.07074024390243847, 0.2906382113821126, 1.0813934959349563, 0.2851544715447167, 0.2857028455284546, 0.20125325203252173, 0.05374065040650541, 0.7567560975609756, 0.29886382113820925, 0.09651382113820979, 0.38715203252032243, 0.08609471544715587, 0.7046605691056913, 0.2829609756097594, 0.5511158536585393, 0.2654130081300829, 0.081707723577234, 0.3613784552845511, 0.17767317073170402, 0.8143353658536612, 0.7940455284552822, 0.4880528455284577, 0.6465329268292677, 0.6410491869918682, 0.6141788617886191, 0.466117886178863, 1.3670963414634145, 0.5077943089430914, 0.3081861788617891, 0.6717581300813011, 1.1406178861788612, 0.8642373983739845, 0.27528373983739884, 1.4219337398373977, 0.21276910569105703, 0.7479821138211392, 0.31037967479675005, 0.4513117886178872, 0.11570691056910745, 0.3005089430894322, 0.3822166666666681, 0.4299252032520305, 0.04880528455284376, 0.6640808943089442, 1.0731678861788614, 0.6048565040650392, 0.5916955284552864, 0.7375630081300816, 0.9497837398373988, 1.229454471544716, 0.6827256097560966, 0.038386178861786184, 0.48147235772357855, 1.6637666666666664, 0.9942020325203244, 0.00987073170731415, 0.3493142276422778, 2.0010166666666653, 0.6761451219512193, 1.0040727642276421, 1.604542276422763, 1.466352032520325, 0.542341869918701, 0.49353658536585, 0.16670569105691213, 0.7293373983739831, 0.0010967479674813794, 0.35370121951219785, 0.2785739837398357, 0.7298857723577211, 1.0753613821138186, 1.3555804878048774, 0.073482113821141, 0.42005447154471626, 0.0828044715447172, 0.16835081300813148, 0.024676829268289943, 0.5555028455284575, 0.6448878048780448, 0.05099878048780469, 0.3515077235772351, 1.2453573170731675, 0.41073211382113645, 0.13051300813008143, 0.029612195121947932, 0.6487264227642286, 0.04441829268292737, 1.0748130081300806, 1.1038768292682926, 0.9667833333333337, 0.21276910569105703, 1.6687020325203243, 0.36412032520325177, 0.4151191056910583, 0.23031707317073172, 1.0484910569105697, 1.258518292682926, 0.7326276422764236, 0.6821772357723569, 0.16670569105691213, 0.5593414634146305, 0.6004695121951247, 0.29886382113820925, 0.165060569105691, 0.505600813008127, 0.4310219512195118, 0.4063451219512219, 0.39373252032520334, 0.6213077235772381, 0.043321544715446, 0.4129256097560973, 0.853818292682927, 0.31147642276422594, 1.0397170731707315, 0.15464146341463342, 0.18480203252032662, 0.28131585365853273, 1.270034146341463, 0.07293373983739575, 0.44911829268292996, 0.441989430894311, 0.0367410569105705, 1.6665085365853654, 0.3498626016260176, 0.8313349593495926, 0.12612601626016504, 0.6904028455284571, 0.9218166666666666, 0.01590284552845352, 0.9536223577235791, 0.4376024390243928, 0.09322357723577479, 0.5714056910569111, 1.1905199186991864, 0.42389308943089654, 0.7781426829268286, 0.6383073170731675, 0.16177032520325232, 0.566470325203253, 1.2952593495934965, 1.050136178861789, 0.4726983739837403, 0.20125325203252173, 0.6761451219512193, 0.7781426829268251, 0.2188012195121982, 0.29228333333333556, 0.12612601626016504, 0.566470325203253, 0.6426943089430874, 1.5343504065040663, 1.134037398373982, 0.9898150406504062, 0.2906382113821162, 1.2623569105691061, 0.49573008130081275, 0.30325081300812745, 0.41182886178861783, 0.23634918699187107, 0.23470406504064992, 0.11899715447154612, 0.6706613821138234, 0.9667833333333337, 0.3553463414634117, 0.04277317073170987, 0.9333325203252038, 0.2785739837398357, 1.2661955284552846, 0.2067369918699213, 0.5319227642276435, 0.0685467479674812, 0.07183699186991803, 0.47708536585365846, 0.3926357723577256, 0.33615325203252133, 0.0789658536585333, 0.9777508130081293, 0.4085386178861791, 0.5077943089430914, 1.3001947154471545, 0.2242849593495905, 0.24841341463414615, 0.6426943089430874, 0.8494313008130051, 0.024128455284551993, 0.7282406504065018, 0.09761056910568934, 0.037837804878048234, 1.0221691056910567, 0.35260447154471647, 0.2155109756097559, 0.10199756097561304, 0.11570691056910563, 0.029612195121947932, 0.6185658536585354, 0.46392439024390203, 0.08773983739837155, 0.6860158536585389, 0.6355654471544722, 0.4041516260162609, 0.1349000000000033, 0.5099878048780452, 0.9070105691056908, 0.7052089430894329, 0.23689756097560902, 0.047160162601624436, 0.44089268292682593, 0.10254593495935099, 1.0441040650406497, 0.5911471544715431, 0.8203674796747988, 1.1318439024390248, 0.33615325203252133, 0.21770447154471684, 0.2209947154471555, 0.6761451219512193, 0.31476666666666825, 0.327927642276421, 1.1927134146341454, 0.9909117886178858, 0.24238130081300863, 0.6448878048780448, 0.3515077235772351, 1.097844715447155, 0.2862512195121944, 0.4518601626016269, 0.20125325203252173, 0.6607906504065019, 0.30763780487804565, 0.38331341463414575, 1.1148443089430897, 0.7479821138211392, 0.6377589430894295, 1.0512329268292648, 0.09212682926829524, 0.6876609756097583, 0.6525650406504071, 0.15080284552845497, 0.4068934959349598, 0.9596544715447148, 1.083586991869919, 0.6415975609756097, 0.37618455284553054, 0.528632520325203, 0.4003130081300825, 0.34273373983739686, 0.7830780487804904, 0.28899308943089325, 0.45295691056910653, 0.7945939024390238, 1.2738727642276415, 1.6237353658536573, 0.3235406504065065, 1.102231707317073, 0.8691727642276424, 1.4723841463414606, 0.029612195121951585, 0.26870325203252154, 0.18535040650406454, 0.7282406504065018, 2.0564024390243882, 0.03564430894308912, 0.35808821138211605, 1.1592626016260155, 0.1601252032520312, 0.8861723577235793, 0.722756910569104, 0.32518577235772583, 0.389345528455287, 1.3424195121951208, 0.46063414634146344, 0.010419105691055754, 0.19467276422764257, 0.16177032520325052, 0.38715203252032604, 0.47379512195122164, 0.5171166666666677, 0.03016056910569136, 0.9706219512195121, 0.0701918699186987, 0.6021146341463404, 0.00987073170731415, 0.1853504065040664, 0.7732073170731726, 1.2837434959349592, 0.6909512195121951, 0.10693292682927104, 1.4082243902439013, 0.8960430894308953, 0.08115934959349605, 0.23909105691056998, 0.36850731707317363, 0.5922439024390244, 0.1414804878048806, 0.4140223577235751, 0.7222085365853678, 1.167488211382114, 0.344378861788618, 0.24841341463414615, 1.4257723577235761, 0.3624752032520325, 0.7260471544715427, 1.083586991869919, 0.8735597560975609, 1.2168418699186991, 0.29173495934959215, 0.6136304878048775, 1.6846048780487797, 0.5856634146341488, 0.2522520325203264, 0.8900109756097558, 1.198197154471545, 0.5034073170731732, 1.21519674796748, 0.7858199186991874, 0.12393252032520045, 0.8423024390243898, 0.6547585365853681, 1.0144918699186998, 1.0868772357723595, 0.9656865853658542, 1.08523211382114, 0.6766934959349591, 0.6997252032520334, 0.12283577235772272, 0.7249504065040667, 0.34547560975609753, 0.44363455284552666, 0.227575203252031, 0.21989796747967594, 0.07403048780488079, 0.30763780487804565, 0.23470406504064992, 0.017547967479674676, 0.16944756097561287, 0.3553463414634117, 0.41950609756097834, 0.6174691056910577, 0.23196219512195101, 0.5982760162601637, 1.3309036585365854, 1.21519674796748, 0.3542495934959358, 0.007677235772356871, 0.11625528455284541, 0.7529174796747972, 0.8795918699187002, 0.23580081300813127, 0.23031707317073172, 0.7298857723577211, 0.04332154471544782, 0.18041504065040473, 0.14641585365853677, 1.1148443089430897, 1.6676052845528468, 0.8773983739837391, 0.18699552845528572, 0.9793959349593504, 0.5472772357723554, 0.01919308943089583, 0.060869512195122495, 0.03180569105691069, 1.2590666666666657, 0.6569520325203253, 0.7205634146341485, 0.3487658536585399, 0.45679552845528676, 0.2983154471544713, 0.1886406504065032, 0.3761845528455269, 0.8960430894308953, 0.3575398373983708, 0.619662601626015, 0.16944756097561287, 0.1924792682926853, 1.3166459349593458, 0.8582052845528452, 0.7183699186991876, 0.3405402439024359, 0.08335284552845516, 0.33560487804878336, 0.48476260162601537, 0.23689756097560902, 1.7175073170731698, 0.91359105691057, 1.4054825203252024, 1.2557764227642272, 0.18699552845528572, 0.029612195121951585, 0.048256910569105804, 0.5253422764227625, 0.07512723577235669, 0.3701524390243893, 0.14257723577236014, 0.6602422764227621, 0.901526829268293, 0.7984325203252042, 0.25060691056910706, 0.06141788617886045, 0.8324317073170739, 241.9376662601624, 242.40433252032503, 238.5646178861786, 0.523697154471545, 0.7112410569105687, 0.13160975609755732, 0.15464146341463342, 0.12009390243902748, 0.525890650406506, 0.6734032520325205, 0.7392081300813009, 0.8773983739837391, 0.24402642276422795, 0.2736386178861795, 1.8101825203251996, 0.6728548780487825, 0.21605934959349754, 0.7287890243902433, 0.28734796747967395, 0.915784552845529, 0.4255382113821123, 0.3608300813008131, 0.19357601626016122, 0.4578922764227645, 1.4833516260162616, 0.19796300813008122, 0.2643162601625997, 0.12064227642276179, 1.530511788617886, 1.2859369918699202, 0.43540894308943, 0.10802967479675059, 1.418643495934959, 0.21605934959349754, 1.0523296747967499, 0.03619268292683255, 0.04222479674796645, 1.0528780487804879, 0.46502113821138163, 0.5500191056910579, 0.22373658536585073, 1.5705430894308954, 1.1203280487804876, 0.5050524390243926, 0.09596544715447002, 0.6745, 0.46447276422764366, 0.005483739837395939, 0.8000776422764234, 1.6248321138211368, 0.22263983739837484, 0.4140223577235751, 0.03564430894309095, 0.7885617886178826, 0.24951016260162753, 0.3778296747967462, 1.3259682926829257, 0.4271833333333315, 0.5066975609756065, 0.9262036585365848, 0.8362703252032524, 0.46063414634146344, 1.0314914634146348, 0.25115528455284686, 0.7117894308943066, 0.12557764227642343, 1.057265040650406, 0.9497837398373988, 0.5220520325203257, 0.9366227642276423, 0.836818699186994, 0.6936930894308921, 0.6783386178861784, 0.5456321138211361, 1.2332930894308942, 0.34054024390244136, 0.2862512195121944, 0.43760243902438734, 0.9464934959349602, 0.26321951219512196, 0.008225609756094822, 1.0101048780487798, 0.45569878048780177, 0.7863682926829291, 0.8220126016260162, 0.25280040650406616, 0.4041516260162591, 0.4365056910569114, 1.1384243902439022, 0.004386991869918212, 0.3712491869918707, 0.059224390243904995, 0.2708967479674788, 1.571639837398371, 0.6141788617886191, 1.1099089430894282, 0.7863682926829235, 1.0424589430894284, 1.420836991869918, 0.756207723577234, 0.8933012195121945, 1.2146483739837401, 0.20180162601625967, 1.0007825203252034, 0.6520166666666674, 1.236583333333335, 0.8691727642276424, 0.052643902439027675, 0.44747317073170695, 0.7638849593495946, 0.6377589430894332, 0.18041504065040473, 0.13873861788617625, 1.5891878048780477, 0.2736386178861759, 1.0528780487804879, 0.9887182926829267, 0.3778296747967462, 1.5250280487804866, 0.0, 1.1537788617886175, 0.3542495934959358, 0.35205609756097855, 0.8768499999999994, 0.4397959349593501, 1.1614560975609818, 1.0819418699186996, 1.0336849593495938, 0.492988211382112, 0.8379154471544716, 0.5461804878048777, 1.2053260162601638, 1.6100260162601627, 0.9075589430894323, 0.19905975609756077, 0.31037967479675005, 0.2297686991869901, 0.7046605691056913, 0.7216601626016245, 0.4101837398373985, 0.5993727642276433, 0.38660365853658807, 0.4820207317073202, 1.2480991869918703, 0.7315308943089421, 1.3457097560975615, 0.16944756097561287, 1.9406955284552827, 0.5028589430894299, 0.06580487804877683, 0.46447276422764366, 1.6659601626016274, 0.8011743902439048, 0.20234999999999947, 0.47818211382113623, 0.10528780487804805, 0.3005089430894304, 0.387700406504064, 0.5467288617886157, 1.030394715447155, 0.5801796747967457, 1.284291869918701, 0.1381902439024383, 0.23196219512195101, 0.44692479674796537, 0.8329800813008118, 0.31147642276422594, 0.16286707317072824, 0.6580487804878049, 0.040579674796750766, 0.5703089430894315, 0.15848008130081, 0.47160162601625893, 0.09157845528455547, 0.42773170731707316, 0.13709349593496056, 0.4162158536585397, 0.0032902439024386594, 0.5412451219512198, 0.09815894308942912, 0.542341869918701, 0.320250406504066, 1.4669004065040665, 0.07732073170731397, 0.2643162601625997, 1.0983930894308946, 0.5363097560975599, 0.30379918699187086, 0.07183699186991985, 0.5467288617886157, 0.9602028455284546, 0.23251056910569082, 0.4584406504065061, 0.2906382113821162, 1.2557764227642272, 0.6196626016260168, 0.28625121951219806, 0.44802154471544675, 1.2190353658536583, 0.768271951219511, 0.599921138211383, 0.6086951219512194, 1.6922821138211366, 0.04167642276422484, 0.0016451219512229826, 0.6772418699186971, 0.7967873983739847, 0.4726983739837403, 0.17986666666666495, 0.05319227642276563, 0.5955341463414594, 0.5204069105691027, 0.4578922764227645, 0.20618861788617604, 0.008225609756094822, 0.9645898373983747, 0.5719540650406489, 0.20783373983739903, 0.29886382113820925, 0.8291414634146334, 0.1815117886178861, 0.179318292682927, 0.7666268292682952, 0.160125203252033, 1.1965520325203256, 1.2212288617886173, 0.6777902439024387, 0.49956869918699304, 1.2590666666666657, 1.3215813008130075, 0.466117886178863, 0.2264784552845551, 0.32573414634146375, 1.2141000000000004, 0.8861723577235793, 0.4677630081300823, 1.1532304878048778, 0.9969439024390306, 0.5856634146341488, 0.9464934959349602, 0.08828821138211315, 0.3043475609756125, 0.49298821138211574, 0.6805321138211393, 0.9240101626016275, 0.35260447154471647, 0.5028589430894317, 0.01590284552845352, 0.007128861788618921, 0.07841747967479534, 1.1137475609756102, 0.29667032520325015, 0.4962784552845507, 0.2423813008130068, 0.3147666666666664, 0.07074024390244213, 0.33176626016259947, 0.6821772357723587, 1.0578134146341458, 0.28405772357723713, 0.5483739837398386, 0.4376024390243928, 0.1902857723577262, 1.3939666666666672, 0.8439475609756074, 0.34328211382114027, 0.44418292682926463, 0.4677630081300823, 0.7523691056910538, 0.8280447154471539, 0.5324711382113833, 0.6492747967479684, 0.2111239837398377, 0.2056402439024363, 0.5012138211382106, 0.008225609756094822, 0.8850756097560979, 0.02303170731707061, 0.4003130081300825, 0.5807280487804872, 1.0271044715447146, 0.15299634146341773, 0.4003130081300825, 0.44747317073170695, 0.5439869918699167, 0.23031707317072803, 0.9656865853658542, 0.6958865853658531, 0.32244390243902693, 0.7424983739837377, 0.7474337398373994, 1.7454743902439023, 0.9881699186991868, 0.28405772357723713, 1.4998028455284569, 1.1236182926829261, 0.43211869918699136, 0.19247926829267983, 1.0890707317073167, 0.9580093495934954, 0.2906382113821162, 0.5571479674796769, 0.4151191056910583, 0.038386178861786184, 0.18315691056910727, 0.8022711382113807, 0.8763016260162596, 0.07841747967479899, 0.7134345528455278, 1.054523170731707, 0.20509186991870018, 0.8269479674796725, 0.09596544715447183, 1.3890313008130073, 0.9980406504065047, 0.8598504065040645, 1.6544443089430882, 0.3953776422764227, 0.3229922764227649, 0.03454756097560958, 0.7381113821138232, 1.8200532520325192, 0.3399918699187016, 0.2528004065040644, 0.5873085365853682, 0.4573439024390266, 0.70795081300813, 0.5253422764227643, 0.3323146341463447, 0.8675276422764213, 1.2881304878048774, 0.19741463414633778, 0.3564430894308931, 0.6821772357723587, 0.4584406504065061, 1.0079113821138206, 0.1508028455284568, 0.36741056910569225, 0.3591849593495938, 0.08006260162601467, 0.22428495934959417, 0.5456321138211361, 0.13709349593496056, 0.5193101626016268, 0.3416369918699173, 0.44747317073170695, 0.4222479674796772, 0.3032508130081311, 0.9563642276422761, 1.3188394308943103, 0.14093211382113718, 0.06251463414634183, 0.7238536585365853, 0.6947898373983735, 0.9086556910569101, 1.6067357723577225, 0.5308260162601602, 1.410966260162602, 1.621541869918698, 0.5544060975609725, 0.47050487804878305, 1.0122983739837406, 0.6163723577235782, 1.134037398373984, 0.47818211382113623, 0.9004300813008135, 0.08006260162601467, 0.7419499999999998, 0.9009784552845532, 1.1713268292682923, 0.4809239837398388, 1.2711308943089443, 0.2741869918699175, 0.309282926829265, 0.059772764227642945, 0.5708573170731676, 0.227026829268293, 0.8505280487804884, 1.6802178861788617, 0.00877398373983825, 0.01480609756097214, 1.0013308943089434, 0.5291808943089409, 0.2840577235772353, 0.12338414634146068, 1.0616520325203243, 1.4378365853658528, 0.33670162601626114, 0.9618479674796738, 0.2698000000000029, 0.5341162601626026, 0.1387386178861799, 0.0361926829268289, 0.1721894308943099, 1.2590666666666657, 0.4310219512195118, 5.260003252032513, 0.4074418699186978, 1.3358390243902434, 1.1181345528455249, 0.4880528455284577, 1.3232264227642268, 0.8066581300813008, 0.20125325203252173, 1.1274569105691046, 0.7644333333333343, 0.7353695121951243, 0.9558158536585364, 0.0685467479674812, 0.9645898373983728, 0.5905987804878069, 0.5275357723577216, 0.3487658536585399, 0.18096341463414634, 0.505600813008127, 0.1721894308943099, 0.2418329268292652, 0.6695646341463438, 0.5752443089430913, 0.1135134146341465, 0.10090081300813165, 1.3276134146341525, 0.33944349593496, 0.5099878048780487, 0.28570284552845643, 0.5121813008130061, 0.1562865853658509, 0.9772024390243876, 1.1450048780487867, 0.2528004065040644, 0.05209552845528607, 0.1924792682926853, 0.9048170731707299, 0.08554634146341793, 0.28021910569105685, 0.8713662601625998, 0.9585577235772353, 0.10802967479674692, 0.06141788617886227, 0.29721869918698995, 0.0690951219512228, 0.7222085365853624, 1.9346634146341453, 0.9004300813008135, 0.8719146341463414, 1.0342333333333336, 0.3624752032520325, 0.19905975609756077, 0.13215813008130076, 0.8220126016260162, 0.47598861788617897, 0.701370325203249, 0.8998817073170737, 0.7479821138211392, 0.3317662601626013, 0.08444959349593655, 0.6065016260162586, 0.14477073170731378, 0.09377195121951275, 0.046611788617884654, 0.4748918699186976, 0.4918914634146343, 0.09486869918699047, 0.04935365853658537, 0.6092434959349593, 0.4386991869918724, 0.5275357723577216, 0.33341138211382065, 1.8096341463414598, 2.8668991869918656, 0.504504065040651, 0.10254593495935099, 1.0155886178861793, 0.12941626016260005, 0.6701130081300781, 0.6580487804878011, 0.0778691056910574, 0.3844101626016272, 0.33560487804878336, 0.8000776422764234, 0.10528780487805169, 0.5275357723577216, 3.2227939024390206, 0.45569878048780726, 0.8719146341463414, 0.21770447154471684, 0.10419105691057032, 0.5703089430894315, 1.071522764227642, 0.5247939024390209, 0.6311784552845522, 0.05538577235772291, 0.43924756097561213, 0.027967073170732257, 1.0364268292682928, 0.7534658536585332, 1.1329406504065043, 0.5741475609756118, 1.4169983739837395, 0.5450837398373981, 0.10419105691057032, 0.989815040650408, 0.296670325203252, 0.033450813008131845, 0.6745, 1.272227642276422, 0.9042686991869938, 0.2582841463414658, 0.5160199186991882, 0.8143353658536612, 0.8028195121951242, 0.5149231707317105, 1.5858975609756092, 1.5272215447154456, 0.7671752032520331, 0.8900109756097558, 0.2741869918699175, 1.4844483739837393, 0.09377195121951275, 0.09157845528455547, 0.2758321138211368, 0.22593008130081166, 1.0007825203252019, 0.0, 0.5324711382113833, 0.14751260162601448, 1.1208764227642274, 1.0446524390243894, 0.937171138211384, 0.7381113821138232, 1.396708536585366, 1.2003906504065023, 0.09761056910568934, 0.9344292682926834, 1.0874256097560975, 1.401643902439024, 0.09486869918699047, 0.08828821138211497, 0.7721105691056912, 0.16889918699186943, 1.068780894308945, 1.2409703252032511, 0.8192707317073191, 1.1208764227642274, 0.655306910569106, 0.2588325203252019, 0.2944768292682892, 1.497060975609756, 0.3515077235772351, 0.865882520325204, 0.2659613821138227, 0.1985113821138192, 0.2665097560975642, 0.6734032520325205, 0.38660365853658446, 0.59388902439024, 0.03619268292683255, 1.1433597560975601, 0.12173902439024317, 0.5324711382113833, 0.4979235772357737, 0.39099065040650266, 0.30763780487805115, 0.731530894308944, 1.6149613821138207, 1.2360349593495932, 1.0951028455284562, 0.48147235772357855, 0.4535052845528463, 0.5949857723577214, 0.3816682926829265, 0.7156280487804906, 1.4784162601626019, 0.4332154471544728, 0.5516642276422772, 0.3707008130081309, 1.0824902439024395, 0.23251056910569262, 1.4586747967479663, 0.2829609756097594, 1.0704260162601644, 0.09377195121951275, 295.9601808943086, 294.33315528455256, 1.3265166666666655, 1.0292979674796756, 0.5988243902439053, 0.34328211382114027, 0.7298857723577211, 0.17712479674796971, 0.3811199186991849, 0.13819024390244194, 1.1433597560975601, 0.14422235772357583, 0.44802154471544675, 0.5615349593495932, 0.02303170731707061, 0.2851544715447167, 1.5672528455284565, 0.6207593495934928, 0.008225609756094822, 0.18589878048780797, 0.00987073170731963, 1.5036414634146333, 1.3276134146341525, 0.14860934959349587, 0.11131991869918924, 0.38002317073170344, 0.6684678861788588, 1.274969512195121, 0.2166077235772373, 0.44856991869918833, 0.6651776422764238, 0.06525650406503888, 0.47379512195122164, 0.4836658536585395, 1.0183304878048782, 0.47105325203252096, 0.495730081300811, 0.4518601626016269, 0.5851150406504055, 1.0320398373983746, 0.14312560975609812, 0.4924398373983741, 0.046611788617886486, 0.6893060975609776, 0.9327841463414639, 0.32244390243902693, 0.5478256097561006, 0.36302357723577044, 0.6125337398373979, 0.9514288617886182, 0.4968268292682923, 0.6646292682926859, 0.31421829268292295, 0.5927922764227641, 0.8669792682926835, 0.8795918699187002, 0.0663532520325221, 0.04277317073170987, 1.3155491869918698, 0.8965914634146405, 0.445828048780484, 1.1872296747967495, 0.6229528455284536, 0.3602817073170734, 0.45240853658536856, 0.6618873983739834, 0.9421065040650402, 0.1902857723577262, 0.227575203252031, 0.5352130081300822, 0.05703089430894223, 0.0877398373983752, 0.43211869918699136, 0.7375630081300816, 0.3701524390243893, 0.33341138211382065, 0.12941626016260005, 1.3583223577235761, 0.8148837398373956, 0.261026016260161, 0.39811951219512154, 0.21660772357723546, 0.8302382113821147, 0.3646686991869916, 1.1570691056910563, 0.5620833333333312, 0.4233447154471513, 0.12393252032520045, 1.106618699186993, 0.060869512195122495, 0.18809227642276527, 1.1877780487804874, 0.5220520325203257, 1.3237747967479667, 0.34108861788617933, 0.033450813008131845, 0.9092040650406499, 0.28789634146341736, 0.14531910569105722, 0.7589495934959347, 0.01919308943089583, 0.3120247967479657, 0.22044634146341754, 0.32189552845528535, 0.29776707317072787, 1.329806910569106, 0.05428902439024701, 0.43376382113821255, 0.032902439024390245, 0.3942808943089413, 0.8176256097560999, 0.7622398373983733, 0.9338808943089436, 0.8324317073170739, 0.165060569105691, 1.1060703252032515, 0.5889536585365875, 0.0926752032520332, 0.11296504065040491, 0.38002317073170716, 0.05099878048780469, 0.12777113821138072, 1.2711308943089443, 0.9673317073170736, 0.7540142276422768, 0.39702276422764204, 0.5160199186991882, 0.160125203252033, 0.8576569105691054, 0.3707008130081309, 1.0402654471544712, 1.1181345528455284, 0.12996463414634163, 0.26047764227642306, 0.7331760162601634, 0.05593414634146633, 0.7342727642276429, 0.19193089430894186, 0.2495101626016257, 0.10912642276422832, 0.1760280487804847, 0.2851544715447167, 0.6054048780487826, 0.5593414634146341, 1.007363008130079, 0.868076016260163, 1.097844715447155, 1.5908329268292671, 0.5193101626016268, 0.12393252032520409, 0.7167247967479683, 0.6328235772357733, 0.34273373983739863, 0.44747317073170695, 0.32299227642276124, 0.3547979674796756, 1.0353300813008133, 0.3323146341463447, 0.3849585365853687, 0.17986666666666679, 1.0462975609756158, 0.16889918699187126, 0.34766910569105663, 0.5143747967479669, 0.043321544715446, 0.21386585365853658, 0.29228333333333556, 1.3742252032520315, 0.10364268292682872, 1.2130032520325207, 0.23580081300813127, 0.6339203252032529, 0.6542101626016282, 0.5873085365853628, 2.8647056910569084, 0.023580081300814043, 0.6712097560975632, 0.08280447154471539, 1.100038211382114, 0.09925569105691051, 0.8817853658536592, 0.08444959349593655, 0.1963178861788601, 0.6777902439024387, 0.280219105691055, 0.06799837398374142, 0.31860528455284487, 1.4367398373983733, 0.6953382113821115, 1.347903252032517, 1.274969512195121, 0.11022317073170787, 0.6547585365853681, 0.8560117886178861, 0.9311390243902447, 0.8373670731707319, 0.8379154471544716, 0.7260471544715444, 0.36576544715447296, 0.19686626016259987, 1.2036808943089445, 0.18644715447154595, 0.3399918699187016, 1.0150402439024395, 0.18096341463414634, 0.5302776422764224, 0.6914995934959348, 0.33121788617886155, 0.30379918699187086, 1.1532304878048778, 0.33834674796748043, 0.8274963414634141, 1.635799593495934, 0.19576951219512212, 0.5116329268292681, 0.04441829268292737, 0.06799837398374142, 0.504504065040651, 0.5697605691056917, 0.0828044715447172, 1.3687414634146338, 0.9196231707317039, 0.5823731707317102, 0.5215036585365822, 0.6777902439024387, 0.2873479674796758, 0.6256947154471544, 0.13654512195121896, 0.04167642276422484, 0.4162158536585397, 0.32079878048780763, 0.057030894308945895, 0.25005853658536914, 0.07677235772357967, 0.47818211382113623, 0.2193495934959362, 1.349, 0.596082520325201, 0.23086544715447146, 0.267606504065042, 0.3131215447154471, 0.5061491869918722, 0.10748130081300533, 0.7161764227642285, 0.647629674796749, 1.155423983739837, 0.5028589430894317, 0.6536617886178829, 0.8039162601626036, 1.1532304878048778, 0.08390121951219859, 0.15573821138211297, 0.33889512195121657, 0.3054443089430902, 0.22867195121951236, 0.17712479674796971, 0.2774772357723598, 0.03345081300813002, 0.1398353658536558, 1.633057723577237, 1.341871138211381, 0.9547191056910569, 286.4590532520322, 282.26015365853635, 283.072295528455, 35.06358089430891, 1.9960813008130056, 0.7074024390243903, 0.1332548780487803, 0.27692886178861637, 0.2873479674796758, 0.21222073170731726, 0.2193495934959362, 0.7786910569105684, 0.4776337398373965, 0.44911829268292996, 0.9240101626016275, 0.05812764227642361, 1.0090081300813, 0.4332154471544728, 0.44473130081300805, 1.3753219512195112, 0.18041504065040473, 0.6745, 0.4129256097560973, 1.4329012195121948, 0.5489223577235783, 1.0539747967479691, 0.9903634146341459, 0.047708536585366036, 1.0775548780487778, 0.01096747967479553, 0.07238536585366145, 0.33066951219512175, 0.3745394308943112, 1.4751260162601614, 0.09651382113820979, 0.016451219512195123, 1.867761788617885, 0.9207199186991888, 0.6832739837398382, 0.3953776422764208, 1.1225215447154466, 0.7134345528455259, 0.28405772357723713, 0.6152756097561005, 0.11954552845528589, 0.6898544715447156, 0.13544837398374124, 0.6975317073170761, 0.08828821138211497, 0.9421065040650402, 0.43595731707317353, 0.9201715447154472, 0.7540142276422768, 0.28570284552845643, 0.7326276422764236, 1.1329406504065043, 0.6245979674796767, 0.6070499999999965, 0.9722670731707316, 1.0983930894308946, 0.12502926829268549, 0.6580487804878049, 0.9640414634146404, 0.8834304878048787, 1.469093902439024, 1.2020357723577253, 0.9042686991869938, 0.7479821138211392, 0.046611788617884654, 1.3714833333333345, 0.08115934959349605, 0.77485243902439, 0.5330195121951249, 0.6136304878048775, 0.7326276422764236, 0.3542495934959358, 0.14093211382114082, 1.1033284552845544, 0.06141788617886227, 0.6487264227642286, 0.6695646341463402, 1.0413621951219507, 0.6218560975609778, 0.5302776422764224, 0.8384638211382133, 0.7863682926829235, 0.3377983739837407, 0.6333719512195148, 0.3284760162601608, 0.6130821138211359, 0.5933406504065022, 0.12612601626016504, 0.6750483739837398, 0.6607906504065019, 0.8521731707317076, 0.059224390243904995, 0.43047357723577023, 1.8041504065040619, 1.897373983739837, 0.24292967479675023, 0.296670325203252, 1.2897756097560968, 0.32299227642276124, 0.07951422764227672, 0.46063414634145977, 0.25554227642276506, 0.7584012195121913, 0.03893455284552961, 0.5291808943089409, 0.05319227642276563, 1.0632971544715453, 0.418409349593497, 0.7392081300813009, 0.6202109756097585, 0.4068934959349598, 0.4507634146341492, 0.05648252032520429, 0.1398353658536558, 1.0342333333333336, 0.4222479674796772, 0.23251056910569262, 0.522052032520322, 0.026321951219514753, 1.1005865853658539, 0.12173902439024681, 0.039482926829265734, 1.0446524390243894, 1.174068699186991, 0.24347804878048454, 0.6059532520325206, 0.5445353658536584, 0.9075589430894287, 0.17328617886178946, 0.6827256097560966, 0.3948292682926793, 0.2873479674796758, 0.4310219512195118, 0.7775943089430871, 1.2848402439024351, 0.42992520325203226, 0.04935365853658537, 0.291186585365856, 0.2588325203252037, 0.698628455284552, 0.3498626016260176, 0.5763410569105673, 1.0249109756097554, 1.633606097560975, 0.30325081300812745, 1.349, 1.3813540650406504, 0.9739121951219508, 1.530511788617886, 1.0523296747967443, 1.7284747967479674, 0.09815894308942912, 0.8828821138211389, 0.3789264227642276, 0.6953382113821115, 0.6755967479674777, 15.08252189086298, 1.6541513324873223, 1.7560111040609152, 0.8717998096446701, 0.9368531091370603, 0.6192902918781827, 1.8484552664974678, 0.7485409263959412, 1.442728109137057, 2.0093765862944193, 0.6227141497461942, 1.237296637055838, 0.4078670685279176, 53.152397525380835, 1.9811297588832546, 1.40592163705584, 1.442728109137057, 0.2238347081218261, 0.4831919416243647, 0.9437008248731001, 1.717492703045691, 0.838417195431473, 1.2304489213197982, 1.3383004441624375, 0.2974476522842661, 0.546533312182742, 0.04408217005075952, 0.6809197335025388, 1.7080770939086334, 1.8219203680203075, 1.8056570431472103, 0.2974476522842661, 0.35650920050761, 0.6911913071065986, 0.2589292512690361, 1.8236322969543177, 1.3656913071066001, 1.0575440989847715, 0.47891211928934263, 0.0372344543147225, 0.8230098350253804, 2.249046637055843, 0.5499571700507648, 0.03209866751268975, 1.1063340736040614, 0.34623762690355586, 1.0678156725888373, 0.9856430837563472, 0.11769511421319953, 0.384756027918783, 0.40701110406091257, 0.5319819162436544, 0.3171348350253807, 1.9588746827411194, 1.0464165609137068, 1.2946462563451808, 0.5961792512690368, 1.7919616116751305, 0.9762274746192896, 2.062446383248734, 0.8581043781725961, 0.4849038705583747, 0.9719476522842646, 0.1699089467005064, 1.2895104695431479, 0.8906310279187855, 1.043848667512692, 0.22212277918781898, 0.8983347081218275, 0.3376779822335032, 0.00898762690355233, 1.571122779187819, 0.8298575507614231, 0.7425491751269033, 0.5456773477157371, 0.2940237944162433, 0.49175158629441745, 2.2601741751269078, 0.12796668781725934, 0.23068242385786597, 0.15278965736040673, 0.006419733502537379, 0.012411484771575118, 1.443584073604062, 0.06719321065989693, 0.4720644035532999, 0.9608201142131999, 0.40101935279187767, 1.0875028553299517, 0.16134930203045655, 0.8392731598984808, 0.9411329314720853, 0.6638004441624391, 0.49688737309645015, 0.08688039340101726, 1.642167829949241, 1.9049489213197996, 0.5627966370558367, 0.6501050126903565, 0.429266180203045, 0.29059993654822625, 1.215041560913717, 1.3879463832487324, 0.6629444796954312, 0.043226205583754534, 0.2555053934010162, 0.12283090101522373, 2.0555986675126943, 0.38133217005076026, 0.9094622461928951, 0.9916348350253879, 1.6995174492385807, 0.12111897208121661, 1.0412807741116799, 0.8923429568527925, 1.1953543781725913, 1.7491633883248754, 0.5884755710659891, 0.40701110406091257, 1.5103493020304593, 0.7896272208121831, 0.23581821065989872, 1.487238261421322, 0.7399812817258883, 1.4889501903553348, 0.423274428934013, 0.4737763324873099, 0.8212979060913704, 0.05349777918781434, 1.1765231598984787, 1.3126215101522853, 0.19387595177664882, 0.3547972715736029, 2.3432027284264, 0.32569447969542775, 0.07061706852791687, 0.007275697969545214, 0.183604378172589, 0.5953232868020291, 0.018403236040607153, 0.22469067258883108, 0.6834876269035537, 1.2390085659898509, 0.14080615482233697, 0.7682281091370557, 1.0626798857868043, 0.3950276015228457, 0.7322776015228493, 2.3577541243654876, 0.4001633883248756, 0.27604854060913864, 0.4386817893401027, 0.6817756979695438, 0.4866157994923875, 0.7476849619289446, 0.7288537436548264, 0.5140066624365527, 0.6124425761421315, 0.3470935913705609, 1.9931132614213245, 0.2555053934010162, 0.26663293147208383, 0.7339895304568563, 0.5251342005076175, 1.3468600888324904, 0.35394130710659505, 0.5011671954314751, 0.06976110406091189, 0.24780171319796848, 0.4575130076142124, 1.4641272208121845, 0.8230098350253832, 1.560851205583762, 0.1647731598984822, 1.2390085659898509, 1.933195748730967, 0.589331535532997, 2.451054251269042, 0.11598318527918672, 1.3100536167512704, 0.37790831218274024, 1.7397477791878209, 0.31627887055838144, 0.1622052664974644, 0.12368686548223157, 0.25721732233502614, 0.31199904822335084, 0.5336938451776644, 0.8118822969543212, 1.2450003172588857, 2.083845494923861, 0.6595206218274142, 0.1356703680203042, 1.281806789340103, 1.4384482868020323, 1.118317576142137, 0.03209866751268975, 0.21527506345177913, 1.9075168147208146, 1.4752547588832523, 1.2047699873096458, 0.6483930837563466, 1.5360282360406117, 1.1123258248730992, 1.2398645304568532, 0.9779394035532996, 1.075519352791882, 0.8957668147208125, 0.13481440355330207, 1.812504758883253, 0.3376779822335032, 0.19901173857868157, 1.7525872461928955, 0.6963270939086313, 0.9685237944162447, 0.3993074238578677, 0.7331335659898485, 1.244144352791881, 0.7151583121827411, 0.6184343274111692, 0.13909422588832984, 0.8264336928934004, 1.2047699873096458, 0.5816278553299521, 0.5790599619289344, 0.3308302664974576, 0.16819701776649645, 0.4823359771573569, 0.9377090736040625, 0.707454631979696, 0.49688737309645015, 0.18531630710660182, 0.4831919416243647, 0.7202940989847737, 1.207337880710661, 0.6740720177664988, 0.4814800126903576, 0.4052991751269026, 0.23753013959391153, 1.6618550126903586, 0.35137341370558006, 1.2929343274111706, 0.8290015862944181, 0.28289625634518134, 1.0472725253807147, 1.3340206218274158, 0.4395377538071105, 0.634697652284264, 1.5899539974619372, 0.8255777284263982, 1.1517001903553312, 0.23239435279187878, 0.9437008248730974, 0.8769355964467028, 0.7065986675126968, 1.1688194796954394, 0.9043264593908737, 0.6578086928934072, 0.5028791243654851, 0.031242703045690465, 0.02353902284263991, 0.21185120558375917, 1.2903664340101557, 0.756244606598986, 0.9351411802030475, 1.8946773477157428, 5.875768083756359, 0.6141545050761416, 0.049217956852795126, 0.049217956852792275, 0.5122947335025398, 1.0763753172588841, 0.45408914974619524, 0.7998987944162458, 1.5505796319796963, 1.6284723984771698, 0.08174460659898736, 0.7519647842639611, 0.6432572969543138, 0.7656602157360407, 1.043848667512692, 0.7656602157360407, 1.2218892766497484, 1.8005212563451802, 82.98703902284284, 58.81460247461942, 42.59065196700518, 29.35316148477164, 28.090613895939157, 30.058476205583826, 26.89055171319804, 1.06610374365483, 0.6175783629441642, 0.6013150380710696, 0.50715894670051, 0.42413039340101794, 0.6903353426395935, 0.22212277918781612, 0.8101703680203085, 0.44039371827411267, 0.18531630710660466, 0.5713562817258895, 1.1303010786802037, 1.485526332487312, 0.7279977791878187, 0.8546805203045705, 0.8375612309644737, 0.40615513959390764, 0.2238347081218261, 0.4523772208121824, 0.1784685913705591, 0.008131662436550197, 0.053497779187817195, 1.286942576142133, 0.02353902284263991, 0.9077503172588852, 1.0344330583756371, 0.2144190989847741, 0.30515133248730814, 0.9188778553299528, 0.7057427030456891, 0.6817756979695466, 1.1063340736040614, 0.3308302664974576, 1.2133296319796985, 1.9717141497462, 0.6526729060913772, 0.24266592639593856, 0.7408372461928961, 0.44724143401015537, 0.30600729695431306, 1.0661037436548244, 0.8615282360406104, 1.2398645304568559, 0.5824838197969571, 0.7168702411167509, 0.4147147842639603, 0.6141545050761416, 0.19558788071065877, 1.2749590736040661, 1.3365885152284305, 0.9000466370558403, 0.6013150380710696, 0.958252220812185, 0.92058978426396, 0.47548826142132267, 0.6578086928934015, 0.5191424492385825, 1.8698543781725925, 0.14166211928933908, 0.12283090101522659, 1.0566881345177666, 0.41557074873096245, 0.9856430837563472, 0.1613493020304594, 0.33853394670050535, 1.238152601522846, 0.37534041878172536, 1.2749590736040632, 0.23153838832487378, 0.3907477791878208, 0.8700878807106602, 0.061201459390864896, 1.5762585659898516, 1.0292972715736044, 0.3128550126903558, 0.6971830583756363, 1.723484454314723, 1.2176094543147236, 0.24608978426396136, 0.3342541243654861, 1.2330168147208134, 0.4326900380710678, 1.6584311548223387, 0.5379736675126894, 1.004474302030457, 0.5396855964466993, 1.3023499365482314, 1.1337249365482267, 1.2004901649746238, 0.5277020939086297, 0.8589603426395954, 0.6304178299492419, 0.384756027918783, 0.27176871827411375, 0.2914559010152284, 1.3066297588832532, 1.1362928299492416, 1.077231281725892, 1.9931132614213245, 0.41214689086294537, 1.8938213832487378, 1.727764276649748, 1.5788264593908667, 0.21527506345177913, 0.15107772842639106, 1.0301532360406123, 1.1397166878172587, 0.5140066624365527, 0.23496224619289374, 0.8161621192893433, 1.2244571700507663, 5.434946383248747, 0.5901874999999962, 0.7339895304568563, 0.11512722081218459, 1.3742509517766528, 0.4489533629441653, 0.12026300761421163, 0.09971986040609203, 0.5448213832487321, 0.6338416878172618, 0.30001554568527816, 0.056065672588835, 1.0395688451776697, 1.2167534898477157, 2.166018083756354, 1.0952065355329965, 1.2150415609137086, 0.34024587563451814, 0.03809041878172748, 1.079799175126904, 0.7451170685279211, 0.4549451142131974, 0.6372655456852788, 0.6021710025380718, 0.10913546954314685, 1.1089019670050764, 0.3736284898477154, 0.7023188451776663, 0.26663293147208383, 1.0994863578680216, 0.2820402918781707, 0.7408372461928961, 0.9693797588832498, 1.1499882614213242, 0.00898762690355518, 0.1887401649746189, 0.012411484771575118, 0.6586646573604091, 1.3656913071066001, 1.452999682741117, 0.7074546319796989, 0.7125904187817289, 0.07061706852791973, 0.5199984137055847, 1.1439965101522864, 0.704030774111682, 1.5454438451776666, 1.3888023477157374, 0.07660881979695461, 0.2486576776649735, 0.5687883883248745, 0.24523381979695638, 0.12368686548223157, 0.7083105964467039, 1.0447046319796998, 0.7006069162436535, 0.3214146573604085, 0.9916348350253821, 0.08773635786802225, 0.3667807741116755, 1.115749682741119, 0.40444321065989763, 0.6124425761421315, 0.5901874999999991, 1.777410215736043, 0.47120843908629784, 0.41043496192893253, 0.04579409898476949, 1.0738074238578692, 0.5037350888324872, 3.058789022842649, 0.6766399111675139, 0.48062404822334975, 0.8931989213198004, 0.019259200507614985, 0.6603765862944163, 1.0669597081218294, 0.5165745558375648, 1.7431716370558434, 2.784024428934015, 0.3171348350253807, 0.2050034898477136, 0.3470935913705637, 0.4463854695431475, 0.38218813451776235, 1.1200295050761497, 0.2589292512690361, 0.08944828680203222, 0.2409539974619315, 0.3898918147208101, 1.4050656725888349, 0.05520970812182716, 0.09372810913705713, 0.2169869923857862, 0.31199904822335084, 0.5465333121827393, 0.184460342639594, 0.14508597715735902, 0.03295463197969758, 1.3451481598984776, 0.11512722081218459, 0.8812154187817278, 1.6541513324873138, 1.1730993020304614, 2.5118277284264017, 0.8084584390862957, 0.32740640862944054, 0.7006069162436535, 2.7583454949238657, 3.256516814720823, 1.637888007614219, 0.026106916243654858, 1.4735428299492395, 0.42841021573604005, 0.49603140862944806, 2.76091338832488, 0.2983036167512682, 1.97856186548224, 0.4215625000000059, 0.1964438451776666, 1.5565713832487342, 0.14251808375634692, 0.6629444796954312, 0.2726246827411159, 0.6415453680203038, 1.2715352157360431, 1.1371487944162437, 1.2201773477157387, 0.004707804568527411, 1.6986614847715789, 0.9522604695431472, 0.8426970177664977, 0.5379736675126894, 0.5996031091370596, 0.4566570431472045, 0.9137420685279228, 0.5396855964467022, 1.4358803934010171, 1.323749048223353, 0.2888880076142134, 0.5294140228426396, 0.18103648477157402, 0.914598032994925, 0.386467956852793, 0.5961792512690368, 1.6609990482233565, 1.96829029187818, 1.9545948604060943, 1.1037661802030465, 1.4110574238578726, 1.785113895939099, 0.6227141497461942, 1.6695586928934034, 1.324605012690358, 1.005330266497462, 1.648159581218276, 0.3693486675126933, 0.7031748096446742, 0.6954711294416235, 0.7571005710659937, 1.0301532360406094, 0.1750447335025363, 1.0233055203045693, 1.491518083756347, 0.17162087563451636, 0.3770523477157325, 0.8606722715736054, 0.3693486675126933, 0.3804762055837552, 1.4461519670050884, 0.43440196700507777, 0.039802347715734605, 0.6406894035533017, 0.12283090101522659, 1.1893626269035646, 0.061201459390864896, 1.272391180203051, 0.06462531725888199, 1.003618337563452, 0.007275697969545214, 0.22640260152284103, 1.8869736675126922, 1.3177572969543268, 1.1534121192893412, 0.9137420685279228, 0.7853473984771612, 1.321181154822338, 0.9437008248730974, 0.2520815355329934, 1.0104660532994947, 1.0532642766497466, 0.5225663071065997, 1.0121779822335046, 1.3460041243654852, 1.1808029822335036, 1.523188769035537, 0.27519257614213083, 0.25293749999999837, 0.6757839467005089, 0.16819701776649645, 0.39673953045685567, 0.3479495558375658, 1.4666951142131996, 0.7622363578680237, 0.9223017131979698, 0.7990428299492495, 0.24352189086294643, 0.32141465736041136, 0.8812154187817278, 0.38133217005076026, 1.478678616751272, 2.3988404187817296, 1.324605012690358, 1.0763753172588841, 1.0121779822335046, 0.2186989213197962, 0.04579409898476949, 2.813983185279195, 1.215041560913717, 1.1371487944162437, 0.8589603426395983, 0.4960314086294451, 0.13567036802030705, 0.6911913071065986, 0.30600729695431306, 0.47634422588832487, 0.05863356598984995, 0.18103648477157402, 0.16648508883248933, 1.0917826776649766, 0.047506027918779455, 1.6387439720812214, 0.8940548857868026, 0.8204419416243655, 1.1551240482233511, 0.02353902284263991, 1.0429927030456927, 0.02867480964466981, 0.3522293781725879, 0.02353902284263991, 0.7083105964467039, 0.874367703045688, 1.037000951776652, 1.4170491751269048, 0.8563924492385804, 0.8957668147208125, 1.074663388324877, 0.9103182106599002, 0.3975954949238606, 0.0928721446700493, 0.18702823604061178, 0.5234222715736047, 1.3913702411167523, 1.2886545050761429, 1.5214768401015326, 0.5918994289340119, 0.10143178934010198, 1.641311865482236, 0.3898918147208129, 0.5516690989847748, 0.16734105329949148, 1.080655139593909, 0.07746478426396246, 0.6295618654822397, 0.9813632614213224, 0.02867480964467266, 2.1061005710659937, 1.0909267131979716, 1.1850828045685284, 2.213952093908633, 1.355419733502543, 0.9745155456852825, 0.7014628807106613, 0.18274841370558403, 0.429266180203045, 3.3660802664974723, 0.755388642131981, 0.3547972715736029, 0.6252820431472119, 0.3137109771573608, 0.4849038705583718, 1.039568845177667, 0.9342852157360396, 0.3342541243654861, 0.7322776015228435, 0.7862033629441632, 0.8752236675126901, 0.2614971446700482, 0.5970352157360418, 0.3351100888324882, 0.05178585025381008, 0.05435374365482218, 0.6740720177664988, 0.6218581852791892, 1.566842956852794, 0.6415453680203038, 0.06376935279187985, 0.8247217639593932, 1.6738385152284283, 0.06976110406091189, 0.8735117385786801, 0.02182709390862994, 1.8938213832487378, 0.1485098350253761, 1.1508442258883262, 0.6501050126903565, 0.5747801395939094, 0.7459730329949232, 0.4849038705583747, 0.4052991751268998, 0.09544003807106426, 0.4772001903553327, 2.425375317258887, 0.09116021573604217, 0.6269939720812191, 0.27091275380710594, 0.38304409898477304, 0.1433740482233519, 0.11769511421319953, 0.8486887690355356, 0.38304409898477304, 0.6261380076142169, 0.34452569796954874, 1.0156018401015245, 0.27776046954314576, 0.4643607233502551, 0.4968873730964473, 0.15963737309645232, 0.5105828045685271, 0.3351100888324882, 0.760524428934011, 0.5465333121827393, 0.347949555837563, 0.3505174492385808, 0.8777915609137079, 0.049217956852792275, 0.6115866116751266, 1.4598473984771598, 1.5077814086294445, 0.2888880076142134, 0.05435374365482218, 0.08345653553299448, 0.03723445431471965, 0.5413975253807093, 0.7305656725888364, 0.8760796319796952, 0.004707804568527411, 0.10143178934010198, 3.0382458756345234, 0.4626487944162451, 1.080655139593909, 0.10999143401015468, 0.08260057106599519, 0.5679324238578695, 0.5165745558375676, 0.25978521573604396, 0.23667417512690656, 0.3470935913705609, 0.047506027918782306, 0.16477315989847935, 0.2649210025380767, 0.7262858502538087, 0.33682201776650106, 0.12539879441624152, 0.17162087563451353, 0.13139054568528213, 0.05178585025380723, 0.8084584390862957, 0.2726246827411159, 0.7639482868020336, 0.2606411802030461, 1.5445878807106617, 1.2107617385786809, 0.6723600888324861, 0.6543848350253842, 0.9257255710659897, 1.8262001903553327, 0.20414752538071146, 0.9428448604060924, 0.2888880076142163, 1.44786389593909, 1.1859387690355334, 0.7536767131979709, 0.048361992385787284, 0.16391719543147437, 0.07404092639593965, 1.1063340736040614, 1.9520269670050796, 1.293790291878173, 0.10656757614213189, 0.45580107868020237, 1.0190256979695473, 93.8543638959393, 85.4778956218276, 76.61352760152302, 71.11224397208139, 68.99287595177681, 64.39549079949253, 47.71359930203057, 1.072951459390867, 4.318768718274122, 0.3034394035532982, 0.11427125634517675, 0.7528207487309659, 0.3941716370558407, 0.42498635786802014, 0.22126681472081114, 1.3117655456852801, 0.6132985406091337, 0.3470935913705637, 0.12283090101522659, 0.005563769035535246, 0.9454127538071073, 0.016691307106600037, 0.5884755710659891, 0.634697652284264, 1.0892147842639617, 1.3134774746192903, 1.396506027918785, 0.35822112944162565, 0.6466811548223366, 0.07489689086294464, 0.2597852157360411, 0.2820402918781707, 1.1517001903553312, 2.3688816624365523, 0.24180996192893647, 0.2418099619289393, 0.0012839467005074758, 0.6655123730964463, 0.19558788071065877, 0.12283090101522373, 1.2047699873096458, 0.6030269670050796, 0.8760796319796952, 1.0952065355329965, 0.16220526649746725, 1.0258734137055845, 0.10913546954314685, 0.7990428299492495, 0.16306123096446654, 0.387323921319798, 1.5069254441624396, 0.387323921319798, 0.029530774111674794, 0.12454282994923942, 0.3316862309644683, 0.010699555837568, 0.42156250000000306, 1.0464165609137097, 0.49431947969543233, 1.607929251269039, 0.8161621192893433, 0.49003965736040744, 0.029530774111674794, 0.4737763324873099, 0.6090187182741116, 1.0284413071065992, 0.7827795050761432, 1.1260212563451817, 0.020971129441622105, 0.8332814086294459, 0.6663683375634512, 0.3933156725888386, 0.9522604695431472, 2.538362626903562, 0.18274841370558403, 1.2955022208121856, 2.1411951142132035, 1.524900697969547, 0.19130805837563383, 0.9805072969543145, 0.13652633248731488, 0.44724143401015537, 0.34281376903553595, 0.2965916878172583, 1.0361449873096469, 0.8846392766497505, 0.08260057106599519, 2.403120241116757, 0.45836897208121735, 1.921212246192903, 1.3014939720812235, 0.22212277918781612, 1.0866468908629467, 1.125165291878174, 0.14508597715735902, 1.39565006345178, 0.4626487944162451, 1.282662753807111, 0.4643607233502551, 1.6969495558375658, 0.10399968274111694, 0.3582211294416228, 0.9736595812182747, 1.2398645304568532, 0.2597852157360411, 0.6535288705583764, 0.32569447969542775, 2.0761418147208164, 0.50715894670051, 0.5345498096446695, 1.2612636421319807, 0.29915958121827607, 2.506691941624372, 0.4147147842639603, 0.7699400380710657, 1.0250174492385793, 0.3625009517766506, 1.3716830583756376, 0.8067465101522856, 0.46179282994923443, 1.0327211294416356, 1.1114698604060913, 0.34366973350254093, 0.386467956852793, 1.355419733502543, 2.0256399111675196, 1.0618239213197993, 3.056221129441634, 0.3761963832487303, 1.7346119923857908, 0.31199904822335084, 0.9668118654822376, 2.9937357233502646, 0.21441909898477127, 0.46949651015228494, 1.2775269670050782, 0.06804917512690192, 1.3451481598984776, 0.8649520939086331, 0.24780171319796848, 0.6988949873096464, 1.3990739213198, 1.080655139593909, 1.8989571700507677, 0.9847871192893423, 0.5157185913705598, 0.6218581852791892, 1.9066608502538096, 0.7853473984771612, 0.6715041243654839, 1.0720954949238621, 0.18617227157360394, 0.5790599619289372, 0.10656757614213189, 1.6233366116751287, 0.3248385152284285, 0.6800637690355367, 1.685822017766501, 0.0372344543147225, 0.636409581218274, 0.46521668781726006, 1.8741342005076203, 1.6618550126903644, 1.9408994289340147, 1.5411640228426418, 0.14936579949238393, 0.8187300126903554, 1.5000777284263997, 0.044938134517767354, 0.15278965736040673, 0.6911913071065986, 1.6327522208121834, 0.9368531091370603, 0.24608978426396136, 0.4857598350253825, 1.5796824238578717, 0.6800637690355367, 0.18274841370558403, 0.26577696700507886, 0.019259200507614985, 0.12625475888324939, 1.0712395304568598, 0.5636526015228418, 1.8407515862944173, 0.06719321065989693, 0.2555053934010162, 0.41300285532995035, 0.5867636421319792, 1.4572795050761447, 1.603649428934014, 0.787059327411171, 0.39673953045685567, 1.490662119289342, 0.18617227157360394, 0.36592480964467056, 0.20072366751269152, 0.16306123096446654, 0.34281376903553595, 1.074663388324877, 1.318613261421323, 0.45580107868020237, 0.34281376903553595, 0.7382693527918784, 0.061201459390864896, 0.4429616116751276, 0.8358493020304579, 1.0960625000000044, 0.6620885152284263, 0.432690038071065, 0.6629444796954312, 0.787915291878176, 2.1583144035533035, 0.3351100888324882, 1.037856916243657, 0.1331024746192864, 1.3014939720812235, 1.566842956852794, 1.7072211294416284, 1.081511104060914, 0.27176871827411375, 0.8238657994923854, 1.5505796319796992, 2.1061005710659937, 0.5550929568527919, 0.9779394035532996, 1.3494279822335054, 0.710878489847719, 1.3074857233502555, 0.02182709390862994, 0.5679324238578695, 0.8298575507614231, 1.7688505710659959, 0.6680802664974612, 0.40273128172589057, 1.4384482868020323, 0.32569447969542775, 0.4737763324873127, 0.41214689086294537, 0.265776967005076, 0.6132985406091337, 0.7665161802030457, 0.7776437182741105, 0.4797680837563476, 1.480390545685285, 0.5636526015228446, 0.0980079314720792, 0.23153838832487378, 0.8469768401015229, 1.082367068527919, 0.5182864847715748, 0.4609368654822351, 1.1054781091370591, 0.7519647842639581, 0.37534041878172536, 0.11341529187817462, 1.0147458756345253, 1.122597398477159, 0.3256944796954306, 1.1371487944162466, 1.568554885786804, 0.8247217639593932, 0.4386817893401027, 0.11255932741116963, 0.10656757614213189, 0.7596684644670088, 0.9625320431472097, 0.4523772208121824, 0.16220526649746725, 1.0678156725888341, 1.0857909263959418, 0.9899229060913722, 0.5816278553299492, 0.31799079949238857, 0.7998987944162458, 1.031009200507617, 1.7123569162436614, 0.4849038705583747, 0.7271418147208136, 0.5696443527918795, 1.9126526015228476, 0.1972998096446659, 0.34538166243655094, 0.2914559010152284, 0.28289625634518134, 0.05948953045685493, 1.078087246192894, 0.32055869289340355, 0.7553886421319866, 0.03295463197969758, 0.7819235406091383, 0.32997430203045836, 0.17761262690355412, 0.3342541243654833, 0.09886389593908704, 0.00641973350254023, 1.1645396573604088, 1.1003423223350266, 0.11170336294416465, 0.15878140862944162, 0.05007392131979726, 1.241576459390866, 0.7451170685279211, 1.4316005710659923, 0.547389276649747, 0.21185120558375917, 0.2692008248730988, 0.2272585659898489, 0.3231265862944184, 0.7571005710659937, 0.27176871827411375, 0.7014628807106613, 1.355419733502543, 1.3477160532994925, 0.6150104695431465, 0.7973309010152281, 1.7834019670050805, 0.24951364213197846, 0.5662204949238595, 13.411679251269069, 4.8314914340101645, 0.3616449873096456, 0.3291183375634505, 1.035289022842642, 0.11855107868020168, 0.8538245558375654, 0.2837522208121835, 1.4589914340101549, 0.6997509517766513, 1.0866468908629467, 0.3582211294416228, 0.18874016497462173, 0.8598163071066003, 0.5234222715736075, 1.1046221446700513, 0.4421056472081227, 0.08859232233502438, 0.2905999365482291, 0.3351100888324882, 0.33596605329949325, 1.1140377538071091, 0.8555364847715754, 0.8426970177664977, 2.239631027918785, 0.5413975253807122, 0.40701110406091545, 1.0541202411167545, 0.5576608502538069, 0.49517544416243736, 0.5182864847715719, 0.6073067893401016, 0.21270717005076414, 0.773363895939097, 0.49688737309645015, 0.9325732868020326, 0.2366741751269037, 0.6227141497461942, 0.39160374365482287, 0.40101935279187767, 1.1268772208121867, 0.22212277918781898, 0.3162788705583786, 0.0012839467005074758, 0.3111430837563487, 0.7648042512690385, 1.4572795050761476, 0.624426078680204, 1.0173137690355345, 0.03038673857868263, 0.34880552030457085, 0.15535755076142166, 1.0892147842639617, 0.8153061548223355, 0.17418876903553132, 1.0267293781725892, 1.1268772208121867, 0.6586646573604064, 0.34024587563451814, 0.7065986675126912, 0.8512566624365506, 0.6603765862944163, 1.3511399111675153, 0.28460818527918563, 1.403353743654825, 0.9026145304568552, 0.6655123730964463, 0.919733819796955, 1.201346129441629, 0.6860555203045687, 2.689012373096462, 0.25036960659898627, 0.3034394035532982, 1.1354368654822364, 0.15278965736040673, 0.30258343908629315, 0.6535288705583794, 1.1936424492385813, 0.23667417512690656, 0.19045209390863457, 1.6447357233502589, 0.2709127538071088, 0.37448445431472316, 0.6124425761421345, 0.30600729695431594, 0.39160374365482287, 1.3297407994923907, 0.19558788071065877, 0.7998987944162458, 1.2141855964467008, 0.21613102791878694, 0.384756027918783, 0.23325031725888376, 0.05777760152284211, 1.6259045050761436, 0.9710916878172596, 0.06291338832487486, 1.0241614847715743, 0.9890669416243729, 0.16648508883248933, 0.998482550761422, 0.511438769035532, 0.2032915609137093, 0.6073067893401016, 0.7220060279187922, 0.07832074873096458, 0.9625320431472097, 1.8287680837563476, 1.5000777284264082, 0.7357014593908635, 0.28204029187817353, 0.5140066624365498, 0.30258343908629315, 0.38133217005076026, 0.3975954949238606, 0.45408914974619524, 0.837561230964468, 0.9300053934010262, 0.23838610406091368, 0.7553886421319866, 0.754532677664976, 0.00042798223350534287, 0.7904831852791909, 0.7571005710659908, 0.1356703680203042, 1.0643918147208142, 0.6115866116751266, 0.6098746827411194, 0.0663372461928891, 2.377441307106608, 0.636409581218274, 0.6021710025380718, 0.43525793147208275, 0.7228619923857887, 0.9471246827411173, 0.25036960659898344, 0.7168702411167509, 1.4067776015228477, 0.07575285532994963, 0.1990117385786787, 1.1071900380710664, 0.760524428934011, 0.38304409898477304, 1.0900707487309667, 0.6826316624365517, 0.9137420685279228, 0.1699089467005064, 0.4147147842639603, 0.18274841370558687, 1.0438486675126948, 1.4966538705583767, 0.05264181472081221, 1.2698232868020334, 1.643023794416249, 2.0350555203045744, 1.491518083756347, 0.635553616751269, 1.6960935913705637, 0.06462531725888199, 0.19387595177664882, 0.5696443527918766, 1.6241925761421339, 0.6809197335025445, 0.8666640228426431, 0.2118512055837563, 0.6252820431472119, 0.9702357233502575, 0.4386817893400998, 0.22897049492385602, 0.11855107868020168, 1.1054781091370565, 0.06548128172588982, 0.2238347081218261, 0.8760796319796952, 0.4489533629441653, 0.020971129441624957, 0.7451170685279211, 0.11427125634517675, 0.6997509517766513, 0.5508131345177699, 0.7939070431472081, 0.423274428934013, 1.5471557741116766, 0.15278965736040673, 0.2229787436548211, 1.326316941624368, 0.09030425126903434, 0.6766399111675139, 0.41300285532995035, 1.573690672588834, 1.065247779187822, 0.8512566624365506, 1.2955022208121856, 0.09544003807106426, 0.2614971446700511, 1.8159286167512727, 0.5841957487309642, 1.0840789974619318, 0.7648042512690385, 0.3599330583756356, 0.6252820431472119, 0.33596605329949036, 0.5747801395939094, 1.7020853426395957, 1.3151894035533032, 1.2492801395939108, 1.6935256979695488, 1.0875028553299517, 0.4147147842639603, 0.9659559010152298, 1.0019064086294418, 0.06633724619289195, 0.17504473350253916, 0.7853473984771612, 0.08174460659898451, 2.85506947969544, 1.5163410532994972, 1.0250174492385793, 0.19901173857868157, 0.39245970812183073, 1.0438486675126948, 0.12368686548223157, 0.020971129441622105, 93.59072684010174, 93.42038991116773, 81.12103648477176, 73.36086262690374, 57.14975158629455, 27.4589121192894, 10.883160215736067, 0.6192902918781827, 0.2854641497461963, 0.3924597081218279, 0.7750758248730956, 1.1799470177664986, 0.24865767766497063, 0.6894793781725915, 0.7673721446700508, 0.12454282994923942, 0.7305656725888335, 0.40957899746192755, 1.4221849619289375, 1.2390085659898509, 0.7998987944162458, 0.2469457487309635, 0.9231576776649777, 0.22897049492385602, 1.083223032994924, 1.0969184644670122, 0.6501050126903565, 1.286942576142133, 0.35051744923857797, 0.508870875634517, 2.2653099619289376, 0.6021710025380718, 0.7998987944162458, 1.2167534898477157, 0.9830751903553322, 1.571978743654824, 0.14850983502537896, 1.2176094543147236, 0.704886738578684, 0.6886234137055837, 1.1114698604060942, 0.28717607868020345, 1.0087541243654847, 1.7115009517766535, 0.6646564086294413, 1.8775580583756375, 0.2341062817258916, 0.5413975253807093, 0.12283090101522659, 0.3445256979695459, 0.9291494289340126, 0.012411484771575118, 0.7844914340101561, 0.32055869289340355, 0.8658080583756352, 0.20414752538071146, 0.27176871827411375, 0.9231576776649777, 0.43782582487309774, 0.4078670685279147, 0.6706481598984789, 1.3751069162436578, 0.11855107868020168, 0.21613102791878694, 0.5242782360406125, 1.652439403553301, 0.5799159263959421, 0.4789121192893398, 1.333164657360408, 0.32398255076142063, 0.8974787436548225, 0.6115866116751266, 0.6141545050761416, 0.2580732868020311, 0.8486887690355356, 1.607929251269039, 1.3083416878172605, 0.7357014593908664, 4.655162753807121, 1.6772623730964484, 0.7057427030456891, 0.6483930837563466, 6.270367703045702, 0.22469067258883108, 1.0524083121827417, 0.8016107233502558, 0.951404505076145, 0.08345653553299448, 1.0986303934010193, 2.2267915609137137, 0.15450158629441957, 0.3736284898477154, 0.03552252538071253, 1.0532642766497466, 0.012411484771575118, 0.3522293781725879, 0.8418410532994958, 0.10399968274111694, 1.3442921954314753, 1.0438486675126948, 0.4052991751269026, 0.91545399746193, 1.272391180203048, 1.2210333121827461, 0.8298575507614231, 0.19986770304568083, 1.9349076776649798, 0.6432572969543167, 0.2640650380710689, 0.8983347081218275, 1.8981012055837654, 0.40957899746192755, 1.0190256979695473, 0.5063029822335021, 1.4179051395939095, 0.8204419416243682, 0.42413039340101794, 1.2347287436548233, 0.2118512055837563, 1.2099057741116759, 1.2458562817258907, 0.27519257614213083, 0.8598163071066033, 0.04408217005075952, 0.6595206218274142, 2.300404505076148, 0.06034549492385706, 0.578203997461935, 1.4042097081218299, 1.8681424492385854, 0.20072366751268866, 2.3098201142132027, 0.6817756979695466, 0.4421056472081227, 1.563419098984777, 2.6693251903553357, 0.7245739213197987, 1.0027623730964497, 0.9043264593908737, 0.6509609771573615, 1.1106138959390892, 359.31462404822423, 354.29268052030545, 352.19813546954396, 0.5782039974619322, 1.7397477791878209, 1.3716830583756376, 0.3522293781725879, 0.5422534898477172, 0.7844914340101533, 0.584195748730967, 0.711734454314721, 1.152556154822339, 2.4647496827411217, 1.0738074238578692, 0.7553886421319866, 0.6252820431472091, 0.13567036802030705, 0.8110263324873134, 0.6261380076142169, 0.3316862309644683, 0.5987471446700546, 0.8161621192893433, 0.31884676395939643, 1.7996652918781781, 0.7485409263959412, 0.5653645304568545, 0.7374133883248735, 1.2689673223350284, 0.8178740482233533, 0.5405415609137072, 1.858726840101525, 0.5354057741116773, 0.874367703045688, 1.0541202411167516, 0.467784581218275, 0.5448213832487321, 0.02867480964467266, 0.007275697969545214, 0.3265504441624355, 0.25636135786802117, 1.206481916243656, 0.6175783629441642, 0.8889190989847783, 1.447863895939087, 1.6027934644670176, 0.9231576776649749, 2.290988895939093, 0.9454127538071073, 0.6466811548223366, 0.7810675761421391, 2.7412262055837657, 1.6156329314720839, 0.6578086928934072, 0.6287059010152319, 0.7870593274111682, 0.4395377538071105, 1.4170491751269048, 2.1043886421319837, 0.6184343274111664, 0.27176871827411375, 2.629094860406096, 0.11512722081218459, 1.040424809644672, 0.2084273477157364, 1.6182008248730988, 0.3804762055837552, 0.059489530456857787, 1.3066297588832532, 0.05520970812182716, 1.8835498096446723, 0.7947630076142159, 1.207337880710661, 1.072951459390867, 0.7887712563451782, 0.5850517131979663, 0.37790831218274024, 0.30771922588832595, 0.3308302664974576, 0.17162087563451353, 0.19558788071065877, 0.6252820431472091, 0.4985993020304601, 0.34966148477157294, 0.5936113578680248, 1.3169013324873131, 0.34538166243654805, 0.3445256979695459, 0.2375301395939087, 1.0250174492385793, 0.08602442893400944, 0.6851995558375665, 0.27005678934010663, 0.5662204949238595, 0.6150104695431465, 0.5687883883248745, 0.44638546954315045, 0.5739241751269072, 0.05520970812182716, 0.30600729695431594, 0.717726205583756, 1.2270250634517812, 1.1491322969543192, 1.6284723984771614, 1.361411484771575, 0.5687883883248745, 1.4358803934010171, 0.3907477791878208, 1.9426113578680246, 0.8777915609137079, 1.0061862309644696, 0.7648042512690385, 1.428176713197978, 0.2383861040609165, 1.4238968908629475, 0.420706535532998, 0.6954711294416235, 0.5525250634517799, 1.0952065355329965, 0.7416932106598983, 0.10656757614213189, 1.5771145304568652, 1.0327211294416356, 0.3975954949238606, 0.30001554568527533, 0.8469768401015229, 1.0883588197969567, 0.4729203680203078, 1.4572795050761447, 0.2828962563451785, 1.5557154187817293, 0.47463229695431775, 0.5636526015228446, 1.3134774746192903, 1.7748423223350278, 2.0059527284263994, 0.7434051395939083, 0.024394987309644893, 0.44039371827411267, 0.4472414340101582, 0.7750758248730956, 0.5516690989847748, 0.5388296319796944, 0.25636135786801834, 1.2672553934010184, 1.1679635152284287, 0.27176871827411375, 1.492374048223352, 0.8144501903553305, 1.1876506979695463, 1.559995241116757, 0.432690038071065, 0.8563924492385804, 0.25636135786802117, 1.0335770939086322, 0.43782582487309774, 0.5319819162436544, 0.9223017131979698, 1.0489844543147246, 0.5936113578680248, 0.7228619923857887, 0.03980234771573745, 1.2681113578680234, 0.8281456218274131, 0.4266982868020301, 1.355419733502543, 0.9942027284264028, 0.8735117385786801, 0.09886389593908419, 0.7725079314720806, 0.5944673223350269, 0.3325421954314733, 1.5146291243654872, 0.673216053299494, 1.396506027918785, 0.7425491751269033, 0.27176871827411375, 0.9916348350253879, 0.25636135786801834, 2.813983185279195, 0.9650999365482277, 0.6509609771573615, 1.937475571065992, 0.6269939720812248, 1.3040618654822382, 0.386467956852793, 1.0250174492385793, 0.3351100888324882, 0.4215625000000059, 0.07660881979695461, 0.11940704314720665, 0.35565323604060783, 0.9522604695431472, 0.08773635786802225, 0.09886389593908419, 0.15193369289340458, 1.3074857233502555, 0.020115164974614273, 0.44638546954315045, 0.039802347715734605, 0.5251342005076175, 0.033810596446705414, 0.183604378172589, 0.6107306472081215, 0.6312737944162469, 0.8683759517766502, 0.3821881345177652, 1.35884359137056, 0.8247217639593932, 0.3470935913705609, 0.6603765862944163, 1.6729825507614235, 0.5259901649746225, 1.3768188451776677, 0.5944673223350269, 0.5799159263959421, 0.8341373730964481, 0.15278965736040673, 0.2640650380710689, 0.5037350888324872, 0.40615513959390764, 1.433312500000008, 0.34538166243654805, 0.4275542512690379, 0.6552407994923921, 0.4027312817258876, 0.2067154187817264, 0.6946151649746213, 1.285230647208123, 0.11170336294416465, 0.7545326776649788, 1.1499882614213242, 2.3620339467005125, 0.1921640228426417, 0.2546494289340084, 0.9779394035532996, 0.49945526649746513, 0.3821881345177652, 0.6227141497461942, 1.321181154822338, 0.28546414974619344, 0.6578086928934072, 1.2912223984771607, 0.3761963832487332, 2.6393664340101615, 0.05863356598984995, 0.6269939720812248, 0.420706535532998, 0.9248696065989849, 0.2597852157360411, 0.06633724619289195, 0.49346351522843024, 1.601937500000004, 0.12197493654822444, 0.5114387690355349, 0.2366741751269037, 0.432690038071065, 1.1303010786802037, 0.6150104695431465, 0.4489533629441653, 0.4112909263959432, 1.9015250634517826, 0.7716519670050785, 1.035289022842642, 2.5529140228426463, 0.32055869289340355, 0.15107772842639391, 1.3100536167512704, 0.5705003172588873, 0.5482452411167549, 0.5140066624365527, 0.4831919416243647, 0.5148626269035548, 1.3143334390862953, 1.6310402918781763, 0.8563924492385804, 0.2709127538071088, 1.3828105964467055, 0.6869114847715765, 0.5525250634517799, 0.24865767766497063, 1.158547906091374, 0.12711072335025436, 0.012411484771575118, 0.12539879441624152, 0.707454631979696, 2.302972398477163, 0.04579409898476949, 0.09886389593908704, 0.6492490482233516, 0.7023188451776663, 0.38903585025380794, 0.1613493020304594, 0.5063029822335021, 1.447007931472085, 0.2375301395939087, 0.28460818527918846, 1.0541202411167545, 1.2184654187817285, 0.23325031725888376, 0.9377090736040625, 0.08944828680203222, 0.2923118654822362, 0.2067154187817264, 0.3008715101522832, 0.20243559644669865, 1.2355847081218283, 1.9605866116751351, 1.1508442258883262, 0.041514276649744566, 0.025250951776649874, 0.2709127538071088, 0.787915291878176, 0.7023188451776663, 0.6526729060913772, 1.4127693527918799, 1.2972141497461955, 0.5105828045685271, 2.1138042512690385, 0.28546414974619344, 0.6757839467005089, 0.9685237944162504, 1.1885066624365512, 0.6192902918781827, 1.6216246827411216, 1.129445114213199, 1.3691151649746314, 0.2769045050761408, 0.7964749365482259, 1.0875028553299517, 0.19558788071065877, 0.5610847081218296, 1.6318962563451815, 0.15364562182740887, 0.4609368654822351, 0.1861722715736068, 0.6372655456852788, 1.114893718274114, 1.3751069162436578, 1.1499882614213242, 0.9462687182741124, 0.6997509517766513, 2.5666094543147264, 0.6980390228426413, 1.6592871192893437, 2.137771256345184, 0.2837522208121835, 0.13909422588832698, 0.9625320431472127, 0.30258343908629315, 1.333164657360408, 1.115749682741119, 1.1885066624365483, 2.2841411802030533, 2.4707414340101566, 3.7418486675127003, 0.912886104060915, 0.45066529187817245, 0.23581821065989586, 2.3551862309644727, 0.9368531091370603, 1.7825460025380844, 1.7577230329949283, 1.6259045050761465, 0.9120301395939158, 2.288421002538078, 0.5893315355329941, 0.8212979060913704, 0.5953232868020291, 0.3094311548223359, 1.2655434644670083, 1.037000951776652, 0.5739241751269072, 0.25293749999999837, 0.43012214467005, 1.990545368020318, 2.620535215736046, 0.48918369289340247, 1.1893626269035646, 1.97856186548224, 0.1887401649746189, 0.09629600253807208, 1.977705901015235, 0.674927982233501, 0.7314216370558414, 1.0558321700507616, 0.14765387055837398, 0.4395377538071105, 0.34966148477157294, 0.3025834390862903, 1.272391180203051, 1.199634200507616, 2.1548905456852836, 0.2923118654822362, 1.0181697335025395, 1.4975098350253817, 0.6227141497461942, 0.43440196700507777, 1.5360282360406117, 0.2512255710659856, 0.756244606598986, 0.07660881979695176, 1.0173137690355345, 0.91545399746193, 1.6678467639593935, 0.00042798223350534287, 2.267877855329953, 1.5214768401015242, 1.6738385152284283, 0.8563924492385804, 0.9719476522842646, 0.2974476522842661, 95.95062087563474, 92.08422937817281, 81.93591465736061, 66.87265196700523, 52.61313991116765, 20.646290926395984, 4.0482839467005185, 0.2803283629441636, 0.47035247461929564, 0.12026300761420879, 0.07660881979695461, 1.4581354695431525, 0.07660881979695461, 1.146564403553304, 0.5619406725888318, 1.6806862309644712, 0.5679324238578695, 0.995058692893405, 0.3231265862944184, 0.20072366751268866, 0.8589603426395983, 0.8846392766497505, 0.15878140862944162, 0.9411329314720824, 0.8632401649746203, 1.5848182106599071, 1.2715352157360431, 0.7579565355329959, 1.0875028553299517, 0.9068943527918802, 1.6635669416243715, 1.6164888959390886, 0.6997509517766513, 1.0361449873096469, 0.39160374365482287, 0.23667417512690656, 0.2940237944162433, 0.15963737309644943, 1.031865164974622, 0.6980390228426413, 0.710878489847719, 0.6526729060913772, 0.4609368654822323, 0.3727725253807132, 0.9864990482233523, 0.9847871192893423, 0.2914559010152284, 0.37534041878172536, 1.0592560279187844, 0.11598318527918672, 0.5165745558375676, 0.5114387690355349, 1.4521437182741146, 1.5351722715736096, 0.8264336928934032, 1.5890980329949294, 0.8041786167512708, 0.5516690989847748, 0.312855012690353, 0.227258565989846, 0.2341062817258916, 1.3870904187817275, 1.4701189720812193, 0.49346351522843024, 0.7416932106598983, 0.34281376903553595, 0.6929032360406086, 0.4523772208121824, 0.09116021573603934, 3.407166560913712, 0.061201459390864896, 1.146564403553304, 0.3351100888324882, 0.704030774111682, 0.8940548857868026, 2.2704457487309737, 0.16648508883248933, 1.2270250634517812, 0.14508597715736188, 0.15022176395939177, 1.7679946065989909, 0.37448445431472316, 0.43782582487309774, 0.4523772208121824, 1.0472725253807147, 1.4042097081218328, 0.6073067893401016, 1.726908312182743, 0.5225663071065997, 0.220410850253809, 1.1833708756345185, 0.2075713832487314, 1.5531475253807143, 0.4044432106599005, 1.2595517131979708, 0.9248696065989849, 1.6712706218274136, 0.19986770304568083, 0.17932455583756124, 1.1448524746192914, 0.9265815355329948, 0.7314216370558414, 0.36592480964467056, 0.12283090101522373, 0.5063029822335021, 1.6592871192893437, 0.710878489847719, 0.5713562817258895, 3.2744920685279277, 0.8444089467005078, 0.423274428934013, 0.2032915609137093, 0.8931989213198004, 1.3400123730964477, 0.10485564720811907, 1.3032059010152246, 0.3933156725888386, 0.8093144035533006, 2.3603220177665025, 0.6090187182741116, 0.6269939720812248, 1.1825149111675135, 1.0558321700507645, 1.777410215736043, 1.037856916243657, 0.14508597715735902, 0.9505485406091372, 1.2193213832487335, 0.10399968274111694, 0.7125904187817289, 1.146564403553304, 1.5950897842639613, 1.2792388959390937, 0.9573962563451771, 1.5557154187817293, 0.48918369289340247, 0.6595206218274142, 0.19644384517766375, 1.5368842005076166, 0.3214146573604085, 0.44039371827411267, 0.3907477791878179, 0.5431094543147221, 0.12283090101522373, 1.0695276015228443, 0.0320986675126926, 0.23153838832487666, 0.7904831852791909, 1.3040618654822382, 0.09030425126903434, 0.5122947335025371, 1.4093454949238629, 1.0113220177664968, 0.08431250000000232, 0.7665161802030457, 1.8210644035533086, 0.6929032360406086, 1.0198816624365552, 1.9580187182741144, 2.9440897842639697, 1.8167845812182806, 0.515718591370557, 1.2963581852791877, 0.10656757614213189, 1.6224806472081237, 1.0686716370558391, 1.3742509517766528, 0.47206440355330276, 1.2501361040609187, 0.5739241751269044, 1.7834019670050805, 1.0233055203045693, 0.2674888959390917, 1.2355847081218283, 0.3719165609137083, 1.5377401649746245, 0.8392731598984808, 1.5993696065989864, 0.7434051395939083, 0.2520815355329934, 0.9753715101522845, 0.6937592005076164, 0.8504006979695428, 0.2649210025380767, 0.14080615482233697, 0.43525793147208275, 0.2589292512690361, 1.6327522208121865, 2.9252585659898545, 0.47463229695431775, 0.18274841370558687, 0.30001554568527533, 0.21869892131979904, 1.2903664340101557, 0.4446735406091433, 0.016691307106597185, 0.12454282994923942, 0.07746478426396246, 0.018403236040607153, 0.03809041878172748, 0.20072366751268866, 0.9787953680203074, 1.0652477791878192, 0.992490799492387, 1.6995174492385807, 0.014979378172584367, 0.5131506979695419, 0.15963737309645232, 2.047894987309649, 0.7442611040609133, 4.504513007614227, 1.1277331852791888, 2.3842890228426477, 0.014979378172587219, 0.5824838197969571, 0.6552407994923864, 1.2997820431472107, 0.8478328045685277, 1.9058048857868046, 0.36335691624365557, 0.6192902918781827, 0.2674888959390917, 0.4737763324873127, 0.7802116116751255, 0.09372810913705713, 1.9802737944162496, 1.3699711294416277, 0.6081627538071095, 1.4384482868020323, 0.8974787436548254, 0.17675666243654628, 1.2244571700507663, 0.03466656091370755, 0.9009026015228424, 0.17076491116751139, 0.4078670685279176, 1.7585789974619332, 0.21185120558375917, 0.01326744923857725, 0.08431250000000232, 0.43782582487309774, 0.21869892131979904, 0.3590770939086278, 0.6210022208121814, 1.6344641497461962, 0.9385650380710703, 1.0857909263959418, 0.9368531091370575, 1.7243404187817308, 2.9620650380710747, 0.5533810279187847, 0.8735117385786801, 0.5713562817258895, 0.13909422588832698, 1.3819546319796976, 2.045327093908634, 1.1885066624365512, 0.8717998096446731, 0.7536767131979709, 0.38903585025380794, 0.3804762055837552, 1.152556154822339, 0.15535755076142166, 0.9385650380710674, 0.5525250634517799, 0.5602287436548218, 3.256516814720823, 2.492140545685287, 1.6995174492385807, 0.4147147842639603, 1.1328689720812217, 0.704030774111682, 0.9368531091370603, 0.7031748096446742, 0.01754727157360217, 0.6287059010152319, 0.5354057741116773, 0.5816278553299492, 1.510349302030465, 0.38304409898477304, 0.3933156725888357, 0.20157963197969653, 1.5557154187817293, 0.28717607868020345, 0.36592480964467056, 1.7012293781725907, 2.0718619923857915, 1.0986303934010193, 1.2972141497461955, 0.31884676395939643, 0.9205897842639628, 1.0429927030456927, 1.5676989213198018, 1.0181697335025424, 0.18702823604060892, 0.5277020939086297, 0.9993385152284271, 0.19387595177665165, 0.9625320431472127, 0.46008090101523014, 1.6002255710659912, 0.4284102157360429, 1.517197017766499, 0.3085751903553309, 0.46949651015228494, 0.20414752538071146, 0.6389774746192889, 0.756244606598986, 0.220410850253809, 0.9728036167512697, 0.8272896573604167, 0.07917671319796955, 1.078087246192894, 0.6620885152284263, 0.48404790609137255, 0.6312737944162469, 0.23496224619289374, 1.8227763324873154, 0.34880552030457085, 1.041280774111677, 0.6937592005076136, 0.04065831218273674, 0.08944828680203222, 1.2527039974619336, 0.17675666243654342, 2.105244606598992, 0.4164267131979731, 1.4940859771573618, 1.922068210659902, 2.4245193527918873, 1.6224806472081237, 0.998482550761422, 0.41300285532995035, 0.027818845177661977, 0.19558788071065877, 0.7622363578680237, 1.8253442258883306, 1.489806154822337, 1.2980701142132005, 0.34024587563451814, 0.8384171954314759, 0.9137420685279228, 2.199400697969548, 0.9488366116751272, 0.9608201142131999, 0.22469067258883393, 0.12454282994923656, 0.7228619923857887, 0.16306123096446654, 0.1699089467005064, 1.5377401649746245, 1.5557154187817293, 0.10742354060913689, 0.7468289974619283, 0.14423001269035404, 0.7536767131979709, 0.9548283629441621, 0.21185120558375917, 1.1799470177665015, 0.7853473984771612, 0.08602442893401228, 1.079799175126907, 0.08431250000000232, 1.1482763324873113, 1.0994863578680216, 0.6004590736040646, 1.5582833121827444, 0.23496224619289374, 0.3470935913705609, 1.4059216370558427, 1.088358819796954, 0.16049333756345444, 1.2270250634517812, 0.9830751903553322, 0.36335691624365557, 1.883549809644675, 0.2974476522842661, 0.8803594543147227, 1.2218892766497484, 0.6740720177664988, 0.12625475888324939, 1.2698232868020334, 0.006419733502537379, 0.341101840101526, 0.24780171319796848, 0.7442611040609133, 0.07575285532994963, 0.011555520304570133, 0.183604378172589, 1.8013772208121852, 1.6909578045685312, 0.145941941624364, 0.7930510786802031, 0.43440196700507494, 0.31884676395939643, 0.03038673857867978, 0.17932455583756124, 0.6620885152284263, 1.0258734137055845, 1.4067776015228477, 1.967434327411172, 0.9437008248730974, 0.3547972715736029, 0.2186989213197962, 0.047506027918779455, 0.4523772208121824, 0.7485409263959412, 97.06251871827435, 95.76830044416268, 86.39891338832507, 75.42031313451795, 30.247644352791944, 23.996535850253863, 1.356275697969551, 1.0267293781725892, 0.49774333756345224, 0.2700567893401038, 0.12625475888325222, 0.8837833121827429, 1.4564235406091397, 0.3573651649746178, 0.3085751903553309, 0.8914869923857877, 1.1534121192893412, 0.5345498096446695, 0.4849038705583747, 0.8195859771573604, 0.5756361040609201, 1.367403236040613, 0.17761262690355695, 0.08773635786802225, 1.3305967639593985, 0.1733328045685292, 1.6336081852791913, 1.35199587563452, 0.16562912436548435, 1.562563134517769, 0.16648508883248933, 0.9077503172588852, 0.07404092639593965, 1.6053613578680241, 2.9286824238578744, 0.7844914340101533, 0.544821383248735, 0.6501050126903565, 0.7553886421319866, 0.8349933375634587, 0.9111741751269079, 0.8426970177664977, 0.9026145304568552, 0.056921637055839976, 0.06205742385786988, 0.876079631979698, 0.3025834390862903, 0.22897049492385885, 0.7630923223350258, 0.2905999365482291, 0.9026145304568552, 0.5636526015228418, 0.2948797588832512, 0.16391719543147437, 1.0087541243654847, 1.9871215101522866, 0.8700878807106602, 0.0012839467005074758, 0.42241846446700515, 0.5516690989847748, 0.06719321065989693, 0.7939070431472081, 0.3599330583756385, 1.3699711294416277, 1.524044733502542, 0.5610847081218296, 0.5713562817258895, 0.6201462563451793, 0.2760485406091358, 0.18018052030456905, 0.755388642131981, 1.034433058375634, 1.1354368654822364, 0.49945526649746225, 1.5163410532994972, 0.29659168781726114, 0.4489533629441653, 0.30429536802030593, 0.09886389593908419, 0.03038673857868263, 1.8321919416243675, 2.249902601522848, 0.5345498096446695, 0.8238657994923854, 0.6304178299492419, 0.5824838197969571, 0.04408217005075952, 0.34966148477157294, 0.11855107868020168, 2.0222160532994997, 1.3297407994923907, 0.592755393401014, 0.5687883883248745, 1.9554508248730993, 0.014123413705582233, 1.3699711294416277, 0.07660881979695461, 1.2364406725888333, 0.6869114847715736, 0.23410628172588874, 0.4258423223350279, 0.33938991116751316, 0.9034704949238574, 0.27519257614213083, 0.5610847081218268, 2.048750951776654, 0.8110263324873134, 1.6687027284264013, 1.2218892766497513, 0.18018052030456905, 0.3804762055837552, 1.313477474619293, 0.32997430203045836, 0.21185120558375917, 1.772274428934013, 0.7425491751269033, 0.20157963197969653, 0.9000466370558375, 0.27091275380710594, 0.39160374365482287, 0.6098746827411194, 0.5722122461928945, 0.031242703045690465, 0.18018052030456905, 0.1998677030456837, 0.3693486675126933, 1.4136253172588877, 0.2050034898477136, 0.29915958121827607, 0.43012214467005283, 0.9462687182741124, 1.6695586928934034, 0.7143023477157361, 0.5841957487309642, 1.562563134517769, 0.009843591370560165, 1.4410161802030472, 0.22640260152284103, 0.8041786167512708, 0.2341062817258916, 1.40249777918782, 0.18788420050761676, 0.22897049492385885, 0.22212277918781898, 0.11255932741116963, 0.24608978426396136, 0.2914559010152312, 0.640689403553299, 0.8640961294416253, 1.2492801395939108, 0.32055869289340355, 0.6201462563451793, 1.5403080583756397, 1.7337560279187858, 0.3376779822335032, 0.5268461294416302, 0.4326900380710678, 0.04065831218273674, 0.100575824873097, 0.7031748096446712, 1.558283312182747, 0.9488366116751272, 1.5805383883248767, 0.9437008248730974, 0.20414752538071146, 0.7511088197969561, 0.5679324238578695, 0.03038673857867978, 0.49089562182741525, 0.3924597081218279, 0.5722122461928945, 0.6312737944162469, 0.16306123096446654, 0.21955488578680118, 1.2937902918781758, 0.36849270304568543, 0.9813632614213309, 1.7628588197969581, 1.682398159898481, 1.1131817893401041, 0.36763673857868334, 0.49688737309645015, 1.0549762055837566, 1.2706792512690381, 0.718582170050761, 0.46008090101523014, 0.704886738578684, 0.8298575507614231, 0.9539723984771601, 0.2443778553299514, 0.5705003172588873, 0.3505174492385808, 0.09030425126903434, 0.04237024111674956, 1.6635669416243715, 1.4547116116751297, 0.06291338832487486, 0.1990117385786787, 1.1782350888324915, 1.3708270939086327, 0.4087230329949254, 1.0104660532994947, 0.7673721446700508, 1.2595517131979708, 0.6766399111675139, 0.22469067258883108, 0.054353743654825024, 0.14080615482233697, 0.4874717639593896, 0.12111897208121661, 0.8153061548223355, 0.22126681472081114, 0.6167223984771564, 0.5071589467005071, 0.9034704949238574, 1.8852617385786852, 0.7382693527918784, 0.3573651649746207, 0.800754758883248, 0.9522604695431472, 1.686677982233506, 0.022683058375632073, 0.4985993020304601, 0.038946383248729614, 0.2486576776649735, 0.1425180837563441, 1.7097890228426407, 0.49260755076141954, 1.3348765862944179, 0.666368337563454, 0.869231916243658, 0.5482452411167549, 2.119796002538079, 0.6381215101522839, 1.0558321700507616, 1.283518718274113, 0.4814800126903576, 0.9257255710659897, 0.03723445431471965, 0.8384171954314759, 1.39565006345178, 0.4985993020304601, 0.14423001269035404, 1.8595828045685328, 1.2586957487309656, 0.9188778553299528, 0.7168702411167509, 1.2544159263959436, 0.38561199238579086, 1.9657223984771621, 0.34880552030457085, 0.09458407360405642, 0.3188467639593936, 0.07318496192893183, 1.3691151649746314, 1.2895104695431479, 0.38133217005076026, 0.0748968908629475, 1.7337560279187858, 0.40957899746192755, 1.9914013324873145, 0.6783518401015296, 0.11683914974619171, 0.9565402918781749, 0.6492490482233516, 1.5890980329949294, 1.8767020939086352, 1.6558632614213238, 0.12283090101522373, 0.13395843908629992, 1.244144352791881, 0.9659559010152298, 0.8392731598984808, 0.5054470177664999, 2.040191307106601, 0.9942027284264028, 0.34452569796954874, 0.7065986675126968, 1.7037972715736085, 0.8341373730964481, 0.11255932741116963, 0.5747801395939094, 0.07232899746192684, 0.312855012690353, 1.7782661802030564, 0.7819235406091383, 0.6013150380710696, 0.8589603426395954, 1.0626798857868043, 1.3006380076142183, 0.4429616116751276, 0.5122947335025398, 0.42413039340102077, 0.08174460659898736, 0.8872071700507628, 0.07575285532994963, 0.43012214467005283, 0.3710605964467004, 0.5028791243654851, 0.5148626269035548, 0.45922493654821944, 0.5011671954314751, 0.2888880076142134, 0.05863356598984995, 1.8176405456852829, 0.019259200507614985, 0.6492490482233486, 0.7237179568527908, 0.2623531091370589, 0.7468289974619283, 0.4780561548223348, 0.01326744923857725, 1.8030891497461954, 1.5000777284264082, 1.1037661802030465, 1.5094933375634572, 0.22811453045684815, 2.167730012690364, 0.8563924492385804, 0.05777760152284211, 0.4421056472081227, 0.03466656091370755, 0.7168702411167509, 0.787915291878176, 1.492374048223352, 0.3008715101522832, 0.7802116116751255, 0.24266592639593856, 1.202202093908631, 0.9796513324873095, 0.2067154187817264, 0.5388296319796916, 0.7485409263959412, 0.3522293781725879, 0.5379736675126894, 1.6575751903553335, 0.026962880710659845, 0.9608201142131999, 1.1773791243654836, 0.30600729695431594, 0.8264336928934032, 0.9676678299492426, 0.46264879441624795, 1.4264647842639626, 0.7331335659898485, 0.4566570431472045, 0.7939070431472081, 0.40358724619289266, 1.0952065355329994, 0.37448445431472316, 0.7322776015228435, 293.04328711928997, 1.3194692258883278, 0.8153061548223384, 1.0224495558375646, 0.32740640862944054, 0.3984514593908656, 0.7947630076142159, 0.8906310279187855, 0.32398255076142063, 0.6543848350253842, 0.026962880710659845, 0.07061706852791973, 0.4583689720812202, 0.627849936548227, 0.29573572335025616, 0.38561199238578797, 0.5550929568527919, 0.9248696065989849, 0.11255932741116963, 0.8974787436548254, 0.2537934644670005, 0.14508597715735902, 0.9368531091370603, 0.06633724619289195, 0.19387595177665165, 0.3214146573604085, 1.0635358502538095, 0.2692008248730988, 0.45408914974619524, 0.25036960659898627, 1.705509200507627, 0.3975954949238606, 0.00898762690355518, 0.9163099619289379, 0.5859076776649742, 0.5011671954314779, 0.43354600253806996, 0.6090187182741116, 0.5790599619289372, 1.203914022842644, 1.364835342639595, 0.5336938451776644, 0.4797680837563476, 0.3839000634517752, 1.5497236675126944, 0.14080615482233697, 0.7314216370558414, 1.2860866116751282, 0.48404790609137255, 0.5080149111675093, 0.044938134517767354, 0.7682281091370557, 0.4694965101522821, 1.5223328045685292, 0.6715041243654839, 2.120651967005084, 0.3804762055837552, 0.6210022208121814, 0.5824838197969571, 1.034433058375634, 0.6706481598984876, 1.40592163705584, 0.958252220812185, 1.1962103426395991, 0.9616760786802078, 1.0994863578680216, 0.04493813451776451, 2.3714495558375672, 0.5653645304568545, 0.8358493020304579, 0.07832074873096458, 1.2569838197969556, 0.027818845177664826, 1.9751380076142169, 0.6004590736040617, 1.4743987944162473, 0.05178585025380723, 1.4358803934010171, 1.7029413071066006, 0.4087230329949254, 1.448719860406095, 1.7140688451776713, 0.7202940989847737, 1.601081535532999, 0.47891211928934263, 0.12026300761420879, 0.36335691624365557, 0.39930742385787055, 2.9500815355330046, 0.6526729060913772, 1.0292972715736044, 1.398217956852795, 0.45580107868020237, 1.4572795050761447, 0.05606567258883215, 0.5354057741116744, 1.3571316624365501, 0.5371177030456873, 0.07061706852791973, 0.2050034898477136, 0.7245739213197987, 0.7511088197969561, 0.9094622461928951, 1.3305967639593927, 0.9120301395939158, 0.7143023477157361, 0.14423001269035404, 0.5396855964467022, 0.0689051395939069, 0.6911913071065986, 0.7322776015228435, 1.5522915609137093, 0.9265815355329948, 1.1003423223350266, 0.16477315989847935, 0.08602442893401228, 1.401641814720812, 0.9248696065989849, 1.4093454949238629, 0.46521668781726294, 1.0755193527918792, 0.5936113578680219, 0.6115866116751266, 1.6498715101522858, 0.6612325507614214, 1.643023794416249, 1.1491322969543192, 0.9556843274111699, 1.1422845812182765, 0.6783518401015296, 0.7913391497461931, 1.8792699873096474, 1.3699711294416277, 0.592755393401014, 0.5636526015228418, 0.5097268401015249, 0.9282934644670077, 0.18874016497462173, 1.3870904187817275, 1.1063340736040614, 0.2058594543147214, 2.785736357868025, 1.6336081852791913, 1.5771145304568566, 1.9109406725888376, 0.7091665609137118, 0.06976110406091189, 0.020115164974614273, 0.5217103426396004, 0.19986770304568083, 0.9342852157360396, 1.1611157994923975, 0.29659168781726114, 0.7690840736040636, 0.6235701142131992, 2.95264942893402, 0.07917671319796955, 0.1493657994923868, 0.038946383248729614, 1.3691151649746314, 0.20928331218274138, 1.368259200507618, 0.41214689086294537, 1.5308924492385818, 0.6098746827411194, 0.31456694162436577, 0.6115866116751266, 0.6817756979695466, 0.9933467639593949, 0.6201462563451793, 1.6746944796954333, 0.8204419416243655, 1.155980012690356, 0.3222706218274135, 0.32398255076142063, 1.4093454949238629, 1.2920783629441657, 0.5516690989847748, 0.28717607868020345, 1.3990739213198, 1.2295929568527961, 1.3066297588832532, 0.8469768401015229, 0.7571005710659908, 0.4275542512690379, 0.9257255710659926, 0.5627966370558367, 0.22982645939086382, 0.03723445431471965, 0.6227141497461942, 1.2895104695431479, 0.832425444162438, 1.7705625000000031, 2.4664616116751317, 1.065247779187822, 0.0021399111675096086, 0.10999143401015468, 0.03295463197969758, 0.8367052664974658, 0.17932455583756124, 0.9505485406091372, 0.13652633248731202, 0.2537934644670005, 0.15792544416243665, 1.7525872461928955, 0.35137341370558006, 0.2614971446700482, 0.011555520304567283, 1.9246361040609201, 1.6960935913705608, 0.10827950507614756, 0.504591053299495, 1.7970973984771632, 0.5978911802030468, 0.8204419416243682, 1.4076335659898556, 0.5867636421319792, 0.5191424492385825, 1.2124736675126935, 1.1808029822335036, 0.47634422588832487, 0.16648508883248933, 1.0618239213197993, 0.3256944796954306, 0.22811453045684815, 0.19301998730964384, 0.2238347081218261, 0.1622052664974644, 0.7091665609137118, 1.1191735406091419, 0.13995019035533196, 1.0147458756345253, 1.9631545050761443, 1.9563067893401045, 0.9385650380710703, 1.4555675761421376, 0.16049333756345158, 0.26577696700507886, 3.057933058375644, 0.5799159263959421, 0.673216053299494, 0.7896272208121831, 0.6988949873096464, 1.2706792512690352, 0.6073067893401016, 0.9599641497461949, 0.09544003807106426, 0.7202940989847737, 1.1071900380710664, 0.7998987944162458, 1.034433058375634, 0.10314371827411196, 0.47891211928934263, 0.6475371192893415, 1.0558321700507616, 0.029530774111674794, 0.5953232868020291, 0.584195748730967, 0.08859232233502724, 0.5431094543147221, 0.8118822969543212, 0.19558788071065877, 1.197922271573606, 0.5679324238578695, 0.9693797588832526, 0.38218813451776235, 0.138238261421322, 0.03809041878172748, 0.429266180203045, 0.6124425761421315, 0.23838610406091368, 1.5651310279187869, 0.2332503172588809, 2.4870047588832573, 0.423274428934013, 0.2863201142131985, 1.2004901649746211, 0.9659559010152298, 0.7887712563451782, 1.3365885152284305, 0.04665006345177447, 1.532604378172592, 1.357987626903558, 0.05863356598984995, 1.2852306472081259, 1.6318962563451815, 0.8572484137055855, 0.4189946065989909, 1.0096100888324897, 1.4161932106599027, 1.0849349619289368, 1.2253131345177741, 0.8409850888324879, 1.6661348350253866, 0.03980234771573745, 1.2698232868020334, 0.11255932741116963, 1.6053613578680241, 0.39245970812183073, 0.07917671319796672, 0.06462531725888199, 0.6851995558375665, 0.11255932741116963, 0.10485564720812192, 1.6455916878172612, 0.02610691624365771, 1.2955022208121856, 1.0926386421319845, 1.2681113578680205, 0.45580107868020525, 2.2096722715736083, 0.6338416878172618, 0.7536767131979709, 0.12368686548223443, 1.3785307741116803, 0.8290015862944181, 1.8262001903553327, 0.8889190989847726, 0.22126681472081114, 1.028441307106602, 0.25636135786801834, 1.4632712563451824, 0.9522604695431472, 2.2028245558375685, 0.6013150380710724, 0.9728036167512697, 0.08944828680203222, 0.8272896573604167, 1.682398159898481, 1.3828105964467055, 1.8390396573604104, 0.031242703045690465, 0.3025834390862903, 0.35650920050761287, 0.6903353426395935, 0.4489533629441653, 1.2535599619289415, 0.40701110406091545, 0.2409539974619315, 0.33596605329949036, 0.17761262690355412, 1.0558321700507645, 1.3828105964467055, 0.2443778553299514, 0.1630612309644694, 0.016691307106600037, 1.9973930837563494, 0.1433740482233519, 1.930627855329952, 0.02182709390862994, 0.20757138324872854, 0.6697921954314741, 0.2546494289340084, 0.12882265228426434, 0.12197493654822444, 0.9402769670050831, 0.04493813451776451, 0.9308613578680226, 1.0130339467005096, 0.43440196700507494, 2.042759200507619, 0.6415453680203038, 90.92867734771596, 76.13333153553317, 67.34856821066006, 62.71865640862959, 31.39806059644678, 18.487548540609183, 0.11512722081218459, 0.039802347715734605, 0.9248696065989849, 1.3083416878172605, 1.4179051395939126, 0.3299743020304555, 2.8465098350253903, 0.09201618020304718, 1.4102014593908647, 1.5993696065989864, 0.5140066624365498, 0.5388296319796916, 0.9017585659898503, 1.2972141497461955, 0.40187531725888553, 0.46436072335025225, 0.432690038071065, 1.080655139593909, 0.2555053934010162, 0.41985057106599016, 1.5368842005076166, 0.8281456218274131, 0.8101703680203055, 1.320325190355333, 0.12197493654822444, 0.029530774111674794, 1.5454438451776666, 0.7759317893401034, 0.09971986040608917, 0.5602287436548218, 1.2236012055837613, 0.4275542512690379, 0.00898762690355518, 1.5908099619289362, 0.12967861675126932, 0.5627966370558367, 2.047894987309649, 1.0857909263959389, 0.8709438451776652, 1.043848667512692, 1.2946462563451808, 0.9248696065989849, 1.2629755710659905, 0.12454282994923656, 1.806513007614218, 0.21869892131979904, 0.7853473984771612, 0.7827795050761432, 0.9847871192893423, 0.7519647842639581, 1.0087541243654818, 0.1091354695431497, 0.18189244923857617, 0.6064508248730995, 0.06034549492385706, 1.1174616116751348, 1.206481916243656, 0.27776046954314576, 0.00641973350254023, 0.5328378807106623, 0.7939070431472081, 1.361411484771575, 2.344058692893408, 0.2144190989847741, 0.24780171319797134, 1.0173137690355403, 0.15278965736040673, 0.9856430837563445, 0.9916348350253879, 0.41043496192893253, 0.9993385152284271, 0.312855012690353, 0.20757138324872854, 0.4480973984771604, 2.1523226522842687, 0.07575285532994963, 0.2794723984771557, 1.842463515228433, 2.0367674492385843, 1.6806862309644712, 0.0004279822335024919, 0.8221538705583753, 1.2047699873096458, 0.5722122461928945, 1.074663388324877, 0.47463229695431775, 0.5927553934010169, 1.568554885786804, 0.5764920685279222, 0.08003267766497454, 0.37448445431472316, 0.49346351522843024, 0.03723445431471965, 1.9100847081218297, 0.6894793781725915, 0.4849038705583747, 0.49431947969543233, 1.3913702411167523, 1.2193213832487335, 0.6860555203045687, 1.6053613578680241, 0.640689403553299, 0.9265815355329948, 1.5291805203045719, 0.49175158629441745, 0.061201459390864896, 0.5122947335025371, 0.2075713832487314, 0.7425491751269033, 0.2272585659898489, 2.458757931472087, 1.2133296319796985, 1.2903664340101528, 0.6501050126903565, 1.7371798857868057, 0.44381757614213263, 0.9017585659898474, 4.349583439086308, 0.2606411802030461, 0.056921637055842834, 1.8501671954314778, 1.0078981598984798, 4.293945748730978, 1.197066307106601, 1.7183486675126933, 2.268733819796958, 1.5540034898477193, 1.3442921954314753, 0.6877674492385787, 0.004707804568527411, 0.13567036802030705, 1.0104660532994947, 0.3993074238578677, 2.0307756979695495, 0.7391253172588863, 0.7656602157360407, 0.12711072335025436, 1.7012293781725936, 0.9933467639593949, 0.6937592005076164, 0.03295463197969758, 0.6689362309644662, 0.8161621192893433, 0.12967861675126932, 0.559372779187814, 0.49688737309645015, 0.8067465101522856, 0.4001633883248756, 1.148276332487317, 0.2058594543147243, 0.41385881979695816, 0.9300053934010262, 4.65430678934011, 0.059489530456857787, 0.1647731598984822, 0.3761963832487332, 0.4849038705583747, 0.9180218908629478, 0.17076491116751139, 0.011555520304570133, 0.2512255710659884, 0.5431094543147221, 0.5559489213197969, 0.2888880076142134, 1.037856916243657, 0.43354600253806996, 1.2133296319796985, 0.3008715101522832, 0.28803204314721126, 0.45580107868020525, 0.011555520304567283, 0.787915291878176, 0.7947630076142159, 0.11940704314720665, 0.031242703045690465, 1.0096100888324897, 1.206481916243656, 0.4780561548223348, 0.5550929568527947, 0.07832074873096458, 0.9068943527918802, 1.5308924492385818, 0.22897049492385602, 0.9009026015228424, 0.4763442258883277, 0.9856430837563445, 0.8717998096446701, 1.6259045050761436, 1.1046221446700513, 0.6843435913705616, 0.6988949873096464, 2.7266748096446753, 0.4489533629441653, 0.03381059644670256, 0.3376779822335032, 0.718582170050761, 1.5428759517766515, 0.4763442258883277, 0.3881798857868058, 0.7964749365482259, 0.7057427030456891, 0.8349933375634587, 15.564429885786838, 13.43328266494176, 0.7303447606727033, 15.976836998706307, 15.626062095730886, 1.7905226390685611, 15.876490944372541, 3.671793014230264, 1.6090271668822738, 0.4144728331177261, 0.882172703751617, 53.125818887451366, 0.9205659767140995, 0.7888072445019393, 1.6116448900388183, 1.1387095730918504, 0.9179482535575667, 0.26875291073739155, 1.7896500646830473, 1.6849411384217308, 0.45548382923674124, 0.49736739974126437, 0.6771177231565326, 1.1771028460543327, 0.8481423027166862, 0.19283893919792597, 1.239928201811123, 1.21724126778784, 1.1928091849935318, 0.3027833117723108, 1.4955924967658483, 1.215496119016818, 0.965067270375161, 0.3961487710219914, 0.8952613195342776, 0.3263428201811167, 0.19109379042691, 1.2346927554980578, 0.81585705045278, 0.6788628719275487, 1.0392360931435962, 0.8987516170763241, 0.33506856403622276, 0.7931701164294966, 0.7111481241914606, 0.03926584734799333, 0.640469598965072, 0.14833764553687015, 0.8123667529107307, 0.07678654592496487, 0.03577554980595555, 0.45984670116429865, 1.6919217335058208, 0.44850323415265114, 0.32023479948253747, 0.4668272962483858, 0.9039870633893924, 0.6596662354463118, 0.21378072445019916, 0.8725743855109972, 0.7303447606727004, 0.6029489003880918, 2.137807244501948, 0.6622839586028475, 1.2137509702457934, 0.06457050452780938, 0.6160375161707611, 1.5086811125485118, 1.225094437257438, 0.6718822768434615, 1.5095536869340227, 0.10558150064683033, 0.5933505821474719, 1.0209120310478643, 1.7434036222509668, 0.7504139715394511, 0.20941785252263592, 0.7338350582147469, 1.4973376455368643, 0.14921021992237815, 0.7303447606727033, 0.20854527813712798, 0.6474501940491622, 0.8882807244501962, 1.0697761966364805, 0.13001358344113548, 0.733835058214741, 0.15095536869339996, 1.0959534282018046, 1.4222962483829156, 0.5593201811125527, 0.9607043984476066, 1.000842820181105, 0.10209120310478384, 0.8970064683053053, 1.0200394566623536, 1.5566727037516142, 1.1116597671410093, 0.924056274256146, 0.8996241914618467, 0.22163389391978855, 1.2949003880983272, 1.1125323415265205, 0.35688292367400104, 0.2870769728331146, 0.5252897800776161, 0.9432529107373857, 0.20156468305303787, 1.259997412677871, 1.5584178525226386, 1.0959534282018104, 0.1884760672703773, 0.32459767141008905, 0.5436138421733477, 1.5235148771021942, 0.5209269081500645, 0.40487451487710624, 2.6674598965071095, 0.22861448900388442, 0.13088615782664928, 0.80887645536869, 0.0052354463130682965, 0.3542652005174683, 0.18236804657179517, 1.0200394566623505, 0.43890491591203123, 0.43541461836998185, 0.4624644243208313, 1.4441106080206967, 0.45548382923673836, 0.1710245795601506, 0.6683919793014208, 0.821092496765857, 0.09162031047865304, 1.0654133247089261, 0.16753428201810994, 0.2513014230271678, 1.9362425614488927, 1.082864812419147, 1.3926287192755478, 0.9214385510996075, 0.2460659767141024, 1.0793745148770946, 0.36473609314359035, 1.291410090556272, 0.3656086675291071, 0.28184152652004923, 0.4467580853816264, 0.932782018111255, 1.2050252263906873, 0.408364812419144, 0.038393272962479526, 1.7765614489003867, 0.3865504527813686, 0.3115090556274256, 0.8455245795601565, 0.748668822768435, 1.6718525226390615, 0.8341811125485119, 0.3123816300129336, 0.6116746442432095, 0.6422147477360909, 0.9188208279430777, 0.39876649417852705, 1.0182943078913318, 1.8969767141008995, 0.19196636481242088, 1.773071151358343, 1.572379042690813, 0.3603732212160388, 0.3926584734799449, 0.1352490297542067, 0.8193473479948266, 1.3114793014230226, 1.3900109961190152, 0.48515135834411177, 1.8856332470892636, 1.1212580853816323, 0.273988357050457, 0.7076578266494112, 1.5112988357050443, 0.5008576972833051, 0.3656086675291042, 0.23297736093143312, 1.4441106080206938, 0.5279075032341516, 0.017451487710217966, 0.40138421733505975, 0.8743195342820161, 0.13786675291073938, 0.0008725743855108983, 0.0523544631306568, 0.20941785252263592, 1.2748311772315621, 0.8751921086675299, 0.00523544631306539, 1.5549275549805894, 0.5043479948253574, 0.03403040103493085, 0.7931701164294939, 0.8699566623544557, 1.4144430789133176, 0.4738078913324701, 0.22337904269081904, 0.5200543337645506, 0.5148188874514823, 0.7861895213454008, 1.0889728331177202, 1.0444715394566617, 0.6046940491591165, 0.0069805950840900926, 0.7477962483829241, 0.3019107373867999, 0.05409961190168442, 0.39440362225096964, 0.2722432082794294, 1.1997897800776132, 0.2539191461837005, 0.40051164294954594, 1.049706985769724, 1.090717981888745, 0.6457050452781374, 0.4895142302716692, 1.4720329883570484, 1.5592904269081584, 0.6762451487710246, 0.958086675291071, 0.9153305304010342, 0.6099294954721877, 0.2940575679172047, 1.1203855109961185, 0.16491655886157724, 0.724236739974127, 1.2512716688227679, 1.0209120310478614, 0.2992930142302701, 0.7050401034928873, 1.1256209573091809, 0.567173350582142, 0.4336694695989601, 1.2111332470892606, 0.36299094437257146, 1.0052056921086683, 1.6980297542043972, 1.4266591203104786, 1.1893188874514882, 0.4877690815006503, 0.8272005174644218, 1.5339857697283308, 0.7268544631306539, 0.22076131953428055, 0.3856778783958549, 0.16491655886158013, 1.6814508408796873, 1.3219501940491565, 0.19720181112548046, 0.013088615782666381, 0.013961190168171468, 0.5156914618369962, 0.46159184993532043, 0.7504139715394511, 1.2765763260025869, 0.15968111254851183, 1.1605239327296226, 1.048834411384216, 0.549721862871924, 0.7591397153945658, 1.0907179818887391, 0.124778137128073, 0.08202199223803315, 1.416188227684345, 1.2006623544631299, 0.45112095730918383, 1.6631267787839583, 0.5087108667529119, 0.12565071151358098, 0.3158719275549801, 0.38044243208278944, 1.126493531694689, 0.047991591203099405, 0.9694301423027156, 0.6055666235446274, 0.11605239327295819, 0.5313978007761953, 0.9423803363518719, 0.7652477360931421, 0.9423803363518719, 0.773100905562743, 0.9415077619663639, 0.591605433376453, 1.6744702457955942, 0.09249288486416105, 1.3010084087968947, 0.592478007761961, 0.7338350582147469, 2.277419146183692, 0.03490297542043884, 0.22163389391979726, 97.05383117723137, 80.57002846054318, 50.05871992238023, 43.721212160413884, 22.79687839586024, 16.774369987063356, 4.024313065976708, 0.3638635187580853, 0.8106216041397117, 0.7041675291073735, 1.2887923673997335, 1.3524902975420436, 1.4825038809831819, 0.21203557567917444, 0.03839327296248824, 1.3289307891332462, 1.4188059508408777, 0.7635025873221174, 2.2634579560155172, 0.027922380336357463, 1.1151500646830501, 0.932782018111255, 0.46682729624837715, 1.0689036222509727, 1.0095685640362226, 0.9877542043984416, 0.5183091849935288, 0.2975478654592541, 0.409237386804652, 0.9083499353169469, 1.464179818887453, 0.23210478654592512, 0.7355802069857688, 0.05409961190168732, 0.8594857697283337, 0.6631565329883583, 1.0069508408796901, 1.4423654592496749, 0.06893337645537259, 1.5470743855109914, 0.07678654592496487, 1.5784870633893893, 0.8926435963777448, 0.03315782664942286, 0.3682263906856398, 0.6736274256144921, 0.4022567917205736, 0.9868816300129335, 0.8621034928848663, 0.21727102199223985, 0.5488492884864131, 0.42756144890038666, 0.13088615782664928, 1.7268247089262596, 0.2713706338939155, 0.3176170763260048, 0.9371448900388094, 0.3752069857697299, 1.5017005174644187, 0.46508214747736115, 0.6849708926261279, 0.2617723156532957, 0.3115090556274227, 0.09947347994825113, 0.13088615782664928, 0.5933505821474719, 0.34030401034928814, 0.07416882276842926, 1.2329476067270333, 0.19894695989650515, 0.4223260025873184, 1.3952464424320803, 0.21988874514876963, 0.26700776196636394, 1.8899961190168122, 0.2469385510996133, 0.7512865459249678, 1.408335058214747, 0.7320899094437222, 0.6378518758085393, 0.8498874514877109, 0.4746804657179781, 0.6108020698576986, 0.3874230271668796, 1.576741914618362, 0.06369793014230721, 0.5366332470892606, 1.5139165588615773, 0.4249437257438569, 0.2617723156532957, 1.0217846054333695, 1.2268395860284595, 0.6116746442432095, 0.4074922380336302, 0.6125472186287174, 0.43803234152652326, 0.4319243208279441, 0.6971869340232892, 0.2469385510996133, 2.3236655886157895, 1.0872276843467015, 0.5837522639068579, 1.2416733505821451, 0.38131500646830907, 2.157876455368687, 0.859485769728325, 0.9833913324708929, 0.564555627425618, 0.9790284605433355, 0.27747865459249765, 1.8568382923673952, 0.5453589909443755, 1.2713408796895214, 0.04188357050452603, 2.2451338939197885, 1.3533628719275514, 0.9048596377748974, 0.3882956015523963, 0.6029489003880918, 0.9388900388098314, 0.3001655886157868, 0.2513014230271678, 1.6282238033635137, 0.8978790426908133, 0.1876034928848664, 0.35688292367400104, 2.0784721862871893, 0.2766060802069897, 1.5706338939197912, 0.4083648124191469, 0.03490297542044175, 0.15444566623544354, 0.5392509702457933, 0.08376714100905785, 0.6544307891332435, 1.5531824062095707, 0.43715976714100657, 0.1980743855110001, 0.8298182406209544, 0.66751940491591, 0.7818266494178493, 0.5427412677878339, 1.0950808538163024, 0.8943887451487668, 1.0104411384217338, 0.031412677878395245, 0.9275465717981896, 0.3507749029754189, 0.6457050452781374, 0.49736739974126726, 1.2137509702457934, 3.474591203104778, 0.27486093143596496, 0.9659398447606721, 0.909222509702452, 0.7870620957309146, 0.6308712807244493, 1.4720329883570424, 0.4310517464424361, 0.07853169469598957, 3.5967516170763156, 0.5715362225096966, 0.3499023285899139, 0.03315782664941995, 0.09772833117723514, 1.1997897800776132, 0.9039870633893896, 0.25915459249676587, 0.22686934023286262, 0.46682729624837715, 0.5889877102199232, 0.7172561448900369, 0.7809540750323355, 0.43803234152651455, 0.19807438551099138, 0.65792108667529, 0.5052205692108682, 0.891771021992237, 1.7669631306597637, 2.0453143596377696, 0.35339262613195455, 0.4293065976714085, 1.5444566623544616, 1.724206985769727, 0.11081694695989572, 0.14397477360931277, 0.6692645536869288, 0.09511060802070244, 1.3271856403622246, 1.0470892626131914, 0.04275614489004274, 0.4676998706338909, 0.5200543337645536, 0.38131500646830907, 0.48078848641656313, 1.334166235446306, 1.3001358344113838, 1.139582147477361, 0.6483227684346702, 1.1788479948253574, 2.0191371280724453, 0.6840983182406198, 0.9284191461837005, 0.15357309184993553, 3.5670840879689445, 0.9336545924967659, 1.3219501940491591, 0.7888072445019335, 0.41098253557567677, 0.8132393272962445, 0.5183091849935288, 0.4956222509702397, 0.05322703751617351, 0.20592755498059526, 0.3760795601552408, 0.549721862871924, 0.2495562742561489, 1.0593053040103497, 1.3315485122897792, 1.176230271668816, 2.081089909443722, 0.21378072445019625, 0.19807438551099138, 0.9441254851228966, 0.8062587322121573, 0.8027684346701165, 0.48689650711513355, 1.0898454075032313, 2.065383570504526, 0.4738078913324701, 0.01221604139714967, 1.2983906856403622, 0.5872425614488985, 0.05497218628719241, 1.6317141009055545, 0.8804275549805952, 0.16317141009055836, 1.3053712807244433, 0.274860931435962, 1.414443078913326, 0.029667529107376356, 0.8359262613195365, 0.7835717981888768, 0.5872425614488985, 0.2835866752910681, 0.8463971539456673, 0.11430724450194513, 1.8289159120310463, 0.1300135834411384, 0.6858434670116417, 0.054972186287195315, 0.8498874514877109, 1.0052056921086654, 0.0671882276843508, 1.9353699870633876, 0.43541461836999057, 1.2364379042690796, 0.43715976714100946, 1.0427263906856428, 0.7722283311772293, 0.06282535575679049, 0.5017302716688247, 0.21290815006468244, 0.8498874514877109, 0.11779754204398289, 0.9223111254851155, 0.3533926261319516, 0.7120206985769716, 0.061080206985768694, 0.5610653298835686, 0.9903719275549743, 1.6116448900388094, 0.8036410090556275, 1.5531824062095707, 0.6387244501940473, 0.9066047865459251, 0.5610653298835686, 0.09336545924968065, 0.732962483829233, 0.3891681759379014, 0.6867160413971526, 0.6980595084087972, 3.191004527813707, 1.917918499353164, 0.1832406209573061, 0.623890685640365, 0.7547768434670143, 0.0043628719275603045, 0.32110737386805127, 1.484249029754201, 0.7591397153945629, 0.9720478654592483, 1.834151358344106, 2.1404249676584692, 0.6108020698576957, 0.37956985769728147, 0.28533182406209573, 0.8970064683053053, 0.8219650711513563, 0.7207464424320804, 0.4197082794307857, 1.83240620957309, 1.956311772315652, 0.28096895213453543, 1.1858285899094387, 0.35950064683053373, 1.0549424320827923, 0.8568680465717923, 0.6622839586028475, 0.4101099611901716, 2.443208279430789, 1.6727250970245782, 0.39702134540750816, 0.33157826649418204, 1.2591248382923659, 0.7949152652005185, 0.3394314359637773, 0.21378072445019625, 0.08987516170763415, 1.1692496765847347, 0.26875291073738866, 0.40661966364811936, 1.1360918499353145, 0.22599676584735173, 1.3585983182406198, 1.1203855109961185, 0.2286144890038757, 1.1090420439844768, 1.9292619663648083, 1.6971571798188834, 0.409237386804652, 0.0034902975420464995, 2.026990297542041, 1.1299838292367355, 0.08463971539456877, 1.6701073738680454, 0.15270051746442173, 0.1369941785252285, 1.1334741267787818, 0.021814359637772462, 0.026177231565329858, 0.441522639068564, 1.6692347994825345, 0.23734023285899342, 0.5575750323415279, 0.3481571798188891, 0.6465776196636454, 0.6422147477360909, 0.37346183699870805, 1.2146235446313043, 1.6910491591203098, 0.01919663648123686, 1.5217697283311782, 0.14921021992237815, 0.15270051746442173, 0.5575750323415279, 1.9013395860284568, 1.2844294954721818, 1.0217846054333752, 0.27747865459249765, 0.8132393272962474, 2.1046494178525164, 0.558447606727036, 0.28707697283311756, 0.5619379042690854, 0.2460659767141024, 0.6422147477360939, 0.8429068564036207, 0.28707697283311756, 0.9170756791720559, 0.9511060802069867, 0.9266739974126758, 0.5636830530401014, 1.2661054333764499, 1.780924320827944, 0.9502335058214759, 0.047119016817594325, 0.06369793014230721, 0.7617574385510985, 0.140484476067275, 0.7224915912031024, 1.0209120310478614, 0.08725743855109856, 1.8358965071151363, 1.1360918499353145, 0.3656086675291071, 0.33157826649418204, 0.6640291073738692, 0.6884611901681744, 0.3088913324708929, 0.9432529107373799, 0.6352341526520153, 0.31063648124191173, 1.0470892626131942, 0.09598318240621044, 0.7381979301422985, 0.7992781371280729, 0.30365588615782746, 0.14484734799482077, 0.2242516170763212, 0.8001507115135839, 1.4790135834411355, 1.368196636481237, 0.054972186287195315, 0.734707632600255, 0.28794954721862553, 0.4197082794307828, 0.7477962483829184, 0.48078848641656025, 0.18236804657179811, 0.7617574385510957, 0.4345420439844738, 0.1177975420439858, 1.206770375161706, 1.3524902975420436, 0.21203557567917156, 0.05148188874514591, 1.1134049159120312, 1.874289780077616, 1.9894695989650661, 1.432767141009055, 0.04973673997412411, 0.7233641655886189, 0.08638486416559056, 0.9432529107373799, 0.34204915912030703, 1.0540698576972785, 0.7163835705045289, 0.35688292367400104, 0.047119016817594325, 0.3621183699870577, 1.773071151358343, 0.018324062095728864, 0.8926435963777478, 0.41185510996119346, 0.7024223803363457, 1.0148040103492881, 0.9362723156532928, 0.27049805950840755, 1.7215892626131941, 0.50696571798189, 0.08463971539456877, 1.2521442432082817, 1.4170608020698587, 1.0139314359637714, 0.2713706338939155, 1.0313829236739982, 0.031412677878395245, 0.7530316946959896, 0.008725743855108983, 0.5471041397153943, 0.14484734799482948, 0.50696571798189, 1.198917205692108, 0.6692645536869346, 0.07678654592496197, 1.568016170763253, 0.7992781371280702, 1.464179818887453, 0.24257567917206171, 0.43803234152652326, 1.206770375161706, 0.6413421733505801, 0.9432529107373799, 0.3656086675291071, 1.1360918499353176, 0.16317141009055836, 0.5488492884864161, 0.9135853816300122, 1.4467283311772294, 1.5488195342820161, 1.0331280724450198, 2.0610206985769657, 0.3490297542044, 0.36299094437257146, 0.34641203104786733, 0.19283893919792597, 0.3786972833117764, 1.3036261319534275, 2.0950510996118967, 0.11256209573092042, 0.6631565329883554, 1.032255498059509, 0.77571862871927, 0.2931849935316938, 0.41185510996119346, 0.6369793014230284, 1.2128783958602822, 0.3298331177231574, 1.2451636481241914, 1.1282386804657165, 0.7190012936610616, 1.577614489003876, 1.748639068564035, 0.13088615782664928, 0.19894695989650515, 0.07504139715394598, 0.21639844760672897, 0.316744501940491, 0.6457050452781317, 0.7783363518758115, 0.0008725743855138046, 0.038393272962479526, 0.3455394566623536, 0.23123221216041132, 0.3961487710219914, 0.35688292367399227, 0.3708441138421754, 1.2818117723156521, 1.7905226390685611, 0.09685575679172134, 0.12565071151358098, 0.0017451487710276091, 1.349, 0.7277270375161677, 1.991214747736085, 0.6640291073738692, 1.2957729624838292, 0.6561759379042652, 1.2233492884864132, 1.1805931435963761, 0.017451487710220873, 0.44588551099611556, 1.3498725743855107, 0.6814805950840872, 0.5532121604139648, 0.16491655886158013, 0.2539191461837005, 0.36386351875808237, 0.1291410090556246, 0.28184152652004923, 1.1893188874514882, 0.6387244501940473, 0.49649482535575346, 2.8681520051746396, 1.4729055627425562, 0.0654430789133261, 0.9388900388098314, 1.3830304010349308, 0.7181287192755507, 0.4982399741267753, 2.008666235446306, 1.3149695989650634, 1.1709948253557536, 0.05671733505822002, 1.5339857697283308, 1.0601778783958578, 1.27308602846054, 0.9144579560155174, 1.4240413971539403, 3.5382891332470794, 0.42756144890038955, 0.011343467011638773, 0.017451487710220873, 0.6535582147477327, 0.6631565329883583, 0.3298331177231574, 0.5837522639068549, 2.7311578266494116, 1.5610355756791716, 0.34728460543338113, 0.32896054333764063, 0.458101552393271, 0.26177231565329856, 1.0121862871927554, 1.548819534282013, 66.37935122897787, 1.1797205692108654, 0.6710097024579593, 0.7355802069857658, 0.6108020698576986, 0.44588551099611556, 0.34204915912030703, 1.1387095730918504, 0.23123221216040843, 0.3952761966364777, 0.11343467011642841, 0.04799159120310232, 0.29842043984476213, 0.1806228978007734, 0.3900407503234152, 0.45461125485123033, 0.1684068564036237, 0.12914100905562167, 1.1901914618370077, 0.3341959896507089, 0.44501293661060465, 0.5985860284605431, 1.95020375161707, 0.9388900388098254, 1.8821429495472168, 0.16404398447607213, 0.07067852522638858, 0.5270349288486349, 1.0697761966364747, 0.1352490297542096, 0.03315782664942286, 1.124748382923673, 1.4624346701164284, 0.6840983182406198, 0.1797503234152625, 3.2128188874514794, 0.575026520051743, 0.599458602846054, 0.5854974126778826, 0.6029489003880918, 1.65789133247089, 1.032255498059506, 0.4310517464424361, 1.4624346701164284, 0.9371448900388094, 0.273988357050457, 1.340274256144888, 1.2591248382923659, 0.8734469598965081, 0.8708292367399725, 0.816729624838291, 0.665774256144891, 1.1369644243208283, 0.2364676584734767, 0.9205659767140995, 0.3874230271668796, 0.047991591203099405, 0.6177826649417858, 2.1046494178525164, 1.4973376455368672, 1.8489851228977972, 0.2495562742561402, 0.3455394566623536, 0.32110737386805127, 0.6797354463130654, 0.8926435963777478, 0.46159184993532043, 0.06806080206985879, 0.7826992238033601, 0.24781112548512713, 0.2958027166882265, 0.8481423027166862, 0.017451487710217966, 0.20069210866752696, 0.8306908150064711, 0.038393272962479526, 0.20854527813712503, 1.0182943078913318, 0.32634282018110794, 1.1945543337645534, 1.3891384217335014, 1.2966455368693375, 0.9502335058214729, 0.4694450194049098, 0.11343467011643131, 0.7224915912031051, 0.66490168175938, 0.015706338939199076, 0.9397626131953422, 0.8821727037516142, 0.058462483829236, 0.26439003880983414, 0.23646765847347379, 1.589830530401034, 0.21727102199223985, 0.44937580853816783, 1.6273512289780057, 0.02704980595084366, 1.253016817593784, 1.3079890038809818, 0.10907179818887681, 0.183240620957309, 0.6683919793014208, 0.7704831824062075, 0.0008725743855138046, 0.6046940491591165, 0.8463971539456644, 0.274860931435962, 0.8621034928848663, 0.3141267787839554, 0.6500679172056861, 3.4693557567917126, 0.07329624838292417, 0.09598318240620753, 1.0296377749029735, 1.2512716688227647, 0.9607043984476037, 0.6971869340232805, 0.04624644243208342, 1.0654133247089261, 1.7285698576972843, 1.2512716688227647, 0.6230181112548483, 1.306243855109957, 0.9624495472186285, 0.7128932729624853, 0.440650064683056, 0.21116300129366355, 1.0017153945666188, 0.2975478654592541, 1.630841526520049, 0.44675808538162937, 1.540966364812418, 0.002617723156535601, 1.2364379042690796, 0.013961190168180185, 1.4615620957309174, 0.04537386804656962, 0.3786972833117764, 0.482533635187582, 1.90744760672703, 0.018324062095728864, 0.6631565329883583, 2.2224469598964993, 0.5139463130659714, 1.9362425614488927, 0.7443059508408806, 0.047991591203099405, 0.9799010349288494, 0.9868816300129365, 0.6169100905562749, 0.1273958602846057, 0.9397626131953392, 0.6361067270375176, 0.883917852522633, 0.9004967658473458, 1.657018758085379, 0.633489003880982, 0.4694450194049098, 0.7355802069857688, 1.6989023285899079, 0.700677231565324, 0.6518130659767137, 0.7486688227684322, 0.31325420439844737, 0.2940575679172047, 1.7905226390685611, 1.1849560155239278, 0.8324359637774901, 0.5793893919792976, 1.7294424320827924, 0.08027684346701718, 0.5689184993531639, 0.6919514877102209, 0.9362723156532928, 0.2914398447606749, 0.0043628719275603045, 0.5008576972833051, 1.766963130659761, 0.45286610608020855, 0.3717166882276834, 0.5122011642949497, 0.8088764553686928, 0.3385588615782634, 0.06893337645536388, 1.381285252263906, 0.6840983182406198, 0.3298331177231545, 0.13961190168176119, 0.55670245795602, 1.1046791720569165, 0.23472250970245784, 0.035775549805946834, 0.7041675291073735, 0.616037516170764, 1.4694152652005184, 0.06369793014230721, 0.9022419146183707, 0.6465776196636484, 1.8044838292367384, 0.20243725743855456, 0.07067852522638858, 0.5933505821474806, 0.8228376455368701, 1.1177677878395857, 0.6055666235446245, 0.9415077619663639, 0.2399579560155261, 0.31063648124191173, 0.25915459249676587, 0.11430724450194513, 0.9353997412677818, 0.11343467011642841, 0.3952761966364777, 0.4319243208279441, 1.5147891332470882, 0.10558150064683033, 1.9868518758085365, 0.7835717981888768, 1.0689036222509727, 1.081992238033633, 1.0881002587322124, 0.55670245795602, 0.8202199223803374, 0.666646830530402, 0.17015200517464552, 0.23559508408796578, 0.43977749029753926, 0.9275465717981896, 0.14484734799482077, 1.114277490297542, 0.2975478654592512, 1.9475860284605373, 1.6133900388098283, 1.157906209573084, 1.0706487710219914, 0.9554689521345383, 0.3481571798188891, 1.1736125485122832, 1.650910737386797, 1.1125323415265205, 0.691951487710218, 0.4205808538162995, 0.5994586028460511, 1.5383486416558796, 1.3629611901681715, 0.6509404915912028, 0.39702134540750816, 0.13961190168176119, 1.4615620957309174, 0.38480530401034974, 0.02094178525226156, 0.026177231565329858, 0.048864165588616115, 0.7573945666235383, 0.3123816300129336, 0.6779902975420435, 0.6509404915911999, 1.2695957309184995, 1.0601778783958606, 0.9694301423027099, 0.04711901681759142, 0.9493609314359591, 2.2590950840879627, 0.3071461836998653, 0.616037516170764, 1.2460362225096993, 1.317587322121602, 0.7608848641655847, 0.26613518758085886, 0.20505498059508145, 0.45286610608020855, 0.6064391979301383, 0.2286144890038757, 0.66490168175938, 1.101188874514876, 0.0008725743855108983, 0.4964948253557564, 1.350745148771019, 1.940605433376447, 0.5174366106080237, 0.07416882276843217, 1.6840685640362199, 0.05497218628719241, 0.3027833117723108, 0.549721862871924, 0.1727697283311753, 2.2049954721862814, 1.3306759379042623, 1.9440957309184939, 0.2172710219922369, 0.28533182406209284, 1.5802322121604084, 0.6491953428201781, 0.34466688227684555, 0.6430873221215989, 0.3638635187580853, 0.7774637774902947, 0.27922380336352237, 0.5409961190168209, 0.32721539456662174, 1.4135705045278093, 1.4859941785252258, 1.2303298835705003, 0.15095536869340284, 0.5680459249676588, 2.0208822768434644, 0.9711752910737373, 1.1779754204398407, 0.4467580853816264, 0.24432082794307772, 0.021814359637769554, 0.05933505821475271, 0.7381979301423013, 0.2923124191461887, 0.1832406209573061, 0.8402891332470882, 0.8751921086675299, 0.20767270375161415, 0.12565071151358098, 1.1517981888745108, 1.4345122897800737, 0.31936222509702367, 1.3882658473479876, 0.9266739974126758, 1.3359113842173278, 1.5104262613195305, 1.2800666235446303, 0.932782018111255, 0.3437943078913317, 1.1334741267787791, 0.49911254851228903, 1.2722134540750323, 1.0976985769728262, 0.35862807244501993, 0.8053861578266435, 1.3106067270375148, 0.7155109961190151, 0.004362871927557398, 0.035775549805946834, 0.9519786545924976, 1.44323803363518, 0.03228525226390615, 0.25740944372574115, 0.00523544631306539, 0.44326778783958, 0.28794954721862553, 0.4031293661060815, 0.7600122897800767, 1.0785019404915865, 1.0357457956015526, 0.31936222509702655, 0.732962483829233, 0.12128783958602359, 0.047119016817594325, 0.4040019404915924, 0.5156914618369962, 0.4877690815006503, 0.6299987063389383, 0.8760646830530407, 1.2189864165588615, 0.07853169469598957, 1.6116448900388183, 1.09857115135834, 1.4711604139715375, 0.6971869340232892, 0.739943078913326, 0.7888072445019393, 0.6849708926261309, 1.066285899094431, 0.8935161707632587, 1.4720329883570484, 1.273958602846054, 1.207642949547217, 0.7687380336351887, 0.8359262613195365, 1.1526707632600275, 1.8498576972833196, 1.400481888745149, 1.4257865459249766, 0.26613518758085597, 1.0881002587322124, 0.15968111254851472, 0.2565368693402303, 0.18411319534281698, 0.4249437257438569, 0.6692645536869346, 0.3420491591203099, 0.05671733505821711, 0.2521739974126729, 0.924056274256146, 0.6046940491591165, 1.16488680465718, 1.172739974126778, 0.05497218628719241, 1.0706487710219914, 0.9031144890038816, 0.45461125485123327, 1.0270200517464407, 0.8193473479948266, 0.2513014230271678, 1.5758693402328539, 0.7207464424320804, 0.6221455368693403, 0.07155109961190528, 0.3036558861578246, 0.6195278137128017, 2.02611772315653, 1.974635834411381, 0.7198738680465726, 1.2495265200517431, 1.3455097024579505, 0.44239521345407196, 0.8725743855109972, 1.4179333764553639, 0.7460510996119023, 0.26177231565329856, 0.62476326002587, 0.4947496765847317, 0.9502335058214759, 0.3987664941785241, 0.22774191461836774, 1.9755084087968917, 1.2015349288486408, 0.3437943078913317, 1.5479469598964992, 0.39963906856404086, 0.5549573091849953, 0.6108020698576957, 0.27922380336352237, 0.8420342820181099, 1.2940278137128076, 1.6980297542043972, 1.9885970245795581, 1.433639715394566, 1.8350239327296225, 0.13961190168176119, 0.08551228978008257, 0.24868369987063219, 1.2338201811125467, 1.4702878395860264, 0.7783363518758027, 0.27922380336352237, 0.15968111254851472, 0.9153305304010312, 1.306243855109957, 1.4624346701164284, 1.3612160413971526, 0.031412677878395245, 0.7661203104786647, 1.143072445019399, 0.06631565329883118, 1.2250944372574348, 1.464179818887453, 0.28533182406209284, 0.4476306597671403, 1.7783065976714054, 1.0113137128072416, 1.4135705045278122, 0.15095536869339996, 1.7285698576972757, 0.582007115135836, 1.8140821474773552, 1.4196785252263886, 1.1448175937904264, 0.408364812419144, 0.5575750323415251, 1.2285847347994756, 0.77571862871927, 0.16491655886157724, 1.0785019404915894, 0.13437645536869286, 0.4738078913324701, 1.3804126778783923, 0.3603732212160417, 0.5802619663648084, 1.1334741267787818, 1.2146235446313043, 0.04188357050452893, 1.114277490297542, 1.175357697283308, 0.957214100905563, 0.7774637774902947, 0.024432082794305157, 1.2399282018111204, 1.4092076326002576, 0.7792089262613136, 1.3367839586028445, 0.19981953428201316, 0.4956222509702426, 0.5401235446313013, 0.5392509702457963, 1.2460362225097024, 0.748668822768435, 0.550594437257435, 2.0444417852522587, 0.6387244501940503, 1.5147891332470882, 0.4205808538162966, 1.5383486416558851, 0.05933505821474981, 1.015676584734799, 2.0112839586028386, 1.2050252263906784, 0.39091332470892315, 1.0488344113842132, 0.8996241914618379, 2.18405368693402, 0.5540847347994815, 1.5531824062095707, 1.2556345407503164, 1.9275168175937896, 0.43715976714100946, 0.5697910737386777, 0.20330983182406256, 0.06282535575679339, 0.6273809831824058, 0.5828796895213498, 0.5209269081500616, 0.7233641655886104, 0.2364676584734767, 0.739943078913326, 0.8769372574385517, 0.33768628719275545, 0.33681371280724454, 0.7949152652005185, 0.5122011642949497, 0.4877690815006503, 1.1168952134540748, 0.6230181112548512, 0.3882956015523963, 0.7312173350582084, 1.1203855109961156, 1.1509256144889999, 0.013088615782663475, 0.4153454075032312, 0.757394566623547, 0.03228525226390615, 1.0662858990944368, 0.3804424320827982, 1.589830530401034, 1.1526707632600275, 0.5532121604139648, 0.0602076326002578, 0.08376714100905497, 0.1788777490297516, 1.0383635187580853, 0.43541461836998185, 0.08551228978007967, 0.4964948253557564, 0.34902975420439714, 0.4703175937904236, 0.7949152652005185, 0.5156914618369962, 0.2949301423027185, 0.9127128072445014, 1.4633072445019393, 0.1780051746442407, 0.14659249676584835, 1.4135705045278093, 1.4362574385510984, 0.04188357050452603, 0.713765847348005, 1.749511642949543, 0.08900258732212327, 0.975538163001289, 0.08638486416559056, 0.34204915912030703, 1.591575679172056, 0.31499935316946337, 102.94021798188855, 72.2779540750322, 69.05291914618356, 60.34288163001282, 57.92759573091839, 54.37447283311761, 48.77341785252254, 2.6229586028460483, 2.7023628719275457, 2.2861448900388064, 1.523514877102197, 0.9415077619663611, 1.3603434670116359, 1.531368046571798, 1.2530168175937895, 0.7120206985769686, 0.6771177231565298, 0.8908984476067202, 0.24344825355756972, 1.5610355756791716, 1.7599825355756795, 0.19720181112548918, 0.7050401034928785, 0.5523395860284568, 0.9703027166882265, 0.21901617076325583, 0.3935310478654529, 0.8263279430789137, 0.9650672703751553, 0.10383635187580563, 2.040951487710218, 0.9799010349288494, 0.18934864165588527, 0.14484734799482948, 2.071491591203105, 0.8874081500646824, 0.9362723156532986, 0.40749223803363893, 1.3010084087968947, 1.3472548512289781, 0.23297736093143312, 0.46071927554980374, 0.4851513583441147, 0.640469598965072, 1.3114793014230255, 0.40051164294954883, 0.46071927554980663, 0.9214385510996105, 0.8193473479948266, 0.4293065976714085, 0.9004967658473458, 0.5183091849935288, 0.08551228978008257, 0.21639844760672897, 0.16404398447607213, 0.3350685640362199, 0.7285996119016844, 0.28707697283311756, 0.3219799482535593, 1.5636532988357041, 0.3603732212160417, 0.1780051746442407, 0.49649482535575346, 1.850730271668819, 0.0017451487710247028, 1.4493460543337593, 0.6326164294954683, 0.1317587322121602, 0.3621183699870606, 0.2443208279430806, 0.2539191461836976, 0.43803234152651455, 0.4886416558861612, 1.2460362225097024, 0.36473609314359035, 0.8333085381630039, 0.45722897800776596, 0.5113285899094445, 1.200662354463124, 1.2687231565329973, 0.48078848641656025, 0.5087108667529119, 1.0662858990944368, 0.35862807244501704, 0.9275465717981866, 0.22337904269081904, 1.2460362225096993, 331.25715912030984, 315.75325743855063, 25.999226390685592, 1.7783065976714054, 1.716353816300129, 1.6971571798188834, 0.3219799482535593, 1.049706985769724, 0.7652477360931421, 0.1884760672703744, 0.3123816300129306, 1.3664514877102178, 0.11081694695989863, 0.7512865459249648, 0.15968111254851183, 0.3307056921086711, 0.6395970245795611, 1.025274902975419, 0.8533777490297545, 0.23646765847347379, 0.2940575679172047, 0.4345420439844768, 0.0, 1.3594708926261247, 0.816729624838288, 1.1055517464424303, 0.11256209573092042, 0.4738078913324701, 0.5697910737386834, 0.47555304010349486, 0.3856778783958636, 0.13961190168176119, 0.054972186287195315, 0.9074773609314302, 0.591605433376453, 1.4292768434670113, 0.8114941785252255, 0.9528512289780086, 1.3350388098318227, 0.3560103492884843, 0.23123221216040843, 0.4502483829236729, 0.5305252263906901, 0.3376862871927525, 1.6282238033635137, 0.5357606727037556, 0.3062736093143602, 0.9868816300129365, 0.20243725743855456, 0.48253363518757914, 0.9467432082794294, 0.5741539456662321, 0.8333085381629951, 0.028794954721865457, 0.9100950840879629, 1.247781371280724, 1.034000646830531, 1.1352192755498065, 0.37956985769728435, 0.038393272962479526, 0.060207632600260706, 0.3403040103492852, 0.29580271668822944, 1.2408007761966369, 1.2940278137128045, 0.4694450194049127, 0.6902063389391991, 1.8297884864165546, 0.9894993531694692, 0.27573350582147876, 1.4999553686934, 2.081089909443722, 0.500857697283308, 1.5688887451487725, 1.0418538163001259, 2.050549805950841, 0.09423803363518574, 0.823710219922381, 0.6116746442432095, 4.505101552393259, 0.8298182406209573, 1.2373104786545905, 0.39963906856404086, 1.5191520051746454, 1.1613965071151364, 1.1797205692108654, 0.8202199223803346, 0.3420491591203099, 0.20330983182405968, 0.5959683053040133, 1.1273661060802056, 0.924056274256146, 1.2669780077619668, 0.550594437257435, 0.773973479948254, 0.7643751617076312, 0.3717166882276863, 0.24781112548511838, 1.2120058214747715, 0.5793893919792946, 1.1387095730918473, 0.6046940491591194, 0.782699223803363, 0.026177231565329858, 1.2093880983182388, 0.6299987063389355, 1.5828499353169438, 0.05322703751617061, 1.416188227684342, 1.4606895213454036, 0.2975478654592541, 0.8123667529107365, 0.5540847347994815, 0.490386804657183, 1.0086959896507088, 2.0793447606727007, 0.274860931435962, 2.5252302716688155, 0.32896054333764935, 0.6238906856403562, 1.641312419146183, 0.7460510996118995, 0.5802619663648084, 1.1683771021992209, 0.8385439844760605, 1.209388098318236, 1.7285698576972843, 0.8603583441138416, 0.3499023285899109, 0.1797503234152625, 1.1980446313065913, 0.33070569210866246, 0.5959683053040133, 0.32023479948253747, 0.6998046571798218, 0.35862807244501704, 1.381285252263906, 1.1805931435963761, 0.2390853816300152, 1.8498576972833196, 1.116022639068561, 0.8376714100905555, 0.6099294954721877, 0.3743344113842161, 0.21901617076325583, 0.31587192755497717, 0.2321047865459222, 0.07678654592496197, 0.676245148771016, 0.14310219922379894, 0.7381979301423013, 0.6806080206985763, 0.14659249676584546, 1.2512716688227647, 0.6788628719275546, 0.43890491591203123, 0.45024838292367586, 0.011343467011647491, 2.083707632600255, 1.1648868046571772, 0.7626300129366036, 0.3001655886157781, 1.041853816300129, 0.5444864165588617, 0.4694450194049098, 0.036648124191460636, 1.158778783958601, 0.05497218628719241, 1.0104411384217338, 0.6858434670116387, 0.43541461836999057, 0.7181287192755479, 0.13088615782664928, 1.1360918499353176, 0.5261623544631299, 1.3900109961190124, 1.2905375161707582, 0.6971869340232892, 1.2207315653298834, 0.7059126778783923, 0.32896054333764935, 0.91707567917205, 1.1448175937904264, 0.4293065976714114, 1.016549159120304, 0.3612457956015497, 0.5017302716688276, 0.8594857697283337, 1.5627807244501932, 1.4781410090556273, 2.5069062095730867, 0.3010381630012919, 1.140454721862872, 0.26439003880983125, 0.509583441138417, 0.08987516170762834, 0.5663007761966311, 1.141327296248383, 1.1256209573091838, 1.4598169469598958, 0.1858583441138417, 0.32023479948253747, 0.5043479948253574, 1.5043182406209545, 1.724206985769721, 0.6369793014230284, 0.3551377749029705, 0.06631565329883118, 0.6745, 0.6291261319534275, 1.451091203104778, 1.4013544631306596, 0.10645407503234414, 0.1204152652005156, 0.9563415265200492, 1.758237386804652, 1.7259521345407431, 0.22948706338939243, 2.1884165588615745, 1.6779605433376434, 1.6631267787839583, 1.265232858990942, 0.23821280724450142, 0.007853169469598084, 0.3638635187580853, 0.8490148771022, 1.1605239327296168, 0.42756144890038666, 1.0636681759379014, 0.21378072445019625, 0.43715976714100657, 0.5985860284605402, 2.222446959896505, 0.14222962483829388, 0.054972186287195315, 1.0462166882276804, 0.3280879689521385, 0.13175873221215728, 0.21727102199223985, 1.1256209573091809, 0.4615918499353117, 1.2163686934023377, 0.09860090556274023, 0.4964948253557564, 0.6387244501940473, 0.8943887451487696, 0.37346183699870805, 0.26264489003880653, 1.0200394566623505, 1.8638188874514823, 0.42494372574385403, 0.16317141009055836, 0.6125472186287174, 0.1762600258732247, 0.031412677878395245, 1.3577257438551091, 0.582007115135836, 1.1378369987063393, 0.6230181112548483, 0.4319243208279412, 1.425786545924968, 0.5261623544631299, 0.1204152652005156, 0.6186552393272995, 0.4441403622250967, 0.34379430789133464, 0.0671882276843508, 0.22163389391979726, 1.9955776196636483, 0.1876034928848693, 1.0453441138421755, 1.0383635187580853, 0.5898602846054312, 0.3664812419146151, 1.5470743855109943, 0.8865355756791715, 1.3612160413971495, 1.481631306597668, 0.5453589909443667, 0.823710219922381, 1.5112988357050443, 1.1526707632600188, 0.4022567917205736, 0.774846054333765, 0.018324062095728864, 0.748668822768435, 1.2442910737386805, 1.430149417852522, 0.46508214747736115, 2.016519404915904, 0.34379430789133464, 0.6177826649417858, 0.08725743855110146, 0.026177231565329858, 0.8350536869340198, 0.09860090556274313, 0.5305252263906872, 1.8516028460543328, 0.48078848641656025, 1.4781410090556362, 0.8943887451487696, 0.5863699870633876, 0.6299987063389383, 0.1797503234152625, 1.53311319534282, 1.6858137128072388, 0.17451487710219712, 0.9964799482535535, 0.10645407503234414, 2.5592606727037466, 0.875192108667527, 0.14659249676584546, 1.8105918499353117, 1.3873932729624823, 1.3018809831824056, 1.015676584734799, 0.6413421733505801, 0.21029042690814684, 0.6928240620957318, 0.2949301423027185, 0.06108020698577161, 0.867338939197923, 0.007853169469600992, 1.3812852522639003, 2.10813971539456, 0.7434333764553668, 0.1710245795601506, 0.3176170763260048, 0.0069805950840900926, 2.252114489003876, 1.833278783958595, 1.6238609314359649, 0.6509404915912028, 1.2128783958602767, 1.5296228978007733, 1.6343318240620928, 0.7600122897800767, 0.5994586028460511, 1.7023926261319458, 1.0907179818887391, 0.5610653298835716, 0.4685724450194018, 0.6038214747736085, 0.6771177231565298, 1.65789133247089, 0.4083648124191469, 1.7399133247089231, 0.9170756791720559, 0.036648124191463544, 1.6125174644243176, 1.100316300129359, 1.091590556274256, 0.4519935316947006, 1.0959534282018046, 1.1552884864165573, 0.4031293661060815, 0.013088615782663475, 0.233849935316944, 1.816699870633888, 0.3760795601552408, 0.3088913324708929, 1.2643602846054312, 0.3577554980595032, 1.6133900388098283, 0.38131500646830035, 0.16578913324709102, 0.8498874514877109, 0.6055666235446245, 0.6640291073738692, 1.142199870633891, 0.3935310478654559, 0.25479172056920557, 0.20854527813712798, 0.5296526520051763, 0.7172561448900399, 0.7783363518758115, 0.4162179818887421, 0.18411319534281698, 0.15182794307891373, 1.1177677878395857, 0.21203557567917156, 0.5183091849935288, 0.10121862871927292, 0.9641946959896531, 1.2669780077619668, 0.32285252263907016, 2.109012289780074, 0.20330983182405968, 1.089845407503234, 1.424913971539454, 0.013961190168171468, 0.9816461836998711, 0.34466688227684555, 0.04624644243208052, 0.424071151358346, 0.5532121604139648, 0.626508408796889, 1.4065899094437222, 0.5593201811125527, 0.8952613195342776, 1.7364230271668737, 0.6282535575679166, 0.32547024579559997, 0.06980595084088059, 0.12826843467011367, 0.2460659767140995, 1.215496119016818, 0.5776442432082758, 0.26526261319534217, 0.4040019404915924, 0.9685575679172046, 0.2521739974126729, 0.7888072445019393, 0.1788777490297487, 1.056687580853817, 0.7835717981888681, 0.15357309184993553, 0.19981953428201316, 0.28096895213453543, 0.08813001293660655, 1.6203706338939157, 1.5584178525226386, 1.6037917205692085, 0.23035963777490331, 0.6936966364812427, 0.4040019404915924, 0.3603732212160417, 1.3289307891332462, 0.4842787839586038, 1.317587322121602, 0.308018758085382, 1.232075032341525, 1.6980297542043972, 0.9729204398447592, 1.3306759379042623, 2.2337904269081466, 172.3953939197927, 166.69922833117693, 0.15880853816300383, 0.013088615782666381, 0.6875886157826752, 0.3411765847347962, 0.08463971539456586, 0.07329624838292127, 0.7477962483829184, 0.19371151358344268, 0.2914398447606749, 0.5156914618369962, 0.22337904269081904, 0.9659398447606721, 0.8882807244501875, 0.575899094437254, 0.898751617076327, 0.3141267787839583, 0.5113285899094416, 0.05322703751617061, 1.416188227684342, 1.2067703751617032, 0.4136002587322123, 1.0523247089262597, 0.14659249676584546, 1.2469087968952133, 1.332421086675287, 0.19981953428202187, 3.8550336351875707, 0.6457050452781374, 0.22774191461836774, 1.150053040103486, 0.5340155239327279, 1.9153007761966283, 0.01221604139714967, 0.9467432082794294, 0.28271410090556015, 0.175387451487708, 0.10470892626131943, 1.342019404915907, 0.10558150064683033, 0.4720627425614454, 2.2931254851228937, 0.10121862871927292, 0.8097490297542067, 0.33506856403622276, 0.45722897800775725, 0.7364527813712796, 0.13088615782664928, 1.549692108667524, 0.39091332470892026, 0.3080187580853791, 0.9039870633893924, 0.7914249676584719, 1.630841526520049, 0.6099294954721877, 0.10558150064683033, 1.518279430789129, 0.13873932729624736, 2.3943441138421697, 0.7896798188874502, 1.5549275549805894, 0.7128932729624824, 1.2460362225097024, 1.6247335058214671, 0.4999851228977971, 0.3760795601552437, 0.2399579560155261, 0.34641203104786733, 0.04362871927555073, 1.09857115135834, 0.18062289780077628, 0.009598318240625694, 1.067158473479942, 0.15619081500646825, 0.7207464424320834, 1.7547470892626142, 0.5724087968952103, 0.45461125485123033, 1.2058978007761922, 0.7966604139715374, 0.608184346701166, 0.6858434670116417, 0.14484734799482077, 0.9703027166882265, 1.6116448900388183, 0.9284191461837005, 1.3620886157826664, 1.7774340232858947, 0.3481571798188891, 0.2417031047865479, 1.4013544631306567, 0.22948706338939243, 0.47555304010349486, 0.6291261319534217, 0.7896798188874473, 1.6744702457956, 0.15968111254851472, 0.03752069857696863, 0.023559508408797163, 0.20767270375161126, 0.48078848641656025, 0.5837522639068549, 1.7547470892626142, 0.4467580853816264, 0.4624644243208313, 0.6169100905562691, 0.26264489003880653, 1.0750116429495429, 0.3219799482535564, 0.09685575679171843, 0.7966604139715402, 0.658793661060801, 1.9057024579560142, 0.7861895213454008, 0.5436138421733477, 1.435384864165582, 0.36386351875808237, 0.6797354463130624, 0.5505944372574321, 0.15008279430789487, 0.11343467011643131, 0.14571992238034037, 0.16578913324709102, 0.02704980595084366, 0.2390853816300152, 0.9170756791720559, 0.4476306597671403, 0.3307056921086711, 0.4842787839586038, 0.04188357050452893, 0.8908984476067202, 2.589800776196628, 0.4615918499353117, 0.2417031047865479, 1.3202050452781344, 0.5462315653298805, 0.023559508408794255, 0.6509404915911999, 1.0383635187580795, 0.04624644243208342, 1.0086959896507117, 0.2530465717981838, 0.22337904269081904, 0.21290815006468533, 0.3656086675291071, 1.2399282018111204, 0.10994437257438772, 0.6046940491591194, 1.8629463130659742, 0.8202199223803346, 2.598526520051743, 0.028794954721862553, 0.3228525226390673, 1.2521442432082817, 1.0366183699870606, 1.731187580853817, 0.21901617076325583, 0.8088764553686928, 0.66751940491591, 0.8865355756791715, 0.6858434670116387, 0.7635025873221174, 0.5968408796895185, 0.13175873221215728, 0.700677231565324, 0.8333085381629951, 1.5304954721862842, 0.8629760672703743, 0.49736739974126726, 0.049736739974127024, 1.8053564036222491, 1.0985711513583432, 0.9886267787839524, 0.0069805950840900926, 0.9467432082794294, 1.3367839586028445, 1.2931552393272936, 0.6212729624838235, 0.1265232858990919, 0.7504139715394511, 0.0602076326002578, 1.4109527813712768, 0.6308712807244463, 0.48689650711513355, 0.5488492884864131, 0.7277270375161706, 0.6308712807244463, 1.0959534282018104, 1.1282386804657165, 0.09162031047865594, 1.6552736093143574, 0.13699417852522558, 1.1971720569210862, 1.0671584734799477, 1.000842820181105, 1.1858285899094416, 0.8193473479948236, 2.334136481241906, 1.9318796895213441, 0.1832406209573061, 0.21465329883570716, 0.666646830530402, 0.8402891332470882, 1.613390038809831, 1.1125323415265205, 1.1299838292367355, 0.5724087968952103, 1.425786545924968, 0.15095536869339996, 0.965067270375161, 0.6753725743855109, 2.0732367399741243, 1.0610504527813687, 0.6823531694695981, 0.5532121604139677, 0.1910937904269071, 1.2259670116429517, 1.2931552393272936, 0.5200543337645506, 0.4703175937904236, 0.5261623544631299, 0.23559508408796578, 0.3821875808538171, 0.06544307891332318, 0.29842043984476213, 0.7486688227684322, 0.9868816300129335, 0.13873932729625027, 0.7469236739974133, 1.1823382923673982, 0.10819922380336301, 1.023529754204397, 1.017421733505815, 1.1465627425614484, 0.4772981888745137, 0.9066047865459221, 0.8682115135834368, 0.4851513583441147, 0.14397477360931565, 0.006980595084092999, 0.9999702457956, 1.0470892626131914, 0.9118402328589934, 0.41883570504527484, 0.5244172056921023, 0.7835717981888768, 0.5357606727037556, 0.665774256144891, 0.8612309184993526, 0.36386351875808237, 0.8455245795601535, 0.9894993531694692, 1.198044631306597, 1.8891235446312984, 2.1561313065976684, 0.8097490297542067, 1.6037917205692085, 2.3105769728331147, 0.5034754204398465, 0.691951487710218, 0.7512865459249678, 0.5610653298835716, 0.5837522639068549, 0.9292917205692114, 0.21814359637775074, 0.13612160413971758, 1.7442761966364777, 0.07940426908150339, 0.191966364812418, 1.124748382923673, 0.2364676584734767, 0.9118402328589846, 1.798375808538162, 0.7643751617076312, 1.3612160413971526, 0.7984055627425621, 0.6614113842173365, 0.5418686934023289, 0.20156468305303787, 1.567143596377742, 0.6273809831824058, 0.8804275549805924, 1.5863402328589904, 0.7818266494178521, 1.8114644243208227, 0.6457050452781317, 0.608184346701166, 1.0514521345407457, 0.5279075032341546, 1.4467283311772294, 0.05671733505821711, 0.09598318240620753, 0.4860239327296198, 1.2643602846054283, 1.0959534282018046, 0.7128932729624824, 0.32721539456662463, 1.5444566623544587, 0.1937115135834398, 0.13437645536869286, 1.8306610608020684, 0.7259818887451429, 0.575899094437254, 0.2321047865459222, 0.29580271668822944, 0.36386351875808237, 1.3446371280724425, 0.5418686934023289, 0.3533926261319516, 0.3411765847347962, 0.47555304010349775, 0.9013693402328596, 0.0052354463130682965, 0.6003311772315592, 0.3865504527813715, 0.22163389391978855, 0.21988874514877255, 0.34466688227684555, 0.1247781371280701, 1.0095685640362226, 0.3882956015523875, 0.05322703751617351, 1.4938473479948207, 0.35164747736092977, 1.0095685640362226, 0.04101099611902094, 0.09336545924968065, 0.8856630012936635, 1.7800517464424301, 0.12565071151358098, 0.2949301423027185, 1.2975181112548513, 1.1369644243208283, 1.116022639068561, 0.9205659767140995, 0.5636830530401042, 0.9938622250970237, 0.3036558861578246, 2.1596216041397116, 1.075884217335054, 0.7722283311772293, 1.1448175937904264, 2.808816946959887, 0.19981953428202187, 0.309763906856398, 0.18062289780077628, 0.3699715394566645, 0.8228376455368701, 0.14222962483829096, 0.5366332470892635, 0.26875291073738866, 0.5069657179818929, 0.6230181112548483, 0.051481888745148814, 0.7390705045278123, 0.46508214747736115, 1.1718673997412614, 0.7172561448900399, 1.0601778783958578, 0.022686934023286264, 2.207613195342814, 1.321077619663657, 0.3219799482535593, 1.9624197930142284, 1.0767567917205676, 0.124778137128073, 2.376020051746435, 1.0025879689521326, 1.1369644243208283, 0.7434333764553668, 0.48078848641656313, 0.7992781371280729, 1.0680310478654558, 0.3132542043984445, 0.03752069857696863, 2.14129754204398, 1.2922826649417798, 0.40661966364811936, 0.14048447606726627, 0.03315782664942286, 1.7652179818887361, 0.760012289780071, 0.35339262613195455, 0.22425161707632996, 0.7992781371280702, 0.08638486416558765, 1.3036261319534246, 0.1849857697283337, 0.34728460543337825, 0.13873932729625027, 0.8045135834411327, 0.32896054333764063, 0.0008725743855138046, 0.11954269081501051, 0.19720181112548046, 0.7390705045278123, 0.9807736093143602, 1.2085155239327279, 0.14571992238033166, 0.6020763260025838, 0.023559508408797163, 0.040138421733510045, 0.7059126778783953, 0.724236739974127, 0.6788628719275546, 1.1011888745148728, 0.7207464424320804, 0.022686934023286264, 0.7224915912031024, 0.9641946959896445, 1.1230032341526512, 0.6980595084087913, 0.06457050452780938, 0.14135705045278008, 1.132601552393268, 1.3777949547218626, 1.3952464424320803, 0.2905672703751611, 0.3525200517464465, 1.456326649417852, 1.0052056921086683, 0.9196934023285828, 0.6596662354463118, 0.8263279430789079, 1.1020614489003866, 1.1893188874514882, 1.101188874514876, 0.5907328589909392, 0.4563564036222492, 1.2111332470892577, 1.4022270375161705, 1.1439450194049157, 0.5148188874514911, 1.1465627425614484, 8.51981630012935, 0.29580271668822944, 0.050609314359632104, 99.38273221216019, 84.71737451487694, 73.32940620957294, 64.29128072445008, 60.088962483829114, 60.212868046571685, 52.16511448900378, 50.85538033635177, 0.9956073738680397, 1.5968111254851183, 5.48587516170762, 0.5488492884864131, 0.13612160413971758, 0.949360931435962, 0.8001507115135781, 1.7032652005174624, 0.8961338939197914, 1.3708143596377724, 0.7137658473479963, 0.3656086675291042, 0.11343467011642841, 0.18411319534281698, 1.4022270375161705, 0.15968111254851183, 1.1675045278137097, 0.03315782664942286, 0.5427412677878339, 0.7984055627425591, 1.9510763260025838, 0.7678654592496748, 2.183181112548509, 0.6928240620957318, 0.26875291073739155, 0.6998046571798132, 2.671822768434664, 0.626508408796889, 0.6064391979301383, 0.5252897800776161, 0.10383635187580563, 1.025274902975416, 1.1936817593790396, 0.22599676584734302, 0.6526856403622247, 0.08114941785252518, 0.3132542043984445, 1.2416733505821451, 0.21290815006468244, 0.5348880983182388, 0.02006921086675066, 0.5610653298835716, 0.4197082794307857, 0.8420342820181069, 0.6029489003880918, 0.2975478654592512, 0.33419598965071184, 0.6710097024579506, 0.10645407503234414, 1.1823382923673982, 0.2364676584734767, 251.16617399741222, 244.21699159120266, 242.3165245795597, 0.9275465717981896, 0.8071313065976652, 0.26875291073739155, 0.058462483829236, 1.3777949547218626, 0.26700776196636683, 4.18050388098317, 0.5148188874514911, 0.20854527813712798, 1.7564922380336303, 1.724206985769727, 1.2285847347994843, 0.14921021992237815, 0.09423803363518574, 0.3717166882276863, 1.2373104786545874, 0.22425161707632996, 1.6701073738680425, 1.8428771021992179, 2.0208822768434644, 1.0060782664941763, 1.2006623544631299, 0.6640291073738692, 1.2338201811125467, 0.35426520051745963, 1.0846099611901658, 1.5697613195342806, 0.5436138421733477, 0.08551228978007967, 0.39876649417852705, 2.465022639068558, 2.224192108667527, 1.7250795601552378, 1.231202457956017, 1.2355653298835658, 0.53314294954722, 0.6177826649417829, 1.4519637774902978, 0.7704831824062075, 1.639567270375161, 2.080217335058211, 0.3978939197930162, 1.416188227684342, 0.16491655886158013, 0.6675194049159128, 0.5854974126778797, 0.03315782664942286, 1.4929747736093069, 0.43977749029753926, 0.7661203104786559, 1.7695808538162967, 1.3315485122897792, 1.0898454075032313, 2.597653945666226, 0.708530401034925, 0.9493609314359591, 0.03490297542043884, 0.507838292367401, 1.3603434670116359, 1.551437257438546, 0.3490297542044, 1.0174217335058209, 0.9903719275549829, 0.9301642949547223, 0.10383635187580853, 1.0427263906856428, 0.09511060802070244, 0.15357309184993553, 0.5462315653298805, 1.0278926261319516, 0.232977360931436, 0.7696106080206995, 0.40051164294954594, 0.9563415265200492, 1.5584178525226386, 0.4842787839586038, 0.2547917205692143, 1.6666170763260018, 0.0558447606727033, 0.2364676584734767, 0.3019107373868086, 0.24257567917206171, 0.34553945666235647, 1.1430724450194047, 0.39178589909443406, 0.6299987063389383, 0.14048447606726627, 1.6003014230271677, 1.7381681759379013, 0.022686934023283357, 0.11779754204398289, 0.7259818887451429, 0.2547917205692143, 0.27573350582147005, 0.8219650711513563, 0.4938771021992208, 1.1064243208279383, 1.2102606727037497, 0.33855886157826054, 1.5531824062095647, 0.7172561448900399, 0.6814805950840872, 0.4258163001293678, 0.07504139715394308, 0.31063648124191473, 1.7163538163001375, 0.20156468305304076, 1.0785019404915865, 0.1282684346701166, 0.16055368693402272, 1.3010084087968947, 1.6221157826649344, 1.7521293661060726, 0.14048447606726627, 0.3786972833117764, 0.5610653298835716, 1.2469087968952102, 1.8830155239327278, 0.9624495472186225, 0.4214534282018075, 0.43803234152651455, 0.21116300129366355, 1.633459249676582, 0.26962548512289664, 0.5645556274256094, 0.4781707632600304, 0.725109314359635, 0.14397477360931277, 0.0, 0.33594113842172785, 1.3873932729624794, 0.8333085381630039, 0.4956222509702426, 0.45112095730918383, 1.2853020698576956, 0.8935161707632528, 0.7521591203104728, 0.773973479948254, 1.2102606727037497, 0.20330983182406256, 1.480758732212169, 0.6125472186287204, 0.18411319534281698, 0.05148188874514591, 0.1954566623544587, 0.6046940491591194, 0.3821875808538142, 0.3551377749029705, 1.3437645536869258, 1.6072820181112493, 0.1910937904269071, 0.891771021992237, 1.4030996119016788, 0.10994437257438772, 0.5828796895213469, 1.482503880983179, 1.2538893919793004, 0.550594437257435, 2.4283745148770945, 0.048864165588616115, 0.5540847347994815, 1.1718673997412614, 0.9894993531694662, 1.048834411384216, 0.2949301423027185, 0.23123221216041132, 1.1552884864165573, 1.134346701164293, 0.10296377749029473, 1.7023926261319544, 0.741688227684345, 0.3062736093143573, 0.26439003880983125, 0.6535582147477355, 0.7355802069857688, 0.23035963777490331, 0.7870620957309176, 0.20330983182405968, 0.24781112548512713, 1.1029340232858917, 0.5697910737386834, 0.1265232858990919, 0.023559508408794255, 0.2242516170763212, 1.2408007761966369, 0.725109314359635, 0.14397477360931277, 298.70053622250913, 291.33862613195294, 278.7569760672699, 1.5531824062095647, 1.0209120310478643, 0.05758990944372801, 0.316744501940491, 0.24344825355756677, 1.4214236739974102, 0.12652328589908898, 0.509583441138417, 0.7504139715394511, 0.6387244501940503, 0.5706636481241915, 2.252114489003876, 1.0444715394566586, 1.216368693402329, 4.761638421733492, 0.5017302716688247, 0.8525051746442436, 0.6012037516170728, 0.8542503234152653, 0.8306908150064624, 0.6823531694695951, 1.3725595084087971, 1.6037917205692085, 1.7948855109961184, 2.0383337645536823, 0.616037516170764, 1.6142626131953421, 0.8324359637774901, 0.45722897800775725, 0.5139463130659802, 0.5889877102199204, 3.1787884864165483, 0.26875291073739155, 0.5209269081500616, 0.7922975420439946, 0.026177231565329858, 0.774846054333762, 1.466797542043977, 0.9371448900388065, 0.35688292367399227, 0.043628719275547824, 1.2154961190168152, 2.9397031047865387, 0.3062736093143602, 0.782699223803363, 0.46682729624837715, 1.330675937904271, 0.06369793014230721, 1.3751772315653297, 0.3891681759379014, 0.43890491591202835, 0.09685575679172134, 1.1369644243208283, 0.8647212160413904, 1.2050252263906784, 1.5915756791720528, 0.640469598965072, 1.424913971539454, 0.08376714100905497, 2.4711306597671343, 1.0846099611901687, 1.8149547218628634, 0.26264489003880653, 2.1299540750323382, 1.5427115135834426, 0.35950064683053373, 0.05322703751617351, 1.3036261319534246, 0.176260025873216, 1.0331280724450198, 0.5540847347994844, 0.54012354463131, 0.6998046571798218, 0.9362723156532928, 0.9179482535575639, 0.7556494178525194, 1.2390556274256066, 1.1029340232858917, 0.8149844760672633, 2.2809094437257356, 0.15619081500646825, 0.6465776196636484, 1.3847755498059497, 1.0287652005174597, 0.4319243208279412, 0.8263279430789137, 0.07242367399741328, 0.957214100905563, 0.3882956015523875, 1.2626151358344095, 0.038393272962479526, 0.27311578266494024, 1.6631267787839554, 1.2442910737386805, 0.6395970245795582, 0.575899094437254, 0.932782018111255, 0.32547024579559997, 0.15357309184993265, 0.8577406209573031, 1.8193175937904236, 0.1788777490297516, 1.5034456662354434, 0.011343467011647491, 0.890898447606726, 1.2032800776196595, 0.4397774902975422, 0.9964799482535563, 0.9615769728331205, 1.4380025873221232, 0.15968111254851183, 0.29580271668822944, 1.1483078913324702, 0.3804424320827982, 0.6221455368693403, 0.22686934023285682, 1.2189864165588615, 0.7853169469598956, 0.9275465717981896, 0.13437645536869577, 1.184083441138414, 0.1273958602846057, 1.09857115135834, 0.6840983182406141, 0.4842787839586038, 0.4153454075032341, 0.08027684346701427, 1.025274902975419, 0.9720478654592425, 0.33332341526519516, 0.40487451487710624, 0.2469385510996104, 1.3236953428201812, 5.94048641655885, 1.0479618369986994, 0.34204915912030703, 0.359500646830525, 0.16055368693402564, 1.1256209573091838, 0.09336545924968065, 1.3952464424320776, 0.26177231565329856, 0.08900258732212035, 1.1893188874514882, 0.766992884864164, 0.8943887451487696, 0.10121862871927584, 0.5331429495472229, 0.7024223803363545, 0.20505498059508145, 0.5636830530401042, 0.6299987063389355, 0.45461125485123327, 1.1884463130659773, 1.0732664941785213, 1.4519637774903063, 1.4388751617076312, 1.3062438551099544, 0.48689650711513655, 0.7957878395860264, 0.3743344113842161, 0.5628104786545933, 1.4458557567917185, 0.013088615782663475, 0.366481241914618, 0.500857697283308, 0.8952613195342806, 0.15880853816300677, 0.3708441138421783, 2.201505174644238, 0.7285996119016757, 0.035775549805946834, 0.5741539456662292, 0.12565071151358098, 0.8210924967658484, 0.07591397153945398, 0.04711901681759142, 1.2015349288486408, 0.6745, 0.9214385510996075, 1.1020614489003837, 0.08551228978008257, 1.0584327296248388, 0.8655937904269071, 0.5244172056921023, 1.0383635187580853, 0.665774256144888, 1.0767567917205618, 0.5427412677878339, 1.1099146183699846, 1.0872276843467015, 0.782699223803363, 0.32285252263907016, 0.7591397153945629, 0.8455245795601565, 0.5758990944372568, 0.15095536869339996, 1.2975181112548513, 0.3760795601552437, 0.3533926261319516, 0.34379430789133464, 0.6395970245795611, 0.5628104786545933, 0.09511060802069372, 0.23472250970245784, 1.400481888745149, 0.9746655886157751, 0.8961338939197914, 0.6779902975420435, 0.08202199223803606, 0.6465776196636454, 0.7922975420439858, 1.2058978007761953, 0.17276972833117824, 0.33594113842173073, 1.2408007761966369, 1.4423654592496749, 0.03926584734799333, 0.81585705045278, 1.0627956015523905, 0.5776442432082758, 1.065413324708923, 0.3830601552393222, 1.0217846054333695, 0.06369793014229849, 2.7302852522639003, 1.1221306597671346, 1.7390407503234064, 0.81585705045278, 0.7425608020698587, 0.5279075032341546, 0.38131500646830035, 0.0663156532988399, 0.24868369987063219, 0.17276972833117824, 0.5060931435963762, 0.532270375161709, 1.2879197930142283, 0.9432529107373857, 0.1204152652005156, 1.1788479948253574, 73.61473803363502, 73.14616558861562, 69.74748835705033, 67.82258926261306, 59.56716300129356, 54.58476326002577, 45.559726390685555, 1.2791940491591136, 3.8375821474773524, 3.8070420439844654, 0.27835122897800274, 1.3394016817593741, 0.24868369987063219, 1.433639715394566, 0.03141267787839815, 0.41883570504527484, 1.9929598965071098, 1.1064243208279383, 0.19283893919792597, 0.1221604139715403, 0.7233641655886104, 0.24519340232858566, 1.3629611901681715, 0.048864165588613215, 1.4275316946959895, 0.7242367399741212, 0.20592755498059526, 0.8359262613195365, 1.6989023285899079, 0.25828201811125495, 0.482533635187582, 1.1701222509702456, 1.0959534282018046, 0.5741539456662321, 0.2774786545924947, 0.35252005174643786, 1.2800666235446303, 0.35164747736092977, 0.6553033635187574, 0.683225743855106, 0.5209269081500616, 1.708500646830525, 1.540966364812418, 0.7652477360931421, 0.2373402328589905, 1.382157826649417, 0.08114941785252226, 1.3271856403622246, 3.040049159120304, 0.2975478654592541, 0.42319857697283514, 0.5165640362225041, 0.16753428201810994, 0.6535582147477355, 0.6718822768434674, 0.46508214747736115, 0.5244172056921023, 0.9772833117723136, 0.23123221216040843, 1.032255498059506, 0.06282535575679049, 0.8516326002587328, 0.6998046571798132, 0.9764107373868028, 0.5505944372574321, 0.6500679172056949, 1.9467134540750293, 0.8655937904269071, 2.3350090556274226, 0.8402891332470852, 0.8001507115135839, 0.3533926261319516, 0.029667529107373452, 1.6613816300129336, 1.342019404915907, 0.3123816300129336, 1.0994437257438512, 0.6299987063389355, 0.7739734799482483, 0.44239521345407196, 0.9092225097024607, 1.0776293661060787, 1.7931403622250937, 1.3106067270375148, 0.3088913324708929, 0.26613518758085597, 0.8865355756791687, 0.09772833117723514, 1.016549159120304, 0.45548382923674124, 1.7905226390685611, 1.2687231565329884, 0.6413421733505801, 0.20243725743854585, 1.4380025873221145, 0.975538163001289, 0.33768628719275545, 0.8952613195342776, 0.19109379042691, 1.2687231565329884, 1.9964501940491532, 0.7626300129366095, 1.7146086675291012, 0.666646830530402, 0.77571862871927, 0.040138421733510045, 0.6186552393272909, 0.7050401034928873, 0.4101099611901629, 0.16753428201811282, 0.34292173350582084, 0.2382128072445043, 1.663999353169478, 0.3437943078913317, 0.34641203104786733, 0.14659249676584835, 1.0976985769728351, 0.9633221216041393, 0.15880853816300383, 0.10470892626131943, 2.017391979301421, 1.8140821474773552, 0.30889133247088996, 1.0296377749029735, 1.7451487710219915, 0.5156914618369962, 0.7853169469598956, 0.23123221216040843, 1.0217846054333695, 0.0043628719275603045, 1.317587322121596, 0.640469598965072, 0.019196636481239763, 1.1692496765847347, 0.3115090556274227, 0.9825187580853791, 0.11168952134541242, 0.2530465717981838, 0.8481423027166862, 0.4633369987063394, 0.1282684346701166, 0.20243725743855456, 1.0034605433376464, 1.3394016817593772, 0.20854527813712798, 0.38044243208278944, 0.1247781371280701, 0.7190012936610616, 0.3752069857697299, 1.5802322121604113, 0.5375058214747744, 0.17276972833117824, 1.6500381630012948, 0.13263130659767688, 3.335851875808528, 1.4537089262613194, 0.9659398447606691, 0.7957878395860264, 0.040138421733510045, 0.7783363518758027, 0.55670245795602, 0.038393272962479526, 0.3184896507115157, 0.3978939197930162, 0.21029042690814392, 0.1762600258732247, 0.7399430789133348, 0.6788628719275487, 1.464179818887453, 1.1195129366106076, 1.253016817593784, 1.725079560155235, 1.5872128072445015, 0.3560103492884843, 0.5488492884864161, 0.4860239327296198, 0.04101099611902094, 0.00872574385511189, 0.9964799482535535, 3.1979851228977942, 1.6046642949547165, 0.07067852522638858, 0.6553033635187574, 0.732962483829233, 0.2504288486416598, 0.5043479948253603, 0.9100950840879687, 0.023559508408794255, 1.3620886157826577, 0.16927943078913754, 1.832406209573087, 1.5845950840879657, 1.4441106080206967, 1.593320827943072, 1.7172263906856398, 1.3760498059508406, 0.424071151358346, 0.6631565329883554, 1.9222813712807154, 0.6020763260025838, 0.4162179818887421, 1.2451636481241914, 1.833278783958595, 0.1736423027166833, 0.3115090556274256, 1.2626151358344035, 1.3106067270375148, 0.5628104786545904, 1.0366183699870606, 0.016578913324704164, 0.2931849935316938, 0.10819922380336301, 0.1177975420439858, 1.2765763260025869, 1.814954721862869, 2.080217335058211, 0.6064391979301383, 0.48166106080206816, 0.1352490297542067, 2.656989003880979, 0.2896946959896473, 0.8411617076325932, 0.7006772315653298, 0.46333699870633643, 0.1954566623544674, 0.12128783958602359, 0.9589592496765847, 0.20418240620957057, 0.4476306597671374, 1.1823382923673982, 0.4860239327296198, 1.0942082794307886, 0.4738078913324701, 1.6386946959896502, 0.48689650711513355, 0.45112095730918383, 0.8289456662354406, 0.5732813712807212, 0.3900407503234152, 1.1971720569210833, 1.0331280724450198, 1.134346701164293, 0.1745148771022, 0.6649016817593772, 0.34292173350582084, 1.8516028460543328, 0.05758990944372801, 0.4947496765847346, 0.2879495472186284, 1.0776293661060756, 0.3298331177231574, 0.9066047865459251, 0.1291410090556246, 0.665774256144891, 0.8612309184993526, 1.1675045278137128, 0.39091332470892315, 2.0557852522639, 2.592418499353161, 0.5593201811125527, 0.7521591203104816, 0.48515135834411177, 1.381285252263906, 0.232977360931436, 0.26002716688227095, 1.2189864165588615, 0.6186552393272995, 1.1570336351875763, 0.37695213454075166, 0.33681371280724165, 0.11168952134541242, 2.2966157826649374, 0.5837522639068579, 1.1823382923673982, 0.4877690815006416, 1.2983906856403622, 0.5689184993531725, 2.6726953428201754, 0.7591397153945629, 0.15880853816300383, 2.159621604139709, 3.175298188874505, 0.2696254851228996, 0.6561759379042682, 0.4738078913324701, 0.15968111254851472, 0.08289456662354697, 0.16491655886158013, 0.32459767141009194, 1.9397328589909393, 0.08813001293660655, 0.3786972833117764, 0.10907179818887681, 0.9842639068564009, 1.3795401034928843, 0.28794954721862553, 0.10732664941785502, 1.518279430789129, 0.6814805950840872, 0.8420342820181099, 0.9886267787839582, 0.49911254851228615, 0.1352490297542067, 0.5636830530401014, 1.6308415265200462, 2.0243725743855108, 1.1038065976714084, 0.883917852522633, 0.8525051746442378, 0.09336545924968065, 0.5357606727037468, 3.7145491591203044, 0.6073117723156549, 0.932782018111252, 1.0086959896507088, 0.37346183699871094, 0.41709055627425295, 0.20592755498059526, 0.1780051746442436, 2.2817820181112465, 1.0025879689521326, 0.7661203104786559, 0.6683919793014237, 1.6797056921086653, 1.049706985769727, 1.7713260025873214, 0.24344825355756972, 0.2451934023285944, 0.2539191461836976, 0.6361067270375146, 0.8839178525226388, 0.35426520051745963, 1.2922826649417798, 2.384745795601544, 0.8970064683053053, 1.66748965071151, 1.047961836998708, 0.8463971539456673, 0.4310517464424274, 1.1448175937904264, 1.7050103492884785, 0.6195278137128075, 0.9921170763260018, 0.6797354463130654, 1.081992238033633, 1.3219501940491565, 0.3551377749029792, 0.37695213454075166, 0.5209269081500645, 1.4240413971539403, 0.5427412677878427, 0.176260025873216, 1.5208971539456644, 0.7495413971539401, 1.1736125485122921, 0.582007115135836, 0.3865504527813715, 1.8516028460543297, 0.15706338939197914, 0.9196934023285885, 0.1788777490297487, 0.04101099611902094, 0.061080206985768694, 2.2207018111254833, 0.5104560155239336, 1.223349288486416, 1.165759379042691, 0.22425161707632996, 0.45286610608020567, 0.35077490297542185, 0.35862807244501704, 0.22337904269081904, 1.0802470892626084, 0.6902063389391991, 0.11517981888745021, 3.1822787839585978, 1.3367839586028416, 1.436257438551093, 0.1177975420439858, 0.666646830530402, 1.4065899094437222, 0.9947347994825345, 0.6134197930142312, 0.15008279430789487, 0.6570485122897762, 0.4057470892626113, 0.24257567917206171, 1.1788479948253574, 0.2364676584734767, 1.8734172056921081, 0.21290815006468533, 1.0226571798188833, 0.6352341526520067, 0.6125472186287174, 0.7373253557567876, 1.4720329883570424, 0.173642302716692, 0.7722283311772322, 0.43541461836998185, 1.4763958602846026, 1.2312024579560081, 1.5811047865459193, 0.6483227684346643, 0.20243725743855456, 0.30365588615782746, 0.8856630012936635, 0.20069210866753276, 0.7940426908150077, 0.490386804657183, 0.440650064683056, 1.5732516170763269, 0.7591397153945658, 2.241643596377745, 1.2312024579560081, 1.1090420439844768, 0.06806080206985589, 1.6596364812419115, 0.6256358344113839, 0.9144579560155262, 0.5122011642949584, 1.0313829236739982, 0.9031144890038816, 0.19981953428202187, 0.1771326002587327, 0.4336694695989601, 0.7800815006468304, 0.1177975420439858, 0.10558150064683033, 0.04188357050452603, 0.8970064683053023, 0.5968408796895185, 1.0531972833117706, 0.031412677878395245, 0.1745148771022, 1.0898454075032313, 0.6553033635187574, 0.11605239327295819, 0.1832406209573061, 0.04799159120310232, 0.34641203104786444, 0.3080187580853791, 1.1090420439844768, 0.12565071151358098, 1.6823234152651951, 0.366481241914618, 1.3620886157826664, 0.6073117723156549, 1.9205362225096965, 1.3149695989650634, 0.65792108667529, 1.6203706338939157, 0.5026028460543356, 0.564555627425618, 0.13088615782664637, 1.2512716688227679, 0.732962483829233, 0.30452846054333255, 1.5584178525226386, 0.4685724450194047, 1.7285698576972843, 0.658793661060801, 1.7556196636481223, 0.665774256144888, 1.0854825355756796, 0.5392509702457933, 1.1221306597671403, 2.1587490297542007, 0.6299987063389355, 1.2163686934023377, 0.6169100905562691, 1.839386804657177, 92.4126080206984, 72.00658344113828, 66.71965523932715, 50.95398124191452, 44.58069793014221, 43.10081177231556, 39.44734282018103, 1.5139165588615744, 3.9047703751616973, 4.813992884864152, 0.9188208279430747, 1.5619081500646825, 0.2521739974126816, 0.6919514877102209, 0.09336545924967193, 0.6465776196636484, 0.774846054333765, 0.9956073738680397, 0.3551377749029792, 1.572379042690813, 1.0357457956015526, 0.2774786545924947, 0.8996241914618379, 0.08027684346701718, 0.3228525226390673, 0.21290815006468244, 1.1230032341526481, 1.6072820181112493, 1.2137509702457934, 0.9362723156532928, 0.10819922380336301, 1.4502186287192729, 0.2879495472186284, 0.5680459249676559, 0.31587192755497717, 0.8638486416558824, 0.3324508408796871, 0.3010381630012919, 1.3577257438551031, 0.5863699870633876, 0.05497218628719241, 0.04188357050452893, 0.191966364812418, 0.2242516170763212, 1.3847755498059469, 0.2914398447606749, 1.9397328589909393, 0.01657891332471288, 1.0278926261319485, 1.567143596377742, 0.5296526520051734, 0.8272005174644218, 1.2006623544631299, 0.9371448900388094, 0.2931849935316938, 0.406619663648128, 0.3856778783958549, 0.7922975420439946, 0.6134197930142312, 0.7556494178525194, 1.492102199223799, 0.7207464424320834, 0.10383635187580563, 0.5174366106080179, 0.191966364812418, 0.01221604139714967, 0.6936966364812427, 0.21029042690814684, 2.442335705045275, 0.6395970245795582, 0.34553945666235647, 0.5383783958602795, 1.4947199223803345, 1.1928091849935318, 0.17102457956015935, 1.6762153945666158, 0.026177231565329858, 0.015706338939199076, 1.0008428201811108, 0.024432082794305157, 0.22599676584735173, 0.07765912031047577, 3.7721390685640293, 0.9118402328589846, 1.2198589909443724, 0.006108020698576289, 0.8647212160413962, 0.1291410090556246, 0.047991591203099405, 1.2390556274256066, 0.9310368693402331, 0.7504139715394511, 0.850760025873219, 0.9711752910737346, 0.1780051746442407, 0.15008279430789487, 1.5706338939197912, 0.5183091849935288, 1.6465478654592482, 0.09685575679172134, 1.6282238033635137, 1.3943738680465665, 0.7120206985769686, 2.7529721862871837, 0.9231836998706293, 2.857681112548503, 1.30886157826649, 2.227682406209565, 1.2765763260025869, 1.2713408796895214, 0.9415077619663611, 0.7102755498059439, 0.875192108667527, 1.3315485122897732, 0.13873932729624736, 0.5331429495472229, 1.0523247089262597, 0.12128783958602359, 1.856838292367398, 1.0470892626131914, 0.8141119016817553, 2.1674747736093067, 1.5008279430789109, 0.6727548512289783, 0.0671882276843508, 0.0069805950840900926, 1.3664514877102178, 1.2277121604139678, 1.8149547218628634, 1.649165588615778, 0.27573350582147005, 1.4188059508408748, 1.1456901681759317, 0.949360931435962, 2.425756791720562, 0.9973525226390643, 2.2468790426908103, 1.4048447606727035, 1.5470743855109943, 0.932782018111252, 0.39527619663648056, 1.7966306597671404, 1.0968260025873184, 0.4336694695989601, 0.28271410090556015, 0.9249288486416568, 0.14135705045278008, 0.8533777490297516, 0.7870620957309146, 0.8333085381629951, 1.7442761966364777, 3.0339411384217274, 0.8760646830530407, 0.3882956015523963, 0.21988874514876963, 1.3620886157826577, 2.081962483829233, 1.2085155239327279, 0.6797354463130654, 1.8803978007761923, 1.4929747736093069, 0.21203557567917156, 0.14484734799482948, 0.35164747736092977, 1.2198589909443724, 1.865564036222504, 0.9476157826649402, 2.9711157826649375, 0.4022567917205736, 0.6736274256144833, 1.025274902975416, 1.4030996119016814, 1.3969915912031023, 0.9537238033635195, 1.4912296248382908, 0.06282535575679339, 0.41272768434669854, 0.6134197930142312, 0.4519935316947006, 0.2382128072445043, 1.2216041397153885, 0.658793661060801, 0.4249437257438569, 0.5820071151358331, 1.214623544631307, 0.9764107373868028, 0.590732858990948, 0.2722432082794294, 1.4004818887451458, 1.3978641655886133, 2.5487897800776156, 0.2469385510996104, 0.028794954721862553, 0.21029042690814684, 0.575026520051743, 0.7792089262613193, 0.2862043984476008, 0.5357606727037468, 1.3254404915912028, 0.31325420439844737, 0.7120206985769716, 0.4860239327296198, 0.9266739974126788, 0.1893486416558882, 0.15444566623544354, 0.15095536869339996, 1.6238609314359564, 0.3228525226390673, 0.43279689521344916, 0.5697910737386777, 0.34292173350582084, 0.10994437257438482, 0.7486688227684322, 0.5017302716688247, 0.21290815006468244, 0.20941785252263886, 2.536573738680458, 0.3752069857697299, 0.2469385510996133, 0.05322703751617061, 1.4484734799482455, 1.5104262613195336, 0.04101099611901222, 0.21029042690814392, 0.3760795601552437, 0.6395970245795582, 0.5505944372574321, 0.8874081500646795, 0.4799159120310464, 1.308861578266493, 0.4345420439844768, 0.1151798188874531, 1.2032800776196626, 0.5165640362225041, 0.39440362225096676, 1.4284042690815004, 1.7215892626131941, 0.49911254851228615, 0.41098253557567677, 0.4345420439844768, 0.6596662354463118, 0.3341959896507089, 0.6186552393272995, 1.1099146183699846, 2.2215743855109884, 1.3882658473479963, 0.5436138421733477, 1.226839586028454, 0.43541461836998185, 0.37346183699870805, 2.182308538162998, 0.6483227684346643, 0.17451487710219712, 0.6090569210866769, 1.0244023285899022, 0.7992781371280729, 1.0566875808538259, 0.027922380336354562, 0.9231836998706322, 3.9632328589909336, 0.9144579560155174, 0.31936222509702655, 0.5043479948253603, 0.34030401034928814, 0.6046940491591194, 0.7443059508408806, 1.225967011642943, 1.1090420439844768, 1.1055517464424245, 0.1247781371280701, 0.6378518758085393, 0.7190012936610616, 0.9039870633893924, 0.1884760672703773, 0.5619379042690767, 0.006108020698579194, 0.34292173350582084, 1.1168952134540748, 0.19632923673997538, 1.5060633893919764, 0.07678654592496197, 0.31936222509702655, 0.665774256144891, 0.5113285899094416, 0.4711901681759345, 0.06457050452780938, 0.77571862871927, 1.2861746442432065, 0.1291410090556246, 0.09511060802069372, 0.6998046571798132, 1.2250944372574348, 0.6055666235446245, 0.20767270375161126, 0.8874081500646795, 1.6055368693402245, 1.049706985769724, 0.3062736093143602, 1.1465627425614484, 2.748609314359629, 1.3559805950840844, 0.8891532988357043, 0.3900407503234152, 0.176260025873216, 0.432796895213455, 0.4982399741267753, 0.4624644243208313, 0.5610653298835686, 0.11081694695989572, 0.2975478654592512, 0.3865504527813686, 0.5392509702457963, 2.3943441138421697, 0.9266739974126788, 0.1876034928848693, 1.4519637774903063, 0.7687380336351887, 1.9694003880983098, 0.6361067270375176, 0.16229883570504453, 0.3935310478654529, 0.47119016817593745, 2.066256144890037, 0.5383783958602882, 0.16055368693402564, 0.14746507115135343, 1.439747736093142, 0.5724087968952132, 2.1587490297541976, 0.1710245795601506, 1.848112548512289, 3.0164896507115038, 1.7442761966364777, 1.024402328589908, 0.1369941785252285, 0.9092225097024607, 0.45461125485123033, 0.8708292367399725, 0.3874230271668796, 0.48078848641656313, 0.4738078913324672, 0.07155109961190528, 2.597653945666235, 1.8114644243208256, 1.3651404282115764, 0.7076303526448295, 1.5316416876574177, 1.5945044080604414, 0.7331152392947035, 1.9215604534004873, 1.2249735516372686, 1.5273942065491088, 2.0175535264483466, 0.036528337531487515, 1.2997292191435657, 1.5758154911838693, 0.30327015113349676, 1.4067657430730354, 2.0710717884130814, 1.2088331234256837, 0.9811681360201434, 0.5198916876574262, 0.4128551637279565, 0.346594458438286, 0.2658923173803525, 0.01953841309823448, 0.5937978589420607, 1.263200881612081, 14.916304156171176, 52.80213664987368, 52.07241939546561, 14.590947103274454, 0.8715831234256866, 0.47401889168765554, 1.320117128463468, 1.2147795969773258, 0.06880919395466036, 0.14441435768261682, 0.6880919395465922, 1.3591939546599399, 0.7866335012594383, 0.016989924433247375, 0.29477518891687304, 1.906269521410565, 0.5071492443324908, 1.0729137279596876, 0.514794710327452, 1.5350396725440671, 1.1553148614609487, 0.19368513853903987, 0.8376032745591862, 0.28118324937027517, 0.08410012594458298, 0.6991353904282059, 0.470620906801006, 0.7925799748110778, 2.5603816120906595, 1.4118627204030123, 0.5734099496221612, 1.2479099496221555, 0.44003904282115514, 1.2045856423173718, 0.8945195214105733, 0.7968274559193895, 1.371086901763213, 0.8435497481108255, 1.186746221662465, 0.8316568010075522, 0.3788753148614561, 0.6209817380352595, 0.5411290931989883, 0.33470151133501, 1.422906171284626, 1.6607651133501118, 1.139174433249361, 1.714283375314847, 0.19623362720402698, 1.4823709068009947, 0.3627348866498711, 0.7823860201511265, 1.303127204030215, 1.3829798488664975, 1.6607651133501118, 0.10448803526448266, 0.8274093198992377, 0.7798375314861393, 1.0321379093198912, 0.9429408060453311, 1.1782512594458356, 0.9234023929470967, 1.536738664987392, 1.0737632241813502, 0.06286272040302095, 0.7433091939546547, 0.8647871536523847, 0.421350125944583, 1.6029993702770653, 1.422906171284626, 0.5759584382871511, 0.07730415617128121, 1.1077430730478506, 1.0491278337531498, 0.6082392947103211, 1.427153652392938, 0.5887008816120867, 0.682994962216618, 0.08410012594458298, 0.11468198992443109, 0.12742443324936947, 1.2181775818639726, 0.5530220403022643, 0.020387909319899675, 1.0372348866498653, 0.4221996221662482, 1.055074307304778, 0.2599458438287131, 0.8460982367758126, 0.4264471032745515, 2.595210957178822, 0.5300856423173775, 0.8537437027707767, 1.172304785894199, 0.8486467254407998, 0.9701246851385298, 1.9572392947103125, 0.750954659949616, 0.6778979848866438, 0.9454892947103211, 1.1943916876574208, 0.0874981108312353, 1.1875957178841214, 1.1315289672543996, 1.0882046599496131, 1.7745976070528835, 0.6490151133501204, 1.085656171284626, 0.5309351385390342, 0.3780258186397937, 2.100804156171267, 0.3984137279596962, 0.409457178841307, 2.333566120906793, 0.8223123425692634, 0.6218312342569218, 1.00410453400503, 0.7611486146095645, 0.6311756926952079, 0.16989924433249073, 0.573409949622164, 1.0516763224181285, 0.23785894206549155, 0.5249886649874004, 1.541835642317369, 1.0474288413098165, 0.29477518891687304, 0.3771763224181313, 0.2217185138539009, 0.9030144836271969, 1.0431813602015019, 0.8996164987405475, 1.4424445843828604, 1.7338217884130869, 0.5046007556675007, 0.666854534005033, 1.089903652392938, 1.560524559193941, 1.0075025188916795, 1.5341901763224077, 0.3058186397984867, 0.1257254408060419, 0.8826265743073002, 1.1026460957178763, 0.910659949622161, 0.016140428211582177, 0.6617575566750559, 1.152766372795959, 1.3880768261964633, 1.2411139798488593, 1.2360170025188824, 0.34829345088160796, 0.9412418136020063, 0.39416624685138435, 0.09174559193954715, 0.9429408060453339, 0.1665012594458441, 1.1587128463475982, 0.365283375314861, 0.26759130982367724, 0.41625314861460877, 0.04077581863979653, 2.4389036523929293, 1.0729137279596876, 0.8732821158690112, 0.17414672544079976, 0.2871297229219146, 0.7450081863979766, 0.5657644836271998, 0.7755900503778276, 0.5920988664987361, 0.6761989924433218, 0.16904974811083118, 0.14441435768261682, 1.1230340050377732, 0.7322657430730438, 0.23446095717883922, 1.28953526448362, 0.05181926952140732, 0.40436020151132995, 0.30242065491183434, 1.3201171284634654, 0.4221996221662482, 0.01274244332493553, 1.5095547858941936, 0.23615994962216963, 0.2939256926952135, 0.2692903022669992, 0.29817317380352254, 0.6073897984886587, 0.13252141057934366, 0.3661328715365262, 0.45702896725440245, 0.49610579345088274, 0.6107877833753081, 0.5173431989924392, 1.3642909319899141, 0.4476845088161164, 0.8494962216624593, 0.8783790931989911, 0.3729288413098223, 0.2047285894206535, 1.3914748110831126, 1.7652531486145946, 0.33470151133501, 0.34659445843828324, 1.6446246851385269, 0.6405201511334939, 0.5207411838790914, 0.9573822418135942, 1.7355207808564088, 0.14101637279597018, 1.6735075566750501, 0.9667267002518803, 0.21492254408060474, 0.23955793450881627, 0.13167191435768413, 0.8265598236775725, 0.8435497481108255, 3.582325566750602, 0.4961057934508799, 0.1537588161209029, 0.5598180100755604, 0.3703803526448352, 0.43154408060452576, 0.9301983627203957, 0.3151630982367784, 1.2445119647355087, 0.8180648614609517, 2.5187562972292032, 0.48591183879092864, 1.771199622166234, 1.6837015113349987, 1.251307934508805, 0.013591939546600729, 0.2658923173803525, 0.6328746851385326, 0.3635843828715362, 0.8460982367758126, 2.1619678841309686, 0.7501051637279537, 0.03992632241813416, 0.39331675062972193, 1.5358891687657297, 0.07815365239294925, 0.685543450881608, 0.03313035264483521, 0.7993759445843767, 0.4978047858942047, 0.28882871536523935, 1.029589420654904, 0.3567884130982345, 0.29477518891687304, 0.19793261964735173, 1.176552267002508, 1.1943916876574208, 1.7040894206548984, 1.141722921914351, 0.8647871536523847, 0.7518041561712784, 0.7331152392947035, 0.7535031486146088, 1.1841977329974722, 0.816365869017624, 0.23021347607052456, 0.0416253148614589, 0.19623362720402981, 2.1288375314861305, 0.9556832493702694, 0.598894836272035, 0.891121536523921, 0.5759584382871482, 0.3686813602015133, 1.2453614609571684, 0.1775447103274577, 0.48336335012593873, 0.2616448362720407, 0.912358942065483, 0.4884603274559186, 0.7433091939546547, 0.10788602015113498, 1.0100510075566695, 0.016140428211582177, 1.3277625944584266, 0.08494962216624818, 0.9539842569269448, 0.28882871536523935, 0.10788602015113498, 1.6955944584382718, 0.6277777078085612, 0.037377833753152706, 0.285430730478587, 0.40436020151132995, 0.8214628463476011, 0.23021347607052456, 0.06880919395465752, 1.455187027707799, 0.9684256926952078, 1.445842569269513, 0.9684256926952078, 0.33809949622166235, 0.15885579345088277, 0.25484886649873895, 1.066967254408051, 0.15460831234256808, 1.0100510075566695, 0.0314313602015133, 0.8851750629722873, 0.5920988664987332, 0.3754773299748066, 1.3982707808564119, 0.6218312342569218, 1.3447525188916825, 0.2624943324937031, 0.3440459697732961, 0.5113967254408026, 0.46722292191435655, 0.6914899244332418, 4.32563476070526, 0.8792285894206477, 0.30836712846347375, 0.1911366498740556, 0.5232896725440785, 1.7304238035264348, 1.4127122166246748, 0.06201322418136141, 0.6082392947103211, 0.528386649874047, 0.8605396725440729, 2.2316265743072887, 1.0661177581863917, 0.3202600755667526, 0.0917455919395443, 0.14441435768261682, 0.3907682619647321, 1.2156290931989826, 1.3269130982367643, 1.2606523929470939, 0.1605547858942047, 1.3124716624685038, 0.653262594458435, 0.036528337531487515, 1.8680421914357555, 0.4791158690176269, 0.7577506297229177, 1.2266725440805935, 0.1384678841309831, 1.3362575566750532, 1.405916246851373, 0.0416253148614589, 0.17839420654911725, 0.5683129722921869, 0.8817770780856378, 1.0032550377833678, 0.17924370277077675, 0.128273929471029, 0.2990226700251849, 1.9444968513853769, 1.4390465994962112, 1.1723047858941962, 1.0627197732997393, 0.10193954659949557, 1.3489999999999915, 0.1732972292191402, 0.49865428211586704, 1.450939546599487, 0.017839420654912574, 0.12232745591939241, 0.21407304785894238, 0.7161253148614561, 0.09684256926952135, 0.9913620906800946, 0.2523003778337518, 0.4646744332493666, 0.061163727959696206, 0.3941662468513872, 1.1994886649873946, 0.25399937027707653, 0.1384678841309831, 0.4663734256926914, 1.0117499999999915, 0.4120056675062941, 1.672658060453385, 0.2514508816120866, 0.12487594458438235, 0.6082392947103211, 1.189294710327452, 0.009344458438291714, 0.8605396725440729, 0.3661328715365262, 1.4067657430730383, 0.045872795969773575, 0.26079534005037547, 0.702533375314861, 1.2292210327455835, 1.23516750629722, 0.2939256926952135, 0.844399244332485, 0.021237405541562046, 0.12487594458438235, 0.8044729219143509, 0.23955793450881346, 0.9301983627203957, 0.2106750629722929, 0.23191246851385214, 1.516350755667495, 0.9973085642317312, 0.5334836272040242, 1.7805440806045256, 0.5462260705289653, 0.8274093198992434, 0.8265598236775753, 0.6889414357682546, 0.5564200251889081, 0.23361146095717686, 0.5377311083123388, 0.27353778337531104, 0.5283866498740528, 1.7355207808564088, 0.21747103274559185, 1.991219143576813, 1.54948110831233, 0.23361146095717686, 1.1366259445843767, 0.5674634760705246, 0.40351070528966476, 0.3924672544080568, 1.6038488664987305, 1.227522040302256, 0.5708614609571768, 2.77275566750628, 0.905562972292187, 0.13252141057934366, 1.0542248110831156, 1.560524559193941, 0.29647418136019493, 0.9505862720402953, 0.1197789672544053, 1.3201171284634654, 0.47571788413097743, 0.5029017632241789, 2.2146366498740413, 0.024635390428214353, 0.9650277078085555, 1.0644187657430642, 1.4475415617128347, 3.95270591939544, 1.848503778337518, 0.7968274559193895, 0.3219590680100745, 0.6846939546599428, 0.4714704030226656, 1.371086901763213, 1.0814086901763142, 1.0525258186397908, 0.022086901763227248, 0.4349420654911837, 0.10958501259445688, 1.4305516372795843, 0.5419785894206506, 0.5895503778337461, 0.6226807304785871, 0.33555100755667244, 3.3775969773299486, 0.3245075566750588, 0.9930610831234166, 1.1077430730478506, 1.375334382871525, 0.31941057934508743, 1.2071341309823589, 0.9174559193954572, 0.13591939546599596, 0.11468198992443109, 0.8019244332493695, 0.24125692695214385, 2.050683879093193, 1.691346977329963, 0.26759130982367724, 0.3287550377833706, 0.2922267002518888, 0.30836712846347375, 0.7636971032745515, 0.23191246851385214, 0.25909634760705075, 0.1665012594458441, 0.6575100755667441, 0.41030667506296936, 0.31941057934508743, 1.319267632241803, 0.1036385390428203, 0.32705604534004307, 0.8376032745591862, 0.1885881612090685, 1.0567732997481027, 0.9344458438287074, 1.9241089420654773, 0.23531045340049878, 0.22936397984886503, 0.3635843828715362, 0.3788753148614561, 0.3593369017632216, 0.6617575566750559, 0.2641933249370278, 1.4347991183878992, 1.2249735516372686, 2.1483759445843655, 0.1027890428211551, 0.11043450881612207, 1.3362575566750503, 0.30411964735516195, 1.1153885390428173, 2.288542821158673, 0.3601863979848811, 0.5173431989924392, 1.8637947103274435, 3.013163098236753, 1.3642909319899115, 0.365283375314861, 1.5707185138538895, 0.2837317380352595, 1.0261914357682547, 0.9854156171284609, 1.0822581863979766, 0.43494206549118086, 0.4366410579345056, 1.3107726700251763, 0.3151630982367756, 1.6352802267002382, 0.9939105793450789, 3.324928211586876, 0.8274093198992434, 0.9760711586901692, 0.9811681360201463, 1.1315289672543996, 0.9268003778337461, 0.8622386649874004, 0.7254697732997422, 0.352540931989917, 0.35763790931989403, 1.4398960957178735, 0.7458576826196418, 0.9047134760705245, 0.4621259445843767, 0.3712298488665004, 0.702533375314861, 0.5530220403022615, 0.3984137279596962, 0.33724999999999433, 0.5538715365239266, 2.100804156171273, 1.2699968513853828, 0.2743872795969734, 1.0584722921914276, 1.251307934508805, 0.44683501259445685, 0.6167342569269475, 1.581761964735503, 0.05861523929471193, 0.8885730478589339, 1.1068935768261854, 1.0610207808564174, 0.31941057934508743, 0.910659949622161, 0.4357915617128433, 0.6744999999999943, 0.7891819899244255, 0.6073897984886587, 0.8775295969773231, 0.7662455919395414, 1.5690195214105676, 1.8671926952140903, 2.13223551637278, 0.7645465994962167, 1.0448803526448267, 0.6515636020151075, 0.76624559193955, 0.6812959697732961, 0.4578784634760705, 0.7959779596977243, 1.2733948362720295, 1.9963161209067901, 1.8680421914357526, 0.589550377833749, 0.3890692695214102, 1.3082241813601923, 0.1546083123425709, 0.10533753148614221, 1.0007065491183806, 0.8545931989924391, 1.2003381612090573, 1.2920837531486071, 0.6940384130982317, 0.1817921914357639, 1.4662304785894098, 0.5521725440805991, 0.022086901763227248, 0.028033375314860998, 0.5360321158690112, 0.6838444584382803, 1.0542248110831156, 1.7040894206548984, 2.3981278337531298, 1.148518891687647, 0.4188016372795959, 1.7805440806045256, 0.4366410579345056, 0.5802059193954601, 1.9343028967254259, 0.6107877833753081, 0.5734099496221612, 1.946195843828699, 0.74161020151133, 1.1111410579345027, 0.5326341309823618, 0.711028337531479, 0.07475566750629693, 0.0900465994962224, 0.7407607052896675, 1.6276347607052766, 0.30496914357682714, 0.30411964735516195, 0.3525409319899198, 0.25145088161208945, 1.2733948362720295, 0.1588557934508799, 0.6745, 0.2446549118387905, 0.3007216624685125, 1.057622795969765, 0.27183879093198626, 0.08834760705289484, 0.807021410579338, 0.17244773299747784, 0.20387909319899114, 0.9251013853904214, 0.20897607052896533, 0.10618702770781023, 0.9284993702770681, 0.40945717884130983, 0.20897607052896533, 0.21747103274559185, 1.3218161209067958, 0.914907430730473, 0.6736505037783347, 0.903863979848865, 1.0380843828715305, 0.7450081863979766, 0.7704930730478505, 0.11383249370276873, 2.202743702770768, 2.1891517632241646, 0.7161253148614561, 0.25654785894206367, 1.30737468513853, 1.4755749370276985, 0.21492254408060474, 1.5409861460957066, 1.0839571788413012, 0.0, 0.5564200251889081, 1.5290931989924306, 95.94295277078017, 94.88108249370205, 94.25925125944512, 94.45463539042751, 85.84159319899182, 85.7897739294704, 84.6404055415611, 85.1016819899238, 85.07534760705228, 5.8351895465994525, 6.832498110831186, 5.598180100755629, 4.7614263224181, 4.16338098236773, 1.8085774559193866, 3.010614609571766, 1.0440308564231644, 0.7518041561712812, 0.07135768261964746, 0.3924672544080568, 0.7925799748110778, 0.03822732997480942, 0.1291234256926942, 0.08240113350125826, 0.48676133501259106, 0.36953085642317, 0.37632682619646896, 0.006795969773301779, 1.0499773299748036, 0.08494962216624818, 0.9854156171284609, 0.6422191435768214, 1.4161102015113243, 0.4944068010075552, 0.10193954659949557, 0.30327015113349676, 1.4212071788412985, 0.8732821158690112, 1.137475440806039, 0.9123589420654858, 1.1000976070528892, 0.18773866498740613, 1.2283715365239212, 1.549481108312333, 4.098819269521378, 0.9871146095717829, 0.45193198992442546, 0.6643060453400544, 0.8325062972292175, 0.825710327455913, 0.04587279596977074, 1.068666246851376, 1.1425724181360133, 1.4288526448362597, 0.7492556675062912, 0.072207178841307, 1.9869716624684983, 0.6362726700251822, 0.07645465994962168, 0.30242065491183434, 0.17499622166246492, 1.0278904282115766, 2.3548035264483436, 0.9743721662468444, 0.5249886649874004, 1.5588255667506163, 0.9047134760705245, 1.7329722921914217, 0.5181926952141015, 0.8231618387909259, 0.7670950881612039, 1.0151479848866438, 0.20727707808563778, 0.8945195214105733, 0.022086901763224417, 0.13931738035264263, 0.22341750629722562, 0.7934294710327372, 1.4713274559193867, 1.0117499999999944, 0.5734099496221612, 1.4636819899244198, 0.42474811083122965, 0.1928356423173775, 0.15460831234256808, 0.015290931989925467, 0.8197638539042849, 0.2004811083123388, 1.0007065491183806, 0.5725604534004988, 1.6828520151133393, 0.8775295969773231, 0.17244773299747784, 0.028033375314860998, 0.011043450881613624, 0.7356637279596906, 0.03822732997481225, 0.2599458438287131, 0.9344458438287131, 1.812824937027693, 1.4347991183878992, 0.9692751889168674, 0.9726731738035281, 0.4340925692695157, 1.1841977329974722, 2.056630352644821, 0.9820176322418086, 1.1986391687657323, 0.47571788413097743, 0.006795969773301779, 0.41710264483627396, 0.5088482367758126, 1.630183249370264, 0.8605396725440729, 0.18349118387909144, 1.7210793450881485, 1.1476693954659847, 1.4475415617128347, 0.8019244332493695, 0.6753494962216595, 0.06965869017631707, 0.08579911838791339, 0.3686813602015105, 0.41370465994961597, 0.5275371536523875, 0.5402795969773259, 0.24635390428211237, 0.7611486146095645, 0.6269282115868988, 0.42814609571787915, 0.44428652392946977, 1.6862499999999858, 0.4476845088161164, 1.1026460957178763, 0.058615239294709104, 0.8104193954659874, 0.7976769521410519, 1.3243646095717772, 1.4840698992443195, 1.0499773299748036, 1.2623513853904158, 1.1145390428211521, 1.7329722921914246, 0.61758375314861, 0.7271687657430698, 2.131386020151118, 1.5928054156171167, 1.3252141057934423, 0.32705604534004307, 1.0423318639798425, 0.21577204030226996, 0.3117651133501204, 0.6039918136020093, 0.42474811083122965, 0.30411964735516195, 0.7628476070528891, 0.6770484886649815, 1.2411139798488593, 1.7737481108312212, 0.2973236775818602, 0.0475717884130983, 1.2504584382871424, 0.22086901763223848, 0.4366410579345028, 1.5104042821158559, 0.5207411838790914, 0.5198916876574291, 0.13931738035264263, 1.8060289672543997, 0.2879792191435741, 0.48930982367757814, 0.3567884130982345, 0.9862651133501203, 0.3041196473551592, 0.74161020151133, 1.6743570528967127, 0.589550377833749, 0.06456171284634851, 0.6116372795969706, 0.4476845088161164, 0.6795969773299686, 0.6728010075566724, 0.8817770780856378, 0.11128400503778445, 0.21407304785893957, 0.6812959697732961, 0.6660050377833706, 0.858840680100751, 0.9760711586901692, 0.2268154911838779, 1.0024055415617026, 0.5105472292191402, 0.6405201511334968, 0.10363853904282314, 0.7721920654911781, 0.43324307304785614, 1.7745976070528835, 0.694887909319894, 1.3345585642317284, 0.601443324937025, 2.215486146095704, 0.8095698992443251, 0.11383249370276873, 0.27778526448362284, 0.6209817380352595, 0.0594647355163743, 0.11553148614609629, 0.6999848866498739, 0.1316719143576813, 0.2599458438287131, 0.6430686397984811, 0.47741687657429926, 0.3567884130982345, 1.7321227959697651, 1.3838293450881514, 1.202037153652382, 0.545376574307303, 0.7552021410579306, 1.1281309823677501, 0.4723198992443308, 0.25399937027707936, 0.8274093198992434, 0.23361146095717686, 0.9718236775818573, 0.1376183879093207, 1.0312884130982287, 0.7084798488664947, 1.5851599496221527, 0.37802581863979084, 0.5207411838790914, 0.9463387909319834, 1.1476693954659847, 0.5903998740554113, 0.760299118387902, 0.856292191435761, 0.3856712846347578, 0.024635390428211522, 0.1036385390428203, 0.38652078085642305, 0.3848217884130955, 0.900465994962207, 0.8588406801007481, 0.2658923173803525, 0.5920988664987332, 0.8180648614609517, 0.1800931989924448, 1.0117499999999915, 1.422906171284626, 0.1843406801007538, 0.324507556675056, 0.5980453400503727, 1.3634414357682516, 0.28203274559193753, 0.764546599496214, 0.671102015113342, 0.4060591939546547, 1.3668394206549042, 0.6456171284634682, 0.682994962216618, 0.8214628463476011, 0.48930982367757814, 0.44598551637279166, 0.14016687657430782, 0.4323935768261966, 0.10193954659949557, 0.10278904282115793, 0.8817770780856349, 1.431401133501247, 1.4628324937027601, 0.3100661209068014, 0.5326341309823618, 1.0151479848866438, 0.21747103274559185, 0.4289955919395386, 0.5632159949622126, 1.1425724181360133, 0.8146668765742994, 1.883333123425681, 0.23955793450881627, 0.713576826196469, 0.13337090680100888, 2.1288375314861305, 0.14526385390428204, 0.2183205289672514, 1.9708312342569132, 0.41710264483627113, 1.0007065491183806, 0.4154036523929436, 0.21322355163728002, 1.557976070528954, 0.43324307304785614, 0.09344458438286904, 0.16565176322417888, 0.2004811083123388, 1.2385654911838722, 0.22766498740554025, 0.3686813602015133, 0.7900314861460878, 1.0601712846347522, 0.11638098236775583, 0.47401889168765554, 1.6616146095717743, 1.563922544080602, 0.3771763224181313, 1.1612613350125853, 0.30836712846347375, 0.1792437027707796, 0.18519017632242185, 1.1476693954659847, 0.8112688916876526, 1.5078557934508685, 0.6626070528967184, 1.1986391687657323, 0.949736775818633, 0.13167191435768413, 0.09089609571788194, 1.822169395465982, 1.2071341309823589, 0.32026007556674696, 0.21747103274559185, 0.39331675062972193, 0.4077581863979823, 0.34659445843828324, 0.6524130982367699, 0.5657644836271998, 0.033979848866500406, 0.17669521410578967, 0.8494962216624593, 0.8826265743073002, 1.361742443324927, 0.6396706549118344, 1.0075025188916795, 0.6379716624685097, 0.7798375314861393, 0.6099382871536458, 1.0907531486146032, 0.7220717884130898, 1.1918431989924392, 0.014441435768260269, 0.5920988664987332, 0.4842128463476039, 0.12997292191435655, 0.31941057934508743, 0.4502329974811035, 0.40181171284634287, 0.22001952141057898, 1.076311712846337, 1.2513079345088078, 1.3269130982367643, 0.6889414357682546, 0.5538715365239266, 0.8503457178841244, 1.320117128463468, 0.026334382871533432, 1.7839420654911695, 0.7203727959697679, 0.07900314861460878, 0.20387909319899114, 0.421350125944583, 0.6286272040302263, 0.39926322418135574, 0.4383400503778303, 0.5173431989924392, 0.20812657430730577, 1.5087052896725308, 0.7450081863979766, 0.15970528967254513, 0.39586523929470907, 1.4517890428211466, 1.3141706549118288, 1.057622795969765, 1.759306675062961, 1.017696473551628, 0.08325062972292345, 0.626928211586896, 0.15800629722921755, 1.523146725440794, 0.008494962216626517, 2.4626895465994814, 0.657510075566747, 1.1153885390428173, 0.3287550377833735, 1.2164785894206478, 2.9163205289672316, 0.11213350125944399, 0.2387084382871539, 0.5929483627203984, 0.10193954659949557, 1.5732670025188824, 0.6982858942065434, 0.2217185138539009, 0.5020522670025165, 0.5802059193954601, 0.9862651133501203, 0.3058186397984867, 0.19963161209067365, 0.5751089420654859, 0.6277777078085612, 0.04502329974810837, 0.2489023929470995, 1.0278904282115793, 0.06456171284634851, 0.7738910579345027, 1.0083520151133478, 1.5401366498740443, 0.5717109571788392, 1.0312884130982287, 0.3109156171284609, 0.8172153652392865, 0.45532997481107773, 1.2445119647355087, 0.4714704030226656, 1.4628324937027601, 0.5572695214105733, 0.645617128463471, 0.27863476070528803, 0.8044729219143509, 0.3839722921914359, 0.3253570528967212, 0.0016989924433275668, 1.8357613350125825, 2.0141555415616996, 0.8545931989924391, 0.5029017632241732, 0.22936397984886503, 1.6972934508815996, 0.7781385390428175, 0.02123740554155922, 0.3797248110831213, 0.22766498740554025, 0.5504735516372744, 1.1782512594458356, 0.21067506297229574, 0.22851448362720267, 0.8877235516372716, 0.3151630982367756, 0.7263192695214072, 0.4502329974811035, 1.2343180100755549, 1.152766372795959, 0.036528337531487515, 0.09599307304785616, 0.7084798488664947, 0.4383400503778303, 0.722921284634755, 1.1799502518891605, 1.3940232997481, 1.088204659949616, 0.3916177581863972, 0.21322355163728282, 0.04247481108312127, 1.5078557934508685, 0.201330604534004, 1.3693879093198913, 0.21152455919395244, 0.36953085642317285, 0.05861523929471193, 0.6065403022669964, 0.5504735516372744, 0.23446095717883922, 0.7178243073047808, 0.1605547858942075, 0.10873551637280017, 0.0016989924433247372, 0.45278148614609065, 0.6889414357682546, 0.29562468513853546, 1.8230188916876413, 0.5453765743073001, 0.6524130982367727, 0.4884603274559158, 0.2607953400503727, 0.6507141057934479, 0.2658923173803525, 1.855299748110817, 1.4840698992443195, 0.5079987405541503, 0.07560516372795931, 0.9531347607052825, 1.227522040302256, 1.4619829974811063, 1.0261914357682547, 0.5164937027707796, 0.48591183879093147, 0.6209817380352595, 0.7662455919395414, 0.9081114609571741, 0.6761989924433218, 1.450939546599487, 0.020387909319899675, 0.4901593198992405, 0.25484886649873895, 0.23785894206549155, 1.4840698992443195, 0.44683501259445685, 0.2514508816120866, 0.645617128463471, 0.32790554156170826, 2.376040931989908, 1.0321379093198912, 1.209682619647346, 1.1986391687657323, 0.11128400503778445, 1.7185308564231614, 0.16904974811083118, 0.449383501259444, 0.8460982367758126, 0.2200195214105733, 1.189294710327452, 0.9183054156171195, 1.0610207808564174, 0.3219590680100745, 0.5419785894206535, 0.9922115869017543, 0.9879641057934423, 0.4918583123425653, 1.5460831234256809, 1.7185308564231585, 1.5273942065491088, 0.3686813602015105, 0.41795214105793066, 0.03228085642317567, 0.2336114609571797, 0.6643060453400459, 0.19028715365239607, 0.5547210327455863, 0.8172153652392892, 1.3107726700251792, 0.5666139798488593, 1.0261914357682547, 0.1520598236775838, 1.2300705289672458, 0.20642758186397825, 0.8231618387909259, 0.5683129722921869, 0.036528337531487515, 0.27863476070528803, 0.3389489924433247, 0.14866183879092867, 1.1536158690176326, 0.5776574307304729, 0.16904974811082552, 0.7152758186398022, 0.813817380352637, 0.1384678841309831, 1.7644036523929323, 2.709892947103253, 1.5061568010075468, 1.088204659949616, 0.12487594458438235, 1.916463476070513, 0.8078709068010004, 0.7382122166246777, 1.1289804785894124, 1.3252141057934423, 0.2692903022669992, 0.5071492443324879, 1.0397833753148553, 0.39416624685138435, 0.8486467254407998, 1.4755749370276985, 0.9735226700251821, 0.4944068010075552, 0.8189143576826111, 2.5051643576825997, 0.6702525188916825, 0.15205982367758097, 0.2336114609571797, 0.08155163727959588, 0.46807241813602174, 0.844399244332485, 0.08579911838791339, 0.4128551637279565, 1.7015409319899168, 0.10618702770780741, 1.2385654911838722, 97.28515680100683, 74.12534130982314, 53.67202078085604, 42.07639735516342, 31.004063602014895, 23.139427581863803, 19.655643576826055, 0.8554426952141043, 1.1230340050377732, 0.7195232997481056, 0.8223123425692634, 0.7101788413098167, 1.5868589420654773, 1.0508268261964633, 0.06626070528967042, 0.12402644836272282, 0.9098104534004987, 0.9369943324936946, 0.04417380352644601, 1.0499773299748036, 0.7951284634760649, 1.5715680100755547, 1.443294080604523, 0.10533753148614221, 0.5062997481108255, 1.812824937027693, 0.12997292191435655, 0.0628627204030266, 1.117937027707799, 0.5351826196473517, 0.4264471032745515, 0.7441586901763171, 0.9633287153652308, 0.47571788413097743, 0.8240113350125854, 0.37717632241813415, 0.15375881612090572, 0.39246725440805963, 1.0227934508816023, 0.15290931989924336, 1.4135617128463371, 0.45787846347606764, 1.0109005037783347, 1.2521574307304673, 0.1197789672544053, 0.28118324937027234, 1.5435346347606937, 0.39331675062972193, 1.438197103274546, 0.9352953400503697, 0.7772890428211522, 0.4281460957178819, 1.5919559193954544, 0.45532997481107773, 0.514794710327452, 1.0899036523929437, 1.466230478589407, 0.060314231738039494, 0.26759130982367446, 0.16140428211586985, 0.1766952141057925, 0.6447676322418086, 1.1468198992443224, 0.8885730478589339, 0.8596901763224133, 0.7586001259445774, 0.5581190176322357, 0.12317695214105479, 1.0261914357682547, 1.4577355163727859, 0.2191700251889166, 0.8359042821158613, 1.1289804785894124, 0.9590812342569218, 0.3839722921914359, 1.2181775818639726, 0.8460982367758126, 0.35848740554156205, 0.380574307304778, 1.8654937027707656, 0.20302959697732878, 0.9174559193954601, 1.4917153652392807, 0.3448954659949613, 1.1841977329974722, 0.13676889168765835, 0.6660050377833678, 1.2173280856423132, 0.44598551637279454, 0.5827544080604472, 0.3856712846347578, 1.3303110831234166, 1.7091863979848727, 0.3584874055415592, 0.11977896725440813, 0.5377311083123388, 0.30496914357682714, 1.1629603274559128, 1.0414823677581773, 1.0423318639798396, 1.1340774559193867, 0.2837317380352595, 1.3812808564231616, 0.050969773299747785, 0.6541120906801003, 1.2003381612090573, 1.1315289672543996, 1.7635541561712698, 0.42814609571787915, 0.3338520151133477, 0.8690346347606994, 0.4434370277078046, 0.5887008816120867, 0.15375881612090572, 0.7008343828715305, 0.8962185138539065, 0.3499924433249327, 1.0210944584382775, 1.441595088161198, 1.6879489924433106, 0.2922267002518888, 0.31941057934508743, 0.8673356423173718, 0.4765673803526426, 0.38227329974810836, 0.061163727959696206, 0.39926322418135574, 0.6685535264483577, 0.5326341309823618, 0.5419785894206506, 0.8919710327455833, 1.883333123425681, 0.47571788413097743, 0.2641933249370306, 0.19198614609571796, 0.5232896725440785, 0.1129829974811092, 1.1289804785894124, 1.560524559193941, 0.31431360201511316, 0.5360321158690112, 0.23785894206549155, 0.03992632241813416, 0.7526536523929435, 0.30242065491183434, 0.8240113350125854, 0.16820025188916882, 0.8758306045339983, 0.9301983627203984, 1.2470604534004959, 0.9183054156171195, 0.9463387909319806, 0.10533753148614504, 1.6539691435768158, 0.1673507556675036, 1.3184181360201432, 1.2988797229219031, 0.4663734256926914, 0.4128551637279565, 0.2658923173803525, 1.3566454659949498, 1.277642317380341, 0.9072619647355116, 0.813817380352637, 0.6022928211586873, 0.9395428211586817, 0.3703803526448352, 0.9191549118387821, 1.4653809823677475, 0.7110283375314819, 0.004247481108311844, 0.6303261964735483, 1.5919559193954544, 1.6582166246851249, 0.9573822418135942, 1.0644187657430642, 0.4799653652392864, 0.7373627204030152, 0.6167342569269475, 1.0355358942065434, 1.2682978589420553, 0.045872795969773575, 1.340505037783365, 1.317568639798478, 1.1306794710327372, 2.94605289672542, 0.4221996221662425, 0.5411290931989855, 0.3916177581864001, 0.750954659949616, 0.10363853904282314, 0.16395277078085696, 0.4876108312342506, 0.3550894206549098, 0.053518261964734894, 0.6133362720402981, 0.072207178841307, 0.9743721662468415, 0.24635390428211237, 0.4476845088161221, 1.5214477329974692, 0.7619981108312296, 0.4035107052896676, 0.44683501259445685, 0.5878513853904243, 0.09939105793450846, 1.0482783375314761, 0.8333557934508771, 1.0278904282115766, 0.16140428211586985, 0.04587279596977074, 0.9157569269521326, 0.903863979848865, 0.2871297229219146, 0.3865207808564202, 0.9471882871536543, 0.08325062972292345, 0.9072619647355116, 0.6277777078085612, 1.742316750629719, 5.2065623425692324, 0.8571416876574263, 0.6184332493702723, 0.48336335012594156, 0.9200044080604444, 1.3727858942065378, 0.03992632241813416, 0.4349420654911837, 0.470620906801006, 0.09514357682619379, 1.1289804785894124, 0.35763790931989403, 1.4093142317380254, 0.011892947103273164, 3.12274811083121, 1.5732670025188824, 1.6233872795969675, 0.42729659949621673, 0.5326341309823646, 0.8639376574307224, 0.27948425692695045, 0.8936700251889108, 0.18349118387909144, 1.2564049118387821, 1.9258079345088022, 0.9607802267002437, 0.3644338790931958, 1.1009471032745515, 0.648165617128461, 0.04162531486145606, 1.3243646095717772, 1.506156801007544, 0.45278148614609065, 1.2283715365239183, 1.1689068010075467, 0.32960453400503303, 0.20897607052896533, 1.9309049118387762, 2.1347840050377673, 0.06456171284634851, 1.3090736775818546, 0.39416624685138435, 0.9310478589420609, 0.11213350125944681, 0.825710327455913, 0.07645465994962168, 4.31883879093196, 0.3049691435768243, 0.48591183879092864, 0.6957374055415563, 0.42729659949621673, 0.6821454659949557, 0.12827392947103183, 0.6617575566750559, 0.7135768261964661, 0.8180648614609517, 0.2225680100755604, 1.7193803526448324, 1.3676889168765691, 0.8469477329974722, 0.33724999999999716, 0.16820025188916882, 1.3133211586901665, 0.12062846347606485, 0.5853028967254371, 1.5121032745591805, 0.6923394206549068, 0.5105472292191373, 0.004247481108311844, 2.209539672544067, 0.6464666246851334, 1.4220566750629609, 1.0848066750629695, 0.6651555415617083, 0.5292361460957123, 0.9403923173803469, 0.3984137279596962, 0.1902871536523932, 0.31771158690176554, 0.46127644836271714, 2.827123425692677, 0.5368816120906764, 0.9845661209067957, 0.05012027707808824, 0.1707487405541531, 1.424605163727948, 1.6480226700251763, 0.8996164987405475, 0.3678318639798481, 0.5887008816120867, 0.7050818639798424, 0.45872795969773006, 2.5068633501259243, 0.33470151133501, 0.5725604534004988, 0.6354231738035196, 0.3610358942065463, 0.2701397984886644, 0.37547732997480376, 1.1264319899244253, 0.5861523929470966, 0.449383501259444, 0.5632159949622126, 0.3049691435768243, 1.1663583123425596, 0.06795969773299516, 2.0846637279596822, 1.0202449622166152, 0.3916177581863972, 0.17414672544079976, 0.5513230478589396, 0.44428652392946977, 2.912922544080582, 0.6439181360201462, 0.34999244332492985, 0.7738910579345027, 1.0244924433249298, 0.2803337531486128, 0.01274244332493836, 0.26334382871536544, 0.365283375314861, 0.6456171284634682, 0.12912342569269702, 1.0168469773299658, 0.016989924433247375, 0.8401517632241733, 0.06965869017631707, 0.5445270780856434, 1.397421284634752, 0.4850623425692635, 1.2886857682619548, 0.48336335012594156, 1.492564861460946, 0.5980453400503783, 1.281889798488656, 0.36953085642317, 0.2183205289672514, 1.1638098236775782, 1.6225377833753025, 0.08070214105793352, 0.858840680100751, 0.959930730478587, 0.014441435768260269, 0.2599458438287131, 0.2837317380352595, 0.856292191435761, 0.08410012594458298, 1.6896479848866353, 1.193542191435761, 0.6235302267002466, 0.9064124685138522, 1.62168828715364, 1.6250862720402897, 0.397564231738031, 0.12572544080604472, 0.7959779596977272, 0.5122462216624649, 1.443294080604523, 0.912358942065483, 1.749962216624672, 1.5885579345088021, 1.6225377833753025, 0.6252292191435741, 0.23191246851385214, 0.5581190176322385, 0.9157569269521326, 0.8554426952141043, 0.6982858942065434, 0.37547732997480376, 0.9590812342569218, 0.3355510075566753, 0.08579911838791339, 0.39331675062972193, 0.8291083123425653, 0.2438054156171253, 0.025484886649873893, 1.141722921914351, 1.109442065491178, 0.9089609571788335, 0.7050818639798482, 0.13676889168765835, 1.1578633501259359, 1.5426851385390312, 0.6439181360201462, 3.753074307304761, 1.4407455919395329, 0.8494962216624593, 1.840858312342554, 0.5802059193954601, 0.06456171284634851, 3.1677714105793213, 1.089903652392938, 0.03567884130982515, 0.6651555415617083, 1.5826114609571655, 0.23446095717883922, 0.2523003778337518, 0.3550894206549069, 0.2556983627203984, 3.0004206549118173, 0.27778526448362284, 0.4391895465994899, 0.18179219143576672, 1.387227329974801, 0.5071492443324908, 0.24125692695214102, 0.800225440806039, 0.802773929471029, 0.24040743073047863, 0.1316719143576813, 1.1714552896725339, 0.6320251889168731, 0.2641933249370306, 0.7178243073047808, 0.3848217884130955, 0.682994962216618, 0.5198916876574291, 2.5544351385390227, 1.1493683879093095, 1.5928054156171167, 0.6999848866498739, 0.1800931989924448, 1.4585850125944455, 0.18349118387909144, 1.0720642317380253, 0.014441435768260269, 0.5326341309823646, 1.0244924433249298, 0.0866486146095701, 0.034829345088165604, 0.34744395465994843, 0.47996536523928923, 0.7874829974811035, 2.082964735516357, 0.9786196473551563, 0.33724999999999716, 1.1366259445843738, 0.01953841309823448, 1.1689068010075467, 1.255555415617128, 1.1213350125944512, 0.2446549118387905, 1.6327317380352508, 0.6048413098236745, 1.2504584382871424, 0.6124867758186358, 0.6073897984886587, 0.04672229219143594, 0.1732972292191402, 1.4543375314861338, 1.3812808564231644, 1.5928054156171167, 0.3924672544080568, 0.5598180100755604, 1.1230340050377732, 0.0008494962216595393, 0.06711020151132996, 1.2445119647355087, 0.8596901763224133, 0.23615994962216963, 2.2724023929470882, 0.11977896725440813, 0.8027739294710261, 88.94140491183813, 73.11698929470978, 61.687017632241364, 48.734748740553805, 23.986375314861284, 0.22426700251888798, 0.5683129722921869, 0.18094269521410433, 0.896218513853898, 0.1707487405541531, 0.06965869017631707, 0.6728010075566696, 1.1824987405541476, 0.6634565491183836, 0.374627833753147, 1.1119905541561652, 1.23516750629722, 0.936144836272035, 0.3448954659949613, 0.5615170025188851, 0.053518261964734894, 1.129829974811072, 0.20302959697733158, 0.409457178841307, 0.14186586901762974, 1.0508268261964633, 2.2010447103274378, 1.6590661209067872, 1.4585850125944455, 1.0814086901763142, 0.3117651133501233, 1.5146517632241703, 0.38906926952140736, 1.5452336272040186, 1.919011964735503, 0.07220717884130418, 0.6133362720403066, 1.1111410579345027, 0.2582468513853884, 0.6626070528967184, 0.8885730478589339, 0.5046007556675007, 2.7438727959697538, 0.08579911838791339, 0.9573822418135942, 0.18009319899244197, 0.6974363979848811, 0.27013979848866154, 0.7127273299748038, 1.4866183879093093, 0.7501051637279537, 0.1384678841309831, 0.6192827455919346, 0.3049691435768243, 0.601443324937025, 0.0067959697733046085, 0.4154036523929436, 1.4424445843828604, 1.425454659949613, 0.711028337531479, 1.541835642317369, 0.46807241813601896, 1.3209666246851306, 0.8511952141057869, 0.23191246851385214, 0.8333557934508742, 0.27098929471032107, 1.28953526448362, 1.1740037783375208, 0.07645465994962168, 0.49695528967253944, 1.4662304785894098, 0.9590812342569218, 0.4901593198992377, 1.1187865239294612, 0.7806870277078046, 0.711028337531479, 0.9327468513853828, 0.8970680100755605, 0.6005938287153598, 0.01189294710327882, 0.8766801007556606, 0.7025333753148554, 0.14611335012594157, 1.331160579345076, 1.6582166246851249, 0.8308073047858872, 1.4178091939546518, 1.560524559193941, 1.303127204030215, 1.8451057934508686, 0.9251013853904214, 0.08494962216624818, 0.35848740554156205, 1.148518891687647, 0.3355510075566753, 2.04303841309822, 1.1629603274559128, 0.10958501259445688, 1.5282437027707683, 0.28797921914357694, 0.9327468513853828, 1.1986391687657323, 0.8503457178841244, 1.060171284634755, 0.7407607052896675, 0.07390617128463456, 0.9973085642317312, 0.18179219143576672, 0.7628476070528891, 1.9139149874055261, 0.5564200251889081, 0.9191549118387821, 1.9691322418135857, 0.7857840050377759, 0.42984508816120387, 0.5317846347606994, 1.6972934508815996, 0.14016687657430782, 0.13931738035264263, 1.0151479848866438, 0.8112688916876498, 1.0482783375314761, 0.10193954659949557, 1.3506989924433133, 0.21662153652392666, 0.15970528967254513, 2.0167040302266868, 0.5700119647355173, 0.11553148614609629, 0.49950377833752657, 2.178108312342551, 1.3574949622166237, 0.6524130982367727, 0.6770484886649871, 0.1027890428211551, 1.076311712846337, 0.35423992443324737, 0.6116372795969706, 0.7365132241813558, 1.5902569269521298, 0.4366410579345028, 0.3287550377833706, 0.8299578085642247, 0.32790554156170826, 1.8281158690176156, 1.5036083123425568, 1.567320528967243, 1.6437751889168646, 0.29477518891687304, 0.07475566750629412, 0.7246202770780797, 1.717681360201499, 0.8393022670025108, 0.7288677581863916, 0.12147795969773005, 0.10109005037783321, 0.653262594458435, 1.2954817380352566, 0.41030667506296936, 1.0567732997481027, 1.2657493702770737, 0.4782663727959645, 1.4280031486145974, 0.7305667506297163, 1.2445119647355087, 0.9480377833753082, 0.10024055415617082, 0.5020522670025165, 0.2896782115869045, 0.6745, 1.118786523929464, 0.12487594458438235, 0.9471882871536543, 0.8291083123425653, 1.0678167506297163, 0.9743721662468415, 0.48506234256926634, 0.10278904282115793, 0.514794710327452, 0.30836712846347375, 0.8613891687657381, 0.48081486146095165, 1.066967254408051, 1.7159823677581716, 0.818914357682614, 0.21237405541561766, 1.441595088161198, 0.08155163727959588, 0.35423992443324454, 3.6044124685138295, 0.09939105793450846, 2.786347607052878, 0.6753494962216595, 1.5460831234256809, 0.8104193954659903, 0.7297172544080567, 1.209682619647346, 1.2581039042821067, 1.5707185138538924, 0.5394301007556636, 0.1520598236775838, 1.3065251889168672, 0.6243797229219089, 0.0322808564231785, 0.813817380352637, 1.3515484886649756, 0.8486467254407998, 0.33045403022670106, 1.4203576826196391, 0.43324307304785614, 1.281889798488656, 0.660058564231734, 1.424605163727948, 0.7008343828715305, 0.43494206549118086, 1.415260705289662, 0.8486467254407998, 0.6464666246851334, 0.34829345088160796, 0.3330025188916882, 0.04247481108312127, 0.5377311083123388, 0.9709741813601921, 1.4135617128463371, 0.21152455919395527, 0.9081114609571741, 0.5649149874055375, 0.0475717884130983, 0.1665012594458441, 0.7968274559193895, 1.48746788413098, 0.39416624685138435, 0.22936397984886503, 0.2837317380352623, 0.47486838790931785, 0.9021649874055346, 1.6709590680100632, 0.6405201511334968, 0.6643060453400459, 1.0567732997481027, 0.1800931989924448, 0.3584874055415592, 1.0695157430730382, 1.1791007556675064, 0.8783790931989854, 0.29647418136019493, 1.4798224181360076, 0.5071492443324908, 0.4001127204030209, 0.5623664987405588, 0.10109005037783603, 0.5326341309823646, 0.6192827455919346, 0.6328746851385326, 0.7076303526448295, 1.6021498740554028, 0.11977896725440813, 0.5046007556675036, 0.06116372795969904, 0.32790554156170826, 0.15885579345088277, 0.2930761964735483, 0.7611486146095645, 0.14781234256926631, 2.264756926952124, 1.4781234256926856, 1.1238835012594355, 0.6311756926952079, 0.19113664987405277, 0.666854534005033, 0.8460982367758126, 1.5945044080604414, 2.494120906800989, 0.17584571788413011, 2.1917002518891517, 1.2317695214105675, 0.021237405541562046, 0.449383501259444, 0.0, 0.6167342569269475, 1.349849496221651, 0.9828671284634738, 1.1977896725440729, 0.4205006297229206, 0.021237405541562046, 2.0082090680100633, 2.072770780856409, 0.4502329974811035, 0.7908809823677502, 0.28118324937027517, 0.04162531486145606, 0.2998721662468473, 0.9641782115868932, 1.6403772040302151, 0.9047134760705245, 0.14441435768261682, 1.4118627204030123, 0.26844080604533965, 0.0314313602015133, 1.9555403022669848, 0.4001127204030209, 0.184340680100751, 1.4483910579345, 0.9234023929470938, 1.0542248110831156, 0.9675761964735426, 0.750954659949616, 0.37207934508816, 0.9251013853904214, 0.2624943324937002, 0.35169143576826023, 1.56986901763223, 0.4595774559193924, 0.21577204030226996, 0.1605547858942047, 0.5513230478589396, 1.890129093198977, 1.1943916876574208, 0.7424596977329924, 1.1774017632241733, 0.9641782115868932, 0.3117651133501233, 1.1442714105793352, 0.08919710327456003, 1.0244924433249298, 0.5547210327455863, 0.6201322418135943, 0.9420913098236688, 0.22596599496221553, 0.4349420654911837, 0.6184332493702723, 0.3907682619647349, 0.2726882871536515, 1.1621108312342476, 0.12657493702770992, 0.1316719143576813, 0.7976769521410519, 0.8325062972292175, 1.3940232997481, 1.625935768261952, 0.10873551637279735, 0.27098929471032673, 1.78054408060452, 0.8605396725440729, 0.03313035264483521, 0.13252141057934366, 1.6378287153652251, 0.034829345088165604, 0.5725604534005044, 1.1774017632241733, 0.8545931989924391, 0.39756423173803385, 0.6430686397984838, 1.2156290931989826, 0.14356486146095163, 0.006795969773301779, 0.011043450881613624, 0.4604269521410576, 1.4220566750629609, 1.211381612090668, 0.5632159949622126, 0.7917304785894126, 1.0788602015113242, 0.7144263224181284, 1.5715680100755547, 0.27523677581863576, 0.0628627204030266, 0.570861460957174, 0.7441586901763171, 0.9811681360201434, 0.7382122166246777, 0.3389489924433247, 0.8112688916876526, 0.11383249370276873, 0.27863476070528526, 0.19793261964735173, 1.8349118387909173, 0.8605396725440729, 1.0159974811083032, 0.23785894206549155, 0.8223123425692634, 0.6192827455919346, 0.2200195214105733, 0.7993759445843767, 0.3516914357682574, 1.4738759445843739, 0.05691624685138436, 0.7653960957178763, 1.8162229219143424, 0.45702896725440245, 0.7441586901763171, 2.1653658690176183, 1.2648998740554085, 1.3158696473551563, 0.38991876574306966, 0.41030667506296936, 1.4169596977329866, 0.1902871536523932, 0.6158847607052852, 0.5988948362720379, 0.08494962216624818, 0.22936397984886503, 2.0234999999999856, 1.3464515113350042, 0.7764395465994899, 0.6133362720403066, 1.7847915617128347, 1.212231108312339, 1.5375881612090543, 0.06795969773299516, 0.341497481108309, 0.3593369017632216, 0.47486838790931785, 0.8282588161209, 1.2207260705289569, 0.3389489924433219, 90.85277141057868, 90.63105289672478, 83.26337216624624, 76.84627770780797, 64.7570969773295, 55.600377204029826, 47.345822418135675, 4.667132241813566, 1.4840698992443195, 1.817921914357667, 0.10618702770780741, 0.3168620906801003, 1.4441435768261852, 1.6369792191435628, 0.5785069269521353, 0.6116372795969706, 0.4357915617128433, 0.9769206549118287, 0.4434370277078046, 0.004247481108311844, 1.6743570528967127, 0.035678841309822316, 1.1986391687657323, 0.8630881612090601, 0.15545780856423044, 0.9471882871536459, 0.19198614609571796, 1.1875957178841214, 0.7195232997481056, 0.13931738035264826, 1.3362575566750532, 0.6405201511334939, 0.12062846347606485, 1.2402644836271999, 0.06286272040302095, 0.8197638539042849, 1.32181612090679, 0.14356486146095163, 2.6538261964735312, 0.7781385390428175, 1.422906171284626, 0.22426700251888798, 0.006795969773301779, 1.3829798488664975, 0.40181171284634287, 0.23615994962216963, 0.41200566750629697, 0.33979848866498713, 0.449383501259444, 0.42304911838790776, 1.4891668765742965, 0.5071492443324908, 0.6031423173803468, 0.7900314861460878, 0.6999848866498739, 1.0389338790931901, 0.0314313602015133, 0.6838444584382803, 0.7203727959697679, 0.2438054156171253, 0.20897607052896533, 1.5095547858941936, 1.078860201511327, 1.455187027707796, 1.5299426952140958, 1.9844231738035114, 0.7433091939546547, 0.15715680100755802, 0.04672229219143594, 0.20727707808563778, 0.9183054156171195, 1.132378463476062, 0.7254697732997422, 0.570861460957174, 2.662321158690155, 0.06965869017631988, 0.07050818639798226, 0.8741316120906737, 0.760299118387902, 0.9998570528967154, 0.29052770780856124, 0.9667267002518803, 0.5462260705289653, 1.146819899244325, 0.5802059193954601, 1.1451209068010004, 1.1595623425692605, 0.12657493702770992, 0.5768079345088134, 2.629190806045323, 1.2003381612090573, 0.9251013853904214, 0.7874829974811035, 0.06626070528967325, 0.6838444584382803, 0.6634565491183807, 0.5674634760705246, 2.0855132241813443, 1.317568639798478, 0.201330604534004, 1.2750938287153541, 0.04757178841310114, 0.4077581863979823, 0.25060138539042426, 1.9088180100755547, 0.19623362720402981, 0.7917304785894155, 0.2922267002518888, 0.5870018891687618, 1.061870277078077, 0.38312279596976795, 0.7560516372795902, 0.029732367758185736, 0.39586523929470907, 0.6150352644836229, 1.768651133501247, 0.5215906801007567, 0.4723198992443308, 0.4935573047858956, 0.048421284634760677, 0.13337090680100605, 1.281889798488656, 1.5222972292191346, 2.9562468513853686, 1.4331001259445717, 0.5836039042821124, 0.49270780856422475, 0.4009622166246776, 0.37717632241813415, 0.2480528967254343, 0.03907682619647462, 1.5656215365239181, 0.7458576826196418, 0.3950157430730439, 0.9633287153652337, 0.9828671284634738, 1.4823709068009947, 1.2793413098236688, 0.19793261964735173, 0.42984508816120387, 0.020387909319899675, 0.9030144836271942, 0.4052096977329923, 0.8690346347606994, 0.24040743073047863, 1.3863778337531387, 0.21407304785894238, 0.8384527707808513, 1.109442065491178, 0.0900465994962224, 0.9701246851385298, 0.8112688916876498, 0.20302959697732878, 0.7263192695214072, 0.4060591939546547, 0.09514357682619379, 1.4492405541561595, 0.35763790931989403, 0.9200044080604471, 0.7178243073047808, 1.3999697732997394, 0.8155163727959617, 1.7525107052896647, 0.7382122166246777, 0.47741687657430215, 0.10448803526448266, 0.08155163727959588, 0.685543450881608, 0.34574496221662654, 1.2572544080604415, 0.33979848866498713, 1.3625919395465893, 0.33470151133501, 0.41710264483627396, 0.20642758186397825, 0.06711020151132996, 1.034686397984881, 0.45787846347606764, 1.209682619647346, 0.2658923173803525, 1.4305516372795843, 0.903863979848865, 0.805322418136016, 1.5053073047858816, 0.31941057934508743, 0.16904974811082552, 0.4221996221662482, 0.285430730478587, 2.02859697732996, 1.6667115869017513, 1.7491127204030068, 0.19198614609571796, 0.12402644836272282, 2.5561341309823473, 0.5071492443324908, 0.0874981108312353, 0.26674181360201776, 1.1026460957178763, 0.8885730478589339, 1.5783639798488567, 0.46467443324936375, 1.0100510075566695, 0.7178243073047808, 0.8707336272040326, 0.01868891687657211, 0.0322808564231785, 1.1238835012594384, 0.10788602015113215, 0.924251889168759, 1.3804313602014993, 1.2241240554156063, 0.08410012594458582, 0.6269282115868988, 0.925950881612081, 0.6473161209067957, 2.8424143576825998, 0.2446549118387905, 0.9352953400503726, 1.759306675062961, 0.3117651133501204, 2.275800377833738, 0.5419785894206535, 0.5589685138538952, 0.5937978589420607, 0.7526536523929435, 0.4842128463476039, 0.13591939546599596, 0.23531045340050158, 2.0736202770780685, 0.25909634760705075, 1.2767928211586788, 1.0907531486146032, 1.5061568010075468, 1.4178091939546518, 0.9811681360201434, 0.07390617128463456, 1.0966996221662368, 2.467786523929455, 0.46722292191435655, 0.021237405541562046, 1.9844231738035114, 0.07135768261964746, 0.3916177581863972, 1.07631171284634, 0.1197789672544053, 1.1383249370277042, 0.0314313602015133, 0.5249886649874033, 0.33470151133501, 0.7441586901763171, 0.6209817380352595, 0.6124867758186329, 1.068666246851376, 0.36613287153652335, 0.8291083123425653, 0.7467071788413042, 0.11468198992443109, 0.3313035264483606, 1.0966996221662368, 2.3029842569269334, 2.4779804785894037, 0.44088853904281744, 1.5741164987405476, 2.4652380352644685, 0.10618702770780741, 0.42729659949621673, 0.4306945843828662, 0.835054785894199, 1.2878362720402896, 0.6447676322418086, 0.3304540302266982, 0.7866335012594383, 0.21237405541561766, 1.4492405541561653, 0.5615170025188851, 1.1238835012594384, 0.08070214105793352, 0.6456171284634682, 0.0832506297229263, 0.42729659949621673, 0.05266876574307252, 0.8146668765742994, 0.8945195214105733, 0.32195906801006885, 1.1272814861460878, 0.5436775818639725, 0.5768079345088134, 0.24295591939546574, 1.0414823677581773, 1.3880768261964633, 0.5470755667506305, 0.514794710327452, 1.7040894206549042, 0.397564231738031, 0.39756423173803385, 0.004247481108314673, 1.9980151133501147, 0.4706209068010089, 1.0610207808564174, 1.6718085642317255, 1.1009471032745515, 1.034686397984881, 0.6082392947103211, 1.0117499999999915, 0.49270780856422763, 2.0659748110831098, 0.39501574307304677, 0.30751763224181144, 0.6719515113350072, 0.8979175062972228, 0.6464666246851334, 1.3770333753148496, 0.6829949622166208, 0.4502329974811035, 0.601443324937025, 2.353104534005019, 0.0314313602015133, 0.5980453400503727, 0.007645465994961318, 0.7764395465994955, 0.365283375314861, 0.5130957178841244, 0.1452638539042792, 0.26759130982367446, 0.1970831234256865, 1.319267632241803, 0.3729288413098223, 0.4434370277078046, 0.4638249370277043, 0.3304540302266982, 0.5759584382871482, 0.23276196473551167, 0.3364005037783348, 0.22256801007556326, 0.8554426952140987, 0.4714704030226656, 0.8537437027707767, 0.5385806045339984, 1.7516612090679995, 0.2472034005037776, 1.143421914357673, 0.10448803526448266, 0.05012027707808824, 0.6583595717884064, 1.3506989924433133, 1.3371070528967155, 0.27863476070528803, 1.3991202770780742, 1.0312884130982287, 0.5725604534004988, 0.7331152392947035, 0.570861460957174, 0.5198916876574262, 0.3780258186397937, 0.16225377833753224, 1.029589420654904, 0.048421284634760677, 0.13676889168765835, 0.678747481108309, 0.7772890428211551, 0.5649149874055375, 0.06286272040302095, 0.47316939546599596, 0.4340925692695157, 0.41625314861460594, 1.2207260705289569, 0.15800629722921755, 0.09174559193954715, 0.8299578085642304, 0.2743872795969734, 0.6405201511334939, 1.0491278337531413, 0.10788602015113215, 1.7601561712846205, 0.2658923173803525, 0.2523003778337518, 0.3839722921914359, 1.5477821158690084, 1.0125994962216567, 0.9047134760705218, 0.5810554156171225, 1.5962034005037664, 0.6923394206549068, 0.17924370277077675, 1.656517632241803, 0.13337090680100605, 0.07475566750629693, 1.2411139798488509, 1.092452141057925, 0.17244773299747784, 0.44088853904281744, 1.529942695214093, 1.32181612090679, 0.5487745591939525, 1.1060440806045257, 1.429702141057925, 0.6090887909319863, 84.50108816120844, 79.05836586901704, 71.68473866498687, 60.63534130982323, 51.4437921914354, 39.47354093198964, 34.77582682619622, 0.48930982367757814, 1.1502178841309718, 2.1118476070528835, 0.8656366498740471, 0.12487594458438235, 0.0594647355163743, 0.4578784634760705, 0.5836039042821124, 0.10958501259445971, 0.15205982367758097, 0.45532997481107773, 432.6747600755636, 0.27183879093198626, 0.38312279596976795, 0.06031423173803667, 1.07631171284634, 0.28882871536523935, 0.053518261964734894, 1.189294710327452, 0.17584571788413011, 0.31601259445843793, 0.8333557934508771, 0.06711020151132996, 0.5572695214105733, 1.3549464735516252, 0.402661209068008, 0.6821454659949557, 1.3464515113350042, 1.3506989924433133, 0.4264471032745515, 0.45448047858941537, 0.6167342569269475, 1.3906253148614502, 0.25399937027707653, 0.2735377833753082, 1.3523979848866383, 1.1264319899244253, 0.7976769521410519, 0.9234023929470967, 1.7525107052896647, 0.2302134760705274, 0.5504735516372744, 0.3924672544080568, 0.7619981108312268, 0.1316719143576813, 0.5130957178841244, 1.1111410579345, 0.48591183879093147, 0.024635390428211522, 1.378732367758177, 0.184340680100751, 0.9293488664987332, 1.5027588161208942, 0.014441435768260269, 1.1051945843828634, 0.542828085642313, 0.16395277078085696, 1.85275125944583, 0.3873702770780825, 0.7891819899244255, 0.9667267002518803, 1.2300705289672458, 0.7424596977329895, 1.237715994962207, 0.8359042821158642, 1.5962034005037635, 0.45363098236775296, 1.0261914357682547, 1.1655088161209, 0.7866335012594383, 0.8078709068010032, 0.49100881612090286, 1.2130806045339984, 1.5656215365239152, 1.3591939546599372, 0.030581863979848103, 0.28628022670024655, 1.371086901763213, 0.12487594458438235, 0.5700119647355116, 0.6405201511334968, 2.172161838790917, 0.6065403022669992, 0.025484886649873893, 0.13337090680100888, 1.0559238035264404, 0.2556983627204013, 0.7951284634760649, 2.730280856423156, 0.033979848866500406, 1.083957178841304, 0.33979848866498713, 0.03482934508816277, 0.3296045340050358, 1.0856561712846289, 1.536738664987392, 0.465523929471029, 0.5997443324937002, 0.30157115869017204, 0.0314313602015133, 0.3219590680100745, 1.5460831234256809, 0.4391895465994899, 0.41625314861460877, 1.3337090680100632, 0.44003904282115797, 0.3058186397984867, 1.3668394206549013, 1.3303110831234137, 0.5190421914357696, 2.1509244332493584, 0.694887909319894, 1.9589382871536374, 1.5681700251889024, 0.5249886649874033, 0.2599458438287131, 1.6208387909319777, 1.1043450881611983, 1.8722896725440759, 1.0423318639798396, 0.2166215365239295, 0.10109005037783321, 0.285430730478587, 0.07220717884130418, 1.1060440806045257, 0.7365132241813558, 1.4764244332493608, 0.8010749370277043, 1.916463476070516, 0.17669521410578967, 0.8078709068010032, 1.209682619647346, 2.7821001259445657, 0.19878211586901692, 0.4655239294710318, 0.08410012594458582, 2.9562468513853686, 0.9854156171284609, 0.8248608312342506, 0.41625314861460877, 0.7925799748110778, 0.3389489924433219, 0.13422040302267405, 0.39586523929470907, 0.9013154911838722, 1.5265447103274463, 0.2166215365239295, 2.031145465994947, 0.15800629722921755, 1.7236278337531357, 1.6582166246851249, 1.2079836272040214, 0.38821977329974494, 0.3984137279596962, 2.1806568010075496, 0.15800629722921755, 1.0092015113350044, 0.3593369017632216, 0.8214628463476011, 1.3252141057934423, 0.9293488664987332, 0.9047134760705245, 0.5717109571788392, 1.1553148614609459, 2.0455869017632073, 0.9157569269521326, 0.4850623425692635, 0.3347015113350072, 0.34319647355163657, 1.3523979848866383, 0.9293488664987332, 0.2803337531486128, 0.8376032745591862, 0.9505862720402953, 0.9760711586901692, 0.2183205289672514, 1.3651404282115764, 1.5307921914357554, 2.327619647355145, 0.3440459697732961, 0.18094269521410433, 2.0413394206548956, 1.6972934508815996, 0.3754773299748066, 0.3550894206549098, 0.072207178841307, 0.39331675062972193, 0.8885730478589339, 0.14016687657430782, 0.9030144836271942, 0.05266876574307252, 0.14781234256926912, 0.7560516372795902, 0.9123589420654858, 0.42304911838790776, 0.18264168765742908, 0.5062997481108255, 0.01868891687657211, 0.37122984886649474, 1.9130654911838638, 0.9047134760705218, 0.9930610831234166, 0.23361146095717686, 1.8068784634760564, 0.38227329974810836, 0.09259508816120385, 1.034686397984881, 0.657510075566747, 1.0771612090680023, 0.41710264483627113, 0.07645465994962168, 1.2241240554156063, 1.315020151133494, 0.32026007556674696, 0.8987670025188851, 0.8291083123425653, 0.7823860201511265, 0.2472034005037748, 0.421350125944583, 0.2446549118387905, 0.8299578085642304, 0.8019244332493695, 0.7271687657430698, 0.5903998740554113, 0.380574307304778, 0.6286272040302263, 1.3583444584382776, 1.3727858942065378, 0.15121032745591578, 0.18603967254408138, 0.8681851385390342, 0.23106297229219258, 0.385671284634755, 0.6838444584382803, 1.0983986146095646, 0.694887909319894, 0.9183054156171195, 0.16989924433249073, 0.7501051637279537, 1.1587128463475982, 1.880784634760691, 1.0278904282115793, 0.3593369017632216, 1.7134338790931842, 1.5121032745591834, 1.7049389168765607, 0.173297229219143, 1.1841977329974722, 0.13931738035264263, 0.06880919395466036, 0.9072619647355088, 0.9862651133501203, 0.19028715365239607, 0.7934294710327401, 0.7993759445843767, 0.9582317380352565, 0.3678318639798481, 1.424605163727948, 1.0737632241813502, 0.6634565491183836, 0.14186586901762974, 1.4008192695213988, 1.2835887909319805, 0.7059313602015048, 0.7662455919395414, 0.40351070528966476, 0.19963161209067645, 1.1145390428211521, 1.156164357682611, 0.1707487405541531, 1.4534880352644712, 0.6209817380352595, 1.4288526448362597, 1.3354080604533909, 0.11553148614609629, 0.9352953400503726, 0.5249886649874004, 0.4884603274559186, 0.5802059193954601, 0.20048110831234164, 0.20642758186397825, 0.26844080604533965, 0.7976769521410519, 0.7866335012594383, 0.40096221662468046, 0.774740554156165, 0.8834760705289654, 0.21237405541561766, 1.1553148614609487, 0.2446549118387905, 1.6046983627203955, 0.08070214105793634, 0.6745, 0.0067959697733046085, 1.3235151133501175, 1.0729137279596876, 0.9888136020151047, 1.146819899244325, 0.66940302267002, 0.5802059193954601, 0.4621259445843795, 0.6005938287153655, 0.24550440806044718, 0.2828822418135999, 2.0574798488664836, 1.0261914357682547, 1.2360170025188824, 0.4765673803526398, 0.10533753148614504, 1.8102764483627087, 0.1911366498740556, 0.8308073047858872, 3.051390428211565, 1.328612090680089, 0.257397355163726, 0.9709741813601921, 0.7212222921914302, 1.5172002518891547, 0.6753494962216595, 1.00410453400503, 0.8342052896725394, 0.38906926952140736, 0.7577506297229177, 1.450939546599487, 1.6038488664987305, 0.38821977329974494, 0.47486838790931785, 1.281889798488656, 0.8291083123425653, 0.07475566750629693, 0.7059313602015076, 0.16480226700251932, 0.004247481108314673, 0.007645465994964148, 0.24040743073047863, 0.5691624685138493, 0.030581863979848103, 0.7755900503778276, 0.7059313602015076, 0.2055780856423187, 0.015290931989922636, 0.2055780856423187, 1.3413545340050304, 0.6524130982367727, 2.058329345088149, 1.2929332493702694, 0.1953841309823646, 0.16225377833753504, 0.442587531486145, 0.14441435768261682, 0.36018639798488394, 0.15885579345088277, 0.16225377833753504, 1.0142984886649815, 0.7501051637279565, 0.19963161209067645, 0.542828085642313, 1.3957222921914245, 0.46892191435767844, 1.0431813602015019, 0.37632682619646896, 1.5452336272040157, 0.13676889168766118, 0.5878513853904327, 0.16310327455919177, 1.4534880352644712, 0.26164483627204355, 1.1824987405541476, 1.5367386649873946, 1.253856423173792, 0.13591939546599596, 2.1424294710327287, 1.3464515113350042, 0.38142380352644883, 1.3506989924433161, 0.201330604534004, 1.4305516372795843, 0.14781234256926912, 1.2691473551637205, 1.0542248110831156, 0.8291083123425653, 0.5122462216624649, 0.21407304785894238, 0.5292361460957123, 0.035678841309822316, 0.00594647355163941, 1.3167191435768157, 0.4077581863979823, 1.0227934508816023, 0.9301983627203984, 0.8758306045339983, 0.035678841309822316, 0.8987670025188851, 0.3380994962216596, 1.0219439546599427, 0.514794710327452, 2.7693576826196304, 1.2139301007556607, 1.7329722921914217, 0.573409949622164, 1.2394149874055345, 0.4604269521410576, 1.1034955919395386, 0.949736775818633, 0.21577204030226996, 0.3508419395465951, 0.4205006297229178, 0.7611486146095645, 0.6464666246851334, 0.3601863979848811, 0.9412418136020063, 0.46127644836271714, 0.030581863979850934, 0.5963463476070507, 0.8206133501259387, 0.6728010075566724, 0.5096977329974779, 0.5207411838790914, 0.005096977329974213, 0.27948425692695045, 0.21152455919395527, 0.12402644836272282, 0.5691624685138464, 1.4679294710327344, 0.5513230478589396, 0.11383249370277437, 0.1129829974811092, 1.1085925692695129, 0.2726882871536515, 0.7679445843828662, 0.7025333753148554, 0.6184332493702723, 0.678747481108309, 1.677755037783365, 0.5292361460957123, 0.28118324937027517, 94.81057430730408, 76.91933438287096, 52.57617065491145, 43.32685579345056, 29.124128463475863, 4.879506297229187, 1.3456020151133392, 0.48081486146095165, 0.12062846347606485, 1.53249118387908, 1.7796945843828604, 1.1306794710327372, 0.9301983627203984, 0.2506013853904214, 0.4502329974811035, 0.9735226700251821, 0.045872795969773575, 1.2920837531486071, 0.2106750629722929, 0.6260787153652394, 0.25314987405541134, 0.6711020151133449, 0.9590812342569218, 0.7382122166246777, 0.2701397984886644, 0.22766498740553745, 0.8197638539042763, 0.9352953400503697, 1.5511801007556552, 0.7348142317380282, 0.8945195214105733, 0.7280182619647292, 0.5317846347606994, 1.0261914357682547, 1.0219439546599427, 0.891121536523921, 1.8977745591939497, 0.0016989924433247372, 0.11043450881612207, 0.9607802267002465, 0.5878513853904327, 1.6955944584382747, 0.5997443324937002, 1.258953400503769, 1.3320100755667412, 0.8987670025188851, 0.33979848866498713, 0.6541120906801003, 2.283445843828699, 0.341497481108309, 1.2088331234256808, 1.8391593198992293, 0.825710327455913, 0.1766952141057925, 0.0832506297229263, 0.33724999999999716, 0.8231618387909259, 1.8315138539042735, 0.7679445843828662, 1.5053073047858816, 0.36358438287153344, 0.2828822418135999, 0.9352953400503697, 0.07560516372796212, 1.0032550377833678, 1.8442562972292063, 0.788332493702763, 0.37462783375314423, 1.357494962216615, 1.5588255667506163, 0.43324307304785614, 1.2496089420654801, 1.0032550377833678, 0.5887008816120867, 0.5929483627203984, 0.0891971032745572, 0.5190421914357667, 0.11553148614609629, 0.2760862720402981, 0.5385806045340011, 1.0958501259445745, 0.08240113350125826, 0.09429408060453424, 0.774740554156165, 1.029589420654904, 1.1918431989924392, 1.3320100755667412, 0.29562468513853546, 0.9514357682619576, 0.008494962216626517, 0.5368816120906793, 0.12997292191435655, 0.8741316120906737, 0.07050818639798226, 0.16140428211586985, 0.05266876574307535, 0.9140579345088078, 0.1843406801007538, 0.5547210327455863, 0.32110957178841215, 0.3848217884130955, 1.6097953400503642, 1.9546908060453254, 1.8892795969773146, 0.1308224181360161, 0.47741687657430215, 0.3126146095717856, 0.4731693954659931, 0.8452487405541588, 0.5555705289672486, 0.016140428211585005, 0.2828822418135999, 0.9293488664987332, 0.924251889168759, 0.24550440806045287, 0.6778979848866438, 0.9234023929470938, 0.711028337531479, 0.542828085642313, 0.07390617128463456, 0.666854534005033, 0.7484061712846288, 1.5104042821158559, 0.7373627204030152, 0.7560516372795902, 1.3957222921914245, 1.3439030226700173, 0.9973085642317312, 0.5513230478589396, 2.822026448362703, 0.21067506297229574, 0.0, 1.4687789672543938, 0.285430730478587, 0.7959779596977243, 0.42814609571787915, 1.1799502518891605, 1.168057304785887, 0.45787846347606764, 2.6648696473551476, 0.24550440806044718, 0.14866183879092867, 1.099248110831224, 0.7467071788413042, 0.04672229219143311, 0.98966309823677, 0.30242065491183434, 0.5751089420654859, 0.9684256926952051, 1.516350755667495, 0.5445270780856406, 2.427010705289656, 0.03313035264483521, 0.21237405541561766, 0.13337090680100888, 0.14696284634760395, 1.0737632241813502, 0.49950377833752657, 0.1027890428211551, 1.005803526448355, 0.0475717884130983, 0.1911366498740556, 0.4850623425692635, 0.3015711586901692, 0.8019244332493638, 0.22511649874054754, 1.2648998740554085, 0.010193954659951253, 0.5547210327455863, 0.10618702770781023, 0.48251385390427354, 0.3703803526448352, 0.8248608312342506, 0.7543526448362654, 1.3506989924433133, 0.6999848866498682, 0.6082392947103211, 0.6812959697732961, 1.3880768261964633, 0.2489023929470995, 0.2998721662468473, 0.8724326196473461, 2.304683249370264, 1.5409861460957066, 0.053518261964734894, 0.285430730478587, 0.44088853904281744, 0.16310327455919177, 0.056066750629721995, 0.9505862720402953, 1.5282437027707683, 1.5146517632241703, 0.8248608312342506, 1.9198614609571627, 2.0048110831234136, 1.0729137279596876, 0.6753494962216566, 0.558968513853898, 0.1520598236775838, 0.48761083123425336, 0.14866183879092867, 0.8291083123425653, 1.6989924433249242, 0.9276498740554086, 0.11723047858942104, 1.2691473551637205, 0.9013154911838722, 1.2869867758186302, 0.825710327455913, 0.7569011335012554, 0.15290931989924336, 1.0049540302266897, 1.1264319899244253, 0.46467443324936375, 1.12558249370276, 0.11638098236775583, 0.3015711586901692, 1.2937827455919346, 0.33979848866498713, 0.3347015113350072, 0.9064124685138522, 0.7101788413098167, 0.44088853904281744, 0.8197638539042763, 0.324507556675056, 1.0958501259445774, 1.3184181360201432, 1.0474288413098165, 0.5419785894206506, 0.9743721662468444, 2.13223551637278, 0.1707487405541531, 0.6770484886649815, 0.4476845088161164, 0.7993759445843767, 3.37080100755665, 0.8741316120906737, 2.5671775818639637, 0.18943765743073085, 0.9183054156171195, 0.0025484886649871064, 0.3066681360201462, 0.2361599496221668, 0.807021410579338, 0.008494962216626517, 0.8622386649874004, 0.9123589420654858, 0.36358438287153344, 0.769643576826191, 1.8994735516372632, 0.3941662468513872, 0.6846939546599428, 0.7212222921914302, 2.009908060453388, 0.8877235516372745, 0.38991876574306966, 0.20218010075566356, 0.11128400503778445, 0.31941057934508743, 0.1197789672544053, 1.499360831234248, 0.1384678841309831, 0.9777701511334939, 0.4621259445843767, 0.7815365239294698, 0.18858816120906566, 0.8240113350125854, 0.34064798488664944, 1.6157418136020034, 0.0883476070529005, 0.6880919395465951, 0.35423992443324737, 1.2725453400503668, 0.6133362720403066, 0.2480528967254343, 0.5079987405541474, 0.0016989924433247372, 0.17584571788413011, 0.8427002518891603, 0.8410012594458356, 0.2472034005037776, 1.060171284634755, 0.6745, 0.5419785894206506, 0.04502329974810837, 1.2071341309823589, 0.37207934508816, 0.37547732997480376, 0.22341750629722562, 0.7178243073047808, 2.3063822418135884, 1.4220566750629637, 1.109442065491178, 0.6940384130982288, 1.00410453400503, 1.0508268261964662, 2.5892644836271854, 0.29052770780856124, 0.9344458438287131, 0.7365132241813529, 2.711591939546578, 0.3729288413098223, 0.201330604534004, 1.761855163727948, 1.4483910579345, 1.688798488664973, 2.0838142317380197, 0.2650428211586873, 0.04672229219143311, 0.45532997481107773, 0.09939105793450846, 0.421350125944583, 0.6583595717884064, 0.23106297229219258, 0.660058564231734, 0.8605396725440729, 1.0695157430730382, 0.28118324937027517, 1.143421914357673, 0.9293488664987332, 0.8172153652392892, 0.7840850125944512, 0.30242065491183434, 0.30666813602014903, 0.8104193954659903, 1.2343180100755577, 0.6379716624685068, 0.6048413098236745, 0.8758306045339983, 0.4264471032745544, 2.443151133501241, 0.42729659949621673, 0.9301983627203984, 0.0016989924433275668, 0.04672229219143311, 1.0075025188916795, 0.3168620906801003, 1.001556045340043, 0.7492556675062912, 0.31856108312342224, 1.300578715365228, 1.919011964735503, 0.28203274559193753, 0.5887008816120867, 0.7220717884130898, 0.8248608312342506, 0.49525629722921755, 0.8639376574307224, 0.4536309823677558, 0.2480528967254343, 0.11043450881612207, 0.8979175062972228, 0.25909634760705075, 0.48166435768261684, 3.018260075566727, 1.4025182619647234, 0.45193198992442823, 0.4425875314861479, 0.9786196473551563, 0.23106297229218975, 1.0159974811083032, 0.5062997481108255, 0.07220717884130418, 0.3126146095717856, 0.4876108312342506, 0.14186586901762974, 1.8960755667506135, 0.3584874055415592, 0.6685535264483577, 0.3364005037783348, 0.21237405541561766, 4.8353324937027375, 1.4144112090679997, 0.44088853904281744, 0.5572695214105733, 0.40436020151132995, 61.40498488664943, 18.480790302266865, 3.1176511335012353, 1.3940232997481, 0.0832506297229263, 0.8121183879093122, 0.09684256926952135, 0.2939256926952135, 0.30242065491183434, 1.3557959697732904, 0.8647871536523847, 0.7450081863979794, 0.5564200251889081, 1.5732670025188824, 1.1077430730478506, 0.3856712846347578, 0.18264168765742908, 0.4323935768261938, 1.5197487405541446, 0.184340680100751, 0.2489023929470995, 0.4765673803526426, 0.3253570528967212, 1.9190119647355004, 0.2667418136020149, 1.120485516372786, 0.7755900503778276, 1.4449930730478477, 2.5128098236775664, 1.1026460957178847, 0.3364005037783348, 1.2699968513853828, 1.5707185138538895, 1.5919559193954544, 0.380574307304778, 0.0016989924433247372, 2.101653652392935, 0.48591183879092864, 2.09825566750628, 0.10193954659949557, 0.5300856423173775, 0.23106297229219258, 1.2674483627203954, 0.19623362720402698, 1.2988797229219031, 1.1170875314861393, 0.2217185138539009, 1.343053526448352, 0.7535031486146088, 0.6286272040302208, 0.11213350125944399, 0.12062846347606485, 1.5562770780856294, 0.5062997481108255, 1.2479099496221555, 0.23191246851385214, 2.0778677581863834, 0.6778979848866467, 53.36575696202534, 0.5703367088607595, 0.31334367088607573, 1.4599936708860781, 0.8409905063291155, 1.3635145569620266, 0.4115303797468358, 0.8290373417721492, 0.30565949367088957, 1.5692797468354416, 1.9022607594936727, 1.4395025316455712, 0.24589367088607744, 0.5857050632911376, 0.34578797468354333, 0.41921455696202203, 0.6727924050632913, 1.1432348101265848, 0.6147341772151907, 0.5063018987341757, 1.7238170886075965, 1.6546594936708867, 0.38847784810126873, 0.020491139240506925, 0.4900797468354405, 1.1270126582278497, 1.2089772151898746, 0.2347943037974682, 0.42519113924050805, 0.6540088607594902, 0.1656367088607641, 1.7204018987341763, 1.5445196202531657, 0.5208164556962023, 0.2569930379746838, 0.744511392405067, 0.10330949367088328, 0.8623354430379767, 0.8529436708860763, 0.829037341772152, 0.8111075949367109, 1.3643683544303808, 0.9707677215189889, 0.950276582278482, 0.8350139240506352, 1.4975607594936715, 0.491787341772152, 0.421775949367085, 2.1122949367088624, 1.0262645569620266, 0.7692715189873456, 1.6128234177215186, 1.1184746835443062, 1.0570012658227856, 1.4591398734177234, 0.5959506329113925, 0.7812246835443034, 0.5003253164556982, 4.552448101265827, 0.5677753164556993, 0.7376810126582295, 0.19039683544303418, 0.005122784810126021, 0.36030253164556997, 0.502032911392404, 1.071515822784812, 0.33298101265822827, 0.491787341772152, 1.189339873417722, 0.47983417721519134, 0.5805822784810173, 0.2885835443037943, 1.745162025316458, 0.08708734177215088, 2.9652386075949386, 0.7812246835443063, 0.3124898734177214, 1.624776582278482, 0.5549683544303786, 0.8589202531645594, 0.6847455696202492, 0.21003417721518958, 0.23650189873417687, 0.2937063291139288, 1.0646854430379717, 0.7453651898734185, 0.22540253164556767, 0.1144088607594925, 1.655513291139241, 1.187632278481016, 0.20235000000000056, 1.4121810126582321, 0.3141974683544272, 0.491787341772152, 0.2962677215189861, 0.32529683544303645, 1.1218898734177207, 0.019637341772155432, 0.11867784810126134, 1.5428120253164601, 0.4320215189873456, 1.4540170886075918, 0.16734430379746423, 0.5285006329113942, 1.0578550632911399, 1.1850708860759531, 1.0988373417721538, 1.6973493670886064, 0.10160189873417746, 0.04610506329113988, 0.2732151898734162, 1.2286145569620273, 1.039925316455696, 1.387420886075951, 1.6025778481012665, 0.21174177215189827, 1.1483575949367109, 0.36798670886075613, 0.536184810126586, 0.22881772151898783, 0.4055537974683583, 0.2347943037974682, 0.08281835443037634, 0.4704424050632879, 1.403643037974686, 0.6582778481012647, 0.9562531645569624, 1.3302164556961988, 8.439787974683549, 0.8341601265822752, 0.18015126582278498, 0.10672468354430063, 0.486664556962026, 0.8819727848101266, 1.3635145569620295, 0.06061962025316928, 0.09221012658227976, 4.667710759493674, 1.2516670886075942, 0.14173037974683128, 1.7519924050632925, 0.2826069620253139, 1.4395025316455712, 0.22881772151899069, 0.07854936708861036, 2.079850632911395, 0.05976582278481211, 1.446332911392406, 0.7581721518987363, 0.9357620253164584, 0.7743943037974688, 0.3696943037974648, 0.47898037974683694, 1.704179746835444, 0.1562449367088607, 3.0284196202531652, 0.5532607594936728, 0.4320215189873456, 0.1767360759493676, 0.37054810126582766, 0.7889088607594925, 1.0988373417721538, 0.44226708860759484, 1.619653797468359, 0.05891202531645777, 0.05208164556961739, 0.5370386075949404, 0.7547569620253276, 0.3662791139240503, 1.2875265822784847, 0.05293544303797741, 0.9024639240506335, 1.0527322784810138, 0.8452594936708872, 0.2254025316455705, 0.23052531645569654, 0.33127341772152247, 0.12721582278481325, 1.4352335443037993, 0.4132379746835445, 1.0390715189873387, 0.15112215189873468, 0.19978860759493472, 0.11270126582278667, 0.09391772151899128, 0.7419500000000011, 0.03159050632911615, 0.3406651898734173, 0.6061962025316473, 1.1423810126582306, 0.11782405063291271, 0.16649050632911272, 0.6847455696202492, 1.9884943037974694, 0.20661898734177508, 0.7103594936708879, 0.1810050632911393, 0.27577658227847923, 1.0740772151898752, 1.4096196202531663, 0.9144170886075971, 0.28687594936708843, 1.1338430379746844, 1.581232911392408, 0.024760126582281456, 95.50663860759498, 92.25281645569625, 90.0705101265823, 90.32152658227852, 84.76928164556966, 0.10928607594936363, 0.7786632911392404, 3.10782278481013, 0.27833797468354793, 0.4806879746835428, 0.33041962025316535, 1.0527322784810138, 0.8102537974683567, 0.577167088607597, 0.032444303797464796, 0.1562449367088607, 0.25101645569620346, 1.5069525316455665, 1.0057734177215225, 0.47898037974683694, 0.3568873417721554, 0.5797284810126601, 1.926167088607597, 0.9306392405063294, 0.8315987341772122, 0.4311677215189827, 0.5857050632911376, 0.7154822784810168, 0.7581721518987363, 0.23991708860759137, 1.6836886075949398, 0.9332006329113924, 0.7667101265822825, 0.2407708860759514, 0.9434462025316473, 1.517198101265827, 0.18783544303797114, 0.15709873417721504, 0.6420556962025352, 1.1679949367088636, 0.05891202531645777, 0.16990569620253293, 0.962229746835454, 0.6036348101265786, 0.17246708860759877, 0.8981949367088617, 0.33041962025316535, 1.6102620253164528, 0.577167088607597, 0.5302082278481028, 0.4687348101265821, 0.6727924050632942, 0.1886892405063255, 0.4977639240506295, 0.07684177215189884, 0.7206050632911426, 1.7528462025316496, 0.5105708860759531, 0.23308670886075952, 1.3507075949367058, 1.2030006329113943, 1.9654417721518993, 1.6042854430379752, 0.6471784810126612, 0.186127848101271, 0.5003253164556982, 0.43970569620253463, 0.3423727848101232, 0.0631810126582323, 0.47300379746835947, 0.16051392405062953, 1.2525208860759485, 0.8145227848101254, 1.4949993670886086, 0.9955278481012676, 0.2979753164556919, 0.25613924050632947, 0.8273297468354434, 1.5829405063291166, 1.8407873417721632, 0.007684177215189031, 0.945153797468356, 0.40726139240506415, 0.224548734177219, 0.5677753164556993, 1.1176208860759462, 1.0032120253164565, 1.0911531645569648, 1.8903075949367092, 0.846967088607596, 0.4243373417721509, 1.545373417721523, 0.046958860759497054, 1.7528462025316496, 0.7120670886075937, 1.8851848101265831, 0.014514556962029414, 1.0988373417721538, 0.5652139240506335, 0.0657424050632953, 0.3867702531645572, 1.053586075949368, 0.9596683544303797, 0.7573183544303821, 0.1588063291139237, 0.2194259493670873, 1.4975607594936744, 0.6309563291139202, 0.6710848101265826, 0.9349082278481011, 0.793177848101267, 0.5814360759493687, 1.3148481012658237, 1.0774924050632926, 1.4710930379746843, 0.4311677215189913, 0.3936006329113891, 0.37737848101266236, 0.4584892405063272, 0.577167088607597, 1.4796310126582248, 0.8708734177215202, 0.7308506329113947, 0.7521955696202531, 0.08623354430380223, 2.181452531645572, 1.273865822784807, 1.349853797468357, 1.051024683544308, 1.7050335443038012, 0.037567088607599344, 1.2064158227848087, 0.7419500000000011, 1.4480405063291144, 1.1936088607594935, 0.3842088607594942, 0.7812246835443034, 0.5626525316455733, 0.8862417721518983, 0.564360126582282, 0.2006424050632862, 1.1423810126582306, 0.5635063291139248, 0.20405759493671208, 0.455927848101267, 0.011099367088609223, 0.25784683544303816, 0.4883721518987347, 0.5344772151898717, 0.5822898734177231, 0.11013987341772366, 0.24674746835442607, 0.6275411392405058, 1.849325316455698, 0.4397056962025318, 0.3406651898734173, 0.517401265822785, 0.041836075949371034, 0.3159050632911359, 0.25955443037974396, 0.5985120253164525, 0.8281835443037976, 1.1449424050632937, 0.8367215189873439, 1.0313873417721526, 1.019434177215189, 0.9238088607594948, 0.14770696202532016, 1.2397139240506334, 0.9588145569620254, 0.2885835443037971, 0.21174177215189827, 0.7795170886075948, 0.450805063291141, 1.570987341772153, 0.5874126582278434, 0.7453651898734185, 0.7291430379746946, 0.03842088607595084, 0.3722556962025335, 0.257846835443041, 0.7428037974683555, 1.550496202531646, 1.6888113924050658, 0.41238417721519016, 0.29882911392405487, 0.9724753164556947, 0.24760126582278325, 0.3867702531645572, 1.423280379746833, 0.16051392405062953, 0.628394936708863, 0.8947797468354387, 1.2806962025316475, 0.6531550632911388, 0.5344772151898773, 1.5411044303797456, 0.8913645569620271, 0.8811189873417722, 0.048666455696202884, 0.3270044303797508, 0.6352253164556948, 0.8623354430379767, 0.9895512658227815, 0.057204430379749094, 1.0049196202531654, 1.6102620253164528, 0.14599936708860864, 1.4232803797468359, 0.5763132911392428, 0.9818670886075954, 0.5677753164556965, 0.4508050632911382, 1.3370468354430391, 0.2185721518987358, 0.8853879746835552, 0.519962658227848, 0.8000082278481018, 1.2345911392405076, 1.977394936708863, 1.6111158227848126, 0.5045943037974671, 0.09562531645569994, 0.7709791139240514, 1.4984145569620262, 1.0066272151898739, 0.8187917721518999, 0.05976582278481211, 0.05208164556961739, 0.20405759493670925, 1.876646835443037, 1.1978778481012624, 0.9255164556962062, 0.9519841772151936, 0.2919987341772173, 0.9417386075949359, 2.4188082278481007, 1.1833632911392415, 0.8614816455696225, 1.9765411392405088, 0.19722721518987454, 2.2258499999999977, 1.7127177215189844, 0.1442917721518943, 1.651244303797472, 0.03159050632911046, 0.6394943037974693, 0.11953164556962421, 0.6420556962025323, 0.6292487341772173, 0.05293544303797457, 0.6138803797468364, 0.2911449367088658, 0.5515531645569641, 0.39701582278480924, 1.2132462025316462, 0.5805822784810115, 1.2798424050632902, 0.2569930379746809, 0.25443164556962367, 0.24418607594936306, 0.5165474683544306, 0.5131322784810133, 1.0288259493670924, 0.5472841772151867, 1.1116443037974688, 3.3400556962025325, 0.045251265822782695, 1.444625316455697, 1.2115386075949375, 0.2715075949367075, 1.2269069620253157, 1.4591398734177208, 1.7741911392405052, 0.3270044303797508, 0.9869898734177185, 0.24418607594936875, 0.6898683544303752, 0.5293544303797457, 1.6059930379746838, 1.3216784810126585, 0.06232721518986943, 0.8529436708860763, 0.13660759493670527, 1.284965189873419, 1.3882746835443052, 0.8085462025316564, 0.3295658227848081, 0.24333227848101158, 0.003415189873417347, 0.8452594936708872, 1.61111582278481, 0.646324683544304, 0.762441139240508, 340.6498215189875, 1.3216784810126585, 1.7118639240506301, 0.9212474683544289, 1.6734430379746879, 0.11270126582278384, 1.1492113924050653, 0.3953082278480977, 0.6864531645569607, 0.6523012658227816, 2.0585056962025305, 0.7581721518987363, 0.22369493670886467, 1.429256962025319, 0.3423727848101317, 0.6992601265822785, 0.9622297468354398, 0.30907468354430406, 0.07428037974683582, 0.7077981012658249, 1.0390715189873387, 0.0512278481012659, 0.1297772151898734, 0.5515531645569585, 0.5968044303797467, 0.15795253164556936, 1.7494310126582266, 0.945153797468356, 0.25357784810126643, 0.22454873417721333, 0.6855993670886092, 1.6469753164556977, 0.7368272151898752, 0.1297772151898734, 0.06659620253164396, 0.18185886075949365, 0.7803708860759605, 0.7735405063291144, 0.8845341772151925, 0.04439746835443404, 0.6531550632911416, 0.5541145569620272, 0.03842088607595084, 0.009391772151894861, 1.1500651898734167, 1.2243455696202554, 2.4410069620253187, 0.5191088607594936, 0.380793670886074, 0.9485689873417678, 0.08879493670885955, 0.7556107594936733, 0.9707677215189889, 0.2057651898734179, 1.3916898734177252, 0.007684177215191875, 0.006830379746840381, 1.2166613924050635, 1.9603189873417732, 0.6207107594936712, 0.8409905063291155, 0.5225240506329139, 1.73235506329114, 1.6034316455696207, 0.26296962025316417, 0.9716215189873462, 1.3720525316455698, 0.8392829113924041, 0.02305253164556994, 0.35005696202531505, 2.6066436708860774, 0.07769556962025033, 0.041836075949371034, 1.0612702531645573, 1.940681645569618, 0.7018215189873416, 0.06659620253164396, 0.30907468354430406, 0.25357784810126643, 0.5208164556961995, 0.2663848101265815, 0.5259392405063255, 1.1013987341772138, 0.6599854430379735, 0.9007563291139248, 1.2397139240506334, 0.17075949367088444, 1.1859246835443047, 0.10330949367088328, 0.5319158227848086, 0.5771670886075914, 0.762441139240508, 0.42006835443037915, 1.8348107594936716, 0.8444056962025329, 0.06915759493670981, 0.2587006329113925, 1.0484632911392364, 0.1144088607594925, 0.30651329113924386, 0.34920316455696354, 0.8085462025316422, 0.6634006329113935, 1.4070582278480976, 0.6557164556962046, 0.44995126582278955, 0.7701253164556999, 0.39360063291139763, 1.2986259493670913, 2.2010898734177218, 0.9904050632911415, 0.8555050632911393, 0.4072613924050613, 1.990201898734178, 0.1656367088607584, 1.95178101265823, 0.9852822784810127, 1.6947879746835461, 0.983574683544304, 0.2228411392405075, 0.30053670886076356, 0.3654253164556959, 0.37737848101266236, 0.6651082278480994, 0.6830379746835434, 0.4354367088607601, 0.788055063291141, 0.034151898734179155, 0.3739632911392394, 0.029029113924050297, 1.0774924050632926, 0.8794113924050636, 0.11013987341772366, 0.3124898734177214, 0.24503987341772593, 1.6384373417721543, 1.0885917721518987, 0.41238417721519016, 0.03159050632911615, 0.4345829113924086, 1.5257360759493677, 0.36713291139240745, 1.4625550632911382, 0.5515531645569585, 0.055496835443034735, 0.8879493670886041, 0.19381202531646005, 1.428403164556959, 0.23650189873417687, 6.492275949367091, 2.195967088607596, 0.5387462025316491, 0.05976582278481211, 0.14258417721518846, 0.960522151898734, 0.48495696202531163, 0.8589202531645538, 0.7043829113924075, 0.42775253164557103, 0.4909335443037977, 0.7795170886075948, 0.8930721518987358, 1.6853962025316487, 0.983574683544304, 0.8111075949367109, 1.066393037974686, 0.60278101265823, 0.5549683544303786, 0.2902911392405029, 0.05635063291139192, 0.947715189873419, 0.9408848101265787, 0.22711012658228202, 0.32017405063291327, 0.6377867088607578, 0.026467721518984442, 0.8503822784810132, 0.1972272151898717, 0.29882911392404915, 0.5310620253164572, 1.078346202531644, 0.5464303797468324, 0.7410962025316497, 0.09477151898734275, 0.026467721518984442, 1.2986259493670913, 0.5028867088607613, 0.37908607594936816, 0.5080094936708901, 2.8482683544303833, 0.36115632911392426, 0.9579607594936711, 0.0947715189873399, 0.7052367088607618, 0.7854936708860779, 0.11355506329113532, 1.5026835443037947, 0.07684177215189884, 1.3583917721519034, 0.32017405063291043, 0.14343797468354563, 0.8025696202531648, 1.4719468354430414, 0.5711905063291138, 0.8589202531645538, 1.2345911392405076, 1.7152791139240502, 1.053586075949368, 0.25613924050632947, 1.3976664556962028, 1.6281917721518993, 0.1007481012658231, 0.11270126582278667, 0.8478208860759502, 0.16478291139240123, 1.0868841772151903, 0.6830379746835462, 0.17929746835443064, 0.950276582278482, 1.016872784810126, 0.8717272151898688, 3.213693670886079, 0.20320379746835776, 1.2704506329113925, 0.9383234177215156, 2.4119778481012655, 1.2986259493670913, 1.1475037974683537, 1.6000164556962064, 0.257846835443041, 0.07086518987342133, 0.9186860759493659, 0.4619044303797502, 0.35774113924050976, 0.9127094936708884, 0.6984063291139242, 2.1182715189873424, 0.07001139240506699, 1.6025778481012694, 0.6446170886075981, 0.4439746835443006, 1.6939341772151861, 0.9442999999999989, 0.671938607594937, 1.1142056962025317, 0.2322329113924052, 0.2612620253164555, 0.9110018987341882, 0.7641487341772167, 0.12465443037975024, 0.5122784810126589, 0.7129208860759537, 0.555822151898733, 1.138112025316456, 0.4952025316455694, 1.9611727848101275, 0.6881607594936723, 0.6505936708860758, 0.5985120253164555, 0.7112132911392393, 0.06061962025316928, 0.6873069620253122, 0.5626525316455733, 0.3022443037974665, 0.31334367088607573, 0.03671329113923648, 2.2770778481012632, 0.7974468354430416, 0.911001898734174, 0.6574240506329133, 0.798300632911393, 1.4138886075949353, 1.6392911392405087, 0.8486746835443074, 0.4653196202531676, 0.06232721518986943, 0.07171898734176997, 0.11697025316455552, 0.5319158227848086, 0.3107822784810127, 1.133843037974687, 0.39018544303797453, 0.18015126582278498, 0.7897626582278497, 0.5865588607594947, 0.19978860759493755, 1.1944626582278508, 0.7103594936708821, 0.10160189873417746, 0.5267930379746827, 0.548137974683544, 1.4480405063291144, 1.1987316455696195, 0.49093354430380054, 0.6702310126582312, 2.346235443037976, 0.25443164556962367, 1.1133518987341775, 1.0185803797468376, 0.6762075949367087, 0.638640506329118, 0.3210278481012676, 0.8888031645569641, 1.0928607594936677, 1.7221094936708907, 1.0774924050632926, 0.06147341772151794, 1.0894455696202532, 0.9827208860759497, 0.8529436708860763, 1.506098734177218, 0.8008620253164589, 1.369491139240507, 0.41750696202531623, 0.3765246835443051, 1.2217841772151925, 0.7180436708860798, 1.117620886075952, 0.2979753164556977, 0.22625632911391916, 0.4781265822784855, 0.5600911392405103, 0.9289316455696208, 0.6121727848101248, 1.1714101265822752, 0.6745, 0.20918037974683243, 1.619653797468359, 0.33127341772151964, 0.3816474683544283, 0.04268987341772537, 0.450805063291141, 0.13063101265822774, 0.422629746835445, 0.9775981012658237, 1.1961702531645595, 0.3355424050632913, 0.790616455696204, 0.5438689873417722, 0.0017075949367086735, 0.4781265822784855, 1.452309493670889, 0.034151898734179155, 0.37054810126582766, 0.5763132911392428, 0.1169702531645612, 1.0501708860759509, 0.5933892405063323, 0.6087575949367103, 0.09391772151898557, 0.33383481012657984, 0.6608392405063307, 1.202146835443034, 1.135550632911393, 0.5191088607594908, 0.2663848101265815, 0.444828481012655, 0.8947797468354387, 1.2935031645569626, 1.0578550632911399, 1.5163443037974698, 0.3654253164556959, 0.8307449367088606, 0.3807936708860797, 0.3739632911392422, 1.7101563291139215, 0.04439746835443404, 0.444828481012655, 0.42775253164557103, 0.29285253164556596, 0.2612620253164555, 0.12806962025316473, 0.06915759493670981, 1.3481462025316486, 0.16136772151898957, 0.262115822784807, 0.5677753164556965, 0.19381202531645433, 2.3522120253164567, 0.15197594936708902, 1.3259474683544272, 0.2757765822784849, 0.4738575949367081, 0.7573183544303821, 0.810253797468351, 0.4883721518987347, 0.012806962025317895, 2.301837974683545, 0.08794113924050807, 1.5231746835443045, 1.1039601265822798, 0.23991708860759992, 0.5993658227848098, 2.2514639240506336, 0.33468860759493696, 1.3711987341772156, 0.7530493670886076, 1.039071518987353, 2.335989873417724, 0.8794113924050636, 1.5385430379746827, 0.12123924050633289, 1.6213613924050647, 0.26467721518987, 2.157546202531648, 2.0533829113924074, 0.5139860759493676, 0.2851683544303769, 1.3729063291139243, 1.403643037974686, 0.6625468354430365, 1.3507075949367058, 0.5430151898734179, 0.6966987341772156, 0.08452594936709072, 1.5897708860759485, 0.13831518987341962, 0.1144088607594925, 0.6736462025316456, 1.2380063291139247, 0.4849569620253201, 0.9425924050632901, 0.6190031645569624, 1.632460759493674, 0.7778094936708834, 1.1244512658227839, 0.004268987341771684, 1.1133518987341775, 0.3509107594936694, 0.22454873417721333, 0.9383234177215156, 0.18527405063290814, 1.4318183544303793, 0.826475949367089, 0.37140189873417917, 0.30907468354430406, 1.436941139240508, 0.9238088607594948, 3.2589449367088585, 1.5872094936708885, 0.39445443037974626, 0.8640430379746855, 1.022849367088612, 1.1295740506329126, 0.30822088607594966, 1.7511386075949409, 1.4070582278481034, 0.15453734177215203, 0.7035291139240616, 1.0382177215189903, 1.1568955696202543, 0.4243373417721509, 0.04781265822785139, 90.47179493670892, 54.43898037974686, 48.67413987341774, 44.86278797468356, 25.125551898734194, 21.203206329113936, 18.53252784810127, 1.1346968354430387, 0.7137746835443052, 0.048666455696202884, 2.004716455696202, 0.12294683544303588, 1.3763215189873446, 0.5728981012658225, 0.968206329113926, 0.5857050632911432, 1.0288259493670895, 0.34749556962025774, 1.7810215189873426, 0.8862417721518983, 0.20661898734177508, 0.8999025316455734, 0.5908278481012664, 0.303098101265818, 1.053586075949371, 0.07940316455696185, 0.21088797468354392, 1.03480253164557, 1.1961702531645566, 0.5413075949367092, 1.227760759493667, 1.1816556962025273, 0.09818670886076294, 0.7248740506329115, 0.960522151898734, 1.2064158227848114, 0.5882664556962006, 0.1084322784810093, 0.8239145569620289, 3.359693037974682, 3.411774683544302, 1.0979835443037993, 1.5803791139240508, 0.8529436708860763, 0.8042772151898734, 0.5413075949367092, 1.444625316455697, 0.4695886075949364, 0.1895430379746855, 1.748577215189875, 0.29370632911392025, 0.7735405063291144, 0.09135632911392257, 0.784639873417718, 0.12294683544303588, 0.4089689873417756, 1.5573265822784836, 1.6025778481012694, 0.7889088607594953, 0.20661898734177508, 0.463612025316456, 0.20661898734177508, 0.07513417721519301, 1.7750449367088623, 0.49605632911392084, 1.3088715189873406, 0.4781265822784855, 0.777809493670886, 1.863839873417719, 0.9357620253164526, 0.0, 1.0655392405063318, 0.08623354430379371, 1.2251993670886097, 1.5692797468354445, 1.7033259493670894, 1.1697025316455665, 0.7257278481012658, 0.9434462025316417, 0.31761265822785023, 0.23308670886075952, 0.45763544303797854, 1.0202879746835405, 0.21771835443038146, 0.5575297468354473, 0.20405759493671208, 1.0279721518987353, 0.7521955696202504, 1.1227436708860778, 0.09306392405063409, 0.3662791139240503, 1.5837943037974653, 1.1808018987341757, 0.6745, 0.6608392405063277, 1.1850708860759502, 0.45165886075949535, 2.080704430379749, 0.8239145569620289, 0.7419499999999983, 0.7504879746835446, 0.4772727848101283, 0.30395189873417516, 0.12465443037975024, 0.24162468354430575, 0.013660759493672233, 1.2422753164556966, 0.0034151898734145034, 0.9110018987341882, 1.033094936708861, 1.0271183544303781, 1.0177265822784831, 0.03415189873417347, 1.5180518987341785, 0.6190031645569624, 0.7547569620253276, 0.22284113924050467, 0.6890145569620265, 0.4738575949367109, 0.13148481012658209, 0.3150512658227844, 1.214953797468355, 0.445682278481015, 1.3165556962025324, 0.8384291139240468, 1.4480405063291144, 2.2412183544303814, 0.5413075949367063, 1.070662025316455, 2.0704588607594943, 0.07769556962025317, 0.4064075949367069, 0.07769556962025317, 0.8999025316455704, 0.9938202531645589, 1.967149367088608, 0.6019272151898728, 0.7342658227848121, 2.0456987341772157, 0.9793056962025324, 1.0715158227848065, 0.11270126582278667, 0.3235892405063249, 0.2510164556962006, 1.2081234177215203, 0.4431208860759491, 0.06403481012658378, 1.9867867088607605, 0.375670886075948, 0.6403481012658238, 1.078346202531644, 0.37140189873417634, 0.7709791139240514, 0.041836075949371034, 2.5724917721518983, 1.2354449367088647, 1.1176208860759462, 1.341315822784811, 0.17844367088607913, 1.1568955696202572, 0.05208164556961739, 1.6418525316455688, 0.8563588607594936, 0.6096113924050619, 2.728736708860759, 0.11697025316455552, 0.2766303797468336, 1.6042854430379752, 0.5310620253164572, 0.06488860759493813, 0.9144170886075971, 0.3722556962025335, 0.3176126582278474, 1.1099367088607601, 0.03671329113924217, 0.24247848101266295, 0.09647911392404859, 0.3124898734177214, 0.6608392405063277, 0.8811189873417722, 2.1532772151898736, 0.2902911392405029, 0.24503987341772593, 0.6360791139240463, 0.015368354430380907, 1.0518784810126596, 0.9767443037974693, 0.06232721518986943, 1.189339873417722, 0.8051310126582276, 1.4967069620253173, 0.02988291139240463, 0.25357784810126643, 0.04354367088607402, 0.08196455696202487, 3.7771999999999983, 1.0629778481012657, 0.007684177215191875, 0.7479265822784815, 1.545373417721523, 0.502032911392404, 1.4565784810126605, 1.1927550632911366, 0.8247683544303803, 1.0877379746835445, 0.5370386075949404, 0.20149620253164907, 1.1987316455696224, 0.559237341772156, 0.3235892405063249, 1.3157018987341809, 0.8836803797468352, 1.115059493670886, 1.1645797468354406, 0.4311677215189827, 0.004268987341771684, 0.4012848101265866, 0.27236139240506474, 0.3543259493670839, 0.010245569620252042, 1.3250936708860785, 2.9148645569620273, 0.23991708860759992, 0.22198734177215598, 0.30651329113924386, 0.13148481012657925, 0.08879493670885955, 0.1058708860759463, 0.20064240506329475, 1.354122784810126, 0.4738575949367109, 2.7842335443037967, 0.21430316455695841, 0.4021386075949353, 0.16734430379746992, 0.23479430379746538, 1.4804848101265822, 1.0254107594936666, 0.7035291139240616, 0.3210278481012619, 0.5250854430379769, 0.4431208860759491, 0.846967088607596, 0.3560335443037954, 0.8461132911392444, 1.5820867088607566, 0.6659620253164565, 1.0518784810126596, 0.22113354430379312, 1.0057734177215225, 0.962229746835454, 0.3193202531645532, 0.08794113924050807, 1.0151651898734144, 0.006830379746831851, 1.7460158227848122, 1.2602050632911403, 1.979956329113926, 0.455927848101267, 1.0979835443037993, 1.5325664556962053, 0.39103924050632605, 0.47471139240505955, 0.09818670886076011, 0.4192145569620305, 0.9989430379746821, 1.1620183544303833, 0.14258417721518846, 0.10928607594937216, 0.17758987341772198, 1.577817721518988, 1.0023582278481022, 2.2420721518987357, 0.4934949367088578, 0.24418607594936306, 1.1910474683544305, 0.6224183544303797, 0.7410962025316497, 0.8734348101265832, 0.3722556962025335, 0.47556518987342244, 0.3124898734177214, 0.04952025316455438, 1.060416455696203, 0.18185886075949365, 1.8501791139240553, 0.08025696202531618, 1.5180518987341785, 1.7110101265822812, 0.9972354430379791, 1.354122784810129, 0.7667101265822825, 0.5959506329113954, 0.37737848101265387, 1.2226379746835467, 0.6104651898734134, 0.42519113924050517, 0.5515531645569641, 0.6147341772151907, 1.0467556962025306, 0.375670886075948, 0.2996829113924063, 0.19381202531645433, 0.8794113924050636, 0.3193202531645618, 1.7690683544303794, 0.8657506329113913, 0.9562531645569624, 0.008537974683546211, 0.3637177215189873, 0.789762658227844, 0.7692715189873427, 0.16649050632911555, 1.1475037974683566, 0.7650025316455711, 4.17421582278481, 0.9280778481012665, 0.2006424050632862, 0.6642544303797423, 0.12294683544303588, 0.3859164556962057, 1.01345759493672, 0.15453734177215203, 0.5114246835443075, 2.5835911392405047, 0.2732151898734219, 0.5489917721519011, 0.5908278481012664, 0.2493088607594976, 1.27728101265823, 0.960522151898734, 0.519962658227848, 0.6685234177215196, 1.3481462025316429, 0.6898683544303837, 0.6702310126582284, 0.2254025316455705, 0.74707278481013, 0.11099367088607232, 0.7060905063291104, 1.307163924050629, 1.849325316455698, 0.447389873417718, 0.5063018987341814, 0.4098227848101272, 0.7265816455696174, 2.1660841772151884, 0.18356645569619948, 1.7494310126582293, 0.6096113924050619, 0.5771670886075914, 1.053586075949371, 0.3210278481012619, 0.7504879746835446, 0.6010734177215156, 2.149862025316456, 0.6924297468354468, 0.3748170886075965, 0.7368272151898723, 0.5259392405063255, 0.9596683544303797, 0.33298101265822827, 1.7963898734177235, 0.06488860759493244, 0.5933892405063323, 1.6538056962025351, 0.4328753164556971, 0.8418443037974671, 0.08452594936709072, 1.0211417721518976, 0.3696943037974648, 0.8128151898734138, 0.7026753164556988, 0.9536917721518994, 0.32871202531645094, 1.4693854430379756, 0.35005696202531505, 0.700113924050633, 0.3440803797468375, 1.29947974683544, 0.8204993670886115, 0.5336234177215146, 3.872825316455695, 0.8179379746835485, 1.0100424050632912, 1.5957474683544317, 1.310579113924052, 0.26382341772152135, 0.19722721518987454, 0.4934949367088578, 0.49605632911392084, 0.4012848101265866, 0.4644658227848076, 1.3609531645569664, 1.7391854430379745, 1.292649367088608, 1.9107987341772161, 0.19551962025316588, 0.8290373417721492, 0.02817531645569596, 0.5489917721518954, 0.6096113924050647, 0.18442025316455665, 0.8879493670886097, 0.1272158227848104, 0.41665316455696183, 1.1782405063291126, 0.9460075949367047, 1.4480405063291144, 0.03500569620253634, 0.5669215189873422, 2.4034398734177227, 0.12636202531645604, 0.31761265822785023, 0.35774113924050693, 0.07001139240506699, 0.1647829113924069, 0.05976582278481211, 0.24162468354430003, 0.04952025316455722, 0.2228411392405075, 0.5848512658227804, 0.8666044303797485, 0.4550740506329155, 0.5421613924050664, 0.046105063291137026, 1.3771753164556988, 1.6230689873417732, 0.4610506329113931, 0.6309563291139261, 1.3233860759493783, 1.01345759493672, 0.6420556962025323, 0.9212474683544317, 0.5097170886075931, 88.63613037974687, 77.84498417721518, 67.975085443038, 52.94227341772154, 44.15242848101268, 31.15080063291141, 7.827615189873421, 0.046105063291137026, 0.027321518987344466, 0.21174177215189827, 1.0108962025316457, 1.0655392405063289, 0.7675639240506312, 1.310579113924049, 0.0025613924050630105, 0.6531550632911388, 1.2815500000000044, 0.06232721518987512, 0.8674582278481029, 0.7419500000000011, 0.06488860759493244, 0.9664987341772117, 0.018783544303801098, 1.1389658227848103, 0.2587006329113925, 0.30139050632911785, 0.7308506329113891, 0.4046999999999983, 0.017075949367092422, 1.8262727848101283, 0.16649050632911555, 0.14429177215189998, 0.9801594936708866, 1.1705563291139236, 0.4772727848101283, 1.290087974683545, 0.4627582278481017, 1.7408930379746832, 0.19637341772151734, 0.6907221518987353, 0.38847784810126873, 3.2879740506329123, 0.6420556962025323, 0.23394050632911104, 0.19808101265823172, 0.08025696202531618, 0.15282974683544334, 1.853594303797467, 0.7018215189873416, 0.6770613924050658, 0.37908607594936533, 0.12294683544303872, 0.16392911392405257, 0.23052531645569654, 0.1349000000000051, 0.262115822784807, 0.48751835443038316, 0.46275822784810455, 0.29114493670885727, 1.8288341772151913, 0.008537974683546211, 0.4243373417721509, 0.5302082278481028, 0.33383481012658267, 1.2704506329113925, 1.4651164556962013, 2.487965822784813, 0.11013987341772082, 0.1203854430379757, 0.6113189873417734, 0.2510164556962006, 1.1978778481012682, 0.8204993670886029, 1.7537000000000011, 1.1714101265822752, 0.784639873417718, 0.3551797468354468, 0.2569930379746838, 0.15197594936709186, 0.9810132911392411, 1.163725949367089, 1.931289873417723, 0.3432265822784832, 0.952837974683545, 0.1169702531645612, 0.3953082278481034, 1.030533544303801, 0.7342658227848121, 1.0962759493670906, 1.1543341772151914, 0.6121727848101248, 1.1620183544303833, 0.8076924050632937, 0.2732151898734162, 0.18271265822784796, 0.8213531645569658, 0.09647911392405427, 0.8059848101265792, 0.07342658227848149, 0.6608392405063277, 1.385713291139242, 0.17588227848101615, 0.4328753164556971, 0.15197594936709186, 0.5267930379746827, 0.29541392405063466, 0.06744999999999544, 1.6964955696202577, 0.3124898734177214, 0.02305253164556994, 0.27492278481013055, 1.4685316455696213, 1.1534803797468312, 0.3235892405063249, 0.6727924050632913, 0.6796227848101288, 2.0277689873417746, 0.5669215189873393, 0.2715075949367075, 0.9067329113924052, 1.5078063291139236, 1.730647468354434, 1.1901936708860734, 0.15795253164556936, 1.0202879746835405, 0.33127341772151964, 0.08879493670886525, 0.36201012658227577, 0.749634177215193, 0.21686455696202428, 1.5726949367088618, 0.69755253164557, 0.04439746835442551, 0.3867702531645572, 3.069401898734179, 2.154131012658228, 3.2350386075949378, 2.5724917721518983, 0.49264113924050634, 0.36713291139240745, 0.010245569620252042, 0.8537974683544306, 1.3635145569620266, 1.047609493670885, 0.2800455696202566, 1.2909417721518994, 0.6540088607594902, 0.8017158227848104, 0.2569930379746838, 0.8486746835443046, 0.5122784810126589, 1.449748101265823, 0.17161329113923876, 0.33895759493670585, 0.7539031645569589, 0.960522151898734, 0.14343797468354563, 0.18185886075949365, 0.5822898734177173, 2.5759069620253157, 1.7955360759493666, 0.9050253164556965, 0.6514474683544329, 1.27728101265823, 0.06403481012658378, 0.846113291139236, 0.19978860759493472, 0.12721582278481325, 0.32444303797468776, 0.12721582278481325, 0.5191088607594936, 0.8623354430379767, 0.5652139240506335, 0.5259392405063255, 0.11697025316455552, 0.6309563291139261, 0.9323468354430381, 0.852089873417722, 2.2386569620253183, 1.2030006329113943, 2.099487974683556, 0.5575297468354473, 0.8315987341772151, 0.854651265822785, 0.05976582278480642, 1.1270126582278468, 0.08367215189873924, 0.7607335443037965, 0.5780208860759543, 0.7846398734177237, 0.04354367088607402, 0.5259392405063255, 0.905879113924048, 1.1560417721519027, 1.1090829113924057, 0.564360126582282, 2.0926575949367097, 3.373353797468357, 0.07342658227848149, 0.2680924050632959, 1.0911531645569619, 0.38250126582278837, 1.4676778481012671, 0.09050253164556539, 1.5248822784810134, 0.4823955696202572, 0.823914556962026, 0.42860632911391966, 1.457432278481015, 0.5037405063291184, 0.8691658227848144, 0.20320379746835776, 0.30907468354430406, 1.5445196202531657, 0.7257278481012658, 0.8896569620253129, 0.5968044303797467, 0.19295822784810285, 1.6802734177215195, 0.986136075949367, 1.2115386075949375, 1.4369411392405051, 0.9844284810126585, 0.5378924050632918, 0.6787689873417745, 0.20576518987341505, 0.02561392405063295, 0.3671329113924018, 0.41238417721519016, 0.16051392405063805, 0.4379981012658231, 0.4081151898734185, 0.7692715189873427, 0.13746139240505958, 0.3799398734177254, 1.9073835443038016, 0.23991708860759137, 0.8179379746835399, 0.3765246835443023, 0.6360791139240549, 0.16392911392405257, 2.2258499999999977, 0.4431208860759491, 0.7206050632911399, 0.5438689873417722, 0.14002278481012545, 1.045901898734179, 1.6418525316455717, 0.7223126582278485, 0.26894620253164453, 0.34749556962025774, 0.9912588607594931, 0.6480322784810127, 0.4593430379746787, 0.849528481012659, 0.6275411392405086, 0.188689240506334, 0.1647829113924069, 1.5043911392405036, 1.5983088607594949, 0.9827208860759497, 0.46788101265822774, 0.3534721518987352, 0.821353164556963, 0.3355424050632913, 0.060619620253160755, 0.6958449367088612, 0.26382341772151846, 1.2960645569620255, 1.361806962025315, 1.1492113924050624, 0.2604082278480983, 0.38591645569620286, 0.6531550632911416, 0.37140189873417634, 0.011953164556960716, 0.38591645569620286, 1.2234917721519012, 2.2856158227848127, 0.7009677215189843, 0.4550740506329155, 0.09135632911392826, 0.7240202531645572, 0.9810132911392411, 0.6446170886075954, 0.484103164556963, 0.5669215189873393, 0.79573924050633, 0.560944936708859, 0.6224183544303797, 1.9364126582278491, 0.9101481012658197, 0.5532607594936699, 0.07940316455696185, 0.47214999999999663, 1.255936075949363, 0.37140189873417634, 0.39103924050632605, 0.11526265822784683, 0.8648968354430371, 0.30395189873417516, 1.465116455696204, 0.22881772151899069, 0.4712962025316479, 0.19893481012658604, 0.5754594936708827, 0.5489917721518954, 1.307163924050629, 0.10160189873417746, 0.6138803797468364, 1.1927550632911366, 0.8717272151898774, 0.40128481012658096, 0.4149455696202532, 0.11099367088607232, 1.8168810126582307, 1.410473417721518, 0.015368354430380907, 1.176532911392407, 0.29114493670885727, 0.2979753164556919, 1.8442025316455724, 0.6676696202531681, 0.6343715189873405, 2.469182278481012, 0.3159050632911359, 0.11440886075949819, 0.9212474683544289, 2.041429746835444, 0.5327696202531659, 0.25955443037974396, 0.09647911392405427, 1.0339487341772184, 0.8478208860759502, 0.42433734177215654, 0.019637341772149746, 0.4858107594936745, 0.5652139240506363, 0.4226297468354422, 93.5574189873418, 79.52184240506327, 54.42446582278484, 47.114251898734196, 34.51049367088609, 31.06627468354431, 12.714751898734185, 0.18527405063291097, 1.2311759493670902, 1.3669297468354467, 0.224548734177219, 1.037363924050633, 0.11526265822784969, 0.491787341772152, 0.5635063291139248, 0.4610506329113931, 2.5298018987341755, 0.19295822784809719, 0.2698000000000017, 0.3423727848101232, 0.48751835443038033, 1.6572208860759499, 0.4277525316455682, 0.3073670886075954, 1.2721582278481127, 0.5985120253164555, 1.8390797468354463, 3.4945930379746843, 0.5276468354430369, 0.17161329113923876, 0.23820949367088554, 0.25955443037974396, 1.1808018987341786, 1.166287341772152, 1.2730120253164583, 1.526589873417722, 0.2962677215189861, 0.491787341772152, 0.6625468354430393, 0.5933892405063323, 1.3600993670886063, 0.8529436708860763, 0.03159050632911615, 0.4439746835443006, 0.486664556962026, 1.825418987341771, 1.2030006329113914, 0.0025613924050630105, 0.7197512658227856, 0.06830379746835263, 0.6096113924050619, 0.4328753164556971, 0.6360791139240463, 0.2185721518987358, 0.4379981012658231, 0.5541145569620214, 0.6932835443037983, 0.5285006329113942, 1.2055620253164543, 0.20661898734177508, 0.9289316455696236, 1.0262645569620237, 0.4567816455696157, 0.9408848101265787, 0.1750284810126618, 1.737477848101263, 0.7581721518987363, 1.336193037974685, 0.5797284810126601, 1.7758987341772194, 0.017929746835443915, 0.5327696202531659, 0.6796227848101288, 0.4772727848101226, 0.8076924050632937, 0.9562531645569624, 1.5223208860759503, 2.8414379746835428, 0.4695886075949364, 0.950276582278482, 0.42519113924050517, 1.42413417721519, 0.788055063291141, 1.2320297468354444, 1.0126037974683515, 0.5472841772151867, 0.373109493670885, 0.33981139240506303, 0.5600911392405046, 1.5009759493670891, 0.4012848101265866, 0.08111075949366768, 0.8384291139240468, 0.23394050632911104, 0.7556107594936706, 1.3122867088607606, 0.2185721518987358, 0.8606278481012681, 0.016222151898738085, 0.016222151898729553, 0.9750367088607607, 0.11867784810126704, 0.25784683544303816, 0.6736462025316456, 0.1588063291139237, 0.07001139240506699, 0.19381202531645433, 0.5131322784810161, 1.95178101265823, 0.004268987341768841, 0.38250126582278837, 0.07086518987342133, 0.11013987341772366, 1.9586113924050619, 0.7650025316455683, 0.24247848101266295, 0.35774113924050976, 1.323386075949364, 0.15795253164556652, 0.7410962025316411, 0.7641487341772167, 1.2371525316455705, 1.1142056962025317, 1.495853164556963, 1.3344854430379733, 0.16307531645570106, 0.6966987341772156, 1.209831012658232, 0.6992601265822785, 1.6102620253164583, 0.7769556962025318, 1.887746202531646, 1.887746202531646, 0.8350139240506325, 0.10501708860759479, 1.1594569620253175, 1.1013987341772138, 1.6461215189873433, 0.2791917721518994, 1.2653278481012664, 0.6053424050632931, 0.20320379746835493, 0.36884050632911614, 0.7479265822784815, 1.5274436708860764, 0.3270044303797451, 1.039925316455696, 1.0083348101265825, 1.4437715189873426, 0.6659620253164565, 1.820296202531645, 0.24930886075948908, 0.6855993670886065, 3.259798734177213, 0.1477069620253145, 0.4098227848101272, 0.4183607594936677, 0.3876240506329115, 2.1046107594936703, 0.7368272151898723, 0.934054430379744, 0.9417386075949388, 0.5532607594936699, 0.4405594936708861, 1.627337974683545, 0.8000082278481018, 0.33127341772152247, 0.33127341772151964, 0.6036348101265843, 0.47300379746835947, 0.005122784810126021, 1.3626607594936693, 0.17844367088607913, 1.2584974683544345, 0.9827208860759525, 1.2388601265822792, 0.05805822784809774, 1.8296879746835484, 0.17758987341772198, 0.6369329113924063, 0.6838917721518977, 0.4047000000000011, 0.0034151898734145034, 0.22284113924050467, 0.37310949367089064, 1.6375835443037943, 0.13319240506329075, 0.788055063291141, 1.3421696202531652, 0.35944873417721557, 0.19466582278480868, 0.6198569620253167, 0.2808993670886109, 0.16905189873417573, 1.0168727848101289, 0.5071556962025329, 0.6710848101265826, 0.10672468354430348, 0.188689240506334, 0.36115632911392426, 0.019637341772155432, 0.942592405063293, 0.793177848101267, 0.019637341772149746, 0.005122784810126021, 0.18015126582278498, 1.4318183544303793, 0.47898037974683694, 1.4676778481012671, 0.6181493670886081, 0.04952025316455438, 0.005976582278483201, 0.5097170886075931, 0.32444303797468776, 0.4320215189873399, 1.601724050632912, 0.3936006329113891, 1.4506018987341773, 0.30053670886076356, 0.03671329113923648, 0.7086518987341762, 0.9972354430379705, 0.9024639240506335, 1.3139943037974695, 1.5060987341772152, 2.3880715189873443, 0.09306392405062838, 1.849325316455698, 0.06915759493670696, 1.1568955696202543, 0.5242316455696253, 0.45507405063290984, 1.1116443037974688, 1.29947974683544, 0.37737848101266236, 1.1790943037974728, 0.046958860759497054, 0.6266873417721628, 0.36457151898734164, 0.02817531645569596, 0.20405759493671208, 0.1810050632911393, 0.9280778481012665, 0.648886075949367, 1.2012930379746827, 1.3464386075949342, 0.33298101265822827, 1.4181575949367098, 3.1266063291139257, 0.21686455696202428, 0.3355424050632913, 0.8350139240506352, 2.516141139240506, 0.021344936708864108, 1.774191139240508, 0.4098227848101272, 0.6164417721519022, 0.10501708860759479, 0.18442025316455665, 0.7419500000000011, 0.5985120253164525, 0.5617987341772105, 1.2217841772151896, 0.1955196202531602, 1.2175151898734178, 0.6693772151898739, 0.8051310126582276, 0.9946740506329134, 0.1477069620253145, 0.5882664556962063, 0.3141974683544301, 0.3748170886075965, 1.890307594936712, 0.8870955696202555, 0.7880550632911381, 0.8076924050632937, 1.756261392405064, 0.20405759493671208, 1.099691139240508, 0.04952025316455722, 0.188689240506334, 2.1233943037974656, 0.3415189873417689, 0.5464303797468324, 2.1336398734177235, 0.2655310126582243, 0.6915759493670895, 0.5558221518987359, 2.1285170886075977, 1.4693854430379785, 0.1801512658227821, 0.06744999999999544, 0.7060905063291104, 1.4565784810126605, 0.6685234177215196, 1.2217841772151896, 0.2740689873417734, 1.1270126582278468, 0.3432265822784832, 1.5479348101265833, 2.4623518987341777, 0.9118556962025313, 1.901406962025313, 0.14087658227848263, 1.4284031645569648, 0.186127848101271, 0.9442999999999989, 0.03415189873417347, 0.6369329113924063, 0.40299240506328676, 0.41238417721519016, 0.8640430379746799, 1.331070253164556, 0.646324683544304, 1.6520981012658238, 1.7383316455696232, 82.83884556962029, 73.4214594936709, 55.20654430379749, 42.24333734177216, 24.327251265822788, 7.745650632911394, 1.4019354430379773, 0.8674582278481029, 1.3216784810126585, 1.0339487341772156, 0.6873069620253122, 0.6540088607594902, 0.5139860759493705, 0.6309563291139202, 0.723166455696203, 2.839730379746834, 0.9929664556962046, 0.004268987341768841, 1.2439829113924052, 1.8143196202531675, 0.646324683544304, 1.0578550632911399, 0.2851683544303769, 0.8930721518987358, 0.21088797468354392, 2.1609613924050626, 0.7769556962025318, 0.522524050632911, 1.1509189873417682, 0.8076924050632937, 1.2192227848101294, 0.6480322784810127, 1.1116443037974688, 1.4266955696202561, 0.9511303797468392, 0.4465360759493636, 0.5942430379746838, 0.8375753164556953, 1.1398196202531647, 0.25101645569620346, 0.45336645569620404, 0.6318101265822803, 0.718897468354434, 1.0074810126582283, 0.7641487341772111, 0.839282911392407, 1.593186075949366, 1.2550822784810145, 1.0894455696202503, 0.9613759493670856, 0.2817531645569624, 0.2604082278480983, 0.3210278481012619, 2.0277689873417746, 0.05208164556962023, 1.1449424050632937, 1.6751506329113934, 1.0100424050632912, 0.6898683544303837, 0.44141329113924044, 0.02988291139240179, 0.6890145569620265, 1.3268012658227846, 1.2713044303797438, 0.6326639240506347, 1.0851765822784816, 0.9622297468354398, 0.7470727848101272, 1.9364126582278491, 1.5684259493670931, 0.12380063291139305, 1.3259474683544328, 0.6394943037974693, 0.30907468354430406, 0.08964873417721674, 0.7154822784810168, 0.7291430379746946, 1.7955360759493637, 0.9946740506329075, 0.7351196202531636, 0.3227354430379763, 0.6036348101265786, 0.3141974683544272, 0.4823955696202572, 0.08623354430379371, 1.9731259493670912, 0.7274354430379746, 0.4926411392405035, 1.7408930379746832, 0.28687594936708843, 0.6685234177215196, 0.7368272151898752, 1.5163443037974669, 0.8973411392405017, 0.32188164556962473, 0.45165886075949535, 0.07513417721519015, 0.7223126582278485, 0.21857215189873014, 0.18100506329114213, 0.2262563291139277, 1.5769639240506335, 0.016222151898738085, 1.357537974683546, 0.8614816455696225, 0.8640430379746799, 0.09391772151899128, 0.7539031645569618, 0.946861392405062, 0.6446170886075981, 0.6574240506329133, 0.7974468354430416, 0.12721582278481325, 0.826475949367089, 1.1287202531645584, 0.8495284810126618, 0.33383481012657984, 0.946861392405062, 0.8179379746835485, 0.2228411392405075, 0.375670886075948, 1.3259474683544328, 0.8290373417721492, 0.6454708860759497, 1.8279803797468368, 0.5216702531645537, 1.1321354430379758, 0.8905107594936728, 0.7965930379746844, 1.245690506329111, 1.0083348101265854, 1.7724835443037994, 0.3637177215189873, 0.8017158227848104, 3.2794360759493686, 0.7632949367088595, 0.6318101265822774, 0.4149455696202532, 0.4431208860759491, 1.0143113924050657, 2.0260613924050657, 0.8264759493670918, 0.8307449367088606, 1.3720525316455672, 0.33298101265822827, 1.0450481012658248, 0.09306392405063409, 0.4508050632911382, 0.7257278481012658, 0.4926411392405035, 0.9477151898734162, 0.16222151898734388, 0.7035291139240474, 0.7334120253164577, 1.4138886075949353, 1.2448367088607595, 1.992763291139241, 0.5464303797468324, 1.0365101265822785, 0.4328753164556971, 2.0559443037974705, 0.06061962025316928, 1.2909417721518994, 0.11099367088607232, 0.1084322784810093, 0.19295822784809719, 1.9253132911392428, 0.17929746835443064, 0.3252968354430393, 0.962229746835454, 0.2979753164556977, 0.9297854430379751, 1.2072696202531685, 0.8290373417721492, 0.2834607594936711, 0.4089689873417756, 1.3259474683544328, 0.7701253164556972, 0.8418443037974699, 1.449748101265823, 2.1686455696202516, 1.2397139240506334, 1.1517727848101282, 0.6429094936708867, 0.2808993670886109, 0.39445443037974626, 0.2834607594936711, 1.485607594936711, 0.3944544303797491, 1.078346202531644, 0.35944873417721557, 1.2755734177215186, 0.3278582278481023, 0.9545455696202538, 0.19210443037974567, 0.020491139240506925, 1.0928607594936732, 0.8922183544303816, 0.7854936708860779, 1.4634088607594982, 1.3916898734177252, 0.2185721518987358, 2.2975689873417733, 0.6855993670886065, 1.0322411392405069, 0.9511303797468392, 1.0783462025316468, 1.1739715189873439, 0.9169784810126572, 0.2134493670886098, 1.0262645569620237, 1.055293670886077, 0.1272158227848104, 0.450805063291141, 0.7573183544303764, 0.10587088607594913, 0.48751835443038033, 0.2569930379746809, 0.05208164556962023, 1.0945683544303764, 1.6341683544303827, 0.2663848101265844, 0.5549683544303786, 0.5310620253164515, 1.4924379746835457, 0.22967151898734503, 0.7965930379746844, 1.8151734177215162, 0.522524050632911, 0.823914556962026, 0.5575297468354473, 1.0774924050632897, 0.8742886075949375, 1.2388601265822792, 0.11440886075949819, 1.2858189873417734, 0.6941373417721526, 0.4397056962025318, 2.405147468354431, 0.1562449367088607, 0.4439746835443006, 1.2730120253164583, 0.12465443037974738, 0.2877297468354428, 0.8529436708860763, 0.3927468354430347, 0.35091075949367223, 4.31253101265823, 2.9797531645569624, 0.25784683544303816, 1.3037487341772145, 1.483046202531645, 0.9092943037974711, 1.8228575949367107, 0.39103924050632605, 0.007684177215191875, 3.230769620253166, 1.5744025316455705, 0.03073670886075897, 2.149862025316456, 0.23137911392405086, 0.24589367088607458, 2.2360955696202556, 0.219425949367093, 0.9485689873417762, 0.005976582278477514, 1.004065822784811, 1.3139943037974695, 0.2467474683544318, 2.791063924050631, 0.02988291139240179, 1.1731177215189867, 1.5692797468354445, 0.9673525316455688, 0.04695886075949421, 0.8879493670886097, 0.8836803797468381, 2.045698734177227, 0.22027974683544163, 0.7257278481012658, 0.7035291139240616, 1.5496424050632918, 1.8467639240506322, 0.011953164556960716, 0.3816474683544312, 0.1716132911392416, 1.0390715189873387, 0.36286392405063583, 1.5043911392405036, 0.17246708860759877, 0.8478208860759502, 0.11697025316455552, 1.7827291139240515, 1.4352335443037993, 0.8264759493670918, 0.23223291139240804, 1.1304278481012697, 1.706741139240507, 0.26296962025316417, 1.6794196202531653, 0.13233860759493357, 1.4352335443037993, 0.0631810126582323, 0.14685316455696584, 2.0943651898734186, 0.47641898734177107, 0.3705481012658191, 1.326801265822787, 0.011953164556966402, 0.6190031645569652, 0.5908278481012693, 1.1013987341772138, 1.6375835443037998, 0.9929664556962017, 0.0657424050632953, 0.07769556962025033, 0.32273544303797347, 0.010245569620254885, 0.2928525316455716, 0.8358677215189838, 0.003415189873417347, 0.6557164556962016, 0.23394050632911104, 0.15282974683544334, 0.20661898734177508, 0.18442025316455665, 0.4747113924050653, 0.2134493670886098, 1.526589873417722, 0.924662658227849, 0.15197594936708902, 0.19125063291139136, 0.35176455696202946, 1.3660759493670924, 2.1481544303797473, 0.45336645569620404, 0.9135632911392371, 1.1099367088607601, 0.05891202531645777, 0.5532607594936699, 0.08879493670886525, 0.7854936708860779, 0.448243670886078, 0.9195398734177203, 0.9255164556962062, 0.08111075949367053, 0.3671329113924018, 1.1679949367088607, 0.4601968354430387, 1.647829113924052, 0.8025696202531648, 0.9639373417721486, 1.382298101265822, 2.397463291139242, 0.7769556962025318, 0.30053670886075495, 1.6427063291139203, 0.09818670886076011, 1.2209303797468467, 0.15112215189873468, 0.4328753164556971, 0.9468613924050647, 1.0860303797468358, 1.3976664556962002, 2.07899683544304, 0.3918930379746832, 1.5240284810126588, 0.4388518987341774, 0.6915759493670867, 1.7733373417721479, 2.1165639240506313, 0.19808101265822317, 0.6096113924050647, 0.8051310126582276, 0.303098101265818, 0.03585949367088783, 0.15795253164556936, 0.18185886075949365, 1.133843037974687, 0.9921126582278446, 0.0017075949367086735, 0.27065379746835316, 1.7443082278481006, 0.33639620253164565, 0.9357620253164584, 0.5686291139240509, 1.2781348101265815, 1.5539113924050636, 0.9929664556962046, 0.053789240506328904, 1.452309493670889, 0.08196455696202487, 0.7837860759493664, 1.378882911392402, 1.1739715189873383, 1.1005449367088596, 0.4354367088607601, 0.09135632911392826, 0.8213531645569658, 1.8757930379746883, 1.1210360759493665, 0.3210278481012676, 2.408562658227851, 0.3193202531645618, 1.7878518987341803, 1.0544398734177254, 0.027321518987344466, 0.9767443037974722, 0.5438689873417694, 3.847211392405065, 1.3216784810126585, 1.2448367088607624, 0.24162468354430575, 0.8290373417721492, 0.8742886075949404, 0.6386405063291093, 0.7547569620253276, 0.27833797468354793, 0.0657424050632953, 0.41153037974683865, 0.3500569620253207, 0.5122784810126589, 0.04952025316455438, 1.019434177215189, 0.1733208860759531, 3.496300632911393, 0.3876240506329115, 0.6335177215189889, 1.320824683544304, 0.9221012658227862, 0.07854936708861036, 0.852089873417722, 0.8734348101265832, 0.12550822784810173, 0.4994715189873439, 1.4898765822784825, 1.1338430379746844, 93.0741696202532, 90.94223734177218, 87.95480000000003, 80.15877531645575, 77.22256582278484, 58.70626012658231, 45.50911265822786, 0.6608392405063277, 0.9425924050632901, 1.3720525316455672, 0.7410962025316497, 0.5267930379746883, 0.4345829113924086, 0.7479265822784815, 0.6002196202531613, 1.876646835443037, 0.1545373417721492, 0.448243670886078, 0.02817531645569596, 1.0843227848101271, 1.8356645569620231, 1.2431291139240508, 0.2219873417721503, 1.8826234177215202, 0.016222151898729553, 0.7641487341772111, 0.43970569620253463, 0.6164417721519022, 0.7376810126582295, 0.3278582278481023, 0.44482848101266353, 0.19466582278480868, 0.4473898734177265, 1.4591398734177208, 0.8785575949367093, 1.1850708860759531, 0.39872341772152364, 0.5737518987341769, 0.30053670886076356, 1.1765329113924012, 1.5376892405063256, 0.6258335443037943, 0.9451537974683532, 0.24162468354430575, 0.4627582278481017, 0.486664556962026, 0.5063018987341757, 2.0354531645569636, 1.398520253164557, 0.4567816455696242, 3.25723734177215, 0.6992601265822785, 0.3278582278480995, 0.034151898734179155, 0.26467721518987, 0.017929746835443915, 0.4397056962025318, 0.17246708860759877, 1.8604246835443046, 0.6693772151898739, 0.5285006329113885, 0.3637177215189873, 0.6932835443037983, 1.0954221518987335, 1.1142056962025317, 1.1432348101265792, 1.0663930379746804, 1.1065215189873427, 0.8879493670886041, 1.1782405063291126, 1.0570012658227883, 0.600219620253167, 0.14429177215189998, 0.33298101265822827, 0.7846398734177237, 0.9997968354430421, 0.2715075949367104, 0.6377867088607607, 2.2514639240506336, 0.45251265822785247, 0.4439746835443006, 0.13746139240506813, 0.5950968354430382, 0.8170841772151884, 0.02732151898734162, 0.2791917721518994, 0.29029113924050864, 0.403846202531644, 1.4181575949367127, 1.7229632911392394, 1.287526582278482, 1.887746202531646, 0.4149455696202532, 0.8281835443037976, 0.6548626582278446, 0.04781265822785139, 0.3585949367088613, 0.777809493670886, 0.6403481012658238, 0.6164417721519022, 1.4915841772151857, 0.09306392405062838, 0.2808993670886081, 0.8794113924050636, 1.5052449367088578, 0.8230607594936716, 0.7675639240506312, 0.8939259493670901, 1.1159132911392518, 1.2567898734177232, 0.1383151898734168, 0.7974468354430416, 0.27065379746835316, 1.2670354430379778, 0.5447227848101237, 0.5882664556962063, 1.2311759493670873, 1.483046202531645, 0.15453734177215203, 1.9509272151898729, 1.2627664556962035, 0.646324683544304, 3.7029196202531653, 0.8179379746835485, 0.561798734177219, 1.5086601265822808, 1.495853164556963, 0.2612620253164555, 0.2928525316455716, 1.1184746835443062, 0.03073670886075897, 1.4309645569620277, 1.3805905063291162, 1.2755734177215214, 0.21430316455695841, 0.41579936708860465, 1.8194424050632936, 0.30395189873417516, 0.45422025316455833, 0.13660759493671096, 0.6710848101265826, 0.274922784810122, 1.8305417721519026, 1.6418525316455688, 2.3547734177215194, 0.44568227848101216, 0.3662791139240503, 0.8187917721518971, 0.37567088607595367, 0.3696943037974648, 1.7084487341772154, 1.1697025316455665, 0.7325582278481034, 1.5726949367088618, 1.0185803797468347, 1.3447310126582281, 0.4670272151898734, 0.040128481012656675, 0.4268987341772196, 0.3543259493670924, 1.893722784810124, 0.9289316455696208, 1.0527322784810111, 1.3464386075949342, 2.093511392405064, 0.5763132911392399, 0.9357620253164526, 1.6264841772151908, 0.3295658227848081, 0.8128151898734138, 1.5163443037974698, 1.5846481012658198, 0.2757765822784849, 0.010245569620254885, 0.6454708860759497, 0.7428037974683527, 0.5771670886075914, 0.5959506329113925, 0.3415189873417689, 0.011953164556960716, 0.4499512658227838, 0.26553101265823287, 0.12977721518987625, 0.7077981012658249, 0.4704424050632879, 2.640795569620251, 2.244633544303799, 0.8452594936708844, 1.0834689873417729, 0.25528544303797795, 0.7667101265822825, 1.2550822784810116, 0.13233860759493357, 1.6375835443037943, 0.9391772151898701, 0.7043829113924046, 0.69755253164557, 0.8111075949367109, 0.23223291139240804, 2.383802531645573, 0.28346075949367394, 1.8168810126582249, 0.2569930379746809, 1.6520981012658238, 0.45422025316455267, 0.945153797468356, 0.9357620253164584, 1.3814443037974706, 0.8375753164556983, 1.1432348101265792, 0.3620101265822786, 0.5276468354430399, 0.3423727848101317, 1.3942512658227855, 0.3372500000000028, 0.29199873417721445, 1.9671493670886053, 0.8930721518987358, 0.16734430379746992, 0.1442917721518943, 0.6207107594936712, 0.522524050632911, 3.4741018987341805, 0.0836721518987307, 0.7095056962025335, 0.18185886075949365, 0.8828265822784809, 0.048666455696202884, 1.1466500000000022, 1.550496202531646, 0.03159050632911046, 1.0484632911392364, 0.4559278481012642, 1.506098734177218, 0.6292487341772173, 0.7658563291139253, 0.45165886075948963, 1.4309645569620246, 0.2057651898734179, 0.728289240506326, 0.4439746835443006, 1.3822981012658249, 0.7581721518987334, 1.2294683544303815, 0.5916816455696208, 0.8657506329113942, 1.9167753164556935, 0.9135632911392371, 0.25528544303797795, 0.006830379746840381, 0.332127215189874, 0.5993658227848127, 2.4350303797468382, 0.03671329113924217, 0.9434462025316473, 0.017075949367086736, 0.7743943037974688, 1.5615955696202555, 1.0885917721518987, 0.06232721518986943, 0.7667101265822825, 2.0064240506329103, 0.9827208860759525, 0.8503822784810132, 0.9485689873417762, 1.1594569620253175, 0.2493088607594976, 0.1921044303797485, 0.952837974683545, 0.25613924050632947, 0.1477069620253145, 0.6249797468354428, 0.10330949367088328, 0.3995772151898751, 0.31334367088607284, 1.0868841772151903, 1.1159132911392518, 1.406204430379749, 0.7077981012658192, 1.9680031645569596, 1.2798424050632902, 0.22369493670885612, 1.2217841772151896, 1.701618354430381, 0.1588063291139237, 1.8331031645569658, 1.0015044303797451, 0.33639620253164565, 0.9374696202531669, 0.9852822784810127, 1.5009759493670891, 0.5652139240506335, 2.8115550632911406, 0.6924297468354468, 0.24333227848101158, 0.30053670886075495, 0.17161329113923876, 0.2373556962025312, 0.2202797468354445, 0.7769556962025318, 0.536184810126586, 0.5421613924050636, 2.4785740506329095, 0.28004556962025373, 1.2721582278481127, 1.442063924050634, 1.6717354430379734, 1.1705563291139265, 0.22711012658228202, 0.8836803797468352, 1.197024050632914, 0.05635063291139192, 0.33810379746835434, 31.08420443037976, 2.09863417721519, 0.5430151898734179, 0.7325582278481034, 0.11099367088607799, 1.361806962025315, 0.19637341772152306, 1.1500651898734198, 0.08111075949367053, 0.4593430379746787, 1.0996911392405024, 0.5754594936708827, 1.2397139240506334, 1.9953246835443068, 0.24760126582278894, 0.7795170886075948, 0.9425924050632901, 0.47129620253164506, 0.8170841772151884, 0.811107594936708, 1.2055620253164543, 1.4019354430379773, 0.1442917721518943, 1.804927848101267, 0.5489917721518954, 0.6574240506329104, 0.16392911392405257, 0.45422025316455267, 0.07086518987341564, 0.3287120253164595, 0.6181493670886081, 1.889453797468352, 0.4858107594936717, 0.4969101265822809, 0.6890145569620265, 2.541755063291142, 0.8444056962025301, 0.3973478260869532, 13.228130434782578, 7.311695652173896, 0.6476521739130451, 1.2217826086956554, 1.0507826086956442, 0.4204782608695676, 1.5158695652173808, 0.3791739130434715, 1.2903478260869574, 1.1226521739130468, 1.0235217391304383, 1.3861739130434796, 1.5918695652173915, 0.5617391304347746, 0.40726086956522395, 2.451826086956511, 1.3275217391304344, 0.5311739130434792, 0.29326086956521474, 1.0516086956521742, 0.711260869565212, 0.7195217391304366, 0.5328260869565252, 1.6083913043478273, 2.66826086956521, 0.5129999999999947, 0.2519565217391269, 0.1371304347826153, 0.9500000000000006, 0.4873913043478292, 0.09747826086956254, 1.6571304347825988, 0.5675217391304399, 0.985521739130437, 0.30317391304347446, 0.7054782608695659, 1.501826086956521, 1.150739130434783, 1.4258260869565214, 0.5551304347826097, 0.7352173913043506, 0.6352608695652121, 0.7054782608695659, 1.0111304347826027, 0.38082608695652304, 0.029739130434776523, 0.18339130434783027, 0.71621739130435, 0.7054782608695576, 1.424173913043478, 0.4023043478260886, 0.9293478260869568, 1.4894347826086962, 0.855826086956522, 0.3312608695652187, 1.4481304347826085, 0.9351304347826112, 0.524565217391306, 0.13217391304347445, 0.0933478260869543, 0.18008695652174095, 0.29160869565217695, 0.5146521739130353, 0.7963478260869524, 0.14126086956521255, 0.8748260869565226, 1.6810869565217321, 0.8764782608695658, 1.4588695652173929, 0.2742608695652141, 0.7360434782608722, 0.14952173913043726, 1.17717391304347, 0.05617391304347196, 1.9627826086956466, 0.911999999999994, 2.214739130434776, 1.0846521739130455, 0.15282608695652386, 0.2560869565217407, 0.006608695652167669, 0.8797826086956526, 0.9045652173913046, 1.5695652173912988, 0.1643913043478324, 1.0664782608695584, 0.6352608695652204, 0.359347826086952, 0.1966086956521711, 0.809565217391296, 0.2412173913043538, 1.0813478260869562, 2.118086956521738, 0.5072173913043515, 1.1837826086956542, 0.7294347826086964, 1.6125217391304243, 0.4279130434782624, 0.3155652173913102, 0.8616086956521652, 1.3952608695652204, 0.5567826086956448, 0.9020869565217315, 1.9685652173912982, 0.34613043478261113, 0.9921304347826101, 0.8748260869565226, 1.0210434782608677, 0.06360869565217778, 1.0359130434782546, 0.4997826086956539, 0.6228695652173875, 0.7087826086956469, 0.33208695652174314, 0.009086956521732609, 0.0586521739130479, 0.7253043478260881, 0.941739130434787, 0.16686956521739735, 1.3729565217391275, 0.9177826086956482, 0.06856521739130216, 0.19578260869565772, 1.2556521739130428, 0.04460869565217991, 0.04460869565217991, 0.9500000000000006, 0.52291304347826, 0.7856086956521766, 0.16026086956522143, 1.4820000000000015, 0.35521739130434377, 1.0590434782608635, 0.9590869565217333, 0.5757826086956537, 0.008260869565224718, 1.0235217391304328, 0.5964347826086975, 2.4270434782608614, 2.1503043478260766, 1.2721739130434788, 0.9574347826087065, 1.339086956521732, 0.9376086956521679, 36.387478260869486, 1.0210434782608677, 280.21613043478203, 0.6162608695652197, 2.1230434782608625, 0.1437391304347885, 0.2759130434782629, 1.3118260869565233, 0.3172173913043425, 1.1895652173912974, 1.1234782608695602, 1.029304347826087, 1.6257391304347735, 0.2701304347826086, 0.8913478260869583, 0.6418695652173964, 0.9970869565217401, 1.3035652173913037, 0.5584347826087073, 0.9632173913043498, 0.6022173913043408, 0.8302173913043399, 0.29243478260870137, 2.013999999999994, 1.0846521739130455, 0.736869565217394, 0.10491304347825735, 0.21065217391303911, 0.6757391304347784, 0.34860869565217606, 0.5361304347826118, 1.9082608695652095, 1.296130434782612, 1.040869565217393, 0.5733043478260832, 1.3845217391304363, 0.6459999999999962, 1.3836956521739063, 0.3163913043478181, 0.43204347826087613, 2.1370869565217387, 0.16108695652174307, 0.17265217391304613, 0.727782608695653, 1.463000000000001, 0.4634347826086904, 0.5336521739130552, 1.0970434782608702, 0.5493478260869527, 0.4336956521739167, 0.21395652173913668, 0.28582608695652817, 0.9929565217391264, 0.6988695652173955, 351.53882608695574, 343.77939130434703, 14.349130434782579, 0.4824347826086993, 1.6992608695652165, 1.0821739130434807, 0.2982173913043501, 0.3783478260869581, 0.7467826086956537, 1.2730000000000004, 0.3800000000000014, 0.1743043478260839, 0.624521739130439, 0.7988260869565229, 0.9367826086956461, 0.25526086956521077, 0.19247826086955738, 0.2602173913043434, 0.01817391304347622, 2.578217391304339, 0.983043478260861, 0.6980434782608655, 0.5336521739130387, 0.34199999999999464, 0.8905217391304368, 0.09747826086956254, 0.3857826086956446, 0.32795652173913215, 0.8103913043478288, 0.6476521739130451, 0.8706956521739144, 0.18586956521739523, 2.093304347826086, 1.4415217391304298, 0.19247826086955738, 0.0702173913043537, 1.8677826086956462, 0.5427391304347877, 0.951652173913044, 0.7509130434782536, 0.49152173913044017, 0.812043478260861, 0.902913043478256, 0.2990434782608718, 0.8583043478260979, 0.8987826086956531, 1.287043478260871, 0.6228695652173929, 0.3213478260869535, 0.11152173913043054, 0.06773913043478051, 0.7575217391304269, 0.6550869565217399, 0.985521739130437, 1.3060434782608608, 0.1817391304347787, 0.8508695652173865, 0.6154347826086982, 0.37752173913043097, 0.3064782608695666, 0.29160869565217695, 0.3420000000000057, 1.178, 0.4080869565217319, 0.003304347826089337, 0.7806521739130357, 0.16934782608696228, 0.27508695652173304, 0.10243478260869791, 0.07682608695651587, 0.38578260869565567, 0.023956521739133253, 0.163565217391308, 1.060695652173915, 1.5018260869565128, 1.5076086956521837, 0.24947826086956748, 0.5658695652173856, 0.25526086956521626, 1.140826086956523, 0.08921739130434332, 0.29243478260870137, 0.10243478260869242, 0.3651304347826145, 1.0805217391304345, 1.3093478260869582, 0.7186956521739122, 1.3324782608695562, 0.2701304347826086, 0.9243913043478269, 0.8326956521739077, 0.7178695652173879, 1.1061304347826084, 0.9070434782608724, 0.26104347826087604, 0.3064782608695666, 0.4138695652173944, 0.6906086956521762, 0.39156521739130723, 1.9446086956521733, 1.1854347826086893, 0.16273913043478636, 1.2151739130434795, 0.9896521739130453, 0.4122173913043429, 0.9177826086956482, 0.40973913043478893, 0.2503043478260864, 0.17265217391304613, 0.31473913043478585, 0.27756521739129797, 0.2098260869565147, 0.11978260869565799, 1.6769565217391293, 0.009913043478257005, 0.9442173913043465, 0.18586956521739523, 1.1143913043478277, 1.5993043478260809, 0.6410434782608608, 0.5559565217391313, 0.8483913043478273, 0.7558695652173918, 1.1837826086956431, 0.09665217391304363, 0.3568695652173898, 0.41965217391304865, 0.6278260869565229, 0.038826086956514634, 0.34199999999999464, 0.3700869565217361, 1.320913043478264, 0.21643478260870164, 0.7492608695652186, 1.6554782608695637, 1.990869565217391, 0.9235652173913053, 1.0408695652173845, 0.4774782608695584, 1.417565217391302, 0.5766086956521753, 0.7988260869565174, 1.166434782608697, 0.7145652173913067, 0.2519565217391269, 0.74265217391304, 0.6641739130434725, 0.1511739130434723, 0.5386086956521685, 0.1908260869565251, 1.8008695652173847, 1.3977391304347797, 0.24700000000000255, 0.48821739130434255, 0.6121304347826033, 1.3729565217391333, 1.2011304347826033, 0.318869565217394, 1.5026521739130427, 0.2544347826086974, 1.2581304347826106, 0.5262173913043439, 0.9128260869565239, 0.3329130434782565, 0.15447826086956715, 0.5724782608695698, 1.9099130434782503, 0.3733913043478282, 0.7608260869565244, 1.1300869565217306, 0.25113043478261077, 0.12391304347826623, 0.009913043478257005, 0.10491304347826286, 0.005782608695648774, 0.359347826086952, 0.11482608695651711, 1.3597391304347841, 1.0119565217391324, 0.0850869565217461, 1.3836956521739063, 0.6897826086956463, 0.9970869565217401, 0.6509565217391262, 0.4155217391304377, 0.26104347826086505, 0.27591304347825746, 1.1978260869565165, 0.6270000000000012, 0.580739130434778, 0.05039130434782869, 0.7484347826086942, 0.8046086956521744, 0.9706521739130392, 0.3923913043478316, 0.8178260869565207, 0.7707391304347869, 0.38165217391304196, 0.7723913043478274, 0.4518695652173929, 1.3093478260869582, 1.3217391304347827, 0.4105652173913078, 0.7021739130434793, 0.12556521739130125, 0.18834782608696016, 2.355999999999994, 0.5724782608695643, 0.7880869565217332, 0.5642173913043506, 0.5633913043478206, 1.3250434782608695, 0.18339130434783027, 0.9210869565217403, 0.8376521739130458, 0.5890000000000026, 0.6517826086956533, 1.071434782608691, 1.1523913043478262, 1.5233043478260866, 0.6716086956521784, 0.21560869565216897, 1.2796086956521735, 0.691434782608698, 1.3225652173913045, 0.29078260869564704, 1.550565217391298, 0.21891304347825832, 0.4758260869565151, 0.2800434782608684, 1.2564782608695564, 1.7141304347826092, 0.7856086956521766, 0.5171304347826112, 1.2498695652173857, 0.5220869565217411, 0.4791304347826044, 1.312652173913034, 0.28995652173913367, 0.6327826086956472, 0.6484782608695613, 0.5278695652173898, 0.6493043478260911, 1.1713913043478268, 0.7104347826086875, 0.941739130434776, 0.6649999999999942, 0.6286521739130445, 0.3841304347826041, 0.3816521739130364, 0.31391304347825316, 0.8186521739130451, 0.6980434782608655, 0.21147826086957175, 0.4832608695652127, 1.1813043478260863, 0.27591304347825746, 0.6666521739130458, 1.4539130434782601, 1.1185217391304358, 1.4142608695652075, 0.9186086956521698, 1.065652173913045, 0.5311739130434792, 0.7674347826086976, 0.23543478260869952, 0.7096086956521769, 2.1668260869565152, 0.8764782608695658, 0.768260869565222, 1.0069999999999943, 0.0941739130434787, 0.18586956521739523, 0.059478260869561296, 0.4824347826086883, 1.3853478260869578, 0.16521739130435129, 0.46508695652174203, 0.9202608695652132, 0.8938260869565178, 0.16686956521738633, 0.6600434782608726, 1.5720434782608692, 1.4365652173913055, 1.982608695652166, 1.8363913043478266, 0.2907826086956581, 0.4873913043478292, 1.341565217391305, 1.1077826086956544, 1.1606521739130453, 0.05617391304348021, 0.3841304347826124, 0.1288695652173906, 0.2940869565217364, 0.11399999999999547, 0.5286956521739142, 1.6686956521739074, 0.009086956521743614, 0.03304347826086586, 0.21147826086956076, 0.15447826086956715, 1.1152173913043493, 0.3345652173913081, 0.9623913043478282, 0.35439130434781935, 0.726956521739126, 0.12226086956521469, 0.4708695652173962, 0.17265217391304613, 0.6988695652173899, 0.37752173913043646, 0.6195652173913037, 0.37834782608694983, 0.163565217391308, 0.422956521739127, 2.87808695652173, 0.10821739130435219, 1.515043478260862, 0.9656956521739147, 0.5055652173913027, 0.359347826086952, 1.771956521739127, 1.8231739130434774, 0.08839130434781892, 1.3052173913043388, 1.5034782608695645, 0.055347826086953066, 1.3134782608695665, 1.0301304347826088, 1.3580869565217324, 0.6575652173913159, 0.7633043478260811, 0.5386086956521767, 0.4502173913043441, 0.09913043478261409, 0.7327391304347857, 0.8351739130434808, 0.7575217391304269, 0.035521739130430795, 0.7558695652173836, 0.736043478260864, 0.868217391304344, 0.2172608695652205, 0.4089130434782563, 0.6443478260869557, 0.03386956521738475, 1.1804782608695594, 0.4725217391304313, 0.5931304347826055, 0.33621739130434036, 0.5369565217391224, 1.9280869565217293, 2.293217391304338, 0.6922608695652196, 1.4778695652173905, 0.5980869565217353, 0.9731304347826096, 0.5650434782608722, 0.36430434782609006, 0.6228695652173875, 0.3956956521739099, 0.375043478260866, 0.5617391304347746, 0.7814782608695656, 0.6501304347826046, 0.5154782608695679, 0.9260434782608647, 1.04582608695652, 0.32630434782608886, 0.7897391304347738, 0.49399999999999683, 1.1061304347826029, 0.16191304347826746, 0.9268695652173918, 1.2159999999999902, 0.6435217391304313, 2.2229999999999928, 0.8219565217391263, 0.8128695652173936, 1.3853478260869498, 0.25030434782608085, 1.7926086956521736, 0.06939130434783206, 0.4824347826086993, 0.4857391304347859, 0.719521739130431, 0.16852173913043514, 0.38330434782609074, 1.794260869565214, 1.1581739130434887, 0.059478260869561296, 0.014869565217386886, 0.6625217391304293, 0.5022608695652188, 0.9400869565217327, 0.9987391304347861, 0.736043478260864, 2.119739130434776, 1.4415217391304245, 1.1606521739130453, 1.346521739130435, 0.09582608695652475, 1.16808695652174, 0.7253043478260827, 0.3568695652173898, 1.1540434782608693, 0.2544347826086891, 0.6137826086956548, 0.9310000000000002, 0.902913043478256, 0.2940869565217364, 0.024782608695657647, 0.08013043478261071, 0.49317391304348346, 1.0937391304347837, 1.3597391304347732, 1.7397391304347745, 0.798000000000004, 0.6790434782608622, 0.5171304347826001, 0.1553043478260888, 0.7831304347826034, 0.014043478260862486, 0.8698695652173956, 0.3246521739130483, 0.21808695652173943, 1.1821304347826107, 0.2519565217391324, 1.4332608695652107, 0.3089565217391343, 1.0871304347826105, 0.4303913043478273, 0.597260869565222, 0.590652173913046, 0.18586956521739523, 1.0474782608695605, 0.40395652173912916, 0.951652173913044, 1.364695652173914, 0.3378695652173974, 0.27095652173912754, 0.9863478260869587, 0.4089130434782645, 0.7748695652173925, 0.5468695652173877, 1.969391304347825, 0.036347826086960695, 0.5146521739130462, 0.32465217391304285, 0.5212608695652222, 0.02891304347826313, 0.4064347826086886, 1.7298260869565203, 0.9698260869565231, 1.179652173913035, 0.44773913043478464, 1.2011304347826033, 0.736869565217394, 1.755434782608694, 0.5187826086956572, 0.38578260869565567, 0.420478260869562, 1.0920869565217404, 0.17678260869565435, 0.1743043478260839, 1.4002173913043476, 0.49730434782608895, 0.8178260869565207, 0.4180000000000026, 0.27013043478261417, 1.1936956521739086, 1.102, 0.1999130434782632, 1.5993043478260809, 0.3568695652173843, 0.465086956521731, 0.8773043478260876, 0.48904347826087524, 1.3489999999999944, 0.0, 0.44195652173913585, 0.7302608695652181, 1.0722608695652125, 1.2325217391304286, 0.4460869565217441, 0.47417391304347456, 0.05452173913042867, 1.00121739130434, 1.2754782608695652, 1.4572173913043494, 0.5320000000000036, 0.7228260869565232, 0.638565217391296, 0.588173913043481, 0.4113913043478212, 0.49069565217390754, 0.945869565217387, 0.5782608695652185, 0.7591739130434894, 1.3489999999999944, 0.7872608695652088, 0.7170434782608717, 0.47830434782608555, 0.5980869565217407, 1.2564782608695673, 1.893391304347828, 0.9929565217391318, 0.23873913043477785, 0.0, 0.09499999999999759, 0.9086956521739156, 0.5914782608695567, 0.29573913043477973, 0.339521739130438, 0.34530434782609226, 0.9524782608695657, 1.297782608695647, 0.37669565217390655, 0.9334782608695569, 0.26682608695651383, 1.113565217391306, 0.719521739130431, 0.19247826086956837, 1.015260869565219, 0.32547826086956727, 0.49482608695652397, 0.024782608695657647, 1.317608695652169, 1.012782608695643, 1.3275217391304261, 0.8872173913043502, 1.3316521739130536, 1.6067391304347756, 0.7046521739130442, 1.1606521739130453, 0.418826086956527, 0.7162173913043417, 0.434521739130441, 0.8070869565217421, 1.2771304347826031, 1.4117826086956533, 0.4361739130434816, 0.6063478260869489, 0.6179130434782575, 0.3097826086956477, 0.43617391304347336, 0.6930869565217357, 0.7261304347826099, 1.8942173913043416, 1.5125652173913053, 0.8649130434782546, 0.9260434782608702, 0.060304347826093944, 0.9698260869565231, 87.83369565217373, 76.74017391304332, 77.29034782608679, 49.61147826086946, 35.933130434782534, 30.58008695652167, 14.922434782608661, 1.5423043478260818, 0.3651304347826145, 0.7195217391304366, 0.9020869565217398, 1.7760869565217325, 0.9690000000000041, 0.29326086956521474, 0.38743478260870173, 0.5319999999999926, 0.006608695652167669, 0.7335652173913074, 1.4712608695652118, 0.28334782608696324, 0.4997826086956539, 0.7054782608695576, 0.1503478260869589, 0.8905217391304368, 0.7079565217391225, 0.023130434782606103, 1.7347826086956446, 0.36678260869565504, 1.4720869565217418, 0.22469565217390985, 1.3679999999999979, 0.4510434782608685, 0.7715652173913059, 2.1635217391304287, 0.6559130434782533, 0.3940434782608694, 1.045000000000001, 0.713739130434785, 0.03800000000000674, 0.560086956521734, 0.5278695652173898, 0.8252608695652102, 0.889695652173915, 0.8310434782608698, 0.2560869565217407, 1.1300869565217389, 0.04626086956522046, 0.3221739130434834, 0.4089130434782645, 0.6253478260869579, 1.5348695652173923, 0.3337391304347864, 0.23626086956521292, 0.10078260869565463, 0.9648695652173849, 0.11565217391304702, 0.6930869565217357, 1.0226956521739083, 0.44773913043478464, 0.8682173913043495, 0.3064782608695583, 1.1441304347826096, 1.2655652173913052, 2.2948695652173816, 0.0941739130434787, 0.5699999999999993, 0.8607826086956546, 0.13630434782609094, 0.4634347826086904, 1.3423913043478213, 0.12721739130435006, 0.08343478260868904, 1.1160434782608626, 0.799652173913039, 1.6521739130434692, 0.6583913043478183, 0.8706956521739089, 0.6963913043478306, 0.04047826086957169, 0.6641739130434808, 0.5286956521739142, 1.6373043478260765, 1.049956521739131, 0.8269130434782561, 1.0425217391304307, 0.5113478260869514, 0.975608695652169, 1.328347826086956, 0.1776086956521705, 1.3679999999999979, 1.3506521739130348, 0.46426086956521206, 0.056999999999993604, 0.23378260869564793, 0.9367826086956461, 0.9706521739130392, 0.6493043478260857, 427.3025652173905, 415.9694782608688, 0.4287391304347758, 0.024782608695657647, 1.244913043478256, 0.32630434782608336, 0.3923913043478206, 1.6571304347825988, 0.21560869565217722, 0.03800000000000674, 0.6468260869565207, 0.29739130434782574, 0.6170869565217442, 0.7104347826086984, 0.14456521739131015, 0.10326086956521956, 0.7996521739130446, 0.3725652173913066, 0.09086956521738386, 0.30400000000000166, 0.4617826086956581, 0.2684782608695626, 0.36926086956521725, 0.28913043478260103, 0.8384782608695592, 1.5034782608695645, 0.6765652173913055, 1.4010434782608636, 2.0676956521739123, 1.6414347826086957, 0.6641739130434725, 0.8302173913043482, 0.1602608695652104, 1.6224347826086951, 0.857478260869568, 1.9404782608695568, 0.16686956521739735, 0.2197391304347855, 0.42708695652173523, 0.3130869565217343, 0.24286956521739708, 0.2759130434782629, 0.5534782608695609, 0.5832173913043429, 1.5423043478260818, 0.000826086956518895, 1.9008260869565203, 0.15778260869564548, 0.6170869565217442, 1.7628695652173834, 0.5105217391304381, 0.26682608695651383, 0.28169565217391446, 1.1053043478260784, 0.6245217391304335, 1.1193478260869574, 5.540565217391288, 1.323391304347829, 1.2325217391304453, 1.7876521739130355, 1.0524347826086957, 0.7401739130434806, 1.301086956521739, 0.5088695652173975, 2.4410869565217292, 0.18669565217391962, 0.6261739130434795, 0.9921304347826101, 0.28252173913042783, 0.3965217391304398, 0.34613043478261113, 0.951652173913044, 0.7451304347826103, 0.49730434782608346, 1.5836086956521669, 0.9136521739130455, 1.5571739130434878, 0.6080000000000115, 0.556782608695653, 0.5476956521739177, 1.2994347826086958, 0.31391304347826415, 1.0689565217391317, 0.3337391304347864, 0.4502173913043441, 0.33043478260869164, 1.0846521739130455, 2.722782608695644, 1.4274782608695646, 0.8318695652173833, 1.7769130434782594, 0.3899130434782556, 0.6674782608695619, 1.7182608695652117, 1.7546086956521643, 0.7120869565217335, 1.2647391304347837, 0.49482608695651853, 0.029739130434776523, 0.9053913043478263, 0.5196086956521706, 0.754217391304343, 0.8004782608695662, 0.6013913043478218, 1.6306956521739118, 0.4659130434782554, 1.4795217391304338, 0.4279130434782541, 0.24782608695652694, 0.29573913043478794, 0.6501304347826046, 0.9103478260869506, 1.9569999999999952, 0.3064782608695666, 0.5163043478260924, 1.1779999999999944, 2.4270434782608614, 0.06608695652174272, 0.1842173913043547, 0.43947826086955993, 0.00413043478260273, 0.8037826086956473, 1.4093043478260885, 1.1912173913043491, 0.8335217391304459, 0.6493043478260911, 0.36843478260869283, 1.2110434782608712, 0.6179130434782631, 0.6972173913043493, 0.9384347826086866, 0.6402173913043502, 2.2601739130434724, 0.014869565217386886, 0.9177826086956538, 0.5014347826086917, 0.2717826086956492, 0.6939130434782655, 0.809565217391307, 0.7401739130434806, 0.44608695652173863, 0.45765217391303614, 0.6980434782608711, 0.0123913043478302, 0.02891304347826313, 1.1779999999999944, 1.1945217391304384, 1.3779130434782523, 0.7566956521739134, 1.3291739130434779, 0.7120869565217335, 0.9822173913043422, 0.09995652173913298, 1.2597826086956538, 0.3791739130434715, 0.985521739130437, 1.1854347826086975, 0.4502173913043496, 0.7971739130434796, 0.5658695652173856, 0.34530434782608393, 0.8938260869565178, 0.3519130434782544, 0.183391304347822, 0.5609130434782558, 0.31226086956522087, 0.06278260869564788, 0.18091304347825432, 1.0780434782608614, 0.9508260869565224, 0.17513043478261106, 1.158173913043472, 1.7232173913043471, 1.0945652173913054, 1.1036521739130378, 0.8706956521739144, 0.6303043478260878, 0.8591304347826003, 0.35273913043478433, 0.29739130434782574, 0.36926086956522275, 2.4220869565217313, 0.21313043478260404, 1.9528695652173815, 0.18999999999999245, 1.2771304347826085, 1.9107391304347747, 0.29986956521739067, 0.08343478260870005, 0.7707391304347815, 0.20899999999999583, 0.86986956521739, 2.28908695652173, 0.9656956521739147, 0.0346956521739174, 0.6765652173912972, 0.08673913043478663, 0.4576521739130472, 0.2949130434782608, 1.857043478260862, 0.21313043478260404, 0.4460869565217441, 1.9173478260869505, 0.6592173913043509, 0.7897391304347738, 0.548521739130431, 1.6538260869565204, 0.03139130434782807, 0.45599999999999835, 0.5576086956521692, 0.5063913043478215, 0.3064782608695583, 1.0383913043478197, 1.0136086956521675, 0.434521739130441, 0.08095652173913236, 1.0086521739130458, 1.1722173913043457, 1.3440434782608701, 1.4423478260869598, 0.4543478260869578, 0.07434782608696193, 0.2544347826086974, 0.3362173913043514, 0.4345217391304301, 0.5840434782608729, 0.4601304347826011, 0.8855652173912985, 1.085478260869559, 0.5245652173913006, 0.6344347826086906, 0.08673913043478663, 0.421304347826092, 0.375043478260866, 0.8351739130434727, 1.223434782608696, 0.2172608695652205, 0.462608695652166, 0.8541739130434788, 0.985521739130437, 0.7145652173912985, 1.0119565217391324, 1.163956521739132, 0.5245652173913006, 5.254739130434771, 1.6455652173913013, 0.8037826086956528, 0.037173913043482346, 0.8814347826086875, 1.369652173913044, 1.015260869565219, 0.4551739130434795, 0.12556521739130677, 0.6079999999999951, 1.6918260869565218, 1.0334347826086896, 0.06691304347825612, 0.8963043478260826, 1.7950869565217384, 0.7831304347826116, 0.593130434782611, 0.25856521739130006, 2.466695652173906, 0.3287826086956455, 0.037173913043482346, 0.40643478260869403, 1.0912608695652186, 0.5088695652173975, 0.3535652173912977, 0.8186521739130451, 1.4795217391304338, 1.5051304347826078, 1.213521739130436, 0.42708695652173523, 0.5253913043478249, 0.47830434782608555, 1.8372173913043397, 1.4026956521739125, 0.22799999999999918, 0.532826086956517, 0.3403478260869624, 0.3990000000000048, 0.941739130434787, 0.42378260869565143, 0.6592173913043428, 0.04295652173912837, 1.4051739130434773, 0.36843478260869833, 0.945869565217387, 0.17595652173912996, 0.6947391304347789, 0.3494347826086949, 0.6360869565217311, 0.3948695652173965, 0.163565217391308, 0.5377826086956551, 1.6554782608695637, 0.7732173913043464, 0.8393043478260891, 1.0656521739130367, 0.5253913043478249, 0.30317391304347446, 1.2771304347826031, 1.0978695652173946, 0.451043478260863, 0.18256521739130863, 0.778173913043479, 2.909478260869558, 0.6873043478260813, 0.34282608695651906, 0.03304347826087686, 0.29326086956521474, 1.8867826086956523, 0.9549565217391252, 0.8401304347826107, 0.4824347826086993, 0.09086956521739488, 0.030565217391300917, 0.8079130434782638, 1.2597826086956538, 0.7186956521739122, 0.011565217391308552, 1.4555652173913034, 0.1371304347826153, 0.8739999999999956, 0.05699999999999911, 0.8302173913043399, 0.2759130434782629, 2.20647826086956, 0.7823043478260789, 0.35439130434782484, 0.9483478260869574, 0.6270000000000012, 0.38330434782609074, 0.8913478260869474, 0.5179565217391356, 0.8872173913043502, 0.38495652173913675, 1.4266521739130376, 0.2569130434782623, 0.945869565217387, 0.775695652173914, 1.8603478260869568, 1.4753913043478202, 0.21560869565217722, 0.598913043478257, 1.4299565217391295, 0.1916521739130495, 0.1437391304347885, 0.20404347826086594, 0.39899999999999924, 0.2982173913043501, 0.01734782608696283, 0.688956521739133, 0.4163478260869511, 0.8277391304347751, 1.0887826086956456, 3.9296956521739017, 0.30317391304347446, 0.9979130434782617, 0.42460869565217585, 0.3758695652173932, 0.5105217391304298, 0.37504347826087153, 1.213521739130436, 0.7220000000000015, 0.560913043478264, 0.19826086956521716, 0.0726956521739159, 0.08508695652173508, 0.26682608695651383, 1.4663043478260875, 0.24617391304348366, 0.8723478260869605, 0.4758260869565206, 0.1792608695652193, 0.42213043478261086, 0.5749565217391236, 1.2820869565217492, 1.0722608695652125, 0.9243913043478269, 0.05452173913042867, 0.30730434782608, 0.3651304347826145, 0.8376521739130458, 0.2643478260869599, 0.3345652173912998, 1.4349130434782622, 0.7583478260869595, 0.0726956521739104, 0.08591304347826499, 0.9962608695652156, 1.1259565217391252, 0.764130434782611, 0.41799999999999715, 1.4935652173912992, 0.560086956521734, 1.0582173913043418, 1.166434782608697, 5.151478260869548, 1.5431304347826034, 0.8450869565217378, 0.8227826086956561, 0.5509999999999959, 0.11895652173913085, 0.13052173913043666, 0.07599999999999697, 0.772391304347822, 0.7946956521739093, 1.0615217391304368, 0.7203478260869527, 1.0846521739130455, 0.49069565217390754, 0.25856521739130006, 1.7149565217391223, 0.8236086956521751, 0.9772608695652123, 0.3742173913043526, 1.0549130434782608, 0.981391304347826, 0.16273913043477536, 0.12556521739130677, 0.892999999999996, 0.010739130434789657, 0.7302608695652097, 0.43699999999999495, 1.579478260869564, 0.32795652173913215, 0.4609565217391255, 0.03634782608694969, 1.0070000000000108, 0.8525217391304354, 0.3717391304347877, 1.477043478260869, 1.3308260869565127, 1.1086086956521843, 0.5675217391304344, 0.9086956521739156, 0.3585217391304386, 1.3952608695652204, 0.4287391304347813, 0.2527826086956458, 1.6422608695652174, 0.08921739130434332, 0.03386956521739576, 2.157739130434777, 0.6947391304347845, 0.22882608695651807, 0.1371304347826043, 0.23295652173913456, 0.5493478260869527, 0.30565217391303945, 1.2201304347826039, 0.10491304347825735, 0.030565217391300917, 0.6146086956521682, 0.20486956521739308, 0.6575652173913159, 0.20900000000000682, 0.1734782608695705, 1.5943478260869566, 1.5183478260869512, 0.6187391304347792, 1.4720869565217418, 0.31391304347825316, 0.4873913043478182, 0.3676086956521712, 1.1441304347826042, 0.975608695652169, 1.0854782608695672, 0.2007391304347821, 0.38991304347826666, 0.7186956521739122, 1.2837391304347843, 1.231695652173915, 0.07600000000000248, 0.4303913043478191, 0.5873478260869595, 0.4981304347826078, 0.5840434782608729, 0.7509130434782536, 1.1763478260869566, 0.7129130434782635, 1.5282608695652167, 0.4733478260869612, 1.1077826086956544, 0.9243913043478187, 0.22634782608695864, 0.6765652173913055, 1.0838260869565157, 0.9384347826086977, 1.184608695652176, 0.5328260869565252, 1.2292173913043476, 0.18008695652173268, 1.3820434782608715, 0.12226086956521469, 0.2874782608695687, 1.9066086956521664, 0.8293913043478266, 0.12143478260869578, 0.5229130434782655, 0.4898695652173941, 1.4853043478260881, 0.05452173913043417, 0.9855217391304261, 0.6740869565217379, 0.11482608695651711, 0.3378695652173974, 0.4981304347826134, 0.4659130434782554, 0.4262608695652163, 0.19991304347825772, 0.2668260869565248, 0.6922608695652196, 0.4411304347826115, 0.5956086956521703, 0.9219130434782592, 1.5009999999999994, 1.4340869565217296, 0.6319565217391228, 0.28913043478260103, 1.2746521739130379, 1.9718695652173903, 1.0334347826086896, 1.8041739130434769, 0.5691739130434749, 0.41139130434782945, 0.8434347826086919, 1.7190869565217388, 0.945869565217387, 0.796347826086958, 0.16026086956522143, 0.009086956521732609, 0.7153913043478174, 0.8550000000000004, 0.3519130434782544, 0.5683478260869533, 0.2172608695652095, 0.22965217391304524, 0.012391304347821945, 0.339521739130438, 0.7533913043478269, 0.841782608695643, 0.024782608695652145, 0.7872608695652088, 0.9756086956521745, 0.5014347826086972, 0.9822173913043422, 0.20817391304347416, 0.7129130434782525, 0.11482608695652811, 0.7153913043478174, 0.19495652173913333, 0.7352173913043396, 0.4510434782608685, 0.2213913043478315, 0.2783913043478279, 0.06526086956521282, 1.2275652173913043, 0.1586086956521781, 1.381217391304347, 0.025608695652176543, 0.27095652173912754, 0.024782608695657647, 1.1119130434782627, 0.6104782608695599, 0.7765217391304357, 0.231304347826083, 0.868217391304344, 0.023130434782606103, 1.1788260869565215, 0.5055652173913027, 0.3560434782608709, 1.1036521739130378, 1.3357826086956535, 1.3556086956521733, 0.4898695652173831, 0.12556521739130677, 1.2614347826086973, 0.3246521739130483, 1.4539130434782601, 0.5336521739130387, 0.3882608695652096, 0.9293478260869485, 0.25030434782608085, 1.1135652173912978, 1.7380869565217394, 87.62799999999983, 82.64752173913027, 82.76069565217375, 77.1879130434781, 72.6973043478259, 70.68991304347807, 38.419652173912965, 0.023130434782606103, 1.0053478260869566, 0.6038695652173841, 2.0247391304347757, 2.1486521739130415, 0.6369130434782636, 0.5526521739130364, 0.7897391304347848, 0.37752173913043646, 0.8830869565217336, 2.9218695652173827, 0.5815652173913051, 0.7046521739130442, 0.0586521739130369, 2.1610434782608636, 0.11813043478260646, 0.26352173913043, 1.477043478260869, 1.257304347826097, 0.7063043478260874, 0.02643478260869819, 0.29243478260870137, 0.4997826086956484, 0.2734347826086925, 1.1837826086956542, 0.09830434782608419, 0.26269565217390833, 1.7042173913043464, 1.1333913043478365, 1.3035652173913037, 0.6509565217391317, 0.9128260869565157, 2.818608695652166, 0.19413043478260616, 1.2383043478260773, 0.32217391304347787, 0.5964347826086921, 0.1908260869565251, 0.3172173913043535, 0.05121739130435034, 1.1086086956521843, 0.44360869565217914, 0.11730434782608205, 0.4725217391304313, 1.1185217391304358, 1.2151739130434795, 1.6827391304347754, 0.45434782608695234, 0.954130434782609, 1.4778695652173905, 1.663739130434783, 0.7971739130434741, 1.1400000000000015, 0.8401304347826024, 0.09086956521738386, 1.4506086956521733, 1.7983913043478252, 0.2924347826086903, 0.5889999999999916, 1.325869565217391, 0.4857391304347859, 0.17017391304347568, 0.14043478260869915, 0.8863913043478174, 1.3250434782608695, 0.4452608695652197, 1.196173913043479, 0.3230000000000023, 0.29739130434783123, 0.6765652173912972, 0.9111739130434806, 0.2527826086956458, 0.30152173913043673, 0.6121304347826116, 1.543130434782609, 1.124304347826082, 1.0937391304347837, 0.24369565217391048, 1.1383478260869497, 0.6079999999999951, 0.9276956521739136, 0.5220869565217411, 0.08260869565218117, 0.375043478260866, 0.19908695652174155, 1.244086956521737, 1.0557391304347743, 3.9751304347825975, 0.5980869565217407, 0.13547826086955828, 1.5274347826086947, 0.4039565217391236, 0.34613043478261113, 0.7674347826086976, 0.9433913043478275, 0.27508695652173853, 0.7583478260869595, 1.0598695652173935, 0.43204347826087613, 1.6496956521739123, 0.5485217391304366, 1.4274782608695562, 1.803347826086955, 1.0780434782608697, 0.5840434782608729, 1.4142608695652183, 0.8153478260869585, 1.0061739130434781, 1.113565217391306, 0.19495652173913333, 0.7575217391304379, 0.8508695652173921, 0.652608695652175, 2.1503043478260766, 1.3316521739130371, 0.44360869565217914, 0.06278260869565888, 0.16686956521738633, 0.8748260869565143, 1.2696956521739082, 1.3721304347826089, 0.4783043478260801, 1.9379999999999997, 0.053695652173907024, 0.5072173913043404, 0.8326956521739077, 0.7839565217391415, 1.857043478260862, 0.04378260869565001, 0.7938695652173875, 1.661260869565218, 0.29243478260870137, 0.4609565217391255, 0.6988695652173955, 1.6282173913043467, 0.17100000000000007, 0.45186956521738736, 0.6600434782608726, 1.7686521739130432, 0.7219999999999961, 0.5543043478260881, 0.3477826086956489, 0.4535217391304279, 0.432869565217395, 0.16604347826086469, 0.7765217391304302, 0.36843478260869283, 0.9466956521739114, 0.48904347826087524, 0.6567391304347833, 1.3613913043478274, 0.6311304347826094, 1.2102173913043497, 0.7393478260869506, 0.9285217391304352, 0.2990434782608663, 0.09665217391304914, 0.9888260869565235, 1.4456521739130381, 0.5006086956521728, 1.3688260869565223, 0.24121739130434278, 0.4279130434782541, 1.117695652173917, 0.30565217391303945, 0.39073913043478553, 2.0767826086956447, 2.799608695652162, 0.9937826086956507, 0.21891304347826657, 0.2783913043478224, 0.34613043478261113, 0.7897391304347738, 1.391956521739131, 1.5687391304347855, 0.6079999999999951, 0.8434347826086919, 0.9913043478260886, 0.44856521739130906, 0.5939565217391326, 0.9764347826086879, 0.12639130434782017, 0.11152173913043054, 0.9888260869565154, 0.6963913043478306, 1.2292173913043394, 0.6129565217391332, 0.49317391304348346, 0.12556521739130677, 0.14291304347826408, 1.6075652173912947, 2.014826086956516, 0.5675217391304344, 1.3671739130434788, 1.5555217391304337, 0.4799565217391316, 1.2275652173912988, 1.2226086956521744, 0.9946086956521696, 2.242826086956512, 0.27095652173912754, 0.14043478260869915, 0.36430434782609006, 0.3742173913043526, 0.6154347826086982, 0.7707391304347869, 0.0123913043478302, 3.1862173913043375, 0.00991304347826526, 1.1449565217391287, 0.6113043478260899, 0.5286956521739087, 0.6195652173913092, 0.5072173913043404, 0.2288260869565236, 0.05121739130434483, 1.5431304347826034, 1.6282173913043467, 1.955347826086952, 0.465086956521731, 0.5807391304347834, 0.23460869565217787, 0.021478260869568312, 0.16934782608695403, 1.5538695652173904, 0.7294347826086964, 1.6876956521739135, 0.5551304347826097, 0.4758260869565151, 0.9747826086956528, 0.1776086956521705, 0.16026086956522143, 1.1697391304347862, 0.6013913043478275, 0.3610000000000035, 0.403130434782602, 0.08343478260868904, 0.11234782608695218, 0.05534782608695856, 0.3568695652173843, 0.47500000000000175, 0.9053913043478208, 0.36926086956521725, 0.6113043478260899, 0.06691304347825612, 0.3089565217391343, 0.9301739130434784, 1.2539999999999998, 0.22965217391304524, 1.70008695652173, 0.5006086956521673, 1.4307826086956512, 0.638565217391296, 0.5047391304347755, 0.4675652173913014, 0.6137826086956548, 0.8830869565217336, 1.2060869565217305, 0.29573913043477973, 0.6831739130434703, 0.6071739130434707, 1.287043478260871, 0.6806956521739055, 0.18173913043478424, 0.4146956521739188, 1.420043478260867, 0.8062608695652121, 0.0, 0.14786956521739397, 0.006608695652175923, 0.9756086956521745, 0.3015217391304312, 1.1804782608695648, 0.5047391304347755, 0.20569565217391197, 1.2581304347826106, 0.34034782608695135, 0.7649565217391326, 0.26930434782608426, 1.394434782608696, 0.6013913043478218, 1.4456521739130437, 0.2503043478260864, 1.1738695652173863, 1.2647391304347755, 0.2767391304347791, 1.320086956521734, 0.8459130434782622, 2.1296521739130356, 0.3932173913043505, 0.508043478260873, 0.8806086956521741, 1.3473478260869567, 0.3254782608695617, 0.02891304347826313, 1.4464782608695652, 0.26269565217390833, 0.5889999999999916, 1.4993478260869562, 0.5708260869565237, 0.8318695652173942, 1.028478260869557, 0.45599999999999835, 0.2990434782608663, 0.47417391304347456, 0.08921739130434332, 0.6261739130434795, 0.03139130434782807, 0.6757391304347784, 0.5741304347826048, 0.665826086956524, 1.0350869565217413, 0.8797826086956526, 0.11152173913043054, 0.451043478260863, 1.3357826086956535, 0.3981739130434804, 0.06773913043478051, 1.0656521739130367, 0.7864347826086981, 0.13878260869565587, 0.010739130434789657, 0.0941739130434787, 0.02560869565217104, 1.447304347826084, 1.0103043478260783, 1.8256521739130367, 0.07682608695652136, 0.017347826086951824, 0.3403478260869624, 0.5534782608695609, 1.2424347826086966, 89.401608695652, 87.01421739130417, 86.32030434782588, 84.18404347826068, 76.32795652173895, 73.60434782608678, 73.5523043478259, 3.1275652173912944, 2.176739130434775, 3.3753913043478163, 0.042956521739136624, 1.420869565217386, 1.2143478260869496, 0.8153478260869503, 1.2374782608695667, 0.18586956521738696, 1.0549130434782525, 1.3399130434782618, 1.0177391304347838, 0.8822608695652119, 0.359347826086952, 0.7467826086956482, 0.3717391304347877, 0.1652173913043403, 1.58195652173914, 0.5253913043478249, 1.2283913043478174, 0.7732173913043464, 0.2891304347826121, 0.9896521739130453, 0.3717391304347877, 0.6906086956521762, 1.6761304347826078, 0.6137826086956438, 0.9813913043478178, 1.5769999999999937, 1.5365217391304358, 0.4840869565217453, 0.9227391304347782, 1.211869565217393, 0.3552173913043492, 1.1697391304347862, 0.15778260869565647, 0.2172608695652205, 0.1420869565217342, 1.805826086956512, 1.2639130434782622, 1.113565217391306, 0.71621739130435, 1.2374782608695667, 0.6170869565217442, 0.7310869565217314, 0.3535652173913059, 0.7335652173912991, 1.5736956521739152, 0.7583478260869595, 2.667434782608688, 1.3845217391304254, 0.7038260869565226, 1.5530434782608686, 1.8446521739130428, 1.012782608695643, 1.1400000000000015, 1.0648260869565234, 0.04543478260870156, 0.8583043478260979, 0.16852173913044063, 0.4692173913043529, 0.19247826086956837, 0.10739130434782229, 0.28252173913042783, 0.462608695652166, 0.6575652173912994, 0.19247826086956837, 1.4010434782608694, 0.959913043478255, 0.8640869565217412, 1.0466521739130388, 0.723652173913042, 0.8062608695652121, 1.4993478260869562, 1.1920434782608678, 1.3382608695652103, 0.5923043478260811, 0.10491304347825735, 0.3312608695652105, 0.5030869565217322, 0.5435652173913067, 0.9590869565217333, 1.4696086956521714, 0.6228695652173929, 0.9252173913043431, 0.49482608695652397, 0.6963913043478306, 0.4634347826086904, 0.7467826086956482, 0.05617391304348021, 0.2577391304347784, 0.34447826086957056, 0.13547826086956927, 0.25526086956521626, 1.6083913043478273, 0.5906521739130377, 0.4692173913043529, 0.5386086956521685, 0.9120000000000021, 0.35521739130434377, 1.3613913043478274, 0.8186521739130451, 1.0623478260869583, 0.503913043478262, 0.012391304347821945, 0.844260869565219, 0.6749130434782621, 0.5898260869565244, 0.7451304347826103, 1.0400434782608712, 1.728173913043477, 0.08673913043477838, 0.8368260869565242, 2.3997826086956415, 1.6695217391304291, 0.6848260869565247, 0.8483913043478217, 0.4180000000000026, 1.0359130434782546, 1.4216956521739132, 0.5476956521739121, 1.5150434782608702, 3.103608695652167, 0.9929565217391264, 2.4741304347826008, 0.4981304347826078, 0.1866956521739086, 0.4336956521739084, 0.013217391304343592, 2.6806521739130345, 0.2891304347826121, 0.23213043478261292, 0.8773043478260794, 1.015260869565208, 0.11069565217391712, 1.3473478260869514, 1.5414782608695574, 1.1540434782608693, 0.6022173913043408, 3.595956521739118, 3.101130434782596, 0.16108695652174307, 0.9946086956521751, 1.6331739130434795, 0.5452173913043526, 0.07847826086955915, 0.19578260869565772, 0.17678260869565435, 0.3593478260869602, 0.004956521739129879, 0.4915217391304292, 1.8256521739130367, 0.8847391304347851, 0.7219999999999961, 2.664956521739123, 1.5546956521739064, 0.29573913043477973, 0.6096521739130466, 0.21478260869565557, 0.7897391304347738, 1.6017826086956457, 0.6212173913043497, 0.18586956521739523, 0.8368260869565132, 0.13795652173913422, 1.2977826086956525, 0.434521739130441, 0.4659130434782554, 0.4295652173913057, 0.24204347826087266, 0.06113043478261284, 1.4382173913043488, 0.4444347826086925, 0.3758695652173877, 0.24782608695652147, 0.20652173913043087, 2.0825652173912963, 0.13960869565216924, 2.1279999999999926, 0.11647826086956867, 1.4712608695652118, 0.5386086956521685, 0.626173913043474, 1.336608695652167, 0.6955652173913006, 0.580739130434778, 1.0251739130434787, 1.5877391304347723, 0.11482608695651711, 1.8314347826086856, 0.3923913043478316, 0.3370434782608648, 1.6389565217391224, 0.4584782608695688, 1.676956521739121, 0.21643478260870164, 0.4403043478260788, 0.8103913043478288, 1.627391304347825, 0.809565217391307, 0.6757391304347784, 0.37752173913043646, 1.175521739130435, 0.3163913043478181, 1.0813478260869562, 0.5476956521739121, 1.0929130434782648, 1.22178260869565, 1.8198695652173906, 0.8087391304347771, 2.410521739130428, 0.07434782608695643, 0.1784347826086894, 0.6195652173913092, 1.8049999999999928, 0.3923913043478316, 0.18504347826086257, 0.32217391304347787, 0.3064782608695583, 0.21230434782609064, 0.2131304347826123, 0.1784347826086949, 0.82608695652174, 1.280434782608695, 1.6893478260869457, 2.6922173913043372, 0.06608695652174272, 0.19743478260869274, 0.9351304347826028, 0.6121304347826033, 0.9896521739130371, 1.4547391304347734, 0.35026086956521935, 1.7058695652173843, 0.9012608695652126, 0.8161739130434802, 1.2300434782608636, 0.42543478260869744, 0.13795652173913422, 1.7042173913043384, 0.08591304347825399, 0.6195652173913037, 1.2515217391304265, 0.71621739130435, 0.6146086956521765, 0.8169999999999908, 0.9946086956521696, 0.49730434782608895, 1.0557391304347825, 1.4142608695652075, 0.24865217391304584, 2.789695652173903, 0.6666521739130374, 1.0953913043478296, 0.24865217391304034, 0.3213478260869535, 0.6319565217391228, 1.1507391304347774, 1.1870869565217326, 0.2329565217391263, 1.3085217391304285, 0.5733043478260886, 1.115217391304341, 0.08426086956521343, 1.5249565217391299, 1.1573478260869585, 1.7504782608695588, 0.07186956521739149, 0.3362173913043514, 1.4043478260869557, 0.809565217391296, 0.4840869565217453, 0.5278695652173844, 1.5530434782608686, 0.5121739130434814, 0.34034782608695135, 0.0, 0.29986956521738517, 0.05039130434782869, 1.1895652173912974, 0.16686956521738633, 0.11565217391304702, 0.518782608695649, 0.41799999999999715, 0.9062173913043396, 0.7740434782608653, 0.31969565217391843, 1.0722608695652125, 0.41717391304347273, 1.325043478260864, 1.213521739130436, 2.3246086956521714, 0.17347826086956503, 0.2858260869565172, 1.7157826086956522, 1.13339130434782, 1.3985652173912988, 1.0953913043478243, 0.9004347826086909, 0.20817391304347416, 0.6319565217391228, 0.2883043478260821, 0.45847826086956056, 0.9309999999999918, 0.6650000000000024, 0.7286086956521747, 0.6311304347826094, 0.9169565217391349, 1.0788695652173914, 1.131739130434785, 0.03965217391303903, 1.5513913043478254, 1.0937391304347837, 0.8401304347826024, 1.3960869565217393, 1.7950869565217384, 0.8178260869565207, 0.1503478260869589, 0.12060869565217139, 0.2676521739130437, 0.3064782608695583, 0.023956521739133253, 0.8219565217391317, 0.029739130434782025, 0.43534782608696, 0.47665217391304504, 0.3783478260869581, 1.207739130434793, 0.1520000000000022, 2.991260869565206, 0.4576521739130472, 3.0705652173912954, 0.03386956521739576, 0.945869565217387, 1.6323478260869577, 0.46013043478261206, 0.24865217391304034, 0.562565217391299, 1.4886086956521638, 1.7042173913043464, 1.337434782608697, 1.4101304347826018, 84.6739130434781, 71.56556521739115, 47.89734782608684, 31.907608695652094, 25.23530434782603, 18.378782608695612, 6.307999999999986, 0.2379130434782562, 0.874000000000001, 0.45765217391303614, 0.3130869565217343, 0.09913043478261409, 0.16026086956522143, 1.5348695652173843, 1.5993043478260809, 0.945869565217387, 0.23047826086955864, 0.46673913043478804, 0.05534782608695856, 0.6980434782608711, 1.2110434782608712, 0.8293913043478266, 0.2213913043478315, 0.3436521739130462, 0.23378260869565898, 0.7608260869565161, 0.7104347826086875, 0.18586956521738696, 1.5637826086956446, 0.5724782608695643, 0.11069565217390613, 0.33373913043477543, 1.1507391304347774, 1.2102173913043497, 0.028913043478254876, 0.5377826086956551, 0.014043478260873493, 1.3688260869565168, 1.7901304347826004, 0.23873913043477785, 0.2602173913043434, 0.3659565217391334, 0.7996521739130446, 0.3155652173912992, 0.6228695652173875, 0.050391304347823185, 0.9673478260869581, 0.32630434782608886, 0.27921739130434126, 1.1969999999999978, 0.12391304347826074, 0.3857826086956446, 1.3671739130434788, 0.9442173913043465, 0.46673913043478804, 0.24369565217391048, 1.339086956521732, 0.784782608695655, 0.5658695652173856, 0.8690434782608656, 0.2288260869565236, 2.3427826086956425, 0.03800000000000674, 1.6249130434782546, 1.065652173913045, 0.1288695652173906, 0.3494347826087005, 0.4155217391304377, 1.1284347826086956, 0.2924347826086903, 1.2539999999999913, 0.8351739130434808, 0.08591304347826499, 0.01652173913043843, 1.565434782608696, 0.6906086956521652, 1.2226086956521744, 0.8607826086956546, 0.6873043478260813, 0.9136521739130345, 1.2639130434782622, 1.5175217391304296, 0.955782608695644, 0.598913043478257, 1.0111304347826027, 0.05617391304348021, 0.9797391304347828, 0.8219565217391263, 0.12143478260870127, 1.1854347826086975, 0.686478260869568, 0.8550000000000004, 0.39486956521738825, 1.9074347826086964, 0.21065217391303911, 0.21891304347825832, 0.20734782608696076, 0.5832173913043429, 0.8607826086956546, 1.7033913043478248, 1.6017826086956457, 0.2544347826086891, 0.46508695652174203, 0.8178260869565264, 0.3420000000000057, 0.4816086956521694, 0.7525652173913052, 1.2482173913043426, 1.2308695652173827, 1.500999999999994, 0.562565217391299, 0.42708695652173523, 0.5096956521739163, 1.9611304347826088, 0.39982608695651817, 0.9590869565217416, 0.7426521739130455, 0.30978260869565594, 0.9186086956521698, 1.1300869565217389, 0.004956521739129879, 1.190391304347819, 0.28334782608696324, 0.49895652173912675, 0.0710434782608671, 1.3572608695652082, 1.1160434782608626, 0.11234782608696318, 0.1206086956521769, 0.4609565217391255, 0.6625217391304293, 0.7253043478260827, 0.031391304347819816, 0.840956521739124, 0.050391304347823185, 0.5716521739130399, 0.37669565217391204, 1.9652608695652172, 1.2531739130434696, 0.5377826086956469, 0.1743043478260839, 0.6319565217391339, 0.21891304347825832, 0.4089130434782563, 0.5460434782608661, 0.5576086956521774, 0.33208695652174314, 0.09086956521738386, 0.39899999999999924, 0.0850869565217461, 0.21643478260869062, 0.6724347826086973, 1.0516086956521742, 1.087956521739132, 0.229652173913037, 0.09500000000000584, 0.07186956521739149, 0.09665217391304363, 1.4126086956521748, 0.29986956521739067, 0.5510000000000015, 0.5220869565217355, 0.4485652173913035, 0.451043478260863, 0.042956521739136624, 0.5774347826086886, 0.26600000000000595, 1.144956521739134, 0.9400869565217409, 1.0664782608695667, 1.2060869565217385, 0.9409130434782625, 0.23047826086955864, 0.581565217391297, 2.7905217391304245, 0.12556521739130125, 0.5890000000000026, 1.4737391304347767, 0.2841739130434821, 0.5212608695652139, 0.015695652173919536, 2.1180869565217324, 1.0813478260869562, 1.0623478260869583, 0.15943478260870253, 0.2866521739130471, 1.2283913043478174, 0.4526956521739145, 0.7872608695652088, 0.5262173913043439, 0.3089565217391233, 0.9111739130434806, 3.016869565217383, 0.5551304347826015, 0.5419130434782523, 0.23626086956521292, 0.28252173913042783, 1.2011304347826033, 0.10491304347825735, 0.4452608695652197, 1.4043478260869557, 0.17513043478260557, 0.038826086956514634, 1.522478260869565, 0.5980869565217353, 0.7277826086956448, 0.8203043478260912, 0.897956521739126, 0.41965217391304044, 1.468782608695647, 0.9309999999999918, 1.1779999999999944, 0.784782608695655, 0.07765217391304027, 0.9161304347825994, 0.4510434782608685, 0.11895652173913634, 1.5571739130434878, 0.5964347826086975, 0.379173913043477, 0.6435217391304313, 0.13299999999999332, 0.9756086956521745, 0.9169565217391238, 0.8616086956521763, 0.25360869565217575, 1.755434782608694, 0.6303043478260878, 0.3923913043478206, 0.31804347826087515, 1.1738695652173863, 0.20404347826086594, 1.866130434782611, 1.1218260869565224, 0.8996086956521665, 0.056999999999993604, 0.8888695652173824, 0.8649130434782546, 1.4638260869565116, 0.5733043478260832, 0.6228695652173929, 0.775695652173914, 0.8103913043478288, 0.9326521739130379, 0.25526086956521077, 0.5947826086956515, 0.11069565217390613, 0.7368695652173857, 0.6641739130434725, 0.05039130434782869, 0.12473913043477962, 0.29078260869564704, 0.9111739130434806, 0.5964347826086975, 0.2841739130434711, 0.7723913043478274, 0.4683913043478313, 0.39982608695651817, 0.5815652173913051, 1.3407391304347835, 0.003304347826089337, 0.32630434782608336, 0.18008695652174095, 0.9979130434782617, 0.4964782608695701, 0.4361739130434816, 0.04543478260869331, 1.085478260869559, 0.7459565217391347, 1.8793478260869547, 0.12969565217391502, 0.5237391304347844, 0.28334782608695225, 0.6286521739130362, 0.25691304347825406, 0.35852173913042756, 0.37669565217390655, 4.263434782608686, 0.49482608695652397, 0.3601739130434846, 1.7917826086956545, 1.851260869565208, 0.8153478260869503, 0.13547826086955828, 0.6344347826086906, 1.090434782608697, 0.4287391304347813, 1.928913043478259, 0.7211739130434826, 0.2767391304347791, 0.8549999999999921, 0.9706521739130392, 0.9186086956521755, 0.8516956521739083, 0.5716521739130399, 0.9516521739130357, 0.30399999999999344, 0.71621739130435, 0.4444347826086925, 0.24782608695652147, 0.5733043478260832, 1.8289565217391206, 1.851260869565208, 0.20652173913043637, 0.20321739130434155, 0.6493043478260911, 0.3114347826086992, 0.359347826086952, 1.565434782608696, 1.7860000000000005, 0.9673478260869581, 0.014043478260862486, 0.10491304347826286, 0.7170434782608635, 0.5757826086956537, 0.07434782608695643, 0.5873478260869511, 1.028478260869557, 1.73891304347825, 0.5898260869565244, 1.263913043478254, 0.8112173913043421, 0.26930434782608426, 0.3147391304347776, 0.8343478260869482, 0.8938260869565178, 1.2581304347826106, 1.70504347826086, 0.5510000000000015, 2.0676956521739065, 0.8211304347826046, 0.5947826086956515, 0.43947826086955993, 0.9310000000000002, 0.17017391304347568, 0.4403043478260788, 1.0929130434782648, 0.02560869565217104, 0.5361304347826036, 0.4840869565217344, 1.7207391304347823, 0.2304782608695641, 1.4299565217391295, 0.4617826086956581, 1.234173913043472, 1.378739130434782, 0.9252173913043431, 0.4047826086956535, 1.5092608695652185, 0.9483478260869574, 1.572869565217391, 0.1520000000000022, 0.2536086956521702, 1.0549130434782608, 0.6947391304347845, 1.2052608695652116, 1.2787826086956435, 1.533217391304338, 0.4659130434782554, 0.4725217391304313, 0.24865217391304034, 0.39982608695652366, 1.7661739130434673, 1.5522173913043416, 1.082999999999994, 0.18008695652174095, 0.8310434782608643, 0.5270434782608654, 1.1705652173913053, 1.2986086956521714, 0.6724347826086918, 0.0941739130434842, 0.5303478260869493, 87.38595652173895, 81.0069130434781, 61.98213043478247, 49.903086956521626, 44.014739130434684, 19.946695652173872, 0.013217391304343592, 0.8946521739130477, 0.7063043478260874, 0.5766086956521698, 0.08426086956522169, 1.3886521739130362, 0.163565217391308, 0.7236521739130476, 0.1412608695652208, 0.22469565217390985, 0.3155652173913102, 0.44691304347826577, 0.8847391304347851, 0.8178260869565264, 0.8178260869565264, 0.6806956521739055, 0.19495652173913333, 0.10573913043477626, 0.4593043478260932, 0.5303478260869549, 1.4976956521739129, 1.8471304347826023, 0.43617391304347336, 0.35439130434781935, 0.8599565217391247, 0.2643478260869599, 0.26765217391304924, 0.8013043478260824, 0.048739130434785394, 0.7071304347826037, 1.2473913043478209, 0.6278260869565229, 0.7831304347826116, 1.0103043478260891, 2.7599565217391233, 1.3613913043478192, 0.337043478260873, 1.3630434782608625, 0.7781739130434707, 0.7566956521739134, 0.22056521739130436, 0.82608695652174, 1.531565217391306, 0.09169565217390827, 0.4047826086956535, 1.0582173913043418, 0.686478260869568, 0.8409565217391324, 0.9351304347826028, 1.0598695652173935, 1.1730434782608643, 0.1511739130434778, 2.0016086956521724, 0.19743478260869826, 1.7628695652173834, 0.3717391304347877, 1.291173913043471, 0.889695652173915, 0.029739130434782025, 1.1168695652173926, 0.4997826086956484, 1.9057826086956504, 0.44360869565217914, 0.10408695652173294, 1.2374782608695667, 1.0813478260869507, 0.4056086956521669, 0.2742608695652196, 0.4502173913043496, 1.2102173913043413, 0.183391304347822, 0.3552173913043492, 0.06278260869564788, 0.7071304347826037, 0.7153913043478174, 2.504695652173907, 2.1552608695652125, 0.5716521739130453, 0.9409130434782625, 0.3965217391304398, 0.43617391304347336, 0.43286956521738396, 0.3956956521739099, 1.570391304347826, 1.462173913043471, 1.1854347826086893, 0.5154782608695679, 0.15199999999999672, 1.3729565217391333, 0.42295652173913245, 0.7071304347826202, 0.29573913043477973, 1.6059130434782596, 0.9524782608695601, 0.28747826086956046, 0.8756521739130443, 0.4146956521739188, 1.3473478260869514, 2.097434782608686, 1.0524347826086957, 0.24121739130434278, 0.23543478260869952, 1.4192173913043427, 1.0491304347826091, 0.3048260869565206, 0.7864347826086981, 1.085478260869559, 0.7096086956521769, 0.7310869565217396, 1.4208695652173915, 1.6926521739130405, 4.862347826086944, 1.9479130434782514, 1.0012173913043483, 1.0086521739130458, 1.4976956521739073, 0.5600869565217423, 0.9863478260869587, 0.2800434782608629, 0.6046956521739141, 0.08673913043478663, 0.7740434782608653, 0.1652173913043403, 0.09582608695651924, 0.7459565217391347, 0.35273913043478433, 1.200304347826087, 0.6286521739130445, 1.073086956521737, 1.4307826086956512, 0.10243478260869242, 1.5480869565217332, 0.9177826086956482, 0.7286086956521665, 0.6501304347826101, 1.0507826086956527, 1.1656086956521752, 0.6220434782608685, 0.3676086956521712, 1.3556086956521733, 0.8293913043478183, 0.05782608695652901, 5.4075652173912925, 1.0995217391304297, 0.03304347826086586, 0.008260869565224718, 0.014869565217386886, 0.778173913043479, 0.04708695652173935, 0.7129130434782635, 1.2440869565217427, 0.33869565217390535, 1.501826086956521, 1.1631304347826101, 0.6220434782608685, 1.7603913043478183, 1.040869565217393, 1.068956521739126, 0.7327391304347857, 0.8013043478260824, 0.49152173913044017, 0.25856521739130006, 0.524565217391306, 0.5055652173913027, 0.43121739130434067, 1.4894347826086882, 3.2779130434782506, 1.314304347826088, 0.4535217391304279, 1.4035217391304342, 1.6736521739130374, 2.17426086956521, 0.36099999999999255, 0.13382608695651774, 1.7777391304347758, 0.23543478260869127, 0.1957826086956522, 0.22139130434782325, 1.2862173913043495, 1.2754782608695596, 0.30813043478261537, 0.05617391304347196, 0.4047826086956535, 0.020652173913041163, 1.3382608695652103, 0.988000000000002, 0.46673913043478804, 0.0123913043478302, 0.24204347826087266, 0.41882608695652157, 1.1829565217391242, 0.5807391304347834, 0.5584347826087073, 0.9194347826086943, 0.14291304347826408, 1.0061739130434781, 0.6980434782608655, 0.2940869565217364, 0.9656956521739147, 0.46178260869564713, 0.556782608695653, 0.22799999999999918, 0.5642173913043506, 0.8079130434782555, 0.44195652173913585, 0.4361739130434816, 0.06195652173913449, 1.1193478260869574, 3.2316521739130333, 0.48326086956522096, 0.9913043478260802, 1.0078260869565132, 0.04708695652173935, 0.3940434782608749, 0.36926086956522275, 0.42956521739130016, 0.8128695652173936, 0.5022608695652133, 1.1623043478260804, 0.5113478260869514, 0.4502173913043496, 0.5063913043478271, 0.20569565217390648, 0.3568695652173898, 0.6509565217391317, 0.9020869565217315, 0.9425652173913004, 0.8360000000000025, 0.27591304347825746, 0.3494347826087005, 0.814521739130426, 0.09995652173912747, 1.4844782608695666, 0.8492173913043434, 0.8698695652173956, 0.3882608695652206, 0.7624782608695567, 0.9037391304347747, 0.48821739130434255, 1.2011304347826033, 0.9706521739130392, 0.3700869565217361, 0.6476521739130396, 0.8847391304347851, 2.1866521739130347, 1.5736956521739098, 1.8818260869565142, 1.1176956521739114, 0.7963478260869524, 0.6914347826086896, 0.3585217391304386, 0.9632173913043388, 2.5517826086956408, 0.3064782608695583, 1.515869565217392, 0.8021304347826095, 0.09499999999999759, 0.8880434782608635, 0.015695652173919536, 2.2849565217391214, 1.2754782608695596, 0.5766086956521698, 0.6319565217391339, 0.3576956521739087, 0.4262608695652163, 1.1350434782608716, 1.0474782608695605, 1.7108260869565142, 1.146608695652169, 1.4208695652173915, 1.06317391304348, 0.8822608695652119, 0.22634782608695864, 1.811608695652166, 0.20982608695652571, 0.23873913043478884, 0.06360869565216677, 0.05617391304348021, 0.004956521739124376, 0.19826086956522265, 1.1433043478260825, 0.12969565217391502, 0.9053913043478263, 0.319695652173913, 0.5196086956521706, 0.7781739130434707, 1.1779999999999944, 1.244086956521737, 1.9454347826086864, 2.2709130434782536, 0.13052173913043666, 1.39278260869565, 0.03304347826086586, 0.34034782608695135, 1.378739130434782, 0.5650434782608639, 1.1548695652173828, 1.5117391304347754, 0.28665217391303605, 0.24452173913043762, 0.06195652173912624, 0.7558695652173836, 0.2783913043478224, 1.1077826086956544, 0.3882608695652096, 84.6020434782607, 73.35899999999982, 65.60947826086944, 54.57378260869553, 50.93982608695642, 48.51360869565207, 40.09330434782599, 1.9024782608695554, 2.322956521739123, 2.7599565217391233, 0.8533478260869516, 0.40726086956522395, 1.8388695652173832, 0.828565217391305, 1.824826086956515, 0.14456521739130188, 0.9243913043478269, 0.19991304347825772, 0.4336956521739084, 0.8764782608695604, 0.7153913043478174, 1.0367391304347846, 2.3262608695652096, 0.7426521739130455, 0.35026086956521935, 2.156086956521734, 0.6228695652173875, 0.9243913043478187, 2.1164347826086893, 2.3146956521739064, 0.9962608695652156, 1.8165652173913067, 0.43782608695652486, 2.1759130434782588, 0.47665217391303955, 0.5386086956521685, 1.395260869565215, 1.6199565217391303, 0.013217391304343592, 0.857478260869568, 0.7162173913043417, 2.612913043478254, 0.719521739130431, 2.0660434782608634, 1.2316956521739042, 0.5774347826086886, 0.34117391304348127, 3.148217391304336, 0.6534347826086884, 0.2279999999999937, 1.3820434782608602, 0.08839130434781892, 0.7310869565217314, 0.6311304347826094, 1.038391304347828, 0.006608695652167669, 1.1746956521739131, 0.6542608695652182, 1.0127826086956542, 0.21643478260869062, 0.7310869565217314, 0.09334782608695981, 0.7046521739130442, 0.9756086956521745, 0.05286956521738813, 0.03799999999999574, 1.3085217391304365, 1.00617391304347, 1.5993043478260864, 1.65134782608695, 0.24286956521739708, 1.3324782608695562, 1.0664782608695584, 0.4320434782608651, 1.0995217391304297, 0.2841739130434711, 0.5253913043478194, 0.013217391304343592, 0.3965217391304343, 0.36265217391303856, 1.9933478260869475, 1.3440434782608646, 0.008260869565213713, 2.0784347826086935, 0.5394347826086984, 0.897130434782607, 0.754217391304343, 0.16769565217391622, 1.2259130434782608, 0.4593043478260822, 0.6542608695652182, 0.14621739130434794, 0.6476521739130451, 0.17347826086956503, 0.6674782608695674, 0.7096086956521686, 0.1387826086956476, 0.7550434782608619, 1.503478260869556, 0.954130434782609, 58.022695652173795, 89.382939024389, 13.597365853658347, 0.15931707317072638, 0.955036585365839, 0.6251463414634034, 1.0364268292682794, 0.3861707317073153, 1.245097560975591, 0.36885365853658, 0.5203780487804781, 0.7238536585365735, 0.286597560975603, 0.04589024390243622, 0.14892682926828577, 1.1706341463414451, 0.19308536585365765, 1.3888292682926635, 1.108292682926813, 0.24070731707316972, 0.41301219512194615, 1.1446585365853479, 1.7923170731707054, 0.701341463414625, 0.6571829268292589, 1.1351341463414466, 0.03550000000000425, 0.4649634146341406, 1.671097560975584, 1.5516097560975415, 2.7767926829267937, 0.7775365853658408, 0.5463536585365782, 2.065060975609728, 0.4268658536585327, 0.3515365853658504, 0.2346463414634115, 2.0165731707316796, 1.254621951219495, 0.07532926829268223, 1.5888414634146102, 1.1888170731707142, 0.0969756097560913, 0.40348780487804486, 0.3801097560975571, 1.628670731707294, 0.20867073170731426, 0.45024390243902046, 1.0675975609755957, 1.2052682926829101, 1.9654878048780213, 0.7749390243902314, 1.2364390243902261, 0.8009146341463287, 0.2415731707317033, 1.6156829268292439, 1.552475609756075, 1.3689146341463216, 0.535097560975601, 1.4546341463414445, 0.5264390243902392, 0.6918170731707238, 0.5480853658536512, 0.8026463414634016, 0.19654878048780647, 1.252890243902422, 0.5887804878048685, 0.9758170731707174, 0.6147560975609656, 1.736902439024371, 0.4485121951219447, 0.34720731707316804, 2.1135487804877764, 0.6589146341463319, 0.9758170731707174, 0.014719512195120125, 1.4563658536585145, 0.4467804878048716, 1.2606829268292534, 1.3741097560975406, 0.0017317073170758398, 1.5871097560975373, 0.9965975609755957, 1.1896829268292506, 1.2702073170731516, 2.4841341463414293, 0.9143414634146217, 0.7948536585365733, 1.2078658536585194, 0.2277195121951168, 0.4208048780487744, 0.6589146341463319, 0.21906097560975488, 0.40695121951219365, 0.7818658536585261, 0.15239024390243455, 0.2026097560975589, 0.8035121951219382, 0.9281951219512053, 1.3083048780487625, 1.3342804878048597, 0.5489512195121847, 0.8355487804877936, 0.22165853658535856, 0.2277195121951168, 0.7091341463414533, 0.7939878048780369, 0.2874634146341453, 0.5974390243902361, 0.17576829268292235, 0.2277195121951168, 1.4875365853658307, 0.0303048780487825, 0.3220975609756044, 0.11256097560975656, 1.258085365853641, 0.5454878048780417, 0.4078170731707244, 0.19828048780487653, 0.7463658536585248, 0.08225609756097407, 1.0684634146341292, 0.9316585365853512, 0.15671951219511696, 0.05108536585366086, 0.6338048780487711, 0.869317073170719, 0.0649390243902445, 2.160304878048749, 0.8095731707316963, 1.804439024390219, 0.4112804878048674, 0.73770731707316, 2.6962682926828894, 0.16537804878049037, 0.48487804878048535, 0.7809999999999867, 0.22685365853658318, 0.43552439024389455, 0.7299146341463317, 0.9368536585365816, 0.535097560975604, 1.2173902439024264, 0.8719146341463285, 0.12987804878048612, 0.02943902439024025, 0.6918170731707238, 0.20087804878048018, 0.7056707317073074, 0.5324999999999945, 1.5065853658536361, 1.3204268292682761, 0.6970121951219398, 0.18009756097560473, 1.30397560975608, 0.24763414634146153, 0.3108414634146273, 1.2632804878048627, 1.1056951219512035, 0.670170731707306, 1.9386463414633848, 0.29958536585365025, 0.6260121951219428, 0.8623902439024272, 0.05801219512194691, 0.63726829268292, 0.20174390243901957, 0.33162195121950566, 0.00432926829268239, 0.3801097560975513, 0.2614878048780452, 0.5498170731707269, 0.8952926829268163, 0.4017560975609748, 0.22079268292682783, 0.6502560975609641, 1.7065975609755855, 1.4884024390243702, 0.21386585365853603, 0.0649390243902445, 0.34374390243901637, 0.7134634146341358, 0.6762317073170614, 0.5030609756097514, 0.30997560975609373, 1.1481219512194967, 0.3281585365853569, 0.040695121951223115, 0.9905365853658376, 1.2338414634146166, 0.04589024390243622, 2.4919268292682575, 0.7186585365853604, 2.1663658536585073, 0.7558902439024289, 0.8234268292682828, 1.8494634146341218, 0.6017682926829184, 0.14632926829268209, 0.8390121951219395, 0.25542682926828697, 0.6112926829268227, 0.5428902439024322, 1.6130853658536346, 1.0061219512194999, 0.45976829268291886, 0.0813902439024347, 0.7099999999999869, 1.2476951219512002, 1.0753902439024239, 0.5125853658536469, 1.9516341463414348, 1.2961829268292488, 1.1489878048780302, 1.1403292682926656, 1.6529146341463155, 0.4589024390243824, 0.7584878048780384, 1.2849268292682747, 0.6199512195121846, 1.1256097560975455, 1.6719634146341236, 0.273609756097553, 0.010390243902437736, 0.8121707317073057, 0.08918292682926877, 0.5844512195121861, 0.5324999999999945, 0.36885365853658, 1.0788536585365727, 1.6026951219511967, 1.2182560975609573, 1.2788658536585165, 0.06320731707317155, 0.34028048780487336, 0.8883658536585245, 2.3802317073170407, 0.13940243902438737, 0.3575975609756029, 1.0580731707316944, 0.06234146341463506, 0.9394512195121825, 0.28746341463414243, 0.1723048780487793, 0.07879268292682526, 0.6156219512195023, 0.5809878048780402, 0.22425609756097376, 1.7905853658536355, 1.1238780487804725, 0.04848780487804565, 0.5073902439024338, 0.9212682926829135, 0.25889024390243864, 0.10303658536585242, 0.4346585365853552, 1.4918658536585159, 1.5845121951219276, 0.38184146341462716, 1.4217317073170554, 0.48660975609754964, 1.3195609756097366, 0.4208048780487744, 1.3299512195121772, 0.069268292682924, 0.05974390243902563, 1.206999999999983, 1.5438170731707104, 0.2632195121951153, 1.8823658536585108, 0.6009024390243791, 0.8381463414634029, 0.4614999999999918, 0.5879146341463348, 1.0563414634146242, 0.1870243902438994, 0.06234146341463506, 0.3385487804877975, 0.0069268292682918235, 1.4961951219511984, 1.7793292682926583, 0.3922317073170678, 1.1853536585365654, 0.7004756097560971, 0.07013414634146048, 0.19828048780487653, 0.029439024390246017, 0.13680487804878083, 1.2381707317073047, 0.17836585365853755, 0.01731707317072956, 0.23118292682926556, 0.38097560975609646, 2.063329268292655, 0.3229634146341438, 1.84253658536583, 0.39396341463414075, 0.7004756097560971, 1.226914634146322, 0.29006097560975186, 1.7308414634146099, 0.21559756097560606, 0.6415975609756023, 0.040695121951223115, 1.6840853658536372, 0.6770975609755978, 0.8078414634146234, 0.35932926829267586, 0.7333780487804747, 95.40754878048648, 77.4722560975599, 76.00290243902332, 72.16976829268192, 68.37040243902344, 56.93420731707238, 51.96420731707244, 1.2433658536585237, 0.7887926829268179, 3.7915731707316556, 0.8320853658536447, 1.6719634146341236, 0.2277195121951168, 0.010390243902437736, 0.40954878048779736, 0.9853414634146187, 0.009524390243901257, 0.43119512195121507, 0.7723414634146248, 0.20434146341463477, 0.923865853658523, 1.868512195121927, 0.6164878048780387, 1.5897073170731495, 0.3255609756097532, 0.5134512195121863, 1.730841463414607, 0.44158536585365277, 0.9048170731707205, 1.325621951219495, 0.3532682926829205, 0.19914634146341012, 1.195743902439006, 1.2909878048780328, 0.7567560975609654, 0.487475609756089, 0.9862073170731551, 0.3220975609756044, 0.16884146341463338, 0.5922439024390144, 0.6996097560975492, 0.6312073170731617, 1.4676219512194917, 0.4684268292682865, 1.3611219512194934, 1.9464390243902188, 1.68581707317071, 1.1611097560975439, 0.9325243902438907, 0.2346463414634115, 0.08398780487804991, 0.5974390243902361, 0.9931341463414469, 1.5819146341463213, 0.2389756097560939, 0.7359756097560842, 1.5689268292682712, 0.12208536585365781, 0.6381341463414594, 0.1437317073170669, 1.2130609756097412, 0.2675487804878005, 0.4234024390243839, 1.7117926829268044, 0.28486585365853007, 0.7749390243902314, 0.24330487804878204, 0.4311951219512121, 0.3766463414634112, 0.6900853658536537, 0.3117073170731667, 0.10476829268292248, 0.92213414634145, 0.49526829268292305, 0.49180487804877143, 0.6667073170731601, 0.9948658536585229, 0.7273170731707223, 2.210524390243873, 0.28746341463414243, 0.5290365853658457, 0.46323170731706187, 0.34720731707316516, 0.5749268292682849, 0.13420731707317138, 1.369780487804861, 1.0762560975609603, 0.5645365853658413, 1.2589512195121775, 0.9870731707316917, 0.0718658536585392, 0.4969999999999903, 0.5091219512195068, 0.3835731707317001, 0.27447560975609236, 0.47015853658535944, 1.0078536585365727, 1.3896951219512, 0.6693048780487696, 0.684890243902429, 0.8199634146341399, 0.1116951219512172, 0.4268658536585327, 1.1914146341463294, 0.5402926829268229, 0.30651219512194783, 1.2641463414633962, 0.09610975609756059, 1.0251707317073024, 0.775804878048768, 0.7939878048780369, 0.7697439024390155, 0.7576219512195019, 0.5515487804877971, 0.5420243902438929, 0.562804878048777, 0.2649512195121911, 0.5273048780487728, 0.7887926829268179, 0.48574390243901894, 0.3004512195121954, 1.0996341463414483, 0.6796951219512103, 0.0761951219512187, 0.8381463414634029, 0.5437560975609659, 0.30910975609755725, 0.9784146341463269, 1.3922926829268096, 0.14806097560975504, 1.0364268292682766, 0.5480853658536512, 0.1610487804878022, 0.3333536585365786, 0.38790243902438254, 0.5567439024390131, 0.9290609756097418, 1.2762682926829099, 0.9117439024390123, 0.8935609756097432, 0.8260243902438893, 0.767146341463406, 0.41041463414633667, 2.1083536585365574, 2.96381707317069, 0.3186341463414585, 3.882487804877997, 0.36625609756097055, 0.0, 0.7169268292682817, 0.26668292682926403, 0.04069512195121735, 0.08918292682926877, 1.0355609756097401, 0.6580487804877926, 1.0173780487804713, 0.6563170731707224, 0.8113048780487693, 1.3117682926829084, 0.10649999999999832, 3.869499999999944, 0.05801219512194691, 0.3065121951219449, 0.8511341463414559, 0.2805365853658506, 0.63899999999999, 1.3178292682926664, 0.08745121951219294, 0.235512195121948, 1.8494634146341218, 0.9714878048780351, 1.3862317073170543, 1.4122073170731513, 0.3385487804878004, 1.19228048780486, 0.38790243902438537, 0.12554878048780085, 0.11602439024389959, 0.5177804878048686, 0.39482926829267717, 0.6493902439024306, 0.770609756097549, 0.13767073170731442, 0.36539024390243696, 0.2104024390243872, 0.21213414634146016, 0.2606219512195087, 0.27793902439023827, 0.09697560975609419, 1.1481219512194967, 0.0718658536585392, 0.3731829268292624, 0.2848658536585359, 1.088378048780474, 0.701341463414625, 0.5991707317073091, 1.5126463414633915, 0.6502560975609671, 1.853792682926813, 0.3073780487804843, 1.6840853658536372, 1.0130487804877888, 0.8701829268292556, 0.286597560975603, 0.6043658536585279, 1.00785365853657, 0.19048780487804823, 1.0017926829268147, 0.45717073170731226, 2.7577439024389854, 0.9108780487804844, 0.37751219512194767, 0.36192682926828523, 0.23118292682926556, 2.543878048780452, 1.7576829268292435, 1.3403414634146151, 0.7030731707316981, 0.09697560975609419, 0.5437560975609659, 0.54029268292682, 0.469292682926823, 0.8554634146341354, 0.12987804878048612, 0.8563292682926691, 0.5827195121951102, 1.2814634146341288, 1.5550731707316847, 0.09264634146341756, 0.4277317073170662, 1.1749634146341277, 1.2286463414633977, 0.8407439024390124, 0.25542682926828697, 0.7628170731707207, 0.6736341463414549, 0.21559756097560606, 0.0017317073170729559, 0.15065853658536446, 1.1680365853658357, 0.418207317073165, 0.29265853658536417, 0.1809634146341441, 0.27793902439023827, 1.462426829268273, 0.3394146341463368, 0.7074024390243804, 0.1272804878048767, 0.8874999999999881, 0.6424634146341359, 0.23118292682926556, 1.272804878048761, 0.6043658536585279, 0.3956951219512108, 0.18182926829268056, 1.8607195121950932, 0.04415853658536615, 0.2857317073170695, 1.2615487804877867, 0.4078170731707273, 0.6164878048780387, 0.4372560975609675, 0.7480975609756007, 1.4598292682926635, 0.27620731707316243, 1.0753902439024239, 0.6597804878048683, 0.6286097560975522, 0.7030731707316951, 0.47968292682926356, 1.1316707317073007, 1.330817073170711, 0.653719512195113, 0.115158536585366, 1.0052560975609635, 0.3117073170731667, 0.0640731707317109, 0.7532926829268194, 0.27447560975609814, 0.28140243902438705, 0.8615243902438908, 1.7369024390243653, 2.841731707317035, 0.0917804878048782, 0.2675487804878005, 0.48574390243901605, 1.7940487804877787, 1.729109756097537, 0.37145121951218946, 0.7706097560975548, 1.1689024390243723, 1.223451219512179, 0.7446341463414575, 0.003463414634143028, 1.2009390243902247, 0.8087073170731598, 0.854597560975596, 1.691012195121929, 1.4580975609755875, 2.033890243902409, 0.11775609756097542, 0.1610487804878022, 0.24070731707316684, 0.39049999999999485, 1.4927317073170525, 0.14979268292682513, 0.9281951219512081, 0.5723292682926754, 0.8104390243902329, 0.6303414634146252, 0.21386585365853025, 0.14113414634146323, 0.40695121951219365, 0.6727682926829155, 0.7506951219512071, 0.31257317073170027, 0.20087804878048018, 0.7714756097560855, 0.439853658536577, 0.4589024390243824, 0.0848536585365835, 1.3065731707316897, 0.04242682926828742, 0.19914634146341012, 1.0000609756097416, 1.1784268292682762, 0.7853292682926692, 1.2615487804877867, 0.5212439024390203, 0.4545731707317029, 0.987939024390231, 1.0606707317073008, 1.4684878048780252, 2.143853658536556, 1.1385975609755925, 2.5681219512194793, 1.174097560975594, 0.29612195121951007, 1.2191219512194937, 1.4104756097560782, 0.3645243902438976, 0.9238658536585288, 0.18875609756097528, 1.3896951219512, 0.2147317073170725, 0.5125853658536469, 0.2684146341463399, 0.3454756097560922, 0.15498780487804686, 0.1610487804878022, 0.3887682926829248, 1.633865853658513, 0.8355487804877936, 1.6425243902438775, 0.5619390243902319, 0.9004878048780409, 0.2277195121951168, 1.3489999999999827, 0.40348780487804486, 0.07879268292682526, 1.2935853658536394, 1.523036585365835, 1.0953048780487658, 0.18096341463414697, 0.6649756097560872, 0.12381707317073365, 0.6164878048780387, 1.6979390243902208, 0.9333902439024243, 0.22079268292682497, 0.45110975609755405, 0.4294634146341421, 0.9074146341463298, 0.5091219512195068, 1.378439024390223, 0.8952926829268163, 0.09004878048780236, 0.6130243902438957, 0.6745, 0.12295121951218853, 0.4935365853658472, 0.7740731707316979, 0.503926829268285, 0.6883536585365779, 1.5931707317072954, 0.9229999999999894, 1.1117560975609588, 0.574926829268282, 0.969756097560962, 0.2649512195121911, 1.0433536585365684, 0.286597560975603, 0.5705975609756111, 0.9870731707316944, 0.45630487804877873, 0.4303292682926815, 0.5688658536585295, 0.8199634146341341, 0.981012195121942, 0.8606585365853544, 0.11689024390243606, 0.4744878048780447, 1.1533170731707156, 0.9022195121951081, 0.531634146341458, 0.6234146341463334, 0.4589024390243881, 0.7221219512195034, 0.668439024390236, 0.018182926829268923, 0.4433170731707257, 0.2736097560975588, 0.8130365853658422, 1.1714999999999844, 0.5957073170731632, 0.6078292682926738, 0.013853658536580764, 0.7290487804877924, 0.9680243902438892, 0.3134390243902425, 1.4944634146341254, 0.6641097560975507, 0.14806097560975215, 2.465085365853627, 1.4892682926829066, 2.1862804878048463, 0.30131707317072604, 0.3835731707317001, 1.342073170731688, 0.3705853658536529, 0.16364634146341167, 0.1619146341463358, 0.8398780487804731, 1.0104512195121793, 0.6978780487804762, 0.7333780487804747, 0.9896707317073039, 1.4217317073170554, 0.7593536585365748, 0.19395121951219704, 1.3394756097560787, 2.1542439024389965, 0.42859756097560275, 0.3004512195121954, 0.0727317073170728, 1.0615365853658374, 0.25542682926828986, 1.0520121951219361, 0.9082804878048635, 0.10823170731707417, 1.7940487804877787, 0.6745, 0.9775487804877933, 0.32469512195121386, 1.497060975609732, 0.5541463414634094, 0.25109756097560454, 0.4779512195121878, 0.5974390243902361, 2.100560975609729, 0.7125975609756021, 0.9974634146341321, 0.82342682926828, 1.4511707317073015, 1.5403536585365647, 0.05801219512194691, 0.10996341463414713, 1.1671707317072992, 0.4822804878048759, 0.7654146341463302, 1.5767195121950994, 0.2104024390243872, 0.0069268292682918235, 0.34114634146340694, 0.10303658536585529, 0.37145121951218946, 0.2943902439024371, 0.19221951219511832, 2.3871585365853325, 0.09004878048780236, 0.16537804878049037, 0.5671341463414565, 0.16191463414634158, 0.0727317073170728, 1.2303780487804707, 0.010390243902437736, 0.8035121951219382, 0.8874999999999881, 0.6545853658536495, 1.0251707317073024, 0.5099878048780433, 0.25975609756097223, 0.759353658536572, 0.025109756097560745, 0.10563414634146184, 1.3212926829268097, 0.29092682926828833, 0.07099999999999408, 0.7429024390243789, 0.20174390243901957, 1.8797682926828985, 0.03982926829268376, 0.16537804878049037, 0.2459024390243915, 1.623475609756075, 0.04329268292682679, 1.1446585365853479, 0.46323170731706187, 0.7108658536585263, 0.5835853658536496, 0.8043780487804746, 0.5801219512195066, 1.2182560975609573, 0.7844634146341356, 0.40435365853657845, 2.6027560975609387, 0.3549999999999992, 0.44418292682926225, 1.1256097560975455, 0.07446341463414288, 0.14286585365853327, 0.20520731707316833, 0.44504878048779867, 0.28486585365853007, 0.2562926829268292, 1.1706341463414451, 0.9844756097560822, 0.14113414634146323, 0.8416097560975488, 0.7515609756097436, 0.4086829268292637, 1.1663048780487657, 0.9342560975609607, 1.510048780487782, 0.21646341463413968, 1.3732439024390042, 1.123012195121936, 1.7646097560975382, 0.34114634146340694, 0.7203902439024304, 0.6450609756097482, 0.9567682926829149, 1.0528780487804756, 0.7169268292682844, 0.8190975609756005, 1.1325365853658373, 0.4389878048780434, 1.5013902439024172, 1.7602804878048528, 0.6944146341463303, 0.21213414634146016, 1.0156463414634012, 0.6615121951219413, 0.3896341463414583, 0.6641097560975564, 0.3446097560975586, 0.12987804878048612, 0.4078170731707244, 0.10996341463414135, 1.0745243902438875, 0.40262195121950844, 1.272804878048764, 0.47015853658535944, 0.3013170731707289, 0.38097560975609074, 0.7203902439024304, 1.65810975609754, 0.35499999999999343, 2.6694268292682586, 0.7662804878048667, 1.0710609756097416, 0.12208536585365493, 0.11082926829268361, 1.071926829268278, 0.4026219512195055, 0.9749512195121838, 1.2139268292682777, 0.21559756097560606, 0.4658292682926742, 1.0572073170731549, 1.212195121951202, 1.2615487804877867, 1.1178170731707142, 0.35326829268292337, 1.3593902439024175, 0.8485365853658406, 0.8918292682926704, 93.79965853658405, 91.6887073170719, 84.19820731707198, 84.28479268292567, 77.40558536585259, 70.44152439024292, 61.12840243902354, 0.9030853658536504, 1.6771585365853425, 1.70053658536583, 0.2562926829268292, 1.4667560975609553, 0.3073780487804843, 0.17057317073170347, 0.9481097560975472, 1.259817073170714, 0.23291463414634142, 0.5411585365853535, 0.38703658536584895, 1.1654390243902264, 0.8182317073170611, 2.0356219512194818, 1.3637195121951027, 0.25282926829267466, 0.019048780487805398, 0.23118292682926556, 1.272804878048764, 0.24763414634146153, 0.9706219512194985, 0.6034999999999886, 0.6069634146341374, 0.905682926829254, 0.5792560975609672, 1.4373170731707121, 0.44158536585365277, 0.2891951219512125, 0.4078170731707244, 0.07446341463414288, 0.38790243902438254, 0.069268292682924, 0.329024390243902, 1.4771463414633987, 0.2658170731707247, 0.5757926829268213, 0.3740487804877988, 0.6970121951219427, 0.11342682926829016, 0.5991707317073091, 0.25282926829268043, 0.8554634146341324, 0.6641097560975507, 0.34720731707316804, 0.022512195121948426, 1.0355609756097401, 1.8650487804877784, 0.5948414634146238, 0.20347560975609252, 0.7489634146341343, 1.0251707317073024, 1.475414634146323, 0.5143170731707227, 0.5567439024390131, 0.3515365853658504, 1.2554878048780285, 1.9637560975609485, 0.63899999999999, 1.0953048780487629, 1.493597560975589, 0.5879146341463348, 0.2675487804878005, 0.6286097560975522, 0.8139024390243788, 0.38443902439023664, 0.5801219512195008, 0.9082804878048635, 1.5169756097560767, 0.9931341463414469, 1.1723658536585182, 1.1645731707316898, 1.8468658536585094, 0.20001219512194948, 0.6961463414634033, 1.5109146341463184, 0.05628048780487972, 0.35586585365853285, 0.03550000000000425, 0.5446219512195081, 1.2537560975609556, 0.03203658536584968, 0.19828048780487076, 1.95596341463412, 3.6313902439023895, 0.9671585365853498, 2.6538414634145964, 0.8009146341463287, 1.75854878048778, 1.6849512195121708, 0.1073658536585348, 0.8268902439024259, 0.9229999999999894, 0.23984146341462748, 1.1117560975609588, 0.13767073170731442, 0.23724390243902094, 0.42513414634145974, 0.8069756097560955, 0.6511219512195036, 0.7454999999999883, 0.27187804878048294, 1.126475609756082, 0.4259999999999933, 1.2953170731707124, 0.9853414634146187, 1.5827804878048548, 0.4614999999999918, 0.7351097560975506, 1.1082926829268187, 1.1351341463414495, 1.4892682926829066, 1.5178414634146131, 0.32469512195121386, 1.74382926829266, 0.45976829268291886, 2.1135487804877764, 0.6978780487804762, 1.0095853658536487, 1.2849268292682747, 1.6633048780487558, 0.5160487804877957, 1.4684878048780252, 1.5455487804877832, 1.8875609756097296, 0.47968292682926356, 0.5922439024390173, 1.7377682926829046, 0.4675609756097501, 1.1004999999999847, 0.3385487804878004, 1.259817073170714, 0.7247195121951129, 1.7897195121950962, 0.025975609756097223, 0.4710243902438931, 0.956768292682912, 0.25889024390243576, 0.250231707317071, 0.46063414634145244, 1.4667560975609553, 2.114414634146313, 0.8251585365853529, 1.8286829268292435, 0.9377195121951094, 0.6978780487804762, 0.6589146341463319, 0.5073902439024338, 0.484012195121946, 0.35067073170731106, 0.2562926829268292, 1.25029268292681, 0.16537804878048748, 0.316036585365852, 0.612158536585362, 1.053743902439009, 1.2251829268292491, 0.319499999999995, 0.5307682926829158, 0.3515365853658504, 0.22945121951218975, 2.542146341463379, 0.16364634146341167, 0.7333780487804776, 0.7316463414634047, 2.6676951219511857, 0.5827195121951161, 0.115158536585366, 1.8823658536585108, 0.002597560975609434, 0.7463658536585276, 1.5368902439024157, 2.431317073170699, 0.43119512195121507, 1.0017926829268147, 1.0286341463414483, 0.43206097560974577, 0.5030609756097485, 0.3047804878048691, 0.008658536585367664, 1.0909756097560834, 0.4563048780487729, 0.4078170731707244, 0.05714634146341332, 0.8874999999999881, 0.3350853658536545, 1.2113292682926682, 0.35932926829267586, 0.040695121951223115, 1.381036585365844, 0.2987195121951195, 0.16364634146341167, 0.36625609756097055, 1.071926829268278, 1.252890243902422, 0.15152439024390094, 1.361987804878027, 0.019048780487802515, 0.9576341463414485, 0.5342317073170646, 1.3550609756097352, 0.054548780487803886, 1.2624146341463234, 0.7706097560975548, 1.0840487804877916, 0.34028048780487336, 1.1273414634146184, 0.8190975609756005, 0.23551219512195085, 0.6078292682926738, 1.4018170731707107, 0.7489634146341343, 0.834682926829257, 0.7931219512195032, 1.5187073170731495, 0.9186707317073041, 0.4424512195121864, 1.4269268292682744, 0.2952560975609736, 0.38097560975609074, 1.6165487804877803, 1.329085365853638, 1.5022560975609567, 1.2658780487804722, 0.28746341463414243, 0.9957317073170564, 1.5923048780487588, 0.7861951219512084, 0.5203780487804781, 0.0770609756097552, 0.7792682926829166, 0.08918292682926877, 0.3861707317073153, 1.2052682926829101, 0.27793902439024115, 0.754158536585353, 1.6390609756097345, 0.7628170731707207, 0.5671341463414508, 0.08312195121951055, 0.44504878048779867, 0.418207317073165, 0.4866097560975554, 0.9082804878048635, 0.408682926829258, 0.991402439024377, 0.6554512195121831, 0.07186585365853344, 0.18269512195121415, 0.4744878048780447, 0.19308536585365765, 0.13853658536585378, 1.8165609756097327, 0.1272804878048767, 0.8753780487804744, 0.004329268292685274, 0.42773170731707205, 1.7498902439024238, 0.03636585365853496, 0.0017317073170758398, 0.47881707317072714, 0.020780487804878355, 1.8139634146341233, 0.47015853658535944, 0.2450365853658521, 0.19741463414634006, 1.243365853658518, 0.8459390243902313, 0.5541463414634094, 0.615621951219505, 1.2260487804877884, 1.090109756097544, 1.2312439024390074, 0.25889024390243576, 0.785329268292672, 1.4477073170731527, 0.09610975609756059, 1.2537560975609585, 0.4294634146341421, 0.5801219512195066, 0.5134512195121863, 0.8874999999999881, 1.168902439024375, 0.9273292682926717, 1.123012195121936, 0.7636829268292572, 0.9870731707316917, 1.9178658536585123, 0.7299146341463317, 0.6424634146341387, 1.806170731707289, 0.7446341463414575, 0.1723048780487793, 1.4693536585365647, 0.7195243902438911, 0.0727317073170728, 1.2719390243902247, 0.2987195121951195, 1.19228048780486, 0.28140243902438417, 0.7879268292682815, 1.2052682926829101, 0.23378048780487504, 0.2883292682926789, 2.4936585365853303, 0.35673170731706927, 2.82181707317069, 0.5636707317073106, 0.10130487804877945, 1.1238780487804725, 1.9386463414633877, 1.4269268292682715, 1.781926829268268, 0.7143292682926722, 0.4727560975609689, 0.5636707317073077, 0.049353658536585014, 0.8208292682926733, 0.39742682926828665, 0.5498170731707269, 0.2692804878048764, 0.2649512195121911, 1.336878048780469, 0.21906097560975488, 0.04156097560975671, 1.911804878048754, 1.174097560975594, 0.3385487804878004, 0.6736341463414549, 1.2918536585365692, 0.008658536585367664, 1.4840731707316848, 1.4546341463414416, 0.6000365853658456, 1.40441463414632, 0.27187804878048294, 0.3930975609756014, 1.4182682926829067, 0.6727682926829183, 0.525573170731697, 1.2147926829268172, 0.10909756097560777, 0.606097560975598, 1.3983536585365677, 0.6156219512195023, 0.4467804878048716, 0.6753658536585277, 0.4259999999999933, 0.9758170731707174, 1.4927317073170525, 1.0156463414634012, 0.7325121951219411, 0.5186463414634108, 0.3731829268292624, 1.3022439024390071, 0.7844634146341356, 0.6874878048780385, 0.6493902439024306, 0.7584878048780384, 0.5567439024390187, 0.4433170731707286, 0.19654878048780647, 0.4805487804878001, 1.384499999999981, 0.2891951219512125, 0.5463536585365752, 0.17403658536585226, 0.9126097560975458, 0.43206097560974577, 0.44764634146340815, 1.1238780487804725, 0.4208048780487744, 1.4096097560975418, 0.772341463414622, 0.7143292682926722, 0.6684390243902331, 1.309170731707299, 0.7714756097560884, 0.316036585365852, 1.1663048780487657, 1.221719512195103, 1.000926829268281, 1.0156463414634012, 0.38530487804877306, 0.8649878048780367, 0.735975609756087, 0.7056707317073074, 1.0675975609755957, 0.41214634146341256, 2.39754878048777, 0.2268536585365774, 0.2675487804878005, 1.0442195121951077, 0.9195365853658405, 0.5195121951219445, 0.030304878048779613, 0.7792682926829166, 1.7195853658536355, 1.5845121951219276, 0.43552439024389455, 1.40441463414632, 1.7247804878048545, 0.7844634146341356, 0.4052195121951178, 1.29098780487803, 0.9784146341463326, 0.9004878048780353, 1.6122195121951037, 3.069451219512152, 2.2633414634146045, 2.503182926829232, 1.7992439024389972, 0.3420121951219463, 0.7229878048780398, 0.4589024390243824, 0.01212195121951646, 1.4875365853658422, 2.488463414634112, 0.8130365853658422, 0.0727317073170728, 1.1714999999999844, 0.06580487804878098, 0.4346585365853552, 0.9862073170731551, 1.3576585365853473, 0.15671951219511981, 0.7420365853658483, 1.1749634146341277, 0.09004878048780814, 0.10390243902438889, 1.2736707317072975, 0.36625609756097055, 0.38443902439023947, 0.8017804878048651, 0.8476707317073071, 0.5835853658536496, 0.04848780487804565, 0.6606463414634077, 0.6918170731707238, 1.2918536585365692, 0.08658536585365934, 2.2139878048780193, 1.460695121951197, 0.24849999999999514, 0.029439024390246017, 1.162841463414617, 0.6632439024390171, 1.1004999999999847, 0.6112926829268227, 0.9463780487804772, 0.06753658536585105, 0.9463780487804714, 0.2874634146341453, 1.959426829268266, 0.45370731707316925, 0.37491463414633824, 0.30910975609755725, 1.6806219512194884, 0.1792317073170711, 0.653719512195113, 0.15152439024389808, 0.5783902439024308, 0.09437804878048187, 0.6424634146341359, 0.10043902439024009, 0.29439024390243135, 2.0442804878048526, 0.2736097560975588, 0.29265853658536417, 0.3740487804878017, 0.41647560975608916, 0.05801219512194691, 0.5757926829268213, 0.14026829268292673, 0.0303048780487825, 0.589646341463405, 1.3022439024390071, 1.7871219512194865, 0.19048780487804823, 0.0770609756097552, 0.65198780487804, 1.585378048780464, 0.235512195121948, 1.5360243902438822, 0.04589024390243622, 0.9134756097560852, 0.5939756097560873, 1.4122073170731513, 0.005195121951218868, 0.4242682926829175, 0.3671219512195042, 0.1723048780487793, 0.45976829268291886, 0.44504878048779584, 0.5186463414634052, 1.2624146341463176, 0.8043780487804746, 1.3316829268292474, 0.5013292682926755, 1.6044268292682695, 0.21906097560975488, 1.0355609756097401, 0.7965853658536464, 0.5654024390243807, 0.3073780487804814, 0.2883292682926789, 0.6822926829268195, 2.6339268292682574, 0.4589024390243824, 0.7610853658536478, 0.04242682926828742, 0.30824390243902366, 0.7160609756097509, 0.7662804878048667, 0.49440243902438086, 0.16797560975609982, 0.3757804878048718, 0.8338170731707206, 0.8926951219512068, 0.73770731707316, 0.9844756097560851, 0.34720731707316516, 1.2373048780487654, 0.24417073170731562, 1.8234878048780216, 0.5801219512195008, 0.5550121951219458, 0.7636829268292572, 0.7074024390243804, 0.4493780487804811, 0.562804878048777, 0.5117195121951162, 0.6104268292682863, 1.508317073170709, 1.5117804878048577, 0.38184146341463004, 0.2450365853658521, 0.2606219512195087, 0.6251463414634063, 0.6389999999999928, 0.8199634146341341, 0.5177804878048715, 1.1862195121951105, 2.1888780487804556, 0.17057317073170924, 0.5082560975609731, 0.9039512195121812, 0.04848780487805142, 0.2233902439024344, 0.41041463414633667, 0.051951219512194446, 0.3394146341463368, 0.2943902439024371, 0.6138902439024292, 1.3974878048780313, 0.2753414634146317, 0.24936585365853162, 0.41907317073169864, 0.08225609756097407, 1.8027073170731462, 0.2640853658536575, 0.22858536585365613, 0.3203658536585286, 2.7767926829267937, 0.9498414634146202, 0.38703658536584895, 0.14806097560975215, 0.8597926829268178, 0.4026219512195055, 0.7454999999999912, 0.8719146341463285, 0.22858536585365613, 0.029439024390246017, 0.8519999999999865, 0.018182926829266036, 0.44504878048779584, 0.22079268292682497, 0.3896341463414583, 1.013914634146328, 0.2675487804878005, 0.7403048780487694, 0.3498048780487746, 1.272804878048761, 0.15152439024389808, 0.05628048780487972, 1.3247560975609582, 0.21906097560975488, 0.942048780487792, 1.1810243902438857, 0.24330487804878204, 0.4840121951219402, 0.816499999999991, 0.020780487804878355, 1.493597560975589, 0.49267073170730785, 1.3429390243902244, 1.2762682926829099, 1.3836341463414445, 1.0632682926829133, 1.2987804878048583, 0.18009756097560473, 0.36625609756097055, 0.46669512195121643, 0.34634146341462585, 0.14286585365853618, 0.23291463414634142, 1.7169878048780234, 0.5654024390243807, 0.11602439024390535, 1.0468170731707171, 1.3152317073170572, 1.175829268292667, 0.8104390243902329, 0.35673170731706927, 0.5376951219512105, 1.187085365853641, 1.3966219512194917, 1.21825609756096, 0.2640853658536546, 1.367182926829246, 0.4727560975609689, 0.32123170731707085, 0.7480975609755977, 85.64071951219391, 55.95839024390165, 38.64304878048727, 34.99001219512146, 21.993548780487505, 2.3005731707316786, 1.9992560975609468, 1.3048414634146137, 0.9100121951219393, 1.336878048780469, 1.600963414634121, 0.4242682926829232, 0.9204024390243741, 0.38530487804877017, 1.3914268292682728, 1.504853658536563, 0.14719512195121567, 0.2736097560975588, 1.0442195121951077, 0.2987195121951166, 1.9715487804877796, 0.7091341463414533, 0.20780487804877779, 1.0191097560975442, 1.3663170731707124, 0.9013536585365717, 1.67282926829266, 0.620817073170724, 0.8139024390243759, 0.5524146341463364, 0.8026463414634045, 0.6918170731707238, 0.3229634146341438, 0.7991829268292615, 0.684890243902429, 0.2952560975609736, 0.5065243902438944, 0.04762195121951206, 1.1169512195121778, 0.2978536585365859, 0.23031707317072622, 0.3385487804878004, 1.623475609756075, 0.24763414634145578, 0.41907317073170147, 1.9412439024389943, 1.7732682926829118, 0.06667073170732034, 1.206999999999983, 0.1774999999999953, 1.393158536585349, 0.8719146341463342, 0.6424634146341387, 0.0761951219512187, 0.08571951219511997, 0.9645609756097403, 0.15671951219511696, 0.2026097560975589, 1.6321341463414427, 0.8303536585365718, 1.678024390243879, 0.4900731707316985, 0.22252439024389792, 0.12468292682926725, 0.004329268292685274, 0.5247073170731633, 1.0459512195121807, 0.8519999999999865, 0.7558902439024289, 0.005195121951218868, 0.5177804878048686, 0.37751219512194767, 0.10476829268292248, 0.22252439024389792, 1.4286585365853444, 0.1800975609756076, 0.13593902439024436, 1.1134878048780374, 0.24417073170731277, 0.5705975609756111, 0.3801097560975571, 1.157646341463398, 0.07619512195121583, 0.11862195121951478, 0.4259999999999933, 0.6199512195121846, 1.1524512195121792, 1.4875365853658307, 1.4632926829268063, 4.097219512195067, 1.027768292682912, 0.2839999999999936, 0.6138902439024292, 0.653719512195113, 1.3169634146341271, 2.5378170731706966, 0.8173658536585247, 0.3004512195121954, 0.9749512195121838, 0.8303536585365718, 1.6347317073170493, 0.7195243902438911, 1.4251951219512042, 1.809634146341438, 0.7186585365853604, 1.0329634146341364, 1.31696341463413, 1.944707317073143, 0.9463780487804714, 1.3896951219512, 0.8121707317073057, 0.3264268292682868, 1.3957560975609582, 1.1256097560975455, 0.3861707317073153, 0.6753658536585277, 0.2891951219512125, 1.6918780487804654, 1.0269024390243726, 0.722987804878037, 0.8944268292682827, 0.348939024390241, 1.0217073170731565, 1.1628414634146227, 1.1152195121951047, 0.4467804878048716, 1.926524390243874, 0.9359878048780336, 0.6441951219512118, 1.0173780487804713, 1.2719390243902247, 0.3039146341463384, 0.5255731707316997, 0.29698780487804655, 0.2640853658536575, 0.39742682926828665, 1.6823536585365613, 0.4459146341463352, 0.5212439024390174, 0.6398658536585294, 0.17836585365853755, 0.025975609756097223, 1.5195731707316862, 0.12381707317073365, 1.2771341463414552, 0.4563048780487729, 0.7325121951219411, 0.9039512195121812, 0.2632195121951153, 1.2303780487804707, 0.08745121951219294, 1.4191341463414404, 2.9283170731706947, 2.0711219512194834, 1.2459634146341274, 0.41993902439023795, 0.029439024390246017, 0.1662439024390211, 1.5334268292682725, 1.0658658536585197, 0.6000365853658456, 0.014719512195125895, 0.7151951219512116, 1.7213170731707057, 0.316036585365852, 0.25196341463414107, 1.9879999999999698, 0.41907317073169864, 0.41041463414633383, 0.20607317073170484, 1.6122195121950977, 1.1533170731707156, 0.5489512195121876, 0.7602195121951113, 0.8069756097560955, 1.1299390243902279, 1.1074268292682794, 1.1896829268292506, 0.40954878048779736, 1.56113414634144, 0.06667073170731458, 2.196670731707287, 0.4303292682926757, 0.4796829268292665, 1.5671951219511984, 1.6875487804877802, 0.632073170731701, 0.04762195121951206, 1.2476951219512031, 0.2770731707317018, 0.5091219512195039, 0.9801463414633997, 0.4208048780487744, 0.9576341463414485, 1.3031097560975407, 0.9212682926829135, 1.3464024390243734, 1.037292682926816, 1.0017926829268147, 1.3117682926829084, 1.56113414634144, 1.3083048780487625, 1.3680487804877852, 0.23724390243902094, 0.7948536585365762, 0.7229878048780398, 0.9117439024390123, 0.8831707317073055, 0.04242682926829319, 0.4961341463414567, 0.5428902439024322, 0.4398536585365798, 0.46323170731706476, 0.13160975609756195, 1.1827560975609615, 1.0667317073170561, 0.01731707317072956, 2.7880487804877676, 1.0580731707316944, 1.4070121951219297, 1.1394634146341347, 3.561256097560929, 2.5863048780487454, 2.7577439024389854, 1.0364268292682794, 1.0632682926829133, 0.49093902439023784, 0.6190853658536482, 0.38097560975609646, 0.9013536585365717, 0.4623658536585311, 0.9645609756097403, 1.1056951219512035, 0.14026829268292673, 1.5394878048780252, 0.4225365853658474, 0.29785365853658013, 1.1637073170731562, 0.759353658536572, 0.5567439024390131, 1.6910121951219261, 0.834682926829257, 0.40435365853657845, 0.7290487804877924, 0.38184146341462716, 1.6364634146341221, 0.7411707317073088, 0.7281829268292558, 2.012243902438997, 1.2632804878048571, 0.20001219512194948, 0.0874512195121987, 1.5498780487804658, 0.28140243902438705, 0.13853658536585378, 0.9481097560975472, 0.20867073170731137, 1.4477073170731527, 0.47189024390243534, 0.9775487804877933, 2.023499999999971, 0.11342682926829016, 0.24330487804878204, 0.3073780487804814, 0.45630487804877873, 1.0459512195121807, 1.1308048780487614, 1.0113170731707186, 0.9619634146341338, 0.6978780487804762, 0.8009146341463316, 0.6866219512195049, 0.9039512195121812, 0.43812195121950404, 0.35240243902438984, 1.628670731707294, 0.6329390243902346, 0.15585365853658334, 1.7905853658536355, 1.1567804878048644, 0.17143902439023995, 0.5134512195121863, 0.6545853658536495, 0.19741463414634006, 0.23984146341463325, 2.5559999999999627, 1.2650121951219329, 0.4078170731707244, 0.30824390243901784, 0.7177926829268211, 0.13853658536585378, 0.44418292682926225, 0.164512195121951, 0.5021951219512091, 0.7429024390243789, 1.9239268292682647, 0.11342682926829016, 1.7628780487804625, 0.07099999999999695, 1.4104756097560782, 0.5558780487804794, 0.3134390243902425, 0.2891951219512125, 1.2442317073170572, 0.4805487804877972, 0.05108536585366086, 0.7558902439024289, 0.15498780487804686, 0.41041463414633667, 1.0156463414634012, 0.006926829268294707, 0.6190853658536482, 0.16018292682926571, 0.303048780487799, 2.2849878048780163, 1.623475609756075, 0.10996341463414135, 0.15585365853658334, 0.5939756097560873, 0.35932926829267875, 2.8919512195121566, 0.22425609756097376, 0.1792317073170711, 0.3039146341463384, 0.2874634146341453, 1.0753902439024239, 0.4389878048780434, 1.1403292682926656, 0.5195121951219445, 0.10909756097560777, 0.9463780487804772, 0.13940243902438737, 0.07879268292682526, 1.254621951219495, 0.7576219512195019, 0.4303292682926815, 1.9784756097560685, 0.4770853658536542, 0.6398658536585294, 0.11775609756096966, 0.46929268292682585, 0.9957317073170593, 0.9801463414633997, 0.2632195121951153, 0.5099878048780433, 1.364585365853639, 0.2640853658536546, 0.7307804878048682, 1.0823170731707157, 1.336878048780469, 0.9489756097560808, 1.274536585365834, 0.6779634146341372, 0.28226829268292647, 1.078853658536567, 0.0, 0.653719512195113, 0.01731707317072956, 0.23637804878048446, 1.013914634146328, 0.8078414634146234, 0.6112926829268227, 0.8874999999999881, 0.3385487804878004, 0.6268780487804764, 0.9446463414634013, 1.5992317073170506, 0.3186341463414585, 0.5671341463414508, 0.14806097560975215, 0.5186463414634052, 0.5801219512195008, 1.1784268292682762, 0.471024390243896, 0.06407317073170514, 0.7957195121951127, 0.21646341463413968, 0.5948414634146238, 0.12814634146341317, 0.6147560975609656, 0.36798780487804644, 1.5152439024390008, 0.05108536585366086, 0.6632439024390171, 0.7896585365853543, 0.8926951219512068, 0.3991585365853625, 1.088378048780471, 1.0165121951219376, 1.182756097560956, 0.33681707317072457, 1.206999999999983, 0.7766707317073044, 0.5125853658536469, 0.7619512195121815, 1.85725609756095, 0.16710975609756043, 1.8399390243902205, 1.8832317073170473, 0.5186463414634052, 1.0494146341463266, 0.9610975609755944, 198.92728048780208, 136.51308536585177, 125.83624390243727, 117.97775609755934, 102.78548780487662, 95.84740243902306, 93.5970487804865, 2.458158536585335, 2.1334634146341154, 1.699670731707291, 3.5456707317072667, 3.6209999999999516, 3.394146341463366, 4.106743902438968, 3.26253658536581, 3.4495609756097063, 3.663426829268245, 3.751743902438972, 3.827939024390193, 5.567439024390168, 6.580487804877956, 5.4531463414633405, 4.985585365853591, 4.7769146341462765, 4.948353658536517, 5.560512195121875, 4.386414634146279, 5.201182926829198, 3.897207317073117, 6.684390243902345, 4.301560975609698, 5.408121951219438, 3.2348292682926365, 3.8210121951219014, 1.2433658536585237, 0.6632439024390171, 2.1213414634146046, 0.7524268292682916, 1.5845121951219276, 0.1662439024390211, 1.40441463414632, 0.9255975609755989, 0.5290365853658486, 0.18789024390243303, 1.0944390243902293, 0.18789024390243303, 0.8476707317073071, 1.1775609756097398, 1.877170731707289, 0.235512195121948, 0.38443902439023947, 1.9455731707316823, 2.149914634146314, 0.421670731707308, 1.2225853658536394, 0.5974390243902361, 1.5039878048780295, 0.418207317073165, 0.3151707317073126, 1.2243170731707127, 1.6555121951219247, 1.5230365853658292, 0.3930975609756014, 3.7075853658536055, 2.769865853658496, 4.287707317073109, 5.906853658536502, 5.783036585365774, 5.3379878048779785, 3.469475609756051, 4.384682926829206, 4.718902439024327, 2.839134146341426, 3.0365487804877658, 0.4337926829268216, 1.4485731707316862, 1.623475609756075, 4.653097560975543, 3.059060975609714, 1.1671707317073021, 0.9576341463414485, 1.159378048780468, 0.54029268292682, 0.18182926829268056, 1.1931463414633965, 0.6467926829268182, 1.4303902439024172, 0.5177804878048715, 0.051951219512194446, 0.19741463414633717, 0.48834146341462553, 0.11256097560975656, 0.164512195121951, 0.8874999999999881, 0.5229756097560875, 0.3047804878048691, 0.13680487804877794, 0.706536585365844, 1.7343048780487558, 0.03290243902439193, 0.28486585365853007, 0.5705975609755995, 0.5134512195121863, 1.0130487804877888, 1.3524634146341257, 0.45370731707316353, 0.3835731707317001, 0.21559756097560606, 0.9307926829268148, 0.18615853658536585, 1.1654390243902264, 0.790524390243888, 0.4831463414634066, 0.26148780487804807, 0.40348780487804486, 0.8918292682926704, 0.11602439024389959, 0.600902439024382, 0.0813902439024347, 0.9507073170731595, 1.1836219512194952, 0.36798780487804644, 0.37145121951218946, 1.633865853658513, 0.8286219512194988, 0.10823170731707417, 0.6987439024390127, 0.902219512195111, 1.2026707317073007, 1.0424878048780348, 0.8883658536585245, 0.27447560975609814, 0.23724390243902094, 0.9662926829268161, 0.24070731707316972, 0.31863414634146137, 2.1663658536585073, 0.1419999999999968, 0.1307439024390197, 0.5671341463414565, 0.6727682926829155, 1.2676097560975421, 1.1238780487804725, 0.09697560975609419, 0.3653902439024341, 1.1446585365853479, 0.4043536585365843, 1.342073170731688, 0.6554512195121859, 0.7740731707316949, 0.9351219512194971, 0.5324999999999945, 0.06667073170732034, 0.6320731707316952, 0.734243902439014, 0.5299024390243822, 0.9126097560975487, 0.8762439024390137, 0.27014634146341, 1.4589634146341242, 1.1334024390243767, 0.14892682926828862, 0.6164878048780387, 0.0, 1.9905975609755822, 1.039024390243889, 0.8831707317073055, 0.13940243902438737, 1.1481219512194967, 0.55328048780487, 2.259012195121922, 1.053743902439009, 0.9342560975609607, 2.7620731707316675, 1.3914268292682728, 0.2891951219512154, 1.3299512195121772, 0.9654268292682797, 0.14459756097560625, 0.9134756097560852, 0.7403048780487694, 0.591378048780478, 1.3706463414633945, 1.0727926829268144, 0.5576097560975553, 0.41387804878047973, 0.19914634146341012, 0.9533048780487661, 0.32123170731707085, 0.7957195121951127, 0.6944146341463303, 0.5281707317073063, 0.6693048780487696, 1.2996463414633947, 0.9022195121951081, 0.12121951219511845, 0.6649756097560872, 0.1116951219512172, 0.9307926829268148, 0.7870609756097451, 0.35586585365853285, 0.5567439024390187, 0.6424634146341387, 1.9879999999999698, 1.2788658536585165, 0.4363902439024311, 0.3255609756097532, 1.30397560975608, 0.25889024390243864, 1.5992317073170506, 2.571585365853625, 0.6684390243902331, 2.4295853658536255, 0.487475609756089, 0.25109756097560454, 1.6122195121950977, 0.6312073170731617, 0.5567439024390131, 0.6112926829268227, 0.03982926829268376, 0.04242682926828742, 0.4961341463414567, 0.0536829268292674, 0.6545853658536495, 0.16364634146341167, 2.9283170731706947, 0.03809756097561368, 0.7281829268292588, 0.7247195121951099, 1.0260365853658389, 0.5290365853658457, 1.7325731707316827, 1.2996463414633947, 1.1325365853658373, 1.3628536585365663, 0.5567439024390131, 1.3412073170731544, 0.1913536585365876, 1.1663048780487628, 0.2069390243902413, 0.36279268292682176, 0.5654024390243807, 0.4173414634146314, 0.7134634146341358, 0.27014634146341, 0.6216829268292604, 0.18442682926829, 0.6009024390243791, 0.33421951219512086, 1.5022560975609567, 0.24676829268292505, 2.0260975609755807, 0.33162195121950566, 0.816499999999991, 0.3792439024390178, 1.6182804878048562, 0.6294756097560887, 0.07879268292682526, 0.785329268292672, 0.7004756097560857, 0.2112682926829237, 1.570658536585344, 0.8398780487804731, 2.355987804878019, 0.3930975609756014, 0.32382926829268316, 0.25975609756097223, 0.09437804878048187, 1.0520121951219361, 0.55328048780487, 2.0053170731707053, 0.956768292682912, 0.684890243902429, 1.47541463414632, 0.6364024390243833, 0.3930975609756014, 0.7125975609755963, 1.471951219512174, 0.8061097560975504, 1.022573170731693, 0.5576097560975581, 1.1282073170731548, 0.3376829268292639, 0.2415731707317033, 0.5602073170731676, 0.7030731707316951, 0.6563170731707224, 0.6182195121951116, 0.11082926829268361, 0.2606219512195058, 0.9281951219512053, 0.4234024390243839, 0.0761951219512187, 0.32556097560974745, 0.04675609756097558, 1.332548780487787, 0.2675487804878005, 0.10390243902438889, 0.4554390243902393, 0.9498414634146202, 0.4718902439024324, 0.14026829268292673, 1.28925609756096, 1.10656097560974, 0.38184146341463004, 0.8277560975609624, 0.36625609756097055, 0.005195121951218868, 0.21646341463413968, 0.38097560975609074, 1.2866585365853507, 0.14373170731707266, 0.0995731707317065, 0.03463414634146489, 0.36279268292682754, 0.43206097560975154, 0.4805487804878001, 1.4693536585365647, 0.852865853658526, 1.921329268292661, 0.6935487804877968, 1.85725609756095, 0.3930975609756014, 0.6970121951219427, 0.5134512195121863, 1.5516097560975415, 1.3827682926829052, 0.6719024390243791, 1.2987804878048583, 1.1117560975609617, 0.0718658536585392, 0.8580609756097419, 0.9628292682926674, 0.10217073170731306, 1.4295243902438808, 0.09524390243902123, 1.2191219512194966, 0.34028048780487336, 0.43812195121950404, 1.7498902439024124, 1.552475609756075, 0.7281829268292588, 0.5463536585365752, 0.9186707317073041, 0.3143048780487761, 0.5359634146341347, 0.013853658536586532, 2.2339024390243583, 0.5783902439024308, 2.233036585365822, 1.5221707317072897, 2.5179024390243576, 0.23984146341463325, 0.5108536585365768, 0.1792317073170711, 0.17143902439024283, 0.439853658536577, 1.6321341463414427, 1.254621951219495, 0.8649878048780367, 1.3334146341463233, 1.2520243902438857, 0.6398658536585294, 0.6788292682926709, 0.7636829268292572, 0.40262195121950844, 0.2459024390243915, 0.13420731707317138, 0.7030731707316981, 0.9550365853658448, 1.284060975609738, 0.5731951219512119, 0.0995731707317065, 0.7160609756097452, 0.05368292682927029, 1.3351463414633962, 1.1619756097560832, 0.7870609756097451, 0.503926829268285, 0.7195243902438911, 0.9368536585365816, 3.7456829268292164, 0.6970121951219427, 1.4814756097560753, 0.4078170731707244, 0.21992682926829427, 0.7558902439024289, 0.9533048780487661, 0.21386585365853025, 1.3238902439024247, 0.05714634146341332, 0.5628048780487712, 0.38703658536584895, 1.8702439024389972, 0.5610731707317012, 1.916999999999973, 2.8659756097560565, 1.528231707317054, 1.0875121951219346, 1.1411951219512049, 0.8849024390243757, 0.01731707317072956, 0.46063414634145816, 0.8338170731707206, 0.39396341463414364, 1.5386219512194887, 0.7056707317073074, 0.0640731707317109, 0.3229634146341438, 1.0598048780487674, 0.25889024390243864, 1.128207317073152, 0.7593536585365748, 0.5506829268292606, 0.7558902439024289, 0.39656097560975023, 1.9750121951219255, 1.259817073170714, 0.4017560975609748, 1.652914634146321, 0.4831463414634095, 0.0718658536585392, 0.49873170731706606, 0.9654268292682767, 0.17230487804877354, 1.7351707317072924, 0.10043902439024009, 1.1117560975609588, 0.48920731707316195, 0.06060975609756211, 0.8156341463414516, 0.8615243902438908, 92.4939512195109, 83.51591463414519, 74.02356097560873, 71.98101219512095, 68.74271951219417, 61.0400853658528, 53.59201219512119, 1.128207317073152, 2.273731707317042, 2.1845487804877735, 1.194012195121933, 1.0017926829268147, 0.24070731707316684, 0.9697560975609593, 1.0182439024390106, 1.2754024390243703, 0.9801463414634026, 0.03550000000000425, 0.7125975609755963, 1.6832195121950977, 0.943780487804862, 1.019109756097547, 1.3160975609755907, 1.0805853658536428, 0.3411463414634098, 1.8122317073170473, 0.6364024390243833, 0.37491463414633824, 0.6216829268292604, 2.736097560975573, 1.5351585365853457, 1.3576585365853473, 0.9333902439024271, 0.253695121951214, 0.6892195121951143, 0.48574390243901894, 0.5073902439024338, 0.04329268292682679, 0.16710975609756043, 0.4078170731707244, 1.0814512195121821, 0.5524146341463364, 0.6502560975609641, 1.3377439024390054, 0.24676829268292505, 0.7022073170731615, 1.0823170731707157, 0.533365853658531, 0.3930975609756042, 0.35499999999999343, 1.47541463414632, 0.41993902439023795, 0.18182926829268056, 0.34374390243901637, 0.3705853658536558, 2.269402439024357, 1.0069878048780394, 0.48574390243901605, 0.6312073170731617, 0.5974390243902361, 0.07186585365853344, 0.40954878048779736, 0.8407439024390124, 0.2389756097560939, 0.19568292682926133, 1.1074268292682794, 0.18442682926829, 0.41560975609755557, 1.5117804878048577, 0.2640853658536575, 0.4623658536585311, 0.9117439024390123, 0.8476707317073071, 0.03723170731707432, 0.5359634146341404, 1.3914268292682728, 2.1620365853658248, 1.5316951219512025, 0.8926951219512068, 0.5125853658536469, 1.9178658536585063, 0.6580487804877926, 0.7437682926829181, 0.47362195121950246, 0.16710975609756043, 0.250231707317071, 0.21299999999999664, 0.13853658536585378, 0.30045121951218956, 0.4831463414634066, 0.19395121951219127, 0.30824390243901784, 0.28313414634146, 0.15065853658536446, 0.08225609756097407, 1.5654634146341224, 1.716121951219487, 0.34634146341462585, 0.28226829268292064, 0.41560975609755557, 1.1827560975609615, 0.3065121951219449, 1.605292682926806, 0.6476585365853577, 0.2952560975609707, 0.2839999999999965, 0.5099878048780374, 0.6796951219512103, 0.4528414634146299, 0.4995975609756026, 2.7109878048780094, 1.4944634146341254, 0.2415731707317033, 0.09784146341463643, 0.5593414634146282, 0.885768292682915, 1.4329878048780385, 0.938585365853643, 1.2684756097560816, 0.13334146341462916, 0.7048048780487681, 1.7810609756097313, 0.348939024390241, 0.8978902439024316, 0.4744878048780447, 0.8390121951219395, 0.0926463414634118, 1.766341463414611, 0.5463536585365782, 0.8554634146341324, 0.27793902439024115, 0.5324999999999945, 1.1368658536585254, 0.9905365853658376, 0.45370731707316925, 0.27014634146341, 0.969756097560962, 0.6874878048780385, 0.9455121951219378, 0.951573170731696, 0.754158536585353, 0.5749268292682849, 1.1212804878048717, 0.525573170731697, 0.5931097560975509, 0.5515487804877942, 0.45110975609755694, 0.2770731707317018, 0.6580487804877926, 2.207060975609725, 0.22252439024389792, 1.1992073170731519, 0.24763414634146153, 1.8979512195121733, 0.01731707317072956, 0.26235365853658166, 0.17490243902438873, 0.08918292682926877, 0.3134390243902425, 0.3065121951219449, 0.11342682926829592, 0.024243902439021386, 0.6364024390243805, 0.8667195121951096, 0.39656097560975306, 0.6589146341463319, 1.559402439024367, 0.43552439024389455, 1.0147804878048734, 0.956768292682912, 0.20953658536585074, 2.175024390243872, 0.2952560975609736, 0.6381341463414535, 0.15239024390244033, 1.2684756097560816, 0.4935365853658472, 1.439048780487785, 0.014719512195125895, 1.7455609756097328, 0.503926829268285, 0.7351097560975506, 1.600963414634121, 0.796585365853652, 2.063329268292655, 0.2277195121951168, 0.0536829268292674, 0.555012195121943, 0.49526829268292016, 1.5091829268292456, 0.8753780487804773, 0.46669512195121643, 1.9109390243902176, 0.4467804878048716, 0.3930975609756042, 0.6528536585365765, 0.2233902439024344, 0.7022073170731615, 0.6052317073170643, 1.0779878048780334, 0.10996341463414135, 0.17403658536585226, 1.0303658536585212, 0.25282926829268043, 1.5316951219511967, 0.9281951219512053, 1.7724024390243636, 0.8649878048780367, 1.6840853658536372, 0.7403048780487694, 0.3835731707317001, 0.5723292682926754, 1.6278048780487575, 0.14892682926828577, 0.0303048780487825, 0.5428902439024322, 0.23984146341462748, 1.3282195121951015, 0.1792317073170711, 0.32469512195121386, 0.4259999999999933, 1.2502926829268126, 0.319499999999995, 0.7550243902438925, 0.8667195121951096, 0.2545609756097534, 1.3567926829268109, 0.11689024390243895, 0.670170731707306, 0.9948658536585229, 0.04675609756097558, 0.7628170731707207, 0.16797560975609405, 0.1896219512195089, 1.5325609756097334, 0.421670731707308, 0.9143414634146217, 0.12554878048780374, 0.1896219512195089, 0.8883658536585245, 0.5186463414634052, 2.1386585365853343, 0.1792317073170711, 1.2658780487804722, 1.394890243902419, 0.014719512195120125, 1.3715121951219311, 1.030365853658527, 0.13853658536585378, 0.7247195121951129, 0.3220975609756044, 0.04415853658536615, 0.684890243902429, 1.1160853658536412, 0.9931341463414498, 0.11862195121951478, 0.13680487804878083, 0.7931219512195032, 1.0857804878048616, 0.25542682926828986, 0.8017804878048651, 0.8190975609756005, 0.9559024390243755, 1.5403536585365647, 0.2943902439024371, 0.5498170731707241, 0.8918292682926704, 1.8598536585365595, 1.2589512195121775, 0.07965853658536752, 1.9533658536585077, 0.04329268292682679, 0.5757926829268213, 1.0000609756097416, 1.5801829268292482, 1.9403780487804605, 0.4017560975609691, 1.0130487804877917, 0.8208292682926706, 0.8450731707316977, 0.08658536585365934, 1.0632682926829102, 1.2251829268292607, 0.9541707317073054, 0.7506951219512071, 0.05108536585366086, 0.2571585365853628, 0.8944268292682827, 0.6164878048780387, 1.1082926829268187, 0.009524390243907025, 1.2199878048780302, 0.5091219512195068, 1.8814999999999742, 1.0624024390243738, 0.5757926829268213, 0.38184146341462716, 0.40695121951218793, 0.8182317073170611, 0.40695121951218793, 0.6779634146341372, 0.5437560975609688, 0.12035365853657909, 0.18442682926829, 2.1646341463414345, 0.9325243902438877, 0.020780487804878355, 0.25282926829267466, 0.8182317073170611, 0.24070731707316684, 1.9481707317072887, 0.10303658536585529, 0.938585365853643, 0.7792682926829166, 1.3386097560975392, 1.504853658536566, 0.5705975609756111, 1.41740243902437, 0.5801219512195066, 0.32556097560974745, 1.7741341463414395, 0.9411829268292525, 1.2754024390243703, 1.628670731707294, 1.7429634146341235, 0.44504878048779584, 1.329085365853638, 1.1351341463414495, 0.5463536585365782, 0.5775243902438942, 0.1800975609756076, 0.25023170731706523, 0.7056707317073074, 0.3757804878048718, 0.5446219512195023, 0.08918292682926877, 0.14632926829268209, 0.23291463414633856, 0.14546341463414272, 1.3126341463414475, 0.9610975609755944, 1.0078536585365727, 0.39742682926828665, 0.7974512195121857, 1.1827560975609615, 2.0624634146341183, 0.7584878048780384, 0.464097560975607, 0.4234024390243839, 0.33421951219511514, 1.1948780487804693, 1.4503048780487622, 1.1784268292682762, 0.25282926829268043, 0.44764634146340815, 0.39049999999999485, 2.1040243902438722, 2.314426829268262, 1.2658780487804722, 0.38703658536584895, 1.3160975609755907, 0.6615121951219413, 0.11429268292682664, 0.01212195121951646, 1.4641585365853458, 1.272804878048764, 0.7887926829268179, 0.26321951219511813, 0.6970121951219427, 0.3645243902438947, 1.8728414634146067, 1.1394634146341291, 0.14113414634146323, 1.2468292682926667, 0.8476707317073071, 0.6441951219512118, 1.3230243902438854, 0.2112682926829237, 97.04228048780352, 87.08669512195002, 69.49687804877952, 57.77668292682846, 51.09921951219441, 34.31897560975561, 27.010304878048398, 0.3151707317073126, 1.829548780487777, 0.8121707317073057, 0.8061097560975475, 0.622548780487794, 0.6545853658536495, 0.9481097560975472, 0.951573170731696, 1.465890243902416, 0.9991951219512052, 0.41993902439023795, 0.07879268292682814, 0.7195243902438939, 0.05974390243902563, 0.9108780487804844, 0.14546341463414272, 0.7463658536585276, 0.04848780487805142, 0.37751219512194767, 1.1801585365853493, 0.8658536585365704, 0.36798780487804644, 0.7610853658536478, 0.6199512195121846, 1.157646341463398, 1.1385975609755925, 1.5663292682926615, 1.638195121951195, 0.2675487804878005, 1.6078902439024156, 0.0848536585365835, 0.009524390243901257, 1.5663292682926615, 0.39396341463414364, 1.0087195121951094, 0.3021829268292596, 0.439853658536577, 0.32382926829268316, 0.632073170731701, 0.923865853658523, 1.4251951219512042, 0.27187804878048294, 1.2667439024390115, 0.670170731707306, 0.06234146341463218, 0.7688780487804789, 0.7039390243902345, 1.0294999999999876, 1.570658536585344, 1.3853658536585147, 0.9342560975609607, 0.2753414634146317, 0.2346463414634086, 0.9048170731707176, 0.6909512195121873, 0.16364634146341167, 0.11082926829268361, 1.177560975609737, 0.2961219512195072, 0.2580243902438993, 0.620817073170724, 0.19828048780487653, 0.41647560975608916, 0.7983170731707221, 0.40608536585365435, 1.0182439024390106, 0.33421951219512086, 0.7316463414634047, 0.1541219512195104, 0.2112682926829237, 1.0182439024390106, 0.025975609756097223, 0.2147317073170696, 0.7913902439024274, 0.43206097560975154, 0.7714756097560884, 0.653719512195113, 1.077121951219497, 1.5931707317072927, 0.2112682926829237, 0.8052439024390139, 0.2632195121951153, 0.38530487804877306, 0.7004756097560857, 0.19308536585365765, 0.7766707317073044, 0.235512195121948, 0.6078292682926738, 0.40695121951219365, 1.2918536585365692, 0.9091463414634028, 1.1385975609755954, 0.2199268292682885, 0.7688780487804789, 0.5169146341463351, 0.12208536585365781, 1.5438170731707104, 0.9255975609755989, 0.15671951219511981, 0.25542682926828986, 1.088378048780471, 0.3922317073170678, 0.1116951219512172, 0.20607317073170195, 0.06753658536585393, 0.16797560975609405, 0.22425609756096798, 0.9273292682926717, 0.03550000000000425, 0.589646341463405, 0.44504878048779867, 1.1437926829268115, 0.759353658536572, 0.33941463414633977, 0.04848780487805142, 1.3922926829268096, 0.03463414634146489, 0.533365853658531, 0.0225121951219542, 0.5299024390243822, 0.14373170731707266, 0.4078170731707244, 0.12035365853657909, 1.174097560975594, 0.12035365853658486, 0.15671951219511981, 1.796646341463388, 0.4467804878048716, 1.1645731707316898, 3.0962926829267885, 1.47368292682925, 1.5680609756097348, 0.4493780487804811, 0.230317073170732, 1.5351585365853428, 0.43465853658536097, 1.8936219512194878, 0.9342560975609607, 0.8320853658536447, 0.7576219512195019, 0.4969999999999931, 0.8554634146341324, 0.8286219512194988, 0.5229756097560904, 1.6347317073170493, 2.0157073170731428, 0.6147560975609715, 0.4866097560975554, 1.3299512195121772, 1.7230487804877788, 0.09870731707317003, 1.4641585365853458, 0.569731707317066, 0.03982926829267799, 0.484012195121946, 0.3740487804877988, 0.08918292682926877, 0.8329512195121813, 0.02857317073170666, 1.6096219512194885, 0.4017560975609748, 0.115158536585366, 0.39396341463414364, 0.2381097560975574, 3.4720731707316603, 1.182756097560956, 0.6147560975609656, 0.8900975609755973, 0.39396341463414364, 0.6684390243902331, 1.148987804878033, 0.6234146341463334, 0.9229999999999836, 0.06147560975609571, 0.3307560975609721, 0.18269512195121415, 0.02337804878048779, 0.18442682926829, 0.439853658536577, 0.5766585365853578, 0.5134512195121863, 1.1074268292682794, 0.08225609756097407, 0.12468292682926725, 2.7525487804877664, 1.3100365853658325, 0.8563292682926691, 1.2121951219512075, 1.2355731707316895, 0.8035121951219382, 0.16710975609756043, 1.1403292682926656, 1.1204146341463237, 0.6303414634146252, 0.19828048780487653, 0.032902439024389045, 1.585378048780464, 0.6866219512194991, 0.1272804878048767, 0.8918292682926704, 0.48487804878048535, 1.4918658536585159, 0.09004878048780814, 1.0675975609755957, 1.2944512195121758, 0.6415975609756023, 1.663304878048759, 0.3376829268292639, 1.0580731707316944, 0.4589024390243881, 0.005195121951218868, 0.25975609756097223, 0.6034999999999886, 2.239097560975577, 2.1499146341463113, 0.07359756097560928, 0.7619512195121843, 0.48920731707316195, 0.7991829268292615, 0.6493902439024306, 1.349865853658522, 0.20174390243901957, 0.6381341463414594, 1.7169878048780263, 1.4511707317073015, 2.6763536585365504, 0.45110975609755694, 0.09004878048780814, 0.29352439024389776, 1.1723658536585209, 0.002597560975609434, 1.7403658536585112, 1.546414634146317, 0.4234024390243839, 1.3351463414633962, 0.7732073170731643, 0.16278048780487514, 0.6433292682926781, 0.08398780487804991, 0.23204878048780203, 0.6251463414634063, 0.8823048780487662, 0.8450731707316977, 0.9671585365853526, 0.6840243902438955, 0.4493780487804811, 0.5480853658536512, 1.4944634146341254, 0.4372560975609646, 1.8182926829268027, 1.7810609756097313, 0.16278048780487805, 0.36971951219511356, 0.18615853658536294, 1.00785365853657, 0.03290243902439193, 0.6407317073170686, 0.5870487804877984, 0.00606097560975823, 0.8606585365853514, 0.706536585365844, 1.256353658536568, 0.6736341463414549, 0.3757804878048776, 0.5524146341463364, 0.7749390243902343, 1.2424999999999844, 0.2640853658536546, 0.5454878048780417, 0.9654268292682767, 0.3887682926829248, 1.6555121951219247, 0.0069268292682918235, 0.266682926829267, 0.9991951219512052, 0.6822926829268195, 0.2104024390243872, 0.08918292682926877, 0.5065243902438944, 0.3394146341463368, 0.9377195121951094, 0.790524390243888, 0.6355365853658441, 0.6060975609756037, 0.3177682926829191, 0.7628170731707207, 0.6069634146341374, 0.5480853658536512, 0.6814268292682804, 0.04675609756097558, 0.9100121951219393, 0.0961097560975577, 1.6832195121951008, 0.43206097560975154, 1.455499999999978, 0.19828048780487653, 0.5099878048780433, 0.6866219512194991, 0.44504878048779584, 2.0295609756097264, 0.555012195121943, 1.1792926829268129, 0.7870609756097451, 1.2676097560975421, 0.5506829268292606, 0.9204024390243741, 1.8659146341463178, 0.5212439024390174, 0.11602439024389959, 1.603560975609736, 1.3515975609755893, 1.195743902439006, 0.18615853658536585, 0.32815853658536265, 0.25109756097560454, 0.20001219512194948, 1.325621951219492, 0.6831585365853562, 0.11602439024390535, 1.4823414634146117, 0.15671951219511981, 0.12208536585365493, 0.6840243902438896, 0.3610609756097517, 0.8797073170731569, 1.2710731707316882, 1.0364268292682766, 0.29958536585365597, 1.7784634146341218, 1.972414634146316, 0.02337804878048779, 0.6554512195121859, 0.348939024390241, 0.27101219512194935, 0.7221219512195006, 1.9369146341463148, 0.3411463414634098, 0.44764634146340526, 0.39136585365853416, 0.5143170731707256, 0.6415975609756023, 1.2321097560975438, 0.20347560975609538, 0.19221951219512118, 0.04069512195121735, 1.3031097560975524, 0.9671585365853498, 0.7255853658536465, 0.988804878048776, 0.8606585365853544, 2.0988292682926564, 1.656378048780464, 0.4346585365853552, 0.5480853658536512, 0.5273048780487728, 0.2415731707317033, 1.2225853658536394, 0.6164878048780416, 1.5360243902438793, 1.0485487804877902, 0.3446097560975586, 0.03982926829268376, 0.04415853658536615, 0.6485243902438913, 1.088378048780471, 0.2701463414634129, 0.8268902439024259, 0.22512195121950734, 1.462426829268273, 0.49440243902438086, 1.7126585365853437, 0.36625609756097055, 1.4451097560975377, 0.7939878048780425, 0.23984146341463325, 0.10217073170731306, 1.1030975609755942, 0.5679999999999901, 0.30218292682926545, 0.5931097560975509, 0.3065121951219449, 0.7558902439024289, 0.4744878048780447, 1.5308292682926632, 1.126475609756082, 0.5420243902438929, 1.058939024390228, 0.7662804878048667, 0.9351219512195001, 0.07706097560975807, 1.641658536585341, 0.32123170731707085, 0.6052317073170643, 1.762012195121929, 0.36625609756097055, 0.9922682926829134, 0.9134756097560852, 0.02857317073170666, 0.49526829268292016, 0.018182926829266036, 0.18269512195121704, 1.3827682926829052, 0.20607317073170484, 1.6953414634146085, 88.9803170731695, 79.7684999999989, 67.92795121951124, 67.66299999999906, 62.812487804877186, 53.13657317073097, 37.69234146341411, 3.001914634146301, 0.615621951219505, 3.7084512195121415, 0.5827195121951102, 0.6424634146341359, 0.9862073170731551, 0.6459268292682818, 0.35499999999999343, 0.5723292682926725, 0.9723536585365685, 1.5299634146341239, 1.1022317073170576, 0.13593902439024436, 0.16364634146341167, 0.19048780487804245, 0.670170731707309, 0.7645487804877966, 1.2381707317072992, 0.46063414634145244, 0.11429268292682664, 0.7550243902438925, 0.23204878048780203, 0.670170731707309, 0.2753414634146317, 2.175024390243872, 1.2684756097560816, 1.0346951219512037, 0.9342560975609607, 1.0121829268292524, 0.2069390243902442, 1.146390243902421, 0.8173658536585247, 1.022573170731693, 0.5151829268292621, 1.6520487804877817, 1.3100365853658325, 0.4121463414634068, 0.6571829268292589, 0.39482926829267717, 0.754158536585353, 2.1135487804877764, 0.7169268292682844, 2.357719512195092, 1.351597560975592, 1.3974878048780282, 0.854597560975599, 1.0095853658536487, 1.1004999999999847, 0.13940243902439314, 1.814829268292657, 0.3290243902438963, 1.0043902439024242, 0.29352439024389776, 0.7221219512195034, 0.3134390243902425, 0.36192682926828523, 0.13680487804878083, 0.6840243902438896, 0.7714756097560884, 0.956768292682912, 0.04156097560975671, 0.4493780487804811, 0.2632195121951153, 0.23378048780487504, 0.5376951219512105, 0.5809878048780402, 0.2649512195121911, 1.5619999999999765, 0.6346707317073105, 2.4624878048780174, 0.4961341463414567, 0.15671951219511981, 0.4900731707316985, 1.3386097560975392, 0.11775609756096966, 0.5584756097560917, 0.5619390243902377, 1.0329634146341364, 0.7004756097560971, 0.23291463414633856, 1.0528780487804756, 0.7446341463414518, 0.1870243902438994, 0.7125975609756021, 0.7099999999999869, 0.0034634146341487957, 0.3376829268292639, 1.1567804878048644, 1.7957804878048544, 0.5628048780487712, 1.2970487804877853, 0.6242804878048699, 0.4363902439024339, 0.7195243902438911, 1.694475609756072, 0.885768292682915, 0.6693048780487754, 0.41647560975608916, 0.7099999999999899, 0.3454756097560922, 1.6070243902438792, 2.5776463414633803, 1.77153658536583, 0.007792682926828302, 4.059121951219455, 0.11862195121950903, 0.49873170731706606, 2.2468902439024085, 0.303048780487799, 0.6883536585365749, 0.13853658536585378, 0.5273048780487728, 1.0961707317073024, 0.5671341463414565, 0.18269512195121704, 0.03376829268292553, 1.0312317073170578, 0.051951219512194446, 0.535097560975604, 0.885768292682915, 0.37145121951218946, 0.5576097560975581, 0.8182317073170611, 1.274536585365834, 0.3307560975609721, 0.4078170731707273, 0.4138780487804826, 0.08312195121951055, 0.02684146341463082, 0.6398658536585264, 1.6849512195121765, 0.2069390243902413, 0.5870487804877955, 0.6753658536585277, 0.9247317073170594, 0.6675731707316966, 1.4234634146341285, 1.195743902439006, 1.0269024390243784, 0.7922560975609638, 0.025109756097560745, 1.7784634146341218, 0.25282926829268043, 0.021646341463414834, 0.1896219512195089, 0.5212439024390174, 0.3203658536585343, 1.8122317073170473, 0.902219512195111, 1.8217560975609515, 1.6970731707316844, 1.6355975609755913, 0.32382926829268316, 0.27620731707316243, 0.21646341463413968, 0.7593536585365748, 1.380170731707296, 1.2373048780487654, 0.7792682926829166, 0.9411829268292554, 0.2147317073170696, 0.5221097560975538, 2.1871463414633827, 0.6675731707316995, 1.123012195121933, 0.04589024390243622, 0.37491463414633824, 0.061475609756101474, 0.5974390243902361, 0.3220975609756044, 1.1888170731707142, 0.5082560975609731, 1.7594146341463137, 0.2788048780487776, 1.307439024390226, 1.2658780487804722, 0.16364634146341167, 1.6191463414633926, 0.2891951219512125, 0.6866219512194991, 0.15325609756097391, 0.6814268292682831, 1.5983658536585112, 0.12208536585365493, 1.3896951219512, 1.1221463414633994, 0.05368292682927029, 0.6052317073170643, 0.24417073170731562, 1.4416463414633944, 0.5065243902438944, 0.8182317073170611, 0.1463292682926763, 0.32556097560974745, 1.4529024390243688, 1.6511829268292453, 0.6095609756097469, 1.3706463414634005, 0.7472317073170612, 0.3679878048780435, 0.6407317073170686, 0.09870731707317003, 1.0078536585365727, 0.10390243902438889, 1.9516341463414377, 0.7801341463414532, 0.6268780487804793, 0.9437804878048648, 0.21992682926829427, 0.6078292682926738, 0.6346707317073047, 0.8632560975609637, 0.5342317073170704, 0.43465853658536097, 1.361987804878027, 0.5489512195121847, 0.3203658536585286, 0.7714756097560884, 0.2389756097560939, 1.6693658536585227, 1.575853658536563, 0.43812195121950975, 1.853792682926813, 1.5386219512194914, 0.606097560975598, 0.07879268292682814, 0.7403048780487694, 0.273609756097553, 1.1645731707316926, 0.6796951219512103, 0.4026219512195055, 0.19914634146341012, 0.5576097560975581, 0.5541463414634094, 0.6745, 0.8519999999999865, 0.5299024390243822, 1.5550731707316903, 0.3272926829268262, 2.0113780487804607, 0.7524268292682916, 1.0805853658536428, 1.1697682926829087, 0.35932926829267875, 0.7801341463414503, 1.548146341463393, 1.384499999999981, 0.2796707317073112, 0.47621951219511766, 0.23118292682926556, 0.9117439024390123, 0.115158536585366, 2.165499999999971, 1.3628536585365663, 1.0269024390243784, 0.2459024390243915, 0.4277317073170662, 1.2243170731707127, 0.29958536585365597, 0.9255975609755989, 1.3507317073170555, 2.1897439024389924, 0.6000365853658456, 0.9862073170731551, 0.43465853658536097, 0.33421951219512086, 0.9723536585365685, 0.46063414634145244, 1.692743902438999, 0.032902439024389045, 1.705731707317049, 0.0883170731707323, 0.7809999999999867, 0.12987804878048612, 0.9204024390243741, 0.3827073170731608, 0.1619146341463358, 1.0381585365853496, 1.1896829268292506, 0.612158536585362, 1.0979024390243752, 2.1819512195121638, 0.7048048780487709, 0.7290487804877924, 1.071926829268278, 0.40002439024389613, 0.3922317073170678, 0.36885365853658, 0.17230487804877354, 0.3861707317073153, 1.6278048780487575, 0.43552439024389455, 1.2442317073170546, 0.3039146341463384, 1.7360365853658317, 0.013853658536586532, 0.3229634146341438, 0.8416097560975488, 1.387963414634127, 0.13334146341463202, 0.33681707317072457, 1.0338292682926702, 1.356792682926808, 0.07706097560975807, 0.5454878048780417, 1.7048658536585126, 1.4580975609755875, 2.070256097560947, 2.896280487804839, 1.1212804878048601, 1.906609756097535, 0.37751219512194767, 0.41041463414633383, 0.16537804878049037, 1.3576585365853473, 0.350670731707314, 0.15931707317072638, 1.3723780487804704, 1.427792682926808, 1.666768292682902, 1.699670731707291, 0.37751219512194767, 0.6770975609756008, 0.24070731707316684, 1.5204390243902226, 0.6138902439024292, 0.37837804878048126, 0.7299146341463317, 0.35586585365853285, 0.8390121951219395, 0.7524268292682916, 0.37231707317072876, 0.09784146341463067, 1.3957560975609582, 0.7004756097560971, 0.45803658536584296, 0.2415731707317033, 0.6693048780487696, 0.7074024390243775, 0.17317073170731292, 0.7913902439024274, 0.3757804878048776, 1.3464024390243734, 0.4234024390243839, 2.4408414634146, 0.6944146341463303, 0.7732073170731643, 0.3835731707317001, 0.4467804878048716, 0.115158536585366, 0.8225609756097493, 1.00439024390243, 0.04069512195121735, 1.055475609756085, 0.8078414634146234, 0.32729268292682334, 0.273609756097553, 1.134268292682916, 0.6138902439024292, 0.45717073170731226, 0.6571829268292589, 1.4580975609755875, 0.5212439024390174, 0.9472439024390107, 0.18529268292682646, 0.2952560975609736, 1.0927073170731534, 1.126475609756082, 1.3888292682926635, 2.183682926829237, 0.4779512195121878, 2.0823780487804577, 0.21559756097560606, 1.3455365853658339, 0.35240243902438984, 0.2839999999999936, 0.9247317073170622, 0.6770975609755978, 0.03809756097561368, 1.0520121951219361, 1.3464024390243734, 0.960231707317058, 0.6086951219512075, 0.35673170731706355, 0.6355365853658441, 0.39136585365853127, 0.2562926829268292, 0.8000487804877923, 0.6268780487804764, 0.33681707317072457, 1.4702195121951012, 2.1196097560975318, 0.07792682926829167, 0.29006097560975186, 0.8416097560975488, 0.38443902439023664, 1.9698170731707008, 0.82169512195121, 0.6840243902438955, 0.6234146341463334, 2.9049390243902042, 1.1030975609755942, 1.090109756097544, 0.6779634146341372, 0.6251463414634034, 0.13767073170731442, 0.9939999999999862, 1.1022317073170576, 0.32469512195121675, 94.01352439024261, 92.30952439024263, 88.45387804877925, 81.77987804877935, 75.47126829268187, 0.00432926829268239, 1.7420975609755898, 0.4173414634146285, 0.4528414634146299, 0.0969756097560913, 1.1515853658536426, 0.38097560975609646, 1.2165243902438871, 1.050280487804863, 1.3559268292682745, 0.018182926829266036, 1.4866707317072971, 1.5966341463414413, 0.47362195121950534, 0.3073780487804814, 0.08831707317072941, 0.7680121951219396, 0.1437317073170669, 0.7749390243902343, 1.497060975609732, 1.1507195121951062, 0.34460975609755573, 0.08658536585365934, 1.3178292682926664, 0.21559756097560606, 1.0736585365853482, 1.1879512195121804, 1.3870975609755907, 0.21732926829268193, 0.47015853658535944, 0.7420365853658424, 3.493719512195072, 0.5212439024390174, 1.7949146341463178, 1.8035731707316798, 0.6234146341463334, 1.2641463414633962, 1.1221463414633994, 0.991402439024377, 0.8797073170731569, 0.7195243902438911, 1.7550853658536343, 0.7532926829268194, 0.03982926829268376, 0.6866219512194991, 1.9386463414633848, 0.4467804878048716, 0.6000365853658456, 1.1611097560975467, 0.3134390243902425, 3.6365853658536085, 1.2104634146341287, 0.706536585365844, 1.992329268292655, 0.0069268292682918235, 1.1030975609755942, 0.5169146341463351, 1.3386097560975392, 0.8260243902438923, 1.2373048780487599, 2.909268292682886, 0.27187804878048294, 0.3887682926829248, 0.22858536585365613, 0.34460975609755573, 0.8944268292682827, 2.8910853658536197, 0.7437682926829181, 0.9004878048780409, 0.7835975609755992, 0.069268292682924, 0.3757804878048776, 1.1481219512194967, 2.041682926829243, 1.2104634146341287, 0.06320731707317155, 0.7498292682926707, 0.11256097560975656, 2.5871707317072814, 1.0961707317073024, 1.5645975609755858, 1.5109146341463184, 1.4580975609755875, 0.8442073170731583, 0.4303292682926815, 0.612158536585362, 0.7030731707316981, 0.4043536585365843, 1.1290731707316914, 1.5386219512194887, 1.6061585365853455, 0.8009146341463316, 1.442512195121928, 0.7117317073170627, 0.775804878048768, 2.2200487804877747, 0.3454756097560922, 0.29092682926828833, 1.4667560975609553, 1.124743902439009, 0.9368536585365816, 0.3073780487804843, 0.005195121951218868, 15.005243902438817, 0.0961097560975577, 0.1835609756097564, 0.25542682926828986, 1.4987926829268077, 0.1792874707259975, 541.1417142857168, 392.008500585482, 14.172398126463769, 0.8206153395784573, 1.3553185011709648, 1.2400058548009432, 0.3404092505854837, 0.49047365339579074, 1.1041580796252974, 0.23852341920374562, 0.8608957845433295, 0.6500158079625319, 1.054399882903986, 0.05923594847775604, 0.5283846604215479, 1.7036258782201503, 0.8830105386416879, 1.2020948477751832, 0.09240807962529353, 0.5734039812646397, 1.3379426229508262, 0.1808670960187347, 0.42175995316159015, 1.361637002341927, 0.08687939110070131, 1.3932295081967299, 0.09635714285714322, 0.46362002341920755, 0.12321077283372646, 1.8939707259953247, 1.1578653395784586, 1.152336651053869, 0.682398126463702, 1.052030444964876, 0.527594847775178, 0.042649882903982035, 0.4612505854800951, 0.8063987119438063, 0.03949063231849964, 0.2432622950819679, 0.0544970725995364, 1.4106053864168686, 0.3119759953161606, 0.769277517564406, 1.6143770491803369, 0.2432622950819679, 1.9389900468384165, 1.5812049180327938, 2.008493559718979, 0.8822207259953205, 1.9476779859484856, 0.08845901639344382, 0.9999028103044548, 1.086782201405156, 1.1491774004683895, 1.0480813817330263, 0.06634426229508024, 0.07029332552693258, 0.18797540983606945, 0.3419888758782236, 0.9019660421545718, 0.8719531615925087, 0.7574303278688542, 1.127852459016401, 2.133283957845443, 0.11294320843091198, 1.2439549180327927, 1.427191451990637, 1.3102991803278756, 0.8766920374707284, 0.3182944964871227, 1.8070913348946205, 0.5418114754098369, 1.580415105386424, 0.3688425058548042, 1.6980971896955583, 0.6950351288056237, 0.19192447306791652, 1.680721311475417, 0.2953899297423892, 1.1918272833723713, 0.92408079625293, 0.4723079625292769, 0.04817857142857424, 0.1350579625292703, 0.3293518735363019, 0.5836715456674489, 0.24563173302108035, 1.247903981264637, 0.1105737704918048, 1.2171012880562122, 1.9587353629976674, 0.7937617096018794, 0.5078495316159294, 0.9248706088993001, 1.3158278688524652, 0.005528688524589582, 2.022710187353638, 1.42482201405153, 0.15638290398126395, 1.4106053864168686, 1.4003378220140565, 1.3300444964871239, 0.2314151053864162, 1.5906826697892333, 0.5141680327868916, 2.0772072599531715, 0.700563817330216, 1.1475977751756496, 0.7882330210772872, 0.07108313817330252, 0.06318501170960311, 0.49047365339578286, 1.615956674473074, 1.241585480093683, 0.7195193208430944, 0.19666334894613616, 0.35936475409835966, 0.155593091334894, 0.3862183840749455, 0.7834941451990676, 1.2937131147541068, 0.32145374707260255, 0.19113466042154398, 0.011057377049181794, 0.7305766978922736, 0.7937617096018768, 0.6760796252927451, 0.22904566744730898, 0.6429074941452023, 0.5347031615925101, 0.7724367681498884, 0.4833653395784587, 1.1436487119437997, 0.08372014051522156, 0.24721135831382024, 0.9525140515222531, 0.9461955503512937, 0.8087681498829161, 0.7842839578454375, 0.9880556206089083, 0.648436182669792, 0.0031592505854823915, 1.0923108899297458, 1.296872365339584, 1.6380714285714377, 1.5148606557377136, 1.625434426229516, 1.0694063231850175, 0.05686651053864622, 0.5978881733021132, 0.9848963700234207, 1.3640064402810368, 0.6373788056206102, 0.5623466042154579, 0.9051252927400515, 0.5339133489461401, 0.40833313817330646, 1.2866048009367745, 0.9967435597189724, 0.5655058548009377, 0.1153126463700218, 0.05291744730679388, 0.837991217798596, 0.3814795081967232, 1.0812535128805691, 0.08214051522248167, 0.6065761124121852, 0.5433911007025768, 0.3530462529274001, 2.325998243559729, 0.2171984777517546, 0.28986124121780227, 0.8577365339578498, 0.7850737704918075, 0.8988067915690893, 1.5353957845433348, 1.1128460187353668, 1.3529490632318548, 1.6633454332552757, 2.0693091334894698, 1.0875720140515261, 0.47546721311475404, 0.6981943793911034, 0.0063185011709595215, 0.8727429742388786, 0.08845901639344382, 0.5947289227166307, 0.1840263466042145, 0.7929718969555067, 0.06002576112412072, 1.0259666276346655, 0.7669080796252962, 0.12479039812646107, 0.6808185011709622, 1.417713700234198, 0.3854285714285729, 0.7289970725995337, 0.9856861826697985, 0.0671340749414528, 0.7834941451990676, 0.12163114754098658, 1.2850251756440427, 0.18481615925058442, 1.0725655737704973, 0.303288056206086, 0.626321428571431, 1.0504508196721363, 2.4270942622950917, 1.6712435597189776, 0.4802060889929763, 0.5623466042154579, 0.051337822014048747, 0.9067049180327887, 1.4169238875878305, 0.14927459016393974, 1.323725995316167, 0.4422950819672165, 0.26616686182670146, 1.0133296252927437, 0.8806411007025807, 0.630270491803286, 2.6482418032787014, 0.22509660421545927, 1.1002090163934477, 0.5110087822014092, 1.4777394613583212, 0.8877494145199102, 0.9296094847775223, 0.5576077283372409, 0.39332669789226965, 1.2218401639344318, 0.5970983606557405, 1.3134584309133555, 0.06871370023419268, 0.10583489461358252, 0.1650708430913333, 0.9548834894613629, 0.5907798594847784, 0.3704221311475441, 0.49837177985949016, 0.626321428571431, 0.24247248243559796, 0.9833167447306861, 0.9588325526932101, 0.015006440281028864, 0.2440521077283405, 0.4217599531615928, 0.277224238875878, 0.7558507025761143, 0.6192131147541015, 1.816569086651065, 0.3238231850117097, 0.8000802107728389, 0.42965807962529484, 0.3522564402810302, 0.9525140515222531, 0.07108313817330252, 1.7281100702576184, 0.8861697892271703, 0.0845099531615915, 0.6839777517564419, 0.09161826697892358, 0.35936475409835966, 1.3158278688524652, 1.7833969555035198, 0.07898126463700454, 0.5623466042154579, 0.9003864168618293, 1.3679555035128865, 0.988845433255273, 1.3063501170960232, 1.2550122950819744, 0.8403606557377058, 0.6460667447306822, 0.3348805620608915, 1.1918272833723713, 0.17296896955503535, 0.5110087822014066, 1.2937131147541068, 1.0307055035128851, 0.7163600702576147, 0.4312377049180347, 0.48099590163934625, 0.8135070257611279, 2.1222265807962635, 0.29065105386416695, 1.0638776346604253, 0.9730491803278716, 0.19271428571428909, 0.12637002341920622, 0.5204865339578485, 0.5307540983606603, 0.7921820843091368, 1.1720819672131204, 0.8964373536299821, 0.09477751756440335, 0.6081557377049225, 0.9003864168618293, 1.1602347775175685, 1.253432669789232, 127.78457786885308, 125.03445023419263, 122.53153395784601, 123.73283899297483, 120.64072248243617, 117.82109133489519, 112.6691434426235, 1.2715983606557406, 2.2414882903981406, 1.5527716627634736, 0.45888114754098264, 0.43755620608899687, 0.14690515222482467, 0.9896352459016455, 0.1642810304449686, 0.7155702576112448, 1.054399882903986, 1.1341709601873577, 0.8229847775175698, 0.2582687353629994, 1.055189695550356, 0.6065761124121825, 1.6072687353630046, 0.7771756440281054, 0.6065761124121825, 0.6539648711943841, 0.1255802107728363, 1.3102991803278756, 0.8308829039812692, 1.6428103044496571, 1.031495316159255, 0.898806791569092, 1.801562646370031, 0.8680040983606616, 1.4287710772833797, 1.3758536299765884, 1.1744514051522275, 0.6397482435597226, 0.6089455503512949, 0.4422950819672139, 0.11057377049180216, 1.3024010538641762, 1.5172300936768235, 1.3798026932084462, 1.5891030444964935, 1.841843091334903, 0.6136844262295067, 0.022114754098360955, 0.9225011709601928, 1.8639578454332666, 1.9595251756440402, 0.6136844262295094, 0.22983548009367366, 0.10346545667447532, 0.2827529274004702, 0.28986124121780227, 0.405963700234194, 0.27880386416861785, 1.7107341920374775, 1.4824783372365382, 0.11689227166276431, 0.513378220140519, 0.15164402810304956, 0.22746604215456384, 0.029223067915693048, 0.522066159250591, 0.13584777517564287, 0.5544484777517612, 0.08056088992974705, 0.12952927400468597, 0.015796252927398804, 0.5110087822014092, 0.7850737704918075, 0.7471627634660449, 0.5860409836065589, 0.5370725995316172, 1.2652798594847838, 1.3726943793911086, 0.617633489461359, 0.6026270491803302, 0.06634426229508286, 0.4233395784543327, 0.2061411007025728, 0.054497072599533763, 0.8324625292740091, 1.9737418032786989, 1.3798026932084462, 0.23378454332552862, 1.4208729508196802, 0.8458893442623007, 0.9904250585480182, 0.9319789227166321, 1.417713700234198, 0.5173272833723688, 0.4043840749414541, 0.8348319672131189, 1.246324355971905, 1.0299156908665126, 0.3522564402810302, 0.34435831381733345, 0.04422950819672191, 1.6980971896955583, 1.5227587822014106, 0.6302704918032833, 0.5291744730679204, 0.42728864168618763, 0.6563343091334914, 0.7803348946135877, 0.3648934426229571, 0.7850737704918075, 0.3656832552693244, 1.2976621779859538, 0.6579139344262339, 0.3451481264637007, 0.8048190866510558, 0.22351697892271677, 1.4216627634660475, 0.48731440281030836, 1.615956674473074, 2.217793911007037, 1.0093805620608969, 0.14769496487119724, 1.5409244730679217, 0.8356217798594863, 0.04422950819671929, 0.20693091334894803, 0.9351381733021119, 0.33330093676815165, 0.47309777517564683, 1.1539162763466115, 0.09319789227166346, 0.42728864168618763, 1.4848477751756455, 1.2131522248243622, 0.8253542154566796, 0.042649882903982035, 0.8561569086651178, 0.8632652224824393, 1.623064988290406, 0.6555444964871213, 0.4336071428571472, 1.0172786885245935, 0.7874432084309172, 0.7574303278688542, 1.0243870023419257, 0.4375562060889942, 0.8869596018735402, 1.6317529274004754, 0.711621194379403, 0.35936475409836227, 1.593052107728343, 0.6310603044496532, 0.09951639344262561, 0.06950351288056263, 0.008687939110071973, 0.4004350117096018, 0.466779274004682, 1.3181973067915749, 0.5196967213114786, 0.263007611241219, 1.7383776346604305, 0.13347833723653568, 0.08214051522248167, 0.31671487119438285, 0.1650708430913333, 0.9943741217798653, 1.1570755269320887, 1.504593091334902, 0.8798512880562186, 0.6065761124121825, 0.9683103044496519, 0.2803834894613577, 1.7194221311475466, 0.6705509367681529, 0.3822693208430958, 0.9683103044496519, 0.3175046838407528, 0.4691487119437945, 0.023694379391100837, 0.018955503512878568, 0.037911007025757136, 0.56945491803279, 0.7763858313817381, 0.14532552693208478, 0.2140392271662801, 0.14137646370023244, 0.8277236533957868, 0.2756446135831381, 0.428078454332555, 1.2629104215456737, 2.0708887587822122, 0.029223067915693048, 0.29065105386416956, 0.5062699063231869, 0.7661182669789262, 0.33014168618267187, 0.9185521077283404, 0.902755854800939, 0.9533038641686231, 0.5591873536299808, 0.42965807962529745, 0.3404092505854837, 2.5337189695550495, 0.6760796252927451, 0.20930035128805782, 1.347420374707268, 1.1736615925058602, 0.2867019906323198, 1.5543512880562134, 1.3434713114754182, 0.7013536299765886, 0.9912148711943856, 0.6081557377049197, 0.08845901639344382, 1.2510632318501274, 0.6989841920374787, 0.7921820843091368, 0.315135245901643, 1.127852459016401, 0.5023208430913372, 1.1720819672131177, 0.23773360655738093, 0.30249824355971866, 1.1025784543325576, 0.3514666276346602, 0.759799765807964, 0.3656832552693244, 0.9011762295082018, 0.12637002341920622, 1.5203893442623009, 1.5069625292740116, 0.19192447306791652, 0.5884104215456687, 1.4121850117096084, 0.3806896955503533, 0.28433255269321006, 1.9911176814988376, 1.1057377049180375, 0.2487909836065601, 0.48415515222482863, 0.3617341920374721, 0.45809133489461795, 0.7250480093676893, 1.2534326697892373, 1.9642640515222598, 0.7890228337236571, 0.07503220140515222, 0.40122482435597434, 0.1642810304449686, 0.10030620608899557, 0.9311891100702621, 0.13900702576112264, 0.47309777517564683, 0.018165690866511257, 0.8237745901639371, 0.4865245901639358, 0.17296896955503796, 0.46440983606557745, 1.1705023419203802, 1.767600702576121, 0.448613583138176, 1.7091545667447374, 0.10188583138173544, 0.39569613583138213, 0.18007728337236478, 1.201305035128816, 1.8078811475409906, 0.8608957845433295, 0.9817371194379436, 0.5204865339578485, 0.85536709601874, 0.3704221311475441, 0.11768208430913424, 0.5189069086651034, 0.7266276346604266, 0.29933899297423894, 0.40596370023419664, 0.13584777517564287, 1.7518044496487193, 0.48968384074941557, 1.1349607728337279, 0.6642324355971934, 0.7795450819672152, 0.5039004683840771, 0.725837822014054, 0.8245644028103071, 0.92408079625293, 0.24010304449648814, 1.4856375878220207, 0.3301416861826745, 0.08135070257611174, 0.43755620608899687, 1.3671656908665164, 1.0788840749414568, 0.09714695550351317, 0.8000802107728389, 0.22904566744730898, 1.700466627634668, 0.6855573770491817, 0.8403606557377058, 0.7037230679156983, 0.14848477751756453, 0.371211943793914, 0.6326399297423958, 0.30170843091334876, 0.44150526932084394, 1.3102991803278756, 0.31118618266979065, 1.4382488290398217, 0.8869596018735402, 0.5615567915690933, 0.6768694379391124, 1.7691803278688634, 1.1689227166276404, 0.6010474238875904, 1.0054314988290445, 0.7613793911007066, 1.10494789227167, 0.020535128805618447, 0.518117096018736, 1.9200345433255352, 0.7771756440281054, 1.111266393442627, 0.3411990632318536, 1.0938905152224856, 0.04422950819672191, 0.9264502341920425, 0.2171984777517546, 1.217891100702582, 0.2637974238875916, 0.17849765807962753, 1.1175848946135891, 1.1791902810304498, 0.8577365339578498, 0.5599771662763507, 0.27011592505855114, 0.6934555035128812, 0.29144086651054213, 0.49047365339578286, 3.2011106557377227, 1.0370240046838446, 0.03475175644028, 0.21798829039812717, 1.3655860655737766, 0.16823009367681568, 0.0015796252927372497, 0.36094437939110474, 1.3260954332552743, 1.164183840749418, 0.26537704918032884, 0.5876206088992987, 0.6666018735363033, 0.18244672131147197, 0.3633138173302146, 1.4121850117096084, 0.6697611241217803, 0.5892002341920386, 1.0599285714285782, 0.8111375878220181, 0.5465503512880592, 0.02922306791569042, 0.3648934426229545, 0.0497581967213115, 0.24326229508196526, 0.6579139344262339, 1.044922131147544, 0.23378454332552862, 0.030802693208432933, 0.9927944964871228, 1.2747576112412282, 1.4824783372365382, 1.0931007025761184, 0.020535128805618447, 1.8615884074941569, 1.1065275175644125, 0.6745, 1.0204379391100733, 1.4240322014051574, 0.3522564402810302, 0.5252254098360655, 0.3254028103044522, 0.42018032786885556, 0.30170843091334876, 1.2155216627634722, 0.06476463700234299, 0.06318501170960049, 1.216311475409842, 0.9793676814988337, 0.2946001170960219, 1.339522248243566, 0.016586065573766115, 0.4225497658079654, 1.52986709601874, 0.2835427400468401, 0.7621692037470739, 1.404286885245909, 1.3924396955503597, 1.007011124121787, 1.1025784543325576, 3.3282704918032935, 0.2361539812646358, 0.362524004683842, 0.04343969555035197, 0.5268050351288107, 0.27011592505855375, 0.13189871194379318, 0.4683588992974272, 1.2960825526932167, 0.16980971896955557, 1.0149092505854838, 0.22193735362997952, 0.4715181498829017, 1.2913436768149944, 0.3001288056206115, 0.022114754098360955, 1.1934069086651111, 1.1262728337236585, 0.10109601873536288, 1.7462757611241297, 1.3181973067915749, 0.20772072599531533, 0.8972271662763494, 1.3276750585480142, 1.318987119437945, 1.0646674473067979, 0.683187939110072, 1.197355971896961, 1.3016112412178062, 0.5892002341920386, 1.187878220140519, 0.7487423887587902, 0.358574941451995, 0.1634912177985934, 0.5844613583138188, 0.630270491803286, 0.0852997658079588, 0.9920046838407555, 1.0788840749414568, 1.6096381733021143, 0.6508056206089043, 0.09319789227166346, 0.3917470725995351, 1.2565919203747116, 1.5733067915690946, 1.5148606557377111, 0.15954215456674634, 0.5039004683840771, 1.1689227166276404, 0.5647160421545704, 0.008687939110069341, 0.7376850117096058, 0.7242581967213167, 0.3925368852459024, 0.6745000000000027, 1.721001756440289, 0.5520790398126487, 2.3489028103044625, 0.7234683840749467, 0.3933266978922776, 0.45572189695550813, 1.0899414519906359, 0.4723079625292769, 0.5678752927400502, 1.1491774004683895, 0.6042066744730726, 0.09398770491803342, 0.7953413348946193, 0.25352985948477447, 0.6152640515222518, 1.4619432084309225, 1.275547423887593, 0.4328173302107746, 1.0062213114754117, 1.4785292740046914, 1.273177985948483, 0.28986124121779966, 0.7353155737704958, 2.4199859484777626, 0.8474689695550379, 0.8672142857142917, 0.13031908665105857, 0.3048676814988285, 1.0915210772833759, 0.07740163934425941, 1.6862500000000067, 1.0899414519906359, 0.8395708430913384, 0.004738875878219642, 0.19982259953161854, 0.2827529274004702, 0.3182944964871227, 0.1350579625292703, 0.2622177985948491, 0.8759022248243585, 0.8111375878220181, 1.403497072599547, 1.1231135831381787, 0.5252254098360655, 1.1531264637002416, 0.37200175644027866, 0.24879098360656277, 0.023694379391100837, 0.6508056206089018, 1.083622950819679, 0.004738875878219642, 1.360057377049187, 0.7803348946135877, 1.1570755269320887, 0.8150866510538677, 0.41781088992974574, 0.5536586651053886, 1.3640064402810341, 0.30249824355971866, 0.18718559718969424, 0.6563343091334914, 0.6413278688524598, 1.1641838407494207, 0.03317213114754538, 1.5156504683840837, 0.0671340749414528, 0.3506768149882877, 0.6065761124121825, 0.6926656908665139, 0.03238231850117018, 0.306447306791571, 1.2439549180327927, 1.0070111241217843, 0.12005152224824144, 1.20920316159251, 0.9209215456674502, 0.9533038641686231, 0.03317213114754275, 0.19508372365339627, 0.6847675644028118, 0.7811247072599551, 0.10504508196721521, 0.34277868852459353, 0.45572189695550813, 1.419293325526943, 0.8135070257611279, 0.7542710772833771, 0.31276580796253056, 1.6593963700234287, 0.30565749414519844, 0.47072833723653434, 0.8940679156908723, 0.3964859484777521, 0.405963700234194, 0.06081557377049066, 0.7621692037470765, 0.7163600702576147, 0.203771662763463, 2.5116042154566864, 0.768487704918036, 0.1619115925058588, 0.44782377049180083, 0.3261926229508195, 1.885282786885255, 0.5757734192037496, 0.9548834894613629, 1.4019174473067963, 0.0576563231850109, 1.7170526932084396, 0.2211475409836096, 1.1823495316159294, 1.2005152224824407, 0.2946001170960219, 1.0615081967213207, 0.17691803278688764, 0.27248536299766357, 0.3988553864168619, 1.0062213114754144, 0.5876206088992961, 0.7195193208430944, 0.2187781030444971, 0.8285134660421567, 0.06792388758782275, 0.25826873536299677, 0.2511604215456726, 0.797710772833729, 0.7297868852459037, 0.1713893442622981, 0.277224238875878, 0.5212763466042184, 0.07819145199063461, 1.3845415690866578, 0.9153928571428633, 1.2889742388758847, 0.4028044496487142, 0.03475175644028263, 0.358574941451995, 0.6634426229508235, 1.9389900468384165, 0.6460667447306822, 0.16270140515222348, 0.7961311475409892, 0.07108313817330252, 1.1902476580796395, 1.1539162763466115, 0.3917470725995351, 0.6365889929742402, 0.7574303278688542, 0.21877810304449977, 0.03001288056206299, 0.0007898126463725708, 1.6980971896955583, 0.7447933255269351, 0.5899900468384085, 0.17217915690866276, 1.2218401639344318, 2.140392271662772, 3.1497728337236715, 0.2558992974238843, 0.4446645199063263, 0.022114754098360955, 0.32224355971897506, 0.5133782201405164, 0.22825585480093638, 1.727320257611254, 0.46046077283372777, 0.5931492974238934, 0.5173272833723688, 0.5283846604215479, 0.022904566744728266, 0.6405380562061005, 0.7021434426229558, 0.10504508196721521, 0.6444871194379423, 0.16586065573770586, 0.2171984777517546, 0.11373302107728192, 0.22983548009367366, 0.4154414519906359, 0.4422950819672165, 0.6831879391100746, 0.5741937939110098, 0.5141680327868916, 0.6871370023419217, 1.054399882903986, 1.061508196721318, 0.7779654566744753, 0.9106539812646411, 0.7803348946135877, 0.8443097189695582, 0.24800117096018753, 2.232010538641696, 1.3379426229508262, 1.0859923887587888, 0.17533840749414778, 1.1610245901639384, 0.3806896955503533, 0.37753044496487353, 0.634219555035133, 0.5078495316159294, 1.1949865339578511, 1.5488225995316238, 1.0899414519906359, 1.4627330210772898, 0.08135070257611174, 0.3467277517564406, 0.9011762295081992, 0.661862997658081, 0.06792388758782275, 0.47625702576112655, 0.4944227166276352, 0.5426012880562042, 0.2211475409836096, 0.11610245901639436, 0.5086393442622967, 0.6760796252927451, 1.10652751756441, 1.721001756440289, 0.22430679156908934, 0.46993852459016444, 0.4035942622950842, 0.9193419203747104, 1.1286422716627682, 2.1206469555035237, 0.5433911007025793, 1.5985807962529353, 0.9153928571428607, 0.26458723653395894, 1.1428588992974298, 0.7692775175644033, 0.6034168618267027, 0.9335585480093719, 0.49284309133489534, 1.1294320843091408, 0.2393132318501182, 0.47625702576112655, 0.49916159250585745, 0.8956475409836095, 0.12163114754098395, 0.3917470725995351, 1.0441323185011742, 1.3916498829039898, 0.2859121779859499, 0.7661182669789262, 0.5915696721311484, 0.5978881733021105, 0.04422950819671929, 0.17691803278688503, 0.10820433255269234, 0.7724367681498884, 0.8853799765808003, 0.17533840749414778, 1.0164888758782236, 4.231026346604236, 0.2890714285714297, 0.0742423887587849, 0.9493548009367708, 0.6760796252927425, 0.1761282201405151, 0.05212763466042132, 0.5773530444964868, 0.047388758782201675, 0.6587037470726013, 1.0393934426229545, 0.21482903981264742, 0.7234683840749467, 0.7621692037470765, 0.7226785714285768, 0.3933266978922776, 0.2558992974238843, 0.0979367681498831, 0.5544484777517612, 1.1847189695550393, 0.834042154566749, 0.49284309133489274, 0.362524004683842, 0.8221949648711998, 1.3379426229508262, 1.186298594847779, 0.17928747072599485, 0.46993852459016705, 0.5899900468384085, 0.11531264637002443, 0.6286908665105434, 0.31434543325526776, 0.41307201405152605, 2.0669396955503627, 1.3213565573770547, 0.669761124121783, 0.9461955503512937, 1.1349607728337279, 0.6200029274004716, 0.02764344262295054, 0.6081557377049225, 1.5993706088993052, 1.8252570257611345, 0.9596223653395852, 0.5781428571428621, 0.5797224824355993, 0.9627816159250624, 0.08450995316159413, 0.23220491803278345, 0.39806557377048934, 1.0457119437939166, 0.4715181498829043, 0.44545433255269107, 0.392536885245905, 0.3459379391100759, 1.32214637002343, 1.7486451990632397, 2.3394250585480236, 0.9138132318501234, 0.17849765807962753, 1.4880070257611357, 1.216311475409842, 0.1287394613583134, 0.6318501170960232, 0.1958735362997662, 0.3814795081967232, 0.3096065573770481, 1.4398284543325588, 0.020535128805621077, 2.2399086651054003, 1.038603629976587, 0.9525140515222531, 0.5607669789227206, 0.24010304449648814, 0.5157476580796289, 0.2693261124121786, 0.34830737704918047, 0.1461153395784521, 0.08766920374706863, 0.17770784543326024, 1.504593091334902, 0.4999514051522274, 0.20061241217798587, 0.4351867681498818, 0.2424724824356006, 0.41860070257611304, 0.661073185011711, 0.2890714285714297, 0.9209215456674529, 0.33093149882904177, 0.7913922716627669, 0.047388758782201675, 0.0742423887587849, 1.1689227166276404, 1.7739192037470803, 0.0718729508196751, 0.4975819672131176, 1.4153442622950907, 0.16901990632318561, 0.39727576112412466, 0.2258864168618292, 0.0497581967213115, 0.4486135831381787, 0.06950351288056526, 0.39727576112412466, 0.23299473067915866, 1.1310117096018808, 0.24721135831382024, 0.36094437939110213, 0.12558021077283893, 0.8869596018735402, 0.711621194379403, 1.3260954332552743, 0.3001288056206115, 1.0844127634660463, 0.17691803278688764, 0.31118618266979065, 0.134268149882903, 0.7779654566744779, 1.0370240046838446, 0.518117096018736, 0.5078495316159294, 1.2202605386416918, 0.28749180327868984, 1.0480813817330263, 0.41307201405152605, 0.7566405152224869, 1.7281100702576213, 0.375950819672131, 1.60884836065575, 0.736105386416866, 0.164281030444966, 0.362524004683842, 0.772436768149891, 1.3000316159250662, 0.007108313817334724, 0.22272716627635208, 0.23852341920374825, 0.9517242388758805, 0.5110087822014066, 0.1342681498829056, 0.5141680327868837, 0.8964373536299794, 0.07108313817330252, 0.30565749414519844, 0.8885392271662801, 0.2772242388758754, 1.1910374707259987, 1.6499186182669867, 0.2574789227166268, 3.1087025761124294, 1.6064789227166398, 0.9209215456674529, 1.9350409836065665, 0.5370725995316172, 0.4209701405152229, 0.5844613583138215, 0.20061241217798587, 0.812717213114758, 0.9769982435597239, 0.5457605386416893, 1.1689227166276404, 0.2243067915690867, 0.9185521077283431, 0.9501446135831407, 0.07424238875878227, 0.021324941451991018, 1.2810761124121823, 1.6436001170960273, 0.48494496487119854, 0.6800286885245975, 1.3339935597189765, 0.2622177985948491, 1.5796252927400514, 1.2873946135831444, 3.2121680327869018, 0.6752898126463751, 0.9738389929742416, 0.1532236533957842, 1.231317915690871, 0.8822207259953205, 1.1475977751756496, 0.47941627634660633, 0.689506440281034, 0.976208430913354, 1.346630562060898, 1.0370240046838473, 1.7162628805620694, 3.74292213114756, 1.8047218969555108, 0.4336071428571446, 1.2637002341920436, 0.5876206088992961, 0.10188583138173808, 87.77898770491846, 87.35406850117138, 87.61233723653437, 87.44884601873578, 84.60473067915733, 79.57125468384113, 77.9647757611245, 78.61005269320881, 77.27842857142895, 2.7927775175644167, 4.146516393442641, 3.3266908665105537, 0.41860070257611565, 1.5361855971897047, 1.3189871194379423, 0.9327687353629993, 3.5612652224824526, 0.18481615925058442, 1.6285936768149956, 0.8687939110070316, 1.8726457845433335, 0.9643612412178049, 0.016586065573766115, 1.237636416861833, 0.46677927400468466, 2.1356533957845527, 3.5241440281030605, 1.1073173302107773, 1.5077523419203815, 1.3276750585480168, 1.6167464871194466, 1.858429156908677, 1.2763372365339654, 0.6310603044496506, 0.035541569086655206, 0.3056574941452011, 0.26458723653395627, 0.5899900468384085, 0.3522564402810302, 0.7226785714285768, 0.14848477751756453, 0.07582201405152215, 0.23062529274004887, 0.014216627634656294, 0.17770784543326024, 1.3750638173302159, 0.14216627634660503, 0.07977107728337449, 1.130221896955511, 0.8995966042154592, 2.1972587822014185, 1.9358307962529364, 0.052127634660423944, 0.859316159250587, 0.14927459016393713, 0.7953413348946167, 0.6065761124121852, 0.398065573770492, 1.8363144028103136, 0.961991803278695, 0.05291744730679126, 0.5062699063231869, 1.041762880562067, 2.201997658079638, 1.0291258782201451, 0.28828161592505974, 1.3632166276346669, 0.9201317330210803, 0.8553670960187374, 1.7202119437939192, 0.5552382903981311, 1.095470140515228, 0.14374590163934228, 0.7503220140515248, 0.08608957845433138, 0.22351697892271938, 2.328367681498839, 0.5631364168618306, 0.18323653395784717, 0.5536586651053886, 1.5306569086651125, 0.2756446135831381, 0.5110087822014066, 0.626321428571431, 0.6286908665105408, 0.6981943793911009, 0.05844613583138084, 0.8608957845433295, 0.18323653395784717, 0.5892002341920386, 0.16901990632318561, 1.0472915690866564, 0.22904566744730634, 0.8782716627634709, 1.6925685011709766, 0.592359484777521, 0.06002576112412072, 0.8277236533957868, 0.6136844262295094, 0.07661182669789474, 0.040280444964866956, 0.9185521077283404, 0.5362827868852473, 0.06555444964871031, 0.2543196721311497, 1.9034484777517637, 0.3222435597189672, 1.6056891100702646, 0.2882816159250571, 0.27011592505855375, 1.075724824355977, 0.2369437939110084, 0.28749180327868984, 0.40201463700234163, 1.3324139344262367, 0.07503220140514959, 0.5299642857142851, 1.4666820843091422, 1.241585480093683, 0.7834941451990676, 1.0994192037470778, 0.15717271662763652, 1.4106053864168686, 0.09714695550351317, 0.4857347775175685, 0.9359279859484845, 0.7590099531616047, 1.152336651053869, 0.6042066744730753, 0.4612505854800951, 0.5204865339578458, 2.717745316159267, 0.689506440281034, 0.5726141686182672, 0.7234683840749467, 1.6830907494145269, 0.8048190866510558, 0.9501446135831433, 1.4619432084309225, 1.3892804449648775, 0.6966147540983662, 0.669761124121783, 0.11373302107728456, 0.9999028103044548, 0.15006440281030706, 0.7163600702576147, 0.2543196721311471, 0.38937763466042524, 0.837991217798596, 0.009477751756444545, 1.1002090163934477, 1.043342505854807, 0.49047365339579074, 0.34909718969555303, 0.23378454332552862, 1.0156990632318537, 0.5970983606557405, 0.4288682669789249, 0.311975995316158, 0.6357991803278703, 1.236846604215463, 0.5046902810304471, 0.9864759953161658, 0.23536416861826848, 1.678351873536307, 1.5527716627634736, 0.328562060889932, 1.20999297423888, 0.789812646370027, 1.579625292740054, 0.19350409836065377, 0.8435199063231908, 0.578932669789232, 0.7542710772833745, 0.255109484777517, 1.4635228337236623, 1.1175848946135865, 1.24553454332553, 0.42412939110070264, 2.130914519906333, 0.09714695550351317, 0.8798512880562186, 0.03554156908664731, 0.09951639344262561, 1.1949865339578511, 0.28986124121779966, 0.11057377049180216, 0.5046902810304471, 0.4975819672131176, 0.2811733021077276, 1.831575526932094, 1.2834455503512923, 0.12163114754098395, 0.007898126463702033, 0.6863471896955518, 1.240795667447313, 0.03317213114754538, 0.11057377049180216, 0.30486768149883114, 0.5157476580796289, 1.4690515222482545, 0.6689713114754131, 1.3213565573770547, 1.1017886416861877, 1.5172300936768235, 0.7179396955503546, 0.6223723653395787, 1.361637002341927, 0.49363290398126786, 0.46204039812646763, 1.758122950819679, 0.8711633489461388, 0.9880556206089083, 0.4786264637002364, 0.3641036299765793, 0.5473401639344291, 0.37279156908665384, 0.7708571428571486, 0.07266276346604239, 1.3719045667447387, 0.021324941451991018, 1.632542740046848, 0.2361539812646358, 0.9556733021077328, 1.3126686182669853, 0.1840263466042145, 0.29065105386416956, 1.5188097189695606, 0.4952125292740025, 2.2414882903981406, 0.6705509367681529, 0.09398770491803342, 0.4857347775175711, 0.15954215456674373, 0.39727576112412466, 0.3135556206089031, 0.0497581967213115, 1.154706088992979, 0.27327517564402826, 1.3553185011709648, 0.02764344262294791, 0.49047365339579074, 0.21956791569086706, 0.39490632318501223, 0.9248706088993026, 0.0007898126463725708, 0.46677927400468466, 0.07661182669789474, 0.5370725995316172, 0.04817857142857424, 0.8861697892271703, 0.03791100702575976, 1.038603629976587, 0.23457435597189594, 1.6278038641686257, 2.179882903981277, 0.8008700234192114, 0.35620550351288516, 0.5497096018735389, 1.1507570257611293, 0.018165690866511257, 1.484057962529281, 1.7739192037470803, 0.6784490632318523, 0.16901990632318561, 3.853495901639362, 1.2731779859484857, 0.4170210772833758, 1.0567693208430984, 0.5331235362997702, 0.375950819672131, 0.33093149882904177, 0.9477751756440309, 0.4138618266978934, 0.5852511709601942, 0.2669566744730661, 0.15559309133489665, 0.3261926229508195, 0.8640550351288067, 0.5662956674473076, 0.11215339578454467, 0.3404092505854837, 1.5740966042154645, 1.3047704918032832, 0.36094437939110474, 1.833155152224834, 0.9556733021077328, 0.21956791569086706, 0.41939051522248033, 0.16901990632318825, 0.7353155737704958, 0.23299473067916132, 0.2543196721311471, 0.12715983606557615, 1.6720333723653449, 0.18876522248243413, 1.2787066744730726, 0.11610245901639436, 0.2519502341920399, 1.9737418032786964, 0.1350579625292703, 0.8474689695550406, 0.5236457845433282, 0.16980971896955294, 0.3009186182669762, 0.6113149882903995, 0.6934555035128839, 0.5670854800936802, 0.7266276346604266, 1.225789227166284, 0.34277868852459087, 0.8916984777517625, 0.9501446135831407, 0.45256264637002575, 0.3277722482435594, 0.46362002341920755, 1.0812535128805665, 0.24800117096019017, 0.2827529274004728, 0.3182944964871227, 1.3774332552693282, 0.28986124121780227, 0.34435831381733073, 0.8537874707260001, 0.28117330210773034, 0.6294806791569107, 0.277224238875878, 0.6926656908665139, 1.2629104215456737, 0.5362827868852499, 0.14690515222482467, 1.3877008196721377, 0.43597658079625695, 0.6215825526932114, 0.9643612412178075, 0.4312377049180347, 0.42018032786885556, 0.556817915690871, 0.185605971896957, 0.24010304449649075, 0.18639578454332692, 1.0078009367681542, 0.6034168618267027, 0.9509344262295211, 1.1847189695550393, 1.885282786885255, 1.2676492974238935, 1.9271428571428673, 0.3451481264637007, 0.5844613583138188, 1.0788840749414568, 0.9082845433255312, 1.9903278688524704, 0.37832025761124083, 1.3237259953161644, 1.0062213114754117, 1.317407494145205, 2.349692622950833, 0.4509830210772859, 0.26142798594848177, 0.38305913348946047, 0.10899414519906228, 0.9722593676815017, 0.6966147540983636, 0.277224238875878, 0.44782377049180344, 0.1808670960187347, 0.02527400468384072, 0.4375562060889942, 0.712411007025765, 0.7147804449648749, 0.1619115925058588, 0.6910860655737713, 0.363313817330212, 1.014119437939119, 1.1728717798594903, 0.6745, 0.40833313817330646, 0.7550608899297471, 0.5639262295081952, 0.021324941451991018, 0.14690515222482467, 0.07977107728337449, 0.6602833723653411, 0.8071885245901658, 0.40043501170960444, 0.18323653395784456, 0.3380398126463686, 0.4865245901639384, 0.4486135831381787, 0.16744028103044312, 0.9706797423887619, 0.4565117096018754, 0.9841065573770534, 1.0496610070257664, 0.9912148711943856, 0.8766920374707284, 0.12242096018735389, 0.9525140515222531, 4.5785439110070465, 0.19982259953161854, 0.7171498829039846, 1.700466627634668, 1.4595737704918101, 2.2707113583138283, 0.7495322014051575, 1.5725169789227247, 1.6206955503512963, 0.6673916861826732, 0.5212763466042157, 1.0386036299765846, 0.15164402810304956, 0.6650222482435633, 0.5323337236534001, 1.2510632318501274, 0.08608957845433138, 1.1270626463700284, 0.7645386416861863, 0.5536586651053886, 0.7155702576112448, 0.5844613583138188, 0.49916159250585485, 0.13663758782201282, 1.0196481264637034, 0.10267564402810538, 0.6223723653395787, 0.3680526932084316, 0.22904566744730634, 0.48968384074941823, 0.6902962529274042, 0.5726141686182697, 0.3348805620608941, 0.13031908665105857, 0.3222435597189672, 0.9106539812646411, 2.645082552693222, 0.7416340749414554, 0.8308829039812666, 0.8482587822014078, 0.9438261124121812, 0.5947289227166307, 1.197355971896961, 0.6200029274004688, 0.30249824355971866, 0.9169724824356031, 1.1705023419203802, 1.4579941451990701, 0.04896838407493893, 0.46440983606558006, 1.9753214285714389, 1.7699701405152333, 1.6064789227166372, 0.17928747072599485, 0.4865245901639358, 0.711621194379395, 0.08293032786885689, 0.682398126463702, 0.22509660421545927, 0.5362827868852473, 1.3237259953161644, 1.8102505854801056, 0.2859121779859499, 1.3584777517564526, 0.16744028103044312, 2.0005954332552873, 1.3711147540983688, 0.19745316159250872, 0.8719531615925087, 0.16665046838407843, 0.6413278688524598, 0.479416276346609, 0.8245644028103071, 0.22667622950819913, 0.0268536299765806, 0.39964519906323187, 0.6381686182669827, 0.24721135831382024, 1.2171012880562122, 1.473790398126469, 1.6917786885245962, 1.1641838407494207, 0.600257611241223, 0.2803834894613577, 1.0078009367681542, 1.5669882903981325, 0.5244355971896982, 0.1184718969555042, 0.2582687353629994, 0.4912634660421555, 2.0795766978922816, 1.0504508196721363, 2.044035128805629, 0.8253542154566796, 0.2669566744730661, 1.4185035128805705, 0.9730491803278716, 0.6808185011709622, 0.13347833723653568, 0.9643612412178049, 0.3175046838407528, 0.1184718969555042, 0.6326399297423958, 0.5125884074941465, 1.3647962529274067, 0.6444871194379423, 0.3617341920374694, 0.6847675644028118, 1.6120076112412245, 0.45256264637002575, 0.20614110070257546, 0.33330093676815165, 0.8743225995316185, 0.1532236533957868, 1.324515807962537, 0.2606381733021092, 0.45809133489461795, 0.4944227166276352, 0.3680526932084316, 0.7392646370023457, 0.8190357142857201, 0.06397482435597042, 0.3198741217798653, 1.0812535128805665, 0.14532552693208478, 1.127852459016401, 0.392536885245905, 0.5765632318501195, 0.34435831381733345, 0.2669566744730687, 0.5702447306791574, 0.46993852459016444, 1.7044156908665202, 0.28117330210773034, 1.1183747072599564, 0.35620550351288516, 0.17849765807962753, 0.9130234192037509, 0.8616855971896995, 0.7582201405152241, 1.3955989461358396, 0.3633138173302146, 0.38779800936768277, 0.3175046838407554, 0.46046077283372777, 0.4912634660421581, 0.7076721311475453, 0.85457728337237, 0.19508372365339893, 0.14927459016393974, 0.1816569086651073, 0.27011592505855375, 0.3088167447306835, 0.5576077283372409, 0.589990046838406, 0.45809133489461534, 0.8909086651053926, 1.810250585480103, 0.8727429742388786, 0.5560281030444985, 0.1184718969555042, 0.5402318501170943, 1.8971299765808043, 1.1886680327868888, 0.5734039812646397, 0.6057862997658126, 0.3411990632318536, 1.2407956674473102, 0.38384894613583304, 1.5954215456674607, 0.33409074941452155, 0.4912634660421555, 0.5994677985948504, 1.0149092505854838, 0.05923594847774815, 0.648436182669792, 0.25984836065573663, 1.2344771662763507, 3.912731850117118, 0.015006440281031494, 1.987168618266988, 1.4627330210772898, 0.016586065573768745, 0.10741451990632503, 1.2787066744730753, 0.9375076112412217, 0.0015796252927398804, 2.0021750585480222, 1.0386036299765846, 0.16191159250585616, 1.331624121779864, 0.3822693208430932, 0.7605895784543341, 0.06792388758782013, 0.2361539812646358, 0.13663758782201282, 0.812717213114758, 1.634122365339585, 0.7503220140515248, 1.3711147540983688, 0.7645386416861863, 1.3869110070257678, 1.2328975409836134, 0.3467277517564432, 0.2053512880562055, 0.11057377049180216, 0.2314151053864162, 1.0133296252927437, 1.1286422716627709, 0.7045128805620656, 0.7282072599531665, 0.2867019906323198, 0.8522078454332576, 0.11294320843091198, 1.2510632318501274, 0.6405380562060925, 0.5647160421545704, 0.8853799765807977, 0.9351381733021119, 0.4201803278688529, 1.6175362997658138, 0.7305766978922736, 0.1619115925058588, 0.5528688524590213, 0.9588325526932127, 0.6081557377049197, 0.49837177985948755, 0.43518676814988444, 0.6926656908665139, 1.4966949648712, 0.03317213114754275, 0.53549297423888, 0.04817857142857161, 0.09003864168618107, 0.4091229508196711, 0.15954215456674373, 1.7131036299765872, 1.1886680327868915, 0.940666861826704, 1.3616370023419244, 0.12400058548009377, 1.119164519906329, 1.6901990632318589, 0.23378454332552862, 0.042649882903982035, 0.5963085480093706, 0.7013536299765886, 1.6941481264637086, 0.5086393442622994, 1.6459695550351343, 0.2867019906323198, 1.247903981264637, 0.016586065573768745, 1.5314467213114824, 0.8608957845433295, 1.0307055035128851, 0.08924882903981114, 0.5678752927400502, 0.9951639344262326, 0.19745316159250872, 0.07029332552692995, 2.7256434426229665, 1.3782230679156955, 0.8063987119437984, 0.037911007025757136, 1.0283360655737752, 0.7661182669789262, 0.9217113583138201, 0.0718729508196751, 0.6768694379391124, 0.7827043325526977, 2.9515298594847903, 0.4849449648711959, 0.3751610070257637, 0.909864168618271, 1.627014051522253, 0.626321428571431, 0.2803834894613603, 0.9461955503512937, 0.8095579625292756, 0.4865245901639358, 0.024484192037470775, 1.405076697892279, 0.7060925058548029, 1.5243384074941608, 0.5655058548009377, 0.1895550351288067, 0.277224238875878, 0.7282072599531638, 0.7906024590163944, 0.9943741217798653, 0.8293032786885266, 1.2068337236534001, 0.6160538641686217, 0.6057862997658099, 0.5504994145199088, 0.3119759953161606, 0.19271428571428645, 0.1863957845433243, 0.5504994145199116, 1.293713114754104, 0.34435831381733073, 0.18718559718969424, 0.8285134660421567, 1.3932295081967299, 0.09319789227166346, 0.055286885245903715, 1.3853313817330253, 1.5535614754098408, 0.7447933255269351, 0.5370725995316172, 0.39332669789226965, 0.3175046838407528, 0.06792388758782013, 0.5868307962529314, 1.0125398126463765, 1.2850251756440347, 0.9730491803278716, 1.1705023419203802, 0.0766118266978921, 0.9138132318501234, 0.2922306791569094, 0.06160538641685797, 0.10899414519905964, 0.2835427400468375, 0.23457435597189594, 1.0330749414520002, 2.1933097189695685, 2.7667137002342086, 2.5392476580796393, 2.4784320843091487, 0.8300930913348993, 0.1034654566744727, 0.7384748243559757, 0.4288682669789249, 1.908977166276356, 1.0196481264637058, 1.1215339578454386, 1.1807699063231922, 0.5307540983606577, 0.35541569086651253, 0.4833653395784587, 1.8347347775175815, 1.3008214285714388, 0.6286908665105434, 0.9430362997658166, 0.09240807962529353, 0.16744028103044575, 0.5915696721311484, 0.5931492974238909, 0.1540134660421594, 0.0576563231850109, 1.5117014051522366, 0.6200029274004716, 0.23378454332552598, 0.4888940281030482, 0.31118618266979065, 0.1153126463700218, 0.42412939110070264, 0.34435831381733345, 0.8853799765807977, 0.8995966042154592, 0.20061241217798848, 0.0845099531615915, 0.6318501170960232, 0.44782377049180083, 0.5212763466042184, 0.06871370023419268, 0.19192447306791652, 1.1262728337236585, 0.7953413348946167, 1.4785292740046914, 0.5741937939110098, 0.6681814988290431, 0.23536416861826848, 1.6522880562060964, 1.5638290398126526, 1.7091545667447374, 0.9027558548009417, 0.30960655737705073, 0.21640866510538992, 0.3293518735362993, 1.177610655737715, 1.1396996487119473, 1.7154730679156995, 0.483365339578456, 1.4982745901639398, 0.42491920374707787, 0.0497581967213115, 0.2969695550351317, 1.217891100702582, 0.16901990632318561, 0.22509660421545927, 0.8672142857142944, 0.20535128805620814, 0.31987412177986263, 0.02843325526932311, 0.44387470725995376, 0.6065761124121825, 0.22746604215457172, 1.2084133489461402, 1.1310117096018781, 0.4509830210772859, 0.4888940281030482, 0.22667622950819652, 0.10978395784543221, 1.6759824355971973, 0.8948577283372396, 0.11057377049180216, 0.6523852459016416, 0.04422950819672191, 0.33172131147541173, 0.7274174473067966, 1.668874121779868, 0.8703735362997689, 0.626321428571431, 0.40833313817330646, 3.017874121779876, 1.24553454332553, 0.21877810304449977, 1.1081071428571472, 0.37753044496487614, 0.781914519906325, 0.9841065573770534, 0.04107025761123952, 0.07266276346603975, 1.2471141686182725, 0.26142798594847916, 0.34277868852459087, 0.05291744730679388, 0.39490632318501223, 0.20456147540983555, 0.060025761124123354, 0.8293032786885266, 1.043342505854804, 0.5734039812646397, 0.12952927400468597, 1.1902476580796313, 0.1153126463700218, 0.3261926229508195, 1.5772558548009417, 0.9706797423887619, 0.07819145199063461, 0.8443097189695582, 0.3917470725995324, 0.19429391100702634, 0.203771662763463, 1.5456633489461442, 1.3553185011709648, 0.21166978922716764, 1.0030620608899345, 0.4659894613583173, 0.6871370023419217, 1.8236774004683947, 1.4366692037470792, 1.4706311475409917, 2.7588155737705033, 0.3411990632318536, 0.07977107728337449, 0.06476463700234299, 1.3403120608899333, 0.042649882903982035, 0.16586065573770586, 0.526015222482438, 1.4042868852459065, 0.7519016393442673, 0.3577851288056224, 1.2723881733021158, 0.6034168618267001, 0.8759022248243585, 1.0101703747072668, 0.462830210772835, 0.20456147540983555, 0.022114754098360955, 0.5418114754098369, 0.5370725995316172, 1.0891516393442686, 0.016586065573766115, 0.0497581967213115, 0.3411990632318563, 1.9137160421545785, 0.8111375878220181, 1.0836229508196764, 0.4620403981264703, 0.3562055035128825, 0.2693261124121786, 0.7574303278688542, 0.20061241217798848, 0.8293032786885266, 0.36252400468384466, 2.700369437939123, 0.5426012880562042, 0.2045614754098382, 0.08293032786885689, 1.5654086651053924, 1.112056206088997, 1.9113466042154683, 1.0393934426229572, 0.6981943793911009, 0.19745316159250872, 0.974628805620614, 0.8577365339578498, 0.48178571428571876, 1.2629104215456737, 0.05844613583138347, 1.1562857142857241, 0.7637488290398164, 0.6855573770491817, 0.47625702576112655, 1.6048992974238947, 0.34988700234192033, 0.32461299765807966, 1.524338407494153, 0.30407786885246124, 0.33882962529274385, 0.3356703747072614, 0.6247418032786911, 1.509331967213124, 0.4541422716627656, 0.24721135831382024, 0.8956475409836148, 0.49916159250585485, 0.39490632318501484, 1.705995316159263, 1.9429391100702662, 0.07898126463700454, 0.007898126463702033, 2.6506112412178116, 0.7392646370023457, 0.6855573770491817, 1.1144256440281066, 1.2344771662763507, 1.1989355971897036, 0.5670854800936802, 1.008590749414524, 0.9754186182669841, 0.8490485948477804, 1.0307055035128851, 1.5069625292740116, 0.29696955503512906, 1.1112663934426321, 1.2431651053864228, 0.5244355971897008, 1.373484192037476, 1.2107827868852499, 0.8711633489461388, 0.9927944964871228, 0.5212763466042157, 0.30170843091334876, 1.008590749414524, 2.0740480093677, 0.12321077283372384, 1.2115725995316224, 0.11136358313817209, 0.9217113583138201, 0.6642324355972014, 1.5922622950819731, 0.1287394613583134, 0.15164402810304956, 1.097049765807968, 0.16980971896955294, 0.9556733021077328, 1.1965661592505912, 1.230528103044501, 0.15401346604215674, 0.2187781030444971, 0.0576563231850109, 0.9351381733021092, 0.10899414519905964, 0.4770468384074992, 0.5749836065573797, 1.5993706088993052, 1.0852025761124215, 0.24563173302108035, 0.7842839578454375, 0.5007412177985999, 1.4959051522248301, 0.33251112412178163, 0.39016744730679515, 0.6658120608899333, 0.9438261124121837, 0.1350579625292703, 0.4659894613583173, 0.1413764637002351, 1.916875292740058, 0.8877494145199102, 0.27090573770492105, 0.7234683840749442, 1.2589613583138215, 0.120841334894614, 0.3032880562060886, 1.7107341920374775, 0.29933899297423894, 0.8427300936768184, 0.44703395784543354, 0.8940679156908723, 0.5268050351288107, 0.062395199063233174, 0.32066393442623253, 1.1081071428571498, 1.362426814988297, 0.09003864168618371, 0.09398770491803078, 2.60322248243561, 0.3862183840749455, 0.057656323185013535, 0.4612505854800951, 0.6634426229508208, 1.0370240046838446, 0.8024496487119487, 0.25905854800936934, 0.33961943793911376, 0.3601545667447322, 0.4454543325526937, 0.19508372365339627, 88.41478688524633, 86.0911580796257, 85.6070029274009, 87.13608021077323, 85.7989274004688, 87.1558255269325, 82.78895140515263, 77.62673594847813, 0.8672142857142944, 2.687732435597204, 3.1726774004683995, 2.719324941452007, 0.7882330210772872, 1.1002090163934477, 0.0718729508196751, 0.833252341920379, 0.7511118266979, 0.11610245901639436, 0.23062529274004623, 0.18007728337236478, 0.962781615925065, 0.5678752927400476, 0.8364115925058587, 0.3538360655737753, 0.38463875878220566, 0.16191159250585616, 0.6942453161592538, 0.7471627634660477, 2.061411007025773, 1.266859484777521, 2.256494730679169, 0.5449707259953193, 1.6420204918032846, 3.6362974238876076, 1.4690515222482545, 3.061313817330228, 0.8443097189695609, 0.19429391100702634, 1.2968723653395866, 1.8568495316159321, 0.3293518735362993, 1.0765146370023468, 0.8174560889929775, 1.379802693208438, 2.5352985948477897, 0.5844613583138215, 2.258074355971909, 3.155301522248261, 2.4033998829039938, 0.8079783372365383, 1.2502734192037548, 0.5426012880562068, 1.5693577283372424, 1.3726943793911086, 2.1893606557377137, 6.532540398126494, 7.0269631147541345, 7.843629391100742, 9.239228337236579, 6.295596604215485, 7.109103629976613, 7.358684426229546, 3.2263846604215614, 0.20061241217798587, 1.1073173302107773, 1.6167464871194466, 0.2432622950819679, 0.56945491803279, 0.02764344262295054, 1.9721621779859564, 1.4161340749414606, 0.07582201405152478, 0.5702447306791599, 0.38305913348946047, 1.9532066744730805, 1.1081071428571472, 0.06239519906323054, 0.5086393442622994, 0.3459379391100759, 1.6973073770491882, 1.3884906323185076, 0.4975819672131176, 0.7605895784543367, 1.8102505854801056, 0.20772072599531533, 1.1539162763466142, 2.2896668618267118, 2.3117816159250704, 2.5921651053864303, 3.462538641686199, 0.33251112412178163, 1.491166276346613, 1.3766434426229557, 2.844905152224838, 0.36647306791569434, 0.7700673302107784, 0.5117985948477818, 0.33330093676815165, 0.63895843091335, 1.8118302107728455, 0.15717271662763652, 0.5655058548009377, 0.26537704918032884, 0.045019320843091855, 2.1577681498829135, 0.7550608899297444, 1.276337236533963, 0.5789326697892293, 0.31276580796253056, 0.454142271662763, 1.4635228337236623, 0.27564461358314074, 0.011057377049181794, 0.8806411007025781, 0.25037060889929735, 0.15164402810304956, 0.42175995316159015, 1.3884906323185076, 0.47625702576112655, 1.6120076112412245, 1.0472915690866564, 0.2361539812646358, 0.7763858313817354, 1.0330749414519975, 1.409025761124126, 0.8759022248243585, 0.4257090163934451, 1.705205503512888, 0.8395708430913384, 1.0101703747072641, 1.0109601873536367, 0.2037716627634709, 1.1231135831381787, 1.8615884074941542, 1.100998829039815, 1.0133296252927464, 0.17217915690866276, 0.19982259953161594, 0.44150526932084394, 0.497581967213115, 0.03949063231849964, 0.6010474238875877, 1.8923911007025846, 0.6571241217798613, 0.6192131147541015, 0.18797540983606945, 0.26537704918032884, 1.693358313817336, 0.27011592505855114, 1.4027072599531663, 0.47625702576112655, 0.5323337236533976, 1.3616370023419244, 1.0046416861826744, 1.052820257611246, 1.513281030444971, 1.2344771662763507, 1.1720819672131204, 1.4011276346604264, 0.03475175644028, 0.5165374707259935, 1.4485163934426282, 0.2835427400468375, 0.6539648711943868, 1.855269906323192, 1.7612822014051588, 1.001482435597192, 0.20614110070257546, 1.0559795081967231, 1.3426814988290432, 1.1002090163934477, 0.7313665105386462, 0.2440521077283405, 0.9904250585480129, 0.06397482435597042, 0.7700673302107784, 1.20762353629977, 0.0639748243559678, 0.6989841920374787, 0.7384748243559731, 0.33409074941452155, 0.5331235362997702, 0.713200819672135, 0.150854215456677, 1.221050351288062, 0.3814795081967232, 0.40754332552693384, 0.9351381733021092, 0.5323337236534001, 1.5954215456674607, 1.0717757611241272, 1.0164888758782236, 1.3158278688524652, 0.13110889929742586, 0.6168436768149917, 1.1847189695550393, 0.20851053864168528, 0.6602833723653411, 0.05844613583138347, 1.276337236533963, 0.10504508196721257, 0.20298185011709832, 0.03712119437938982, 0.5504994145199116, 34.32683723653412, 34.49585714285731, 33.08920081967229, 34.5566727166278, 33.93824941452007, 34.12622482435615, 33.612056791569245, 35.46258782201424, 3.8329607728337436, 4.357396370023442, 4.206542154566767, 2.88597540983608, 0.22746604215456384, 1.0259666276346655, 1.1420690866510599, 1.127852459016401, 1.6175362997658138, 0.35304625292740277, 1.814989461358325, 0.31039637002342074, 0.1848161592505818, 2.191730093676826, 1.6072687353630046, 0.526015222482438, 0.9769982435597239, 0.3862183840749455, 0.49284309133489274, 0.9130234192037509, 1.1602347775175685, 0.5805122950819718, 0.220357728337237, 0.052127634660423944, 0.39016744730679515, 1.0393934426229572, 119.53182552693266, 117.54307728337292, 116.21145316159306, 0.7874432084309172, 0.2440521077283405, 0.9856861826697985, 0.306447306791571, 1.3363629976580862, 1.1365403981264677, 0.5560281030444985, 0.9390872365339615, 1.4003378220140565, 1.645969555035137, 0.44782377049180344, 0.12400058548009377, 0.7700673302107784, 0.5497096018735389, 11.64025878220146, 10.73513348946141, 4.60065866510541, 0.2867019906323198, 0.634219555035133, 0.099516393442623, 0.5252254098360655, 0.4691487119437945, 0.4770468384074992, 0.37674063231850097, 2.0543026932084407, 0.8901188524590227, 1.2447447306791626, 0.0497581967213115, 0.2780140515222479, 0.4035942622950842, 0.47546721311475404, 0.8269338407494169, 0.726627634660424, 0.44071545667447665, 0.3656832552693244, 0.6065761124121825, 0.6160538641686217, 0.120841334894614, 0.6752898126463778, 0.0015796252927398804, 0.1619115925058588, 0.8790614754098383, 0.6421176814988324, 2.3828647540983754, 0.9675204918032819, 1.2913436768149944, 0.5520790398126487, 0.4051738875878241, 0.7218887587822043, 1.1160052693208466, 0.19508372365339893, 0.0, 1.4880070257611357, 0.120841334894614, 0.4201803278688529, 0.6658120608899333, 0.8403606557377058, 0.5252254098360655, 0.2969695550351317, 0.16033196721311366, 0.015006440281028864, 1.1799800936768248, 0.3751610070257637, 0.010267564402811855, 0.7811247072599551, 0.4494033957845433, 1.1705023419203802, 0.024484192037470775, 1.1199543325526988, 0.4999514051522274, 0.4051738875878241, 0.2961797423887644, 1.4216627634660528, 1.189457845433259, 0.03712119437938982, 1.1144256440281066, 1.0038518735363045, 0.8901188524590227, 1.3221463700234273, 0.08687939110070131, 1.4572043325527002, 0.22430679156908934, 0.22272716627634945, 0.35462587822014263, 0.005528688524589582, 0.2140392271662801, 0.39964519906323187, 0.3269824355971868, 0.37200175644027866, 0.07345257611241233, 0.11531264637002443, 1.3861211943793978, 1.252642857142862, 1.1720819672131177, 0.18481615925058442, 0.5718243559719024, 1.2005152224824407, 1.5827845433255363, 0.27327517564402826, 0.03238231850117018, 0.37753044496487353, 1.0259666276346655, 1.7217915690866539, 0.7408442622950829, 0.7495322014051549, 0.49837177985949016, 0.2922306791569121, 0.6689713114754131, 0.06950351288056526, 0.07029332552693258, 0.009477751756444545, 0.789812646370027, 0.5283846604215479, 1.6712435597189776, 1.0078009367681542, 0.3048676814988285, 0.769277517564406, 1.3253056206089044, 2.325998243559729, 0.24326229508196526, 0.6997740046838433, 1.1926170960187412, 0.08608957845433138, 0.6365889929742402, 0.38858782201405795, 0.25589929742388695, 0.4099127634660437, 0.8000802107728363, 0.11689227166276694, 0.30249824355971866, 1.4477265807962583, 0.42175995316159015, 0.11610245901639436, 0.39095725995316777, 1.4429877049180437, 1.2787066744730753, 0.3088167447306808, 0.16112177985948098, 0.4920532786885254, 0.0031592505854797608, 0.7511118266979, 0.3348805620608941, 0.578932669789232, 0.06950351288056526, 0.16744028103044575, 1.516440281030451, 0.017375878220141316, 1.382172131147548, 0.30170843091335137, 0.09319789227166346, 0.6673916861826732, 0.768487704918036, 0.4691487119437945, 0.6310603044496506, 1.0567693208430984, 1.3458407494145281, 1.0852025761124189, 0.9651510538641722, 1.0836229508196764, 0.17217915690866537, 0.7297868852459037, 0.22351697892271938, 0.41307201405152605, 1.1349607728337279, 0.2890714285714297, 0.6515954332552744, 0.3704221311475441, 0.38779800936768016, 0.18165690866510464, 0.0497581967213115, 0.4288682669789249, 0.015796252927398804, 1.5456633489461442, 1.3142482435597254, 1.74390632318502, 1.7920848946135917, 0.016586065573766115, 0.5291744730679204, 0.17928747072599485, 0.5591873536299808, 0.6981943793911009, 1.2605409836065613, 1.323725995316167, 0.4083331381733038, 1.296872365339584, 0.5204865339578485, 1.49748477751757, 0.4549320843091355, 0.3791100702576134, 1.775498829039823, 1.4042868852459065, 0.7060925058548029, 0.7195193208430944, 2.1364432084309226, 1.0196481264637034, 0.5583975409836083, 0.8703735362997689, 0.578932669789232, 2.1948893442623083, 0.5734039812646397, 0.9825269320843135, 0.3214537470725999, 0.16823009367681568, 1.678351873536307, 0.5955187353630033, 1.372694379391106, 0.4715181498829017, 0.17296896955503535, 0.3917470725995324, 0.09161826697892095, 1.1404894613583199, 0.11768208430913424, 0.06871370023419268, 3.7215971896955713, 0.2369437939110084, 0.19034484777517927, 0.12163114754098395, 0.40201463700234163, 1.0488711943793965, 1.547242974238884, 0.5947289227166307, 0.6342195550351305, 0.5899900468384085, 1.368745316159259, 0.5591873536299834, 0.5773530444964895, 1.116795081967219, 0.9272400468384124, 0.384638758782203, 0.725837822014054, 0.8458893442623007, 1.5717271662763626, 0.1255802107728363, 1.2471141686182725, 0.7242581967213141, 1.131801522248248, 0.30249824355971866, 0.33646018735363137, 0.9438261124121837, 0.31908430913349006, 0.7226785714285794, 2.3662786885246017, 0.263797423887589, 0.18086709601873738, 1.9050281030445089, 0.6745000000000027, 0.21956791569086442, 1.3932295081967299, 1.0788840749414568, 1.8450023419203831, 1.5527716627634736, 1.5219689695550407, 0.4952125292740025, 0.7803348946135851, 0.8766920374707284, 1.5922622950819731, 0.5512892271662762, 0.28986124121780227, 0.4541422716627656, 0.3814795081967232, 0.16270140515222348, 0.14690515222482467, 2.1917300936768287, 0.6571241217798613, 0.9588325526932127, 0.19271428571428645, 1.2431651053864228, 1.9737418032786989, 0.15717271662763652, 0.9019660421545691, 1.221050351288062, 0.185605971896957, 1.7304795081967286, 1.0607183840749455, 0.7906024590163944, 0.3514666276346602, 0.7384748243559757, 1.6483389929742467, 0.6650222482435633, 0.1713893442622981, 0.6152640515222518, 0.34435831381733073, 0.8253542154566796, 0.037911007025757136, 0.7305766978922763, 0.3688425058548042, 1.5282874707260028, 0.4375562060889942, 1.0409730679156943, 0.45256264637002575, 0.12400058548009377, 0.7455831381733025, 0.5331235362997702, 1.5891030444964962, 0.5212763466042157, 1.3640064402810368, 0.363313817330212, 1.9903278688524677, 1.5685679156908723, 1.46036358313818, 1.9247734192037573, 2.3267880562060994, 3.4190989461358474, 1.6973073770491882, 2.442100702576126, 0.3751610070257637, 0.15638290398126395, 0.7534812646370045, 0.025274004683838086, 0.6081557377049197, 0.0015796252927398804, 0.5813021077283418, 0.7669080796252962, 0.1713893442622981, 1.2573817330210817, 0.24326229508196526, 0.8016598360655761, 1.5006440281030602, 0.37279156908665384, 0.556817915690871, 0.5133782201405164, 0.06318501170960311, 1.1175848946135865, 0.6034168618267027, 0.22193735362997952, 0.5734039812646397, 0.4715181498829017, 0.06792388758782013, 0.08372014051522418, 0.8379912177985986, 1.3553185011709648, 0.30249824355971866, 0.0015796252927372497, 1.1799800936768223, 0.009477751756444545, 0.789812646370027, 0.5315439110070302, 0.5117985948477791, 1.9729519906323265, 0.5844613583138188, 0.46993852459016705, 1.2123624121779897, 0.9343483606557419, 0.8766920374707284, 1.6799314988290523, 0.2519502341920372, 0.15480327868852672, 0.20772072599531533, 0.11373302107728456, 2.4673747072599643, 0.4391358313817368, 0.7519016393442647, 0.6847675644028118, 2.364699063231862, 1.2952927400468441, 0.556028103044501, 0.06634426229508024, 0.9841065573770534, 0.6421176814988324, 0.32066393442623253, 0.6310603044496532, 0.010267564402811855, 0.6136844262295094, 0.49679215456674497, 1.3000316159250638, 0.12321077283372646, 1.509331967213124, 0.945405737704921, 1.0812535128805665, 0.7503220140515248, 1.067036885245905, 1.6546574941452061, 0.8190357142857175, 0.2108799765807977, 0.07740163934425941, 0.31908430913349267, 0.315135245901643, 0.03949063231849964, 0.5970983606557405, 0.34435831381733073, 0.3325111241217843, 0.47625702576112655, 0.5970983606557405, 0.2061411007025728, 0.2314151053864162, 1.2336873536299808, 1.3268852459016443, 1.0670368852459078, 0.548129976580799, 1.3134584309133555, 0.21009016393442778, 0.9706797423887644, 1.2818659250585525, 0.41465163934426863, 0.43834601873536944, 0.28117330210773034, 0.08924882903981114, 0.5599771662763507, 0.15243384074941688, 0.1342681498829056, 3.1015942622951, 0.4162312646370059, 0.7195193208430944, 1.7510146370023523, 1.1009988290398176, 1.0788840749414568, 1.737587822014058, 0.3206639344262299, 0.7163600702576147, 1.068616510538645, 1.4572043325527002, 0.2716955503512884, 1.3379426229508236, 1.2723881733021158, 0.5820919203747117, 0.12163114754098658, 0.9296094847775223, 0.33803981264637123, 0.5852511709601862, 0.49284309133489534, 0.08608957845433401, 0.7503220140515248, 0.7937617096018768, 0.20535128805620814, 0.20693091334894803, 0.6010474238875904, 0.8324625292740091, 0.42491920374707787, 0.5370725995316199, 0.4343969555035171, 1.052030444964876, 0.661073185011711, 1.7146832552693296, 0.21561885245901735, 0.2432622950819679, 0.5370725995316199, 0.2393132318501182, 1.4485163934426282, 0.31987412177986263, 0.9225011709601902, 1.3253056206089069, 0.7345257611241233, 0.6136844262295067, 0.8577365339578498, 0.799290398126469, 1.1752412177986, 0.974628805620614, 0.32461299765807705, 0.7210989461358344, 0.35462587822014, 0.7929718969555042, 1.3955989461358422, 1.4050766978922764, 1.0417628805620642, 0.8751124121779912, 0.7503220140515248, 0.16980971896955294, 0.10425526932084789, 0.9390872365339642, 0.2124596018735376, 0.4391358313817341, 0.25274004683840984, 0.4715181498829043, 0.025274004683838086, 0.13031908665105857, 1.2866048009367745, 0.9043354800936816, 1.052820257611246, 0.5054800936768197, 0.5307540983606577, 0.5765632318501195, 0.42412939110070264, 0.8924882903981324, 0.6713407494145228, 0.5907798594847784, 0.26221779859484645, 0.5370725995316199, 1.9634742388758872, 0.27327517564402826, 1.7304795081967286, 0.013426814988288984, 0.2748548009367734, 0.41307201405152605, 0.018955503512881194, 0.8135070257611279, 0.06792388758782013, 0.39490632318501484, 0.22825585480093638, 0.2867019906323198, 0.1153126463700218, 1.3079297423887657, 0.8719531615925087, 0.36647306791569434, 1.1910374707260014, 0.09003864168618107, 0.6737101873536326, 2.1396024590164022, 0.6002576112412203, 1.0583489461358357, 1.2984519906323264, 0.6128946135831395, 1.7462757611241297, 1.559879976580803, 0.6042066744730726, 0.825354215456677, 0.932768735363002, 0.12873946135831604, 0.14216627634660503, 0.9525140515222531, 1.4027072599531663, 0.3056574941452011, 1.5748864168618344, 1.219470725995322, 0.39095725995316516, 0.17928747072599485, 0.6326399297423906, 0.7432137002341953, 3.8629736533958012, 0.9920046838407527, 1.6412306791569147, 0.37989988290398335, 0.6792388758782223, 0.682398126463702, 0.31355562060890046, 0.39095725995316777, 0.6460667447306796, 0.6286908665105408, 0.0639748243559678, 0.2061411007025728, 0.3372500000000013, 0.7961311475409892, 0.7218887587822043, 0.18244672131147197, 0.8411504683840785, 1.3734841920374785, 1.1239033957845486, 0.29696955503512906, 0.1761282201405177, 1.2115725995316224, 1.1673430913349006, 0.43755620608899687, 0.0537072599531612, 0.37989988290398335, 0.04817857142857161, 0.9809473067915737, 1.0780942622950866, 0.5947289227166307, 0.5504994145199116, 1.3379426229508236, 0.5299642857142878, 1.143648711943797, 0.03396194379391269, 1.0741451990632371, 1.3276750585480142, 0.9161826697892332, 1.3995480093676893, 0.1966633489461388, 0.5520790398126487, 0.4549320843091355, 90.96272248243604, 63.10445081967244, 63.703918618267274, 54.80036065573796, 33.54571252927416, 24.93122599531628, 20.819461358313916, 2.655350117096031, 2.9246762295082123, 1.0512406323185035, 0.8916984777517599, 1.5519818501171037, 0.40675351288056394, 1.232897540983611, 1.2155216627634722, 0.5655058548009377, 0.27959367681498515, 1.3142482435597254, 0.6255316159250611, 0.15164402810304695, 0.966730679156912, 1.112056206088997, 0.263007611241219, 0.3356703747072588, 0.2685362997658112, 1.2242096018735416, 0.4138618266978934, 1.079673887587824, 0.4865245901639358, 0.8348319672131189, 0.3506768149882903, 1.1570755269320887, 0.682398126463702, 1.0536100702576159, 0.4020146370023443, 0.36805269320843426, 0.2827529274004702, 1.638071428571435, 0.5070597189695595, 0.09082845433255365, 0.5117985948477791, 0.4114923887587836, 0.4770468384074965, 0.34909718969555303, 0.6760796252927451, 0.26142798594848177, 1.3537388758782274, 0.7361053864168632, 1.2597511709601914, 1.2400058548009432, 0.9130234192037509, 1.8718559718969663, 0.8601059718969596, 1.4990644028103124, 0.8924882903981298, 0.4683588992974272, 0.6950351288056237, 0.17691803278688764, 0.4264988290398151, 1.041762880562067, 0.13900702576112264, 0.07266276346604239, 0.010267564402811855, 0.25116042154566465, 0.35936475409836227, 0.39016744730679254, 1.6530778688524663, 1.7920848946135917, 0.42491920374707787, 0.8277236533957868, 0.4422950819672139, 1.9595251756440373, 0.35304625292740277, 1.49274590163935, 1.4248220140515273, 0.6057862997658126, 0.20140222482436107, 1.0307055035128851, 0.03080269320843556, 1.1855087822014119, 0.6587037470726013, 0.29065105386416956, 1.0812535128805691, 1.1934069086651111, 0.11373302107728456, 0.13584777517564287, 1.8070913348946205, 1.6586065573770588, 0.6271112412178009, 1.4658922716627696, 0.12794964871194872, 1.5551411007025833, 1.3363629976580862, 0.5718243559719024, 0.7163600702576147, 1.0267564402810354, 1.1081071428571472, 0.09161826697892095, 1.8805439110070354, 0.02764344262294791, 1.4287710772833797, 1.818148711943805, 1.4240322014051574, 0.10662470725995772, 1.0678266978922748, 0.06950351288056526, 0.23220491803278612, 0.9683103044496546, 0.9501446135831407, 1.374274004683851, 0.7274174473067991, 1.7075749414520003, 1.4137646370023482, 0.13663758782201282, 1.232897540983611, 0.2938103044496546, 0.8719531615925139, 1.9468881733021157, 0.27880386416861785, 0.17454859484777785, 1.2471141686182725, 0.27248536299766357, 0.812717213114758, 1.0006926229508248, 0.3577851288056224, 0.7440035128805652, 1.8623782201405241, 1.382961943793918, 0.7147804449648749, 0.5813021077283418, 0.837991217798596, 0.7226785714285768, 0.16270140515222348, 0.8640550351288067, 0.9303992974238922, 0.25352985948477447, 0.3230333723653424, 0.6800286885245975, 0.30486768149883114, 2.0930035128805704, 0.3380398126463686, 1.0046416861826744, 0.8743225995316185, 0.13821721311475532, 0.0766118266978921, 1.5180199063231907, 0.7945515222482468, 1.1855087822014092, 0.08687939110070395, 0.7076721311475428, 0.09161826697892095, 0.6334297423887605, 0.054497072599533763, 0.676869437939115, 1.4256118266978972, 0.29144086651054213, 0.328562060889932, 1.467471896955512, 0.8474689695550379, 0.5173272833723661, 1.1720819672131204, 0.834042154566749, 0.1287394613583134, 0.8356217798594888, 0.5623466042154607, 0.16901990632318561, 0.5378624121779846, 0.6579139344262313, 0.34751756440281056, 0.6326399297423958, 0.5868307962529288, 0.08608957845433401, 0.37832025761124083, 0.8403606557377058, 0.18244672131147463, 0.0434396955503546, 0.9793676814988337, 0.6737101873536326, 0.9896352459016455, 1.8686967213114865, 0.912233606557381, 0.34277868852459087, 0.39964519906323187, 0.6634426229508235, 0.5655058548009377, 0.5418114754098369, 0.19824297423887868, 0.19034484777517666, 1.46115339578455, 2.1009016393442725, 1.2131522248243596, 0.14927459016393713, 0.6247418032786911, 1.331624121779864, 0.4217599531615928, 0.2140392271662801, 0.20693091334894803, 0.2527400468384072, 0.37674063231850097, 0.8735327868852486, 0.4738875878220168, 0.7519016393442647, 1.0899414519906359, 1.5977909836065654, 0.19745316159250872, 0.8782716627634709, 0.13742740046838536, 0.6760796252927451, 1.6514982435597265, 0.45888114754098264, 0.33646018735363137, 0.31671487119438024, 1.7296896955503638, 0.8190357142857201, 0.28433255269321006, 0.48257552693208344, 0.014216627634656294, 0.8672142857142944, 0.10267564402810538, 0.6176334894613617, 1.0354443793911075, 0.10267564402810538, 0.6966147540983662, 0.6484361826697893, 0.23457435597189855, 0.2566891100702595, 1.2913436768149944, 0.09082845433255628, 2.0140222482435712, 0.9106539812646411, 0.8087681498829161, 1.061508196721318, 0.2890714285714297, 0.33725000000000394, 0.037911007025757136, 0.018955503512878568, 1.0622980093676853, 0.8798512880562186, 0.27011592505855114, 0.30802693208431087, 0.28512236533957996, 0.23536416861827114, 1.2123624121779923, 1.1215339578454386, 0.0, 0.14453571428571485, 0.6500158079625319, 0.03396194379391269, 1.4027072599531663, 0.711621194379395, 0.8498384074941477, 1.4777394613583212, 0.24563173302107774, 0.04107025761123952, 0.26221779859484645, 1.3955989461358422, 0.1777078454332576, 0.6800286885245922, 0.16744028103044312, 0.022904566744730896, 1.7399572599531783, 1.1294320843091383, 0.6436973067915697, 1.1997254098360708, 0.0007898126463699402, 0.5133782201405164, 0.9303992974238895, 1.068616510538645, 1.0149092505854862, 0.1397968384074952, 0.9106539812646411, 0.7961311475409892, 0.5773530444964895, 1.0101703747072641, 0.09635714285714322, 1.1262728337236585, 0.7740163934426283, 0.6768694379391124, 0.7653284543325563, 0.33882962529274385, 0.5978881733021132, 0.35699531615925245, 0.9343483606557419, 0.9556733021077328, 0.3056574941452011, 0.2938103044496546, 1.3758536299765884, 0.3048676814988285, 0.03238231850117281, 0.6602833723653411, 0.03949063231849964, 0.43597658079625695, 0.5449707259953166, 0.8972271662763494, 0.09556733021077593, 0.661073185011711, 1.5883132318501259, 1.2747576112412256, 0.15164402810304695, 0.3222435597189672, 1.0591387587822108, 0.5631364168618278, 0.2859121779859499, 0.8056088992974259, 0.56945491803279, 0.909864168618271, 0.21719847775175724, 0.1958735362997636, 0.6065761124121852, 0.7700673302107784, 0.0718729508196751, 0.22904566744730898, 1.2131522248243622, 0.2946001170960219, 0.13189871194379318, 0.6128946135831395, 2.048774004683854, 0.8901188524590227, 0.37753044496487614, 0.7187295081967245, 0.789812646370027, 1.638071428571435, 0.16823009367681568, 0.28512236533957996, 0.263797423887589, 0.49284309133489274, 0.9517242388758805, 2.103271077283385, 0.3751610070257637, 0.051337822014048747, 0.07977107728337186, 1.3142482435597254, 0.08687939110070395, 0.7858635831381774, 0.7969209601873566, 0.7479525761124151, 0.11610245901639436, 0.5497096018735389, 0.2961797423887644, 1.2076235362997727, 1.5535614754098435, 0.12952927400468334, 0.5433911007025768, 1.1752412177986, 0.82061533957846, 0.33725000000000394, 0.040280444964866956, 0.47309777517564416, 0.8506282201405176, 1.1839291569086718, 0.36963231850116884, 0.23457435597189855, 1.3071399297423931, 0.5828817330210816, 0.940666861826704, 0.39569613583138213, 1.5409244730679217, 1.6862500000000091, 1.829995901639354, 0.3743711943793911, 0.14848477751756192, 0.11373302107728192, 1.3134584309133555, 0.19824297423887868, 1.0488711943793938, 0.5639262295081979, 2.24622716627636, 0.8443097189695609, 1.504593091334902, 0.2969695550351317, 0.7526914519906373, 2.793567330210786, 0.36647306791569173, 0.2803834894613603, 0.6444871194379423, 0.9335585480093719, 0.9959537470726025, 1.3324139344262367, 0.09714695550351317, 0.7708571428571458, 0.2440521077283405, 0.09714695550351317, 0.22746604215456384, 0.1761282201405177, 0.0979367681498831, 1.1902476580796395, 0.017375878220141316, 0.26458723653395627, 0.18718559718969688, 0.8869596018735402, 0.4770468384074992, 0.8182459016393502, 0.9785778688524638, 0.541021662763467, 0.877481850117101, 1.008590749414524, 0.9841065573770534, 0.4857347775175711, 0.24089285714285807, 0.27959367681498776, 1.3260954332552743, 0.36726288056206435, 0.19824297423887605, 1.2771270491803328, 0.5046902810304471, 0.6042066744730753, 0.5370725995316172, 1.130221896955511, 0.5315439110070302, 1.360847189695557, 0.28117330210773034, 0.3506768149882877, 0.4802060889929763, 0.7906024590163944, 0.6602833723653411, 0.3956961358313795, 1.9350409836065665, 1.293713114754104, 0.3767406323185036, 0.0497581967213115, 1.4508858313817408, 1.0891516393442686, 0.5236457845433282, 0.6160538641686192, 1.8663272833723739, 1.5448735362997716, 1.1254830210772886, 0.33330093676815165, 1.3379426229508236, 2.0874748243559806, 0.28749180327869245, 0.23062529274004887, 1.3853313817330277, 0.6121048009367721, 0.4770468384074965, 0.46756908665105723, 0.7621692037470739, 0.14216627634660503, 0.997533372365345, 0.03238231850117018, 1.0583489461358357, 0.9872658079625332, 1.2123624121779923, 0.3467277517564432, 0.4912634660421581, 1.1752412177986027, 1.865537470726004, 0.6515954332552744, 0.6089455503512871, 0.8569467213114799, 0.6831879391100746, 0.05844613583138084, 0.6626528103044509, 0.2527400468384072, 0.7692775175644033, 0.7708571428571458, 0.2069309133489454, 0.007898126463702033, 3.4491118266979104, 0.4888940281030482, 0.7906024590163944, 1.4264016393442671, 0.9912148711943856, 0.20298185011709569, 0.26142798594848177, 0.42175995316159015, 0.0015796252927372497, 0.14848477751756192, 0.6010474238875877, 0.3688425058548015, 0.24484192037471042, 1.2810761124121823, 0.2519502341920399, 1.4627330210772898, 1.3387324355971961, 0.705302693208433, 1.5827845433255363, 0.1958735362997636, 0.5046902810304471, 0.20693091334894803, 0.6279010538641735, 0.9074947306791613, 0.2819631147540976, 0.48731440281030575, 2.7588155737705033, 0.5323337236533976, 1.4311405152224896, 0.646856557377052, 0.12479039812646371, 1.5891030444964935, 0.37753044496487353, 0.04107025761124215, 0.2424724824356006, 0.7368951990632359, 0.23852341920374825, 0.736105386416866, 1.3450509367681556, 1.6396510538641749, 0.2827529274004702, 0.7748062060889982, 0.9217113583138201, 0.6974045667447335, 0.4541422716627656, 1.2550122950819744, 1.2084133489461402, 0.31276580796253056, 1.194196721311481, 0.3356703747072588, 1.489586651053873, 2.633235362997673, 0.9730491803278716, 0.11215339578454205, 0.6326399297423906, 0.2093003512880605, 0.14216627634660503, 0.4383460187353668, 0.7187295081967245, 0.988845433255273, 0.0639748243559678, 1.0409730679156943, 1.5985807962529326, 1.470631147540989, 0.0544970725995364, 1.5180199063231907, 0.18244672131147197, 0.6373788056206102, 0.3577851288056224, 1.0322851288056223, 0.19982259953161594, 1.1183747072599564, 1.20999297423888, 0.46993852459016705, 0.07898126463700454, 0.8988067915690893, 1.7360081967213181, 0.39964519906323187, 1.4872172131147605, 0.44150526932084655, 1.0164888758782236, 0.0718729508196751, 0.5023208430913372, 0.940666861826704, 0.07266276346604239, 0.24326229508196526, 1.4058665105386567, 1.2818659250585525, 0.21877810304449977, 0.3569953161592498, 0.781914519906325, 0.34988700234192033, 0.5102189695550393, 0.08372014051522156, 1.4106053864168686, 1.3260954332552743, 1.3853313817330253, 0.020535128805621077, 0.9390872365339642, 0.15164402810304695, 0.2827529274004728, 0.24642154566745292, 1.6175362997658138, 0.42491920374707787, 0.8024496487119487, 1.1183747072599564, 0.7084619437939127, 0.8806411007025807, 0.3009186182669788, 0.37200175644028133, 2.469744145199074, 1.803142271662771, 0.6318501170960206, 0.6776592505854849, 0.45256264637002575, 0.19271428571428909, 0.6460667447306796, 0.6294806791569133, 0.15401346604215674, 0.21482903981264742, 0.5331235362997728, 0.832462529274017, 0.683187939110072, 0.05607669789227102, 0.46046077283372777, 0.20614110070257546, 0.48731440281030836, 0.14216627634660503, 0.051337822014051376, 0.5189069086651034, 0.6634426229508235, 1.1665532786885384, 0.7416340749414554, 0.19113466042154398, 0.12952927400468334, 0.7597997658079667, 1.1239033957845486, 0.24010304449649075, 0.38384894613583304, 1.2747576112412282, 0.9003864168618293, 1.1539162763466142, 0.9927944964871228, 0.5031106557377097, 1.2818659250585525, 1.127852459016401, 85.46720608899338, 82.86161416861866, 83.91601405152265, 81.47312353630014, 80.4755901639348, 78.78934016393481, 79.03181264637043, 79.29797950819709, 1.0575591334894683, 2.9207271662763623, 2.919937353629993, 1.387700819672135, 2.2122652224824475, 0.6413278688524598, 1.5559309133489532, 0.11610245901639436, 1.0646674473067952, 0.6302704918032833, 0.18244672131147463, 1.5614596018735454, 0.9272400468384203, 0.15480327868852406, 0.1240005854800964, 1.5322365339578523, 0.05291744730679388, 0.5086393442622967, 0.2780140515222505, 0.345937939110068, 0.2243067915690867, 0.2606381733021092, 0.8680040983606591, 0.3917470725995324, 1.1736615925058602, 0.4517728337236558, 0.711621194379395, 0.9082845433255312, 0.0718729508196751, 0.427288641686185, 0.21798829039812717, 1.1428588992974376, 0.33330093676815165, 0.5710345433255299, 0.06950351288056263, 0.4233395784543327, 0.682398126463702, 0.9193419203747104, 1.153126463700239, 0.5441809133489494, 0.4952125292740025, 1.509331967213124, 1.0828331381733116, 0.7029332552693232, 1.218680913348952, 0.3467277517564432, 1.1728717798594903, 0.7155702576112448, 0.36647306791569173, 0.6436973067915722, 0.7368951990632359, 0.1705995316159255, 0.46677927400468466, 1.6775620608899398, 1.6175362997658138, 0.2093003512880605, 0.5939391100702581, 0.1429560889929776, 0.31118618266979065, 0.11531264637002443, 0.7447933255269351, 0.7890228337236571, 0.12715983606557615, 0.6105251756440296, 0.8008700234192114, 0.24642154566745028, 0.012637002341921675, 0.6223723653395813, 1.788135831381742, 1.7249508196721415, 0.8727429742388786, 2.81647189695552, 0.46519964871194475, 0.11926170960187675, 0.5702447306791574, 1.6135872365339643, 0.3641036299765819, 0.6255316159250637, 1.0465017564402839, 0.2606381733021092, 0.6721305620608928, 1.3442611241217857, 0.789812646370027, 0.28433255269321006, 0.5931492974238934, 0.17691803278688764, 0.3743711943793911, 0.5212763466042184, 0.3325111241217843, 0.46125058548009773, 0.5504994145199116, 0.6010474238875904, 1.7810275175644126, 0.3633138173302146, 0.29302049180327944, 0.31355562060890046, 0.7629590163934464, 0.14216627634660503, 1.6143770491803369, 0.9848963700234233, 0.7550608899297444, 0.35462587822014263, 0.4004350117096018, 1.4019174473067963, 0.12952927400468334, 1.4548348946135905, 0.6760796252927451, 1.1191645199063367, 0.8632652224824393, 0.45809133489461795, 0.7945515222482468, 0.4399256440281041, 1.8908114754098448, 0.5813021077283418, 0.054497072599533763, 0.07029332552692995, 1.0812535128805665, 0.6594935597189712, 0.19982259953161854, 0.428078454332555, 0.11373302107728192, 0.6200029274004716, 0.7985005854800991, 0.8814309133489506, 1.3442611241217857, 0.12163114754098658, 1.054399882903986, 1.1049478922716676, 0.7929718969555067, 0.9706797423887619, 1.9697927400468493, 0.6942453161592538, 0.18639578454332692, 1.1460181498829094, 0.2164086651053873, 0.8174560889929803, 0.4422950819672139, 2.1380228337236624, 0.6658120608899333, 0.6200029274004688, 0.8482587822014078, 1.3245158079625396, 0.522066159250591, 0.3032880562060886, 0.3917470725995351, 0.8972271662763494, 1.45878395784544, 1.5124912177986012, 1.3632166276346669, 0.4501932084309159, 0.7400544496487156, 0.6800286885245922, 0.7108313817330225, 0.09240807962529353, 0.7953413348946193, 1.095470140515228, 0.9185521077283404, 0.8087681498829161, 1.17129215456675, 1.802352459016401, 0.21640866510538992, 0.8995966042154592, 1.0512406323185035, 0.9572529274004729, 0.14927459016393974, 0.9785778688524638, 0.3641036299765819, 2.1230163934426334, 1.3955989461358422, 0.375950819672131, 0.7392646370023457, 0.9999028103044548, 1.2810761124121823, 0.768487704918036, 0.5370725995316199, 0.022904566744730896, 0.39332669789226965, 1.097049765807968, 1.5590901639344357, 0.1587523419203738, 0.909864168618271, 0.7929718969555067, 0.46440983606557745, 0.2716955503512884, 0.8435199063231908, 1.0859923887587861, 0.768487704918036, 0.3648934426229545, 0.3198741217798653, 0.9841065573770534, 0.36647306791569434, 0.006318501170962152, 1.089151639344266, 0.9825269320843135, 0.17849765807962753, 0.02764344262295054, 1.248693793911015, 0.6910860655737713, 1.7336387587822082, 1.3758536299765858, 0.9146030444964934, 0.17217915690866276, 0.8522078454332576, 0.17770784543326024, 1.1878782201405216, 0.0497581967213115, 0.497581967213115, 0.5528688524590187, 0.03080269320843556, 0.5386522248243572, 0.5070597189695595, 0.5457605386416918, 0.09082845433255628, 0.6049964871194425, 1.1199543325526988, 0.7084619437939127, 0.8640550351288092, 1.2068337236534028, 0.6042066744730753, 0.17217915690866276, 1.061508196721318, 0.1990327868852486, 0.28986124121779966, 0.5007412177985974, 0.5512892271662762, 0.7558507025761143, 0.06476463700234299, 0.9106539812646411, 0.05923594847775604, 0.6452769320843122, 0.37200175644028133, 0.3530462529274001, 1.0338647540983676, 0.8624754098360694, 0.5820919203747117, 0.33093149882904177, 0.07582201405152478, 0.725837822014054, 1.430350702576117, 0.40754332552693384, 0.27643442622951064, 1.6625556206089058, 0.6373788056206102, 1.405076697892279, 0.7526914519906346, 0.711621194379403, 0.14374590163934228, 0.21640866510538992, 3.7302851288056407, 0.8853799765807977, 0.09082845433255628, 1.0378138173302172, 0.8095579625292756, 0.007898126463702033, 0.9303992974238922, 0.2527400468384072, 0.7210989461358344, 0.5805122950819744, 0.9043354800936789, 1.0409730679156943, 0.40675351288056394, 0.6752898126463751, 0.16823009367681568, 0.6255316159250637, 0.5741937939110098, 0.6429074941452023, 0.11373302107728456, 1.118374707259959, 0.6642324355972014, 0.7850737704918075, 1.1073173302107773, 0.479416276346609, 0.8537874707260001, 0.49047365339578286, 0.023694379391100837, 0.3641036299765819, 0.7629590163934464, 0.7526914519906373, 0.19271428571428909, 0.6342195550351305, 0.4035942622950868, 0.5599771662763481, 0.7297868852459037, 0.9169724824356031, 0.3648934426229571, 0.26616686182670146, 0.28749180327868984, 1.0228073770491857, 0.7037230679156957, 0.4738875878220168, 0.9161826697892307, 0.8838003512880604, 0.6579139344262339, 0.10899414519906228, 0.9177622950819705, 1.3924396955503573, 0.3001288056206089, 0.4257090163934425, 0.263007611241219, 0.6760796252927425, 0.505480093676817, 1.273967798594853, 0.7408442622950855, 1.276337236533963, 1.17129215456675, 0.4446645199063263, 0.05923594847774815, 1.0267564402810354, 0.8774818501170983, 0.27327517564403087, 0.9059151053864214, 1.0717757611241272, 1.1815597189695595, 1.6949379391100785, 0.5749836065573769, 1.3126686182669853, 0.46519964871194475, 0.49837177985949016, 0.3577851288056224, 2.125385831381743, 0.7495322014051575, 0.6800286885245922, 0.89011885245902, 0.7218887587822043, 0.8648448477751793, 0.07582201405152215, 0.6997740046838459, 0.483365339578456, 0.6784490632318549, 0.12242096018735125, 0.16980971896955294, 0.09240807962529353, 1.2321077283372408, 1.4216627634660475, 2.1901504683840836, 0.8490485948477804, 1.1207441451990687, 0.27011592505855375, 1.7494350117096096, 1.0978395784543378, 0.14058665105386778, 1.2471141686182725, 1.8663272833723767, 1.0038518735363045, 0.3688425058548015, 0.41307201405152605, 1.2336873536299808, 1.1278524590163983, 1.0425526932084341, 1.3024010538641735, 1.2249994145199141, 0.37200175644027866, 0.8277236533957868, 0.3688425058548042, 0.08293032786885689, 0.9509344262295211, 0.45572189695550813, 1.186298594847779, 0.5813021077283418, 0.4028044496487142, 0.8537874707260001, 3.280881733021092, 0.39095725995316777, 0.6808185011709648, 1.668084309133498, 0.8000802107728363, 0.2748548009367734, 0.5828817330210816, 0.34435831381733073, 0.6049964871194425, 0.4043840749414515, 1.5630392271662827, 0.9730491803278716, 0.6121048009367721, 0.9793676814988337, 0.010267564402809223, 1.2139420374707404, 1.5859437939110135, 0.17770784543326024, 1.405076697892279, 1.9413594847775262, 0.311975995316158, 0.060025761124123354, 1.088361826697896, 0.8640550351288092, 0.6879268149883022, 1.0694063231850175, 0.4517728337236532, 0.9035456674473116, 0.5520790398126487, 1.5835743559719038, 0.014216627634658923, 0.19034484777517927, 0.07345257611241233, 0.5141680327868837, 1.8055117096018807, 0.20930035128805782, 0.023694379391100837, 0.10188583138173808, 0.5907798594847811, 0.3111861826697933, 0.07819145199063461, 0.9801574941452036, 0.1627014051522261, 1.1373302107728376, 0.7108313817330225, 0.4746774004683893, 0.02606381733021066, 0.25905854800936934, 0.7850737704918075, 0.811927400468388, 0.5757734192037496, 0.39569613583138213, 0.18639578454332692, 1.2723881733021158, 1.829995901639354, 0.2693261124121812, 1.9145058548009484, 1.4082359484777587, 0.7637488290398164, 0.6752898126463751, 0.46125058548009773, 1.0488711943793965, 0.518117096018736, 0.12005152224824144, 1.0670368852459078, 1.0765146370023468, 0.24642154566745292, 1.1586551522248285, 0.21087997658079508, 1.9982259953161672, 0.7100415690866525, 2.9191475409836225, 0.6105251756440296, 0.10583489461358515, 1.052820257611246, 0.6207927400468415, 0.2685362997658086, 0.03949063231849964, 1.1144256440281066, 0.8285134660421567, 0.1863957845433243, 0.8498384074941477, 1.484057962529281, 1.1262728337236585, 4.247612412178009, 0.03001288056206036, 0.6318501170960206, 0.7629590163934464, 0.7653284543325563, 1.055189695550356, 0.3261926229508195, 1.2929233021077318, 0.6523852459016443, 1.5559309133489505, 1.5583003512880604, 0.7787552693208478, 0.9643612412178049, 1.0946803278688582, 0.019745316159251135, 1.7494350117096096, 1.3260954332552743, 0.1792874707259975, 1.819728337236545, 0.11373302107728456, 0.11136358313816946, 0.7258378220140567, 0.18639578454332692, 0.3641036299765819, 0.7195193208430944, 0.271695550351291, 1.5962113583138255, 0.15717271662763652, 0.3206639344262299, 0.8680040983606591, 0.48731440281030836, 0.405963700234194, 0.41307201405152605, 0.657124121779864, 2.356011124121792, 1.2834455503512923, 3.751610070257629, 0.6128946135831395, 1.2463243559719026, 0.8838003512880604, 0.1342681498829056, 0.0931978922716661, 0.18323653395784717, 0.7368951990632359, 0.3822693208430932, 1.074935011709607, 1.0346545667447349, 0.4091229508196738, 0.6373788056206102, 1.0828331381733092, 0.27880386416861785, 1.5614596018735454, 2.5392476580796393, 1.4587839578454376, 0.7590099531616047, 0.13347833723653305, 0.4107025761124137, 0.5994677985948504, 0.9904250585480129, 0.49837177985948755, 0.7171498829039846, 0.5212763466042184, 1.42719145199064, 0.20219203747072836, 1.6696639344262378, 0.36726288056206435, 0.19745316159250872, 0.24563173302108035, 0.6397482435597199, 0.2685362997658086, 0.33882962529274385, 1.817358899297435, 0.9375076112412217, 0.9833167447306834, 1.1199543325526988, 0.6950351288056237, 0.6334297423887605, 0.2606381733021092, 0.4233395784543327, 90.1808079625297, 86.36680269320884, 66.06940749414551, 64.2141375878223, 55.03572482435624, 54.75297189695577, 45.93076463700256, 37.16937295081985, 5.24277634660424, 4.9750298594848035, 0.4865245901639384, 0.2140392271662775, 0.41860070257611565, 1.2684391100702634, 0.7906024590163944, 0.5520790398126487, 0.31908430913349006, 0.09161826697892095, 0.8356217798594888, 1.438248829039819, 0.8522078454332576, 0.7234683840749442, 0.4225497658079654, 1.5290772833723727, 0.9375076112412217, 1.480898711943801, 1.1839291569086694, 0.4802060889929737, 1.1349607728337279, 1.397968384074952, 0.7068823185011754, 0.34909718969555303, 0.6721305620608928, 0.24879098360656277, 0.5378624121779925, 0.36094437939110213, 0.7827043325527054, 1.7849765807962596, 0.6192131147541015, 2.03297775175645, 0.8024496487119461, 0.6531750585480116, 0.23220491803278612, 0.37832025761124083, 0.45256264637002575, 0.5149578454332563, 0.4715181498829017, 0.8229847775175698, 0.5307540983606577, 1.6775620608899398, 0.9769982435597239, 1.1807699063231896, 2.073258196721322, 0.45256264637002575, 0.8695837236534015, 0.07898126463700454, 0.34435831381733073, 0.21087997658079508, 0.241682669789228, 0.5892002341920386, 0.2187781030444971, 0.28433255269321006, 2.288877049180342, 1.5693577283372449, 1.5661984777517626, 0.4659894613583173, 1.229738290398131, 1.7502248243559795, 0.596308548009368, 0.016586065573768745, 1.6973073770491882, 1.8505310304449727, 1.0283360655737752, 1.0164888758782236, 1.1578653395784586, 0.306447306791571, 1.6593963700234287, 0.5473401639344291, 0.2053512880562055, 0.19666334894613616, 1.6546574941452061, 0.9951639344262326, 0.033961943793910064, 0.11136358313817209, 1.4666820843091446, 1.1002090163934477, 0.1074145199063224, 2.1498700234192167, 0.09872658079625042, 0.5094291569086693, 0.14374590163934228, 1.5267078454332628, 0.4020146370023443, 0.02606381733021066, 0.07898126463700454, 0.9438261124121812, 0.4028044496487142, 1.2613307962529419, 0.3806896955503533, 0.4549320843091355, 1.7083647540983729, 0.34751756440281056, 0.40596370023419664, 0.5528688524590213, 0.3870081967213154, 1.7960339578454438, 0.6737101873536326, 0.7495322014051549, 0.1397968384074952, 0.08372014051522418, 1.9895380562060978, 0.9683103044496519, 1.4161340749414606, 2.7777710772833877, 0.7566405152224869, 1.95636592505856, 0.5315439110070302, 0.7100415690866525, 0.0852997658079588, 1.3434713114754158, 0.5757734192037496, 0.8119274004683854, 1.2060439110070302, 0.029223067915693048, 0.20851053864168528, 1.49748477751757, 1.5006440281030522, 0.04580913348946179, 1.1823495316159347, 0.26221779859484645, 1.328464871194384, 1.0559795081967231, 0.5007412177985999, 0.8293032786885266, 0.1966633489461388, 1.8450023419203831, 0.31355562060890046, 0.20061241217798587, 1.0678266978922748, 0.6792388758782223, 0.7155702576112448, 0.9864759953161658, 0.8616855971896995, 1.4698413348946218, 0.5765632318501221, 0.7637488290398164, 0.6871370023419242, 1.3087195550351436, 0.6579139344262339, 0.7566405152224843, 0.6294806791569107, 0.40596370023419664, 0.6776592505854877, 1.4777394613583188, 1.8394736533957934, 1.031495316159255, 0.8277236533957893, 1.3482101873536405, 0.2124596018735376, 1.705995316159263, 0.39727576112412466, 0.7913922716627669, 0.6942453161592538, 0.7566405152224843, 1.3632166276346669, 0.7597997658079667, 0.8427300936768184, 0.04580913348946442, 0.4099127634660463, 0.9161826697892332, 1.39086007025762, 0.1184718969555042, 1.9121364168618356, 0.8245644028103123, 1.0788840749414568, 1.0054314988290445, 0.1745485948477752, 0.9540936768149904, 1.591472482435606, 0.6097353629976595, 0.7542710772833745, 0.7463729508196804, 1.504593091334902, 0.8774818501170983, 0.7842839578454349, 0.541021662763467, 0.29144086651054213, 1.4279812646370074, 0.9856861826697985, 0.548129976580799, 0.31908430913349006, 0.5631364168618278, 0.03001288056206299, 0.5086393442622967, 1.1120562060889996, 1.4027072599531663, 0.11689227166276694, 0.4952125292740025, 0.1397968384074952, 0.28196311475410024, 0.556817915690871, 1.5883132318501236, 1.8284162763466116, 1.8244672131147646, 0.3119759953161606, 0.34988700234192033, 0.7827043325527054, 0.4636200234192049, 1.7510146370023494, 0.2440521077283405, 0.526015222482438, 0.4509830210772885, 0.44071545667447665, 0.5805122950819718, 0.8616855971896995, 0.3182944964871227, 0.15164402810304695, 1.2202605386416918, 0.4517728337236532, 0.5892002341920386, 0.7432137002341953, 1.007011124121787, 1.4398284543325588, 2.5487254098360785, 0.5315439110070302, 2.02586943793912, 0.9398770491803341, 1.2502734192037521, 1.5938419203747132, 0.49600234192038034, 0.8893290398126501, 0.5607669789227206, 0.6429074941452023, 0.6855573770491844, 0.5884104215456712, 1.269228922716631, 0.11689227166276694, 0.31671487119438024, 1.1065275175644125, 0.966730679156912, 1.928722482435607, 1.3490000000000077, 1.3790128805620656, 0.9833167447306861, 0.4114923887587836, 0.6207927400468415, 0.526015222482438, 0.5354929742388826, 0.4051738875878241, 1.1041580796253, 1.5448735362997716, 0.7985005854800991, 0.19429391100702634, 0.4517728337236532, 0.30723711943793836, 0.15638290398126395, 1.229738290398131, 0.1453255269320874, 1.052030444964876, 1.0117500000000093, 0.1713893442622981, 0.5678752927400502, 0.695824941451991, 1.645969555035137, 0.8056088992974259, 0.37674063231850097, 0.14216627634660503, 0.592359484777521, 1.7296896955503613, 0.40596370023419664, 1.0788840749414568, 1.2866048009367745, 1.5069625292740116, 1.055189695550356, 0.4391358313817341, 0.10267564402810538, 0.03317213114754275, 1.2510632318501247, 1.8450023419203831, 0.4596709601873578, 0.5852511709601862, 0.38858782201405795, 1.4169238875878305, 0.961991803278695, 1.3024010538641735, 1.404286885245909, 0.3159250585480103, 1.4824783372365382, 0.07740163934425941, 0.8269338407494169, 1.2447447306791626, 1.3584777517564472, 0.31908430913349267, 0.26616686182670146, 0.155593091334894, 0.1713893442622981, 0.914603044496496, 2.793567330210786, 1.401127634660429, 1.3711147540983661, 0.8988067915690893, 1.197355971896961, 0.9809473067915737, 0.30565749414519844, 0.5765632318501221, 0.6294806791569133, 0.1705995316159255, 0.4233395784543327, 0.49284309133489534, 1.2787066744730726, 5.204075526932113, 6.437762880562091, 1.2637002341920436, 0.3230333723653398, 0.11373302107728456, 0.9169724824356031, 0.49837177985949016, 0.4264988290398151, 0.7392646370023457, 0.6310603044496506, 1.0891516393442686, 0.5528688524590213, 0.4557218969555055, 0.6207927400468415, 0.5749836065573797, 1.4453571428571537, 0.018165690866508623, 0.4217599531615928, 1.3150380562060953, 0.46046077283372777, 1.7265304449648786, 0.17770784543326024, 0.3522564402810302, 0.43044789227166474, 1.1578653395784613, 2.416826697892283, 0.32145374707260255, 1.240795667447313, 0.85615690866511, 0.5410216627634695, 0.5607669789227206, 0.23457435597189594, 0.8727429742388786, 0.22351697892271677, 0.20219203747072576, 0.021324941451991018, 0.11215339578454205, 0.39016744730679515, 0.1563829039812613, 0.6713407494145228, 0.3862183840749429, 0.31118618266979065, 1.1878782201405216, 2.752497072599544, 3.0470971896955636, 3.890617096018754, 3.141084894613597, 4.242083723653415, 3.6900046838407685, 2.9933899297424023, 4.231816159250605, 2.5929549180328006, 1.4777394613583188, 2.852013466042167, 2.02823887587823, 3.2579771662763637, 2.443680327868866, 4.553269906323208, 6.177914519906354, 4.616454918032809, 0.4249192037470752, 0.9217113583138201, 1.661765807962536, 1.1728717798594903, 0.3032880562060886, 1.49353571428572, 0.7487423887587875, 0.682398126463702, 0.2369437939110084, 0.2527400468384072, 0.3380398126463686, 1.1136358313817367, 1.2005152224824407, 0.28433255269321006, 1.1152154566744765, 1.2866048009367745, 0.48968384074941557, 1.1768208430913425, 0.6721305620608928, 1.4027072599531663, 1.3948091334894697, 0.47309777517564683, 0.38384894613583304, 0.07582201405152215, 1.1175848946135891, 1.4366692037470792, 0.0, 0.23457435597189855, 0.8466791569086706, 0.5876206088992961, 0.8522078454332576, 1.2139420374707404, 0.8632652224824393, 1.8544800936768222, 1.944518735363006, 0.8608957845433295, 1.4082359484777587, 0.7597997658079667, 1.945308548009376, 0.2045614754098382, 1.3805925058548056, 0.263797423887589, 0.2748548009367655, 0.19034484777517927, 1.134960772833733, 0.5307540983606577, 0.15164402810304695, 1.0480813817330263, 0.41228220140515875, 0.483365339578456, 0.8332523419203764, 2.8235802107728496, 1.8386838407494233, 0.22351697892271938, 0.518117096018736, 0.9548834894613629, 0.15085421545667438, 0.11531264637002443, 0.1863957845433243, 0.7874432084309172, 0.3293518735363019, 1.6396510538641749, 0.1397968384074952, 0.8087681498829161, 1.5432939110070314, 0.055286885245903715, 1.5480327868852617, 1.5496124121779937, 0.5741937939110098, 0.1792874707259975, 0.10188583138173808, 1.6996768149882981, 1.0172786885245961, 1.221050351288062, 0.14137646370023244, 0.15164402810304695, 0.26616686182670146, 0.8158764637002377, 1.1428588992974298, 0.7432137002341926, 0.16901990632318561, 0.6673916861826732, 0.2756446135831381, 1.39086007025762, 0.05607669789227365, 0.12163114754098395, 0.3175046838407528, 0.2693261124121812, 1.4714209601873591, 0.0497581967213115, 1.074935011709607, 0.19666334894613616, 0.6737101873536326, 0.5599771662763507, 0.617633489461359, 0.9493548009367708, 0.4738875878220168, 0.5236457845433282, 0.4683588992974246, 1.8939707259953247, 1.6467593676815069, 1.7470655737704999, 1.594631733021083, 3.0249824355972055, 0.34830737704917786, 0.8158764637002377, 0.4422950819672165, 0.4264988290398151, 0.5212763466042184, 0.12005152224824144, 0.6966147540983662, 0.32461299765807705, 0.1476949648711946, 0.7361053864168632, 1.1602347775175712, 0.2574789227166268, 0.6721305620608928, 0.07977107728337186, 0.4952125292740025, 1.0149092505854838, 0.988845433255273, 0.392536885245905, 1.1902476580796395, 0.8095579625292756, 1.1649736533957882, 0.5655058548009377, 1.0946803278688582, 0.0639748243559678, 0.7937617096018794, 0.8103477751756482, 0.7100415690866525, 0.43834601873536944, 1.8694865339578564, 0.6452769320843122, 0.02922306791569042, 0.1911346604215466, 0.1184718969555042, 0.7361053864168632, 0.8561569086651178, 0.41386182669789606, 0.5015310304449673, 1.8141996487119525, 0.5426012880562042, 1.0536100702576134, 0.5165374707259961, 1.394019320843097, 0.25274004683840984, 1.1586551522248285, 0.8372014051522287, 0.8948577283372422, 0.015796252927398804, 0.7068823185011754, 0.24247248243559796, 1.2873946135831444, 0.8632652224824393, 1.3008214285714361, 1.0480813817330263, 0.08056088992974705, 0.21009016393442514, 0.3656832552693244, 0.9398770491803341, 0.13584777517564287, 0.7842839578454349, 0.29065105386416956, 1.2613307962529419, 1.2360567915690905, 1.7628618266979013, 0.35541569086651253, 0.015796252927398804, 0.976208430913354, 0.10662470725995772, 0.241682669789228, 0.3751610070257611, 1.2755474238875955, 0.32224355971897506, 0.18481615925058442, 0.12715983606557354, 0.27011592505855375, 0.7037230679156983, 0.3743711943793885, 0.1413764637002351, 1.2455345433255327, 1.437459016393449, 1.6838805620608994, 0.6231621779859513, 0.28828161592505974, 0.28828161592505974, 0.04186007025760946, 0.9872658079625357, 0.37279156908665123, 0.1461153395784521, 0.09951639344262561, 0.6808185011709622, 0.3348805620608941, 0.7226785714285768, 0.7558507025761143, 0.6752898126463778, 1.0054314988290445, 1.6080585480093745, 0.5631364168618306, 1.5898928571428634, 0.12005152224824144, 0.47625702576112655, 0.1784976580796249, 0.14769496487119724, 1.9255632318501275, 0.25905854800936934, 1.472210772833732, 0.33646018735363137, 1.3379426229508236, 0.22667622950819652, 0.5117985948477791, 0.005528688524592212, 0.10030620608899293, 1.4903764637002428, 0.0821405152224843, 0.4549320843091355, 0.8711633489461388, 2.495807962529287, 1.1855087822014092, 0.1540134660421594, 0.28433255269321006, 0.4209701405152229, 0.9927944964871228, 0.10425526932084525, 0.9493548009367708, 1.0559795081967231, 0.04580913348946442, 0.46125058548009773, 0.07108313817330252, 0.8316727166276365, 0.3111861826697933, 0.46677927400468466, 1.260540983606564, 1.0409730679156943, 2.303883489461371, 1.2834455503512923, 0.21798829039812717, 1.474580210772839, 0.4288682669789249, 0.8569467213114799, 0.22272716627635208, 0.5433911007025793, 1.3300444964871265, 1.5954215456674607, 0.5007412177985974, 1.5527716627634736, 1.2676492974238935, 0.34514812646370335, 0.4430848946135812, 0.22272716627634945, 0.945405737704921, 1.701256440281038, 0.4107025761124163, 1.3553185011709648, 1.130221896955511, 1.3884906323185076, 1.4998542154566823, 0.03949063231849964, 0.5149578454332563, 2.4965977751756574, 0.23062529274004887, 0.6373788056206102, 0.6136844262295067, 1.1286422716627709, 0.0544970725995364, 0.43281733021077196, 0.8537874707259975, 0.6816083138173321, 0.29933899297423894, 1.079673887587824, 1.2723881733021158, 0.4944227166276352, 0.24721135831382024, 1.1302218969555133, 0.4778366510538638, 0.5765632318501195, 0.8166662763466076, 1.4690515222482545, 1.49748477751757, 0.7234683840749467, 0.5576077283372409, 0.6444871194379423, 0.5931492974238909, 0.5576077283372409, 0.3648934426229545, 0.3056574941452011, 0.5939391100702608, 0.7424238875878254, 1.6285936768149956, 0.3388296252927412, 0.15480327868852406, 1.2834455503512923, 0.45572189695550813, 1.4777394613583188, 1.3355731850117136, 0.1627014051522261, 1.1957763466042186, 0.21166978922716764, 1.152336651053869, 0.9138132318501209, 1.1215339578454386, 0.3814795081967232, 1.6641352459016483, 1.5274976580796302, 0.9943741217798653, 3.2966779859484965, 4.4656007025761335, 5.111667447306819, 0.7155702576112448, 0.4107025761124137, 0.7376850117096058, 1.4303507025761197, 243.0356188524602, 243.44237236534082, 88.43769145199104, 87.92826229508239, 51.31333782201429, 36.92848009367698, 3.8211135831381946, 3.0162944964871357, 0.8166662763466049, 0.22193735362997952, 0.49047365339579074, 0.4967921545667477, 1.2352669789227206, 1.0378138173302172, 0.35936475409836227, 0.16744028103044575, 0.04186007025760946, 1.3134584309133555, 0.9074947306791613, 0.3459379391100759, 0.203771662763463, 0.8782716627634682, 1.7020462529274105, 1.0496610070257664, 1.2597511709601914, 0.36805269320843426, 0.5757734192037496, 1.8118302107728455, 0.008687939110069341, 2.104060889929755, 0.12558021077283893, 0.1461153395784521, 1.3695351288056314, 1.0188583138173333, 1.1254830210772886, 8.243274590163974, 0.8853799765807977, 3.8921967213114943, 0.5813021077283418, 2.083525761124131, 0.9580427400468428, 0.5291744730679179, 1.5448735362997716, 1.055189695550356, 0.18323653395784456, 0.8664244730679218, 0.0015796252927372497, 0.9138132318501209, 1.6380714285714377, 1.5409244730679246, 0.7092517564402826, 0.1911346604215466, 0.1532236533957868, 1.0259666276346655, 0.5473401639344291, 1.4532552693208585, 0.10267564402810538, 0.3941165105386449, 1.0622980093676853, 0.4114923887587836, 2.6592991803278805, 0.28512236533957996, 0.5797224824355993, 0.5631364168618306, 0.41939051522248033, 0.34277868852459353, 2.141182084309142, 0.3988553864168645, 2.410508196721323, 1.5101217798594915, 0.5860409836065614, 1.3253056206089044, 0.8356217798594863, 0.6429074941452023, 1.6744028103044575, 0.1461153395784521, 1.2084133489461402, 1.5109115925058614, 1.0291258782201451, 1.0235971896955556, 0.626321428571431, 1.3513694379391177, 1.3734841920374785, 2.124596018735373, 0.6705509367681529, 1.4453571428571483, 0.5860409836065589, 0.08372014051522418, 0.03712119437939245, 0.7084619437939127, 0.19034484777517927, 1.6428103044496571, 0.48494496487119854, 1.2052540983606603, 0.33961943793911376, 1.3616370023419244, 2.5202921545667554, 1.3576879391100745, 1.8844929742388852, 3.2074291569086824, 0.842730093676821, 3.624450234192053, 2.8235802107728496, 6.076028688524621, 4.480607142857163, 4.864456088992996, 5.579236533957871, 7.819145199063269, 8.315147540983649, 7.399754683840788, 4.218389344262317, 6.487521077283402, 7.879960772833764, 6.226882903981295, 11.872463700234249, 10.329959601873586, 13.28543852459023, 12.99478747072606, 12.162324941452049, 9.905040398126513, 10.43184543325532, 12.280796838407555, 5.521580210772861, 2.6071715456674593, 1.7786580796253029, 0.6508056206089043, 6.031799180327899, 2.728012880562076, 0.5283846604215479, 0.5347031615925074, 0.120841334894614, 2.102481264637015, 0.7882330210772845, 0.4778366510538664, 0.09082845433255365, 1.0062213114754144, 0.05291744730679126, 0.10978395784543221, 0.5544484777517585, 0.5504994145199116, 0.5757734192037496, 2.4357822014051664, 1.0670368852459078, 0.2946001170960219, 0.6421176814988324, 0.16823009367681568, 0.7297868852459037, 1.2123624121779897, 1.0378138173302198, 0.21009016393442514, 0.23773360655737832, 0.3159250585480103, 1.3853313817330277, 0.005528688524592212, 0.6792388758782223, 0.7827043325527054, 0.16507084309133593, 1.17603103044497, 0.6168436768149917, 0.2314151053864162, 0.19429391100702634, 2.3773360655737807, 0.13584777517564287, 1.0488711943793938, 0.859316159250587, 0.4628302107728376, 0.4114923887587836, 0.16744028103044312, 1.1468079625292793, 0.6136844262295067, 0.6902962529274042, 0.40122482435597695, 1.4990644028103097, 0.04580913348946442, 0.1895550351288067, 0.5133782201405164, 2.059041569086663, 1.6838805620608994, 0.5710345433255299, 0.5726141686182672, 0.4967921545667477, 0.362524004683842, 0.8695837236534015, 0.5102189695550366, 0.6650222482435633, 0.5757734192037496, 1.1152154566744765, 0.1184718969555042, 0.6200029274004688, 1.625434426229516, 1.095470140515228, 0.6997740046838459, 0.9619918032786977, 0.31276580796253056, 0.8269338407494169, 1.1902476580796395, 0.1650708430913333, 1.488007025761133, 0.8522078454332576, 0.5757734192037496, 1.4801088992974285, 0.38384894613583304, 0.09398770491803342, 2.399450819672144, 1.510911592505864, 2.780140515222498, 0.22667622950819913, 0.6026270491803302, 1.8521106557377125, 0.1240005854800964, 1.1823495316159347, 0.120841334894614, 0.029223067915693048, 1.1262728337236585, 0.9983231850117149, 0.15085421545667438, 0.7210989461358344, 0.9983231850117149, 6.410119437939143, 4.486135831381753, 1.8220977751756549, 1.055189695550356, 0.7203091334894643, 1.723371194379399, 0.617633489461359, 1.5559309133489505, 2.325998243559729, 1.6799314988290523, 7.384748243559754, 1.561459601873548, 1.9231937939110175, 0.2946001170960219, 0.13821721311475532, 0.27011592505855375, 0.9856861826697959, 0.6831879391100746, 0.7297868852459037, 0.7582201405152241, 0.6026270491803328, 0.4154414519906359, 0.2890714285714297, 0.7495322014051549, 1.043342505854807, 1.7044156908665202, 0.12637002341920622, 1.0133296252927437, 0.5165374707259935, 0.6010474238875877, 0.8506282201405176, 3.1466135831381865, 0.5512892271662788, 1.3126686182669853, 0.7479525761124176, 1.6222751756440361, 0.5418114754098369, 1.1294320843091408, 0.4494033957845433, 0.9067049180327887, 0.04817857142857161, 1.5764660421545744, 0.024484192037470775, 0.2827529274004702, 1.942149297423896, 0.31355562060890046, 0.3261926229508195, 0.4999514051522274, 1.4153442622950907, 1.0607183840749481, 0.6800286885245922, 0.2053512880562055, 0.17296896955503535, 1.2502734192037548, 0.6231621779859513, 1.0480813817330263, 0.9446159250585539, 1.5835743559719038, 0.5718243559718998, 0.20772072599531533, 0.6879268149883022, 1.2115725995316224, 0.2598483606557393, 0.5757734192037496, 0.9951639344262326, 1.4848477751756481, 0.6239519906323212, 0.33093149882903916, 1.7549637002341993, 2.9025614754098488, 0.5655058548009377, 0.7842839578454375, 0.38779800936768016, 0.03949063231849964, 0.018165690866511257, 1.003851873536302, 2.149080210772847, 3.267454918032803, 7.069612997658116, 1.9366206088993063, 0.22746604215456384, 0.5749836065573769, 0.6547546838407514, 0.03791100702575976, 1.5985807962529326, 0.1753384074941504, 0.49916159250585745, 0.7590099531616047, 0.8008700234192062, 0.7969209601873591, 0.7874432084309172, 0.8948577283372422, 0.5031106557377097, 0.7424238875878254, 2.0669396955503627, 0.9675204918032847, 0.63895843091335, 0.5836715456674516, 0.08372014051522156, 0.8016598360655788, 1.1594449648711986, 2.3410046838407634, 0.2314151053864162, 0.26774648711943866, 1.0670368852459078, 1.987958430913358, 0.6981943793911009, 1.70994437939111, 0.7858635831381774, 1.449306206088998, 2.6040122950819797, 1.1262728337236585, 0.24958079625293003, 1.2613307962529339, 0.44703395784543354, 0.8229847775175672, 0.8703735362997714, 2.286507611241227, 0.8995966042154592, 1.0030620608899345, 0.8024496487119487, 3.203480093676833, 0.6539648711943868, 0.8458893442623007, 3.245340163934445, 0.8845901639344304, 0.56945491803279, 0.8008700234192114, 0.6587037470726013, 1.4556247072599604, 2.1538190866510663, 1.2684391100702634, 1.5227587822014106, 0.030802693208432933, 0.427288641686185, 0.09793676814988574, 0.7195193208430944, 0.7542710772833771, 1.1807699063231896, 1.394809133489467, 1.1531264637002416, 0.1240005854800964, 0.0063185011709595215, 1.5251282201405203, 1.3189871194379423, 0.42491920374707787, 0.11610245901639436, 0.7755960187353681, 0.945405737704921, 0.7345257611241233, 1.2960825526932191, 0.9074947306791613, 2.0637804449648827, 0.13031908665105593, 0.676869437939115, 0.6974045667447335, 1.246324355971905, 1.0717757611241272, 0.4454543325526937, 1.9524168618267053, 0.8972271662763494, 1.0646674473067952, 0.4620403981264703, 0.5583975409836083, 0.7534812646370045, 0.36094437939110213, 0.6902962529274042, 0.5157476580796289, 0.4446645199063237, 0.19745316159250872, 1.2818659250585525, 0.1105737704918048, 1.0354443793911101, 1.810250585480103, 1.2455345433255327, 1.6522880562060964, 0.4020146370023443, 0.06476463700234299, 1.5306569086651125, 0.9430362997658166, 0.9446159250585511, 1.0354443793911101, 0.9991129976580848, 0.9999028103044548, 1.4848477751756455, 0.03001288056206299, 1.7565433255269391, 0.8759022248243585, 0.7384748243559731, 0.4786264637002364, 0.012637002341921675, 1.1744514051522301, 1.0307055035128851, 0.07108313817330252, 0.4035942622950868, 1.1468079625292793, 1.6586065573770614, 1.3553185011709648, 0.9359279859484818, 1.008590749414524, 1.8110403981264755, 0.49363290398126786, 0.20535128805620814, 0.8142968384074978, 0.6587037470726013, 0.4336071428571472, 0.8458893442623033, 1.0859923887587888, 0.3151352459016403, 0.017375878220141316, 0.5149578454332563, 1.17603103044497, 0.3119759953161606, 1.4982745901639398, 0.5117985948477818, 0.23773360655738093, 1.0330749414520002, 0.16823009367681568, 0.4565117096018754, 0.9880556206089083, 0.646856557377052, 0.398065573770492, 1.8323653395784614, 5.846983021077312, 1.2542224824356045, 1.1239033957845486, 1.9374104215456767, 0.15164402810304956, 5.4931469555035415, 0.12400058548009377, 0.689506440281034, 0.6286908665105434, 0.8435199063231935, 1.1428588992974376, 0.691086065573774, 0.10978395784543221, 0.24642154566745028, 0.23220491803278345, 1.6372816159250652, 0.4659894613583147, 2.4681645199063342, 0.6034168618267001, 0.6555444964871213, 0.7550608899297471, 0.03870081967213233, 0.15954215456674634, 0.5647160421545704, 1.374274004683846, 0.4541422716627656, 1.2889742388758847, 0.22351697892271938, 1.5898928571428634, 0.9864759953161658, 0.7108313817330251, 0.7424238875878254, 1.0512406323185062, 0.592359484777521, 0.48178571428571615, 0.09082845433255628, 0.8411504683840811, 0.16744028103044312, 0.4343969555035171, 0.23062529274004887, 0.44703395784543354, 0.8972271662763494, 1.3110889929742455, 0.4494033957845433, 1.1791902810304524, 0.6966147540983636, 1.9769010538641865, 0.6776592505854877, 1.3616370023419244, 0.6863471896955518, 0.462830210772835, 0.5007412177985974, 0.23457435597189594, 0.6310603044496532, 0.27011592505855375, 0.7226785714285768, 1.0765146370023468, 0.9351381733021092, 0.14216627634660503, 1.0030620608899345, 1.5432939110070343, 0.3151352459016403, 0.1105737704918048, 0.38463875878220566, 3.094485948477765, 0.14216627634660503, 1.062298009367688, 0.07266276346604239, 3.512296838407511, 0.09240807962529353, 0.17296896955503796, 0.2827529274004702, 0.8838003512880604, 0.689506440281034, 0.31908430913349267, 1.1799800936768223, 0.9556733021077328, 0.3285620608899293, 1.1515468384074992, 0.2093003512880605, 1.0741451990632371, 0.18323653395784717, 0.07266276346604239, 0.13268852459016311, 2.870968969555051, 0.5568179156908736, 0.6689713114754131, 0.4691487119437945, 0.7021434426229558, 2.630865925058563, 0.21561885245901735, 1.4745802107728416, 0.13900702576112525, 0.022904566744730896, 0.8719531615925139, 1.7604923887587889, 0.03475175644028263, 0.7906024590163944, 0.4517728337236558, 0.22667622950819913, 0.22272716627635208, 1.3102991803278756, 0.7013536299765859, 0.7100415690866525, 0.9635714285714323, 1.2889742388758847, 0.9390872365339642, 0.4043840749414515, 1.9982259953161672, 2.3173103044496597, 0.8640550351288092, 2.3639092505854915, 0.582091920374709, 1.4848477751756481, 0.898806791569092, 0.023694379391100837, 1.1144256440281066, 2.673515807962545, 0.14216627634660503, 0.4099127634660437, 2.88439578454334, 2.4160368852459126, 0.5876206088992987, 0.5441809133489494, 1.5180199063231934, 0.4494033957845433, 1.4453571428571537, 0.15559309133489665, 1.038603629976587, 0.10346545667447532, 0.932768735363002, 0.6105251756440296, 1.9105567915690957, 0.9975333723653423, 0.2511604215456726, 1.6554473067915787, 0.3404092505854837, 1.4421978922716714, 0.9248706088993026, 2.24622716627636, 0.682398126463702, 0.08056088992974705, 0.03633138173301988, 2.258074355971909, 0.9248706088993026, 1.1286422716627709, 0.23536416861827114, 0.509429156908672, 0.3009186182669762, 0.1184718969555042, 1.1878782201405216, 0.21482903981264742, 0.2780140515222479, 0.2946001170960219, 0.8916984777517599, 1.3987581967213192, 1.6056891100702622, 0.3198741217798653, 0.4375562060889942, 0.4786264637002364, 1.1112663934426321, 0.06318501170960311, 0.5797224824356019, 0.4225497658079628, 1.5085421545667517, 0.6215825526932114, 0.49600234192037773, 0.6705509367681529, 2.0337675644028197, 0.2061411007025728, 0.13031908665105593, 0.7511118266978973, 0.9232909836065601, 0.5860409836065589, 0.661073185011711, 3.1789959016393596, 0.4691487119437945, 0.13505796252927293, 1.155495901639349, 0.4170210772833758, 1.0615081967213207, 0.20851053864168528, 1.7415368852459103, 1.2621206088993038, 0.9675204918032847, 0.7969209601873591, 0.08766920374706863, 0.8608957845433295, 1.1160052693208466, 0.21245960187353496, 0.18876522248243413, 1.0694063231850253, 0.6271112412178036, 0.5244355971896982, 0.969100117096022, 0.5465503512880592, 0.902755854800939, 1.4777394613583212, 0.578932669789232, 2.09458313817331, 1.618326112412184, 0.04580913348946179, 1.481688524590171, 0.4249192037470752, 0.4430848946135838, 1.6056891100702622, 0.12163114754098658, 2.0819461358313913, 3.8613940281030614, 0.2069309133489454, 1.218680913348952, 0.7732265807962557, 0.25589929742388695, 0.626321428571431, 1.3758536299765884, 0.4857347775175711, 0.33409074941452155, 0.8324625292740091, 1.0465017564402839, 1.4785292740046914, 1.1152154566744765, 0.4154414519906359, 0.41228220140515875, 0.015006440281028864, 1.4982745901639425, 1.2581715456674516, 0.11926170960187413, 0.4422950819672165, 1.8821235362997755, 0.6966147540983636, 1.2368466042154604, 1.1073173302107773, 0.9185521077283404, 3.600755854800955, 0.7566405152224869, 0.39490632318501484, 0.7195193208430944, 1.277127049180338, 0.8640550351288092, 1.4185035128805679, 1.8544800936768222, 0.3577851288056224, 0.600257611241223, 0.27327517564402826, 1.4856375878220207, 0.33646018735363137, 0.3648934426229571, 0.05844613583138347, 0.3941165105386423, 1.591472482435606, 2.1151182669789343, 0.9438261124121837, 0.7155702576112448, 1.2273688524590265, 0.31039637002342074, 0.2606381733021092, 0.4422950819672139, 1.0022722482435646, 60.77371370023448, 42.430314988290604, 22.29878044496497, 0.33409074941452155, 1.5290772833723727, 1.0923108899297458, 1.3932295081967323, 1.116795081967219, 0.8569467213114799, 0.7368951990632359, 0.8079783372365357, 2.9491604215456806, 1.6886194379391164, 1.2257892271662814, 0.1911346604215466, 0.24958079625292742, 0.0718729508196751, 0.4573015222482454, 1.6728231850117175, 1.3110889929742455, 1.4311405152224896, 0.12637002341920622, 0.11294320843091198, 0.48415515222482863, 0.9856861826697959, 0.8119274004683854, 0.9225011709601902, 1.1791902810304498, 0.05212763466042132, 1.3497898126463752, 1.1736615925058602, 0.20298185011709832, 0.7740163934426283, 0.7542710772833745, 0.27327517564403087, 1.7091545667447374, 1.3411018735363058, 0.8364115925058587, 0.11768208430913424, 0.07740163934425941, 0.021324941451991018, 1.282655737704925, 0.7029332552693232, 0.7613793911007066, 0.033961943793910064, 0.43597658079625967]",2.2232961212534,0.6745,16.16515728367221,0.0,541.1417142857168,72155.0,19.0,1.0,0.33
1,"[15.424680573663649, 0.7131936114732712, 1.3516382007822685, 0.7993748370273805, 0.15037744458931024, 0.6683441981747045, 0.6234947848761434, 0.7272640156453718, 0.15125684485006632, 0.860932855280322, 1.3094269882659697, 0.7940984354628497, 0.15389504563233758, 0.8213598435462829, 0.5241225554106897, 0.675379400260759, 1.450131029986963, 1.2724921773142108, 0.8538976531942645, 0.5742483702737932, 1.127391134289443, 1.1836727509778362, 1.3885730117340274, 0.022864406779658532, 1.3419647979139513, 1.4000052151238596, 1.144979139504562, 0.49686114732725367, 1.4307842242503257, 0.2814080834419805, 0.6621883963494146, 1.4765130378096487, 1.1502555410690984, 1.3340501955671433, 1.0878181225554098, 0.35176010430248, 0.6876910039113414, 0.001758800521509266, 0.1600508474576244, 0.9629432855280322, 0.5557809647979122, 1.424628422425036, 0.39133311603650733, 1.0025162972620683, 1.008672099087358, 1.296235984354634, 1.0288983050847453, 0.45377053455019606, 0.7114348109517649, 1.959303780964799, 0.4968611473272478, 0.998998696219035, 1.1142001303781015, 1.9267659713168206, 1.0121897001303766, 0.21897066492829168, 0.321860495436761, 0.692088005215122, 0.572489569752281, 1.3938494132985755, 1.2390749674054762, 0.35351890482398335, 1.2707333767926987, 0.4915847457627141, 1.276009778357235, 0.9304054758800566, 1.210934159061278, 0.3728657105606234, 0.28404628422424877, 0.4335443285528, 0.2787698826597122, 0.8987470664928341, 0.053643415906124876, 0.5584191655801805, 0.5038963494133053, 0.1679654498044322, 2.0085501955671465, 1.2425925684485006, 0.1046486310299844, 0.8011336375488927, 1.3278943937418506, 0.14070404172098733, 1.0324159061277698, 0.4775143415906136, 0.7263846153846185, 0.4863083441981717, 0.47047913950456194, 0.9154556714472, 0.7043996088657132, 0.40100651890482436, 0.10113102998696584, 0.7070378096479786, 0.15653324641460586, 1.015707301173404, 0.1925886571056, 0.32889569752281556, 1.52488005215124, 0.3860567144719707, 0.36934810951760194, 0.2989960886571083, 0.6103037809647961, 0.3543983050847424, 0.26733767926988, 0.7457314211212497, 0.850380052151237, 2.2644556714471973, 1.8045293350717113, 0.8741238591916546, 0.3086694915254254, 0.14861864406779807, 0.34824250325944683, 0.8213598435462888, 1.4448546284224233, 0.10113102998696584, 0.7087966101694907, 0.2075384615384595, 1.5591766623207308, 0.6076655801825337, 1.7772679269882663, 0.850380052151237, 1.1018885267275103, 1.0174661016949131, 0.905782268578877, 0.6850528031290731, 0.41683572359844295, 1.1590495436766652, 1.8616903520208603, 0.36055410691003803, 0.1310306388526761, 1.6884485006518917, 0.7571636245110819, 1.2892007822685794, 0.8143246414602341, 0.7729928292046946, 0.16708604954367315, 0.49949934810952196, 1.422869621903521, 0.20929726205997465, 0.8152040417209903, 0.5487457627118664, 1.6673428943937512, 0.702640808344201, 1.907419165580192, 0.6076655801825337, 0.4880671447196868, 0.9216114732724926, 1.0517627118644068, 0.7844250325945268, 1.340205997392439, 1.8361877444589338, 0.5056551499348088, 1.2082959582790098, 0.5742483702737932, 0.7518872229465424, 0.7685958279009112, 0.7105554106910029, 1.7306597131681871, 0.61909778357236, 0.43794132985658335, 0.9734960886571054, 0.9391994784876116, 0.590956975228159, 0.3236192959582761, 1.1819139504563267, 0.6894498044328595, 1.1238735332464156, 0.6296505867014331, 0.926008474576279, 0.8547770534550175, 1.11068252933508, 0.06243741851368878, 1.2390749674054762, 0.4467353324641502, 1.3472411994784879, 1.0605567144719708, 0.28844328552803217, 1.8757607561929608, 0.10288983050847511, 0.7175906127770547, 0.6736205997392467, 0.5935951760104273, 0.2532672750977854, 1.6849308996088672, 2.0199823989569756, 0.13191003911342927, 1.6937249022164282, 0.7518872229465424, 0.24007627118644098, 0.5540221642764087, 0.29371968709256585, 1.0218631029986995, 0.43090612777053755, 0.30515189048239805, 0.6103037809647961, 1.571488265971316, 0.581283572359842, 1.294477183833116, 0.3966095176010439, 0.9946016949152546, 1.5134478487614076, 1.4633220338983044, 0.6639471968709239, 0.9603050847457609, 1.0324159061277698, 0.4247503259452419, 0.3104282920469405, 0.7659576271186429, 0.20402086049543805, 6.905050847457638, 0.3957301173402937, 0.5109315514993483, 1.312944589308997, 0.2312822685788829, 1.582041069100392, 1.256662972620598, 0.9822900912646664, 0.08969882659713073, 0.35527770534550146, 0.5575397653194244, 0.3139458930899678, 1.8845547588005276, 1.5556590612777061, 0.21809126466753267, 0.2902020860495444, 0.7518872229465424, 0.008794002607563904, 0.033417209908731704, 0.775631029986963, 0.8160834419817522, 0.04133181225553951, 0.5030169491525464, 0.47839374185136685, 0.6595501955671522, 1.45980443285528, 0.19874445893090145, 1.2707333767926987, 0.5575397653194302, 1.043848109517602, 1.2135723598435493, 0.5513839634941317, 1.2988741851369023, 0.6762588005215209, 1.8344289439374184, 0.8829178617992185, 0.7641988265971308, 0.5364341590612751, 0.6551531942633658, 0.12839243807040782, 0.13191003911342927, 0.07474902216428, 0.42738852672751027, 0.05716101694915219, 0.17324185136896877, 0.18643285528031026, 0.9734960886571083, 0.5505045632333756, 0.8530182529335054, 0.2910814863103034, 1.073747718383315, 1.174878748370272, 0.3130664928292029, 1.5943526727509776, 1.4457340286831823, 0.379900912646678, 0.2295234680573649, 0.6322887874837014, 0.28492568448501365, 0.7914602346805814, 0.12839243807040193, 1.2742509778357318, 0.11871903520208486, 1.1907079530638849, 0.19434745762711805, 0.2734934810951727, 1.3446029986962194, 0.3456043024771844, 0.2761316818774439, 1.2812861799217716, 0.36319230769230637, 0.4071623207301141, 1.7763885267275104, 1.8827959582790097, 2.2055358539765355, 0.34648370273793755, 0.5751277705345492, 1.5336740547588008, 1.757041720990873, 0.029020208604948285, 0.5848011734028663, 1.255783572359842, 0.9937222946544986, 0.6701029986962166, 1.365708604954369, 0.7518872229465482, 1.5723676662320722, 0.08794002607562146, 972.5384217731433, 0.4854289439374156, 0.7386962190352039, 0.5100521512385952, 1.1168383311603638, 0.043090612777054636, 0.055402216427640004, 0.6964850065189024, 1.1203559322033911, 1.1511349413298606, 0.9550286831812331, 1.136185136897001, 0.14861864406779807, 1.412316818774445, 1.264577574967406, 1.2478689700130399, 0.3561571056062575, 1.3929700130378109, 0.014949804432853658, 0.5241225554106897, 0.04572881355932293, 0.32889569752281556, 0.7554048239895785, 0.6094243807040429, 0.5346753585397629, 0.008794002607563904, 0.1389452411994751, 1.4633220338983044, 0.16796544980442926, 0.5505045632333756, 0.13278943937418244, 0.34912190352020583, 0.1494980443285512, 0.813445241199478, 0.7175906127770547, 0.8187216427640205, 0.3983683181225561, 0.5038963494133053, 0.5610573663624516, 0.40980052151238827, 1.4492516297262068, 0.10640743155149658, 0.7747516297262067, 0.2304028683181268, 0.5874393741851376, 0.09409582790091123, 1.5670912646675386, 0.5223637548891804, 1.17311994784876, 0.2884432855280351, 0.6850528031290791, 0.24799087353324878, 0.06155801825292975, 0.29459908735332485, 0.9163350717079531, 0.1336688396349444, 0.9224908735332459, 0.9066616688396361, 0.19874445893090145, 0.7738722294654536, 0.5733689700130371, 0.7325404172099083, 2.496617340286836, 0.14422164276401464, 1.59347327249023, 0.10992503259452391, 1.4668396349413315, 1.0957327249022204, 0.41155932203389756, 0.5786453715775737, 0.7571636245110849, 1.8766401564537198, 1.1212353324641473, 0.9629432855280292, 0.24887027379400486, 0.34736310299869366, 0.4977405475880039, 0.8820384615384654, 1.2223663624511074, 1.542468057366362, 0.9119380704041727, 0.3306544980443307, 0.8081688396349502, 0.3570365058670166, 1.3270149934811033, 0.8389478487614077, 0.30603129074315705, 1.0939739243807025, 1.008672099087358, 0.9242496740547581, 1.829152542372882, 1.3076681877444576, 0.8538976531942645, 0.9875664928292088, 0.4652027379400283, 0.23743807040417853, 1.764956323337684, 0.10025162972620684, 0.5707307692307687, 0.45113233376792783, 0.4863083441981776, 0.2084178617992244, 0.1275130378096517, 1.365708604954369, 0.9409582790091268, 0.6296505867014331, 1.210054758800522, 0.8028924380704019, 1.2074165580182536, 0.4388207301173424, 1.3912112125162954, 1.3270149934811033, 1.4131962190352039, 0.15565384615385267, 0.32889569752281556, 0.9233702737940019, 1.5275182529335112, 0.45201173402868094, 0.6525149934810947, 1.423749022164277, 0.6067861799217746, 1.809805736636245, 0.333292698826599, 0.34120730117340387, 0.35263950456323023, 0.1688448500651912, 1.868725554106915, 2.1378220338983103, 0.6709823989569785, 0.9497522816166966, 1.101009126466763, 0.370227509778358, 1.7737503259452418, 0.859174054758798, 1.0482451108213853, 0.323619295958279, 0.4572881355932175, 0.4405795306388517, 0.3667099087353395, 0.6595501955671464, 0.13718644067796584, 0.1741212516297278, 0.6217359843546283, 0.3500013037809619, 0.8750032594524106, 1.4844276401564536, 1.0966121251629706, 0.7861838331160391, 1.378020208604954, 0.4792731421121288, 0.1494980443285512, 1.2804067796610215, 0.1653272490221639, 0.34648370273793755, 1.5143272490221726, 0.8987470664928282, 0.14246284224250536, 0.5179667535854, 0.05276401564537171, 0.6208565840938751, 0.1415834419817434, 0.45377053455019606, 0.33944850065188875, 0.2242470664928283, 0.08530182529335317, 0.8204804432855298, 1.043848109517599, 0.507413950456321, 0.39924771838331513, 0.3315338983050839, 0.36231290743155314, 0.9013852672750966, 1.3595528031290731, 1.0245013037809678, 0.24799087353323998, 0.5935951760104332, 0.23831747066492584, 0.22864406779660876, 0.07914602346805756, 0.6560325945241249, 0.897867666232078, 0.12927183833116682, 0.8459830508474625, 1.2865625814863113, 0.007035202086045851, 1.536312255541075, 0.42123272490222047, 0.4880671447196868, 0.7228670143415883, 0.1046486310299844, 1.089576923076925, 1.6928455019556723, 1.2223663624511074, 0.4238709256844829, 1.0948533246414585, 1.0253807040417209, 0.545228161668839, 0.8917118644067825, 1.1397027379400342, 1.4026434159061278, 1.7394537157757541, 0.19786505867014534, 0.31482529335071807, 1.0667125162972606, 1.496739243807039, 0.29723728813559025, 1.4307842242503257, 1.5327946544980449, 0.32537809647978827, 0.23392046936115124, 0.629650586701439, 1.4448546284224262, 0.6446003911342927, 1.119476531942638, 0.7501284224250361, 1.108044328552803, 0.24623207301173658, 0.563695567144717, 1.4026434159061278, 0.7518872229465424, 0.8547770534550175, 0.07299022164276195, 0.32889569752281556, 0.5188461538461532, 0.40100651890482436, 1.148496740547592, 1.1942255541069093, 0.27525228161669074, 0.8442242503259474, 0.5716101694915249, 0.6402033898305093, 0.5927157757496712, 1.497618644067795, 0.5540221642764087, 0.7052790091264692, 1.8572933507170888, 0.07738722294654829, 1.0447275097783608, 1.4941010430247708, 0.7052790091264663, 1.2698539765319425, 1.6435990873533337, 1.6119406779661025, 0.8477418513689687, 0.4695997392438058, 0.16972425032594732, 0.27701108213819997, 0.7879426336375484, 0.33768970013038535, 0.4027653194263366, 0.0659550195567161, 0.7211082138200761, 0.0967340286831795, 0.4089211212516292, 0.4326649282920497, 0.7800280312907434, 1.7772679269882663, 0.06947262059974049, 0.29459908735332196, 0.4625645371577658, 0.22248826597131902, 1.970735984354631, 0.812565840938722, 0.7967366362451122, 0.47135853976532394, 0.3948507170795346, 0.023743807040417564, 1.58028226857888, 0.7685958279009171, 0.24007627118644098, 0.14246284224250244, 0.024623207301176588, 0.4775143415906136, 1.1731199478487628, 1.090456323337678, 0.16620664928292, 0.0729902216427678, 0.8925912646675356, 1.035933507170794, 0.6314093872229454, 0.27261408083441657, 1.0412099087353337, 0.4616851368970039, 0.5478663624511073, 0.3543983050847424, 1.295356584093872, 0.471358539765318, 1.3358089960886554, 0.4775143415906136, 1.1951049543676684, 0.8758826597131756, 1.5196036505867003, 0.3438455019556722, 0.5074139504563269, 0.32537809647978827, 1.0711095176010468, 1.5178448500651942, 0.9541492829204682, 0.9998780964797941, 0.5188461538461532, 1.5653324641460233, 2.0595554106910057, 0.1785182529335112, 1.2751303780964849, 0.11080443285528001, 0.9321642764015687, 0.12135723598435318, 0.36407170795307126, 0.6841734028683228, 0.7773898305084722, 0.46872033898304977, 0.6797764015645366, 0.3737451108213795, 0.45816753585397363, 0.24623207301173658, 0.4977405475880039, 1.3243767926988292, 1.6981219035202086, 1.074627118644077, 0.8917118644067825, 1.59347327249023, 0.40276531942633365, 0.34472490221643126, 0.45640873533246146, 0.7650782268578897, 0.20138265971316976, 1.8731225554106956, 1.1071649282920468, 1.0658331160365044, 0.39133311603650733, 0.7905808344198225, 1.2724921773142166, 0.8802796610169473, 0.4722379400260829, 1.3366883963494116, 0.6806558018252956, 0.2849256844850049, 1.0790241199478519, 0.6771382007822683, 0.9479934810951786, 0.07035202086049366, 0.5619367666232049, 0.21809126466753267, 0.29108148631029757, 0.1222366362451122, 0.9005058670143463, 0.8266362451108195, 0.1530156453715844, 0.2928402868318127, 0.061558018252935616, 0.3297750977835746, 0.6217359843546283, 1.441337027379399, 0.683294002607561, 0.9734960886571083, 0.09321642764015804, 0.6718617992177288, 0.3456043024771844, 0.41771512385919024, 0.4845495436766595, 1.137064537157766, 1.3173415906127774, 0.6173389830508449, 2.1492542372881425, 0.09145762711864291, 0.7606812255541064, 0.7712340286831854, 0.7131936114732771, 0.14773924380704195, 0.77563102998696, 0.28492568448501365, 1.042968709256843, 1.3182209908735338, 2.4245065189048303, 0.8503800521512429, 0.5197255541069122, 0.6551531942633658, 1.6400814863103061, 1.755282920469361, 1.4448546284224233, 1.2294015645371588, 1.156411342894397, 0.46520273794002537, 0.7571636245110819, 0.9594256844850079, 0.009673402868317072, 0.9022646675358614, 0.47399674054758634, 1.1405821382007872, 1.2469895697522808, 0.15477444589309367, 0.6393239895697502, 0.053643415906124876, 1.5626942633637553, 1.0209837027379434, 0.8688474576271238, 0.6903292046936156, 0.8028924380704019, 1.1432203389830555, 1.2786479791395065, 0.8925912646675386, 1.939956975228162, 0.031658409387216584, 0.026382007822685856, 0.46872033898304977, 0.9726166883963493, 0.35527770534550146, 0.3350514993481083, 0.16620664928292, 0.29108148631029757, 0.16708604954367315, 0.25414667535854146, 0.1776388526727522, 0.627891786179921, 0.13630704041720682, 0.24799087353323998, 0.25590547588005075, 0.40100651890481853, 0.8855560625814868, 0.434423728813559, 0.44585593220339126, 1.0939739243807054, 0.5830423728813571, 0.1389452411994751, 0.8644504563233375, 0.8169628422425024, 0.30691069100391316, 0.9664608865710594, 0.7079172099087376, 0.9603050847457609, 1.1537731421121347, 0.8996264667535873, 0.9075410691003892, 0.08178422425031999, 0.039573011734027316, 0.766837027379405, 1.0614361147327238, 0.18907105606257854, 0.16708604954367903, 0.4221121251629737, 0.0967340286831795, 0.45552933507170534, 1.8625697522816194, 0.7967366362451122, 1.6937249022164371, 0.7624400260756273, 1.4395782268578896, 1.0544009126466751, 0.41771512385919607, 1.0236219035202117, 0.7281434159061279, 1.1739993481095161, 0.7554048239895726, 1.940836375488924, 0.3113076923076995, 0.8503800521512429, 1.5020156453715814, 0.48367014341590925, 0.1547744458930878, 0.6199771838331191, 1.1185971316818761, 1.377140808344201, 0.776510430247722, 0.05452281616688683, 0.24887027379400486, 1.144979139504562, 0.19258865710560585, 0.40980052151238827, 1.0130691003911356, 1.3815378096479844, 1.1889491525423725, 0.9910840938722273, 0.24007627118644098, 1.810685136897001, 0.33944850065189464, 0.1266336375488927, 0.21633246414601756, 1.4492516297262068, 0.0351760104302439, 1.8221173402868334, 1.1792757496740556, 0.535554758800522, 0.7536460234680575, 0.10552803129074342, 0.49070534550195805, 0.7079172099087346, 0.6525149934810947, 0.09233702737939901, 0.46784093872229654, 0.8266362451108195, 0.004397001303777559, 1.3876936114732743, 0.1195984354628439, 0.3113076923076907, 1.4299048239895784, 0.6806558018252956, 1.0508833116036536, 0.508293350717077, 0.9321642764015687, 0.546107561929598, 0.7782692307692342, 0.10025162972620684, 0.8934706649282917, 0.12311603650586536, 0.9946016949152576, 1.0790241199478487, 0.9559080834419863, 0.9471140808344225, 0.5874393741851376, 1.3639498044328535, 1.236436766623208, 0.6815352020860517, 0.1776388526727522, 1.0596773142112177, 0.01319100391134439, 1.5864380704041756, 0.6358063885267347, 0.3359308996088673, 0.2840462842242546, 1.4870658409387278, 1.2566629726206038, 0.42123272490221464, 0.09849282920469757, 1.238195567144723, 1.220607561929595, 0.24974967405475804, 0.07826662320730439, 0.44937353324641854, 0.4572881355932175, 0.6428415906127746, 0.28492568448501365, 0.5935951760104273, 0.2787698826597122, 0.029020208604954148, 1.0051544980443365, 0.7993748370273775, 2.4174713168187814, 0.20577966101695022, 0.6155801825293327, 0.6015097783572352, 1.079903520208605, 0.8160834419817522, 0.5654543676662351, 0.6349269882659756, 0.2840462842242546, 0.5214843546284215, 0.24007627118644098, 1.4334224250325942, 1.487945241199481, 1.5266388526727521, 0.01670860495436878, 0.5601779661016927, 0.07035202086049366, 0.9541492829204682, 0.4889465449804517, 1.3041505867014334, 1.339326597131683, 0.49334354628422633, 0.2022620599739229, 0.6683441981747045, 1.2566629726206038, 0.01758800521512195, 1.1696023468057415, 0.15653324641460586, 0.3675893089960927, 1.1335469361147326, 1.3586734028683198, 0.739575619295957, 0.813445241199481, 1.6392020860495475, 2.0094295958279025, 0.09849282920469463, 1.2645775749674089, 0.033417209908731704, 0.35879530638852875, 0.3966095176010439, 0.517966753585397, 0.08266362451108487, 1.3938494132985755, 0.20314146023467902, 1.470357235984359, 0.34032790091265364, 0.033417209908731704, 1.0280189048239892, 0.8055306388526761, 0.014070404172100488, 0.9787724902216507, 0.9787724902216507, 0.5390723598435434, 0.3957301173402937, 0.08266362451108487, 1.5670912646675386, 1.3234973924380702, 0.04133181225553951, 0.8020130378096458, 0.8899530638852702, 0.14510104302477367, 0.06243741851368878, 0.48542894393741853, 0.1679654498044322, 0.6604295958278995, 0.11168383311603317, 0.6947262059973961, 0.6331681877444664, 1.1572907431551502, 0.24974967405475804, 0.952390482398965, 0.647238591916561, 0.7879426336375484, 0.30691069100391316, 0.9585462842242488, 0.2937196870925717, 0.3306544980443307, 1.2698539765319425, 0.1776388526727522, 329.79356518904876, 326.32521056062626, 320.5721740547594, 0.022864406779664392, 0.7430932203389815, 0.4546499348109493, 0.021105606258155128, 0.12487483702738049, 0.1785182529335112, 0.7562842242503258, 0.7527666232073045, 0.721108213820082, 1.0500039113428976, 0.07474902216427708, 0.2902020860495502, 0.6718617992177317, 0.545228161668839, 0.7897014341590605, 0.0, 0.5188461538461532, 0.5434693611473268, 0.6560325945241249, 0.8864354628422458, 0.2638200782268644, 1.117717731421126, 2.0120677966101708, 0.5891981747066527, 0.14070404172099316, 0.5971127770534576, 1.5099302477183891, 0.19874445893090145, 0.41331812255540973, 0.2629406779661054, 1.2478689700130399, 0.12399543676662145, 1.081662320730117, 1.3621910039113414, 0.259423076923081, 0.9022646675358557, 0.13718644067796, 1.2135723598435493, 1.0095514993481083, 1.4167138200782252, 0.7826662320730117, 0.5153285528031317, 1.1669641460234672, 0.021985006518908296, 1.0033956975228155, 1.536312255541075, 1.802770534550196, 1.3050299869621922, 0.7378168187744448, 0.27525228161669074, 1.5495032594524165, 0.13015123859192, 0.9391994784876175, 1.36482920469361, 0.022864406779658532, 0.11432203389830146, 0.6182183833116068, 0.9866870925684498, 0.6234947848761493, 0.27261408083441657, 0.1160808344198195, 0.6912086049543688, 0.3517601043024742, 0.43090612777053755, 0.850380052151237, 0.14598044328552975, 0.6402033898305093, 0.4027653194263366, 2.384054106910044, 1.812443937418516, 0.5214843546284215, 0.48982594524119905, 0.41331812255540973, 0.5988715775749668, 0.5118109517601044, 1.296235984354634, 0.8125658409387249, 1.5169654498044352, 1.8564139504563297, 0.4388207301173424, 0.27525228161669074, 0.45201173402868683, 0.9717372881355961, 1.2285221642764002, 0.022864406779658532, 0.6815352020860517, 0.22688526727509656, 1.0306571056062634, 0.031658409387216584, 0.42914732724902244, 1.0209837027379434, 1.3577940026075668, 1.904780964797918, 0.022864406779664392, 1.7429713168187757, 0.4572881355932234, 0.5258813559322079, 1.3569146023468048, 0.29723728813559314, 1.182793350717083, 0.38693611473272393, 1.0412099087353306, 0.49774054758800973, 0.07826662320730439, 0.13718644067796, 0.934802477183837, 0.6234947848761434, 0.2787698826597122, 0.39924771838330925, 0.730781616688399, 1.4756336375488928, 0.7114348109517649, 1.3147033898305123, 0.6507561929595824, 0.41155932203389756, 0.7087966101694907, 0.19698565840938634, 0.9647020860495443, 0.9260084745762732, 0.8538976531942615, 1.0113102998696262, 2.336566492829209, 0.4546499348109493, 0.4871877444589307, 0.4863083441981776, 0.44145893089961075, 0.6067861799217804, 0.8635710560625843, 0.40276531942633365, 1.148496740547592, 0.7061584093872225, 0.056281616688399025, 0.5601779661016986, 0.1310306388526761, 0.39924771838330925, 1.7966147327249065, 0.21897066492829168, 0.48015254237288196, 0.41771512385919607, 1.0922151238591933, 1.294477183833116, 0.6287711864406771, 0.6226153846153873, 0.6076655801825278, 0.21633246414601756, 0.12135723598435318, 0.554901564537156, 0.27261408083442246, 0.4564087353324644, 1.6893279009126507, 0.058040417209908296, 0.6533943937418507, 0.4370619295958273, 1.554779661016953, 0.09409582790091123, 1.0939739243807054, 0.47047913950456777, 0.8459830508474625, 0.19698565840938634, 2.975890482398962, 0.36231290743155314, 0.7800280312907434, 0.591836375488921, 0.425629726206001, 0.2708552803129073, 0.6780176010430243, 1.5301564537157766, 0.536434159061281, 0.7272640156453718, 0.7360580182529326, 0.8363096479791424, 0.5619367666232078, 1.1414615384615374, 1.052642112125166, 1.3340501955671433, 1.146737940026077, 0.21281486310300193, 0.5953539765319424, 0.23304106910039513, 1.128270534550196, 2.1686010430247764, 1.7719915254237297, 0.2805286831812273, 0.8380684485006517, 0.277890482398959, 0.1494980443285512, 1.2179693611473326, 0.5311577574967385, 0.5935951760104332, 0.36231290743155314, 0.5082933507170799, 0.35527770534550146, 1.4167138200782252, 1.0508833116036507, 0.2708552803129044, 1.4650808344198165, 0.07650782268579513, 1.337567796610168, 0.8714856584093922, 0.7422138200782253, 0.21105606258149268, 0.7721134289439355, 0.019346805736637072, 0.32273989569752, 0.2989960886571024, 0.5074139504563269, 0.40100651890482436, 0.7817868318122644, 0.08794002607562146, 0.6155801825293327, 1.6990013037809677, 1.036812907431553, 0.08881942633637464, 0.1213572359843561, 0.19786505867014534, 0.554901564537156, 0.0351760104302439, 0.5021375488917844, 0.7158318122555454, 0.914576271186441, 0.0668344198174722, 0.5373135593220312, 0.9005058670143405, 0.2682170795306361, 0.57336897001304, 0.5575397653194244, 1.053521512385919, 0.4942229465449795, 0.7984954367666215, 0.001758800521509266, 1.064074315514992, 0.3966095176010439, 0.6076655801825278, 1.0086720990873521, 0.10552803129074342, 0.5293989569752322, 0.8169628422425024, 0.527640156453723, 0.07650782268579513, 0.2910814863103034, 0.028140808344200977, 0.014070404172100488, 0.40012711864406536, 0.05188461538461268, 0.583042372881363, 0.7589224250325941, 0.10992503259452391, 0.11696023468057562, 0.31658409387223607, 0.31218709256844973, 1.2241251629726224, 0.9928428943937453, 0.4326649282920439, 1.4378194263363746, 0.15653324641460295, 0.21897066492829168, 0.1609302477183834, 0.18467405475880683, 1.333170795306393, 1.2003813559322019, 0.2277646675358556, 1.44925162972621, 1.3859348109517649, 0.5302783572359913, 0.34472490221643126, 0.9049028683181239, 0.3974889178618029, 0.028140808344200977, 1.5864380704041756, 0.6067861799217804, 1.4554074315515053, 1.5609354628422487, 0.021985006518908296, 0.3737451108213795, 0.961184485006523, 1.3103063885267259, 0.8582946544980479, 1.1845521512385953, 0.05716101694915219, 0.7729928292046946, 0.7976160365058712, 0.10376923076923121, 0.7272640156453718, 0.5003787483702722, 0.014949804432853658, 0.024623207301176588, 0.7624400260756186, 0.08618122555410633, 0.2655788787483678, 0.6437209908735306, 0.6331681877444605, 0.45377053455019606, 1.1880697522816224, 1.776388526727516, 1.8185997392438173, 1.1511349413298606, 1.2162105606258233, 0.4291473272490195, 0.7008820078226858, 1.895107561929601, 0.9708578878748371, 0.39924771838330925, 0.7448520208604995, 0.535554758800522, 0.6094243807040429, 0.147739243807039, 1.5503826597131698, 0.49334354628422633, 0.039573011734027316, 0.2954784876140751, 0.3315338983050839, 1.1027679269882664, 0.7386962190352039, 1.5670912646675386, 0.1829152542372917, 0.32713689700129756, 0.9321642764015629, 0.9726166883963493, 0.014949804432853658, 0.4783937418513727, 0.15477444589309367, 0.16972425032594732, 0.7633194263363805, 0.49949934810952196, 0.6938468057366372, 0.1600508474576244, 0.40100651890482436, 0.5496251629726195, 0.5337959582790127, 0.8231186440677981, 0.30779009126466633, 0.4414589308996078, 0.563695567144717, 0.2655788787483678, 0.9462346805736634, 2.042846805736637, 0.9084204693611453, 1.026260104302477, 0.5821629726206039, 0.14598044328552975, 1.2267633637548878, 0.7087966101694907, 0.05452281616688683, 0.5777659713168263, 0.8275156453715755, 1.6954837027379464, 0.4854289439374156, 0.6489973924380731, 0.6015097783572381, 0.8407066492829199, 0.3974889178618029, 2.508928943937427, 0.07474902216428, 0.9893252933507151, 0.656032594524119, 0.003517601043021461, 0.6472385919165552, 0.27525228161669074, 0.45992633637548586, 0.7228670143415883, 1.2144517601043083, 1.0684713168187727, 0.4748761408083454, 0.3500013037809619, 0.03517601043024975, 0.1222366362451122, 0.12399543676662145, 0.9884458930899619, 0.8996264667535873, 1.8432229465449796, 1.4008846153846157, 0.07035202086049366, 0.05891981747066732, 0.4071623207301141, 1.2065371577575064, 1.8907105606258177, 1.0192249022164312, 0.5038963494132995, 0.2277646675358556, 0.15389504563233758, 0.370227509778358, 0.6964850065189054, 0.6234947848761493, 0.8116864406779658, 1.5679706649282916, 1.403522816166893, 0.545228161668839, 1.2979947848761493, 0.8486212516297248, 0.6604295958279053, 1.2232457627118691, 0.6393239895697502, 1.4729954367666334, 2.043726205997399, 1.1335469361147326, 1.8344289439374184, 0.8556564537157737, 0.021985006518908296, 0.36143350717079414, 1.2575423728813542, 0.6419621903520244, 0.7598018252933502, 1.497618644067798, 0.8336714471968713, 0.41507692307692484, 1.2540247718383357, 0.22864406779660876, 0.4871877444589307, 1.4571662320730177, 1.0544009126466751, 0.06243741851368878, 0.5601779661016986, 2.207294654498051, 1.2461101694915309, 0.08969882659713367, 1.467719035202085, 0.6358063885267347, 1.5890762711864408, 0.6604295958279053, 0.09497522816166731, 0.5619367666232049, 1.29359778357236, 0.7589224250325941, 1.3463617992177348, 0.5162079530638849, 0.5478663624511073, 1.156411342894394, 0.6956056062581493, 0.33241329856584, 0.5091727509778361, 0.5135697522816166, 0.8301538461538439, 0.07738722294654829, 0.09761342894394438, 0.6287711864406771, 1.3234973924380702, 0.6164595827900887, 0.28668448500652294, 0.036934810951759024, 0.7175906127770547, 0.23655867014341364, 1.2768891786179941, 0.055402216427640004, 0.30603129074315705, 1.9918415906127804, 1.3191003911342898, 1.97161538461539, 0.9726166883963493, 2.2688526727509775, 0.3983683181225561, 0.3385691003911386, 101.03077835723616, 91.09619361147341, 86.33072359843561, 81.68485202086065, 79.33509452412008, 72.9585632333769, 63.369582790091364, 1.4448546284224262, 3.9740097783572437, 3.3601883963494235, 3.021619295958285, 0.3438455019556722, 0.19170925684484974, 0.014070404172100488, 0.6964850065189024, 0.2998754889178615, 1.2373161668839667, 0.528519556714476, 2.0366910039113444, 0.9479934810951786, 0.545228161668839, 0.6551531942633658, 0.6270123859191649, 0.036934810951759024, 0.8204804432855298, 1.598749674054758, 1.1018885267275103, 0.9216114732724898, 0.9277672750977883, 0.23216166883964195, 0.6393239895697502, 0.22160886571055413, 1.4738748370273804, 0.9005058670143405, 1.1405821382007872, 0.21809126466753267, 0.2708552803129044, 0.7184700130378078, 0.7149524119947922, 0.6015097783572381, 1.1871903520208604, 0.2022620599739229, 0.8969882659713161, 1.0394511082138185, 1.5468650586701482, 0.9822900912646664, 0.5285195567144703, 0.2787698826597122, 0.333292698826599, 0.5469869621903541, 0.7422138200782253, 0.600630378096479, 0.45816753585397657, 0.5496251629726254, 0.3271368970013063, 0.7993748370273775, 0.2471114732724868, 0.22424706649283122, 2.2697320730117454, 0.6885704041721005, 1.9162131681877443, 0.5724895697522839, 0.5461075619295951, 0.34472490221643126, 0.2101766623207278, 1.1625671447196868, 0.11432203389830146, 1.0077926988266048, 0.3113076923076907, 2.6100599739243844, 0.03429661016949366, 1.7209863102998704, 0.5241225554106956, 0.2655788787483678, 0.31746349413298924, 0.6243741851368965, 0.07826662320729853, 0.026382007822685856, 0.031658409387216584, 0.8591740547588009, 0.2295234680573678, 1.0007574967405473, 0.7527666232072986, 1.2575423728813542, 0.860932855280316, 0.044849413298572685, 0.6674647979139482, 0.15213624511082538, 0.6358063885267347, 0.30251368970012976, 0.6428415906127746, 0.8090482398956976, 0.4660821382007814, 0.5144491525423727, 0.7501284224250361, 1.3015123859191648, 1.0851799217731415, 0.6234947848761434, 0.2603024771838312, 2.626768578878756, 0.8943500651890507, 0.15653324641460295, 0.10025162972620684, 1.2302809647979178, 0.26557887874837366, 1.5477444589309013, 3.9441101694915366, 0.9075410691003921, 0.034296610169484876, 0.34120730117340387, 1.0376923076923121, 1.7614387222946537, 0.7325404172099083, 0.10992503259452097, 2.1307868318122556, 0.39045371577575705, 0.3816597131681873, 1.1142001303781015, 1.0174661016949131, 0.8081688396349502, 1.6031466753585386, 0.22600586701434047, 1.2892007822685794, 0.5786453715775796, 1.0385717079530683, 0.5206049543676683, 0.34736310299869366, 0.5126903520208576, 0.18115645371577366, 0.9101792698826604, 1.2531453715775736, 0.5170873533246438, 1.3727438070404177, 0.5619367666232049, 1.1889491525423725, 0.24007627118644098, 0.41507692307692196, 1.3903318122555395, 0.2840462842242546, 0.8354302477183834, 1.9294041720990887, 0.30251368970012976, 0.1829152542372917, 1.2804067796610155, 0.554901564537156, 1.073747718383315, 0.0026382007822624343, 0.4502529335071746, 0.5478663624511073, 0.29459908735332485, 0.7131936114732771, 1.0192249022164312, 1.6154582790091268, 0.08881942633637464, 0.06859322033898146, 0.10992503259452391, 0.730781616688399, 0.3596747066492849, 0.7914602346805814, 0.581283572359842, 0.9110586701434137, 1.6110612777053464, 0.6709823989569785, 1.766715123859193, 1.1687229465449824, 0.28228748370273954, 0.07386962190352098, 0.3086694915254254, 1.4721160365058683, 0.12839243807040782, 0.15301564537157852, 0.7149524119947863, 0.8644504563233375, 0.19522685788787414, 0.7035202086049541, 0.049246414602344385, 0.4652027379400283, 0.2787698826597122, 0.49774054758800973, 1.16608474576272, 0.4977405475880039, 0.20314146023467902, 1.6093024771838371, 0.18027705345502343, 0.06067861799217951, 2.497496740547592, 1.074627118644077, 0.31658409387223024, 1.3533970013037893, 0.022864406779664392, 1.3832966101694906, 3.961698174706658, 0.685932203389838, 0.9840488917861815, 0.6973644067796585, 0.28228748370273954, 0.43970013037809563, 0.6736205997392409, 0.8538976531942645, 0.517966753585397, 0.34472490221643126, 0.9972398956975229, 1.2443513689700185, 1.3727438070404177, 0.31482529335071807, 0.33241329856584, 1.8898311603650586, 1.5767646675358526, 1.29359778357236, 0.5478663624511073, 0.7386962190352039, 0.6366857887874877, 1.4835482398956976, 0.18643285528031608, 0.5856805736636254, 0.5848011734028722, 0.9849282920469405, 0.21985006518905073, 1.7974941329856624, 0.3244986962190292, 1.7236245110821384, 0.23655867014341952, 0.42123272490221464, 0.8864354628422401, 0.9304054758800566, 0.39924771838330925, 2.486064537157763, 0.36758930899608977, 1.1142001303781015, 0.517087353324641, 0.4590469361147298, 0.37990091264666925, 0.6613089960886614, 1.3419647979139513, 0.7782692307692283, 0.2295234680573678, 0.4493735332464127, 0.05979921773141755, 1.0077926988266048, 1.108923728813565, 1.088697522816166, 0.12487483702738049, 1.2074165580182536, 0.08090482398957269, 0.47399674054758634, 2.1844302477183866, 0.7879426336375484, 0.18467405475880683, 0.5804041720990888, 0.28492568448501365, 0.8266362451108253, 1.3938494132985697, 0.029899608865707316, 0.49598174706649173, 0.56369556714472, 0.10201043024771608, 1.1537731421121347, 0.4001271186440712, 0.38869491525423905, 0.8266362451108253, 1.4466134289439474, 0.0008794002607590264, 0.31922229465449853, 0.30691069100391316, 0.7281434159061306, 0.379021512385919, 0.09497522816167026, 0.6745, 0.07123142112124975, 0.33681029986962047, 0.07474902216428, 1.8168409387222937, 0.0448494132985639, 0.27261408083442246, 0.8468624511082214, 0.562816166883961, 0.9075410691003921, 0.5030169491525405, 1.0245013037809678, 0.5056551499348088, 1.8775195567144731, 1.1986225554106955, 0.2629406779660995, 0.7272640156453718, 0.7211082138200761, 1.081662320730126, 4.067226205997402, 0.5065345501955678, 1.2425925684485093, 0.5531427640156498, 0.7167112125162957, 0.09145762711864291, 0.001758800521509266, 0.30954889178618145, 1.0579185136897025, 1.1414615384615434, 1.2478689700130399, 1.683172099087358, 0.6305299869621892, 0.09145762711864291, 0.6384445893089971, 1.5662118644067855, 0.5364341590612751, 0.021105606258149265, 0.3456043024771844, 1.1608083441981747, 0.5830423728813571, 0.34648370273793755, 1.3278943937418506, 0.8160834419817522, 1.7113129074315532, 0.739575619295957, 0.33856910039113564, 0.9136968709256936, 1.487945241199481, 1.0763859191655805, 1.5099302477183891, 1.2478689700130399, 1.1247529335071689, 0.10904563233377074, 0.926008474576279, 0.582162972620598, 0.6973644067796585, 1.1133207301173482, 0.45113233376792783, 1.0658331160365044, 2.080661016949155, 2.1378220338983103, 0.1785182529335112, 0.6050273794002595, 0.8160834419817522, 1.609302477183834, 0.62877118644068, 0.6613089960886614, 1.6233728813559376, 0.29811668839634925, 0.1195984354628439, 0.40012711864406536, 0.3016342894393766, 0.590956975228159, 0.30515189048239805, 0.13982464146023413, 0.17236245110821563, 0.7105554106910029, 1.2918389830508479, 0.17236245110821563, 1.1027679269882664, 1.5160860495436819, 1.8625697522816194, 1.0403305084745746, 0.8811590612777064, 0.9576668839634955, 0.8310332464146, 1.053521512385919, 0.43970013037809563, 0.7237464146023502, 0.27525228161669074, 1.3437235984354634, 0.036934810951759024, 1.5275182529335083, 0.37726271186440097, 0.9550286831812331, 0.16796544980442926, 0.4652027379400283, 1.236436766623208, 0.7747516297262067, 0.26997588005215417, 1.838825945241199, 1.7772679269882723, 0.2128148631029961, 0.4484941329856654, 0.0659550195567161, 0.5074139504563269, 0.16180964797913658, 0.9383200782268586, 0.5592985658409395, 0.6973644067796644, 1.7192275097783578, 0.061558018252935616, 1.1951049543676684, 0.5285195567144703, 0.7360580182529326, 0.3456043024771844, 1.101009126466763, 0.9682196870925717, 1.3015123859191648, 1.2610599739243813, 0.5707307692307687, 0.9321642764015629, 0.8090482398956976, 0.1741212516297278, 0.6428415906127746, 0.6692235984354605, 0.08881942633637464, 1.432543024771847, 1.3929700130378135, 0.24007627118644098, 1.3375677966101736, 1.1704817470664974, 0.05979921773141755, 0.23479986962190438, 0.8591740547588009, 1.2047783572359825, 1.7790267275097844, 1.1054061277705347, 0.06859322033898439, 0.8160834419817463, 1.210934159061278, 0.5619367666232078, 1.9320423728813598, 0.1829152542372888, 2.029655801825293, 1.5732470664928342, 0.4863083441981717, 0.9119380704041697, 2.1861890482398985, 0.36934810951760194, 0.656032594524119, 0.44057953063885463, 0.6613089960886556, 0.30515189048239805, 0.11783963494132878, 2.107043024771841, 0.7844250325945268, 0.2981166883963434, 1.0825417209908732, 0.2787698826597122, 0.7589224250325941, 0.21193546284224585, 1.5855586701434166, 0.01758800521512195, 1.563573663624517, 0.6138213820078233, 1.0324159061277698, 0.0729902216427678, 1.136185136897001, 0.3350514993481083, 0.9858076923076936, 0.2435938722294683, 0.23831747066492584, 1.0667125162972606, 0.26909647979138923, 0.2831668839634956, 1.6585488917861813, 0.9770136897001356, 0.9101792698826604, 0.4951023468057356, 0.9154556714472, 0.9409582790091268, 0.7307816166883961, 0.7905808344198225, 1.784303129074321, 0.2391968709256878, 0.6507561929595824, 1.0297777053455015, 0.813445241199478, 0.776510430247722, 0.3385691003911386, 0.7404550195567132, 0.9998780964797912, 0.004397001303777559, 0.06595501955671317, 1.8423435462842235, 1.8001323337679336, 1.6093024771838371, 1.4290254237288194, 0.277890482398959, 1.4079198174706644, 1.442216427640155, 0.07386962190352098, 0.14422164276401464, 0.23655867014341952, 0.35527770534550146, 1.8458611473272506, 0.16972425032594732, 1.6866897001303882, 0.8618122555410692, 1.432543024771847, 0.37726271186440097, 0.26206127770534926, 1.1062855280312938, 0.0008794002607590264, 0.14685984354628293, 0.25238787483702635, 0.6859322033898322, 1.3481205997392438, 0.19170925684484974, 0.3121870925684527, 0.3816597131681873, 0.30866949152542245, 1.949630378096479, 2.1870684485006544, 116.75533441981766, 117.09038591916578, 6.422260104302489, 4.834063233376801, 0.20402086049544096, 1.1502555410690984, 0.2277646675358556, 0.06155801825292975, 1.0095514993481083, 0.4933435462842234, 0.34736310299869366, 0.20929726205997756, 0.09321642764015804, 1.0675919165580194, 1.1836727509778362, 0.7589224250325941, 0.2576642764015629, 0.16972425032594732, 0.749249022164274, 0.7263846153846127, 0.6402033898305063, 0.14861864406779807, 0.1925886571056, 0.39660951760104685, 0.9233702737940019, 1.2839243807040401, 0.3755039113428917, 0.5865599739243785, 1.0139485006518947, 1.3674674054758897, 0.4783937418513727, 0.8750032594524106, 0.5505045632333756, 0.4968611473272478, 1.090456323337678, 0.9734960886571054, 0.15741264667536195, 0.7307816166883961, 0.3596747066492849, 0.20138265971316976, 1.2557835723598447, 1.071988917861797, 1.2162105606258147, 0.5047757496740585, 1.4773924380704049, 1.339326597131683, 0.22688526727509953, 0.7782692307692283, 0.35351890482398335, 1.894228161668842, 0.5505045632333756, 0.040452411994786344, 0.003517601043021461, 0.14685984354628293, 1.3929700130378109, 1.626890482398959, 0.7571636245110849, 0.5329165580182537, 0.48279074315515025, 1.858172750977836, 1.536312255541075, 0.8398272490221639, 1.108923728813565, 1.2680951760104362, 0.07914602346805756, 0.682414602346805, 0.4045241199478458, 0.8371890482398956, 1.265456975228162, 0.4326649282920497, 0.3719863102998702, 0.3561571056062575, 0.9858076923076907, 0.42562972620599515, 1.494980443285527, 0.34912190352021166, 1.5679706649282916, 0.9629432855280292, 0.6498767926988294, 0.2620612777053463, 1.1458585397653238, 0.8187216427640205, 1.3938494132985697, 1.2883213820078263, 0.47399674054758634, 0.4951023468057356, 1.9584243807040458, 0.14861864406779807, 0.5953539765319424, 0.7809074315514994, 0.7958572359843532, 0.8468624511082214, 1.892469361147327, 0.05188461538461268, 0.544348761408083, 0.867968057366365, 0.28492568448501365, 0.07035202086049366, 0.2084178617992244, 1.2628187744458934, 0.9488728813559317, 0.08706062581486537, 0.2154530638852644, 0.07650782268579513, 0.3957301173402878, 1.7570417209908762, 0.4819113428943912, 0.05276401564537171, 0.036934810951759024, 0.9242496740547639, 0.25238787483702635, 0.1600508474576244, 1.1071649282920468, 1.2900801825293384, 1.0517627118644068, 0.6489973924380731, 1.0596773142112117, 0.5162079530638849, 0.22160886571056293, 0.09849282920469463, 0.29459908735332196, 0.48367014341590925, 1.9821681877444604, 0.582162972620598, 0.2989960886571024, 0.03253780964798146, 0.7571636245110819, 0.2919608865710536, 0.8785208604954381, 0.8275156453715755, 0.36231290743155314, 0.2690964797913951, 0.46872033898304977, 1.2628187744458934, 0.33417209908735224, 0.7342992177314234, 0.7105554106910088, 1.496739243807039, 0.2849256844850049, 0.25942307692307803, 0.36495110821382437, 0.4221121251629795, 0.4546499348109551, 1.3762614080834479, 0.13982464146023413, 0.2304028683181268, 0.10201043024771608, 0.13630704041720976, 1.3815378096479844, 0.6868116036505912, 1.92236897001304, 1.7974941329856595, 0.3033930899608859, 0.6806558018252926, 1.3762614080834479, 0.7474902216427678, 0.582162972620598, 0.7184700130378078, 0.739575619295957, 0.03165840938722244, 0.4484941329856654, 2.368224902216434, 0.48367014341590925, 0.988445893089959, 1.1484967405475863, 0.6903292046936097, 0.2506290743155141, 0.277890482398959, 0.2356792698826634, 0.24095567144719998, 0.08090482398956682, 0.1785182529335112, 0.11344263363755122, 1.3692262059973932, 0.8750032594524165, 0.6446003911342868, 0.7932190352020848, 1.4307842242503317, 0.545228161668839, 1.4175932203389814, 1.434301825293356, 2.2433500651890594, 0.44585593220339126, 0.1829152542372888, 1.2003813559322047, 0.33241329856584295, 0.4405795306388517, 0.2304028683181239, 0.06331681877444781, 1.0060338983050898, 0.43970013037809563, 1.377140808344207, 0.10025162972621268, 0.6349269882659698, 0.19170925684484683, 0.8354302477183834, 0.2690964797913951, 1.2716127770534575, 0.833671447196874, 0.04924641460235025, 0.2699758800521483, 0.9743754889178644, 0.8055306388526702, 1.5881968709256848, 0.7879426336375484, 0.1538950456323346, 0.8442242503259474, 0.32273989569752587, 0.19874445893090145, 0.03869361147327122, 0.8099276401564537, 2.5599341590612865, 0.25678487614080975, 1.434301825293356, 1.1678435462842234, 0.4695997392438058, 1.582920469361148, 0.6103037809647961, 0.6507561929595824, 2.294355280312916, 0.9814106910039132, 0.11080443285528001, 1.1572907431551502, 1.098370925684483, 0.37814211212516585, 0.9444758800521511, 0.8767620599739288, 0.6797764015645366, 1.0218631029987053, 0.2576642764015629, 0.5610573663624516, 1.071988917861797, 0.3456043024771844, 0.19170925684484683, 0.09321642764015804, 0.5417105606258176, 0.868847457627118, 0.5988715775749668, 0.20402086049543805, 0.32273989569752587, 0.8670886571056059, 0.7624400260756186, 1.6207346805736633, 0.12311603650586536, 0.20490026075619122, 1.128270534550196, 1.468598435462841, 1.156411342894394, 0.6314093872229454, 0.6234947848761434, 0.39309191655801956, 0.7316610169491552, 2.118475228161673, 0.630529986962198, 0.17500065189048392, 1.2452307692307774, 0.6991232073011766, 0.08354302477183806, 0.5056551499348088, 2.076264015645375, 1.1467379400260742, 0.1679654498044322, 2.1694804432855297, 1.6981219035202086, 0.3297750977835746, 0.25942307692307803, 0.6305299869621892, 0.2128148631029961, 1.479151238591917, 0.555780964797918, 0.5962333767927015, 1.4844276401564596, 1.726262711864407, 1.2724921773142108, 1.3182209908735338, 1.4334224250325942, 0.19610625814863317, 1.479151238591917, 1.9364393741851464, 0.9374406779660995, 1.1432203389830498, 0.061558018252935616, 0.5812835723598477, 1.7104335071707941, 4.498132333767936, 1.0376923076923121, 0.8969882659713161, 1.2979947848761433, 0.45113233376792783, 0.036055410691002925, 0.7140730117340273, 1.2918389830508479, 0.003517601043021461, 0.5601779661016927, 0.20050325945241368, 0.9005058670143405, 0.021985006518908296, 0.14070404172098733, 0.5522633637548936, 0.4194739243807112, 1.0280189048239892, 0.7351786179921765, 1.3701056062581491, 0.30866949152542245, 0.3500013037809619, 1.256662972620598, 1.0500039113428945, 1.0297777053455015, 0.11871903520208486, 0.860932855280316, 0.17500065189048392, 0.10552803129074342, 0.86005345501956, 0.0008794002607531684, 0.37990091264666925, 0.8152040417209931, 0.8222392438070448, 0.19346805736636488, 0.06155801825292975, 0.6050273794002595, 0.023743807040417564, 0.5540221642764087, 1.2038989569752263, 1.3894524119947833, 1.3472411994784879, 0.3236192959582761, 1.3032711864406799, 0.38693611473272393, 1.439578226857887, 1.6128200782268616, 0.0967340286831795, 0.5505045632333756, 0.20314146023467902, 0.4062829204693551, 1.0139485006518947, 0.1653272490221639, 0.555780964797918, 0.517087353324641, 0.5267607561929639, 1.0420893089960896, 0.5689719687092566, 1.6339256844850107, 1.4351812255541094, 1.554779661016953, 0.7984954367666273, 0.9022646675358557, 0.2163324641460234, 1.108923728813559, 0.5100521512385893, 0.25414667535854146, 0.507413950456321, 0.2242470664928283, 1.0966121251629706, 1.3085475880052135, 1.1335469361147326, 0.6234947848761434, 0.1653272490221639, 1.3832966101694966, 0.8072894393741883, 0.41507692307692484, 1.06231551499348, 0.2295234680573678, 0.9778930899608858, 0.006155801825295611, 1.1581701434159064, 1.1168383311603698, 0.18643285528031026, 0.7738722294654479, 0.26206127770534926, 2.0270176010430303, 0.5865599739243785, 0.2761316818774439, 3.504410039113435, 1.0271395045632332, 0.7949778357236029, 1.0570391134289492, 0.7316610169491522, 1.17311994784876, 0.4476147327249064, 0.26997588005215417, 0.7932190352020907, 0.6270123859191649, 0.712314211212518, 0.5680925684485034, 0.758043024771838, 0.1653272490221639, 0.6683441981747102, 0.0721108213820117, 0.8486212516297248, 0.5707307692307687, 0.5874393741851346, 1.6594282920469403, 0.6129419817470644, 0.24974967405475804, 1.1678435462842234, 0.12311603650586536, 1.1590495436766652, 0.5953539765319424, 0.7184700130378078, 2.0208617992177347, 0.20665906127770634, 0.13015123859191707, 1.6567900912646722, 0.44761473272490043, 0.6366857887874877, 0.5425899608865707, 1.5732470664928342, 0.32098109517600776, 1.421990221642765, 0.30515189048239805, 0.061558018252935616, 0.147739243807039, 1.8282731421121288, 1.7201069100391229, 0.44761473272490043, 0.35176010430248, 0.730781616688399, 0.5953539765319424, 4.408433507170803, 0.34736310299869366, 0.29371968709256585, 1.6620664928292057, 3.5853148631030076, 0.5038963494133053, 0.014949804432853658, 0.49246414602346733, 0.5021375488917903, 4.486700130378107, 0.06595501955671317, 0.029020208604948285, 0.2471114732724868, 0.7448520208604995, 1.8194791395045649, 0.19962385919165462, 5.543739243807054, 5.339718383311615, 0.5478663624511073, 1.8317907431551501, 1.5327946544980477, 0.7615606258148625, 0.16356844850064586, 0.24887027379400486, 0.8855560625814838, 0.841586049543679, 0.2629406779661054, 0.7791486310299843, 1.4026434159061278, 0.09321642764015804, 0.40100651890482436, 0.2884432855280351, 1.3912112125162954, 0.4326649282920439, 0.20402086049544096, 0.2471114732724868, 0.22248826597131902, 0.5329165580182537, 1.0851799217731473, 0.01758800521512195, 0.711434810951759, 1.2672157757496771, 0.31922229465449853, 0.8618122555410692, 0.5311577574967385, 1.0508833116036507, 1.026260104302477, 1.7983735332464155, 99.18403780964813, 67.95125814863114, 63.090812907431655, 48.8005586701435, 40.74789048239902, 24.39192503259457, 1.063194915254239, 0.5021375488917903, 0.1626890482398927, 0.41771512385919607, 0.5768865710560673, 1.16608474576272, 0.6243741851368965, 0.1415834419817434, 1.6638252933507178, 1.414955019556713, 0.9734960886571083, 0.2910814863103034, 0.8952294654498039, 0.019346805736640004, 0.04221121251629561, 0.008794002607563904, 0.19874445893090145, 1.5310358539765356, 1.4606838331160361, 1.1071649282920468, 1.3111857887874878, 1.2047783572359854, 1.0939739243807025, 0.5891981747066468, 0.2374380704041727, 1.3454823989569757, 0.9866870925684498, 1.064074315514998, 1.7508859191655863, 1.02626010430248, 0.37022750977836094, 0.31658409387223607, 0.37550391134289757, 1.1150795306388577, 0.17324185136896877, 0.528519556714476, 0.33241329856584295, 0.8820384615384594, 0.17851825293350537, 0.031658409387216584, 0.7641988265971366, 3.3223741851369053, 0.8090482398956976, 1.2065371577575064, 1.4369400260756184, 0.009673402868317072, 1.4861864406779657, 1.7025189048239953, 0.14685984354628293, 0.7219876140808321, 0.34472490221643126, 0.13718644067796584, 0.4370619295958273, 0.009673402868317072, 1.1625671447196868, 2.041088005215131, 0.9515110821382059, 0.7316610169491552, 0.9506316818774498, 1.292718383311607, 0.05012581486310342, 1.081662320730117, 1.4571662320730177, 0.25502607561929463, 0.6586707953063874, 0.061558018252935616, 0.003517601043027319, 0.4326649282920439, 0.2374380704041727, 0.2814080834419805, 0.6885704041721064, 0.758043024771838, 0.7923396349413346, 0.38693611473272393, 0.8662092568448526, 0.6331681877444605, 0.7773898305084722, 0.7079172099087376, 1.255783572359842, 0.23392046936115124, 1.4281460234680634, 2.432421121251635, 0.6155801825293384, 0.9928428943937395, 0.5979921773142107, 0.277890482398959, 0.47399674054758634, 1.2505071707953084, 0.1380658409387249, 0.2629406779661054, 0.9330436766623219, 0.10113102998696584, 0.43530312907431806, 1.422869621903521, 1.2434719687092566, 1.0464863102998703, 0.6199771838331132, 0.6094243807040429, 0.4484941329856595, 1.1590495436766624, 0.7923396349413288, 0.003517601043027319, 0.8310332464146029, 1.0561597131681872, 0.30691069100391316, 0.3974889178617971, 0.7738722294654536, 1.728900912646675, 0.18555345501955411, 0.6621883963494205, 0.1626890482398927, 0.07562842242503609, 0.1160808344198195, 0.1222366362451122, 1.232919165580192, 0.4731173402868361, 0.7747516297262039, 0.5645749674054761, 0.28756388526728194, 0.5830423728813571, 1.8467405475880068, 0.6780176010430243, 0.6085449804432898, 0.8943500651890507, 0.8213598435462888, 0.645479791395043, 0.05716101694915219, 0.2277646675358556, 0.9075410691003892, 0.9752548891786235, 0.4502529335071688, 0.028140808344195117, 0.7897014341590605, 0.981410691003919, 1.7201069100391229, 0.2928402868318127, 0.9224908735332517, 2.9196088657105657, 1.2892007822685794, 0.08618122555410342, 1.480910039113429, 0.8116864406779658, 0.6120625814863112, 0.7052790091264663, 0.44585593220339126, 0.4977405475880039, 0.4326649282920439, 0.21897066492829168, 0.36319230769230637, 0.11520143415906049, 2.4746323337679335, 0.46344393741851314, 1.7394537157757541, 0.10288983050848098, 0.8538976531942645, 0.8723650586701484, 1.3727438070404177, 0.27261408083442246, 0.2304028683181239, 1.6128200782268616, 1.1959843546284215, 2.1413396349413314, 0.05540221642763414, 0.9224908735332459, 0.37550391134289757, 0.8626916558018283, 0.9418376792698858, 0.3930919165580254, 1.295356584093872, 0.4757555410690985, 0.4863083441981717, 0.4722379400260829, 0.47047913950456777, 1.1625671447196868, 1.4474928292046947, 1.534553455019557, 0.656911994784875, 1.064074315514992, 1.41407561929596, 0.850380052151237, 1.0192249022164312, 1.6321668839634957, 0.26909647979138923, 0.10640743155149658, 1.1819139504563267, 1.3630704041720973, 0.25414667535854146, 1.8159615384615433, 1.0341747066492908, 1.4008846153846157, 0.5865599739243844, 1.5398298565840935, 0.2435938722294683, 1.480910039113435, 0.4370619295958273, 1.3912112125162954, 1.414955019556713, 0.07562842242503025, 0.034296610169484876, 0.953269882659718, 1.0790241199478487, 0.07738722294654829, 0.5645749674054761, 0.3675893089960927, 0.4590469361147298, 0.6322887874837073, 1.2056577574967384, 0.6067861799217804, 0.5302783572359854, 0.18203585397653854, 0.9541492829204742, 0.4748761408083454, 1.098370925684483, 0.6050273794002653, 0.9312848761408097, 0.6973644067796585, 0.23831747066492584, 0.5830423728813571, 1.8713637548891893, 0.7070378096479814, 0.72990221642764, 0.10904563233377074, 0.1591714471968683, 0.18379465449804194, 1.443095827900914, 0.7386962190352039, 0.9471140808344195, 1.0245013037809678, 1.1440997392438057, 0.0721108213820117, 0.2163324641460234, 0.629650586701439, 2.209053455019563, 1.4404576271186458, 1.1133207301173482, 2.2433500651890568, 0.07474902216428, 0.7167112125163014, 1.6673428943937425, 0.9391994784876175, 0.7712340286831795, 0.6533943937418507, 0.02022620599739024, 0.5434693611473268, 0.30954889178618145, 0.35351890482398335, 1.6981219035202086, 1.7060365058670137, 0.44585593220339126, 0.42738852672751027, 0.5223637548891775, 0.45552933507170534, 0.4748761408083454, 0.8292744458930879, 0.23655867014341364, 1.340205997392442, 0.962063885267276, 0.5399517601042995, 0.72990221642764, 1.1397027379400282, 0.942717079530639, 0.7571636245110819, 0.46959973924380877, 0.5109315514993483, 1.16608474576272, 1.3252561929595825, 0.17412125162972486, 1.3560352020860518, 1.0429687092568487, 0.5030169491525464, 1.3859348109517649, 0.30954889178618145, 0.5329165580182537, 1.1986225554106955, 0.3737451108213854, 1.887192959582796, 0.32010169491525753, 0.4748761408083454, 0.6384445893089971, 0.2989960886571083, 1.6655840938722304, 0.7853044328552801, 1.4562868318122586, 0.7677164276401638, 0.3104282920469405, 0.1213572359843561, 1.5116890482399044, 0.20314146023468196, 0.5979921773142107, 1.3419647979139513, 0.7729928292046917, 0.8750032594524106, 1.044727509778355, 1.378020208604954, 0.20929726205997465, 1.7702327249022176, 0.07826662320730439, 0.32889569752281556, 1.0403305084745804, 0.2919608865710595, 0.5645749674054731, 1.7913383311603668, 0.27437288135592586, 0.2251264667535873, 0.3719863102998702, 6.008941981747076, 0.03869361147327122, 0.0, 0.6419621903520244, 1.0675919165580166, 1.4606838331160419, 0.27261408083442246, 0.18555345501955411, 1.563573663624517, 1.0121897001303826, 0.26645827900912683, 0.7853044328552801, 0.590956975228159, 1.1836727509778362, 1.5152066492829201, 0.6613089960886556, 1.1476173402868333, 0.6349269882659698, 0.07299022164276195, 0.30779009126466633, 0.5047757496740527, 0.38957431551499216, 0.40804172099087316, 0.33417209908735224, 0.5399517601043025, 0.8099276401564537, 0.2603024771838312, 1.5187242503259473, 0.3711069100391112, 1.2170899608865708, 0.905782268578877, 1.3639498044328595, 0.36231290743155314, 0.1591714471968683, 0.5979921773142107, 1.5969908735332516, 0.630529986962198, 0.6604295958278995, 1.8458611473272506, 0.1829152542372888, 0.9664608865710594, 0.35176010430248, 0.21721186440678245, 0.18731225554106926, 1.0843005215123882, 0.3570365058670166, 0.18115645371577951, 0.5425899608865707, 0.9840488917861815, 0.05012581486310342, 0.12839243807040193, 0.5100521512385952, 1.1986225554106955, 0.41507692307692484, 0.4185945241199463, 0.34120730117340387, 0.6472385919165552, 0.9066616688396332, 1.3059093872229455, 0.8160834419817522, 0.9761342894393825, 98.91845893089977, 95.97158865710577, 97.60639374185152, 89.64870078226872, 81.54942438070417, 63.03629009126477, 59.27069817470675, 2.8219954367666276, 2.564331160365067, 3.977527379400268, 5.1990143415906225, 1.9496303780964848, 4.25629726205998, 1.396487614080835, 0.16708604954367315, 1.6198552803129103, 1.3182209908735338, 0.7650782268578897, 1.0456069100391112, 0.2242470664928283, 0.6701029986962195, 1.164325945241199, 0.2858050847457668, 0.6015097783572352, 0.48718774445892776, 1.276009778357235, 0.07562842242503025, 1.089576923076925, 0.20314146023468196, 1.0922151238591902, 0.7923396349413346, 0.20577966101695022, 0.08002542372881072, 1.0060338983050838, 0.8758826597131697, 0.07474902216427708, 0.7914602346805814, 1.422869621903521, 1.6031466753585386, 0.7237464146023443, 0.28932268578878534, 1.1168383311603698, 1.0491245110821386, 0.776510430247716, 1.2030195567144704, 0.23479986962190438, 0.8802796610169502, 0.14861864406779807, 0.18203585397653266, 1.256662972620598, 0.24535267275097755, 0.44497653194263803, 1.4483722294654509, 0.6745, 0.33241329856584, 1.0236219035202117, 0.22600586701434047, 0.8811590612777064, 1.2645775749674089, 0.8582946544980479, 1.7332979139504583, 0.6226153846153843, 0.14861864406779807, 0.8072894393741883, 1.3243767926988292, 1.2804067796610155, 1.0007574967405504, 1.3366883963494145, 0.5531427640156498, 0.9664608865710654, 0.42826792698826927, 0.22864406779660876, 0.4722379400260829, 0.37726271186440097, 0.010552803129076098, 0.018467405475878045, 1.156411342894397, 1.4272666232073101, 0.46784093872229654, 0.33768970013038535, 0.26645827900912683, 0.06067861799217951, 0.9937222946544986, 0.8257568448500634, 1.2724921773142166, 0.5038963494132995, 1.7253833116036597, 0.2770110821382029, 1.3094269882659755, 1.2557835723598447, 0.2075384615384595, 0.8881942633637552, 0.0668344198174722, 0.0017588005215121948, 0.481031942633641, 0.7184700130378135, 1.8493787483702753, 0.7369374185136888, 0.15477444589309367, 0.5804041720990947, 0.3113076923076995, 0.3130664928292088, 0.5988715775749698, 0.5197255541069092, 0.9585462842242546, 0.05188461538461268, 0.7694752281616672, 0.2057796610169561, 0.9198526727509775, 4.761952411994795, 0.22688526727509656, 0.5144491525423756, 1.5380710560625845, 0.8116864406779658, 0.12135723598435318, 0.545228161668839, 1.3824172099087375, 0.029020208604948285, 0.007914602346807806, 0.25942307692307803, 0.9761342894393825, 0.3728657105606234, 0.08266362451107902, 1.5231212516297306, 1.2074165580182536, 1.0517627118644068, 1.0148279009126477, 0.4089211212516292, 1.0517627118644068, 0.7888220338983044, 2.540587353324647, 0.008794002607558046, 0.36846870925684294, 1.1273911342894487, 0.49861994784876296, 0.749249022164277, 0.34648370273793755, 0.5786453715775737, 1.1397027379400282, 0.06771382007822536, 1.3322913950456312, 1.581161668839636, 0.1741212516297278, 1.6866897001303822, 1.59347327249023, 1.3621910039113474, 0.07474902216428, 1.6884485006518917, 2.005032594524125, 0.2708552803129044, 0.5144491525423727, 0.24359387222946244, 0.18731225554106926, 0.9198526727509775, 0.0976134289439356, 0.6745, 0.06243741851368878, 0.15301564537157852, 0.4819113428943912, 0.009673402868317072, 1.608423076923078, 0.25502607561929463, 0.6138213820078233, 1.5011362451108223, 4.004788787483713, 0.5610573663624487, 0.7087966101694907, 0.24887027379400486, 0.6991232073011766, 0.6727411994784906, 1.6954837027379404, 0.10376923076923121, 0.7105554106910088, 0.07386962190352098, 0.05276401564537171, 1.7992529335071745, 0.28404628422424877, 0.15125684485006632, 0.8600534550195571, 1.4413370273794048, 0.6929674054758839, 0.23567926988266047, 0.010552803129076098, 0.05628161668839317, 0.508293350717077, 0.4951023468057356, 1.6603076923077025, 0.9075410691003921, 1.1880697522816224, 1.220607561929601, 1.7781473272490314, 0.9550286831812331, 0.09937222946545365, 1.9549067796610184, 0.9875664928292028, 0.3429661016949161, 0.9268878748370323, 0.4660821382007814, 0.13982464146023413, 1.4131962190352039, 0.02726140808344488, 0.7386962190352039, 0.7826662320730117, 0.44497653194263803, 0.13630704041720976, 1.081662320730117, 0.7905808344198165, 1.915333767926991, 0.2734934810951727, 0.36055410691003803, 0.1195984354628439, 1.3604322033898322, 0.7228670143415912, 0.5848011734028663, 0.4185945241199463, 0.20490026075619705, 1.7983735332464155, 1.0878181225554098, 1.0420893089960868, 2.08241981747067, 0.7096760104302555, 1.8379465449804429, 0.7228670143415912, 1.813323337679275, 0.26645827900912683, 0.9831694915254224, 0.2858050847457639, 0.013191003911341462, 1.6893279009126507, 1.5451062581486332, 0.259423076923081, 0.21017666232073365, 0.7685958279009112, 0.23655867014341952, 1.1414615384615434, 0.008794002607558046, 0.8618122555410692, 6.343114080834434, 0.38781551499348, 1.2082959582790127, 1.3138239895697532, 2.4385769230769276, 0.545228161668839, 1.2610599739243844, 1.48882464146024, 0.21105606258149268, 0.3517601043024742, 1.589955671447203, 0.2005032594524107, 0.7158318122555454, 0.5575397653194244, 0.1336688396349444, 0.18731225554106926, 0.16356844850064586, 1.2153311603650643, 0.5047757496740585, 0.35351890482398335, 0.004397001303780487, 1.65151368970013, 0.5883187744458936, 0.5566603650586771, 1.4131962190352039, 0.40100651890482436, 0.1213572359843561, 1.100129726206001, 0.5768865710560673, 1.0974915254237327, 1.4659602346805725, 0.6912086049543688, 1.4017640156453774, 0.22688526727509656, 1.3270149934810975, 0.6912086049543688, 0.18731225554106926, 1.367467405475884, 0.6841734028683228, 0.7184700130378078, 0.5109315514993483, 1.618975880052157, 0.8934706649282917, 1.0860593220338974, 0.2172118644067766, 0.1195984354628439, 0.7070378096479786, 1.3850554106910058, 0.998998696219035, 0.09321642764015804, 2.3453604954367755, 3.0084282920469434, 0.37638331160365074, 0.21457366362451413, 1.8810371577575065, 0.46872033898304977, 0.4669615384615405, 0.34912190352021166, 1.0790241199478519, 1.3692262059973932, 0.14685984354628293, 1.2065371577575064, 2.367345501955678, 1.8080469361147384, 0.5065345501955678, 0.022864406779658532, 1.3366883963494145, 1.0860593220338974, 0.5100521512385952, 1.6603076923077025, 0.18731225554106926, 0.32537809647978827, 1.6761368970013033, 0.5267607561929639, 0.005276401564536585, 1.9610625814863172, 0.08618122555410633, 0.7246258148631034, 0.11344263363755122, 0.536434159061281, 0.3746245110821327, 0.25238787483702635, 0.39924771838331513, 1.0394511082138214, 0.25942307692307803, 3.0295338983050897, 4.5825547588005335, 0.45113233376792783, 0.5654543676662293, 0.8257568448500663, 0.730781616688399, 0.9022646675358557, 0.11783963494132878, 1.007792698826599, 0.9550286831812272, 0.20314146023468196, 1.8414641460234673, 0.7017614080834449, 0.8530182529335054, 0.32537809647978827, 0.5091727509778361, 0.5364341590612751, 0.36407170795307126, 0.333292698826599, 0.8662092568448497, 0.3737451108213795, 1.0763859191655805, 0.7685958279009171, 0.2172118644067766, 1.340205997392439, 0.2022620599739229, 2.411315514993483, 0.1741212516297278, 0.4502529335071688, 1.5108096479791395, 0.19346805736636488, 0.21193546284224, 0.9304054758800507, 1.1405821382007872, 2.0657112125163075, 1.6172170795306418, 0.18819165580182828, 0.5293989569752322, 1.0288983050847453, 1.8572933507170888, 0.46344393741851314, 0.9005058670143463, 0.16444784876141075, 0.9400788787483737, 0.22160886571055413, 0.7070378096479814, 0.6604295958279053, 0.8055306388526761, 0.9884458930899619, 0.7140730117340273, 0.5944745762711952, 1.1326675358539795, 0.2251264667535873, 0.17236245110821563, 1.9707359843546282, 0.1653272490221639, 2.718226205997402, 0.41155932203390044, 0.969978487614081, 0.5979921773142107, 1.45980443285528, 1.0192249022164312, 0.5795247718383356, 0.3834185136897025, 0.10376923076923415, 1.4448546284224262, 0.6349269882659698, 0.36495110821382437, 0.29635788787484, 0.8143246414602341, 1.0834211212516351, 0.517966753585397, 2.2345560625814898, 0.02726140808344488, 0.8952294654498039, 3.149132333767936, 0.26997588005215417, 0.34120730117340387, 0.5021375488917903, 1.942595176010436, 0.7457314211212556, 0.6331681877444605, 0.7615606258148625, 1.1696023468057357, 0.24887027379400486, 0.8178422425032673, 0.8213598435462888, 0.21633246414601756, 0.8283950456323346, 1.2056577574967444, 0.56369556714472, 0.6797764015645366, 0.24711147327248975, 1.8546551499348205, 0.8090482398956976, 0.33944850065188875, 0.5390723598435493, 0.40804172099087316, 1.1520143415906137, 1.423749022164277, 1.8062881355932263, 0.08266362451108487, 0.5223637548891804, 0.9946016949152576, 1.0429687092568487, 0.4282679269882634, 0.9216114732724926, 0.9365612777053434, 0.037814211212518045, 1.5925938722294712, 0.0853018252933473, 1.1942255541069093, 1.3736232073011736, 0.09849282920469463, 0.24623207301173072, 0.13015123859192, 0.39221251629726633, 4.047000000000012, 1.822996740547592, 0.18907105606257854, 1.2399543676662352, 1.8959869621903513, 0.36231290743155314, 2.1123194263363776, 0.19962385919165462, 1.2065371577575064, 0.15741264667536195, 0.16708604954367315, 0.5839217731421161, 0.3570365058670166, 0.2154530638852673, 0.30515189048239805, 1.5354328552803134, 0.29635788787484, 0.10904563233377074, 0.8565358539765298, 0.5742483702737932, 1.41407561929596, 0.13718644067796, 0.32889569752281556, 0.7870632333767952, 0.24183507170795024, 1.6462372881356018, 1.2311603650586713, 0.12575423728813365, 0.7650782268578897, 0.4194739243807112, 0.10992503259452097, 1.108923728813565, 0.5584191655801805, 0.6322887874837014, 1.101009126466757, 1.989203389830518, 0.4572881355932175, 0.8732444589309073, 0.7817868318122644, 0.19610625814863317, 0.12399543676662145, 1.5890762711864408, 6.110073011734039, 1.516086049543676, 0.15477444589309367, 1.071988917861803, 1.2126929595827902, 1.6435990873533277, 0.28404628422424877, 0.766837027379405, 0.6147007822685794, 1.109803129074315, 0.05188461538461854, 1.312065189048238, 0.14070404172098733, 1.0139485006518887, 2.2064152542372946, 0.09761342894394438, 0.9541492829204682, 0.15389504563233758, 0.7562842242503258, 0.17763885267275512, 0.6226153846153843, 1.5547796610169502, 0.01670860495436878, 0.6340475880052135, 2.1307868318122587, 1.016586701434163, 0.8108070404172097, 0.18467405475880683, 0.6832940026075698, 0.4370619295958273, 1.3155827900912653, 0.7061584093872225, 0.14070404172099316, 0.11520143415906049, 0.9400788787483795, 0.09233702737939901, 0.0008794002607531684, 2.0076707953063933, 1.0675919165580166, 0.5091727509778332, 1.2601805736636253, 0.16620664928291415, 0.6059067796610156, 0.6674647979139482, 0.7738722294654536, 0.2638200782268644, 1.967218383311604, 1.1581701434159093, 2.600386571056067, 0.26206127770534926, 1.2056577574967384, 0.822239243807039, 0.905782268578877, 3.5941088657105684, 0.48982594524119905, 0.36055410691003803, 0.4871877444589307, 1.2724921773142108, 0.09937222946545365, 0.9858076923076907, 1.8748813559322048, 0.6745, 0.7738722294654479, 2.824633637548901, 1.182793350717083, 1.0570391134289434, 0.5812835723598477, 0.0967340286831795, 0.775631029986963, 1.4123168187744506, 1.2153311603650585, 0.08178422425032585, 0.9655814863102975, 1.1185971316818761, 3.2124491525423813, 0.3244986962190292, 0.20138265971316976, 0.41683572359844295, 0.15565384615385267, 0.5962333767926985, 0.6243741851368965, 2.2802848761408128, 0.9866870925684468, 0.3130664928292088, 0.10113102998696293, 0.30954889178618145, 2.1140782268578895, 0.7967366362451122, 0.040452411994786344, 0.804651238591917, 2.384054106910044, 0.321860495436761, 0.6876910039113473, 0.20138265971316976, 0.3948507170795288, 0.8697268578878801, 1.1458585397653238, 1.0834211212516351, 0.6850528031290731, 1.0420893089960896, 0.9031440677966147, 2.0331734028683197, 0.6138213820078205, 0.9462346805736634, 0.08706062581485657, 1.405281616688396, 0.8486212516297308, 0.019346805736640004, 4.473509126466766, 0.8820384615384654, 1.0763859191655833, 0.8283950456323318, 98.18943611473289, 64.7643116036507, 45.669014341590696, 37.1089322033899, 17.719035853976564, 13.823292698826618, 1.312065189048238, 0.7017614080834449, 0.6243741851368965, 1.4096786179921825, 0.48279074315515025, 0.3473631029986995, 1.1898285528031376, 1.8775195567144731, 0.14773924380704195, 1.9258865710560673, 1.082541720990879, 1.6295286831812272, 1.165205345501961, 0.22864406779660876, 1.4114374185136886, 1.2179693611473326, 1.837067144719687, 0.07386962190352098, 0.9506316818774438, 0.2638200782268644, 0.4546499348109493, 1.3173415906127774, 0.7703546284224263, 0.20314146023468196, 1.421110821382009, 0.2699758800521483, 0.9251290743155142, 0.7334198174706644, 1.5846792698826606, 1.413196219035201, 1.1757581486310311, 0.9427170795306419, 1.2733715775749728, 1.4905834419817463, 0.35263950456323023, 0.3922125162972605, 0.5135697522816166, 1.0174661016949131, 1.6031466753585413, 0.34912190352021166, 1.4184726205997404, 0.5804041720990947, 0.23919687092568195, 1.5952320730117395, 0.6894498044328595, 2.0023943937418567, 1.9927209908735395, 1.9856857887874906, 1.351638200782274, 0.9479934810951757, 0.9075410691003892, 0.1125632333767922, 1.6479960886571052, 1.405281616688402, 0.17236245110821563, 1.4606838331160361, 2.350636897001312, 0.7949778357235971, 0.9128174706649317, 1.0957327249022204, 0.3983683181225561, 0.33681029986962047, 0.5505045632333815, 0.8618122555410692, 1.017466101694916, 1.6330462842242517, 0.03253780964798146, 0.0853018252933473, 1.9874445893089971, 2.2143298565840936, 0.1626890482398956, 0.6797764015645366, 0.323619295958279, 5.143612125162982, 0.8741238591916605, 52.15847649301122, 0.3711035578144801, 0.19712198221093072, 0.3385355781448523, 1.7526715374841078, 0.15255527318932627, 1.3335730622617497, 1.4389904701397669, 0.7602052096569238, 0.551941550190597, 2.440027318932645, 0.45509466327827414, 1.6652522236340488, 0.36853240152477834, 0.041995552731891324, 1.2881493011435787, 1.0044650571791607, 0.9864669631512029, 0.12684371029225167, 1.3412865311308748, 1.7698125794154964, 0.3239656925031796, 0.2759707750952985, 0.755062897077506, 0.4953761118170243, 0.4190984752223612, 0.05399428208386231, 0.31796632782719264, 0.30168233799237587, 0.5159453621346869, 0.8973335451080025, 0.5862236340533687, 0.42595489199491726, 0.46109402795425536, 0.44909529860228725, 0.5956512071156237, 1.3292878017789123, 0.7927731893265545, 1.242725540025408, 0.2879695044472666, 0.2296899618805585, 0.06685006353239674, 0.38910165184243795, 0.40024332909783694, 0.8201988564167702, 0.40195743329097533, 0.38995870393900717, 0.8459104193138477, 1.8100940279542497, 0.25283036848792567, 0.7850597204574263, 0.27254256670901617, 0.6239339263024114, 1.7158182973316287, 0.36853240152477834, 0.5313722998729344, 0.12598665819567967, 0.08141994917407519, 0.06770711562896875, 0.13112897077509458, 0.9907522236340458, 0.9898951715374794, 1.9343665819567881, 0.49709021601015974, 0.4722357052096572, 0.5322293519694978, 0.4285260482846247, 0.44223888182973115, 0.49109085133417857, 0.12255844980940021, 0.5476562897077483, 1.4467039390088892, 0.08056289707750888, 0.42166963151206577, 0.7790603557814452, 0.7653475222363358, 1.4921277001270599, 96.64547966963109, 73.73647712833515, 70.85249682337962, 65.27651588310012, 63.178452350698606, 41.48646378653097, 22.662171537484028, 1.6875355781448464, 0.2879695044472666, 0.9958945362134665, 0.9376149936467554, 0.551941550190597, 0.9864669631512029, 0.47566391359592813, 1.0636016518424352, 0.8484815756035493, 0.3951010165184249, 0.04370965692503533, 0.6924980940279521, 0.8201988564167702, 0.5999364675984723, 1.1715902160101626, 0.09256162642947416, 0.19712198221093072, 0.35310546378653074, 0.5073748411689925, 0.9324726810673406, 0.0008570520965720069, 0.23483227445997343, 0.17998094027954198, 1.3489999999999942, 1.7578138500635256, 1.2058722998729314, 1.9635063532401478, 0.38053113087674934, 0.9907522236340458, 0.9076181702668322, 0.5819383735705173, 1.592402795425662, 0.43452541296061165, 0.1516982210927571, 0.22711880559085107, 1.486985387547645, 0.4516664548919947, 0.4756639135959366, 1.2050152477763623, 0.6025076238881826, 0.3539625158830971, 0.7516346886912323, 0.9693259212198142, 1.7355304955527247, 0.28539834815755916, 0.6376467598475151, 1.1655908513341757, 0.5767960609911053, 2.814559085133405, 0.7464923761118173, 0.11655908513341899, 0.32825095298602536, 0.5305152477763653, 1.2298697585768708, 1.0027509529860197, 0.6230768742058451, 0.8107712833545038, 0.9273303684879228, 0.7893449809402721, 0.5767960609910995, 1.8435190597204496, 0.9333297331639097, 1.6412547649301095, 0.1919796696315101, 0.010284625158835539, 0.2108348157560343, 0.38053113087674934, 0.07799174078780143, 1.1355940279542553, 0.1774097839898345, 0.35224841168996446, 0.33939263024142147, 0.44909529860228437, 0.27854193138500594, 0.43795362134688826, 1.0541740787801743, 0.15941168996187946, 0.18169504447267745, 0.4799491740787796, 0.08999047013976672, 1.800666454891986, 0.6273621346886937, 0.2605438373570509, 1.0233202033036763, 0.0008570520965691523, 0.5939371029224882, 0.9796105463786496, 0.5947941550190574, 0.9821817026683571, 0.16369695044472524, 1.1475927573062177, 0.719066709021596, 0.0848481575603518, 0.23997458703938548, 0.6556448538754701, 0.3265368487928785, 0.794487293519687, 0.6085069885641667, 0.4988043202033066, 1.6352554002541224, 0.6762141041931354, 0.9041899618805557, 1.2007299872935109, 0.7936302414231207, 0.524515883100384, 0.7422071156289716, 0.47737801778906924, 1.0413182973316344, 0.01456988564167559, 1.1938735705209607, 0.8013437102922459, 0.2759707750952985, 0.42938310038118815, 0.4919479034307505, 0.35053430749682046, 1.6549675984752188, 1.3687121982210877, 0.43195425667089565, 0.8159135959339215, 1.1467357052096487, 0.004285260482842908, 1.580404066073691, 0.6667865311308719, 0.5785101651842464, 0.312824015247772, 0.12084434561626761, 1.6198284625158779, 1.400423125794149, 0.30253939008894787, 0.34710609911054097, 0.5887947903430676, 0.2871124523506946, 1.1424504447268058, 0.25111626429479306, 0.21769123252859038, 1.5581207115628903, 0.9427573062261704, 0.12855781448538714, 0.2108348157560343, 0.021426302414231664, 0.28625540025412827, 0.6702147395171542, 0.3419637865311289, 0.7799174078780113, 1.2555813214739482, 0.7850597204574263, 0.08056289707750888, 0.840768106734427, 0.07456353240152482, 0.14998411689961877, 0.754205844980934, 0.05142312579415485, 0.8733360864040605, 1.8058087674714038, 0.17312452350698876, 0.8064860228716608, 0.10541740787801715, 1.0070362134688682, 1.3284307496823318, 0.8476245235069888, 0.11655908513341615, 2.7151410419313717, 0.24597395171537242, 0.12512960609911053, 0.5827954256670864, 0.15855463786530746, 0.9153316391359517, 0.017141041931383046, 0.5845095298602276, 0.9693259212198199, 0.012855781448542995, 0.12341550190597507, 0.004285260482842908, 0.8784783989834783, 0.7396359593392613, 0.06770711562896875, 1.3892814485387501, 0.8741931385006324, 1.3678551461245185, 1.7381016518424324, 0.5108030495552748, 1.238440279542565, 0.34967725540025696, 0.6599301143583187, 0.9830387547649292, 0.06513595933926415, 1.4107077509529817, 1.0018939008894532, 0.41738437102922, 0.5348005082592139, 0.2254047013977099, 0.8681937738246484, 0.492804955527314, 0.4559517153748376, 0.04713786531131194, 0.06685006353239674, 0.24940216010165472, 0.7336365946632716, 0.9778964421855113, 1.085885006353236, 0.3231086404066047, 1.260723634053363, 1.015606734434557, 0.26397204574332744, 0.1516982210927571, 0.9127604828462442, 0.7362077509529819, 0.5356575603557773, 1.2444396442185461, 0.6299332909783926, 0.18169504447268028, 0.4430959339262975, 0.3153951715374823, 1.091027318932651, 0.44909529860228437, 1.1355940279542553, 1.1038831003811909, 1.9197966963151125, 0.6616442185514598, 0.6016505717916077, 0.018855146124524207, 0.44566709021600487, 0.3951010165184249, 0.04628081321474279, 0.3102528589580674, 0.42509783989834815, 0.4508094027954198, 0.9856099110546365, 0.4045285895806827, 0.27854193138500305, 0.841625158830999, 0.3033964421855171, 0.9907522236340515, 1.962649301143576, 0.7610622617534872, 1.7295311308767436, 2.0654955527318855, 1.127023506988561, 1.2272986022871575, 2.1177757306226095, 0.4782350698856355, 2.0474974587039303, 1.829806226175343, 0.3119669631512086, 0.017141041931383046, 1.393566709021596, 0.3299650571791608, 0.4388106734434517, 1.2332979669631474, 0.6350756035578161, 0.20826365946632686, 0.04285260482846619, 0.32910800508259447, 0.30168233799237587, 0.1157020330368527, 1.0044650571791607, 1.6575387547649234, 0.23740343074967804, 0.4011003811944118, 0.743064167725538, 0.3419637865311289, 1.2452966963151155, 0.8004866581956797, 0.05142312579415485, 0.1251296060991134, 0.9881810673443412, 0.14398475222363757, 0.18255209656924945, 0.2014072426937708, 0.13455717916136833, 0.835625794155012, 1.1750184243964392, 0.5776531130876743, 0.07113532401525106, 0.04028144853875587, 1.4981270648030467, 0.8116283354510786, 1.1535921219822047, 0.603364675984749, 0.3359644218551448, 0.6787852604828429, 0.06685006353239674, 1.43984752223633, 0.09856099110546679, 0.5887947903430676, 1.4946988564167645, 1.1647337992376066, 0.4876626429479048, 0.7524917407877986, 0.7919161372299796, 1.1750184243964392, 0.4790921219822076, 0.3145381194409103, 0.8750501905972016, 0.5896518424396396, 0.5810813214739539, 0.5073748411689925, 0.3693894536213447, 1.8418049555273084, 0.8879059720457361, 1.894085133418035, 0.26397204574332744, 1.4775578144853816, 0.4036715374841107, 0.6127922490470123, 0.169696315120715, 0.5279440914866521, 0.2545444726810668, 0.46623634053367313, 0.5870806861499321, 0.8107712833545095, 1.09188437102922, 0.4790921219822104, 0.08484815756036036, 0.854480940279539, 0.441381829733162, 1.5958310038119357, 1.034461880559084, 0.33939263024142147, 1.399566073697583, 0.26225794155018917, 0.38910165184243795, 1.470701397712828, 1.09188437102922, 0.9256162642947815, 0.6247909783989806, 0.8347687420584486, 0.1217013977128339, 0.2416886912325238, 0.24854510800508275, 0.579367217280807, 0.517659466327828, 0.6556448538754701, 0.6110781448538712, 0.6770711562897046, 0.21683418043202124, 1.3875673443456118, 0.6076499364675947, 0.4585228716645451, 1.68410736975857, 1.2872922490470124, 0.38824459974586883, 0.25540152477763595, 0.04113850063532788, 11.801607369758528, 0.3573907242693708, 0.22197649301143615, 0.19455082592121756, 0.3771029224904699, 0.9727541296060935, 0.48851969504447107, 0.03685324015247641, 0.41481321473951543, 0.008570520965694379, 0.9050470139771248, 1.191302414231253, 1.480986022871658, 0.08913341804320327, 0.8304834815755999, 0.7036397712833512, 1.0370330368487886, 1.9317954256670806, 0.6265050825921189, 0.6899269377382448, 0.14055654383735525, 1.5444078780177837, 1.0173208386276953, 0.2931118170266872, 0.11227382465057323, 0.7164955527318941, 0.01456988564167559, 0.8510527318932625, 0.2391175349428249, 0.5562268106734398, 1.5032693773824588, 0.22454764930114363, 0.4336683608640425, 0.9761823379923759, 0.9547560355781413, 0.1328430749682329, 0.1534123252858954, 1.4672731893265545, 0.2271188055908482, 1.3412865311308748, 0.9736111817026656, 0.42509783989834815, 0.4293831003811967, 1.1578773824650503, 0.12598665819567967, 1.6789650571791492, 0.6530736975857655, 0.7773462515883068, 1.3944237611181651, 0.3402496823379906, 0.1834091486658186, 0.8870489199491669, 1.8160933926302338, 1.5949739517153696, 2.271188055908505, 0.39595806861499694, 1.28986340533672, 0.1902655654383775, 1.2101575603557801, 0.2913977128335403, 0.09427573062262104, 1.6086867852604758, 0.835625794155012, 0.17312452350698876, 0.29482592121982265, 0.27939898348157793, 0.6350756035578161, 0.24854510800508275, 0.19540787801778386, 0.17998094027954198, 1.0807426937738183, 0.40367153748411927, 0.7370648030495509, 0.18940851334180267, 0.13370012706480205, 2.0457833545107924, 0.6359326556543824, 1.068743964421853, 0.16883926302414012, 0.3539625158830971, 1.4347052096569208, 0.6830705209656887, 0.5099459974587, 1.196444726810668, 0.11398792884371155, 0.34796315120711296, 1.6275419313850001, 0.7859167725539984, 0.24254574332909867, 0.935043837357048, 0.4370965692503162, 1.3284307496823318, 0.785059720457432, 1.1595914866581916, 0.9179027954256649, 0.5193735705209634, 0.02742566709021573, 0.022283354510800817, 0.5039466327827216, 1.0970266836086378, 1.0121785260482803, 1.4895565438373524, 0.5433710292249025, 0.662501270648029, 0.7996296060991077, 1.2504390088945332, 0.10884561626429377, 0.3273939008894505, 0.23140406607369685, 0.23997458703938548, 1.5538354510800445, 0.10798856416772462, 0.660787166454885, 1.3687121982210906, 1.5204104193138448, 0.6522166454891963, 0.44652414231257975, 0.13455717916136833, 0.9187598475222313, 0.26311499364675833, 0.3462490470139747, 0.050566073697585694, 0.7876308767471338, 0.7156385006353193, 0.10198919949174055, 0.9221880559085107, 0.05999364675984352, 0.05827954256670807, 0.5999364675984723, 1.2872922490470124, 0.4670933926302366, 0.3582477763659485, 1.1184529860228667, 0.3651041931384989, 0.1328430749682329, 1.0764574332909724, 0.15855463786530746, 1.2307268106734368, 0.9573271918678516, 0.7482064803049527, 0.7122102922490399, 0.14998411689961877, 0.2108348157560343, 0.3625330368487914, 0.6856416772553989, 0.7756321473951686, 0.03599618805591296, 0.8304834815755999, 0.8056289707750945, 0.5810813214739452, 1.72010355781448, 0.21597712833545493, 0.35310546378652785, 0.9633265565438328, 1.1810177890724234, 2.5531581956797846, 0.4276689961880527, 1.1235952986022786, 0.32225158831003553, 0.029996823379920334, 1.0198919949174055, 0.17912388818297284, 1.852089580686144, 0.9410432020330293, 0.07970584498093973, 0.8596232528589511, 1.3130038119440897, 1.4072795425667053, 0.905904066073694, 0.3093958068615011, 0.5776531130876743, 0.8433392630241402, 0.854480940279542, 1.7132471410419239, 0.19797903430749988, 0.25283036848792567, 1.0764574332909753, 0.7104961880559073, 0.6693576874205823, 0.7962013977128282, 0.27854193138500594, 0.7370648030495539, 1.8735158831003755, 2.797418043202022, 1.3669980940279522, 0.4628081321473937, 0.05313722998729315, 0.07713468869123229, 0.8039148665819534, 1.7766689961880442, 0.7756321473951686, 0.9239021601016463, 0.7362077509529846, 0.24511689961880326, 0.3899587039390043, 0.8921912325285875, 0.9067611181702631, 1.0258913595933838, 0.4362395171537471, 0.017141041931388757, 1.8598030495552662, 0.06342185514612583, 0.9016188055908454, 0.16712515883100756, 0.40881385006352566, 0.05742249047013606, 0.19026556543836895, 0.36767534942820634, 0.19540787801779244, 0.5853665819567938, 0.6959263024142316, 0.6136493011435844, 0.9324726810673406, 0.44823824650571237, 0.505660736975857, 0.04285260482846619, 1.284721092757302, 0.4156702668360817, 1.092741423125789, 2.692857687420574, 0.19797903430749988, 1.092741423125789, 2.9748278271918536, 0.9024758576874173, 1.7483862770012648, 0.2845412960609871, 1.8495184243964362, 0.43195425667090415, 0.8750501905971988, 1.864088310038112, 0.032567979669630646, 0.8861918678526006, 0.23311817026683515, 0.8390540025412944, 0.15598348157560285, 1.026748411689956, 0.89990470139771, 0.6033646759847517, 0.14655590851333647, 0.4285260482846219, 0.3728176620076184, 0.36596124523506807, 1.2452966963151155, 1.1690190597204522, 0.8570520965692465, 0.4156702668360817, 1.4424186785260433, 0.10370330368488172, 0.593080050825922, 0.4859485387547579, 0.7190667090216016, 0.059136594663274374, 0.6179345616264273, 0.25283036848792567, 0.9221880559085078, 0.7104961880559044, 0.8347687420584486, 1.7098189326556472, 0.10370330368487886, 0.2999682337992347, 0.4310972045743293, 0.3959580686149884, 0.7636334180431947, 1.2152998729351951, 2.5017350698856298, 1.766384371029217, 0.6102210927573051, 1.0421753494282004, 1.4672731893265545, 0.18683735705209517, 2.1811975857687327, 0.6599301143583216, 0.2776848792884396, 2.3071842439644095, 0.1628398983481532, 0.48766264294790196, 0.06599301143583045, 1.1338799237611141, 0.5322293519695064, 0.14912706480304394, 0.05999364675984352, 0.37624587039389784, 0.5905088945362145, 1.1535921219822047, 0.5382287166454848, 0.14569885641677016, 1.0481747141041875, 0.1371283354510758, 0.4902337992376094, 0.31710927573061776, 1.5298379923761054, 0.9041899618805557, 0.5956512071156237, 2.2043379923760997, 0.44995235069885064, 0.3051105463786496, 1.5889745870393799, 0.6007935196950415, 0.23140406607369685, 1.3207172808132095, 0.7576340533672135, 0.8193418043202039, 0.6436461245235076, 1.4158500635323938, 0.20312134688691194, 0.9718970775095274, 1.0447465057179137, 0.7267801778907211, 0.48851969504447107, 1.9720768742058365, 1.6901067344345568, 0.8347687420584459, 0.18769440914866148, 0.5305152477763653, 0.5947941550190602, 0.07970584498093973, 1.3772827191867791, 1.4801289707750889, 1.2821499364675917, 1.898370393900878, 0.7267801778907182, 1.4364193138500592, 1.5418367217280764, 0.24940216010164618, 0.07970584498093973, 0.08827636594663411, 1.3721404066073644, 1.660109911054631, 0.03428208386276609, 0.23311817026683515, 0.45423761118169925, 1.0130355781448495, 0.7790603557814452, 0.7824885641677218, 0.9701829733163889, 0.6273621346886937, 0.02142630241423452, 3.4590622617534814, 0.9787534942820832, 0.5613691232528548, 1.0756003811944033, 0.6762141041931354, 1.0644587039390043, 0.4396677255400237, 0.9547560355781443, 0.06085069885641838, 2.082636594663269, 0.785059720457432, 0.40195743329097816, 0.28625540025412827, 0.3145381194409103, 0.9804675984752188, 0.964183608640402, 1.631827191867846, 0.3196804320203309, 0.08656226175349296, 1.098740787801776, 0.18683735705209806, 1.0310336721728044, 0.2039783989834811, 0.12255844980940592, 0.08570520965692666, 0.2528303684879285, 0.1756956797966962, 0.3153951715374823, 1.5246956797966906, 0.4293831003811967, 0.645360228716643, 0.24683100381194728, 0.9821817026683571, 0.37196060991105206, 1.1707331639135907, 0.3796740787801802, 0.3222515883100384, 0.3702465057179109, 0.9093322744599706, 0.6350756035578161, 0.8124853875476421, 4.436958703938987, 0.2596867852604817, 0.8407681067344327, 0.47480686149936463, 1.034461880559081, 0.5827954256670864, 2.0569250317661942, 0.18083799237611398, 0.5630832274459903, 1.5015552731893205, 0.4653792884371011, 1.3335730622617468, 0.45080940279542553, 0.011998729351968135, 1.166447903430745, 1.5392655654383691, 0.45080940279542553, 0.10798856416772462, 1.6206855146124441, 1.0756003811944062, 0.7439212198221041, 0.19797903430749988, 0.02485451080050542, 0.2348322744599763, 1.9206537484116817, 1.1253094027954198, 0.5253729351969504, 0.5185165184243943, 0.9024758576874173, 0.5425139771283334, 1.2272986022871575, 1.5084116899618736, 1.0550311308767437, 0.9607554002541254, 0.9119034307496781, 0.9230451080050799, 0.06513595933926415, 0.3299650571791608, 0.8767642947903399, 0.7387789072426894, 0.3479631512071158, 0.9478996188055882, 2.0286423125794064, 0.9667547649301209, 1.091027318932648, 1.0833138500635258, 1.492984752223632, 0.3196804320203309, 0.2476880559085136, 0.7413500635323967, 1.0593163913595893, 0.5262299872935194, 0.12084434561626761, 1.1724472681067404, 0.5159453621346869, 1.0901702668360818, 0.14398475222362903, 0.8930482846251567, 0.4748068614993618, 0.5665114358322725, 0.19197966963151294, 0.8467674714104167, 0.09341867852604617, 0.07542058449809683, 1.5041264294790282, 0.0865622617534958, 1.4535603557814423, 0.3985292249047044, 0.2545444726810668, 0.08141994917407805, 1.3747115628970716, 0.3033964421855085, 1.162162642947899, 3.72217725540024, 0.2956829733163947, 0.26225794155018917, 1.8315203303684813, 2.1983386277001187, 1.2461537484116847, 0.46452223634052914, 0.8347687420584486, 0.3771029224904699, 0.21169186785260347, 1.0421753494282004, 1.0421753494282064, 0.5622261753494296, 0.49280495552731685, 0.41824142312578916, 0.10713151207115547, 0.4053856416772576, 0.7190667090216016, 0.17398157560355507, 0.41995552731893315, 1.516125158830999, 0.4662363405336703, 2.4143157560355677, 0.1774097839898345, 0.5579409148665838, 0.6599301143583216, 1.6712515883100327, 1.1947306226175298, 0.4190984752223612, 0.2005501905971988, 0.7747750952986022, 0.7996296060991077, 0.3188233799237561, 1.7106759847522166, 0.743921219822107, 0.6599301143583187, 0.8467674714104139, 0.2271188055908482, 0.5793672172808126, 1.096169631512063, 1.0233202033036821, 0.03942439644218672, 0.20740660736975772, 0.14827001270647763, 1.1707331639135876, 0.22711880559085107, 0.5390857687420539, 0.5527986022871604, 0.7344936467598464, 1.1733043202032951, 0.4336683608640425, 0.6050787801778901, 1.1681620076238832, 1.656681702668357, 2.2566181702668238, 1.1441645489199441, 0.5262299872935194, 0.07199237611181165, 0.5562268106734398, 0.8159135959339215, 1.8152363405336644, 0.17826683608640653, 1.432134053367222, 0.5913659466327807, 0.08484815756036036, 2.9216905972045604, 0.5262299872935167, 0.3865304955527334, 0.9161886912325267, 0.19283672172807642, 0.7207808132147371, 1.6652522236340488, 0.8450533672172756, 0.9213310038119388, 1.1090254129606059, 0.8836207115628931, 0.8870489199491812, 0.6273621346886852, 0.17055336721727843, 1.1613055908513328, 1.1021689961880528, 0.9778964421855085, 1.5581207115628903, 1.091027318932651, 0.3042534942820805, 1.0756003811944033, 0.1851232528589569, 1.3635698856416727, 0.9196168996188033, 0.3402496823379906, 1.7509574332909725, 0.8150565438373553, 1.4775578144853816, 0.8124853875476421, 0.14227064803049355, 1.3738545108005056, 1.1295946632782685, 1.1433074968233747, 0.5382287166454877, 0.20826365946632686, 0.5442280813214717, 0.26311499364675833, 0.8681937738246484, 0.4585228716645451, 1.6549675984752188, 0.36339008894536057, 0.2828271918678517, 0.23826048284625004, 0.702782719186782, 0.10713151207115547, 0.24425984752223126, 1.5375514612452306, 0.6299332909784012, 0.18255209656924945, 0.6530736975857655, 0.8527668360864036, 0.3222515883100384, 1.393566709021596, 0.10713151207115261, 1.4012801778907182, 3.033964421855131, 0.6042217280813152, 0.9341867852604788, 0.633361499364675, 0.42166963151206577, 0.29311181702667866, 0.44823824650571803, 0.44909529860228725, 0.9641836086403992, 0.9093322744599706, 1.2615806861499292, 1.3267166454891934, 0.15512642947903654, 1.0696010165184164, 1.7338163913595894, 2.0826365946632714, 1.8666594663278193, 0.6873557814485344, 0.2819701397712854, 0.8373398983481531, 0.9204739517153667, 1.2675800508259163, 0.0994180432020331, 1.2735794155019002, 0.9273303684879285, 1.3549993646759755, 0.6170775095298583, 0.4285260482846247, 1.17416137229987, 1.0670298602287116, 1.9086550190597136, 0.16198284625158407, 0.6316473951715338, 0.2596867852604817, 0.8013437102922459, 0.5416569250317671, 0.7319224904701389, 0.49623316391359346, 0.38910165184243795, 0.14398475222363757, 1.432991105463777, 0.49366200762388596, 0.01885514612452135, 0.22626175349428476, 0.6136493011435787, 0.28625540025413115, 0.0008570520965691523, 0.09598983481575364, 1.1638767471410403, 0.2648290978399023, 0.08570520965692666, 0.45509466327827414, 0.3591048284625148, 0.49280495552731685, 0.9556130876747133, 0.7636334180432004, 1.9900749682337917, 1.0721721728081295, 1.0498888182973287, 0.6427890724269385, 0.7687757306226096, 0.4902337992376065, 0.09427573062262104, 1.4201353240152397, 0.6256480304955468, 1.0147496823379878, 0.6916410419313773, 0.04456670902159878, 1.8186645489199382, 0.8433392630241344, 0.5407998729351979, 0.5836524777636612, 1.259866581956788, 0.45680876747140675, 1.2864351969504406, 0.23654637865311173, 0.645360228716643, 0.28454129606099, 1.0567452350698763, 0.6419320203303693, 1.6575387547649234, 0.08227700127064719, 0.45080940279542553, 0.4619510800508245, 1.3524282083862709, 1.8212357052096515, 1.0318907242693764, 1.1407363405336675, 0.22454764930114077, 0.8244841168996159, 0.650502541296058, 0.07713468869123229, 1.016463786531129, 0.2108348157560343, 0.43366836086403676, 2.1803405336721635, 0.06685006353239674, 0.2254047013977099, 0.027425667090212873, 0.4756639135959366, 0.47309275730622924, 1.3884243964421752, 0.6325044472681087, 1.0661728081321427, 0.9916092757306205, 0.54594218551461, 0.14055654383735525, 0.38824459974586883, 0.911046378653106, 2.496592757306215, 0.22197649301143615, 1.0953125794154936, 0.6745, 1.3789968233799204, 1.1004548919949086, 1.9352236340533575, 0.011141677255401836, 1.1295946632782685, 0.557083862770009, 0.9710400254129581, 1.1141677255400237, 0.27854193138500305, 1.168162007623886, 0.23140406607369685, 0.3093958068615011, 0.1371283354510815, 0.3659612452350651, 1.3164320203303637, 0.8253411689961851, 1.8786581956797905, 0.8219129606099056, 0.43623951715375, 1.0524599745870333, 0.6153634053367171, 1.6172573062261701, 0.6350756035578076, 0.6033646759847517, 0.4285260482846219, 0.10970266836086578, 0.3848163913595923, 2.2797585768741966, 0.7756321473951686, 1.4981270648030467, 0.3093958068615011, 0.2391175349428249, 0.18683735705209806, 0.46109402795425247, 1.2058722998729314, 0.2571156289707743, 1.8126651842439572, 0.0625648030495567, 0.5493703939008837, 0.18426620076238773, 0.8484815756035493, 0.5348005082592053, 0.6822134688691224, 0.6299332909784012, 0.10970266836086293, 1.4355622617534842, 0.6119351969504462, 1.6875355781448464, 0.23997458703938548, 1.6026874205844919, 0.6350756035578161, 0.012855781448534432, 0.34453494282084207, 0.6256480304955468, 0.06513595933926129, 1.0567452350698818, 1.190445362134684, 0.5570838627700119, 1.1527350698856356, 1.4347052096569208, 0.44223888182973115, 0.6016505717916163, 1.0704580686149912, 1.1655908513341757, 0.45680876747140675, 0.13112897077509458, 0.6110781448538712, 0.35739072426937935, 1.1133106734434517, 2.8025603557814365, 2.3971747141041817, 0.8647655654383661, 0.4293831003811967, 92.62333418043163, 86.83223316391323, 82.9643570520962, 83.28060927573026, 79.07334053367184, 76.79015374841136, 75.1111886912322, 72.42261626429448, 2.4348850063532304, 2.4820228716645394, 3.612474587039377, 0.7130673443456118, 2.4700241423125653, 1.3027191867852543, 1.2512960609910992, 0.9770393900889421, 0.40195743329097816, 1.3927096569250295, 0.5502274459974529, 1.0241772554002484, 0.6787852604828429, 0.8287693773824617, 1.2401543837357005, 0.36167598475221946, 0.755062897077506, 1.3181461245235047, 1.517839263024137, 1.9206537484116817, 0.27939898348157793, 1.1304517153748403, 0.2399745870393912, 0.14141359593392155, 1.0935984752223582, 0.12084434561625905, 0.14655590851334505, 0.69764040660737, 1.765527318932648, 0.4705216010165161, 0.8244841168996188, 1.1450216010165102, 0.5845095298602276, 0.598222363405334, 1.253867217280807, 0.09513278271919019, 1.1235952986022786, 0.2296899618805614, 0.1379853875476478, 0.11913024142312646, 2.3020419313849976, 0.5407998729351979, 0.1148449809402807, 1.4629879288437058, 1.2033011435832186, 0.36681829733163435, 1.8992274459974472, 0.0694212198221042, 0.04113850063531931, 1.284721092757302, 0.7953443456162591, 0.8519097839898317, 1.6086867852604758, 0.9787534942820832, 1.3918526048284576, 1.37642566709021, 0.6959263024142288, 0.7199237611181707, 1.2247274459974558, 0.41567026683608455, 0.35053430749682046, 1.295862770012701, 1.3395724269377278, 0.27168551461244983, 0.5639402795425651, 1.7912388818297256, 1.336144218551454, 0.9290444726810667, 0.06685006353239674, 0.03342503176619694, 0.4285260482846247, 0.013712833545109293, 1.1304517153748403, 0.9256162642947815, 1.1998729351969477, 0.14484180432020102, 0.5296581956797903, 0.13541423125794322, 0.2828271918678517, 1.2581524777636555, 0.947042566709019, 1.5829752223633984, 1.1364510800508216, 0.09770393900888907, 1.2418684879288389, 0.08827636594663411, 1.0507458703938979, 0.6127922490470096, 0.6573589580686141, 0.40195743329097533, 1.098740787801776, 1.3849961880559016, 0.01971219822109621, 0.10713151207115547, 0.2819701397712854, 0.8107712833545095, 0.4105279542566725, 0.4011003811944033, 0.07799174078780143, 0.6787852604828429, 1.991789072426927, 0.9307585768742022, 0.49880432020329807, 0.2125489199491726, 0.38395933926302306, 0.26225794155018917, 0.8279123252858925, 0.6804993646759842, 0.970182973316386, 0.5193735705209634, 0.6419320203303637, 1.1655908513341786, 0.12684371029225167, 0.6247909783989806, 0.1774097839898345, 0.7516346886912294, 1.4518462515883042, 1.2555813214739453, 1.1981588310038178, 1.1853030495552634, 0.37367471410419034, 1.331001905972042, 0.1319860228716609, 0.19540787801778386, 1.0036080050825886, 0.05656543837356977, 0.5819383735705201, 0.8656226175349381, 0.5493703939008866, 1.1201670902160077, 0.19369377382465125, 0.7370648030495509, 1.2530101651842407, 1.7295311308767436, 1.4792719186785226, 1.2504390088945332, 0.5699396442185463, 0.028282719186784884, 0.06685006353239674, 0.5553697585768764, 0.9564701397712797, 2.2540470139771163, 0.6685006353240074, 0.4430959339262975, 1.2564383735705171, 0.3711035578144801, 1.746672172808121, 0.8527668360864036, 1.1218811944091402, 1.5392655654383691, 0.9967515883100355, 0.06770711562896875, 0.3102528589580646, 0.8167706480304907, 0.3188233799237561, 0.048851969504447396, 0.4739498094027898, 0.6419320203303693, 0.09256162642947416, 0.30082528589580104, 2.727996823379909, 1.3927096569250295, 0.9984656925031739, 1.9729339263024057, 1.3352871664548878, 0.7079250317661998, 0.019712198221090504, 0.3865304955527334, 0.5313722998729316, 1.016463786531129, 0.5707966963151183, 0.19197966963151294, 0.27425667090216016, 1.284721092757302, 0.7996296060991077, 0.11398792884371155, 0.324822744599743, 0.9847528589580646, 2.5583005082591996, 1.0087503176620065, 0.9496137229987265, 0.05999364675984352, 0.8733360864040661, 1.3001480304955468, 0.5759390088945389, 0.56908259212198, 0.7404930114358248, 0.197121982210925, 1.289006353240148, 0.5399428208386259, 0.9359008894536172, 1.492127700127057, 0.6093640406607301, 1.09188437102922, 1.6935349428208335, 0.970182973316386, 0.603364675984749, 0.23740343074967804, 0.7379218551461173, 1.1295946632782654, 0.5150883100381205, 0.603364675984749, 1.289006353240148, 1.2127287166454874, 0.7456353240152452, 0.6762141041931354, 0.5356575603557802, 1.4784148665819505, 1.06874396442185, 0.19283672172807642, 0.5305152477763624, 0.21769123252859038, 0.6942121982210934, 1.7158182973316314, 1.6026874205844919, 1.1647337992376066, 0.13455717916136833, 0.045423761118173644, 0.1894085133418055, 0.011998729351968135, 0.17912388818296995, 0.29568297331638616, 0.9384720457433218, 0.5733678526048257, 1.9549358322744534, 0.5810813214739539, 0.45680876747140675, 0.34110673443455686, 0.9247592121982153, 1.166447903430745, 0.7447782719186734, 0.818484752223629, 1.380710927573053, 1.1630196950444711, 1.3661410419313802, 0.07799174078780428, 0.9778964421855085, 0.5322293519695064, 1.1227382465057152, 1.6532534942820776, 0.9119034307496781, 0.09427573062262104, 1.149306861499356, 1.17416137229987, 0.31710927573061776, 1.119310038119433, 0.3462490470139747, 0.924759212198221, 1.6309701397712768, 1.0276054637865308, 0.14398475222363757, 0.5562268106734427, 0.7644904701397667, 0.8699078780177867, 0.2065495552731914, 2.1803405336721635, 0.6076499364675976, 0.25111626429478734, 0.2691143583227424, 0.1371283354510815, 0.010284625158826973, 1.2478678526048228, 1.3978519695044416, 0.40024332909783694, 0.005142312579414914, 0.7456353240152396, 0.9821817026683571, 0.7267801778907182, 0.8810495552731856, 1.0524599745870333, 1.528123888182967, 0.15855463786531032, 0.9478996188055882, 0.6642153748411644, 0.4516664548919918, 1.852089580686144, 0.6230768742058451, 1.1355940279542525, 1.0061791613722961, 0.7524917407877986, 0.8956194409148612, 0.2931118170266872, 0.34967725540025696, 1.444989834815745, 0.9607554002541254, 1.7321022871664482, 0.23654637865311173, 0.14055654383735813, 0.21597712833545493, 0.7302083862769978, 0.7113532401524735, 0.5536556543837295, 1.017320838627698, 1.1270235069885581, 0.46109402795425247, 1.1518780177890693, 0.3591048284625176, 1.1004548919949144, 0.20140724269377364, 1.0113214739517111, 1.003608005082586, 1.7766689961880442, 2.298613722998718, 2.8025603557814365, 0.3642471410419297, 1.1064542566708957, 0.3265368487928785, 0.15855463786531032, 0.5887947903430676, 0.23054701397712768, 0.6942121982210934, 1.7818113087674647, 0.5073748411689952, 0.325679796696315, 0.649645489199486, 0.37538881829733445, 0.1508411689961908, 0.9204739517153667, 1.0190349428208305, 0.25882973316390967, 1.062744599745866, 0.30596759847522165, 0.6667865311308748, 1.13816518424396, 0.947042566709019, 2.308898348157548, 0.010284625158826973, 0.2519733163913536, 1.6164002541295983, 0.7422071156289716, 0.1851232528589569, 0.2759707750952985, 0.5390857687420539, 0.02656861499364943, 1.1527350698856385, 0.18255209656924945, 0.3239656925031796, 0.5613691232528576, 1.204158195679793, 2.1117763659466253, 0.3119669631512086, 0.35653367217281023, 0.27168551461245266, 0.5879377382465013, 0.06342185514612299, 0.9538989834815722, 0.7130673443456118, 1.4424186785260378, 0.03085387547649234, 0.5887947903430676, 0.21854828462515385, 0.3633900889453634, 0.3522484116899559, 1.6618240152477661, 1.4629879288437058, 0.1251296060991134, 2.5051632782719095, 0.7130673443456148, 0.17055336721728132, 0.4199555273189275, 0.11998729351969847, 1.0730292249046987, 1.0138926302414186, 2.611437738246493, 0.1028462515883097, 1.393566709021596, 0.10713151207115261, 1.237583227445993, 0.9419002541295983, 0.21597712833544636, 0.952184879288434, 0.46880749682338063, 1.6661092757306264, 0.10027509529860225, 1.4141359593392584, 0.8082001270647964, 1.0601734434561614, 0.80734307496823, 0.8716219822109192, 0.20312134688691194, 0.6230768742058451, 1.155306226175343, 0.8313405336721691, 1.6583958068614926, 0.015426937738250452, 0.26311499364675545, 1.50926874205844, 0.8381969504447195, 0.011141677255401836, 0.9633265565438328, 0.46109402795425247, 0.6059358322744592, 0.3659612452350651, 0.2434027954256678, 0.5073748411689925, 1.4038513341804255, 1.5949739517153696, 0.18683735705209806, 0.17055336721727843, 0.24940216010164618, 0.5356575603557773, 1.6523964421855115, 0.9033329097839865, 0.34882020330368213, 0.7327795425667166, 0.08656226175349296, 0.18169504447267745, 1.0138926302414186, 0.29054066073697976, 0.49109085133417857, 1.9086550190597136, 1.0130355781448495, 1.9943602287166373, 0.3231086404066047, 0.0359961880559044, 0.5382287166454877, 0.5622261753494239, 0.2759707750952985, 1.086742058449805, 0.5699396442185491, 0.929901524777636, 1.573547649301138, 1.8683735705209576, 1.1784466327827159, 0.7422071156289659, 0.4096709021601034, 0.7730609911054611, 0.011998729351970988, 0.8733360864040605, 0.3093958068615011, 0.8124853875476421, 0.13370012706480205, 0.14055654383735525, 1.8778011435832214, 0.2768278271918648, 0.47652096569249724, 0.4782350698856355, 1.754385641677249, 1.8846575603557716, 2.5043062261753373, 0.6685006353240074, 0.46623634053367313, 0.911046378653106, 0.4430959339262975, 0.15769758576874116, 1.0738862770012678, 1.2872922490470124, 0.7482064803049527, 1.4844142312579318, 0.9256162642947874, 0.2528303684879285, 0.2296899618805585, 0.6265050825921189, 0.5905088945362145, 0.3462490470139775, 0.08141994917407805, 0.640217916137231, 0.0497090216010194, 0.5356575603557802, 1.858945997458697, 0.04285260482846619, 0.8116283354510786, 0.03771029224904556, 0.603364675984749, 0.3325362134688711, 0.8639085133418026, 0.08313405336721348, 1.8615171537484043, 0.6522166454891963, 1.1458786531130851, 0.6539307496823376, 2.218907878017781, 0.9658977128335432, 0.9753252858958039, 0.5802242693773789, 0.08570520965692666, 0.2536874205844948, 0.19883608640406333, 0.37538881829733445, 0.85362388818297, 0.23226111817026884, 1.9609351969504405, 1.1158818297331592, 3.554195044472663, 1.006179161372299, 0.0351391359593381, 1.3755686149936408, 1.672965692503171, 0.460236975857689, 1.3601416772553963, 0.016283989834813897, 0.05656543837356977, 0.5716537484116904, 0.025711562897077427, 1.544407878017781, 0.9924663278271982, 1.0653157560355706, 0.2579726810673463, 1.4029942820838566, 1.213585768742054, 0.3479631512071158, 1.002750952986014, 2.133202668360857, 1.1227382465057152, 1.178446632782713, 0.05399428208386231, 4.436101651842418, 0.2871124523506946, 0.2605438373570537, 0.3771029224904699, 0.08056289707750604, 1.5015552731893205, 0.2408316391359575, 0.754205844980934, 1.211871664548913, 0.7216378653113091, 0.2699714104193087, 0.05485133418043146, 1.1227382465057152, 1.567548284625151, 2.0346416772553906, 0.06599301143583045, 0.7242090216010136, 1.911226175349421, 0.39767217280812955, 0.4396677255400237, 2.3671778907242613, 0.8004866581956797, 0.25797268106734345, 0.2219764930114333, 0.7662045743329021, 0.8501956797966933, 1.3867102922490429, 1.2872922490470067, 0.3273939008894533, 0.3351073697585785, 1.1038831003811882, 0.08227700127064719, 0.5810813214739452, 0.3188233799237561, 1.096169631512063, 0.26654320203303494, 1.7886677255400178, 0.5562268106734427, 0.7362077509529846, 1.0841709021601005, 1.7835254129606057, 0.26225794155018917, 0.40709974587039305, 1.4432757306226094, 0.15426937738246457, 0.25882973316391256, 1.6086867852604758, 0.8287693773824617, 0.5202306226175355, 0.25025921219822106, 0.2913977128335403, 0.7584911054637941, 0.8467674714104139, 0.6693576874205823, 0.8510527318932625, 1.7732407878017733, 1.3215743329097784, 0.0205692503176568, 0.8253411689961851, 0.7524917407877986, 0.37624587039389784, 1.1227382465057152, 0.19197966963151294, 1.8263780177890634, 0.5519415501905941, 0.27854193138500594, 1.5924027954256592, 1.168162007623886, 0.14998411689961877, 0.7190667090216016, 0.37624587039390067, 1.587260482846247, 0.13112897077509458, 0.8853348157560315, 0.6830705209656887, 1.1638767471410374, 0.01885514612452135, 1.2555813214739482, 0.33167916137230197, 1.9146543837356975, 1.8075228716645366, 0.18083799237611398, 0.5433710292249053, 0.7970584498093946, 0.43623951715375, 1.8940851334180322, 0.5767960609910995, 0.06342185514612583, 1.324145489199486, 0.40281448538754444, 1.621542566709013, 0.575081956797964, 0.6582160101651775, 0.9076181702668322, 0.517659466327828, 1.13816518424396, 0.1534123252858954, 0.20826365946632686, 0.47480686149936463, 0.5947941550190574, 1.3172890724269326, 0.05570838627700061, 0.31796632782719264, 1.2290127064803016, 0.6059358322744592, 0.9864669631512029, 0.18683735705209806, 0.10113214739517139, 0.6016505717916077, 1.0704580686149856, 1.3301448538754672, 0.5776531130876715, 1.8606601016518383, 0.5965082592121957, 1.299290978398978, 0.15769758576874116, 0.012855781448542995, 0.5545127064803015, 2.171770012706472, 0.37624587039389784, 1.226441550190594, 0.2151200762388801, 0.8124853875476478, 1.0018939008894476, 0.6162204574332919, 0.4430959339263003, 1.190445362134684, 1.0138926302414186, 1.1861601016518382, 1.7415298602287062, 1.88637166454891, 0.4208125794154995, 0.8219129606099056, 0.8201988564167645, 0.5673684879288445, 0.4756639135959366, 0.4285260482846219, 0.12770076238881797, 1.331858958068611, 0.4988043202033066, 1.6592528589580646, 1.209300508259208, 0.27425667090216016, 0.5665114358322754, 0.6179345616264273, 1.452703303684873, 0.24511689961880326, 1.1013119440914836, 0.5365146124523464, 1.5032693773824588, 1.4141359593392526, 1.2624377382464955, 1.2804358322744565, 0.7276372299872903, 0.34882020330368213, 0.2476880559085107, 0.08827636594663411, 1.4098506988564126, 0.8793354510800474, 0.2476880559085136, 0.5442280813214717, 2.6088665819567853, 0.49366200762388596, 1.1467357052096487, 0.01971219822109621, 1.0644587039390043, 0.5425139771283334, 1.2692941550190544, 1.9660775095298524, 1.0113214739517111, 0.19455082592122044, 1.7398157560355705, 0.5356575603557773, 2.2566181702668238, 1.8889428208386174, 0.7310654383735697, 3.154808767471398, 1.3867102922490397, 0.5467992376111791, 1.2795787801778873, 1.432991105463777, 0.37881702668360817, 2.638863405336711, 0.5665114358322725, 0.9701829733163889, 2.266902795425659, 0.2519733163913536, 0.197121982210925, 0.40024332909783694, 0.28625540025412827, 0.8287693773824645, 1.0533170266836025, 0.07027827191867907, 0.33167916137229336, 1.1364510800508216, 0.10198919949174055, 0.01971219822109621, 0.3831022871664568, 0.1371283354510758, 0.07370648030495566, 1.0130355781448495, 0.575081956797964, 1.4998411689961824, 0.07370648030495852, 0.2708284625158807, 0.3462490470139747, 0.5013754764930055, 0.2374034307496809, 0.16712515883100756, 0.19712198221093072, 0.2125489199491755, 0.4705216010165161, 0.7113532401524764, 0.6059358322744592, 0.422526683608635, 1.6703945362134633, 2.2094803049555147, 0.28197013977128255, 1.2418684879288389, 0.16283989834815893, 2.795703939008883, 2.6234364675984607, 0.16712515883100756, 0.16969631512070643, 0.16455400254130007, 1.5769758576874144, 0.5150883100381205, 0.8836207115628931, 0.25540152477763883, 0.36767534942820634, 0.4396677255400237, 0.5082318932655673, 0.494519059720458, 1.9412229987293441, 1.588974587039394, 0.9170457433290958, 0.08141994917407805, 0.0994180432020331, 0.34710609911054097, 0.20312134688691194, 0.050566073697585694, 984.1400667090176, 981.616048284621, 970.2618221092719, 0.2391175349428249, 1.0970266836086378, 0.3419637865311289, 0.7164955527318941, 0.4336683608640425, 1.2307268106734397, 0.5099459974587, 0.974468233799229, 0.8596232528589511, 0.7670616264294741, 1.4064224904701303, 0.09084752223633873, 0.3796740787801802, 3.3073640406607243, 0.057422490470141765, 1.2667229987293471, 2.7125698856416642, 0.5510844980940277, 1.3224313850063505, 0.8022007623888152, 1.0250343074968205, 0.4353824650571751, 0.12941486658195914, 1.4132789072426892, 0.4105279542566725, 1.6069726810673377, 0.5142312579415486, 0.12684371029225167, 0.2545444726810668, 0.09513278271918163, 0.020569250317665367, 1.1304517153748403, 0.22369059720456874, 1.3807109275730671, 1.6378265565438301, 3.7770285895806714, 0.1988360864040662, 0.33939263024142147, 1.359284625158827, 0.17141041931384762, 0.24425984752223126, 2.1083481575603487, 0.8176277001270627, 0.34539199491740835, 0.9059040660736968, 0.4448100381194386, 0.32482274459974586, 1.7346734434561557, 0.36167598475221946, 0.3325362134688682, 0.9898951715374794, 0.44823824650571803, 0.33339326556544024, 0.5690825921219829, 0.2339752223634043, 0.7062109275730615, 0.877621346886912, 1.545264930114353, 0.5613691232528576, 1.8349485387547548, 0.8656226175349409, 1.841804955527311, 1.3567134688691194, 1.2932916137229937, 0.8004866581956797, 1.5066975857687355, 1.6061156289707685, 0.15855463786530746, 0.26311499364675833, 0.33853557814484947, 1.202444091486655, 0.6907839898348167, 1.4269917407877957, 1.0353189326556502, 0.023997458703941977, 1.022463151207113, 0.1979790343074913, 0.9718970775095215, 1.017320838627698, 1.2984339263024087, 1.2007299872935109, 1.11502477763659, 1.3704263024142258, 0.17912388818296995, 0.6427890724269385, 0.673642947903428, 0.1379853875476478, 1.1681620076238832, 1.167304955527314, 0.6822134688691166, 0.9024758576874173, 0.2648290978399023, 0.17998094027954198, 0.6565019059720448, 0.5553697585768679, 0.6667865311308748, 2.032927573062252, 0.3205374841168972, 0.4370965692503162, 0.9264733163913564, 1.095312579415508, 0.5716537484116904, 0.6487884371029226, 0.14141359593393013, 1.1373081321473908, 0.9444714104193087, 0.18083799237611115, 0.34539199491740835, 0.16969631512070643, 0.018855146124524207, 0.8210559085133393, 1.562405972045736, 0.5228017789072372, 0.8176277001270627, 0.05142312579415485, 1.6044015247776304, 0.7464923761118173, 1.7149612452350622, 0.4876626429479048, 0.5587979669631473, 1.5409796696315043, 0.47737801778906924, 0.04628081321473423, 1.5915457433290872, 1.0987407878017705, 0.6659294790342999, 0.15941168996187946, 1.0696010165184164, 0.3856734434561614, 1.0044650571791607, 0.557083862770009, 1.3764256670902073, 1.4886994917407832, 0.8707649301143531, 1.3867102922490429, 1.184445997458697, 0.7842026683608573, 20.109870393900806, 67.89823824650544, 58.65578843710267, 55.584970775095066, 54.0705597204572, 48.9179625158829, 45.212926302414054, 44.943811944091316, 1.0361759847522194, 1.7038195679796606, 2.0243570520965606, 2.814559085133405, 1.3738545108005056, 2.972256670902146, 2.366320838627687, 2.5437306226175243, 5.0377522236340315, 8.596232528589546, 11.496496823379879, 12.254987928843656, 10.194634688691194, 10.648872299872888, 4.509808132147377, 1.0944555273189303, 0.6067928843710226, 1.563263024142308, 0.6162204574332862, 0.5682255400254108, 0.17483862770012137, 1.609543837357045, 0.7524917407877986, 0.6856416772553962, 0.024854510800508274, 1.1364510800508216, 0.2828271918678517, 0.13284307496823003, 1.010464421855142, 0.11655908513341615, 3.269653748411676, 0.38910165184243795, 0.46195108005082736, 1.2624377382464955, 0.7464923761118173, 0.4105279542566725, 0.00857052096568867, 0.8870489199491669, 1.5435508259212118, 0.4396677255400237, 0.6513595933926244, 0.18769440914867005, 0.5776531130876743, 1.5512642947903372, 1.5538354510800445, 0.5819383735705173, 0.4396677255400237, 0.12770076238881797, 3.9938627700126896, 1.4312770012706415, 0.7473494282083866, 0.1516982210927571, 0.15598348157560285, 0.12084434561625905, 1.4107077509529817, 1.211871664548913, 0.5579409148665838, 0.40624269377381816, 1.2204421855146073, 1.5692623888182922, 0.20397839898348397, 0.21169186785260347, 2.4023170266835963, 0.7722039390088918, 0.9950374841168972, 0.9770393900889421, 0.9744682337992346, 1.2152998729351951, 1.0396041931384932, 0.1242725540025385, 0.7422071156289659, 0.5048036848792878, 0.8759072426937679, 0.6625012706480262, 0.16712515883100756, 0.8107712833545038, 0.5810813214739452, 1.1733043202033009, 0.11913024142312646, 0.3505343074968233, 1.3301448538754728, 0.40881385006352566, 0.2056925031766194, 0.44823824650571803, 1.4844142312579374, 1.4904135959339189, 0.9221880559085107, 1.7389587039390015, 0.10798856416772462, 0.6325044472681087, 0.04285260482846619, 1.6078297331639069, 0.19369377382465125, 0.7782033036848759, 0.6547878017789066, 0.4525235069885667, 0.8767642947903399, 0.7164955527318885, 0.1722674714104139, 0.771346886912317, 1.3884243964421752, 3.2173735705209516, 4.187556543837341, 0.5965082592121957, 0.6307903430749675, 1.0833138500635258, 0.80734307496823, 1.0413182973316344, 2.8591257941550063, 0.23654637865311173, 0.1851232528589569, 1.0027509529860197, 0.4285260482846219, 0.34967725540025696, 1.1527350698856385, 0.21940533672172585, 0.8707649301143559, 0.5407998729351952, 0.5193735705209634, 1.475843710292243, 0.5485133418043175, 0.3462490470139747, 1.821235705209646, 1.0541740787801688, 0.8022007623888152, 6.144206480304927, 2.1374879288437, 2.0937782719186675, 2.7948468869123144, 1.3258595933926243, 1.4749866581956768, 1.1338799237611141, 0.5185165184243943, 0.8707649301143531, 0.045423761118173644, 0.3985292249046958, 0.13112897077509458, 0.5159453621346897, 1.0464606099110465, 0.07542058449809683, 1.9463653113087591, 0.8639085133418026, 2.096349428208378, 0.603364675984749, 0.23483227445997343, 1.6326842439644151, 0.2579726810673463, 0.8853348157560286, 1.1047401524777574, 0.9264733163913536, 0.6205057179161376, 0.603364675984749, 0.5750819567979611, 0.07113532401525106, 0.5356575603557773, 1.4604167725539925, 0.5647973316391314, 0.07884879288437058, 0.5853665819567938, 0.9864669631512029, 1.155306226175346, 1.6901067344345513, 0.06942121982211276, 0.02314040660736997, 0.7936302414231263, 0.7387789072426894, 1.6275419313849944, 0.6050787801778901, 0.011998729351968135, 0.16712515883100756, 1.528123888182967, 0.6479313850063505, 0.336821473951714, 0.5665114358322754, 0.2211194409148613, 1.2007299872935167, 0.9316156289707742, 1.0318907242693738, 1.3584275730622577, 0.4370965692503162, 0.2348322744599763, 0.2605438373570509, 0.3171092757306235, 0.15598348157560285, 0.7130673443456118, 0.2374034307496809, 0.6170775095298583, 1.1004548919949144, 0.19455082592121756, 0.8827636594663267, 0.42338373570520693, 1.1090254129606059, 0.8836207115628931, 0.33339326556544024, 0.2793989834815722, 0.6102210927573051, 0.3908157560355763, 0.3642471410419297, 0.4379536213468854, 0.564797331639137, 0.6702147395171514, 0.38653049555273056, 1.1355940279542553, 0.8501956797966963, 1.2650088945362086, 0.3925298602287146, 0.7079250317661998, 0.41224205844981077, 0.09170457433290786, 1.0678869123252837, 0.5862236340533687, 1.0473176620076212, 1.5118398983481476, 0.3668182973316372, 0.44138182973315915, 1.1013119440914807, 1.8340914866581888, 1.359284625158827, 0.6779282083862737, 0.0685641677255379, 1.3078614993646722, 0.4156702668360817, 0.894762388818295, 1.2170139771283335, 0.9701829733163889, 1.3798538754764895, 0.3505343074968233, 0.04628081321474279, 0.0994180432020331, 0.0831340533672192, 1.5966880559085077, 0.41224205844980794, 0.5947941550190602, 1.213585768742054, 0.21426302414230808, 1.248724904701392, 0.09341867852604617, 2.10577700127065, 0.06685006353239674, 0.06085069885641553, 0.579367217280807, 0.7182096569250296, 0.8407681067344327, 0.3256797966963122, 0.41224205844980794, 0.5982223634053312, 0.6693576874205823, 0.3985292249047044, 0.4328113087674704, 2.166627700127057, 0.14569885641677016, 0.5330864040660699, 0.010284625158826973, 1.5238386277001241, 0.5999364675984723, 0.7319224904701389, 1.3044332909783953, 0.377102922490467, 0.06942121982211276, 0.38910165184243795, 1.2410114358322726, 1.6069726810673377, 1.058459339263023, 0.7636334180432004, 0.15598348157560002, 1.342143583227441, 0.6984974587039362, 0.029996823379920334, 0.017141041931388757, 1.1527350698856385, 0.9273303684879228, 0.9076181702668322, 0.5348005082592053, 0.7507776365946602, 0.2056925031766194, 1.7783831003811912, 0.7087820838627661, 1.8983703939008838, 1.3404294790343028, 1.6395406607369711, 1.1750184243964334, 1.4964129606099055, 0.3299650571791579, 0.6042217280813238, 0.30682465057179364, 0.6685006353240074, 0.017141041931383046, 0.7816315120711526, 0.5142312579415486, 1.1681620076238832, 0.41824142312578916, 0.3462490470139775, 0.4156702668360817, 0.042852604828460476, 0.19712198221093072, 0.5442280813214688, 0.6007935196950386, 0.3008252858958096, 0.89990470139771, 0.7927731893265516, 1.1441645489199441, 1.609543837357045, 0.7387789072426894, 1.719246505717908, 0.5022325285895803, 0.958184243964418, 1.0824567979669537, 0.35996188055908396, 0.2254047013977099, 0.2828271918678517, 0.013712833545106436, 0.1062744599745863, 0.8193418043201982, 0.22454764930114363, 0.30082528589580104, 1.343857687420582, 0.31625222363404865, 0.7662045743329079, 0.6153634053367198, 0.9718970775095215, 0.37795997458704184, 0.533943456162639, 0.7773462515883097, 1.034461880559081, 0.7379218551461173, 0.5442280813214688, 0.916188691232521, 1.098740787801776, 0.018855146124524207, 0.6273621346886937, 0.10627445997458346, 0.5527986022871689, 0.16798221092757387, 0.24940216010164618, 0.15684053367217202, 0.24168869123253237, 0.8741931385006267, 1.690963786531126, 1.8503754764930056, 0.32482274459974586, 0.010284625158835539, 2.1863398983481472, 1.1133106734434517, 0.9324726810673406, 1.0293195679796632, 0.24683100381193873, 1.69696315120711, 0.2476880559085107, 1.1064542566708957, 1.520410419313842, 0.7576340533672135, 0.964183608640402, 0.8690508259212176, 0.40367153748411927, 0.14655590851333647, 0.2682573062261704, 1.3807109275730671, 0.12170139771283106, 0.6959263024142316, 0.4405247776365928, 2.1177757306226095, 0.7687757306226153, 0.7104961880559073, 0.28625540025413115, 0.510803049555269, 1.2418684879288389, 0.551084498094022, 0.17998094027954198, 0.17569567979669337, 0.7447782719186791, 0.5356575603557773, 1.196444726810668, 1.8846575603557716, 0.7482064803049527, 0.23826048284625004, 1.359284625158827, 1.119310038119433, 1.6806791613722962, 1.846090216010154, 0.5587979669631501, 0.9324726810673406, 0.3916728081321426, 0.6804993646759842, 1.351571156289702, 0.6582160101651775, 0.8741931385006324, 0.37881702668360817, 0.7130673443456148, 0.45423761118169925, 0.22454764930114077, 0.30682465057179364, 0.5476562897077483, 0.8879059720457361, 1.6181143583227366, 0.3239656925031796, 0.1371283354510758, 0.25197331639136217, 0.08141994917407805, 1.1441645489199441, 0.6513595933926272, 0.7807744599745834, 1.2444396442185461, 0.30511054637865537, 0.7884879288437059, 1.6129720457433248, 0.6650724269377394, 0.9856099110546365, 0.30939580686149826, 1.5229815756035494, 0.6093640406607387, 0.6770711562897046, 1.3147179161372253, 0.1834091486658186, 1.0541740787801743, 0.7113532401524764, 1.1115965692503134, 0.5956512071156237, 1.5306950444726746, 0.4756639135959366, 1.1441645489199441, 0.6933551461245184, 0.54594218551461, 0.002571156289707457, 0.5956512071156237, 0.8082001270647992, 0.1388424396442141, 0.3573907242693708, 95.75071728081281, 74.34069885641642, 69.9114536213466, 57.18851524777613, 45.045801143583034, 43.731940279542385, 37.47717407878004, 1.3901385006353164, 0.3308221092757271, 3.2730819567979528, 0.5442280813214717, 0.7696327827191816, 0.8459104193138477, 0.12255844980940021, 0.010284625158826973, 2.026928208386268, 0.44223888182973115, 0.4585228716645479, 1.4321340533672078, 0.697640406607367, 1.6301130876747074, 0.8981905972045715, 2.2283354510800417, 0.08913341804320041, 1.5015552731893205, 1.109882465057178, 0.05999364675984924, 0.9367579415501835, 1.4295628970775032, 0.6796423125794092, 0.19626493011435875, 2.1623424396442115, 0.9693259212198199, 1.5786899618805528, 0.6530736975857655, 0.3342503176620065, 0.564797331639137, 0.11998729351969847, 0.6445031766200768, 0.3171092757306235, 0.08913341804320041, 0.18769440914867005, 0.1551264294790337, 0.5030895806861495, 0.09170457433290786, 0.3042534942820805, 1.3498570520965634, 1.4175641677255293, 0.6093640406607301, 0.4113850063532388, 1.6378265565438301, 0.5030895806861495, 0.4670933926302394, 0.5742249047013921, 0.017998094027949343, 1.324145489199486, 0.9976086404066047, 1.0078932655654347, 0.21683418043202124, 2.260903430749675, 0.07199237611182022, 0.6162204574332919, 0.11313087674714524, 0.2528303684879285, 0.5973653113087678, 0.5810813214739539, 0.39167280813214544, 0.25025921219822106, 0.35310546378653074, 0.06256480304955384, 0.6102210927573022, 1.2658659466327806, 0.44138182973315915, 0.3908157560355763, 1.643825921219814, 0.6367897077509517, 1.4492750952985964, 1.4312770012706442, 0.8716219822109192, 0.42338373570520693, 1.2007299872935109, 1.5838322744599678, 1.0627445997458689, 2.344894536213461, 1.987503811944084, 1.522981575603552, 0.6830705209656887, 0.2605438373570509, 0.6145063532401451, 2.6800019059720364, 0.04370965692502677, 0.5682255400254108, 1.3969949174078753, 0.7156385006353193, 1.2050152477763596, 0.7619193138500564, 0.07456353240152482, 1.6309701397712768, 0.20740660736975486, 0.10198919949174055, 0.48680559085132996, 0.08656226175349296, 0.5767960609910995, 0.012855781448542995, 0.9916092757306177, 0.85362388818297, 1.383282083862766, 0.6342185514612442, 0.3959580686149884, 1.4329911054637827, 0.7293513341804286, 0.1379853875476478, 1.0618875476492968, 0.7336365946632716, 0.6942121982210848, 0.6864987293519623, 0.20654955527318855, 0.19712198221093072, 0.2571156289707743, 0.4979472681067346, 0.4328113087674676, 0.8244841168996159, 1.2658659466327806, 0.8819066073697549, 0.34282083862769525, 1.34300063532401, 0.5707966963151183, 0.005999364675981212, 0.7242090216010136, 1.6386836086404022, 0.22711880559085107, 0.16198284625158407, 0.3325362134688682, 0.045423761118173644, 0.9478996188055882, 0.5767960609911053, 0.8159135959339215, 0.20226429479034566, 0.1516982210927571, 0.37538881829733445, 0.6950692503176625, 0.8501956797966933, 0.8107712833545095, 1.3455717916137178, 0.41395616264294627, 0.6822134688691166, 0.1345571791613712, 0.6625012706480262, 0.2896836086404049, 1.1330228716645478, 0.9650406607369683, 0.7859167725540012, 0.5596550190597193, 2.021785895806853, 0.09770393900888907, 0.5348005082592053, 0.40795679796695933, 0.7413500635323967, 1.1081683608640367, 0.08999047013976672, 1.294148665819563, 0.2879695044472666, 0.8981905972045687, 1.2230133418043145, 0.6924980940279521, 0.17226747141042245, 0.8613373570520895, 0.894762388818295, 0.8690508259212176, 0.18083799237611115, 0.2579726810673463, 0.6907839898348167, 2.082636594663269, 0.9693259212198199, 0.6984974587039362, 1.5195533672172699, 1.4501321473951656, 1.1175959339262975, 1.440704574332905, 0.5288011435832269, 0.08741931385005924, 0.4336683608640425, 0.3428208386277009, 0.4336683608640425, 0.33939263024142147, 0.6607871664548935, 0.028282719186784884, 2.1803405336721635, 0.39767217280812955, 0.5587979669631473, 0.7259231257941521, 0.9736111817026627, 0.9993227445997401, 0.8921912325285818, 0.05999364675984924, 1.5212674714104109, 0.6256480304955468, 0.0994180432020331, 0.37881702668360817, 0.2056925031766194, 0.3933869123252837, 1.011321473951714, 0.35481956797966335, 1.4227064803049527, 0.7036397712833512, 1.0164637865311232, 1.2684371029224855, 1.7003913595933866, 0.6779282083862709, 0.18255209656924945, 0.8176277001270627, 311.84183354510674, 299.0931836086392, 297.4622134688679, 0.8467674714104167, 0.025711562897077427, 0.19712198221093072, 1.2692941550190544, 1.869230622617527, 0.6685006353240159, 0.03599618805591296, 0.15941168996187946, 1.1278805590851302, 0.3145381194409103, 0.2108348157560343, 0.8193418043202039, 0.16369695044472524, 1.2872922490470124, 0.3891016518424409, 1.11502477763659, 1.0421753494282004, 2.8642681067344213, 0.4165273189326537, 2.306327191867843, 0.1911226175349438, 1.4784148665819505, 0.44052477763659575, 0.6565019059720448, 1.7441010165184194, 1.2401543837357005, 3.5010578144853697, 1.6343983481575535, 0.6822134688691224, 0.6873557814485373, 0.40195743329097816, 0.04113850063531931, 0.2759707750952956, 0.5742249047013949, 1.0318907242693738, 0.2725425667090247, 0.5622261753494296, 1.0010368487928785, 0.7696327827191846, 1.4629879288437058, 0.6822134688691224, 0.18426620076238773, 0.15769758576874401, 1.54269377382464, 2.429742693773815, 1.2710082592121956, 1.2307268106734368, 1.5418367217280735, 0.6316473951715338, 0.9324726810673406, 2.247190597204563, 1.3224313850063505, 2.805988564167713, 0.3265368487928785, 0.3591048284625148, 0.505660736975857, 0.2382604828462472, 0.8613373570520895, 1.6069726810673377, 0.2605438373570537, 0.5553697585768764, 0.4859485387547579, 0.35396251588310274, 0.8441963151207093, 1.051602922490467, 0.6102210927573051, 0.6385038119440871, 0.505660736975857, 0.8733360864040605, 1.183588945362128, 0.5493703939008866, 0.13370012706480205, 0.02142630241423452, 0.8476245235069831, 0.9967515883100355, 0.8022007623888152, 1.1947306226175298, 0.3616759847522223, 0.5725108005082565, 0.3033964421855171, 0.672785895806856, 1.6703945362134607, 1.4175641677255293, 0.650502541296058, 0.9804675984752188, 0.7764891994917377, 1.8992274459974472, 1.4029942820838566, 0.2502592121982182, 0.09427573062261532, 0.975325285895801, 0.5776531130876743, 0.5767960609910995, 0.17483862770012137, 0.5939371029224882, 0.5836524777636527, 2.0157865311308694, 1.0661728081321427, 1.264151842439637, 1.1758754764930084, 0.26311499364675545, 0.3496772554002484, 0.5253729351969447, 0.7747750952985993, 0.7662045743329079, 1.3027191867852543, 0.9556130876747105, 1.486128335451076, 1.347285895806856, 1.50926874205844, 0.8450533672172756, 0.8759072426937679, 0.4868055908513328, 0.30596759847522165, 0.9050470139771248, 1.5358373570520867, 0.44823824650571237, 0.7790603557814452, 0.7850597204574263, 0.23911753494281635, 2.3303246505717823, 1.1715902160101597, 0.2605438373570537, 2.0894930114358274, 0.7559199491740752, 0.1028462515883097, 1.074743329097837, 0.5990794155019031, 0.14312770012706558, 1.7226747141041874, 0.854480940279539, 0.8270552731893263, 0.22626175349428476, 1.145021601016513, 1.2384402795425595, 1.2452966963151182, 1.2281556543837324, 0.03942439644218672, 0.04456670902160163, 0.7842026683608715, 0.2648290978399023, 1.2110146124523464, 0.9950374841168972, 1.742386912325278, 3.6578983481575422, 0.09684688691232848, 0.7464923761118145, 0.18169504447268028, 0.3033964421855171, 1.8220927573062204, 1.5418367217280764, 0.9230451080050799, 1.1347369758576804, 1.0850279542566668, 2.763993011435819, 1.4827001270647961, 2.480308767471401, 0.48851969504447107, 0.27682782719187043, 0.9821817026683571, 0.4208125794154995, 1.5341232528589512, 1.2710082592121956, 0.8733360864040661, 1.5829752223633984, 0.7910590851334132, 1.6446829733163832, 0.3899587039390043, 0.7362077509529819, 0.8801925031766195, 1.0130355781448495, 0.40195743329097816, 0.30168233799237304, 1.313003811944084, 0.9470425667090161, 0.015426937738241888, 2.0817795425667023, 1.3412865311308748, 0.8879059720457361, 1.2624377382465013, 0.20997776365946233, 0.516802414231256, 0.09856099110546394, 0.26225794155018917, 0.7362077509529846, 0.25882973316391256, 0.8013437102922459, 0.003428208386276609, 0.4756639135959366, 0.3951010165184249, 0.5142312579415486, 0.7199237611181707, 0.2116918678526006, 1.3549993646759897, 0.8099142312579346, 1.3867102922490397, 0.06599301143583329, 1.6789650571791492, 0.4988043202033066, 0.7224949174078754, 0.24425984752223126, 0.9787534942820832, 0.6145063532401537, 0.44738119440915175, 0.7207808132147371, 1.3387153748411673, 1.150163913595931, 1.7475292249046959, 0.43795362134688826, 1.4021372299872874, 0.4688074968233777, 1.3001480304955468, 1.5186963151207036, 0.7087820838627689, 0.0077134688691280805, 0.16026874205844577, 0.24683100381194728, 0.7670616264294771, 0.40281448538754444, 1.058459339263023, 0.3445349428208335, 0.3359644218551448, 1.3207172808132095, 1.8872287166454818, 0.4782350698856441, 0.2759707750952956, 0.5459421855146128, 1.4432757306226094, 1.9326524777636527, 0.6899269377382448, 0.20312134688691194, 0.23740343074967804, 0.6565019059720392, 0.911046378653106, 0.6745, 0.2254047013977156, 0.9504707750952985, 0.19369377382464842, 0.3299650571791579, 1.1253094027954198, 0.1902655654383775, 1.2367261753494183, 0.6787852604828429, 1.1921594663278223, 1.351571156289702, 1.0096073697585728, 0.5527986022871689, 0.4670933926302366, 0.527087039390083, 0.7036397712833512, 0.981324650571788, 0.34710609911054957, 0.11741613722998814, 0.15255527318932627, 0.3633900889453634, 1.3575705209656885, 0.6539307496823317, 0.15684053367217202, 1.7826683608640337, 0.7010686149936437, 1.4081365946632745, 0.2991111817026656, 0.5193735705209634, 0.4465241423125769, 0.10713151207115261, 0.2108348157560343, 1.3618557814485344, 0.3633900889453634, 0.10370330368488172, 0.38738754764929967, 0.10113214739517425, 1.6189714104193087, 0.029139771283354036, 0.5176594663278251, 0.5099459974587, 0.8441963151207093, 0.04628081321474279, 0.3351073697585757, 0.04456670902160163, 0.5150883100381176, 0.8219129606099056, 0.4448100381194386, 2.394603557814474, 1.1004548919949144, 0.1371283354510758, 0.7027827191867791, 0.4353824650571779, 0.5048036848792878, 1.2547242693773732, 1.4029942820838566, 1.1304517153748348, 0.4208125794154995, 0.2896836086404049, 0.690783989834811, 2.260903430749675, 0.6059358322744592, 0.34967725540025696, 0.7216378653113091, 0.0994180432020331, 0.2811130876747134, 0.3625330368487914, 1.2804358322744565, 1.2590095298602249, 0.6427890724269357, 1.4612738246505674, 0.2391175349428249, 0.16626810673443554, 0.41224205844980794, 0.2331181702668323, 0.6410749682337974, 0.23311817026683515, 0.755062897077506, 0.2434027954256678, 0.4250978398983452, 0.6950692503176625, 0.9256162642947815, 0.3625330368487914, 0.23568932655653974, 0.9359008894536172, 0.1988360864040662, 0.10798856416772462, 0.2571156289707743, 0.2434027954256678, 0.03085387547649234, 1.1047401524777574, 1.1493068614993618, 0.6059358322744565, 0.17483862770012992, 0.5210876747141018, 0.6085069885641637, 1.2992909783989748, 0.6119351969504376, 0.38053113087674934, 0.1516982210927571, 0.46109402795425536, 1.8752299872935108, 0.8399110546378635, 0.9941804320203252, 0.7396359593392584, 0.4516664548919947, 0.6085069885641637, 0.517659466327828, 0.3951010165184249, 0.28454129606099, 0.6136493011435787, 0.14398475222363757, 0.2828271918678517, 1.1835889453621307, 0.19626493011435586, 0.9727541296060964, 1.597545108005077, 0.5545127064803044, 1.3729974587039335, 0.9916092757306205, 0.1148449809402807, 0.004285260482845762, 1.4124218551461174, 0.38653049555273056, 1.7920959339262945, 0.3925298602287117, 0.1996931385006325, 2.867696315120698, 0.9530419313850002, 0.02314040660736997, 1.976362134688685, 1.4638449809402723, 0.27511372299873216, 1.766384371029217, 0.34110673443455686, 0.29396886912325354, 1.209300508259208, 0.5390857687420597, 0.6436461245235048, 0.11227382465057038, 0.6753570520965663, 0.533943456162639, 0.6076499364675976, 1.2007299872935109, 1.8726588310038035, 2.1700559085133335, 0.36767534942820634, 0.39595806861499694, 0.10713151207115547, 0.18169504447267745, 0.10627445997458346, 0.0068564167725560735, 1.5958310038119385, 0.4465241423125769, 1.2701512071156236, 0.4079567979669651, 0.8630514612452306, 0.8810495552731856, 0.7576340533672163, 1.0301766200762326, 0.14227064803049355, 0.16455400254129152, 1.3301448538754728, 1.6755368487928812, 0.5382287166454877, 0.10198919949174055, 0.5896518424396425, 0.0008570520965720069, 0.16198284625159262, 0.13969949174078897, 1.2821499364675948, 0.17998094027954198, 1.0935984752223582, 1.0670298602287116, 0.7044968233799203, 0.7267801778907182, 1.1758754764930026, 0.24254574332909867, 2.584869123252849, 0.7627763659466313, 0.441381829733162, 0.6513595933926272, 0.6299332909783926, 1.0661728081321427, 1.5152681067344298, 0.24168869123253237, 1.7012484116899587, 0.5887947903430676, 0.24683100381194728, 0.5210876747141018, 0.21512007623888293, 1.081599745870393, 0.9127604828462585, 0.09598983481575364, 0.07542058449809683, 1.5092687420584545, 1.1090254129606059, 0.7190667090216016, 0.07884879288436772, 0.9419002541295983, 0.7224949174078754, 0.3153951715374823, 3.6578983481575422, 0.15855463786531032, 0.27082846251588355, 0.01456988564167559, 1.5058405336721663, 0.22626175349427619, 0.4199555273189275, 0.1174161372299853, 0.9744682337992346, 1.3669980940279522, 0.8210559085133393, 1.2058722998729314, 0.3711035578144858, 1.5992592121982154, 1.353285260482843, 1.1818748411689894, 0.031710927573058635, 2.9525444726810552, 0.5776531130876743, 1.5752617534942732, 0.3711035578144858, 0.5142312579415486, 0.662501270648029, 0.23654637865311173, 0.20997776365946516, 3.1993754764929996, 0.05742249047013606, 0.89990470139771, 0.09170457433291071, 0.40281448538754727, 0.2725425667090247, 0.36167598475221946, 0.40281448538754727, 0.17655273189326823, 1.4518462515883042, 1.3729974587039335, 2.04492630241422, 0.25540152477763595, 1.0730292249046929, 0.8022007623888152, 0.36339008894536057, 0.10541740787801715, 1.677250952986014, 1.6523964421855055, 1.2101575603557801, 0.4919479034307505, 0.3171092757306235, 1.8418049555273084, 1.7372445997458632, 0.045423761118167934, 2.1066340533672108, 0.20397839898348397, 0.07284942820838651, 0.05999364675984352, 0.9958945362134665, 0.3625330368487914, 0.7619193138500564, 2.366320838627692, 1.0944555273189303, 0.9898951715374794, 0.7113532401524764, 0.13112897077509458, 0.37624587039389784, 0.7250660736975828, 0.10113214739517425, 0.23654637865311173, 1.034461880559081, 1.3944237611181651, 0.16112579415502062, 0.8167706480304936, 0.002571156289707457, 1.3635698856416727, 0.2682573062261704, 0.15512642947903654, 0.5862236340533601, 0.2408316391359575, 0.27254256670901617, 0.5382287166454877, 0.13027191867852259, 99.59802414231217, 86.38913722998693, 72.94798919949143, 62.38482210927547, 47.98120457433271, 41.345050190597036, 21.64913595933917, 3.3836416772553846, 2.637149301143573, 1.3618557814485315, 2.433170902160092, 0.44738119440915175, 2.490593392630231, 0.1636969504447281, 0.11398792884371155, 0.9616124523506946, 0.6325044472681087, 0.52280177890724, 0.13541423125794322, 1.4672731893265545, 0.11913024142312646, 0.16455400254129152, 0.30853875476492915, 0.7867738246505704, 0.8261982210927542, 0.13798538754765066, 0.10456035578144801, 1.0678869123252837, 0.621362770012704, 1.0824567979669593, 1.1347369758576833, 0.9487566709021573, 1.0756003811944062, 0.06342185514612583, 1.1364510800508216, 0.8836207115628931, 1.7235317662007565, 0.04970902160101655, 0.7293513341804257, 0.4516664548919947, 3.042534942820828, 0.35396251588310274, 2.1126334180431945, 0.25197331639136217, 0.5733678526048257, 1.9000844980940306, 0.5322293519695064, 0.005142312579414914, 0.27168551461245266, 0.18855146124523064, 0.916188691232521, 2.079208386276992, 0.08141994917407805, 0.35567662007623535, 0.028282719186784884, 0.33853557814484947, 1.149306861499356, 0.3548195679796719, 1.5752617534942732, 2.148629606099105, 0.07627763659466028, 1.0644587039390043, 0.3856734434561614, 0.8227700127064776, 0.17398157560355507, 0.2065495552731914, 1.0096073697585728, 0.503946632782713, 1.2830069885641582, 0.16455400254129152, 0.06513595933926415, 0.9050470139771248, 1.5444078780177837, 3.484773824650556, 0.7002115628970773, 0.5365146124523522, 3.141095933926286, 0.4816632782719179, 0.35739072426937935, 0.7653475222363386, 0.7284942820838594, 0.6479313850063505, 1.238440279542565, 0.6282191867852601, 0.7490635324015248, 0.3513913595933896, 0.28711245235069743, 0.6127922490470096, 0.025711562897077427, 0.27425667090216016, 2.1811975857687327, 0.5827954256670864, 0.336821473951714, 0.38910165184243795, 0.13027191867852544, 0.3119669631512057, 1.2007299872935109, 0.42938310038118815, 0.14227064803049355, 0.7910590851334162, 1.3669980940279522, 0.06599301143583045, 0.5416569250317671, 0.2279758576874231, 0.33939263024142147, 0.9633265565438328, 0.3831022871664568, 0.14398475222362903, 1.0018939008894532, 0.46109402795425247, 0.045423761118173644, 1.119310038119433, 1.0087503176620065, 1.11502477763659, 0.41738437102922293, 1.517839263024137, 1.4364193138500592, 0.3076817026683628, 0.02485451080050542, 0.08570520965692666, 0.7559199491740752, 0.14398475222362903, 1.3781397712833485, 0.4679504447268086, 0.08056289707750888, 1.1715902160101626, 0.008570520965694379, 1.714104193138493, 0.04370965692503533, 1.1647337992376066, 1.5718335451079997, 0.08570520965692666, 0.7353506988564098, 0.11827318932655159, 0.7610622617534929, 0.08570520965692095, 2.507734434561614, 1.1990158831003728, 0.6590730622617496, 0.32053748411690014, 0.9590412960609871, 0.2125489199491726, 0.08056289707750888, 0.28539834815755916, 0.8861918678526006, 0.4559517153748376, 1.0498888182973258, 0.7524917407877986, 0.6085069885641667, 1.13816518424396, 1.09188437102922, 0.7524917407877986, 0.11227382465057038, 0.3342503176620065, 0.04113850063531931, 0.37367471410419034, 0.9658977128335403, 0.19626493011435875, 1.8957992376111708, 0.951327827191859, 0.30682465057179364, 1.724388818297326, 1.1398792884371012, 0.8270552731893234, 0.5433710292249025, 0.32482274459974586, 0.23654637865311173, 0.8416251588310018, 0.002571156289707457, 0.7619193138500621, 0.0068564167725560735, 0.7130673443456118, 0.19455082592122044, 0.9281874205844948, 0.36853240152477834, 0.3642471410419297, 0.3736747141041933, 0.69764040660737, 1.6412547649301095, 0.3831022871664482, 0.7473494282083837, 0.2922547649301152, 1.0027509529860197, 0.5022325285895803, 0.21769123252859038, 0.6933551461245184, 0.6796423125794149, 0.5467992376111791, 0.5210876747140989, 0.2536874205845005, 0.7833456162642909, 0.7456353240152396, 0.9230451080050799, 0.7370648030495509, 1.3207172808132095, 0.755062897077506, 1.0053221092757214, 1.150163913595931, 0.7104961880559073, 0.19026556543836895, 0.9290444726810639, 0.6162204574332862, 0.0325679796696335, 0.5733678526048257, 0.6796423125794149, 0.09513278271918163, 0.8579091486658157, 0.9427573062261704, 1.0884561626429434, 0.5210876747140989, 0.2125489199491755, 0.7524917407877986, 0.2382604828462472, 0.9693259212198199, 0.6170775095298583, 1.580404066073691, 1.2084434561626332, 0.5330864040660699, 0.9290444726810667, 0.17312452350698593, 1.3935667090215902, 1.1081683608640367, 0.6650724269377394, 0.6256480304955496, 1.6352554002541224, 1.3489999999999942, 0.8510527318932625, 0.8013437102922459, 0.17998094027954198, 0.7062109275730615, 0.9710400254129581, 1.3061473951715339, 1.7912388818297256, 1.3592846251588242, 1.2590095298602249, 1.091027318932651, 0.863908513341797, 0.9890381194409104, 0.06085069885641553, 0.6616442185514569, 1.6223996188055851, 1.3978519695044416, 0.6839275730622635, 2.932832274459959, 0.20912071156289602, 0.6119351969504462, 0.2596867852604817, 0.8810495552731856, 3.7076073697585583, 0.11227382465057038, 0.5699396442185491, 1.1133106734434517, 1.440704574332905, 0.47652096569249724, 0.0685641677255436, 1.296719822109273, 1.3558564167725444, 0.2742566709021573, 0.644503176620074, 0.8613373570520895, 1.219585133418038, 0.3068246505717908, 2.1092052096569183, 0.3076817026683599, 1.0790285895806855, 1.1655908513341757, 1.0361759847522194, 0.9821817026683571, 0.03085387547649234, 0.7927731893265516, 0.46966454891994686, 0.27854193138500594, 1.1193100381194356, 0.15598348157560002, 0.47309275730622063, 1.190445362134684, 1.098740787801776, 1.348142947903428, 0.5116601016518354, 1.7620991105463713, 0.2108348157560343, 2.262617534942822, 0.003428208386276609, 1.3781397712833485, 0.25540152477763883, 0.5579409148665753, 1.0524599745870333, 0.15426937738246457, 0.6590730622617523, 0.5399428208386259, 1.8606601016518354, 0.2793989834815722, 1.486985387547645, 1.1544491740787768, 1.2735794155019002, 0.10456035578144515, 0.24254574332909296, 0.19455082592121756, 2.016643583227438, 0.9179027954256649, 0.7644904701397667, 0.08827636594663411, 2.684287166454882, 0.08570520965692095, 0.05656543837356977, 0.08570520965692095, 0.3076817026683599, 1.5255527318932627, 0.27168551461245266, 0.24854510800508275, 1.925796060991108, 0.3745317662007624, 1.307004447268103, 1.086742058449805, 0.3985292249046958, 1.2470108005082539, 0.9341867852604788, 0.08570520965692095, 0.6599301143583216, 0.5099459974587027, 0.6796423125794149, 1.3875673443456118, 0.7327795425667166, 0.858766200762385, 0.7464923761118173, 0.2142630241423138, 0.008570520965694379, 2.136630876747131, 0.8741931385006324, 0.7979155019059693, 1.294148665819563, 1.0036080050825886, 0.5562268106734427, 0.05656543837356977, 0.8793354510800474, 1.2290127064803016, 0.840768106734427, 0.6779282083862709, 0.13884243964422266, 0.12598665819567967, 2.1314885641677273, 0.7850597204574263, 0.6153634053367198, 0.7216378653113061, 0.49623316391359346, 1.2675800508259163, 1.296719822109273, 0.5613691232528576, 1.6146861499364713, 1.0181778907242758, 1.6352554002541224, 0.4448100381194386, 1.4552744599745806, 0.016283989834813897, 0.4370965692503162, 1.7441010165184194, 1.2341550190597106, 1.20758640406607, 0.09684688691232848, 0.13198602287166372, 0.15684053367217202, 0.533943456162639, 0.9564701397712797, 0.6539307496823376, 0.13027191867852544, 1.3044332909783953, 0.4902337992376094, 0.09598983481575647, 0.18940851334180267, 1.3087185514612412, 1.619828462515872, 1.0721721728081295, 0.01885514612452135, 1.2281556543837295, 0.6890698856416785, 0.3102528589580674, 0.31368106734434403, 0.6145063532401451, 1.0815997458703874, 0.17312452350698876, 2.049211562897069, 0.505660736975857, 1.0884561626429463, 0.4465241423125769, 1.395280813214734, 1.4578456162642852, 0.3188233799237561, 0.37538881829732584, 0.9873240152477719, 0.9761823379923701, 1.336144218551457, 0.48766264294790196, 0.8844777636594623, 36.61240851334165, 2.7228545108004942, 1.9412229987293415, 0.882763659466324, 0.5090889453621364, 0.7130673443456118, 0.3582477763659457, 0.35396251588310274, 1.13816518424396, 1.3867102922490429, 3.2610832274459844, 0.026568614993646576, 0.9976086404065989, 1.2864351969504406, 0.7130673443456118, 1.4338481575603519, 0.6779282083862737, 1.6241137229987208, 0.49966137229986723, 1.3909955527318882, 1.2332979669631445, 0.999322744599743, 0.05999364675984924, 0.07627763659466313, 0.7747750952986022, 0.8013437102922459, 0.8133424396442113, 0.6822134688691224, 0.09856099110546394, 0.9050470139771248, 0.5125171537484073, 1.991789072426933, 1.2692941550190544, 0.30082528589580104, 0.5090889453621364, 0.4448100381194386, 1.0661728081321427, 0.10027509529860225, 1.2701512071156236, 0.7559199491740752, 0.6179345616264302, 0.08999047013977528, 0.5665114358322754, 1.7989523506988507, 0.9796105463786496, 1.096169631512063, 0.14655590851333647, 0.21683418043202124, 1.1921594663278223, 0.07456353240152482, 1.166447903430745, 0.5416569250317642, 0.9761823379923759, 0.5185165184243943, 1.0421753494282004, 1.0473176620076212, 1.3721404066073644, 0.36424714104192685, 0.08570520965692666, 0.8990476493011436, 0.516802414231256, 0.5879377382465013, 0.30168233799237587, 2.3791766200762297, 0.15769758576874401, 1.1261664548919919, 0.3359644218551448, 0.7473494282083866, 0.38738754764929967, 0.042852604828460476, 1.3061473951715281, 0.2125489199491726, 0.019712198221090504, 0.04113850063531931, 0.7756321473951686, 0.5647973316391314, 0.13541423125794036, 0.5313722998729316, 0.17312452350698593, 0.05570838627699776, 0.3445349428208335, 1.392709656925024, 1.0610304955527277, 0.02656861499364943, 1.7166753494282008, 1.2804358322744565, 1.6729656925031682, 2.0560679796696246, 0.06942121982211276, 0.09341867852604617, 1.021606099110541, 0.21769123252859038, 0.49109085133417857, 4.051285260482829, 0.07113532401524536, 1.5358373570520922, 2.0654955527318855, 0.34024968233798775, 1.8323773824650533, 0.737921855146123, 2.631149936467589, 0.2254047013977156, 0.11827318932656015, 0.37538881829733445, 1.5769758576874173, 0.9213310038119388, 0.702782719186782, 0.6762141041931354, 1.1390222363405291, 0.6410749682337974, 0.5322293519694978, 1.1115965692503162, 0.31710927573061776, 2.1966245235069772, 1.9720768742058365, 1.3095756035578103, 1.4467039390088892, 0.37196060991105495, 1.1090254129606059, 1.3755686149936408, 1.0850279542566668, 0.3959580686149884, 1.3695692503176595, 0.5382287166454848, 1.4355622617534842, 0.6779282083862709, 2.635435196950435, 0.2811130876747134, 1.1295946632782654, 1.046460609911052, 0.15426937738246457, 0.30082528589580104, 0.3145381194409103, 0.17141041931384762, 0.6796423125794092, 0.7576340533672163, 0.42338373570520693, 0.8390540025412944, 0.5973653113087678, 0.5879377382465013, 0.8321975857687384, 0.3033964421855085, 0.5185165184243914, 0.6419320203303637, 0.9718970775095215, 0.18940851334180267, 0.21597712833545493, 0.49623316391359346, 0.603364675984749, 0.5202306226175325, 0.48080622617535157, 0.05228017789072686, 0.6539307496823317, 0.47994917407877674, 0.04713786531130909, 0.04113850063531931, 0.47480686149936463, 0.598222363405334, 1.5135540025412886, 0.5510844980940277, 1.0815997458703874, 0.4739498094027898, 1.68410736975857, 0.16026874205844577, 0.14912706480305252, 0.05142312579415485, 1.2744364675984694, 87.86240978398946, 74.53867789072392, 68.11507242693745, 60.03221410419288, 53.51518996188034, 46.801900889453435, 23.220969504447172, 1.6164002541295983, 0.7344936467598434, 1.2255844980940223, 1.068743964421853, 0.7173526048284634, 0.6616442185514569, 1.0396041931384932, 0.7344936467598434, 0.25882973316390967, 0.9007617534942762, 0.08141994917407805, 0.28454129606099, 1.3541423125794092, 1.015606734434557, 1.6858214739517083, 1.2632947903430705, 0.8527668360864036, 0.10027509529860225, 0.7010686149936409, 1.3695692503176595, 1.0113214739517111, 1.4304199491740694, 0.9821817026683571, 0.07884879288436772, 0.3968151207115575, 0.27682782719187043, 1.7278170266836024, 0.13027191867852259, 0.5725108005082538, 1.6806791613722962, 0.29482592121982265, 0.2116918678526006, 5.566553367217256, 0.2751137229987236, 2.4717382465057094, 1.8786581956797874, 0.01114167725539898, 1.277007623888177, 0.7653475222363358, 0.44738119440915175, 1.3104326556543795, 0.6410749682337974, 0.8913341804320184, 0.12512960609911053, 0.45423761118169925, 0.1268437102922488, 0.30168233799237304, 0.6265050825921189, 0.05399428208386231, 1.027605463786525, 1.0833138500635284, 0.7207808132147371, 0.6522166454891934, 1.2461537484116847, 1.590688691232521, 0.9341867852604788, 1.1518780177890635, 1.1733043202032951, 0.30596759847522165, 1.4569885641677187, 0.18769440914866148, 0.13455717916136833, 1.6832503176620006, 0.10198919949174055, 0.5845095298602248, 0.19197966963151294, 0.7842026683608573, 2.220621982210922, 0.18855146124523636, 1.9780762388818236, 1.1064542566708957, 1.452703303684873, 0.2296899618805585, 0.767918678526049, 1.9986454891994803, 0.35310546378652785, 0.058279542566710925, 0.7019256670902128, 1.0893132147395126, 0.08056289707750604, 0.43881067344345454, 0.836482846251587, 0.36081893265565596, 0.28625540025412827, 0.4165273189326537, 0.7970584498094002, 0.15769758576874401, 0.11141677255400408, 1.3747115628970716, 0.17826683608640653, 1.010464421855142, 3.363072426937725, 0.37795997458704184, 0.24597395171537526, 0.8741931385006267, 0.7567770012706443, 1.0721721728081295, 1.7912388818297256, 0.8819066073697549, 0.15426937738246457, 0.8990476493011436, 0.7344936467598464, 0.10113214739517139, 0.4559517153748376, 0.24083163913596037, 1.126166454891986, 0.025711562897077427, 0.3068246505717908, 0.5262299872935194, 0.35396251588310274, 0.6436461245235048, 1.278721728081318, 0.3222515883100384, 0.8004866581956797, 1.3567134688691165, 0.8707649301143531, 0.18683735705209806, 0.17483862770012992, 1.1887312579415457, 1.1364510800508216, 1.7672414231257834, 0.28882655654383577, 0.4199555273189275, 1.4381334180431948, 0.0694212198221042, 0.8022007623888152, 0.8201988564167645, 0.9487566709021573, 1.4587026683608544, 1.3747115628970716, 1.0995978398983453, 0.167125158830999, 0.8801925031766195, 1.9137973316391284, 0.17655273189326537, 0.4902337992376065, 1.091027318932651, 1.385853240152468, 2.2557611181702573, 0.673642947903428, 0.0702782719186762, 0.44823824650571803, 0.8801925031766195, 1.9240819567979583, 0.7122102922490484, 1.7372445997458632, 0.0531372299872903, 0.1851232528589569, 0.3325362134688682, 0.3496772554002484, 0.09941804320203596, 0.492804955527314, 0.9204739517153724, 0.848481575603555, 1.145021601016513, 1.6129720457433248, 2.7211404066073555, 1.2212992376111762, 1.4209923761118146, 0.6950692503176625, 0.06513595933926129, 0.7070679796696334, 0.3093958068615011, 1.1998729351969446, 2.475166454891986, 0.041995552731891324, 0.911046378653106, 1.1441645489199441, 1.620685514612447, 2.579726810673434, 0.021426302414231664, 0.46623634053367313, 0.6325044472681087, 0.3462490470139747, 0.038567344345620425, 0.015426937738241888, 0.25111626429479306, 0.45423761118169925, 0.6565019059720392, 0.9076181702668322, 0.8510527318932625, 0.8939053367217229, 0.029996823379920334, 0.9436143583227424, 0.5176594663278251, 0.5707966963151183, 0.1371283354510815, 1.2804358322744507, 0.3196804320203309, 0.6033646759847517, 0.4902337992376094, 0.8433392630241344, 1.7183894536213418, 0.16283989834815893, 0.035139135959340956, 0.8347687420584486, 0.6042217280813238, 0.38395933926302306, 0.7096391359593324, 2.897693138500624, 1.6421118170266786, 0.7070679796696249, 1.0893132147395126, 0.14998411689961877, 1.400423125794149, 1.5538354510800474, 0.011141677255401836, 0.2339752223634043, 0.9616124523506946, 0.11141677255399837, 0.5253729351969504, 0.14741296060990847, 1.2761505717916048, 0.9256162642947815, 0.6239339263024114, 2.58401207115628, 2.211194409148659, 1.2984339263024087, 0.951327827191859, 1.1758754764930084, 0.767918678526049, 0.8116283354510786, 1.1235952986022844, 0.6539307496823317, 0.523658831003812, 0.29139771283354604, 0.9144745870393883, 0.7259231257941521, 0.7087820838627689, 0.10798856416772462, 0.492804955527314, 0.755062897077506, 1.615543202033032, 0.22197649301143615, 0.9478996188055882, 0.970182973316386, 1.6386836086404022, 0.5587979669631473, 1.3832820838627604, 0.5862236340533601, 1.365283989834811, 1.4621308767471366, 0.958184243964418, 3.0682465057179025, 0.1894085133418055, 1.1895883100381148, 1.603544472681061, 0.916188691232521, 1.456131512071147, 2.329467598475213, 0.5330864040660699, 0.4190984752223612, 0.15598348157560285, 0.7670616264294741, 0.5313722998729344, 0.9461855146124498, 0.6179345616264302, 2.2454764930114277, 0.13455717916136833, 0.12084434561626761, 0.14398475222363757, 0.6916410419313773, 0.06085069885641553, 0.7224949174078754, 0.952184879288434, 0.9007617534942762, 0.3342503176620065, 1.7800972045743235, 1.0696010165184306, 0.8913341804320156, 0.3591048284625176, 0.6093640406607387, 0.12684371029225167, 0.7867738246505647, 0.3051105463786496, 0.8939053367217258, 0.5425139771283334, 0.08913341804320041, 2.0817795425666996, 0.42338373570520693, 0.10113214739517425, 2.0757801778907154, 0.6247909783989806, 1.0421753494282004, 1.783525412960603, 2.375748411689953, 0.8793354510800474, 0.4113850063532388, 0.5990794155019031, 1.3858532401524737, 0.11313087674714524, 0.9727541296060935, 0.11055972045742922, 1.1895883100381148, 1.766384371029217, 0.2828271918678517, 1.9600781448538684, 0.7610622617534872, 1.3378583227445926, 0.4859485387547579, 1.660109911054631, 1.7938100381194328, 1.0353189326556502, 0.4825203303684899, 3.0511054637865196, 1.956649936467592, 0.6813564167725561, 0.5485133418043145, 0.07456353240152482, 1.6129720457433248, 0.21683418043202124, 0.09256162642948272, 0.05999364675984924, 0.45680876747141247, 0.08056289707750888, 1.2984339263024087, 0.41224205844980794, 0.38738754764929684, 0.633361499364675, 1.4038513341804255, 0.18940851334180267, 0.8879059720457417, 0.6633583227446009, 0.12255844980940592, 0.5785101651842464, 0.5699396442185463, 0.029996823379923186, 1.283864040660733, 0.7619193138500621, 0.2896836086404049, 0.8613373570520895, 1.2230133418043145, 0.672785895806856, 0.8253411689961851, 0.7807744599745834, 0.059136594663274374, 0.4679504447268086, 0.3891016518424409, 0.13969949174078325, 0.4953761118170214, 1.853803684879282, 0.34453494282084207, 1.5289809402795362, 0.26140088945362, 0.09513278271918163, 0.8879059720457361, 0.17055336721727843, 0.6367897077509517, 1.3867102922490397, 0.25882973316390967, 0.20654955527318855, 0.6539307496823376, 0.2639720457433246, 2.290043202033026, 0.481663278271915, 1.0978837357052011, 0.3796740787801802, 0.012855781448534432, 0.2648290978398938, 0.6813564167725475, 0.2579726810673463, 1.0447465057179137, 0.2528303684879285, 0.6625012706480262, 0.69764040660737, 1.0790285895806855, 0.6530736975857655, 0.9616124523506946, 1.7406728081321396, 0.29396886912325354, 1.6583958068614926, 0.23226111817026598, 0.8244841168996159, 0.6205057179161376, 0.3848163913595951, 1.5246956797966906, 0.4302401524777602, 1.2872922490470067, 4.9331918678525835, 0.49966137229986723, 1.3789968233799146, 1.208443456162639, 0.9753252858958039, 0.9658977128335403, 0.3865304955527334, 0.33596442185514197, 2.1974815756035464, 0.2776848792884396, 1.6643951715374794, 0.5048036848792878, 1.3875673443456118, 1.0824567979669593, 2.0526397712833453, 3.3322185514612297, 0.4405247776365928, 0.8819066073697549, 0.3188233799237647, 0.34967725540025696, 0.3985292249047044, 0.3848163913595951, 0.27168551461245266, 0.061707750952990394, 0.4653792884371011, 0.5622261753494239, 1.5924027954256592, 0.7533487928843677, 1.70724777636594, 1.0610304955527277, 1.520410419313842, 0.5905088945362145, 0.7053538754764923, 2.171770012706472, 0.40024332909783694, 0.5630832274459903, 0.15684053367217202, 1.3584275730622577, 0.9179027954256649, 0.790202033036847, 0.9179027954256592, 0.07884879288436772, 1.661824015247769, 0.3693894536213447, 3.773600381194395, 1.5718335451079968, 0.9144745870393856, 1.1938735705209607, 2.067209656925024, 0.45423761118170214, 0.8510527318932625, 0.48252033036848413, 0.6556448538754701, 1.4912706480304905, 0.348820203303685, 0.04628081321474279, 1.6858214739517083, 0.25540152477763883, 0.683927573062255, 0.9050470139771248, 0.8784783989834783, 0.5407998729351952, 0.4825203303684899, 2.8317001270647877, 2.464024777636581, 1.011321473951714, 1.8778011435832185, 0.4045285895806827, 0.9101893265565397, 0.16798221092757099, 0.7739180432020302, 0.27254256670901617, 1.7569567979669567, 2.225764294790337, 0.9376149936467554, 1.5392655654383691, 1.2298697585768708, 0.5459421855146128, 0.39681512071156316, 0.8990476493011379, 1.0696010165184306, 0.43795362134688826, 0.46880749682338063, 0.41224205844981077, 0.16198284625159262, 0.5253729351969504, 1.5838322744599678, 1.043889453621339, 0.69764040660737, 1.497270012706472, 0.13370012706480205, 0.6959263024142288, 0.5236588310038092, 1.3849961880559043, 0.19626493011435875, 0.483377382465059, 1.043889453621339, 1.624970775095287, 0.935043837357048, 1.5881175349428163, 0.16883926302414012, 0.07284942820838937, 1.1021689961880499, 1.7698125794154909, 0.6556448538754701, 0.18255209656924945, 0.3145381194409132, 2.323468233799229, 0.2913977128335403, 1.487842439644214, 1.2787217280813123, 0.06170775095298183, 0.5030895806861495, 1.074743329097837, 0.0625648030495567, 1.8735158831003755, 0.08484815756036036, 1.712390088945355, 0.5082318932655673, 0.6616442185514569, 1.1938735705209635, 1.603544472681064, 2.10149174078779, 0.822770012706472, 1.4912706480304905, 0.34282083862769525, 2.0346416772553932, 0.8724790343074913, 1.6875355781448436, 1.3695692503176566, 0.2751137229987236, 0.36767534942820634, 3.4684898348157422, 1.8786581956797874, 1.3232884371029168, 0.2502592121982182, 1.7526715374841138, 1.196444726810665, 0.4370965692503162, 0.8964764930114304, 5.483419313850042, 1.8469472681067232, 0.8613373570520895, 0.9487566709021515, 0.49709021601015974, 2.418601016518416, 1.1201670902160048, 0.25882973316390967, 2.479451715374832, 1.010464421855142, 0.40967090216010055, 0.5159453621346869, 0.36081893265565596, 0.1028462515883097, 0.49880432020329807, 1.6104008894536144, 2.149486658195668, 0.3033964421855171, 0.6042217280813238, 1.182731893265556, 0.8219129606099114, 0.6933551461245242, 0.5665114358322754, 0.005999364675981212, 0.17055336721727843, 0.6462172808132151, 0.9864669631512029, 1.288149301143573, 0.01885514612452135, 0.6822134688691166, 0.25797268106734345, 2.138344980940269, 0.7404930114358248, 0.26311499364675833, 1.341286531130869, 2.641434561626419, 0.7636334180432004, 0.1722674714104139, 1.7680984752223583, 0.2828271918678517, 0.5390857687420539, 0.2039783989834811, 1.348142947903425, 0.5956512071156237, 1.8975133418043089, 0.2434027954256678, 0.19283672172807642, 0.2562585768742051, 0.579367217280807, 0.460236975857689, 0.848481575603555, 2.2274783989834726, 0.30082528589580104, 0.27682782719187043, 0.048851969504447396, 0.6127922490470123, 0.858766200762385, 1.5675482846251538, 0.5630832274459903, 0.28882655654383577, 3.586763024142297, 1.0061791613722961, 0.4328113087674676, 0.19369377382464842, 0.05142312579415485, 0.7799174078780113, 0.25197331639136217, 0.2691143583227424, 0.4953761118170243, 0.41481321473951543, 1.7732407878017704, 0.49623316391359346, 0.29568297331638616, 0.4011003811944118, 1.3601416772553903, 0.3342503176620065, 0.4165273189326537, 0.14827001270648335, 0.19369377382464842, 0.38910165184243795, 0.7182096569250268, 0.5005184243964392, 1.1081683608640367, 0.4662363405336703, 1.057602287166451, 1.3669980940279522, 2.068923761118162, 0.44223888182973115, 0.6556448538754787, 0.5759390088945303, 2.0234999999999914, 0.16026874205844577, 0.43881067344345454, 91.35489707750914, 70.54910038119411, 45.68344790343056, 27.464234434561515, 6.547020965692474, 0.5176594663278251, 1.7672414231257834, 1.869230622617527, 0.4396677255400237, 0.5502274459974529, 0.6727858958068589, 0.3359644218551448, 1.0875991105463743, 0.3385355781448523, 0.13969949174078897, 0.5819383735705201, 1.9249390088945304, 1.1253094027954198, 1.1364510800508216, 0.8596232528589511, 0.4465241423125769, 0.20397839898348397, 0.12341550190597507, 0.6984974587039362, 0.551084498094022, 0.7773462515883068, 1.823806861499359, 0.8613373570520895, 1.5958310038119385, 0.7533487928843677, 0.14741296060990847, 0.5502274459974529, 0.7747750952986022, 0.1782668360864037, 0.11827318932655159, 0.07970584498093973, 1.1295946632782654, 0.06599301143583045, 1.7003913595933837, 2.3671778907242613, 2.0474974587039303, 0.5836524777636612, 3.4239231257941403, 0.13627128335451522, 0.8921912325285818, 0.3591048284625176, 0.38053113087674934, 0.3805311308767408, 0.2991111817026656, 1.341286531130869, 1.6883926302414156, 2.8556975857687297, 1.8126651842439572, 0.4242407878017818, 0.5425139771283334, 0.04628081321473423, 0.6762141041931354, 0.3179663278271898, 2.326039390088939, 0.22626175349427619, 0.8356257941550264, 0.08827636594663126, 0.04970902160101655, 0.7670616264294771, 0.2939688691232478, 0.10027509529860225, 3.591048284625142, 0.8630514612452336, 1.910369123252852, 1.278721728081318, 0.8390540025412944, 0.2399745870393912, 15.166713367609235, 10.572657455012838, 3.6187185089974245, 0.04334832904884125, 0.7698663239074559, 2.0642474293059108, 2.4665199228791774, 0.563528277634965, 0.11530655526992449, 1.018685732647814, 0.8704344473007725, 0.04941709511568151, 0.060687660668382375, 0.41007519280206, 0.6996420308483291, 1.920330976863753, 0.490703084832908, 1.370674164524422, 1.2250237789203078, 1.847505784061696, 0.8496272493573273, 2.078985861182519, 49.91299999999994, 51.281073264781426, 51.661671593830285, 52.0951548843187, 53.08696465295624, 17.34366645244214, 0.38753406169665827, 1.3385964010282787, 1.598686375321335, 2.144875321336759, 0.5262487146529584, 1.1816754498714666, 0.45689138817481123, 1.2224228791773775, 0.9328560411311083, 0.4161439588688945, 0.5271156812339352, 0.8860398457583544, 0.5773997429305963, 1.5145906169665797, 0.9944106683804618, 0.6354865038560426, 0.9831401028277639, 0.8747692802056506, 1.8162949871465237, 0.27916323907454793, 0.021674164524422068, 0.0806278920308538, 0.5132442159382982, 1.4200912596401034, 0.6346195372750687, 1.5822140102827762, 0.5999408740359865, 0.18119601542416167, 1.0733046272493563, 0.938924807197937, 1.1487307197943437, 0.3736625964010271, 0.1309119537275063, 0.1023020565552672, 0.4412859897172207, 0.058953727506425954, 0.03727956298200676, 1.394082262210795, 1.7217956298200503, 1.7096580976863756, 2.5410790488431823, 1.31258740359897, 1.5241272493573272, 0.5765327763496109, 0.13698071979434367, 1.8015565552699244, 0.5808676092545004, 0.6692982005141394, 0.014738431876610818, 1.0360250642673465, 2.05297686375321, 0.4620931876606718, 0.9562641388174782, 0.3953367609254491, 0.2748284061696641, 0.35285539845758757, 0.18553084832905128, 0.20807197943444725, 1.391481362467876, 1.1452628534704365, 0.33811696658097673, 0.5956060411310997, 1.631631105398458, 0.7603296915167115, 0.7898065552699216, 0.9614659383033446, 0.8374897172236495, 0.2115398457583572, 0.30777313624678704, 1.3359955012853426, 1.9133952442159332, 0.05982069408740272, 1.096712724935729, 1.485113753213367, 0.35719023136246564, 1.6975205655526981, 0.5886703084832856, 0.8340218508997425, 0.8340218508997425, 1.2562345758354743, 0.3467866323907473, 0.07282519280205711, 0.4750976863753204, 0.6944402313624627, 0.8747692802056563, 0.9293881748071984, 0.28869987146529524, 0.12137532133675896, 0.44822172236504065, 0.45429048843187514, 0.31210796915166505, 0.007802699228790905, 0.19333354755783644, 0.9103149100257066, 0.2462185089974279, 0.6909723650385614, 0.04421529562981513, 1.1669370179948557, 1.30565167095115, 0.7846047557840581, 0.4230796915167115, 2.0694492287917687, 0.8522281491002546, 1.245830976863753, 0.7178483290488441, 0.3467866323907473, 0.41874485861182476, 3.754832262210789, 0.4161439588688945, 0.02514203084832625, 1.7243965295629806, 0.35285539845758757, 1.9688811053984665, 0.964933804627243, 0.6450231362467813, 0.2436176092544976, 0.6883714652956312, 0.7083116966580968, 1.3299267352185054, 0.3823322622107919, 0.7776690231362468, 0.48896915167094585, 1.31258740359897, 0.8452924164524434, 0.5236478149100252, 1.0984466580976824, 1.5865488431876547, 0.02427506426735237, 0.5132442159383039, 0.7828708226221017, 0.7481921593830367, 1.0091491002570638, 0.5878033419023088, 0.7100456298200503, 0.8608978149100194, 0.6987750642673495, 0.1404485861182565, 0.7057107969151665, 0.9103149100257066, 0.45689138817481123, 0.47423071979434656, 1.5770122107969158, 0.6294177377892023, 0.07889395886889737, 0.38493316195372224, 0.5626613110539855, 0.8348888174807193, 1.3646053984575848, 0.7924074550128548, 2.185622750642667, 1.260569408740361, 0.6771008997429303, 1.3004498714652954, 0.15345308483290515, 0.5808676092545004, 1.173005784061696, 0.24448457583547437, 0.6970411311053988, 0.9952776349614356, 1.9654132390745451, 0.9588650385604143, 0.8756362467866302, 0.14738431876607064, 0.919851542416454, 1.5258611825192778, 0.034678663239076465, 0.484634318766062, 0.8704344473007696, 1.5301960154241647, 0.5687300771208199, 0.28003020565553044, 1.1374601542416456, 1.0637679948586118, 0.23928277634961953, 1.1244556555269913, 0.32424550128534557, 0.4334832904884356, 0.44908868894601744, 1.1617352185089982, 0.1491182519280184, 0.3424517994858606, 1.078506426735217, 1.6897178663239099, 1.3845456298200502, 0.22541131105398834, 1.2735739074550154, 1.1842763496143969, 0.44908868894601456, 1.7209286632390706, 0.5739318766066805, 0.002600899742936077, 1.1981478149100222, 1.2510327763496136, 0.8773701799485809, 0.3034383033419061, 0.4074742930591297, 0.36932776349614904, 1.2154871465295576, 1.7556073264781413, 0.23148007712081708, 0.7126465295629836, 0.5011066838046292, 1.3767429305912535, 0.8643656812339322, 0.993543701799485, 0.6328856041131122, 2.242842544987145, 0.16819151670951304, 0.7195822622108006, 0.35892416452442205, 1.0143508997429302, 0.09536632390745306, 0.9163836760925411, 2.2159665809768625, 0.8582969151670891, 1.2657712082262216, 1.0906439588688916, 0.5982069408740358, 0.3285803341902323, 0.5106433161953737, 0.6554267352185082, 0.041614395886893495, 0.8522281491002546, 0.11270565552698841, 1.0984466580976824, 0.7984762210796863, 0.22974614395886642, 0.3580571979434482, 0.39707069408740564, 0.1846638817480774, 0.22974614395886642, 0.3875340616966525, 1.1279235218508983, 0.41961182519280155, 0.23321401028277347, 1.1825424164524405, 0.9458605398457599, 0.8713014138817464, 0.9970115681233949, 0.3164428020565576, 0.5938721079691519, 0.9727365038560397, 1.2362943444730088, 0.07889395886889448, 0.23928277634961953, 0.5297165809768655, 1.3672062982005149, 1.3897474293059109, 1.2198219794344471, 0.23668187660668924, 0.5297165809768655, 1.71919473007712, 0.624215938303336, 0.9553971722365043, 0.7811368894601538, 0.060687660668376595, 1.251032776349608, 0.7421233933161966, 0.7551278920308481, 1.1348592544987155, 2.1466092544987125, 90.38039910025697, 83.35450192802045, 80.8420327763495, 81.74021015424155, 68.70363367609245, 36.07014460154237, 27.561734575835438, 0.19853534704370282, 2.427506426735214, 3.4288528277634898, 1.4573708226221045, 0.08322879177377832, 2.703201799485855, 0.4204787917737812, 0.8860398457583514, 0.9744704370179962, 1.1157859897172235, 0.019073264781491767, 1.55100321336761, 0.8461593830334143, 2.1570128534704365, 0.03207776349614616, 1.6455025706940831, 0.49763881748071925, 1.5726773778920289, 1.096712724935729, 0.8036780205655469, 1.0837082262210775, 1.1183868894601539, 0.9519293059125973, 0.8080128534704337, 1.143528920308486, 0.8582969151670948, 0.1586548843187715, 0.5565925449871509, 0.23928277634961373, 1.5891497429305903, 0.7013759640102798, 1.6732455012853427, 1.7478046272493561, 0.06588946015424298, 0.3641259640102827, 0.5930051413881694, 0.2670257069408761, 0.20633804627249372, 1.5345308483290483, 0.9198515424164511, 0.36585989717223333, 0.3649929305912594, 0.7213161953727513, 0.7135134961439603, 0.4343502570694123, 0.016472365038561466, 0.4768316195372768, 0.29736953727506005, 0.2939016709511558, 0.26182390745500966, 0.6823026992287938, 0.7100456298200503, 1.0733046272493563, 0.7247840616966553, 0.38580012853470474, 0.8739023136246766, 1.320390102827761, 0.9137827763496137, 1.04469473007712, 1.2163541131105373, 0.6398213367609207, 0.41180912596401065, 1.1600012853470445, 1.1201208226221104, 0.4395520565552643, 0.865232647814909, 1.9142622107969098, 0.919851542416454, 0.26269087403598934, 0.5869363753213349, 0.3606580976863727, 1.118386889460148, 0.2141407455012875, 0.4126760925449845, 0.8192834190231345, 0.20026928020565635, 0.12917802056554986, 0.887773778920305, 2.424905526992286, 0.9328560411311027, 2.7734260925449847, 0.6831696658097706, 0.22367737789202616, 0.07022429305912103, 0.4855012853470417, 0.1196413881748112, 0.6823026992287938, 1.2154871465295634, 0.06415552699228655, 0.8773701799485809, 3.0525893316195325, 0.1283110539845731, 1.653305269922877, 0.6614955012853485, 0.7776690231362411, 0.4126760925449845, 0.11357262210797094, 0.1803290488431849, 1.0403598971722303, 0.19420051413881895, 0.6441561696658074, 0.7126465295629806, 1.458237789203087, 1.2874453727506525, 0.14738431876606486, 0.9007782776349622, 0.3311812339331626, 0.9085809768637503, 0.6718991002570668, 0.8600308483290484, 0.5037075835475566, 1.788552056555267, 0.4135430591259642, 1.7426028277634955, 1.0863091259640136, 0.8530951156812343, 0.3710616966580968, 0.3467866323907473, 0.16385668380462634, 1.6394338046272487, 6.580276349614385, 1.7937538560411277, 0.5817345758354744, 0.03467866323907069, 1.2059505141388163, 0.3979376606683795, 2.1483431876606662, 1.536264781490999, 1.3255919023136273, 0.1309119537275063, 0.25228727506426235, 1.349000000000003, 1.2753078406169631, 1.1695379177377918, 0.48983611825192547, 0.6745, 0.4135430591259642, 0.593872107969149, 1.0689697943444725, 0.4152769922879148, 0.43868508997429045, 0.44648778920308424, 0.45342352185090123, 0.27916323907454793, 0.6901053984575789, 0.9675347043701733, 1.1357262210796892, 0.18379691516709487, 0.03554562982005034, 0.45082262210797097, 0.6328856041131122, 0.4204787917737812, 0.6797017994858577, 0.22974614395886642, 0.014738431876605044, 0.912915809768637, 0.018206298200509223, 0.05982069408740272, 1.18340938303342, 1.3507339331619534, 0.7932744215938287, 1.4096876606683795, 1.722662596401027, 1.4209582262210803, 1.1131850899742874, 0.35025449871465436, 0.13351285347043948, 0.8019440874035964, 1.2839775064267338, 0.8869068123393253, 0.2843650385604114, 0.34938753213367757, 0.208938946015424, 1.6281632390745595, 0.041614395886893495, 1.448701156812337, 0.8981773778920319, 0.40660732647814424, 0.09016452442159245, 0.5331844473007754, 1.5553380462724935, 0.12744408740359922, 1.590883676092541, 1.0065482005141393, 0.2670257069408732, 1.0464286632390707, 0.2930347043701791, 0.7308528277634898, 0.7646645244215953, 0.2115398457583572, 0.14738431876606486, 0.2401497429305934, 2.236773778920302, 0.9736034704370194, 0.3736625964010271, 0.8765032133676042, 0.4352172236503834, 1.0100160668380465, 0.8530951156812285, 0.7637975578406156, 0.38926799485860897, 1.1149190231362496, 0.00866966580977056, 0.04855012853470185, 2.0616465295629776, 2.078985861182513, 0.41701092544987123, 0.09363239074550529, 1.1565334190231344, 1.771212724935732, 0.795008354755785, 1.7980886889460088, 0.8184164524421578, 2.205562982005138, 0.20720501285346757, 0.7022429305912536, 0.2947686375321355, 0.031210796915166508, 0.6545597686375285, 0.5262487146529584, 0.42134575835476085, 0.2947686375321355, 2.2593149100257066, 0.9025122107969099, 0.9883419023136244, 0.8452924164524405, 0.33985089974292737, 0.023408097686375605, 0.02860989717224198, 0.2774293059126002, 0.24968637532134072, 0.8175494858611839, 1.3108534704370165, 0.3467866323907473, 1.3992840616966582, 0.11097172236503776, 0.21240681233933106, 0.9658007712082227, 2.810705655526985, 0.46642802056555277, 0.19506748071979862, 0.34938753213367185, 0.33551606683804647, 0.2930347043701791, 1.1678039845758355, 0.9536632390745479, 2.131003856041125, 0.4499556555269913, 0.608610539845757, 0.3858001285347018, 1.4452332904884326, 0.579133676092547, 0.10490295629820039, 0.6987750642673551, 1.1686709511568065, 0.36152506426735237, 0.3069061696658045, 0.6077435732647832, 0.2462185089974279, 0.11097172236503776, 0.49763881748071925, 0.026008997429305906, 0.935456940874033, 0.04508226221079767, 0.5011066838046263, 1.015217866323907, 0.4057403598971675, 0.22801221079691864, 0.9866079691516709, 1.085442159383034, 1.0585661953727483, 1.4565038560411308, 0.8028110539845731, 0.9363239074550126, 1.3403303341902322, 0.5999408740359865, 1.2362943444730088, 0.2895668380462749, 1.2475649100257094, 1.4729762210796922, 1.224156812339328, 1.8301664524421577, 0.35025449871465153, 1.0715706940874028, 0.38319922879177154, 1.322991002570697, 0.8947095115681335, 0.575665809768637, 1.0013464010282758, 0.08929755784061857, 0.39880462724935917, 1.1469967866323842, 0.553124678663241, 0.18206298200513554, 0.15345308483290515, 1.7946208226221074, 0.5678631105398432, 0.20547107969151118, 0.1404485861182565, 0.17946208226220525, 0.30083740359897576, 1.5562050128534706, 0.37019473007712295, 0.5878033419023088, 0.3901349614395828, 1.1981478149100222, 1.506787917737789, 1.2406291773778926, 0.6987750642673551, 0.15345308483289935, 0.7846047557840581, 1.122721722365035, 1.0360250642673465, 0.30603920308483634, 1.8388361182519255, 1.620360539845757, 0.9371908740359893, 0.8981773778920319, 0.5695970437017996, 0.7490591259640049, 0.5904042416452392, 0.2557551413881752, 0.09363239074550529, 0.1378476863753262, 0.16298971722365246, 1.1946799485861181, 1.9749498714652953, 0.45689138817481123, 0.692706298200515, 1.931601542416451, 1.163469151670946, 2.0443071979434424, 0.6571606683804646, 1.4408984575835402, 0.17686118251927496, 1.5865488431876547, 0.09883419023135724, 1.1652030848329051, 0.25488817480719267, 0.13698071979434656, 0.4135430591259642, 0.7039768637532101, 0.8903746786632353, 1.4729762210796922, 0.377997429305908, 0.15432005141388191, 1.030823264781486, 0.6467570694087377, 0.9892088688945982, 1.6030212082262216, 0.7716002570694066, 0.7932744215938315, 2.896535347043697, 0.8608978149100194, 2.0581786632390706, 1.3273258354755781, 0.3225115681233979, 0.4083412596401065, 0.9467275064267453, 1.0897769922879177, 0.5314505141388189, 0.0762930591259613, 0.004334832904886724, 0.041614395886893495, 0.11617352185090413, 0.19853534704370282, 0.7837377892030813, 0.9328560411311083, 0.4681619537275063, 3.721887532133672, 0.8452924164524434, 0.9926767352185083, 1.1357262210796892, 1.3507339331619534, 1.140061053984576, 1.1721388174807221, 0.7698663239074559, 0.24361760925450046, 0.03641259640102422, 0.9527962724935682, 1.0290893316195353, 1.1088502570694094, 1.0785064267352198, 0.894709511568122, 0.8487602827763446, 0.22281041131105805, 0.04074742930591672, 1.5934845758354743, 0.8999113110539855, 0.22194344473007263, 1.1409280205655556, 0.15692095115681506, 0.8765032133676042, 0.2965025706940862, 1.31605526992288, 0.5557255784061684, 0.8981773778920319, 0.43608419023136014, 0.019073264781491767, 0.16732455012853054, 1.2302255784061684, 0.5808676092545004, 0.5843354755784046, 0.41961182519280155, 0.60167480719794, 0.10750385604113358, 1.2380282776349592, 0.20287017994858664, 0.6736330334190231, 2.448313624678656, 0.041614395886893495, 1.8240976863753147, 1.0143508997429302, 0.501973650385603, 0.39707069408740275, 0.490703084832908, 0.5817345758354744, 1.1521985861182449, 0.748192159383031, 0.8964434447300755, 0.5938721079691519, 1.4252930591259612, 0.945860539845757, 0.6987750642673551, 1.3914813624678644, 1.961945372750638, 0.024275064267349485, 0.46816195372750047, 0.32684640102828166, 0.7637975578406185, 1.0655019280205624, 0.06675642673521685, 1.5917506426735208, 0.8262191516709544, 2.0044267352185052, 1.8119601542416457, 1.5449344473007696, 0.593872107969149, 0.6320186375321384, 0.44562082262210745, 0.30517223650385666, 1.5293290488431879, 0.32771336760925845, 0.37886439588689347, 0.011270565552695087, 0.36759383033419263, 1.565741645244209, 0.6138123393316147, 0.7698663239074559, 1.1244556555269913, 1.3776098971722333, 0.29130077120823133, 0.7048438303341897, 0.6068766066838063, 0.9892088688945982, 1.243230077120823, 0.7863386889460174, 1.485113753213367, 1.5111227506426728, 0.1881317480719816, 0.9397917737789168, 0.019073264781491767, 0.2696266066838035, 1.4278939588688888, 0.6276838046272488, 0.7343206940874027, 1.5848149100257007, 0.637220437017999, 1.2354273778920406, 0.6909723650385614, 0.4603592544987183, 1.1409280205655556, 1.3776098971722333, 0.04681619537275121, 0.08062789203084801, 0.23841580976863985, 0.8626317480719787, 0.38666709511567865, 1.5709434447300756, 1.085442159383034, 0.2965025706940919, 0.7776690231362411, 1.2805096401028269, 0.3346491002570668, 1.2518997429305878, 1.9272667095115672, 0.5548586118251946, 0.19333354755784218, 0.5366523136246738, 0.9449935732647832, 261.7753573264778, 256.50766838046246, 248.18132133676062, 0.5912712082262217, 0.3884010282776322, 0.33378213367609294, 0.8400906169665914, 1.1721388174807164, 0.8019440874035992, 0.3259794344472962, 0.3962037275064288, 0.8704344473007725, 0.6224820051413853, 1.2753078406169662, 0.5626613110539797, 0.7568618251928015, 0.19159961439588866, 0.5115102827763476, 0.2947686375321355, 1.1565334190231344, 1016.2443547557829, 1009.0017159383019, 1008.7979787917726, 0.19159961439588577, 0.208938946015424, 0.009536632390747328, 0.07976092544987413, 0.25488817480719267, 0.9848740359897143, 1.4686413881748055, 0.3294473007712062, 1.639433804627243, 0.12917802056554986, 0.7412564267352169, 1.3897474293059109, 0.22194344473007838, 0.05548586118252176, 1.5874158097686368, 0.9259203084832913, 0.2176086118251917, 1.5570719794344472, 0.5366523136246738, 1.0169517994858548, 0.19766838046272892, 0.5574595115681248, 0.026008997429305906, 1.377609897172239, 1.290046272493574, 1.218088046272488, 0.8184164524421607, 0.38319922879177154, 0.24535154241644822, 0.06675642673522263, 0.07802699228791193, 0.12137532133676475, 0.5522577120822643, 1.260569408740361, 0.7577287917737784, 0.6805687660668345, 1.1799415167095102, 1.1842763496143969, 0.5852024421593814, 0.6250829048843185, 3.4973431876606598, 0.5800006426735266, 0.7637975578406156, 0.18206298200513554, 0.7481921593830367, 0.23581491002570668, 0.7143804627249342, 0.10143508997429332, 0.9094479434447328, 0.09536632390745885, 0.5028406169665828, 0.15778791773779183, 0.4785655526992333, 0.03641259640102422, 0.4681619537275063, 0.5557255784061713, 0.4750976863753204, 0.5930051413881781, 0.9441266066838034, 2.6494498714652894, 0.41701092544987123, 0.5011066838046263, 0.9684016709511558, 0.14044858611825073, 2.3035302056555245, 1.6671767352185025, 0.1378476863753262, 0.440419023136244, 0.5132442159383039, 0.5600604113110494, 1.3880134961439545, 0.24535154241644822, 0.38580012853470474, 0.9527962724935682, 0.8669665809768654, 0.46989588688945694, 0.5167120822622081, 1.335128534704366, 0.8140816195372855, 0.9198515424164511, 0.24188367609254402, 0.14044858611825073, 0.11964138817480253, 1.1972808483290456, 1.4565038560411308, 0.3138419023136215, 0.5305835475578393, 0.04855012853470185, 0.3199106683804618, 1.1712718508997426, 0.3727956298200532, 0.10230205655527008, 0.31037403598971736, 0.9944106683804588, 1.2969820051413852, 1.1019145244215924, 0.43001542416452565, 0.47076285347043084, 1.807625321336759, 0.26615874035989934, 0.9432596401028267, 0.6588946015424182, 1.070703727506426, 0.4334832904884299, 1.0290893316195382, 0.6580276349614386, 0.8019440874035964, 0.49590488431876284, 0.45342352185089546, 1.1504646529562943, 0.7013759640102798, 1.2033496143958828, 2.261048843187657, 0.9189845758354772, 1.0767724935732634, 0.2696266066838064, 0.3467866323907473, 0.18639781491002808, 0.33551606683804647, 0.7386555269922865, 0.4785655526992333, 0.026008997429305906, 0.3684607969151694, 1.055965295629818, 0.9233194087403582, 0.07802699228791772, 0.5019736503856088, 0.575665809768637, 0.15345308483290515, 0.6996420308483233, 0.2401497429305934, 0.4629601542416399, 1.8856523136246768, 0.23841580976863985, 1.000479434447302, 0.8470263496143939, 1.3906143958868906, 0.3207776349614414, 1.7122589974293059, 0.39273586118251314, 0.1257101542416428, 0.6953071979434453, 0.9753374035989699, 0.5609273778920291, 1.070703727506426, 0.23581491002570382, 1.0160848329048837, 0.18726478149100773, 1.0056812339331598, 0.41007519280205423, 0.12917802056554986, 0.10403598971721784, 0.49850578406169316, 0.20807197943444147, 0.275695372750638, 0.5149781491002517, 1.8232307197943378, 0.3294473007712062, 0.27396143958868446, 0.3979376606683852, 0.8418245501285362, 0.10576992287918005, 1.2744408740359836, 0.051151028277632155, 0.20547107969151118, 0.6389543701799496, 0.3467866323907473, 0.282631105398455, 1.4643065552699215, 1.890854113110549, 0.21240681233933106, 1.0759055269922895, 0.05982069408740272, 0.7204492287917744, 0.7299858611825188, 0.039880462724931294, 1.1756066838046264, 0.04855012853470185, 1.0906439588688945, 1.0082821336760959, 0.3745295629820097, 0.08843059125963892, 0.35458933161953243, 1.3819447300771202, 1.0802403598971733, 0.5852024421593872, 1.5726773778920289, 0.14911825192802128, 0.5037075835475595, 1.2215559125964037, 0.3554562982005121, 0.6970411311053988, 1.2310925449871422, 0.8192834190231375, 0.5782667095115702, 0.3606580976863727, 0.3121079691516709, 0.37019473007712295, 1.0585661953727512, 1.5284620822622108, 0.47943251928020714, 0.952796272493574, 1.9706150385604113, 0.39707069408740275, 0.43868508997429045, 0.7490591259640107, 0.22367737789203482, 0.028609897172236207, 0.6736330334190174, 0.9666677377891995, 1.31258740359897, 1.55100321336761, 0.6849035989717241, 0.23148007712081708, 0.24101670951156726, 0.4924370179948558, 0.6831696658097706, 0.5834685089974307, 0.15865488431876573, 1.0134839331619563, 1.2449640102827793, 0.6979080976863727, 0.8869068123393311, 1.1331253213367618, 1.2042165809768568, 0.8782371465295663, 0.5973399742930561, 0.2965025706940919, 0.45342352185090123, 0.03467866323907069, 0.37192866323907936, 0.2956356041131123, 0.26442480719794287, 1.4452332904884326, 0.6051426735218529, 0.9822731362467841, 0.19246658097686253, 1.1010475578406156, 0.32337853470436595, 0.18639781491002516, 0.45082262210797097, 0.29130077120822556, 0.5800006426735208, 1.6784473007712062, 0.7195822622108006, 0.25142030848328845, 0.0026008997429303017, 0.6528258354755722, 0.15432005141388191, 0.10923778920308423, 1.6663097686375286, 1.2042165809768568, 0.03294473007712293, 0.8461593830334143, 0.16125578406169602, 1.1530655526992275, 1.003947300771206, 0.8262191516709486, 0.6398213367609207, 1.2753078406169662, 0.8166825192802072, 1.206817480719793, 0.2999704370179961, 0.3225115681233979, 1.7348001285347048, 0.42654755784061565, 0.2930347043701791, 2.1206002570694036, 2.1622146529562944, 2.805503856041125, 2.6008997429305847, 1.3767429305912535, 1.163469151670946, 0.154320051413879, 1.0325571979434454, 0.8504942159382982, 1.4721092544987124, 1.3039177377891993, 0.11097172236504065, 1.5163245501285276, 1.3385964010282758, 0.6866375321336748, 0.6302847043701819, 0.9475944730077135, 0.7386555269922895, 0.09363239074549663, 0.8227512853470446, 0.7386555269922865, 0.7395224935732662, 1.1556664524421607, 0.5921381748071955, 1.1383271208226196, 1.8414370179948556, 0.14478341902313457, 0.41701092544986834, 0.9077140102827705, 0.4672949871465266, 0.18553084832905128, 1.8934550128534675, 1.341197300771209, 0.5184460154241646, 0.5375192802056534, 0.5878033419023088, 1.294381105398455, 0.22887917737788674, 0.4334832904884356, 0.06415552699228655, 4.066073264781483, 0.5019736503856088, 0.2297461439588693, 0.012137532133674743, 0.8817050128534647, 0.04074742930591672, 1.0238875321336747, 0.9137827763496137, 1.1279235218508983, 0.23148007712082283, 0.15778791773779183, 1.114919023136244, 0.1196413881748112, 1.2111523136246765, 0.15692095115681506, 0.9857410025706941, 0.6086105398457627, 2.186489717223644, 0.344185732647817, 0.5800006426735266, 0.5132442159383039, 0.22627827763495645, 1.051630462724937, 0.7239170951156786, 0.42221272493573475, 1.6905848329048838, 2.0954582262210772, 0.667564267352183, 1.0273553984575818, 0.23408097686375315, 0.8522281491002546, 1.2180880462724937, 1.3325276349614383, 0.12224228791773861, 1.4513020565552672, 0.2063380462724908, 0.28783290488431557, 1.458237789203087, 0.5730649100257067, 1.0394929305912566, 0.87650321336761, 0.21934254498714809, 0.8192834190231375, 0.09623329048842694, 0.5921381748072013, 0.13958161953727685, 0.47162982005141335, 0.8669665809768654, 1.975816838046272, 1.1955469151670919, 0.8834389460154268, 0.2557551413881752, 0.23841580976863985, 0.39880462724935917, 0.6268168380462662, 0.14911825192802128, 0.16905848329049272, 1.056832262210792, 1.6853830334190232, 1.740868894601542, 0.06849035989717038, 0.1664575835475624, 0.3753965295629835, 1.335128534704366, 0.703976863753213, 0.019073264781491767, 3.227716580976857, 1.564874678663241, 1.0498965295629807, 0.8357557840616932, 1.430494858611819, 0.39013496143958853, 0.9224524421593843, 0.3060392030848306, 1.069836760925449, 1.9298676092544975, 0.6354865038560426, 0.4005385604113098, 0.9501953727506438, 1.1487307197943437, 0.2115398457583572, 1.9385372750642653, 0.33551606683804064, 0.2349479434447299, 0.6771008997429274, 0.4646940874035963, 0.13351285347043948, 1.6186266066838035, 0.06935732647814716, 0.46122622107968925, 0.06415552699228655, 0.0944993573264763, 0.10923778920308423, 1.9775507712082254, 1.5336638817480746, 1.3273258354755781, 0.17426028277635042, 0.1283110539845731, 0.40400642673521975, 0.6675642673521888, 0.20460411311053728, 1.151331619537274, 0.28869987146529524, 0.3034383033419003, 1.2362943444730088, 0.11097172236503776, 1.792886889460154, 1.0230205655527007, 0.06588946015424298, 1.1088502570694037, 0.6129453727506438, 0.7768020565552672, 0.019073264781491767, 0.21067287917737754, 0.2323470437017996, 0.4568913881748054, 0.04594922879177155, 0.6458901028277609, 0.060687660668382375, 1.2588354755784046, 1.2076844473007726, 0.9666677377892023, 0.044215295629820905, 0.01647236503855858, 1.107116323907456, 0.1829299485861181, 1.1678039845758297, 0.49590488431876284, 0.9883419023136244, 1.3134543701799468, 0.9614659383033446, 0.40660732647815007, 1.6957866323907387, 0.02687596401028556, 0.8340218508997425, 0.960598971722365, 0.8739023136246766, 0.40660732647814424, 0.013871465295625388, 0.6502249357326418, 1.5015861182519283, 0.2947686375321355, 1.0082821336760899, 2.0330366323907447, 1.3169222365038566, 0.06155462724935914, 1.1504646529562972, 306.1909222365035, 1.1383271208226196, 0.7733341902313573, 0.21587467866323812, 0.8912416452442149, 0.15518701799485576, 0.821017352185091, 0.7247840616966611, 0.2774293059126002, 1.140061053984576, 0.37019473007712295, 0.35025449871465153, 0.5236478149100252, 2.1240681233933105, 0.35805719794344243, 1.3394633676092642, 0.6181471722365072, 0.9051131105398402, 1.0152178663239042, 0.37452956298200385, 0.7135134961439603, 1.5076548843187685, 0.4967718508997367, 1.0074151670951161, 1.8882532133676184, 0.6138123393316234, 0.13264588688945983, 1.4764440874035965, 0.6545597686375285, 0.4360841902313659, 0.6146793059125916, 0.8869068123393253, 0.9501953727506438, 0.5435880462724937, 0.22281041131105228, 0.05982069408740849, 0.5626613110539855, 0.05028406169665539, 1.5206593830334172, 1.14439588688946, 0.275695372750638, 0.7559948586118248, 0.1907326478149119, 0.3563232647814947, 0.0034678663239099566, 0.7421233933161966, 0.8990443444730059, 1.2050835475578365, 1.0655019280205624, 1.1998817480719786, 3.336954370179941, 0.5643952442159419, 0.3814652956298238, 1.529329048843185, 0.006068766066840258, 0.8964434447300755, 1.1201208226221047, 0.4256805912596389, 1.1721388174807221, 1.4452332904884297, 0.9337230077120765, 1.337729434447302, 0.8530951156812343, 0.7950083547557822, 1.026488431876605, 0.6207480719794375, 0.15085218508996906, 1.3099865038560368, 1.2458309768637474, 0.22107647814910453, 0.02514203084832625, 0.5643952442159332, 0.31817673521851114, 0.5531246786632381, 0.5782667095115702, 0.1907326478149119, 0.28003020565553044, 1.0524974293059137, 0.938924807197937, 1.1357262210796921, 1.7443367609254519, 0.15345308483290515, 0.41007519280205423, 1.454769922879177, 0.18986568123393224, 1.7538733933161936, 0.06155462724935914, 1.5215263496144056, 3.63345694087403, 0.616413239074545, 0.6597615681233922, 0.5297165809768626, 0.09363239074549663, 0.3736625964010271, 0.6788348329048838, 1.5518701799485866, 1.2085514138817464, 0.37973136246786154, 0.013004498714657284, 0.4855012853470474, 1.5787461439588693, 1.6524383033419032, 0.7412564267352196, 1.2475649100257038, 0.1170404884318809, 0.2349479434447299, 1.1530655526992246, 0.35892416452442205, 0.9658007712082255, 0.8279530848328993, 0.9224524421593843, 0.2531542416452449, 0.4499556555269913, 0.15952185089974538, 1.6663097686375343, 0.2609569408740329, 0.42914845758355175, 1.055965295629818, 0.49590488431876284, 1.0759055269922866, 1.00481426735218, 1.9142622107969098, 1.690584832904878, 1.4313618251928015, 0.03381169665810258, 1.3333946015424125, 0.07716002570693806, 1.1894781491002517, 1.396683161953725, 0.10056812339331365, 1.6515713367609235, 2.635578406169661, 0.36585989717223333, 0.8591638817480687, 0.5080424164524376, 0.45342352185090123, 0.2965025706940862, 0.7438573264781472, 0.7022429305912594, 0.6094775064267367, 1.503320051413882, 0.6112114395886873, 0.2427506426735237, 0.7291188946015391, 0.38493316195372224, 0.15432005141388191, 0.38926799485860897, 0.6779678663239042, 0.13351285347043948, 0.3485205655527037, 1.3290597686375314, 1.1383271208226196, 0.08496272493573474, 0.2609569408740329, 0.7317197943444694, 0.3467866323907473, 0.6996420308483233, 0.11270565552699417, 1.7252634961439575, 1.0498965295629807, 0.6337525706940862, 1.0048142673521858, 0.006935732647817026, 0.45775835475578797, 1.8492397172236494, 0.28696593830333883, 1.4105546272493532, 0.47336375321337265, 0.17079241645244625, 1.8535745501285306, 1.3646053984575848, 0.04508226221079767, 0.03207776349614616, 0.5973399742930561, 0.25402120822622454, 2.075517994858612, 0.2522872750642681, 0.4005385604113098, 1.0091491002570638, 0.3563232647814947, 0.0676233933161994, 0.5427210796915141, 0.20547107969151693, 0.009536632390744438, 0.7247840616966611, 0.23928277634961953, 1.9342024421593813, 1.7920199228791742, 0.619014138817484, 0.7846047557840611, 1.3177892030848306, 0.07022429305912681, 0.20547107969151693, 0.4430199228791772, 0.908580976863753, 0.12657712082261957, 1.27617480719794, 2.18909061696658, 0.08496272493573184, 1.0325571979434454, 2.167416452442155, 1.5943515424164454, 0.5193129820051384, 0.3346491002570668, 0.08756362467866216, 0.28696593830333883, 0.7256510282776293, 1.2692390745501287, 1.2735739074550154, 1.6853830334190203, 0.2427506426735237, 0.001733933161956422, 0.05201799485861181, 1.859643316195365, 0.7083116966580968, 0.4560244215938258, 0.8201503856041085, 1.5189254498714637, 0.38666709511567865, 0.18553084832905128, 2.2281041131105344, 0.44822172236504065, 0.7013759640102827, 0.00866966580977056, 0.37366259640103, 1.0880430591259642, 2.3295392030848276, 0.020807197943439524, 0.70744473007712, 0.35979113110539884, 1.1669370179948615, 0.3346491002570668, 0.24795244215938428, 0.03207776349614616, 0.9163836760925411, 0.3095070694087348, 0.22194344473007263, 0.062421593830333015, 0.4126760925449845, 0.623348971722362, 0.27309447300771633, 0.1283110539845731, 0.5435880462724879, 0.4933039845758325, 0.7872056555269912, 0.3095070694087348, 0.7872056555269912, 0.8825719794344443, 1.1860102827763475, 0.9198515424164511, 0.44562082262210745, 2.112797557840613, 0.34071786632390705, 0.48810218508997194, 0.4967718508997425, 0.6320186375321384, 0.47249678663239303, 0.044215295629820905, 0.9181176092544975, 1.496384318766068, 0.4568913881748054, 1.0655019280205682, 1.0611670951156815, 2.0633804627249313, 0.7672654241645256, 0.49763881748071925, 0.641555269922877, 2.0269678663239072, 0.8678335475578393, 1.2007487146529554, 0.0034678663239099566, 0.09363239074549663, 0.08062789203084801, 3.1904370179948556, 1.3750089974293032, 0.46816195372750047, 1.690584832904878, 2.0781188946015363, 1.1452628534704337, 1.3732750642673497, 1.6715115681233892, 1.356802699228788, 0.4447538560411307, 0.4282814910025692, 0.49157005141388194, 0.35285539845758757, 0.17686118251927496, 1.1019145244215924, 1.3516008997429274, 1.2553676092544976, 0.41180912596400776, 0.23668187660668344, 0.9059800771208228, 0.3389839331619507, 1.0403598971722303, 0.34591966580976763, 1.6064890745501288, 0.38493316195372224, 1.5848149100257067, 0.563528277634965, 0.1621227506426757, 0.41614395886888866, 1.462572622107968, 1.088910025706944, 0.2956356041131094, 1.5353978149100194, 1.4643065552699215, 1.3524678663239014, 0.684036632390756, 1.3992840616966553, 0.17686118251927496, 1.1313913881748083, 1.7556073264781413, 0.0676233933161994, 1.1591343187660679, 1.642901670951153, 0.7351876606683823, 0.37366259640103, 0.7681323907454966, 1.3030507712082198, 1.2909132390745508, 0.03034383033418974, 0.37019473007712295, 0.31817673521851114, 0.9553971722365043, 0.3554562982005121, 0.7828708226221017, 0.3467866323907473, 0.5609273778920291, 0.9571311053984579, 0.579133676092547, 0.3745295629820097, 0.9007782776349622, 0.7351876606683823, 1.9307345758354741, 0.8730353470437028, 1.9047255784061656, 0.5938721079691519, 1.0152178663239042, 0.37539652956297775, 1.9966240359897143, 0.6328856041131122, 1.0542313624678674, 0.7750681233933165, 1.0620340616966526, 0.49590488431876284, 3.336087403598964, 0.9371908740359893, 0.44908868894601744, 2.2723194087403553, 0.7126465295629836, 1.4955173521850882, 0.3719286632390736, 1.4296278920308452, 0.2514203084832943, 0.13437982005141624, 0.9796722365038566, 0.7161143958868849, 0.24795244215938428, 1.2172210796915113, 2.247177377892029, 2.5679550128534676, 0.16905848329049272, 1.3333946015424152, 1.2076844473007726, 0.22627827763495645, 0.022541131105395948, 1.2579685089974277, 1.4695083547557937, 1.1790745501285305, 0.16732455012853628, 1.1929460154241616, 1.0290893316195353, 1.661107969151668, 0.051151028277632155, 0.6285507712082227, 1.0655019280205624, 0.4776985861182507, 0.6354865038560426, 0.8080128534704337, 1.2059505141388163, 0.34071786632390705, 0.3511214652956254, 0.46296015424164566, 0.7551278920308451, 2.7673573264781473, 241.84466259640075, 230.1267422879175, 19.13135154241643, 10.124435732647802, 0.3086401028277609, 0.46296015424164566, 0.22107647814909587, 1.2579685089974277, 0.534918380462726, 0.9718695372750658, 3.6889428020565487, 0.04508226221079479, 0.5123772493573214, 0.245351542416454, 1.1201208226221104, 0.0008669665809796547, 0.7863386889460144, 0.5669961439588636, 0.47856555269922746, 0.9996124678663252, 0.7863386889460144, 0.33551606683804647, 1.3672062982005149, 0.12657712082261957, 0.6259498714652924, 0.45342352185089546, 1.212886246786633, 4.251604113110534, 1.3273258354755781, 1.7148598971722362, 1.6966535989717213, 2.0997930591259615, 0.35025449871465153, 0.15258611825192547, 0.6060096401028325, 1.2683721079691521, 0.052884961439588575, 0.11270565552698841, 1.8925880462724938, 0.404006426735214, 1.3039177377891993, 0.06849035989717328, 0.19593444730076673, 0.29130077120822556, 0.6406883033419032, 1.1426619537275062, 0.534918380462726, 0.5271156812339323, 0.25748907455012876, 1.4608386889460117, 1.7131259640102827, 0.901645244215939, 0.4594922879177357, 0.05982069408740849, 0.9501953727506438, 1.7374010282776349, 0.8695674807197957, 0.824485218508998, 0.29043380462725166, 0.9571311053984521, 1.4408984575835457, 0.6771008997429274, 0.10923778920308423, 1.6004203084832913, 0.824485218508998, 0.7299858611825188, 0.6302847043701819, 0.09970115681233979, 1.9792847043701791, 1.3255919023136273, 1.143528920308486, 0.45082262210797097, 0.1829299485861152, 1.8752487146529555, 0.25488817480719267, 0.49590488431876284, 0.9848740359897202, 0.29216773778920524, 0.861764781491002, 1.5267281491002573, 0.6614955012853485, 1.1808084832904986, 0.6510919023136215, 0.5444550128534704, 0.13351285347043948, 0.1352467866323959, 1.6394338046272487, 0.7031098971722362, 0.810613753213364, 1.14699678663239, 0.016472365038561466, 0.5305835475578393, 0.8028110539845787, 1.0143508997429302, 1.5735443444730057, 1.5848149100257067, 0.832287917737789, 0.1257101542416457, 0.619014138817484, 1.029956298200515, 1.1799415167095102, 1.473843187660666, 0.1283110539845731, 0.6276838046272458, 0.6623624678663224, 1.0802403598971733, 0.3086401028277609, 1.1235886889460145, 0.9666677377892023, 0.30257133676092646, 1.0828412596401036, 1.9732159383033359, 0.18206298200513554, 0.32771336760924974, 0.07022429305912681, 0.06762339331619073, 0.12397622107968927, 2.0425732647814887, 1.2388952442159389, 0.615546272493577, 0.9007782776349622, 0.2566221079691491, 0.47856555269922746, 0.5678631105398461, 0.22020951156812485, 1.1773406169665799, 1.1305244215938286, 0.10837082262210747, 0.9406587403598935, 1.5059209511568064, 0.0676233933161994, 0.4404190231362468, 0.33031426735218006, 0.6008078406169661, 0.47423071979434656, 0.6068766066838063, 0.1066368894601597, 0.8695674807197957, 0.8973104113110523, 0.5496568123393282, 1.85444151670951, 0.24708547557840177, 0.22194344473007838, 0.8002101542416428, 1.2059505141388163, 0.6484910025706941, 0.03727956298200676, 0.05982069408740849, 0.014738431876605044, 0.21587467866324392, 0.28869987146529524, 1.2250237789203078, 0.8782371465295663, 1.01175, 0.0762930591259613, 1.1825424164524405, 0.20113624678663022, 1.6455025706940831, 0.05982069408740849, 0.09363239074549663, 1.1417949871465238, 1.6550392030848333, 0.6320186375321326, 1.1305244215938286, 1.6871169665809738, 1.3065186375321298, 1.5657416452442148, 0.2011362467866331, 0.7689993573264792, 1.4842467866323932, 0.5773997429305963, 0.12310925449871538, 1.077639460154243, 0.5513907455012904, 0.2522872750642681, 0.11877442159383443, 1.0871760925449874, 0.7325867609254492, 0.9380578406169633, 1.8813174807197928, 0.25488817480719844, 0.9233194087403611, 0.9935437017994793, 0.5071754498714637, 0.6406883033418973, 2.667656169665807, 0.13177892030848595, 0.5817345758354744, 1.3498669665809708, 0.026008997429305906, 0.0017339331619535344, 0.4326163239074502, 0.29997043701799037, 0.29997043701799037, 0.807145886889457, 0.052884961439588575, 1.107116323907453, 1.324724935732642, 0.3719286632390736, 0.33724999999999716, 0.23148007712082283, 0.16298971722365246, 0.5600604113110552, 0.8279530848328993, 1.1634691516709517, 0.5895372750642652, 0.30257133676092646, 0.36499293059125654, 510.1786221079685, 508.2921028277629, 33.87585218508993, 0.20026928020565055, 0.6979080976863756, 1.31258740359897, 0.7967422879177328, 1.1357262210796892, 1.0386259640102826, 0.4785655526992333, 0.19420051413881895, 1.036892030848332, 1.590883676092541, 1.7400019280205623, 0.641555269922877, 2.1934254498714636, 1.2770417737789137, 1.4513020565552701, 0.36239203084832916, 0.4941709511568064, 0.7091786632390735, 0.38059832904883834, 0.6181471722365072, 0.7637975578406156, 0.5800006426735208, 2.0113624678663196, 0.0762930591259613, 1.2718399742930533, 0.3858001285347018, 0.0632885604113069, 0.9978785347043717, 0.24621850899743075, 1.3958161953727513, 0.0944993573264763, 1.9428721079691604, 0.6129453727506409, 0.17686118251928074, 0.29216773778920524, 0.08409575835475798, 0.2184755784061742, 0.05375192802056823, 2.3754884318766023, 0.7846047557840581, 0.3615250642673466, 1.2718399742930533, 1.1391940874035993, 2.1206002570694067, 0.18466388174807163, 1.466040488431875, 1.3013168380462692, 0.4516895886889477, 0.46469408740360213, 0.912915809768637, 0.4048733933161994, 0.6692982005141394, 1.309119537275063, 1.2050835475578392, 0.5730649100257067, 1.4365636246786622, 0.7681323907454966, 0.5687300771208199, 0.21847557840616846, 0.8903746786632353, 0.35198843187660217, 0.10576992287917715, 1.0932448586118246, 1.121854755784061, 0.46035925449870957, 1.4703753213367619, 0.6788348329048781, 0.990075835475575, 0.8149485861182536, 0.009536632390744438, 0.30257133676092063, 0.4343502570694037, 0.0866966580976825, 0.5669961439588636, 0.09363239074550529, 0.07542609254498164, 0.2696266066838064, 0.5401201799485895, 1.5900167095115645, 0.6068766066838063, 0.7343206940874027, 0.5071754498714695, 1.2206889460154182, 1.0837082262210775, 0.2748284061696641, 0.3138419023136215, 0.18899871465295837, 0.4933039845758325, 0.6172802056555218, 0.5366523136246796, 0.48636825192802413, 0.48290038560411136, 0.7403894601542429, 1.1808084832904986, 0.24795244215938428, 1.4478341902313603, 0.1257101542416457, 0.6935732647814946, 0.9597320051413823, 0.12744408740359922, 1.1773406169665799, 0.06849035989717038, 1.6186266066838007, 1.663708868894604, 1.2406291773778897, 0.49850578406169604, 0.5409871465295634, 1.3359955012853426, 0.091031491002575, 1.1608682519280211, 0.6805687660668345, 0.32511246786632814, 0.08409575835475798, 0.9449935732647832, 1.5761452442159363, 0.5522577120822643, 1.0585661953727483, 0.45862532133675604, 0.03121079691517228, 0.9120488431876601, 1.6411677377892022, 0.70744473007712, 2.0330366323907447, 0.19073264781490612, 1.344665167095113, 0.9059800771208228, 1.2536336760925442, 5.208735218508989, 2.5280745501285304, 1.9602114395886874, 0.5843354755784075, 0.227145244215939, 0.36412596401027686, 0.1023020565552672, 1.3507339331619534, 0.7837377892030813, 0.011270565552700862, 1.7443367609254519, 1.2440970437017995, 1.04122686375321, 0.7776690231362411, 0.9449935732647832, 0.9996124678663252, 0.7620636246786622, 0.03121079691517228, 1.8093592544987123, 0.6346195372750629, 1.1868772493573272, 0.5826015424164511, 1.0576992287917715, 0.9111818766066806, 0.07195822622107746, 0.3034383033419003, 0.983140102827758, 0.414410025706938, 0.5123772493573214, 0.6502249357326477, 1.0022133676092555, 0.4412859897172207, 0.04508226221079767, 1.0750385604113126, 0.11010475578406388, 0.26529177377891966, 0.8782371465295663, 0.18379691516709198, 0.29043380462724877, 0.8756362467866302, 0.1378476863753262, 0.5479228791773747, 0.034678663239076465, 0.1066368894601597, 0.5730649100257067, 0.5522577120822643, 1.5640077120822584, 0.16038881748072217, 1.0074151670951161, 1.2050835475578392, 1.4868476863753233, 0.20980591259640077, 0.28696593830333883, 1.7824832904884298, 1.143528920308486, 0.42134575835476085, 0.13871465295629432, 0.08929755784061857, 0.9753374035989728, 1.147863753213364, 0.37886439588689347, 0.04334832904884703, 0.05288496143959146, 0.5340514138817435, 0.41961182519280443, 0.9241863753213378, 0.9822731362467841, 0.22714524421593613, 0.34071786632390705, 1.539732647814909, 0.6519588688945982, 0.091031491002575, 0.3962037275064288, 0.7429903598971703, 0.11357262210796806, 0.7178483290488441, 1.0056812339331627, 0.8175494858611839, 0.6632294344472992, 0.18119601542416167, 0.9241863753213378, 0.19940231362467667, 0.424813624678665, 0.45082262210797097, 0.3164428020565576, 1.1036484575835488, 0.4672949871465266, 0.12917802056554986, 0.15258611825192547, 0.2930347043701791, 0.7655314910025721, 0.275695372750638, 0.4802994858611839, 0.5834685089974307, 0.03381169665810258, 0.11790745501285478, 1.3559357326478112, 1.100180591259639, 0.4655610539845702, 1.3542017994858577, 0.5297165809768655, 0.40920822622107744, 2.093724293059124, 0.15258611825192547, 0.8903746786632382, 0.5470559125964007, 0.18206298200514134, 1.088910025706938, 0.329447300771212, 1.1452628534704365, 1.8024235218508982, 0.3736625964010271, 1.1348592544987155, 0.10576992287918005, 0.32771336760924974, 0.07369215938303099, 0.5878033419023175, 0.5158451156812314, 0.2843650385604114, 1.3949492287917746, 0.8383566838046264, 0.014738431876610818, 1.04122686375321, 1.2510327763496136, 1.830166452442155, 0.2713605398457599, 0.5219138817480687, 0.16385668380462634, 0.6025417737789168, 0.019073264781491767, 2.0841876606683796, 0.9814061696658103, 1.6359659383033416, 0.8097467866323901, 0.3095070694087348, 0.45342352185089546, 2.5783586118251915, 0.3910019280205625, 1.6455025706940831, 0.5626613110539797, 0.4941709511568122, 1.0117499999999942, 0.20547107969151693, 0.23581491002570668, 0.7854717223650378, 0.7187152956298152, 0.5990739074550097, 1.3359955012853457, 0.24881940874035818, 0.9215854755784075, 0.9510623393316205, 0.7204492287917686, 0.03034383033419263, 0.4681619537275063, 1.0065482005141393, 0.10837082262210747, 1.6767133676092527, 0.4265475578406215, 1.5865488431876547, 0.051151028277632155, 0.608610539845757, 0.3155758354755808, 0.13524678663239012, 0.42828149100257207, 1.169537917737786, 0.009536632390744438, 0.34071786632390705, 1.3186561696658101, 0.09883419023136301, 0.11530655526992449, 0.6068766066838063, 0.5834685089974307, 1.0030803341902323, 0.9770713367609265, 0.36932776349614904, 1.0620340616966526, 0.10923778920308423, 0.3155758354755808, 0.1153065552699187, 0.5982069408740358, 1.6108239074550126, 0.8895077120822557, 0.465561053984576, 2.057311696658097, 2.900003213367604, 0.33985089974292737, 1.0637679948586118, 0.9857410025706941, 1.4781780205655528, 1.8813174807197899, 0.8903746786632382, 1.6827821336760929, 1.784217223650395, 0.17426028277634464, 0.6146793059125916, 0.15258611825192547, 0.6051426735218529, 1.2388952442159389, 0.8296870179948529, 2.3893598971722305, 1.0472956298200473, 0.5912712082262217, 0.3684607969151665, 0.21327377892031363, 1.392348329048844, 0.2852320051413853, 0.48116645244215783, 0.2600899742930591, 0.9103149100257066, 0.23581491002570668, 0.3710616966580968, 2.6078354755783986, 0.3251124678663195, 1.1591343187660648, 0.6008078406169604, 0.5375192802056534, 0.7663984575835489, 0.2592230077120794, 0.5071754498714695, 0.7655314910025721, 0.6172802056555277, 1.9940231362467842, 89.4232679948585, 77.80158097686362, 58.10930205655521, 53.43982005141381, 51.21171593830328, 36.282551413881706, 0.07109125964010359, 2.08245372750642, 3.284069408740353, 0.2956356041131094, 0.42828149100257207, 1.1608682519280211, 1.8284325192802042, 0.3268464010282759, 0.5747988431876602, 1.1461298200514105, 0.5600604113110552, 1.2536336760925382, 1.85444151670951, 0.7412564267352169, 0.33551606683804647, 2.0287017994858605, 1.093244858611822, 0.7924074550128519, 1.415756426735217, 1.9263997429305846, 1.6810482005141394, 0.3710616966580997, 0.0806278920308538, 1.546668380462723, 1.4105546272493563, 0.7204492287917686, 0.1153065552699187, 1.1600012853470416, 0.38059832904883834, 0.18379691516709198, 1.228491645244212, 0.14391645244215492, 2.505533419023134, 0.8071458868894598, 0.8643656812339322, 2.485593187660663, 1.260569408740361, 0.1361137532133698, 0.018206298200509223, 0.2774293059126002, 0.2765623393316205, 1.4799119537275063, 0.07369215938303388, 1.3316606683804617, 0.02340809768636983, 0.5843354755784075, 1.4088206940874028, 0.7698663239074559, 1.0837082262210775, 1.0585661953727483, 0.3953367609254491, 0.2583560411311055, 0.46469408740360213, 0.5297165809768626, 0.41441002570694097, 0.6060096401028267, 0.9519293059125944, 1.668043701799482, 0.5583264781490987, 0.5713309768637502, 1.342064267352183, 0.4126760925449845, 0.2748284061696641, 0.7707332904884326, 0.1612557840617018, 0.2869659383033417, 1.163469151670946, 1.4617056555269854, 0.5123772493573301, 1.1669370179948615, 0.7022429305912594, 0.21067287917738334, 0.5990739074550127, 1.224156812339328, 0.13351285347043948, 0.5860694087403611, 0.05028406169665828, 2.0703161953727482, 1.5570719794344472, 1.6940526992287908, 0.29043380462724877, 0.9666677377892023, 0.09536632390745306, 0.5184460154241617, 0.3840661953727483, 1.133125321336759, 1.0837082262210802, 0.2939016709511558, 0.5219138817480687, 1.1998817480719786, 2.0122294344472964, 0.5643952442159419, 2.7066696658097675, 0.20980591259640077, 1.5848149100257067, 1.2449640102827793, 0.18986568123393802, 1.4937834190231318, 0.08756362467866503, 0.6172802056555277, 0.60167480719794, 0.9874749357326504, 0.4109421593830281, 0.23061311053984318, 0.9874749357326447, 1.3550687660668375, 0.5669961439588693, 1.0204196658097677, 0.0918984575835431, 0.6961741645244249, 0.7932744215938315, 0.40140552699228366, 0.4802994858611839, 2.46218508997429, 0.5843354755784075, 1.6125578406169603, 0.5930051413881694, 0.6181471722365014, 0.5037075835475566, 1.9385372750642653, 0.3225115681233979, 0.6883714652956312, 0.07802699228791193, 0.22107647814909587, 0.1491182519280184, 0.4430199228791772, 1.3429312339331627, 0.22454434447300292, 1.280509640102824, 1.6489704370179932, 1.6741124678663193, 0.34765359897172404, 0.08496272493573184, 1.9159961439588693, 1.3264588688945955, 1.6281632390745595, 1.8821844473007665, 0.6528258354755722, 0.11877442159383443, 0.6129453727506438, 0.286098971722365, 1.6524383033419032, 0.008669665809764785, 0.015605398457578924, 1.1513316195372711, 0.36759383033419263, 0.9579980719794289, 0.7325867609254464, 1.024754498714663, 0.6198811053984579, 0.15952185089974538, 1.0837082262210802, 0.43868508997429045, 0.6684312339331568, 0.11443958868894483, 0.03381169665809681, 0.8678335475578421, 0.41787789203084513, 0.7239170951156815, 0.6190141388174754, 0.5262487146529584, 0.5045745501285391, 0.4516895886889477, 0.0043348329048838365, 0.7759350899742933, 1.1045154241645256, 0.4872352185089981, 0.1326458868894656, 0.7351876606683823, 0.27916323907454793, 1.5371317480719728, 1.2016156812339265, 0.41180912596401065, 0.6363534704370193, 0.6823026992287938, 0.8834389460154268, 1.048162596401027, 0.36239203084832916, 0.38059832904883834, 1.6767133676092527, 0.35458933161953243, 0.3571902313624685, 1.2406291773778897, 0.9458605398457599, 0.8973104113110552, 0.28696593830333883, 0.2956356041131123, 0.3537223650385557, 0.553991645244215, 0.03467866323907069, 0.5496568123393311, 0.6406883033419032, 1.8622442159383126, 0.024275064267349485, 1.0542313624678674, 0.9363239074550067, 2.2237692802056506, 0.35458933161953826, 0.4889691516709516, 0.1196413881748112, 0.8912416452442149, 0.5045745501285391, 0.8713014138817492, 0.5626613110539855, 1.0377589974293002, 1.3368624678663223, 0.5340514138817493, 0.5921381748072013, 0.5886703084832856, 0.23668187660668344, 0.7282519280205596, 0.4768316195372768, 1.3004498714652954, 0.09103149100256634, 0.905980077120817, 0.5357853470437057, 0.4629601542416399, 1.6437686375321268, 1.3810777634961375, 0.9458605398457599, 0.39967159383033585, 0.875636246786633, 1.506787917737789, 0.19853534704370282, 0.38493316195372224, 0.3727956298200532, 0.8175494858611839, 0.6831696658097706, 0.12484318766066893, 0.8140816195372739, 1.2605694087403583, 1.31605526992288, 1.7868181233933165, 0.34331876606684314, 0.1491182519280184, 0.363258997429303, 1.0143508997429302, 0.16819151670951304, 0.37452956298200385, 1.224156812339334, 0.46122622107969213, 0.7481921593830367, 1.243230077120823, 0.6597615681233949, 0.8817050128534704, 0.05808676092545206, 1.6186266066838035, 0.4881021850899777, 0.4274145244215896, 0.22887917737789254, 1.3186561696658072, 1.397550128534699, 1.5882827763496166, 0.6285507712082227, 1.763410025706938, 0.7924074550128519, 1.239762210796913, 0.9215854755784075, 2.1648155526992245, 0.9241863753213378, 0.3823322622107919, 1.2588354755784046, 0.03034383033419263, 0.853962082262211, 0.9710025706940891, 1.2267577120822615, 0.33378213367609, 0.1205083547557822, 2.925145244215936, 0.388401028277635, 0.07802699228791772, 0.28176413881748114, 0.2566221079691491, 0.08929755784061857, 1.8605102827763476, 0.051151028277632155, 0.5028406169665828, 0.30517223650385383, 0.04855012853470185, 0.3762634961439603, 1.2518997429305878, 1.5622737789203107, 0.47162982005141335, 0.35805719794344243, 1.1452628534704365, 1.8977898457583542, 1.5076548843187685, 2.202095115681231, 1.3186561696658101, 1.3455321336760873, 0.10923778920308423, 0.004334832904886724, 1.4539029562981947, 0.8140816195372739, 0.04681619537275121, 1.0655019280205624, 1.2562345758354685, 0.7716002570694124, 0.8895077120822614, 0.24708547557841043, 0.4334832904884356, 1.952408740359899, 0.2991034704370136, 0.4204787917737812, 1.0204196658097648, 0.949328406169667, 0.7377885604113098, 0.5253817480719845, 0.11357262210797094, 0.5193129820051384, 1.7807493573264763, 1.3750089974293087, 0.3017043701799439, 0.3086401028277609, 0.7091786632390765, 0.45342352185090123, 1.753006426735211, 1.323857969151665, 0.45342352185090123, 0.5149781491002517, 0.546188946015424, 0.7351876606683795, 0.4282814910025692, 0.983140102827758, 1.0464286632390736, 0.9397917737789196, 1.7937538560411306, 0.704843830334184, 1.1556664524421607, 0.3129749357326476, 0.3684607969151665, 0.34245179948586346, 0.835755784061696, 1.5570719794344472, 0.6250829048843155, 0.6094775064267367, 0.9189845758354772, 0.3043052699228742, 1.0394929305912566, 0.7932744215938287, 0.6710321336760958, 0.5964730077120795, 0.48810218508997194, 0.329447300771212, 0.23668187660668344, 0.5990739074550127, 0.38666709511567865, 0.33378213367609, 0.9666677377891995, 0.5912712082262217, 0.6649633676092527, 0.36239203084832916, 0.9051131105398402, 0.3138419023136215, 0.6294177377892023, 1.0559652956298209, 1.3195231362467814, 0.13351285347043948, 0.8418245501285362, 1.4157564267352198, 0.17339331619537654, 1.349000000000003, 0.02947686375321586, 0.25228727506426235, 0.18206298200513554, 2.1708843187660647, 0.6467570694087377, 0.9935437017994793, 1.5856818766066805, 0.1144395886889506, 1.5432005141388132, 0.006068766066840258, 1.037758997429306, 0.1647236503856002, 1.6186266066838035, 1.2414961439588634, 0.010403598971718319, 1.9350694087403582, 0.3606580976863727, 0.07716002570693806, 0.024275064267349485, 1.7400019280205623, 1.3984170951156785, 0.05201799485861181, 0.22367737789202616, 0.4326163239074502, 0.8088798200514133, 1.271839974293059, 1.024754498714663, 0.34331876606684314, 0.6883714652956282, 1.653305269922877, 1.9914222365038536, 0.3346491002570668, 0.666697300771209, 1.198147814910028, 1.091510925449874, 0.8002101542416428, 0.49850578406169604, 0.1309119537275063, 0.39707069408740275, 0.5115102827763532, 0.6302847043701819, 0.9952776349614356, 1.0022133676092555, 0.051151028277632155, 1.7616760925449872, 1.0767724935732634, 1.6290302056555275, 0.7464582262210746, 0.016472365038561466, 3.320482005141382, 0.2566221079691491, 0.22454434447300872, 0.0658894601542372, 0.48376735218509387, 0.10837082262210747, 1.1547994858611925, 1.6654428020565548, 1.136593187660666, 0.3953367609254491, 0.7542609254498712, 0.6406883033418973, 0.02947686375321586, 0.447354755784061, 0.7707332904884269, 0.5591934447300755, 0.35805719794344243, 0.8860398457583544, 0.5982069408740358, 1.1678039845758297, 0.8981773778920319, 0.8244852185089923, 0.633752570694089, 0.41441002570694097, 1.8067583547557822, 0.8080128534704337, 0.42221272493573475, 0.8461593830334202, 0.2852320051413853, 0.6302847043701819, 0.9961446015424154, 0.15518701799485576, 2.1318708226221075, 0.3615250642673466, 0.2037371465295634, 0.8825719794344443, 1.804157455012849, 1.2189550128534734, 1.5275951156812342, 0.1413155526992246, 1.5527371465295605, 1.3221240359897115, 1.2163541131105373, 0.8114807197943437, 0.30257133676092063, 0.19593444730077247, 0.34245179948586346, 0.14478341902314035, 1.3307937017994849, 0.4967718508997425, 0.04161439588688483, 1.9940231362467842, 0.14998521850899518, 0.36932776349614904, 0.7794029562981974, 0.4603592544987183, 0.9883419023136186, 0.4074742930591297, 0.7950083547557822, 1.1123181233933195, 0.6181471722365072, 0.8860398457583514, 1.4868476863753233, 0.7863386889460144, 0.381465295629818, 0.7525269922879148, 1.2917802056555274, 0.4551574550128577, 0.16385668380463211, 0.8192834190231375, 0.48116645244215783, 1.1426619537275062, 0.7100456298200619, 0.3043052699228828, 0.4447538560411249, 1.0524974293059137, 0.43781812339331366, 0.2670257069408732, 0.23928277634961373, 0.894709511568122, 1.067235861182519, 1.4001510282776348, 0.616413239074545, 0.1586548843187715, 0.17946208226220525, 0.05635282776349564, 1.0524974293059137, 0.7135134961439603, 0.27916323907454793, 0.028609897172236207, 0.949328406169667, 1.1322583547557852, 1.452169023136241, 2.7465501285346994, 1.9012577120822585, 5.8450886889460065, 96.11711696658085, 89.34957583547548, 86.07764395886879, 81.3292679948585, 78.10675321336753, 61.601443444729995, 2.792499357326473, 1.998357969151668, 1.917730077120817, 1.792886889460148, 1.9463399742930592, 1.4937834190231345, 0.031210796915166508, 0.9814061696658045, 1.8613772493573242, 0.39446979434447527, 0.825352185089969, 0.13004498714652374, 0.9857410025706941, 0.04594922879177155, 1.5813470437017996, 0.05028406169665539, 1.8726478149100194, 0.05808676092545206, 0.016472365038561466, 2.0807197943444664, 0.490703084832908, 0.7377885604113098, 1.7694787917737727, 0.30517223650385383, 0.9233194087403582, 0.5921381748072013, 0.15605398457583544, 1.726997429305905, 1.0646349614395887, 0.3823322622107919, 0.7585957583547521, 0.03294473007712293, 1.3793438303341896, 0.6406883033419032, 0.18119601542416167, 0.6875044987146544, 2.8783290488431845, 1.3958161953727484, 0.28696593830333883, 1.1287904884318867, 0.245351542416454, 0.7057107969151665, 1.1218547557840581, 1.2224228791773717, 1.2735739074550154, 1.9237988431876545, 0.806278920308483, 1.1417949871465238, 0.10750385604113358, 0.22281041131105228, 0.4395520565552643, 1.7712127249357261, 0.3884010282776322, 0.23581491002570668, 0.6606285347043747, 0.6944402313624627, 0.5028406169665828, 0.5227808483290426, 0.9146497429305877, 0.6363534704370165, 0.7811368894601538, 2.268851542416451, 2.1206002570694036, 2.530675449871461, 0.8019440874035992, 0.8530951156812285, 0.2670257069408732, 0.2089389460154211, 0.29736953727506005, 0.15518701799485576, 0.034678663239076465, 0.31037403598971736, 0.20460411311053728, 0.0762930591259613, 1.5432005141388132, 0.5331844473007754, 0.07802699228791772, 0.9120488431876601, 1.3914813624678644, 0.2375488431876631, 0.3233785347043717, 0.3060392030848306, 0.20633804627249372, 0.23668187660668344, 0.20287017994858086, 0.776802056555273, 0.33291516709511043, 1.1391940874035993, 0.062421593830338795, 0.24188367609254402, 0.12744408740359345, 0.7568618251927958, 1.1730057840616903, 0.6432892030848277, 0.7282519280205596, 0.5852024421593872, 0.6172802056555277, 0.46382712082262245, 0.769866323907453, 1.3394633676092524, 0.5921381748072013, 0.21067287917737754, 0.041614395886893495, 1.1556664524421607, 0.7273849614395856, 1.2865784061696668, 2.2367737789203077, 0.4282814910025692, 0.23321401028277347, 0.12831105398457598, 1.018685732647814, 0.031210796915166508, 0.6649633676092556, 1.7573412596401008, 0.34505269922879095, 0.6684312339331568, 0.07195822622107746, 0.6727660668380436, 2.0044267352185052, 2.9390167095115647, 0.4577583547557793, 2.0599125964010243, 1.1972808483290482, 0.33291516709511615, 1.5484023136246794, 0.3727956298200532, 0.40400642673521975, 1.7278643958868876, 0.10837082262210747, 0.560927377892032, 0.43521722365038623, 0.8444254498714637, 0.4889691516709516, 2.225503213367604, 2.8826638817480688, 0.05635282776349564, 0.8634987146529497, 1.707924164524419, 1.6559061696658102, 0.8834389460154211, 1.1244556555269885, 1.218088046272488, 2.4197037275064233, 0.16038881748072217, 1.4461002570694095, 0.7993431876606689, 0.7273849614395856, 1.0733046272493563, 0.5652622107969157, 0.44648778920308424, 1.672378534704369, 0.5175790488431821, 0.4109421593830281, 0.42394665809769116, 1.180808483290487, 2.945952442159378, 1.0984466580976824, 1.0186857326478114, 1.1192538560411278, 1.2059505141388163, 1.4729762210796922, 1.077639460154243, 1.0429607969151664, 0.9493284061696641, 1.1886111825192807, 0.8643656812339322, 0.2323470437017967, 2.15527892030848, 1.7876850899742933, 1.3576696658097618, 1.454769922879177, 1.2085514138817492, 1.1938129820051413, 0.47249678663239303, 1.1539325192802043, 0.027742930591262326, 0.3606580976863727, 0.6172802056555277, 0.03814652956298642, 1.4244260925449874, 1.2813766066838006, 0.8002101542416487, 0.0866966580976825, 0.23841580976863697, 0.9103149100257066, 0.16038881748071926, 1.1279235218509012, 1.1764736503856001, 0.04681619537274543, 1.7469376606683764, 1.1027814910025808, 0.60167480719794, 0.7932744215938287, 1.1461298200514105, 0.29216773778920524, 0.6094775064267367, 2.5168039845758328, 0.6276838046272458, 0.13698071979434656, 0.1803290488431849, 0.619014138817484, 1.0022133676092555, 0.15432005141388191, 0.7057107969151665, 0.43868508997429045, 1.264904241645245, 0.26615874035989934, 0.2765623393316205, 0.424813624678665, 0.30083740359897, 0.275695372750638, 0.3805983290488441, 0.4681619537275063, 0.18986568123393224, 0.7794029562982033, 0.02774293059125944, 0.9866079691516679, 1.1851433161953737, 0.37192866323907936, 0.7057107969151665, 0.5912712082262217, 1.063767994858606, 0.164723650385606, 0.24795244215937853, 0.4733637532133669, 0.35198843187660217, 0.418744858611819, 0.05201799485861181, 1.2059505141388163, 0.008669665809764785, 0.5375192802056534, 1.6038881748071985, 0.363258997429303, 0.43001542416452565, 0.21934254498714234, 0.05635282776349564, 0.4750976863753233, 0.4412859897172207, 1.096712724935729, 0.7369215938303358, 0.4317493573264734, 0.2739614395886902, 0.912915809768637, 0.27569537275064665, 0.16559061696658275, 0.11183868894602031, 0.388401028277635, 0.6476240359897174, 1.118386889460148, 0.11357262210796806, 0.9033791773778868, 1.6983875321336748, 0.791540488431878, 1.6047551413881722, 1.766877892030848, 1.5128566838046291, 0.15258611825192547, 1.8934550128534706, 2.018298200514134, 1.5284620822622081, 0.399671593830333, 0.7785359897172207, 1.454769922879177, 0.12917802056554986, 2.302663239074548, 0.4135430591259584, 0.8660996143958973, 1.3143213367609263, 0.06935732647814716, 1.8639781491002547, 0.22627827763495645, 0.2401497429305934, 0.17079241645244625, 0.7785359897172236, 0.8513611825192807, 0.5045745501285391, 0.1387146529563001, 1.762543059125964, 1.1747397172236467, 0.6901053984575847, 1.1279235218509012, 2.133604755784061, 1.6333650385604115, 1.8371021850899747, 0.263557840616969, 1.2562345758354743, 0.8504942159382982, 0.6094775064267367, 0.26442480719794287, 1.5501362467866302, 0.7846047557840581, 2.0954582262210772, 1.2579685089974249, 0.257489074550123, 1.2917802056555245, 0.013004498714657284, 0.3242455012853485, 0.4872352185089981, 0.29130077120822556, 0.363258997429303, 0.8201503856041142, 0.23148007712082283, 1.920330976863753, 0.19593444730076673, 0.4499556555269913, 1.1201208226221047, 1.244097043701794, 1.1010475578406156, 0.04594922879177155, 1.7122589974293, 0.23148007712082283, 0.3259794344472962, 0.5617943444730029, 1.7876850899742933, 0.6441561696658074, 1.0542313624678674, 0.09796722365038336, 1.392348329048844, 0.8626317480719757, 0.6745, 0.9389248071979428, 0.9996124678663252, 0.3719286632390736, 0.07889395886889448, 0.38493316195372795, 0.338116966580971, 0.15345308483290515, 0.5227808483290426, 1.033424164524422, 0.26789267352185575, 1.3585366323907444, 0.41180912596400776, 1.8925880462724909, 0.33378213367609294, 0.19420051413881895, 0.5097763496143998, 2.9208104113110465, 1.6663097686375286, 0.03554562982005323, 1.0126169665809768, 0.8452924164524434, 0.704843830334184, 0.4577583547557793, 0.4109421593830281, 0.6112114395886931, 0.12484318766066893, 0.2843650385604114, 0.3719286632390736, 0.7057107969151637, 1.609956940874036, 0.04681619537274543, 0.20460411311053728, 1.4096876606683795, 0.31470886889460115, 0.42828149100257207, 0.2444845758354801, 0.17426028277635042, 1.0837082262210802, 1.294381105398455, 0.22454434447300292, 0.32684640102828166, 0.6710321336760958, 0.3138419023136215, 1.0316902313624685, 0.4421529562982004, 0.08929755784061857, 1.0533643958868877, 0.0043348329048838365, 3.1652949871465235, 0.1361137532133698, 0.270493573264786, 0.8227512853470388, 0.48896915167094585, 1.7573412596401035, 0.36672686375321295, 0.964066838046272, 0.021674164524422068, 1.1617352185089982, 1.4677744215938289, 0.3320482005141423, 0.3043052699228828, 1.5050539845758355, 1.1166529562982004, 0.19420051413881895, 0.5826015424164511, 1.122721722365035, 0.20547107969151118, 0.7273849614395885, 1.6845160668380466, 1.3949492287917746, 1.0152178663239042, 0.7152474293059139, 0.03554562982005323, 0.0, 0.5435880462724879, 1.9792847043701791, 0.501973650385603, 0.04074742930591095, 0.8678335475578393, 0.7594627249357319, 0.22020951156812485, 0.7759350899742904, 0.16905848329049272, 0.377997429305908, 0.3199106683804618, 0.0918984575835431, 1.0689697943444667, 1.8917210796915167, 0.9363239074550126, 0.15258611825192547, 1.7980886889460146, 1.466040488431875, 0.25748907455012876, 1.2154871465295634, 0.17426028277634464, 0.07282519280205134, 0.17339331619537654, 0.6146793059125916, 0.2791632390745508, 0.6788348329048838, 0.3415848329048867, 0.5340514138817435, 1.4382975578406156, 0.33985089974292737, 2.7951002570694037, 1.5050539845758324, 1.1131850899742874, 0.263557840616969, 1.1600012853470416, 0.19593444730076673, 1.3316606683804617, 0.1413155526992246, 1.003947300771206, 0.14565038560410845, 0.9692686375321327, 0.6276838046272458, 1.0169517994858548, 0.34071786632390705, 1.311720437017996, 0.45342352185089546, 0.5834685089974307, 0.5201799485861182, 0.0034678663239099566, 0.3589241645244163, 1.3810777634961375, 0.07455912596400775, 1.5518701799485837, 0.2956356041131123, 0.5999408740359865, 0.17859511568123138, 3.1210796915167025, 1.5830809768637504, 0.0806278920308538, 0.2141407455012875, 0.7351876606683795, 0.5791336760925441, 0.14738431876606486, 1.3975501285347047, 0.013004498714648621, 0.9250533419023146, 0.11443958868894483, 0.7958753213367619, 1.0750385604113126, 1.1756066838046264, 0.14131555269923038, 0.19073264781490612, 0.24795244215938428, 0.404006426735214, 1.0022133676092555, 0.43174935732648206, 0.7256510282776293, 0.05635282776349564, 0.38753406169665827, 0.13958161953727685, 1.050763496143969, 0.4204787917737812, 0.4837673521850852, 1.9047255784061683, 0.447354755784061, 0.4326163239074559, 0.11617352185089835, 0.3580571979434482, 1.3724080976863726, 0.03381169665810258, 2.08938946015424, 0.5089093830334201, 0.34071786632390705, 0.8773701799485809, 0.7369215938303358, 0.5045745501285391, 0.6268168380462721, 0.09536632390745306, 0.6658303341902265, 0.919851542416454, 1.6047551413881753, 1.3836786632390676, 1.1244556555269885, 0.33378213367609, 0.1829299485861181, 0.07716002570693806, 0.08843059125963892, 0.164723650385606, 0.4308823907455053, 1.389747429305914, 0.7898065552699216, 0.35458933161953243, 0.5071754498714695, 0.3251124678663195, 0.4057403598971761, 2.203829048843188, 0.11443958868894483, 0.014738431876605044, 0.9137827763496108, 0.009536632390744438, 0.6181471722365014, 1.485113753213367, 0.9120488431876573, 1.1747397172236467, 0.2782962724935769, 0.49590488431876284, 0.20807197943444725, 0.2687596401028296, 0.6736330334190174, 0.744724293059121, 0.5938721079691519, 3.0872679948586086, 0.5600604113110494, 0.10056812339331365, 0.4048733933161994, 0.05808676092545206, 2.413634961439586, 0.0858296915167144, 0.5878033419023088, 1.2076844473007726, 0.6823026992287938, 1.1192538560411278, 0.2600899742930591, 0.9467275064267453, 0.1456503856041171, 1.6741124678663193, 0.17859511568123138, 1.5960854755784046, 1.1643361182519254, 0.7213161953727454, 1.387146529562978, 1.3550687660668315, 2.6503168380462663, 1.293514138817481, 0.6875044987146544, 0.8747692802056506, 0.29216773778920524, 0.7178483290488412, 1.071570694087397, 1.6515713367609235, 0.6849035989717241, 1.7660109254498684, 1.1556664524421607, 0.44908868894601744, 0.6467570694087377, 1.4981182519280183, 0.7325867609254464, 1.161735218508995, 1.6047551413881722, 0.12744408740359922, 0.16992544987146083, 1.672378534704363, 0.38493316195372224, 0.3823322622107919, 1.069836760925449, 0.7351876606683795, 0.7230501285347047, 0.036412596401032886, 0.7655314910025721, 0.6458901028277609, 0.9250533419023118, 1.8683129820051414, 1.3914813624678644, 1.0030803341902295, 0.6112114395886931, 0.2670257069408732, 0.026008997429305906, 0.9085809768637503, 0.6250829048843155, 0.3910019280205654, 1.4955173521850997, 0.990075835475578, 1.1391940874035935, 1.7139929305912593, 1.6220944730077078, 0.8184164524421607, 0.3043052699228828, 0.15085218508996906, 234.42516259640072, 1.795487789203084, 1.0733046272493534, 0.671032133676087, 0.7533939588688945, 0.46209318766066604, 0.6025417737789168, 0.4317493573264734, 1.3576696658097618, 0.10056812339331365, 0.4872352185089981, 0.8192834190231375, 0.945860539845757, 0.47943251928020714, 1.026488431876605, 0.1352467866323959, 1.2692390745501287, 1.0134839331619507, 3.9325604113110493, 0.23321401028277347, 0.3962037275064288, 0.282631105398455, 0.6849035989717241, 1.3108534704370165, 0.5071754498714695, 1.98708740359897, 0.750793059125967, 0.7490591259640107, 0.8184164524421607, 0.6250829048843185, 0.019073264781491767, 1.1981478149100222, 0.7577287917737784, 0.2583560411311055, 1.3186561696658101, 0.563528277634965, 0.36932776349614904, 0.9163836760925411, 2.199494215938301, 0.4516895886889477, 0.35285539845758757, 0.04508226221079767, 1.0542313624678674, 0.39967159383033585, 0.319043701799485, 1.6455025706940862, 0.7525269922879178, 0.24708547557841043, 0.1621227506426757, 0.30083740359897, 0.5132442159383039, 1.8483727506426757, 1.1183868894601539, 0.6883714652956312, 0.7958753213367619, 1.224156812339334, 0.6008078406169604, 0.02947686375321586, 0.4239466580976854, 0.9250533419023146, 1.08110732647815, 0.30517223650385383, 0.13177892030848307, 1.7348001285347048, 0.36499293059125654, 0.7759350899742904, 1.1157859897172178, 1.6177596401028267, 0.348520565552698, 1.2891793059125973, 0.6961741645244193, 1.0611670951156815, 0.6268168380462662, 1.3472660668380407, 0.03294473007712004, 0.27309447300770767, 0.418744858611819, 0.12224228791773285, 0.29736953727506005, 0.7065777634961432, 0.1257101542416457, 0.1491182519280184, 0.42394665809769116, 2.150944087403608, 0.3155758354755808, 1.5319299485861182, 1.5163245501285276, 0.14478341902314035, 1.2423631105398432, 0.2869659383033417, 0.8582969151670948, 0.484634318766062, 0.4360841902313659, 0.5730649100257067, 0.490703084832908, 1.1192538560411278, 0.5071754498714637, 0.6684312339331655, 1.9489408740359893, 0.056352827763498536, 1.3264588688945955, 0.4577583547557793, 0.4681619537275063, 0.8626317480719757, 0.5002397172236525, 0.8305539845758326, 2.0269678663239015, 2.5610192802056537, 0.146517352185091, 0.5253817480719845, 0.6996420308483233, 0.14998521850899518, 1.5310629820051413, 0.9736034704370194, 0.10403598971721784, 0.5219138817480687, 1.2701060411310996, 2.125802056555264, 0.5193129820051384, 1.5484023136246794, 0.0043348329048838365, 1.0576992287917744, 0.2115398457583572, 1.3732750642673524, 0.25488817480719844, 1.0256214652956313, 3.624787275064262, 0.06675642673521685, 1.7469376606683824, 1.0724376606683765, 0.3043052699228828, 1.8050244215938287, 1.8986568123393313, 1.5666086118251887, 1.4200912596401005, 0.7204492287917744, 1.0117499999999942, 1.60995694087403, 0.4074742930591239, 0.0008669665809796547, 1.2536336760925382, 0.6094775064267367, 3.2433219794344446, 0.6346195372750629, 1.3715411311053989, 1.244097043701794, 0.21240681233933395, 0.835755784061696, 0.887773778920305, 0.22801221079691864, 1.0620340616966526, 1.792886889460154, 1.084575192802057, 0.8929755784061713, 1.3039177377891993, 0.15518701799485576, 1.1123181233933195, 0.7750681233933165, 0.9649338046272488, 0.2765623393316205, 1.5856818766066865, 0.07889395886889737, 1.7001214652956282, 0.10750385604113358, 1.7087911311053987, 0.6580276349614386, 2.092857326478147, 0.8713014138817492, 1.2857114395886902, 0.8660996143958858, 0.4855012853470417, 0.8478933161953708, 0.26442480719794287, 0.5808676092545004, 0.31210796915166505, 1.518058483290484, 1.642034704370179, 0.7421233933161966, 1.745203727506426, 0.48203341902313745, 0.07195822622107746, 1.4382975578406156, 0.11617352185090413, 0.5834685089974307, 1.3767429305912535, 2.621706940874033, 0.33985089974292737, 0.6112114395886873, 0.09103149100256634, 0.8634987146529497, 0.6103444730077133, 0.8947095115681335, 0.3346491002570668, 1.7226625964010243, 0.4525565552699216, 0.8400906169665798, 0.8158155526992305, 0.5600604113110494, 0.7308528277634898, 1.7044562982005123, 0.4933039845758325, 0.23321401028277347, 0.9094479434447328, 0.5834685089974307, 0.14738431876607064, 0.49590488431876284, 0.3251124678663195, 0.5245147814909991, 1.1391940874035935, 0.7499260925449874, 1.1634691516709517, 1.3802107969151638, 0.3259794344472962, 0.43781812339331366, 0.026008997429305906, 0.4577583547557793, 1.5666086118251916, 0.03901349614395453, 1.034291131105396, 0.8470263496143969, 0.7447242930591267, 0.8340218508997397, 0.17686118251927496, 0.6788348329048838, 2.422304627249353, 0.6831696658097676, 0.36932776349614327, 0.6094775064267367, 0.18379691516709198, 0.26182390745500966, 1.1617352185089982, 0.560927377892032, 0.7143804627249342, 0.5071754498714695, 73.19191966580966, 36.817469794344426, 0.7031098971722334, 0.9163836760925411, 0.3112410025706912, 0.2895668380462749, 0.8426915167095101, 2.2437095115681247, 0.15345308483289935, 0.4993727506426728, 0.5669961439588693, 1.169537917737786, 0.1144395886889506, 0.9588650385604143, 0.8132146529562971, 331.9790038610062, 51.2698127413131, 0.6718957528957531, 1.085971042471055, 1.57470141570143, 0.8585334620334604, 0.4930707850707835, 0.9574948519948633, 0.2734459459459525, 0.3706711711711706, 1.252642857142873, 0.710091377091385, 0.7595720720720749, 0.545155727155726, 1.3272979407979546, 0.68752123552124, 0.8203378378378489, 1.2561151866151992, 1.4028211068211214, 0.7821422136422228, 2.063431788931799, 0.10937837837838447, 1.0651370656370687, 0.6293597168597245, 0.4496666666666753, 0.8038442728442711, 0.41407528957528744, 1.000030888030895, 0.26476512226512106, 1.028677606177613, 0.39671364221364186, 0.7161679536679638, 0.888916344916346, 1.8594324324324407, 0.23090990990990348, 0.1849015444015456, 0.4670283140283209, 0.08073166023166059, 1.4323359073359245, 1.7005733590733778, 1.7830411840411942, 1.093783783783787, 1.5408462033462067, 1.520880308880323, 0.5165090090090194, 1.8724536679536747, 0.24740347490348127, 0.3107734877734934, 1.2873661518661639, 0.6180746460746548, 2.4610135135135294, 1.3029916344916477, 0.7430785070785173, 2.0026660231660425, 0.11198262548261974, 1.407161518661533, 1.1493410553410672, 1.4062934362934418, 0.19618661518661235, 0.8133931788931876, 0.45400707850707805, 1.9931171171171347, 0.09635714285715029, 1.3646254826254955, 0.2925437580437684, 0.4010540540540619, 2.56344723294725, 1.1745154440154475, 0.19011003861004505, 0.8168655083655197, 0.17535263835264633, 1.092047619047631, 0.6111299871299878, 0.10243371943372336, 0.25521621621622465, 0.6484575289575288, 0.2335141570141619, 0.1571229086229127, 0.306433075933082, 0.8559292149292251, 1.579041827541853, 0.889784427284437, 1.5469227799227943, 0.871554697554709, 1.3611531531531662, 1.4271274131274283, 0.7699890604890709, 0.6710276705276795, 1.4904974259974317, 1.5035186615186689, 1.3637574002574073, 0.1484420849420928, 0.5468918918918906, 0.9722522522522563, 0.06684234234234702, 0.4661602316602415, 0.33247554697555326, 0.30296074646075577, 0.6831808236808314, 0.5477599742599815, 1.0720817245817242, 0.3255308880308835, 0.13455276705276478, 0.914090733590735, 0.9774607464607586, 0.36199034749035647, 0.34810102960102846, 0.34462870012871094, 0.09635714285715029, 1.1128815958816085, 0.28473101673102214, 0.2543481338481395, 0.8863120978121078, 1.3238256113256253, 0.4835218790218871, 0.8029761904762004, 1.262191763191775, 0.3420244530244525, 0.18663770913770727, 0.7830102960102935, 0.39410939510940085, 1.3238256113256253, 0.6102619047619056, 0.01822972972972496, 1.1814601029601086, 0.10069755469754722, 1.810819819819836, 0.05121685971685734, 0.3159819819819813, 0.07725933075933437, 1.9505810810811002, 1.3524723294723435, 0.5538365508365604, 0.6119980694980672, 1.7596029601029755, 1.937559845559863, 1.4314678249678396, 0.30903732303731724, 1.09551994851996, 0.4774453024453141, 2.001797940797952, 0.20660360360360838, 1.189272844272849, 0.6597425997426013, 1.6866840411840498, 6.4689498069498494, 4.548751608751635, 4.98800128700132, 5.250162162162197, 0.4340411840411914, 0.377615830115826, 0.224833333333342, 0.28733526383526314, 0.6363043758043768, 1.1180900900901023, 0.06597425997425607, 0.36719884169884437, 0.2812586872586959, 1.4575102960102992, 1.586854568854585, 1.0095797940797941, 1.900232303732322, 0.5642535392535477, 0.7396061776061882, 0.4670283140283209, 0.9288481338481454, 0.45313899613899283, 0.08680823680823366, 0.14844208494208125, 1.1024646074646183, 0.6284916344916363, 0.14323359073358466, 0.7057509652509736, 0.6224150579150575, 0.3915051480051453, 0.23698648648648812, 0.05121685971685734, 0.9071460746460853, 0.09114864864864217, 1.25871943371944, 0.8498526383526492, 1.7318243243243368, 0.44532625482625815, 0.33855212355212627, 0.5034877734877737, 0.8385675675675738, 1.0000308880309008, 1.0885752895752903, 0.9045418275418385, 0.729189189189201, 0.12934427284427688, 0.5060920205920205, 1.343791505791515, 0.17795688545688162, 0.6823127413127491, 0.6918616473616571, 0.5130366795366788, 1.0894433719433756, 1.9358236808236897, 0.21615250965250477, 0.6163384813384902, 0.27778635778635236, 1.032149935649948, 0.2335141570141619, 1.000030888030895, 0.4375135135135234, 1.2917065637065726, 0.5790109395109406, 0.4626879021878979, 0.3107734877734847, 0.2986203346203299, 0.004340411840408503, 0.0017361647361674487, 0.6597425997426186, 1.7300881595881752, 0.4774453024453141, 1.0338861003861126, 0.6119980694980788, 1.3941402831403074, 0.3142458172458225, 0.794295366795366, 0.4774453024453141, 0.5885598455598544, 1.8472792792792974, 0.7213764478764575, 0.7630444015444069, 2.354239382239397, 0.4800495495495493, 0.06423809523810019, 276.37311969112164, 271.9354826254846, 1.1285070785070839, 0.36633075933076503, 1.1779877734877766, 0.8602696267696279, 0.2638970398970388, 1.2092387387387444, 0.11458687258687814, 1.1328474903475039, 0.14757400257399605, 1.1528133848133848, 4.658998069498102, 0.3463648648648668, 0.43404118404117986, 1.3038597168597303, 0.02170205920206275, 0.1579909909909892, 1.441884813384827, 0.06250193050192407, 1.0590604890605015, 0.33507979407980004, 0.1406293436293494, 1.3429234234234384, 0.44532625482625815, 0.5208494208494193, 0.599844916344924, 0.054689189189189344, 1.8924195624195816, 0.16319948519949154, 0.8090527670527763, 0.6554021879021898, 1.0555881595881724, 0.5182451737451725, 0.33768404118404693, 0.06337001287002081, 1.009579794079806, 1.8828706563706765, 0.00086808236808517, 0.11111454311454902, 0.8654781209781303, 0.4722368082368146, 1.097256113256116, 0.05642535392535101, 0.5425514800514791, 1.4896293436293608, 0.7187722007721992, 1.1562857142857255, 0.42101994851994856, 1.1198262548262696, 0.6050534105534178, 1.6458841698841884, 0.8784993564993674, 0.17535263835263476, 0.3680669240669238, 0.013021235521228398, 2.235312097812128, 0.4592155727155833, 0.33594787644787366, 2.0764530244530537, 1.191877091377093, 1.1033326898327007, 0.518245173745184, 1.4818166023166175, 0.24306306306306116, 0.23698648648648812, 0.3715392535392529, 0.5807471042471138, 0.11719111969111341, 0.5139047619047611, 0.31685006435006935, 0.2343822393822413, 0.4114710424710406, 0.9496821106821142, 0.08159974259975154, 0.704014800514809, 0.25087580437581325, 1.5252207207207287, 1.0642689832689838, 0.047744530244534004, 1.2101068211068355, 0.6831808236808314, 0.5937683397683393, 0.9948223938223956, 0.31771814671815446, 0.6649510939511036, 1.201425997426001, 1.000898970398992, 0.8012400257400358, 0.8125250965251054, 1.81516023166025, 0.22830566280565667, 2.093814671814685, 1.2040302445302566, 0.4713687258687294, 1.60248005148006, 1.2561151866151992, 0.33768404118404693, 0.3263989703989686, 0.3880328185328278, 0.33160746460747387, 0.3550456885456983, 0.9323204633204772, 1.000030888030895, 0.8776312741312849, 1.4722676962677097, 0.37587966537966433, 0.6397767052767147, 0.17014414414415266, 1.316880952380967, 0.7995038610038597, 0.5807471042471138, 1.2864980694980817, 1.557339768339773, 0.9904819819819928, 0.20313127413128215, 0.09114864864864217, 0.5738024453024527, 0.47397297297297625, 1.053851994851999, 0.29688416988417693, 1.434072072072075, 0.34289253539253484, 0.361990347490345, 0.704014800514809, 0.6580064350064424, 1.1580218790218841, 0.28907142857143064, 1.3177490347490437, 3.154611325611345, 0.2812586872586843, 0.7751975546975646, 0.7465508365508349, 0.8915205920205957, 0.12066344916344542, 0.7812741312741434, 0.3116415701415756, 0.21528442728442537, 1.542582368082383, 0.41060296010295544, 0.9896138996139134, 0.5486280566280638, 0.8463803088803086, 0.9175630630630727, 0.11719111969111341, 0.09114864864864217, 0.8620057915058011, 1.0347541827541862, 1.0616647361647484, 0.38716473616473107, 0.1822972972972988, 0.11545495495496332, 0.7135637065637169, 1.4271274131274283, 1.3299021879022013, 0.02430630630630959, 1.788249678249688, 0.3333436293436269, 0.8793674388674496, 0.7343976833976887, 0.9245077220077224, 0.25434813384812793, 1.2239961389961547, 0.7587039897039983, 0.55210038610039, 0.5494961389961431, 0.8967290862290893, 0.9930862290862397, 0.8220740025740134, 0.1493101673101722, 0.9566267696267811, 0.027778635778638705, 0.9731203346203444, 0.5026196911196943, 0.6649510939511036, 0.9505501930502052, 0.40452638352638237, 0.5824832689832784, 0.08159974259975154, 0.454875160875169, 0.5486280566280523, 1.5998758043758192, 0.6475894465894552, 0.33334362934363837, 0.3802200772200728, 1.2700045045045183, 0.5078281853281938, 1.0451711711711822, 0.4757091377091379, 0.23177799227798868, 1.3628893178893222, 2.2405205920206015, 0.5277940797940804, 1.8820025740025916, 0.6935978120978218, 0.23177799227799445, 1.177119691119703, 0.899333333333345, 1.0130521235521264, 1.8342580437580602, 0.8290186615186717, 0.10243371943371468, 0.8212059202059311, 0.17448455598455248, 0.5165090090090194, 0.585955598455596, 0.38890090090089846, 0.06684234234233546, 0.4809176319176403, 0.9184311454311493, 0.09462097812097416, 0.6041853281853325, 0.32032239382240135, 0.5017516087516178, 0.23698648648648812, 0.6901254826254927, 0.20833976833977005, 1.324693693693708, 0.7439465894465881, 0.8941248391248425, 0.7682528957529063, 0.01822972972972496, 1.3281660231660397, 0.21268018018018722, 0.4323050193050153, 1.0720817245817356, 1.101596525096536, 0.5008835263835326, 1.763075289575302, 0.054689189189189344, 0.08594015444014849, 1.300387387387401, 0.6206788931789016, 2.6580682110682354, 0.2630289575289594, 0.8437760617760732, 0.9036737451737448, 1.00350321750323, 1.1380559845559977, 0.906277992278006, 0.12760810810810944, 0.19792277992278845, 0.2031312741312706, 0.006076576576584626, 0.5538365508365517, 0.2526119691119778, 1.148472972972988, 0.08767631917632461, 0.6588745173745276, 0.7317934362934448, 0.5512323037323106, 1.492233590733605, 0.6345682110682209, 1.1146177606177614, 0.10677413127413185, 0.10677413127413185, 0.6015810810810885, 1.3455276705276766, 0.11805920205921015, 1.111145431145444, 0.5477599742599728, 0.3541776061776016, 1.706649935649951, 1.4939697554697695, 0.8429079794079823, 1.1979536679536835, 0.9600990990990986, 1.5347696267696425, 1.2700045045045183, 0.2387226512226498, 0.8194697554697579, 2.204929214929234, 0.7465508365508349, 1.5703610038610185, 0.23177799227798868, 0.1441016731016814, 0.6614787644787745, 1.3967445302445454, 0.9774607464607586, 0.42275611325612467, 0.15885907335907437, 0.1362889317889409, 0.7717252252252355, 0.11545495495495174, 0.05382110682110417, 0.9271119691119691, 0.7126956241956347, 1.1285070785070896, 0.9427374517374617, 1.0486435006435055, 0.00086808236808517, 1.0972561132561247, 0.2135482625482695, 0.3750115830115907, 0.8246782496782487, 0.40799871299872015, 0.47918146718146415, 0.3724073359073439, 2.387226512226524, 0.19705469755469174, 0.5399472329472323, 1.2205238095238227, 0.32726705276705953, 0.38976898326897785, 1.458378378378396, 0.8385675675675767, 0.8420398970399, 0.2196248391248368, 0.5208494208494193, 0.2942799227799301, 0.8229420849420956, 0.794295366795366, 0.516509009009008, 0.3185862290862397, 0.6137342342342318, 0.5069601029601115, 0.336815958815956, 0.2144163449163431, 2.2943416988417202, 0.5347387387387502, 1.1866685971686108, 0.959231016731028, 0.7786698841698966, 0.6944658944658925, 0.7482870012870023, 1.464454954954969, 0.8212059202059311, 0.15972715572715376, 0.9531544401544519, 0.6215469755469838, 0.25348005148004854, 0.001736164736161666, 0.07118275418274975, 0.18837387387387183, 1.1163539253539376, 0.1241357786357832, 0.7951634491634599, 0.6102619047619056, 1.5286930501930664, 1.05906048906049, 0.3828243243243225, 0.3758796653796758, 0.599844916344924, 1.233545045045057, 0.16840797940798521, 0.10156563706563818, 0.37935199485199056, 1.1015965250965332, 0.059029601029597846, 0.8481164736164846, 0.776933719433729, 1.0156563706563846, 0.6397767052767147, 1.678871299871315, 0.5434195624195701, 1.1102773487773532, 1.2075025740025855, 1.4314678249678396, 0.48352187902187554, 1.1024646074646183, 0.993086229086231, 1.9462406692406802, 1.2960469755469781, 0.2847310167310135, 0.440985842985841, 1.1180900900901023, 0.4262284427284423, 1.0634009009009129, 1.4887612612612757, 0.3559137709137776, 0.735265765765774, 0.026910553410556422, 0.5442876447876437, 0.5434195624195701, 1.0842348777348818, 1.0529839124839342, 0.504355855855856, 0.059897683397688806, 0.12500386100386837, 0.41060296010295544, 0.44359009009008776, 1.7274839124839196, 1.0512477477477582, 1.0634009009009129, 0.4930707850707835, 0.138025096525091, 1.2048983268983389, 0.04687644787644305, 0.38195624195623734, 0.5694620334620414, 0.25261196911196626, 0.9670437580437596, 1.5278249678249753, 0.789086872586881, 0.8724227799227797, 0.6163384813384902, 0.3229266409266366, 0.06250193050192407, 0.32466280566281275, 0.18403346203346047, 1.4696634491634626, 0.7283211068211157, 1.3871956241956376, 0.4626879021878979, 0.6527979407979488, 0.7925592020592044, 0.9609671814671837, 0.4071306306306292, 0.13976126126126712, 0.33247554697555326, 1.4149742599742647, 1.5946673101673254, 1.2587194337194458, 1.2821576576576617, 0.6467213642213642, 0.04253603603604323, 1.0078436293436412, 1.0529839124839169, 1.8290495495495667, 0.5920321750321748, 0.7743294723294823, 0.2925437580437569, 1.4687953667953804, 0.2951480051480037, 0.23004182754182412, 0.8324909909910008, 1.0764221364221471, 1.3238256113256253, 0.6224150579150575, 0.3576499356499451, 0.6050534105534178, 0.296016087516086, 0.0720508365508407, 0.09028056628057146, 0.11719111969112499, 0.6363043758043768, 0.28820334620335125, 0.8333590733590859, 0.43056885456885363, 0.1579909909909892, 1.0321499356499393, 0.47918146718146415, 0.42709652509652163, 1.7283519948520107, 0.6137342342342433, 0.39237323037323624, 1.171043114543127, 0.24479922779922283, 0.05989768339767723, 1.508727155727171, 0.5607812097812099, 1.0451711711711822, 0.7916911196911249, 1.0061074646074681, 0.9331885456885567, 0.8602696267696279, 1.2066344916345033, 0.8776312741312735, 1.1068050193050267, 0.5659897039897152, 1.4852889317889468, 0.2647651222651297, 1.2005579150579302, 0.11458687258686658, 0.5121685971685936, 0.19531853281853875, 0.2725778635778587, 0.6059214929214942, 1.3733063063063211, 1.039094594594609, 1.1701750321750448, 0.5989768339768418, 0.46702831402831224, 0.8368314028314036, 0.5824832689832784, 0.4652921492921564, 0.3698030888030912, 0.8463803088803086, 1.4358082368082423, 1.5729652509652567, 0.27605019305020223, 0.7847464607464609, 0.3567818532818628, 0.9236396396396516, 0.8811036036036055, 0.863741956241954, 0.19705469755469174, 0.08159974259975154, 0.07725933075933437, 2.410664736164757, 0.8758951093951205, 0.6432490347490466, 0.33855212355212055, 1.0842348777348905, 0.42362419562420406, 1.4097657657657796, 0.7699890604890709, 0.1493101673101722, 1.1979536679536835, 0.5356068211068181, 0.63804054054055, 0.16753989703989428, 0.6892574002574102, 1.5773056628056712, 0.11979536679537471, 0.04948069498068989, 0.9679118404118506, 1.2057664092664182, 1.6918925353925405, 0.1762207207207257, 0.39410939510940085, 0.40626254826254404, 0.1328166023166031, 0.6484575289575288, 1.2613236808236927, 0.6397767052767147, 1.4557741312741463, 0.1736164736164789, 0.5868236808236812, 0.39584555984556247, 1.0269414414414457, 1.4019530244530392, 1.306463963963977, 1.0165244530244641, 0.8394356499356532, 0.13194851994852372, 0.4496666666666753, 0.4635559845559947, 0.18750579150579824, 1.458378378378396, 0.18750579150579244, 1.485288931788938, 0.24306306306306116, 0.44359009009008776, 0.5347387387387387, 0.01215315315314612, 0.871554697554709, 0.5529684684684694, 1.6936287001287165, 0.7152998712998728, 0.1293442728442711, 0.012153153153157684, 0.3750115830115907, 0.5356068211068296, 0.36806692406692954, 0.5303983268983272, 0.9540225225225255, 0.019965894465898193, 0.4435900900900965, 1.6137651222651386, 0.5607812097812215, 0.20399935649935286, 0.8732908622908649, 0.5130366795366788, 0.2482715572715664, 0.003472329472337789, 0.5017516087516178, 3.2665939510939705, 1.0686093951093978, 0.8802355212355232, 0.6788404118404084, 2.44451994851996, 2.4662220077220227, 2.2231589446589557, 3.255308880308901, 2.513966537966554, 0.6797084942084937, 0.8585334620334604, 0.14323359073358466, 1.6415437580437655, 0.7352657657657682, 2.0886061776062, 0.6111299871299878, 0.2543481338481395, 0.491334620334616, 0.688389317889328, 0.5208494208494251, 1.3637574002574133, 0.44532625482625815, 0.6510617760617755, 1.0408307593307708, 0.7882187902187987, 1.3003873873873923, 0.2187567567567516, 0.6163384813384902, 0.3932413127413157, 0.06944658944659386, 0.14583783783783438, 0.4071306306306292, 0.4713687258687294, 0.07725933075932859, 0.6059214929215, 0.25434813384812793, 0.3698030888030912, 1.0842348777348905, 0.03472329472329115, 0.09635714285715029, 0.20833976833977005, 0.579879021879023, 0.46789639639639163, 0.08507207207207779, 0.6310958815958889, 0.04687644787644305, 0.7022786357786329, 1.9123854568854741, 0.3185862290862397, 1.8498835263835414, 0.4062625482625556, 0.42709652509653323, 0.7448146718146703, 0.6805765765765789, 0.7465508365508464, 2.3820180180180306, 1.0816306306306436, 0.34636486486487256, 0.38369240669241633, 0.7387380952380973, 1.2109749034749178, 0.6284916344916363, 0.3541776061776016, 1.8846068211068268, 0.47918146718147575, 0.6215469755469838, 1.2196557271557318, 1.5043867438867595, 1.0312818532818657, 0.047744530244534004, 0.2882033462033454, 1.0651370656370804, 1.3507361647361673, 95.88403796653866, 93.2806589446596, 86.13286872586934, 82.54074388674447, 79.490302445303, 73.41372586872636, 64.34400128700175, 61.10692213642257, 2.1129124839124946, 2.1893037323037414, 2.2735077220077335, 0.4158114543114491, 0.4713687258687294, 0.864610038610045, 1.259587516087528, 0.7022786357786445, 0.38976898326898946, 0.28646718146717803, 1.0581924066924193, 1.280421492921494, 0.02343822393822442, 1.032149935649948, 0.00607657657657306, 0.4392496782496851, 0.47397297297297625, 0.039931788931796386, 0.9305842985843011, 0.864610038610048, 0.03472329472330272, 0.8073166023166146, 0.8307548262548391, 0.48959845559846593, 0.898465250965251, 0.5130366795366788, 0.545155727155726, 0.6823127413127463, 0.25955662805663315, 0.46789639639639163, 0.5729343629343618, 0.6033172458172531, 0.265633204633212, 1.1102773487773532, 1.4635868725868897, 1.0330180180180186, 0.8298867438867423, 1.7986666666666724, 1.9627342342342522, 1.7665476190476368, 0.1762207207207257, 0.6493256113256111, 0.7951634491634599, 0.12934427284427688, 1.4601145431145461, 0.35070527670527246, 0.16580373230373835, 0.49307078507079216, 0.8220740025740134, 0.4835218790218871, 0.33507979407980004, 0.24913963963963423, 1.0937837837837985, 0.8967290862290893, 0.6970701415701392, 0.7838783783783787, 0.3003564993564974, 0.17188030888031722, 0.19097812097813024, 0.6423809523809498, 0.21528442728442537, 0.3654626769626827, 0.7621763191763274, 0.827282496782507, 0.6554021879021956, 0.6597425997426186, 0.8220740025740134, 0.618942728442737, 0.4114710424710522, 0.8958610038610159, 0.11285070785070492, 0.4522709137709135, 0.6771042471042468, 0.9826692406692524, 0.349837194337193, 0.18316537966538393, 0.5243217503217513, 1.081630630630635, 0.545155727155726, 0.595504504504501, 0.4566113256113249, 0.3706711711711822, 1.0781583011583116, 1.3116724581724648, 1.1311113256113479, 0.16146332046332118, 0.18663770913771596, 0.9219034749034812, 1.1805920205920262, 1.627654440154452, 0.8758951093951118, 0.579879021879023, 1.1597580437580488, 1.3281660231660282, 2.033916988417002, 0.5929002574002542, 1.0833667953668082, 0.05121685971685734, 1.2587194337194458, 0.7387380952380973, 0.27865444015444907, 0.17188030888030564, 1.3802509652509822, 1.3741743886744033, 0.2491396396396458, 3.823902831402857, 1.385459459459476, 1.1068050193050325, 0.9566267696267811, 1.0677413127413156, 0.7040148005148004, 2.2830566280566473, 0.6727638352638354, 1.4575102960103108, 0.11198262548263131, 0.21268018018018722, 1.4991782496782573, 1.7682837837837897, 0.7743294723294823, 0.8298867438867423, 0.5807471042471081, 0.8880482625482637, 0.12326769626769225, 0.43490926640927663, 0.5052239382239354, 0.047744530244534004, 1.1875366795366817, 1.425391248391255, 0.5920321750321835, 1.2274684684684722, 0.7170360360360462, 0.013021235521242855, 1.5625482625482812, 1.5365057915058098, 0.9080141570141677, 0.4774453024453025, 1.09551994851996, 1.0529839124839169, 0.7074871299871381, 0.49914736164736234, 0.987877734877746, 0.516509009009008, 0.5642535392535362, 1.7153307593307767, 0.9114864864864997, 0.019965894465898193, 0.3263989703989686, 0.650193693693702, 0.7560997425997429, 1.5339015444015487, 1.1684388674388686, 1.0677413127413273, 0.08941248391249206, 0.6510617760617843, 2.0729806949807044, 0.7413423423423529, 1.6849478764478882, 0.17448455598456405, 0.2630289575289594, 1.3863275418275554, 3.154611325611345, 0.857665379665381, 0.27778635778635236, 0.32813513513513026, 0.2031312741312706, 0.545155727155726, 1.0139202059202086, 1.0529839124839169, 0.04600836550835788, 0.34723294723294623, 0.09896138996138555, 0.7491550836550933, 0.224833333333342, 0.5173770913770989, 1.0885752895752903, 0.026042471042471257, 0.39758172458172414, 0.4661602316602415, 0.07812741312741377, 1.2248642213642253, 0.11545495495496332, 1.4349401544401716, 1.4687953667953775, 0.6892574002574102, 1.7005733590733778, 0.5607812097812215, 0.4392496782496736, 0.2743140283140377, 1.097256113256116, 0.11719111969111341, 0.9661756756756862, 0.5538365508365604, 0.11111454311454902, 0.7231126126126105, 0.12066344916345699, 0.6111299871299966, 0.5920321750321835, 0.9305842985843011, 0.6571383526383544, 1.4340720720720865, 0.49220270270271277, 1.1979536679536835, 0.49741119691120067, 0.48352187902187554, 0.9375289575289593, 0.9271119691119691, 1.5243526383526464, 0.3741435006435084, 0.3038288288288236, 0.36893500643501187, 0.15365057915057492, 0.6831808236808258, 0.4201518661518663, 0.37587966537966433, 0.39758172458173285, 0.7135637065637169, 1.3047277992278037, 0.724848777348778, 0.20833976833977005, 0.18316537966537816, 0.3880328185328278, 0.723112612612622, 0.447930501930505, 0.8776312741312735, 0.6232831402831398, 1.3255617760617786, 0.1441016731016814, 0.4731048906048911, 1.1675707850707893, 0.2291737451737534, 2.1016274131274253, 1.097256113256116, 1.2396216216216358, 0.4783133848133934, 1.2422258687258825, 0.138025096525091, 0.7682528957529063, 0.7743294723294823, 0.32205855855855725, 0.17795688545689028, 1.3047277992278155, 0.6250193050193044, 0.5199813384813456, 1.3385830115830242, 0.3559137709137776, 0.5677258687258797, 0.9948223938224042, 0.8524568854568874, 1.5877226512226672, 0.19792277992278845, 0.5468918918918964, 0.8186016731016929, 0.5191132561132634, 0.09114864864864217, 1.423655083655099, 0.2074716859716791, 0.2795225225225198, 0.9635714285714423, 0.4297007722007685, 0.1493101673101722, 0.8663462033462067, 0.38195624195624894, 1.4826846846846997, 0.07639124839124342, 2.198852638352652, 1.7682837837838015, 2.8473101673101837, 0.02430630630630959, 0.4114710424710522, 1.029545688545701, 0.9253758043758075, 1.407161518661533, 0.8159974259974287, 0.23525032175032065, 0.09201673101672733, 0.19097812097813024, 1.1545495495495608, 0.3559137709137776, 0.5833513513513492, 0.9861415701415698, 1.0017670527670566, 1.5104633204633384, 1.1545495495495608, 0.41494337194337844, 0.12239961389960999, 0.628491634491642, 1.143264478764494, 0.3984498069498093, 0.33507979407978855, 0.7152998712998816, 1.520880308880323, 2.3108352638352834, 1.8724536679536747, 0.01562548262548969, 0.47657722007722886, 0.12674002574003004, 0.25521621621622465, 1.000898970398992, 0.6840489060489138, 0.32466280566280115, 0.12500386100386837, 1.043435006435006, 0.6163384813384902, 1.4097657657657796, 1.5608120978121136, 0.34636486486487256, 0.28820334620335125, 0.10590604890605247, 0.7587039897039983, 0.05729343629343618, 1.5113314028314093, 0.8594015444015456, 0.9418693693693678, 0.013021235521242855, 0.9791969111969117, 0.7691209781209799, 1.9887767052767231, 1.0764221364221471, 0.34896911196910785, 0.8784993564993586, 0.306433075933082, 0.8776312741312849, 0.9618352638352746, 0.7838783783783874, 0.7439465894465881, 0.9470778635778673, 0.5850875160875253, 0.02951480051479748, 0.697938223938236, 2.9332503217503407, 0.7335296010296094, 0.05034877734878084, 1.6215778635778675, 0.4366454311454267, 1.75960296010297, 1.360285070785084, 1.5755694980695123, 1.283893822393835, 0.2413268983269053, 1.413238095238109, 0.15885907335907437, 1.0078436293436412, 0.8151293436293493, 1.4904974259974402, 0.29688416988417693, 1.5321653796653953, 0.500883526383527, 0.7916911196911249, 6.364779922779964, 0.07552316602316114, 0.13542084942085572, 1.5981396396396543, 1.4245231660231812, 0.5590450450450454, 0.3654626769626827, 0.35070527670528395, 0.5260579150579188, 0.10243371943372336, 0.7118275418275437, 1.661509652509658, 0.14149742599743456, 0.05121685971685734, 0.2213610038609984, 1.947108751608771, 0.3081692406692379, 0.8845759330759316, 0.8854440154440284, 0.2187567567567516, 1.6944967824967991, 0.3298712998712948, 0.21007593307593173, 0.1293442728442711, 0.2708416988416941, 0.07378700128700526, 1.9340875160875224, 1.0616647361647484, 0.9149588159588172, 1.5434504504504651, 0.1849015444015456, 0.48612612612613393, 2.4992091377091614, 1.3811190476190616, 0.6840489060489138, 0.8724227799227914, 0.2543481338481395, 0.7291891891891894, 1.4141061776061912, 0.4956750321750303, 0.9297162162162276, 1.2873661518661639, 1.6597734877734962, 0.1710122265122205, 0.0, 0.42362419562420406, 0.31598198198198707, 0.6632149292149304, 0.3342117117117091, 1.1050688545688767, 0.3880328185328278, 1.75960296010297, 0.05989768339767723, 0.17708880308879935, 0.918431145431155, 0.9036737451737563, 0.888916344916346, 0.5156409266409372, 1.8385984555984716, 0.17274839124838792, 0.7222445302445397, 0.48438996138996937, 0.5251898326898394, 0.2925437580437684, 0.97746074646075, 0.7066190476190473, 0.38976898326897785, 0.3211904761904865, 0.6310958815958831, 0.036459459459452816, 1.3776467181467327, 0.3368159588159646, 0.6345682110682209, 0.05642535392535968, 1.1493410553410586, 0.7135637065637169, 0.8186016731016756, 0.7057509652509736, 0.806448519948518, 0.13889317889318772, 0.6206788931788929, 0.5564407979408071, 0.806448519948518, 0.5616492921493009, 1.294310810810825, 0.9331885456885567, 0.8975971685971803, 0.03732754182753799, 1.31254054054055, 0.06684234234233546, 0.6901254826254927, 0.361990347490345, 0.6224150579150575, 0.011285070785066733, 1.028677606177613, 0.7717252252252268, 2.0703764478764572, 0.864610038610048, 0.7144317889317906, 1.4844208494208557, 0.013021235521228398, 0.8151293436293523, 0.245667310167308, 1.2569832689832814, 0.21007593307593173, 0.7899549549549749, 0.6580064350064424, 0.968779922779933, 0.1006975546975588, 0.7396061776061824, 0.41581145431146066, 0.10590604890605247, 1.6146332046332093, 1.1215624195624199, 0.4001859716859797, 0.07899549549549315, 0.6432490347490466, 0.914090733590735, 0.7916911196911308, 0.3750115830115907, 0.8463803088803201, 1.072949806949818, 0.2630289575289594, 0.639776705276703, 0.18056113256112843, 0.06771042471042064, 0.9366608751608858, 1.1649665379665424, 1.6493564993565146, 1.3976126126126278, 1.0607966537966662, 0.35591377091376614, 0.7968996138996244, 0.5156409266409372, 1.6536969111969262, 1.0199967824967933, 0.2630289575289594, 1.4592464607464755, 1.0781583011583116, 0.47397297297297625, 0.039063706563699646, 0.6849169884169931, 0.854193050193052, 1.0946518661518778, 0.9939543114543105, 0.3724073359073439, 0.9331885456885567, 0.650193693693702, 0.9192992277992373, 0.7196402831402843, 1.2691364221364274, 0.34115637065637316, 0.8481164736164846, 0.1441016731016814, 0.18403346203346047, 1.2830257400257528, 0.8602696267696365, 0.11892728442728953, 1.542582368082383, 1.5156718146718322, 0.3194543114543104, 0.1163230373230427, 0.3107734877734934, 1.261323680823687, 0.9930862290862397, 0.2569523809523863, 0.6753680823680909, 1.1198262548262696, 0.1536505791505807, 0.06857850707850291, 0.09028056628055989, 0.35851801801802446, 0.18837387387387183, 1.0798944658944705, 0.5781428571428613, 0.622415057915069, 0.08680823680824523, 0.931452380952392, 0.6857850707850899, 0.4010540540540619, 0.2908075933075981, 0.7864826254826341, 0.269105534105544, 0.8698185328185445, 0.016493564993560406, 0.8342271557271653, 0.63804054054055, 0.4027902187902265, 0.15972715572715376, 0.46095173745174783, 0.6892574002574016, 0.6927297297297393, 0.626755469755466, 0.45400707850708966, 0.08159974259973998, 1.0113159588159617, 0.19705469755469174, 1.722275418275426, 0.744814671814682, 0.47918146718147575, 0.21094401544401686, 0.6771042471042583, 0.25174388674389264, 0.7751975546975646, 0.8220740025740048, 0.454875160875169, 0.08767631917631304, 0.965307593307604, 0.4930707850707835, 1.2083706563706678, 1.1640984555984573, 0.08333590733590744, 0.19531853281853875, 0.4652921492921564, 0.6371724581724678, 0.6797084942085024, 1.3177490347490497, 0.2925437580437684, 0.6918616473616456, 0.9201673101673196, 0.28646718146717803, 1.6094247104247155, 1.2682683397683423, 0.8212059202059311, 0.1840334620334662, 0.19184620334620095, 0.07812741312741377, 0.902805662805674, 0.7474189189189288, 0.1441016731016814, 1.085971042471055, 0.7074871299871324, 0.6527979407979488, 1.1779877734877853, 0.22743758043757725, 0.23525032175032065, 0.7656486486486596, 0.2335141570141619, 0.8021081081081209, 0.5286621621621714, 0.3828243243243225, 0.33507979407978855, 1.09117953667954, 0.7804060489060466, 1.5035186615186773, 0.491334620334616, 0.3802200772200728, 0.2586885456885509, 1.4783442728442797, 0.6554021879021956, 1.5755694980695123, 0.3446287001286994, 2.158052767052779, 0.5998449163449153, 0.4392496782496736, 0.98180115830117, 0.6215469755469838, 0.7778018018017998, 0.883707850707861, 1.4774761904761975, 1.318617117117132, 0.09288481338480671, 1.583382239382244, 0.48438996138996937, 1.5590759330759374, 0.6206788931788929, 0.8316229086229098, 0.3368159588159646, 0.10069755469754722, 1.1831962676962788, 0.45400707850707805, 0.9080141570141677, 1.4253912483912639, 0.30730115830116717, 1.2439620334620471, 0.40452638352638237, 0.3715392535392529, 1.6580373230373318, 0.377615830115826, 0.5104324324324406, 0.08941248391249206, 2.2005888030888223, 0.5781428571428613, 1.2170514800514938, 1.6545649935650084, 0.3012245817245767, 0.21528442728443403, 1.1458687258687292, 0.5486280566280523, 0.959231016731028, 0.8680823680823772, 1.2127110682110736, 1.3871956241956376, 0.8706866151866355, 1.0729498069498093, 0.8819716859716965, 0.30296074646075577, 2.087738095238109, 0.8680823680823772, 2.915020592020607, 0.1085102960103022, 0.4132072072072023, 1.7135945945946118, 1.3776467181467327, 0.6614787644787745, 0.19618661518661235, 1.8177644787644855, 2.639838481338496, 1.9063088803088895, 1.602480051480066, 0.776933719433729, 0.05121685971686312, 0.23264607464607095, 0.26042471042471255, 0.7005424710424712, 0.45140283140283116, 0.7812741312741434, 1.3524723294723435, 0.027778635778638705, 0.6015810810810799, 0.07725933075932859, 94.9308835263842, 87.90288867438929, 85.23700772200831, 82.95047876447936, 82.73866666666726, 81.37664543114602, 76.30270398970454, 67.58889317889366, 2.554766409266421, 3.5183378378378607, 3.9923108108108365, 4.3916287001287255, 1.4314678249678279, 0.8290186615186629, 0.7118275418275611, 1.4549060489060641, 0.2656332046332062, 0.35591377091376614, 0.8828397683397816, 0.245667310167308, 0.13542084942085572, 0.3498371943372046, 0.2491396396396458, 0.5625173745173716, 0.27952252252253135, 0.11719111969112499, 0.5121685971685936, 0.20313127413128215, 0.15538674388674814, 0.2725778635778702, 0.710091377091385, 0.9010694980695094, 0.6597425997426186, 0.8663462033462125, 0.590296010296019, 0.37674774774775527, 0.7812741312741318, 2.033048906048925, 0.6111299871299966, 0.10330180180180562, 1.1146177606177732, 0.390637065637063, 1.261323680823687, 0.04948069498068989, 1.1779877734877766, 0.7413423423423441, 0.34289253539253484, 0.9670437580437596, 0.6684234234234327, 1.369833976833992, 1.5512631917632085, 0.33768404118403533, 0.12587194337193908, 0.9583629343629341, 0.4861261261261223, 0.2066036036035997, 0.4487985842985959, 0.529530244530245, 0.5937683397683393, 1.2491705276705407, 2.4714305019305165, 1.2977831402831543, 0.5442876447876553, 0.921903474903487, 0.15017824967825447, 1.3689658944659011, 0.3046969111969088, 0.4774453024453025, 0.05989768339767723, 0.2213610038609984, 0.816865508365511, 0.21615250965250477, 0.037327541827549555, 0.870686615186618, 1.277817245817259, 1.7630752895753077, 0.7613082368082394, 1.2196557271557318, 0.23090990990990348, 0.9696480051480153, 0.06597425997425607, 0.09462097812098573, 0.9861415701415814, 0.5147728442728404, 1.0729498069498093, 0.030382882882888432, 0.7821422136422228, 0.05034877734877506, 0.7283211068211042, 0.45313899613899283, 2.77959974259976, 0.08854440154439533, 1.619841698841717, 0.6823127413127491, 0.5625173745173832, 1.4818166023166175, 1.638071428571445, 1.3524723294723435, 0.6467213642213729, 0.32726705276704804, 0.6510617760617755, 0.3784839124839227, 1.1528133848133963, 0.02083397683397758, 0.027778635778632918, 0.033855212355205985, 0.5677258687258797, 0.2343822393822413, 0.5130366795366903, 0.021702059202054078, 1.8681132561132663, 1.7543944658944703, 0.783010296010305, 1.2630598455598545, 0.4922027027027012, 0.04600836550835788, 0.48612612612613393, 1.605084298584307, 0.18750579150579824, 0.5086962676962674, 0.8038442728442711, 0.663214929214939, 0.26736936936937655, 0.5651216216216328, 0.12326769626770093, 0.5434195624195701, 0.0763912483912521, 1.697969111969131, 1.9731512226512338, 1.5755694980695094, 0.10156563706563818, 0.9410012870012971, 1.2604555984556103, 1.5547355212355376, 1.798666666666684, 0.44011776061777025, 0.11719111969111341, 0.6527979407979372, 1.6155012870012944, 1.4149742599742647, 0.23351415701415035, 0.47918146718146415, 0.6050534105534119, 1.5391100386100565, 0.6970701415701392, 0.2855990990990928, 1.6311267696267782, 0.5139047619047611, 0.041667953667960944, 0.03125096525096493, 1.6493564993565146, 1.3307702702702864, 1.6762670527670567, 0.4297007722007685, 0.6814446589446669, 0.617206563706561, 0.608525740025741, 0.5330025740025741, 0.2786544401544375, 1.3342425997426042, 0.6345682110682209, 0.0729189189189143, 0.6363043758043855, 0.10069755469754722, 1.0451711711711822, 0.3593861003860981, 0.6718957528957648, 0.6189427284427255, 0.2916756756756775, 0.44011776061777025, 0.09028056628055989, 0.13108043758044144, 0.4800495495495493, 0.4192837837837869, 1.1727792792792828, 2.087738095238109, 0.2586885456885509, 0.2187567567567516, 1.43494015444016, 0.7031467181467296, 0.10677413127413185, 1.0738178893179002, 0.30730115830115556, 0.11892728442728953, 0.7856145431145519, 0.5165090090090194, 1.0764221364221414, 1.3628893178893309, 0.3628584298584359, 1.1328474903475039, 1.0677413127413156, 0.5868236808236812, 0.9470778635778673, 0.2821267696267666, 0.6580064350064366, 0.8515888030888138, 0.2343822393822413, 0.8238101673101693, 0.09548906048905356, 0.6293597168597245, 0.7673848133848155, 0.7560997425997429, 0.17101222651223205, 0.32726705276704804, 0.34462870012871094, 0.006076576576584626, 0.8594015444015572, 1.5877226512226557, 1.3568127413127578, 1.089443371943384, 0.10937837837837869, 0.052084942084942513, 0.04079987129987577, 0.9140907335907436, 1.4766081081081124, 0.9887458172458282, 0.004340411840417177, 0.24219498069497603, 0.16667181467180908, 1.2196557271557404, 0.7508912483912579, 0.8403037323037412, 0.0720508365508407, 0.42015186615187206, 0.9583629343629341, 0.16667181467182063, 0.21615250965250477, 0.9123545688545791, 0.9739884169884295, 1.36636164736166, 1.2804214929215056, 0.8941248391248425, 0.8585334620334604, 1.5234845559845671, 1.4123700128700267, 0.43056885456885363, 1.1736473616473624, 0.8151293436293523, 0.5807471042471081, 0.2760501930501878, 0.1015656370656324, 0.6033172458172531, 0.38629665379666034, 1.20750257400258, 0.4783133848133847, 0.5503642213642226, 1.306463963963977, 2.0156872586872683, 0.6475894465894552, 0.4731048906048969, 0.08594015444014849, 1.2222599742599787, 1.150209137709138, 1.6710585585585744, 0.46181981981981857, 0.36372651222650665, 1.6944967824967991, 0.6927297297297278, 0.2934118404118478, 0.9488140283140493, 0.360254182754189, 0.29601608751609465, 0.3185862290862281, 1.7127265122265296, 1.0017670527670566, 0.4826537966538077, 1.6502245817245969, 0.3159819819819813, 0.9262438867438985, 1.2153153153153204, 0.3724073359073381, 0.7682528957528947, 0.1015656370656324, 0.6232831402831485, 1.8993642213642312, 0.23698648648648812, 0.6753680823680909, 2.4280263835264058, 0.49220270270271277, 0.19618661518662392, 0.3854285714285809, 0.29514800514801526, 0.6137342342342433, 0.7126956241956347, 0.8628738738738834, 0.9783288288288409, 1.039094594594609, 0.49046653796653666, 0.17274839124838792, 1.9419002574002686, 0.8264144144144161, 1.240489703989718, 0.13976126126126712, 0.931452380952392, 0.21007593307593747, 0.414075289575299, 0.410602960102967, 0.4809176319176403, 0.40973487773488765, 1.0555881595881724, 0.26476512226512106, 0.1006975546975588, 0.20052702702702374, 0.24306306306306116, 0.9331885456885479, 0.9644395109395215, 0.889784427284437, 0.9236396396396516, 0.7873507078507107, 0.8151293436293493, 0.3420244530244525, 0.5303983268983359, 2.2222908622908824, 0.4166795366795401, 1.3646254826254955, 0.839435649935659, 0.5599131274131364, 0.19358236808236554, 0.3585180180180129, 0.15278249678248973, 0.5364749034749003, 1.1918770913771046, 1.278685328185344, 0.5876917631917605, 0.6363043758043768, 0.43404118404117986, 0.22743758043758885, 2.0833976833976915, 1.1259028314028428, 0.9861415701415698, 1.91846203346205, 0.2621608751608742, 1.9991936936937047, 1.3012554697554832, 0.842907979407991, 0.454875160875169, 0.7144317889317906, 0.8203378378378373, 1.4375444015444068, 0.6692915057915034, 0.28733526383526314, 1.73790090090091, 0.8498526383526492, 0.2569523809523863, 0.14670592020591666, 1.2109749034749118, 0.33855212355212055, 1.5503951093951231, 0.6406447876447854, 0.46095173745173623, 0.789086872586881, 0.3142458172458225, 0.37327541827542904, 1.6033481338481481, 0.014757400257404522, 0.9844054054054198, 0.39671364221364186, 0.7587039897039983, 0.2135482625482637, 0.28733526383526314, 0.9323204633204628, 0.354177606177616, 0.2144163449163431, 0.48959845559846593, 0.7257168597168573, 0.8420398970399, 0.4340411840411914, 0.5408153153153232, 1.0842348777348905, 0.02170205920206275, 1.0399626769626797, 0.1076422136422228, 0.38369240669241633, 0.537342985842997, 1.0972561132561247, 1.1597580437580661, 1.476608108108124, 1.3715701415701567, 0.13021235521235627, 0.9618352638352746, 0.10416988416988503, 0.18663770913771596, 0.8602696267696279, 0.19531853281852715, 0.7213764478764575, 1.2153153153153289, 1.5373738738738891, 0.06163384813385336, 0.34376061776062, 1.2066344916344978, 1.3628893178893222, 0.852456885456896, 0.9696480051480095, 0.1979227799227769, 0.8837078507078522, 0.3758796653796758, 0.5139047619047726, 0.22656949806950658, 0.46181981981981857, 0.026910553410556422, 0.04948069498068989, 0.5633854568854683, 0.33334362934363837, 0.09722522522522968, 0.3524414414414514, 0.7951634491634512, 0.010416988416993128, 1.8906833976834112, 1.2439620334620471, 0.006944658944664013, 1.423655083655099, 0.017361647361639792, 0.3316074646074623, 0.3724073359073439, 0.7396061776061882, 1.34726383526385, 1.0252052767052868, 0.9201673101673138, 1.2222599742599787, 0.09722522522522101, 0.37414350064349977, 0.688389317889328, 0.5156409266409256, 0.22049292149292773, 1.3064639639639655, 0.24306306306306116, 0.8324909909910008, 0.13368468468469405, 1.2101068211068355, 1.8195006435006615, 0.810788931788941, 0.4826537966538077, 0.05382110682110996, 0.10243371943371468, 0.2135482625482695, 0.5468918918918906, 0.5711981981982059, 0.02170205920206275, 0.9878777348777372, 1.1154858429858554, 0.11545495495495174, 0.5616492921493009, 1.2726087516087536, 0.2725778635778702, 1.093783783783787, 0.2769182754182845, 1.176251608751609, 0.029514800514809043, 0.49741119691120067, 0.4218880308880337, 0.17188030888030564, 1.2483024453024585, 0.3472329472329578, 1.631994851994869, 0.6892574002574016, 0.11024646074645807, 0.2847310167310135, 0.13455276705276478, 0.7778018018018115, 0.6345682110682209, 0.15278249678248973, 0.5694620334620414, 0.29427992277991855, 0.3290032175032155, 0.8212059202059225, 0.9357927927928035, 0.05642535392535968, 0.4036583011582972, 2.024368082368091, 0.8333590733590859, 0.16319948519949154, 0.08680823680823366, 0.5720662805662766, 0.49827927927928006, 0.5147728442728404, 0.17622072072071415, 0.3116415701415756, 0.026910553410556422, 0.5008835263835326, 2.135482625482646, 1.3811190476190616, 0.33334362934363837, 0.5590450450450454, 1.3177490347490437, 0.02864671814671809, 0.27865444015444907, 0.27170978120979083, 0.1423655083655024, 0.9800649935649968, 0.8316229086229098, 1.2153153153153204, 1.032149935649948, 0.8776312741312849, 0.5764066924066996, 0.17622072072071415, 0.25608429858430404, 0.9852734877734906, 0.7422104247104235, 0.04079987129986421, 0.3593861003861097, 0.9123545688545703, 0.9436055341055439, 1.3134086229086293, 0.09635714285713873, 1.1458687258687292, 0.15712290862290693, 0.8498526383526405, 0.7031467181467181, 0.9783288288288322, 0.6163384813384902, 0.4748410553410672, 0.8533249678249668, 0.6727638352638354, 1.4991782496782573, 0.12674002574003004, 1.1146177606177614, 0.8333590733590744, 1.3672297297297422, 0.8802355212355232, 0.07899549549549315, 0.013021235521228398, 0.23611840411840873, 0.4297007722007685, 0.5937683397683393, 1.6059523809523977, 1.4496975546975617, 0.2491396396396458, 0.6467213642213642, 1.3194851994852053, 1.422787001287008, 0.40452638352638237, 0.23525032175032065, 0.4783133848133847, 0.7179041184041167, 0.2300418275418328, 1.4245231660231696, 0.921903474903487, 0.546023809523817, 0.6632149292149304, 1.0304137709137748, 0.29167567567568325, 2.014819176319186, 1.7075180180180274, 0.1927142857142919, 0.16580373230373835, 1.0599285714285838, 0.5295302445302565, 0.4583474903474981, 0.30296074646075577, 1.2500386100386258, 0.33768404118404693, 1.28215765765767, 0.9097503217503322, 0.9670437580437596, 1.6927606177606342, 0.6224150579150575, 0.045140283140278493, 1.7856454311454468, 1.6641138996139049, 0.6467213642213729, 2.0712445302445395, 0.49741119691120067, 0.2977522522522621, 0.8672142857142947, 0.3984498069498151, 0.6875212355212458, 2.080793436293445, 0.021702059202054078, 1.3585489060489195, 0.38195624195623734, 2.250069498069521, 1.3160128700128764, 0.5139047619047726, 0.3845604890604958, 0.6441171171171173, 0.391505148005154, 1.4557741312741348, 0.2899395109395158, 1.0668732303732305, 0.8055804375804472, 0.48352187902187554, 0.27778635778635236, 0.02343822393822442, 0.3342117117117178, 2.252673745173765, 0.23351415701415035, 0.3524414414414514, 1.3646254826254955, 0.6033172458172473, 0.4774453024453025, 0.05816151866151557, 1.2552471042471167, 0.5486280566280523, 0.226569498069495, 0.6102619047619143, 0.3046969111969088, 1.0486435006435113, 1.093783783783787, 1.4505656370656526, 0.33507979407978855, 0.5468918918918906, 0.9913500643500636, 0.7925592020592044, 0.6189427284427255, 1.829917631917649, 0.42449227799228634, 0.39237323037323046, 0.48525804375805454, 0.22570141570140984, 0.8915205920205957, 0.20399935649935286, 1.7214073359073552, 0.0677104247104322, 0.34376061776062, 1.6432799227799302, 0.816865508365511, 0.09375289575290345, 0.41754761904761656, 1.738768983269001, 1.4557741312741463, 1.5625482625482696, 0.9479459459459583, 0.5868236808236812, 1.1762516087516206, 0.1849015444015456, 1.2439620334620471, 3.7848391248391486, 0.7404742599742619, 0.32726705276704804, 0.30816924066924656, 1.6215778635778675, 1.1241666666666783, 0.8515888030888021, 0.33073938223938, 1.3663616473616542, 1.3082001287001415, 1.7439774774774945, 0.2743140283140377, 2.589489703989718, 2.3941711711711937, 0.8550611325611429, 0.36633075933075926, 0.26389703989704455, 2.094682754182767, 0.4288326898326978, 1.3958764478764631, 2.1971164736164877, 1.8316537966538133, 0.3185862290862397, 0.30903732303731724, 0.2560842985842954, 0.7786698841698966, 2.2873970398970704, 0.7821422136422228, 1.0399626769626886, 0.2178886743886722, 1.0851029601029614, 0.31250965250965507, 1.1128815958816, 0.7838783783783787, 0.694465894465904, 0.4731048906048969, 0.5217175032175015, 0.17882496782497256, 0.23959073359074073, 0.11545495495495174, 1.7960624195624257, 0.48265379665379615, 0.8863120978121078, 0.5277940797940804, 0.20399935649936154, 1.666718146718166, 0.776933719433729, 0.22309716859717457, 0.48699420849421915, 88.51922715572779, 80.57019691119748, 81.02941248391305, 68.70264285714335, 59.93587902187945, 54.07632303732342, 45.09948326898358, 1.9011003861003928, 2.2405205920206015, 3.6936904761904983, 2.3915669240669355, 0.025174388674386084, 0.22830566280566822, 0.4418539253539319, 0.558176962676963, 1.341187258687274, 0.5633854568854567, 1.1562857142857226, 1.6615096525096695, 1.6597734877735049, 0.5937683397683393, 0.516509009009008, 0.2977522522522621, 1.5382419562419598, 0.1736164736164789, 0.16319948519949154, 0.2482715572715664, 0.10851029601029352, 0.5034877734877853, 0.46095173745174783, 0.11285070785071646, 0.34810102960102846, 1.5312972972973016, 1.349868082368088, 0.32553088803089497, 1.747449806949815, 0.3724073359073381, 0.738738095238106, 1.1102773487773532, 1.006975546975559, 0.4878622908623014, 0.6102619047619143, 0.3828243243243225, 1.8125559845559978, 1.8976280566280754, 0.7491550836550933, 0.09028056628057146, 1.008711711711715, 1.1632303732303777, 0.23698648648648812, 0.042536036036031656, 1.81516023166025, 0.5911640926641042, 0.6250193050193044, 0.18403346203346047, 1.4713996138996275, 0.8837078507078522, 0.09809330759331196, 1.6953648648648725, 0.9054099099099209, 0.08507207207207779, 1.3871956241956376, 1.1137496782496792, 0.7317934362934361, 0.2595566280566216, 0.857665379665381, 0.6293597168597245, 0.060765765765762404, 0.15538674388674814, 0.9262438867438898, 0.5399472329472323, 0.4184157014157075, 2.1910398970399174, 0.8984652509652625, 0.7673848133848155, 1.0113159588159617, 0.5651216216216213, 0.01822972972972496, 1.1328474903475039, 0.11632303732303113, 1.4549060489060641, 0.4965431145431213, 0.04861261261261629, 0.6215469755469838, 0.8446441441441469, 1.5885907335907379, 0.537342985842997, 0.3802200772200728, 1.1363198198198243, 0.48959845559846593, 2.125933719433729, 1.1354517374517392, 1.05906048906049, 1.1345836550836599, 0.9453416988417086, 0.4583474903474981, 0.8811036036036055, 0.4835218790218871, 0.9453416988417086, 0.14844208494208125, 0.8159974259974345, 7.88392406692412, 3.9454343629343875, 0.848116473616476, 1.0512477477477524, 2.138954954954975, 0.04687644787645462, 0.09722522522522101, 1.3160128700128764, 0.5824832689832784, 1.458378378378396, 1.612897039897056, 0.38369240669241633, 0.3984498069498093, 0.2543481338481395, 1.25871943371944, 0.19184620334620095, 0.5139047619047726, 1.0373584298584417, 0.6745, 0.20747168597169063, 0.394109395109395, 0.05034877734878084, 1.1979536679536835, 1.1510772200772317, 1.1554176319176375, 1.0703455598455625, 0.14236550836551395, 0.9271119691119807, 0.09288481338481828, 0.1892419562419628, 1.9462406692406973, 1.0764221364221471, 0.5738024453024441, 1.4314678249678396, 1.5608120978121047, 0.14410167310166985, 1.6163693693693852, 1.2352812097812158, 0.9019375804375918, 0.3515733590733663, 0.899333333333345, 1.4253912483912639, 0.11979536679537471, 0.5017516087516178, 0.589427927927928, 1.9254066924067113, 0.789086872586881, 0.9974266409266482, 1.4470933075933148, 0.34028828828829377, 1.9991936936937047, 0.6033172458172473, 0.7465508365508464, 1.5035186615186773, 1.28215765765767, 1.4184465894466025, 0.49046653796653666, 0.3750115830115907, 0.19531853281853875, 2.7726550836551023, 0.44445817245817876, 0.14670592020591666, 0.2630289575289594, 0.30382882882883516, 0.25000772200773097, 1.6085566280566448, 0.505223938223947, 0.7109594594594673, 0.40105405405405037, 0.8854440154440169, 1.3038597168597186, 1.8576962676962763, 0.6710276705276795, 1.4305997425997572, 0.4774453024453141, 0.5868236808236899, 0.6970701415701508, 0.7934272844272953, 1.3463957528957562, 0.05295302445302767, 0.6250193050193129, 1.289970398970405, 1.0720817245817356, 0.08941248391249206, 0.7630444015444099, 0.45921557271557173, 0.360254182754189, 0.6363043758043855, 0.4001859716859797, 1.2995193050193217, 0.45313899613899283, 1.1050688545688594, 0.4783133848133934, 1.2708725868726007, 0.508696267696279, 0.4062625482625556, 0.7508912483912492, 0.27865444015444907, 0.431436936936933, 0.767384813384824, 0.6970701415701392, 0.35330952380953085, 0.02170205920206275, 1.283025740025741, 0.6892574002574102, 0.6397767052767147, 1.1988217503217542, 0.09896138996139713, 0.7552316602316722, 0.2213610038609984, 0.754363577863587, 0.5191132561132548, 0.8802355212355348, 0.9791969111969231, 0.4487985842985844, 1.0755540540540647, 0.6093938223938203, 0.3012245817245767, 1.429731660231675, 0.1736164736164789, 0.4939388674388629, 1.9549214929215115, 0.9418693693693795, 0.21268018018017854, 0.6007129987129948, 0.42449227799228634, 0.49914736164736234, 0.36372651222651814, 0.21181209781210203, 0.7118275418275437, 0.21528442728443403, 1.00350321750323, 0.2092078507078552, 0.9175630630630669, 0.5902960102960074, 0.5859555984556075, 0.15191441441441902, 0.5425514800514791, 1.026073359073372, 0.2838629343629312, 0.4731048906048911, 0.8281505791505807, 1.25871943371944, 0.0026042471042468365, 2.346426640926651, 0.9809330759330878, 1.3559446589446726, 1.2752129987130063, 1.344659588159603, 0.4340411840411914, 0.6293597168597187, 1.5564716859717023, 0.5139047619047726, 0.4757091377091466, 1.0069755469755475, 1.7344285714285839, 0.8915205920205957, 0.500883526383527, 0.39931788931790024, 1.7839092664092795, 2.2483333333333477, 0.38108815958816955, 0.4800495495495493, 0.6085257400257497, 1.2370173745173831, 0.959231016731028, 1.788249678249688, 0.37153925353926154, 2.1432953667953805, 0.245667310167308, 0.5260579150579188, 0.8871801801801901, 1.3576808236808373, 1.043435006435006, 1.2526428571428614, 0.7066190476190473, 0.49827927927928006, 0.724848777348778, 0.3229266409266482, 0.0729189189189143, 0.9791969111969231, 0.1015656370656324, 0.34636486486487256, 0.8376994851994828, 0.02430630630630381, 0.3724073359073439, 0.6059214929215, 1.8629047619047725, 0.6831808236808258, 0.839435649935659, 0.17361647361646732, 0.13715701415702028, 0.8307548262548391, 0.9453416988417056, 2.045202059202077, 0.5547046332046368, 0.45834749034748656, 0.6449851994852083, 0.12674002574003004, 0.2734459459459409, 0.36633075933075926, 0.871554697554709, 0.7048828828828912, 1.4314678249678396, 2.3038906048906194, 2.5321962676962815, 0.8047123552123563, 1.1389240669240712, 0.38716473616474256, 1.2734768339768505, 0.650193693693702, 0.9418693693693678, 1.025205276705281, 0.9054099099099209, 0.09548906048905356, 0.48699420849421915, 1.021732947232952, 1.473135778635786, 1.1910090090090222, 1.7274839124839285, 0.5416833976833969, 0.361990347490345, 0.10503796653797019, 0.9227715572715607, 1.724879665379673, 0.5711981981981973, 1.8872110682110734, 1.1302432432432543, 0.5460238095238054, 1.0746859716859767, 0.29341184041183915, 1.5625482625482696, 0.26476512226512106, 1.2960469755469781, 1.7578667953668081, 0.05034877734878084, 1.1337155727155948, 0.001736164736161666, 1.612897039897056, 0.16667181467182063, 0.022570141570133467, 0.224833333333342, 0.8828397683397816, 1.0035032175032212, 1.1354517374517392, 0.05729343629344196, 0.32813513513514475, 0.06250193050193564, 0.027778635778632918, 0.03211904761905588, 0.34376061776062, 1.0851029601029727, 0.8776312741312735, 0.40626254826254404, 0.6484575289575403, 0.690125482625481, 0.1658037323037297, 0.8403037323037412, 0.8533249678249668, 2.387226512226524, 0.5902960102960074, 0.45574324324325133, 1.835126126126131, 0.4843899613899578, 0.5269259974259981, 0.21615250965250477, 1.4661911196911337, 2.962765122265138, 1.3680978120978189, 0.8715546975547005, 1.0851029601029614, 0.6745, 1.1597580437580661, 1.0104478764478766, 0.3515733590733663, 0.32726705276705953, 0.1423655083655024, 1.341187258687268, 0.794295366795366, 0.44619433719433754, 0.245667310167308, 0.7786698841698966, 0.8307548262548391, 0.7500231660231784, 1.7014414414414485, 1.3646254826254955, 3.7900476190476424, 0.10503796653797019, 1.2344131274131391, 0.13889317889317618, 0.44011776061777025, 0.2482715572715664, 1.8038751608751777, 1.1458687258687292, 0.997426640926651, 0.6267554697554776, 0.8489845559845554, 1.0564562419562546, 0.3168500643500635, 0.514772844272852, 0.3845604890604842, 0.18403346203346047, 2.0773211068211155, 0.16406756756756224, 1.2474343629343791, 2.4575411840412, 1.0382265122265124, 1.475740025740033, 0.5303983268983272, 0.24132689832689663, 1.0746859716859767, 0.26129279279279194, 0.7144317889317906, 0.55210038610039, 0.3342117117117178, 0.04861261261261629, 1.5608120978121047, 1.1120135135135147, 0.8073166023166031, 0.558176962676963, 0.07291891891892587, 1.646752252252259, 1.9740193050193244, 0.626755469755466, 5.907300514800552, 0.17882496782497256, 0.1822972972972988, 0.29601608751609465, 0.7126956241956259, 0.06684234234233546, 0.806448519948518, 0.00086808236808517, 0.007812741312746292, 0.40279021879021487, 1.6276544401544548, 0.6892574002574016, 1.9271428571428757, 1.343791505791515, 1.817764478764497, 0.2925437580437684, 0.23090990990991508, 1.2326769626769747, 0.6701595881595886, 1.914989703989721, 1.3654935649935778, 0.8915205920205957, 1.4123700128700267, 1.6337310167310337, 0.39758172458172414, 1.0416988416988444, 0.6962020592020685, 0.4505347490347576, 0.2786544401544375, 0.4548751608751574, 1.0382265122265124, 0.19618661518661235, 1.6302586872586986, 1.644148005148021, 1.378514800514806, 0.141497425997423, 0.3750115830115907, 1.1267709137709192, 0.6310958815958831, 0.7699890604890594, 0.4036583011582972, 0.6675553410553418, 1.3316383526383573, 1.3325064350064484, 1.6042162162162332, 0.4184157014157018, 0.9661756756756862, 0.8967290862291067, 1.1979536679536835, 1.0738178893179002, 0.7144317889317906, 0.6033172458172531, 0.01215315315314612, 1.7682837837837897, 1.558207850707858, 0.44619433719433754, 0.25261196911196626, 0.6189427284427255, 0.8203378378378373, 0.5147728442728404, 1.41584234234235, 0.6041853281853325, 1.2691364221364274, 0.6979382239382244, 1.5625482625482812, 0.7613082368082452, 1.0330180180180302, 1.085971042471055, 1.1753835263835384, 0.444458172458173, 0.5972406692406685, 0.5139047619047611, 1.6701904761904922, 0.2986203346203299, 0.11892728442727797, 0.6580064350064424, 0.13889317889318772, 1.2856299871299994, 0.12413577863577165, 0.0694465894465823, 0.726584942084954, 1.422787001287008, 1.0660051480051598, 1.1884047619047668, 0.8550611325611343, 1.3377149292149362, 0.6310958815958889, 1.085971042471055, 0.01822972972972496, 0.30035649935650893, 0.9896138996139019, 0.1241357786357832, 0.21181209781210203, 0.14757400257400763, 1.4358082368082423, 1.4410167310167445, 1.6727947232947304, 1.1597580437580488, 1.2404897039897094, 1.1510772200772317, 0.3828243243243225, 0.014757400257392956, 1.2726087516087536, 0.5538365508365517, 0.23959073359074073, 1.7856454311454468, 0.599844916344924, 0.6033172458172473, 0.6736319176319148, 0.14149742599743456, 2.1502400257400445, 1.917593951093962, 2.1406911196911422, 0.4071306306306292, 0.959231016731028, 1.4384124839124979, 1.100728442728448, 1.0399626769626797, 0.4670283140283209, 0.8324909909910008, 0.9748564993565205, 2.1250656370656555, 1.4549060489060641, 1.10420077220078, 1.602480051480066, 0.9097503217503236, 0.33073938223938, 1.2109749034749178, 1.0946518661518778, 0.04427220077219622, 0.4487985842985959, 0.24740347490346967, 0.546023809523817, 0.01822972972972496, 0.5390791505791617, 1.618973616473632, 0.12153153153153638, 1.6354671814671984, 0.03472329472329115, 0.24479922779922283, 0.022570141570133467, 1.344659588159603, 0.4904665379665482, 2.710153153153166, 0.06771042471042064, 0.2595566280566216, 0.1449697554697608, 1.43928056628058, 1.2595875160875223, 1.5391100386100565, 0.80992084942085, 0.15972715572715376, 0.5529684684684751, 0.11719111969111341, 92.73203088803153, 69.14102445302495, 56.41059652509691, 42.339849420849724, 32.17634105534128, 28.473969755469966, 25.940037323037515, 2.050410553410565, 3.000092664092682, 1.1918770913771046, 0.20920785070784942, 0.32813513513513026, 1.101596525096536, 1.5234845559845671, 0.5981087516087594, 2.560842985843003, 0.2942799227799301, 0.7118275418275611, 0.42536036036035996, 0.6588745173745276, 1.05906048906049, 1.7274839124839285, 1.3533404118404257, 0.2291737451737534, 1.8889472329472496, 0.5512323037323048, 1.5373738738738891, 1.7561306306306466, 0.18663770913770727, 0.44359009009008776, 0.2291737451737534, 2.382886100386113, 1.8073474903475066, 1.0469073359073469, 1.0772902187902293, 1.0738178893178916, 0.9982947232947332, 1.8559601029601087, 0.6085257400257497, 0.4001859716859797, 0.8724227799227914, 0.7977676962677067, 1.5764375804375945, 1.3750424710424856, 2.825608108108127, 1.9870405405405616, 0.6215469755469724, 1.450565637065641, 0.9132226512226613, 1.5113314028314093, 0.2855990990990928, 0.5251898326898394, 0.6953339768339891, 1.8047432432432513, 0.3342117117117178, 1.0347541827541948, 0.6371724581724592, 1.158021879021893, 0.09375289575289189, 0.5755386100386144, 0.010416988416993128, 0.08246782496782226, 1.066873230373242, 1.0581924066924193, 0.5902960102960074, 0.6119980694980672, 0.4809176319176287, 0.6666872586872682, 0.6284916344916363, 1.3845913770913791, 0.3593861003861097, 0.6371724581724592, 2.022631917631935, 0.3576499356499335, 0.14583783783784596, 0.5347387387387502, 1.8759259974260156, 1.2144472329472467, 0.6614787644787745, 2.245729086229101, 0.585955598455596, 0.5720662805662766, 1.937559845559863, 0.04948069498068989, 1.8403346203346305, 1.2786853281853323, 0.05642535392535968, 0.18316537966537816, 1.8507516087516265, 0.3333436293436269, 0.6953339768339891, 1.7109903474903652, 2.3438223938224043, 0.16840797940797364, 0.04687644787645462, 0.5069601029601115, 0.4366454311454383, 0.6944658944658925, 0.9019375804375831, 1.1779877734877766, 0.6119980694980788, 1.5842503217503379, 0.2821267696267753, 0.5121685971686052, 1.1302432432432512, 1.6632458172458224, 0.500883526383527, 0.141497425997423, 0.005208494208499455, 0.6935978120978218, 0.045140283140278493, 0.1571229086229127, 0.5981087516087594, 1.6927606177606342, 0.8811036036036055, 1.1892728442728577, 0.579879021879023, 1.0364903474903595, 1.1285070785070896, 0.24479922779922283, 1.8038751608751777, 0.914958815958826, 0.7760656370656498, 0.31250965250965507, 0.7378700128700151, 0.6050534105534119, 1.300387387387401, 0.12674002574003004, 0.9479459459459525, 0.9297162162162276, 1.0529839124839169, 0.10416988416988503, 0.17448455598455248, 2.155448519948541, 0.8420398970399, 0.3133777348777344, 1.5399781209781271, 0.08246782496783094, 0.32466280566280115, 1.3134086229086293, 0.6666872586872565, 0.8602696267696365, 1.6293906048906135, 1.202294079794092, 1.3984806949807103, 0.9453416988417056, 1.1241666666666665, 0.2239652509652597, 0.3298712998713064, 0.5191132561132548, 1.3906679536679638, 0.8871801801801901, 0.5286621621621714, 0.026910553410550642, 0.5095643500643584, 0.22049292149292773, 1.8490154440154503, 0.447930501930505, 1.216183397683411, 0.42101994851994856, 0.8055804375804472, 0.7778018018017998, 1.2352812097812158, 0.20226319176319696, 0.8368314028314036, 0.48265379665379615, 1.104200772200783, 0.27691827541827296, 0.1849015444015456, 0.5790109395109465, 2.2743758043758158, 0.31771814671815446, 1.771756113256122, 1.0278095238095366, 0.09375289575290345, 0.9444736164736263, 0.05034877734877506, 0.30035649935650893, 0.27170978120979083, 0.39237323037323046, 0.8602696267696279, 1.5990077220077368, 0.9618352638352661, 0.054689189189195124, 0.671027670527668, 1.5599440154440196, 0.08246782496782226, 0.4548751608751574, 0.537342985842997, 0.8272824967824955, 1.092047619047631, 1.5191441441441584, 1.296915057915072, 0.5790109395109406, 0.11371879021879587, 1.2066344916344978, 0.23698648648648812, 1.1745154440154475, 1.6267863577863726, 0.21181209781210203, 0.6033172458172473, 0.2586885456885422, 0.8880482625482637, 0.9670437580437684, 1.0434350064350177, 0.20486743886743222, 0.23351415701415035, 2.7205701415701595, 0.4062625482625556, 0.026042471042471257, 1.7144626769626856, 0.45747940797941583, 1.2500386100386143, 0.4192837837837869, 0.8741589446589558, 1.145868725868741, 0.03125096525096493, 0.22656949806950658, 0.27691827541827296, 0.3211904761904865, 1.7908539253539348, 0.16146332046332118, 0.23177799227799445, 0.2213610038609984, 1.9627342342342522, 0.9696480051480153, 0.3454967824967816, 0.76044015444016, 1.6667181467181515, 2.6025109395109522, 0.8324909909909892, 2.0321808236808314, 1.36202123552124, 0.4192837837837869, 0.794295366795366, 1.8932876447876583, 0.18056113256113712, 0.7517593307593287, 0.3628584298584272, 1.0651370656370687, 2.967973616473632, 0.1918462033462096, 0.29948841698841216, 0.20052702702703532, 1.2187876447876467, 0.05121685971686312, 0.8151293436293493, 0.12587194337194776, 0.7534954954954961, 0.599844916344924, 1.1840643500643642, 0.7465508365508349, 0.13368468468469405, 0.5685939510939505, 2.183227155727186, 1.0746859716859825, 0.6415128700128792, 1.9531853281853468, 0.7022786357786329, 0.18837387387388338, 0.354177606177616, 0.12934427284427688, 0.9887458172458167, 0.6076576576576761, 1.089443371943384, 0.38369240669241633, 0.6597425997426013, 2.2066653796653926, 0.5694620334620298, 0.3915051480051453, 0.7448146718146703, 1.0217329472329577, 2.5912258687258825, 0.8837078507078522, 0.13108043758043567, 0.5251898326898335, 0.959231016731028, 0.4722368082368146, 1.2925746460746605, 0.729189189189201, 0.3906370656370688, 0.6371724581724678, 0.27691827541827296, 1.3038597168597186, 1.5608120978121047, 0.29948841698842377, 0.5191132561132548, 0.8915205920205957, 1.4870250965251142, 0.5468918918918964, 0.9939543114543105, 0.983537323037323, 0.6962020592020599, 0.003472329472337789, 0.16233140283141215, 0.2161525096525163, 0.013021235521228398, 0.6510617760617755, 1.4349401544401716, 0.005208494208499455, 0.04861261261261629, 0.4297007722007685, 0.8941248391248483, 0.8021081081081209, 0.9522863577863611, 0.36806692406692954, 0.870686615186618, 0.09635714285715029, 0.22483333333333044, 0.7856145431145519, 0.42101994851994856, 0.5920321750321748, 0.8611377091377073, 0.44966666666666666, 0.20660360360360838, 1.0451711711711735, 1.1875366795366933, 0.10156563706563818, 0.2534800514800601, 1.189272844272849, 0.003472329472337789, 1.1354517374517392, 0.18837387387388338, 1.6163693693693737, 0.3984498069498093, 1.254379021879023, 0.08854440154440689, 1.0208648648648668, 0.5425514800514908, 0.18316537966538393, 0.1892419562419628, 0.0651061776061709, 1.2005579150579189, 0.4375135135135119, 0.16927606177605592, 0.11719111969112499, 0.36459459459459176, 1.937559845559863, 1.807347490347498, 1.578173745173762, 1.0061074646074766, 0.2170205920206015, 1.2595875160875223, 1.5582078507078667, 0.5078281853281938, 0.9262438867438898, 0.5607812097812099, 0.6293597168597187, 1.1614942084942221, 0.22743758043757725, 0.5260579150579188, 0.12239961389960999, 0.5538365508365604, 0.17622072072071415, 0.19271428571428034, 1.0842348777348905, 0.5277940797940804, 2.070376447876466, 0.4652921492921448, 3.2917683397683564, 0.6363043758043768, 1.013052123552138, 2.0321808236808314, 0.4297007722007685, 1.1710431145431155, 0.1605952380952447, 0.38716473616473107, 0.3107734877734847, 0.13194851994851794, 1.3194851994852141, 1.107673101673115, 0.28820334620335125, 0.9314523809523805, 0.9739884169884295, 0.9861415701415698, 0.19965894465895012, 0.5642535392535477, 0.6449851994851967, 0.007812741312734727, 1.6823436293436471, 0.5017516087516092, 0.21268018018017854, 0.6119980694980788, 0.0763912483912521, 0.9279800514800629, 0.13715701415702028, 0.6015810810810799, 1.5990077220077368, 1.2248642213642342, 0.9340566280566389, 0.3255308880308835, 0.34115637065637316, 0.013021235521228398, 0.8784993564993674, 1.3793828828828971, 1.1371879021879037, 0.6640830115830213, 0.7778018018017998, 0.5312664092664067, 0.6701595881595886, 0.9661756756756774, 1.2196557271557318, 0.6840489060489138, 0.18316537966538393, 0.44011776061777025, 0.3298712998712948, 0.37327541827542904, 2.2483333333333477, 1.197953667953672, 0.14062934362933782, 1.0929157014157131, 0.33855212355212627, 2.3993796653796875, 0.006944658944664013, 0.043404118404122616, 0.029514800514809043, 1.2344131274131391, 1.013052123552138, 0.24306306306306116, 0.039063706563699646, 0.41581145431146066, 1.7361647361647454, 1.5121994851994884, 0.48699420849420755, 0.47918146718147575, 0.3038288288288236, 1.3385830115830242, 0.3906370656370688, 1.173647361647374, 0.4965431145431213, 1.3646254826254955, 1.6181055341055497, 1.66498198198199, 1.5026505791505835, 0.4566113256113249, 0.3576499356499451, 0.23090990990990348, 1.4401486486486539, 1.378514800514806, 1.3359787644787686, 1.7847773487773646, 0.6458532818532935, 1.1172220077220114, 0.2795225225225198, 0.005208494208499455, 0.2986203346203415, 0.9826692406692437, 1.0807625482625556, 0.9219034749034812, 2.514834620334636, 0.05295302445302767, 1.4896293436293608, 0.4079987129987086, 0.223097168597163, 0.3515733590733547, 0.21615250965250477, 0.663214929214939, 0.16319948519949154, 2.001797940797952, 0.3498371943372046, 0.17448455598455248, 1.22660038610039, 0.0651061776061709, 0.8038442728442711, 1.9358236808236986, 1.8385984555984687, 0.44619433719434337, 0.9123545688545791, 0.30730115830116717, 0.5182451737451725, 0.9887458172458167, 0.8758951093951118, 0.6119980694980672, 0.17535263835264633, 1.00350321750323, 0.27865444015444907, 0.21962483912484834, 0.0729189189189143, 0.05989768339767723, 1.5347696267696425, 1.1059369369369416, 1.4444890604890739, 1.290838481338496, 6.442039253539293, 1.3576808236808284, 0.38716473616473107, 0.431436936936933, 2.2465971685971833, 0.5000154440154475, 0.4748410553410672, 2.050410553410565, 0.30903732303732884, 1.4401486486486623, 1.2135791505791644, 97.43616924066993, 95.59930694980761, 95.4682265122272, 93.91349099099166, 91.81967631917698, 92.29191312741378, 82.66227541827601, 78.00067310167366, 0.55210038610039, 2.191907979407994, 1.4470933075933148, 1.958393822393832, 1.989644787644797, 1.3516042471042495, 0.48178571428572253, 0.4722368082368146, 1.3498680823680966, 1.0772902187902236, 0.47397297297297625, 0.9054099099099209, 0.6849169884169989, 1.5825141570141734, 0.2769182754182845, 0.17969305019305193, 0.39584555984556247, 0.24393114543115213, 0.3645945945945976, 1.0521158301158375, 0.2925437580437569, 0.617206563706561, 0.6345682110682123, 0.3541776061776016, 1.0443030888031029, 2.1893037323037414, 0.7951634491634512, 0.08854440154440689, 1.7960624195624257, 0.22222908622909515, 0.8125250965251054, 0.6988063063063066, 0.31598198198198707, 1.070345559845574, 0.9383970398970417, 0.3107734877734847, 0.2665012870012856, 0.7239806949807072, 0.6857850707850899, 0.34723294723294623, 0.8455122265122379, 0.5312664092664182, 0.7647805662805686, 1.3463957528957562, 0.46442406692407406, 0.8481164736164846, 0.15972715572715376, 0.8706866151866355, 1.8759259974260067, 1.5529993564993818, 0.4887303732303808, 1.4844208494208673, 0.40539446589446176, 0.5060920205920322, 0.04427220077219622, 1.6476203346203386, 0.40886679536679377, 0.2508758043758017, 1.2639279279279336, 0.7873507078507107, 1.2960469755469894, 0.2500077220077194, 1.3490000000000029, 0.7491550836550818, 1.4019530244530307, 1.173647361647374, 1.6953648648648842, 1.0199967824967815, 0.6901254826254927, 1.0408307593307593, 1.9844362934363031, 0.34810102960103717, 0.8350952380952475, 0.67884041184042, 0.8212059202059225, 0.870686615186618, 1.336846846846854, 0.584219433719443, 1.0764221364221414, 0.5095643500643467, 0.18750579150579824, 2.3516351351351505, 1.9592619047619144, 2.1493719433719565, 0.3237947232947333, 1.1050688545688767, 1.1380559845559977, 1.6172374517374704, 1.2639279279279336, 0.13542084942084995, 0.19965894465893858, 0.7578359073359161, 0.599844916344924, 0.6805765765765847, 0.06857850707850291, 0.6406447876447854, 1.8698494208494278, 0.31250965250964924, 0.44532625482625815, 0.3802200772200728, 0.6102619047619056, 0.10156563706563818, 0.15191441441441902, 0.06857850707850291, 0.37674774774775527, 0.2977522522522621, 0.19705469755469174, 2.195380308880323, 0.7951634491634599, 1.2127110682110736, 0.026910553410556422, 1.4826846846846913, 0.8680823680823714, 1.0642689832689838, 1.8446750321750505, 1.3472638352638413, 0.06423809523810019, 1.027809523809528, 0.28039060489061074, 2.3967754182754404, 0.3706711711711706, 0.1336846846846825, 1.0061074646074766, 1.041698841698856, 0.1006975546975588, 0.16319948519948285, 1.8142921492921678, 0.4192837837837869, 1.6797393822393976, 1.009579794079806, 0.9488140283140319, 1.1814601029601086, 0.22483333333333044, 1.2361492921493065, 0.8524568854568874, 1.486157014157029, 0.8567972972972987, 0.7257168597168688, 0.06597425997426765, 0.47918146718147575, 0.5416833976833969, 1.4045572715572774, 2.2361801801802015, 0.6406447876447969, 1.0868391248391374, 0.6762361647361617, 0.9288481338481337, 0.223097168597163, 1.602480051480066, 0.46442406692407406, 0.9192992277992373, 1.271740669240674, 0.18056113256112843, 0.7187722007722106, 0.282994851994846, 0.09896138996139713, 1.7309562419562519, 1.2569832689832814, 0.400185971685971, 0.5833513513513607, 1.7049137709137863, 0.03732754182753799, 1.087707207207208, 0.02951480051479748, 0.13021235521235627, 1.6597734877735049, 0.3645945945945976, 0.7118275418275611, 0.4288326898326978, 0.03645945945946438, 0.6927297297297278, 2.3143075933076154, 0.4505347490347576, 1.4088976833977003, 1.0877072072072196, 0.13194851994851794, 0.8811036036036055, 0.09462097812097416, 0.10156563706563818, 0.7656486486486538, 0.8880482625482637, 0.7647805662805772, 0.6962020592020599, 0.6962020592020685, 0.05642535392535968, 1.0712136422136533, 0.37674774774774367, 0.6658191763191743, 1.099860360360363, 0.7031467181467181, 0.19358236808236554, 0.6397767052767147, 0.35851801801802446, 0.6675553410553418, 0.3012245817245883, 0.9401332046332062, 1.8576962676962847, 0.23525032175032645, 1.2101068211068355, 0.5156409266409256, 2.252673745173765, 1.1866685971686108, 0.4626879021878979, 0.9054099099099092, 1.6276544401544548, 1.316880952380967, 0.22396525096524816, 0.6684234234234212, 1.2639279279279512, 0.06597425997425607, 1.176251608751609, 0.899333333333345, 0.37327541827541744, 0.9705160875160975, 1.0217329472329577, 0.431436936936933, 0.7161679536679638, 1.154549549549555, 0.2057355212355232, 1.4245231660231812, 1.0772902187902293, 0.579879021879023, 2.0790572715572804, 1.5964034749034812, 2.4471241956242067, 0.36893500643501187, 0.7066190476190559, 0.0763912483912521, 0.17274839124838792, 1.4644549549549604, 0.5026196911197001, 0.08941248391249206, 1.2647960102960247, 1.2960469755469894, 0.05989768339767723, 0.44619433719433754, 1.3542084942084995, 0.14757400257399605, 1.2595875160875223, 1.0425669240669353, 0.11979536679537471, 0.9305842985843098, 0.09201673101672733, 0.3394202059202057, 0.369803088803097, 0.3741435006435084, 1.3611531531531662, 0.48786229086228977, 2.180622908622927, 0.7370019305019385, 0.2899395109395158, 1.3385830115830242, 0.5303983268983272, 0.16233140283141215, 0.7465508365508349, 1.2517747747747876, 0.12934427284427688, 1.5339015444015487, 0.8376994851994944, 1.216183397683411, 0.6797084942084937, 0.19097812097813024, 0.04427220077219622, 0.5512323037323106, 0.2638970398970388, 0.31511389961390185, 0.7725933075933062, 1.8733217503217685, 1.3741743886744033, 1.539978120978136, 0.2821267696267666, 0.4835218790218871, 1.155417631917643, 0.434909266409265, 0.6588745173745276, 0.4392496782496736, 0.729189189189201, 0.5625173745173832, 1.7283519948519992, 0.7022786357786445, 0.7743294723294736, 0.9826692406692524, 0.1736164736164789, 1.2231280566280698, 0.8212059202059225, 0.026042471042471257, 0.9748564993565031, 0.21528442728442537, 1.5660205920206074, 0.3567818532818628, 0.3046969111969088, 1.6658500643500693, 1.2092387387387444, 0.4626879021878979, 1.0564562419562546, 0.7890868725868782, 1.3637574002574073, 0.1658037323037297, 1.8698494208494278, 0.8750270270270383, 0.04340411840411105, 0.3932413127413157, 0.4878622908623014, 0.1371570141570116, 0.04687644787645462, 1.9228024453024557, 0.22309716859717457, 0.21094401544401686, 0.7361338481338504, 0.01822972972972496, 0.03038288288287976, 1.2292046332046456, 0.035591377091382104, 1.7231435006435056, 1.3767786357786387, 0.5113005148005142, 0.5963725868725862, 0.22396525096524816, 1.4088976833976887, 0.008680823680831461, 0.30469691119692033, 0.4192837837837869, 0.18750579150579824, 0.36893500643501187, 0.6996743886743976, 1.848147361647368, 0.5095643500643467, 1.174515444015459, 0.08333590733590744, 0.17014414414414109, 0.3715392535392529, 0.032987129987135266, 0.08246782496783094, 0.7838783783783787, 0.36719884169884437, 0.864610038610048, 0.40799871299872015, 0.39584555984556247, 1.605084298584307, 0.013889317889325134, 0.6250193050193044, 0.4574794079794043, 0.1892419562419628, 0.9158268983268967, 0.2916756756756775, 1.05906048906049, 0.6892574002574016, 0.947077863577873, 0.6067895752895852, 0.3064330759330704, 0.5078281853281822, 1.2977831402831543, 0.4323050193050153, 1.5382419562419714, 0.7847464607464697, 1.0851029601029727, 0.12153153153153638, 0.5078281853281822, 0.8385675675675738, 0.04079987129986421, 0.019097812097815917, 1.5347696267696336, 1.3689658944659098, 0.19879086229087073, 0.5946364221364304, 0.10851029601029352, 0.14323359073359623, 0.5920321750321835, 0.7161679536679523, 0.32466280566280115, 0.6119980694980788, 0.22830566280565667, 0.899333333333345, 1.8559601029601203, 1.4193146718146847, 0.8125250965251026, 0.9279800514800629, 0.026910553410556422, 0.6059214929214942, 0.9331885456885479, 0.12239961389962153, 0.43056885456885363, 1.211842985842991, 1.4575102960102992, 1.3932722007722107, 0.946209781209785, 0.32900321750322703, 1.8828706563706765, 0.8307548262548275, 2.2405205920206015, 0.15625482625482753, 0.3854285714285809, 0.17448455598456405, 0.7378700128700323, 0.27952252252253135, 0.7317934362934448, 0.8767631917631912, 0.17014414414415266, 1.2135791505791644, 1.426259330759346, 0.8880482625482637, 1.329034105534119, 1.1389240669240712, 1.8950238095238283, 0.434909266409265, 0.226569498069495, 2.7127574002574133, 0.5685939510939619, 1.4713996138996275, 0.3698030888030912, 1.0477754182754202, 0.3012245817245767, 1.1128815958816085, 0.67884041184042, 0.9192992277992373, 1.2743449163449296, 0.40799871299872015, 0.2543481338481395, 1.2057664092664182, 1.5434504504504651, 1.4766081081081124, 1.646752252252259, 0.5764066924066938, 0.5772747747747761, 0.3550456885456983, 0.617206563706561, 0.7621763191763217, 0.04514028314028717, 0.5868236808236812, 0.3116415701415756, 1.4627187902188044, 0.21441634491635464, 2.286528957528968, 0.9600990990991102, 0.28733526383526314, 0.4678963963964032, 0.7161679536679638, 1.4184465894466025, 0.8481164736164846, 1.3724382239382273, 0.4600836550836511, 1.9922490347490525, 0.7352657657657682, 0.8368314028314121, 1.0599285714285722, 0.01736164736165136, 0.5208494208494193, 0.2022631917631854, 0.8229420849420842, 2.0347850707850843, 0.6875212355212458, 0.269105534105544, 0.391505148005154, 0.28386293436293697, 0.2508758043758017, 0.21528442728442537, 0.5503642213642226, 1.5773056628056712, 0.2074716859716791, 1.5052548262548304, 0.5269259974259981, 0.2508758043758017, 0.6883893178893193, 0.6076576576576587, 0.6527979407979488, 0.6736319176319264, 0.6857850707850724, 1.8064794079794244, 0.25521621621622465, 0.0529530244530219, 1.0295456885456926, 1.3793828828828971, 0.7265849420849425, 0.2925437580437684, 1.026941441441463, 0.4600836550836511, 0.42536036036035996, 2.3099671814671954, 0.4800495495495493, 0.2795225225225198, 0.3194543114543104, 0.33073938223938, 0.43056885456886523, 1.193613256113269, 0.5234536679536719, 0.1571229086229127, 0.059897683397688806, 1.6033481338481481, 0.27170978120979083, 0.2942799227799301, 0.5981087516087479, 1.23094079794081, 0.41233912483913154, 1.8759259974260067, 0.431436936936933, 0.3741435006435084, 2.2379163449163544, 0.28386293436293697, 1.1015965250965332, 1.2726087516087652, 0.07031467181466747, 0.7118275418275437, 0.047744530244534004, 1.1120135135135263, 4.482777348777376, 0.226569498069495, 0.2795225225225198, 1.4201827541827785, 0.8637419562419656, 3.336908622908641, 0.3698030888030912, 0.03472329472329115, 0.6293597168597187, 1.1215624195624199, 0.22830566280565667, 0.1163230373230427, 0.6224150579150575, 0.12153153153152481, 0.20052702702703532, 2.3802818532818657, 0.7517593307593287, 0.410602960102967, 0.2178886743886722, 0.6892574002574016, 0.4036583011583088, 0.6831808236808258, 0.04253603603604323, 3.507920849420873, 0.710091377091385, 0.7786698841698849, 0.07118275418274975, 1.2700045045045067, 0.7673848133848155, 2.138954954954969, 0.23177799227798868, 0.33768404118403533, 0.8298867438867539, 0.618074646074646, 2.382886100386124, 0.4010540540540619, 0.14236550836551395, 0.3081692406692379, 1.3845913770913791, 1.331638352638366, 1.633731016731025, 0.24306306306307277, 0.12239961389962153, 1.7214073359073438, 0.921903474903487, 1.9922490347490525, 0.2465353925353874, 0.9227715572715779, 0.3316074646074623, 0.7569678249678222, 0.07899549549549893, 1.3021235521235686, 0.9236396396396516, 1.318617117117132, 0.10590604890605247, 1.3689658944659011, 0.964439510939513, 0.80992084942085, 2.958424710424727, 1.1337155727155777, 1.8385984555984716, 1.8151602316602444, 0.806448519948518, 0.628491634491642, 0.20139510939510602, 0.06337001287000925, 0.7908230373230398, 1.854223938223947, 0.9757245817245941, 0.6146023166023257, 0.07552316602316114, 0.20052702702702374, 0.09375289575289189, 0.39671364221364186, 0.19531853281852715, 1.586854568854576, 0.005208494208499455, 1.9627342342342522, 0.4826537966538077, 0.7257168597168573, 0.25000772200773097, 0.794295366795366, 1.5877226512226672, 0.5477599742599815, 0.15625482625482753, 0.5468918918918906, 0.32726705276705953, 0.5868236808236899, 0.9418693693693678, 0.2170205920206015, 1.0217329472329577, 1.0885752895752903, 1.1632303732303777, 0.3472329472329578, 1.5998758043758192, 0.959231016731028, 1.1510772200772317, 0.1927142857142919, 0.9887458172458282, 0.7847464607464697, 0.3559137709137776, 0.5816151866151875, 0.6571383526383544, 1.6589054054054169, 1.1779877734877853, 0.6024491634491709, 0.7083552123552176, 0.45140283140283116, 0.07899549549549893, 1.259587516087528, 1.5061229086229244, 0.04948069498068989, 0.20486743886743222, 0.5286621621621657, 0.34202445302445833, 1.2144472329472382, 2.226631274131294, 0.6484575289575288, 0.34810102960103717, 0.6319639639639713, 0.04687644787645462, 1.460982625482643, 0.054689189189195124, 0.5330025740025741, 0.8159974259974287, 0.246535392535399, 1.5399781209781271, 1.1441325611325648, 0.19184620334620095, 0.016493564993560406, 1.09551994851996, 0.141497425997423, 0.10243371943371468, 0.2925437580437684, 0.18663770913771596, 0.02430630630630959, 0.13802509652510256, 0.6111299871299966, 3.823902831402857, 0.0729189189189143, 0.32466280566280115, 0.7856145431145519, 1.0234691119691193, 0.9245077220077338, 0.038195624195628934, 0.41407528957528744, 1.2127110682110822, 0.40886679536679377, 0.6258873873873866, 0.31771814671815446, 0.032987129987135266, 0.5286621621621657, 1.0078436293436297, 1.2205238095238227, 0.1927142857142919, 0.09809330759331196, 0.8845759330759316, 0.23004182754182412, 0.3645945945945976, 0.6241512226512191, 0.1527824967825013, 0.12066344916344542, 0.4262284427284423, 1.3889317889317936, 0.1822972972972988, 0.1536505791505807, 0.6163384813384786, 1.5998758043758132, 0.7352657657657682, 0.628491634491642, 1.3359787644787686, 0.8142612612612643, 1.7222754182754347, 0.6918616473616456, 1.0616647361647484, 1.7682837837837897, 0.05729343629344196, 0.6805765765765789, 0.505223938223947, 0.09462097812098573, 2.2023249678249868, 0.377615830115826, 1.032149935649948, 0.3211904761904749, 0.5859555984556075, 1.078158301158309, 0.4114710424710406, 97.41793951094023, 91.6703661518668, 82.36452316602376, 75.72890154440206, 74.87731274131325, 73.65071235521287, 62.17379536679581, 1.7214073359073438, 1.6155012870012944, 1.6571692406692495, 0.3862966537966516, 0.9357927927927948, 0.1840334620334662, 0.7786698841698849, 2.5903577863578002, 0.17708880308879935, 0.5043558558558646, 0.21788867438868087, 1.5547355212355376, 0.9071460746460767, 1.4427528957529092, 0.5026196911196943, 1.2239961389961547, 0.9036737451737448, 0.444458172458173, 0.4392496782496736, 1.038226512226524, 0.06857850707850291, 0.48004954954956086, 0.6371724581724678, 0.28993951093951004, 1.6675862290862455, 1.3871956241956376, 1.5608120978121136, 0.726584942084954, 0.305564993564991, 0.02083397683397758, 0.5555727155727278, 1.802138996139016, 0.5260579150579188, 0.20399935649936154, 1.0547200772200844, 3.112075289575308, 1.8611685971686023, 0.03472329472330272, 0.2066036036035997, 0.44619433719433754, 0.1770888030888109, 0.7699890604890709, 1.7578667953668081, 0.19358236808237708, 1.2595875160875223, 0.724848777348778, 0.7734613899613885, 1.7517902187902237, 2.947139639639657, 0.2343822393822413, 1.160626126126131, 1.2830257400257528, 1.330770270270275, 1.0859710424710436, 0.4809176319176403, 0.4079987129987086, 0.4505347490347576, 0.5512323037323048, 0.4496666666666753, 0.40713063063064076, 1.0425669240669353, 0.2934118404118478, 0.06771042471042064, 0.030382882882888432, 0.3081692406692379, 1.2682683397683538, 0.19184620334620095, 0.41060296010295544, 0.656270270270278, 0.05816151866151557, 0.8220740025740048, 0.33855212355212627, 0.26129279279279194, 0.7378700128700323, 1.0486435006435113, 1.6832117117117205, 1.7674157014157075, 1.1154858429858554, 0.40192213642213553, 0.226569498069495, 0.03645945945946438, 0.8029761904762004, 0.09028056628055989, 1.53390154440156, 0.22743758043758885, 1.0894433719433756, 0.3055649935650026, 0.9948223938224042, 2.2526737451737593, 0.8290186615186629, 0.27518211068211706, 0.2977522522522621, 1.375910553410568, 0.9557586872586988, 0.43838159588159414, 0.7517593307593401, 1.3229575289575315, 2.744008365508381, 0.07725933075932859, 0.07291891891892587, 3.649418275418296, 0.723112612612622, 0.5147728442728404, 0.269105534105544, 0.07118275418274975, 0.5468918918918906, 0.06250193050192407, 1.4653230373230515, 0.0008680823680793874, 0.36893500643501187, 0.4192837837837869, 1.395008365508381, 0.5442876447876437, 1.6823436293436413, 0.09896138996139713, 0.12500386100385683, 0.30035649935650893, 0.7465508365508464, 0.9479459459459583, 0.2647651222651297, 0.504355855855856, 2.1589208494208703, 0.4323050193050153, 0.16753989703990582, 0.3741435006435084, 0.7491550836550818, 1.8255772200772404, 0.4687644787644826, 0.8255463320463425, 1.1007284427284538, 0.16840797940797364, 0.7821422136422228, 1.558207850707858, 0.9540225225225343, 0.9635714285714306, 0.6198108108108221, 0.888916344916346, 1.2743449163449296, 0.05642535392535101, 0.07465508365507598, 1.7266158301158374, 0.892388674388678, 1.4931016731016784, 0.336815958815956, 0.3394202059202057, 0.23785456885456752, 1.0347541827541948, 0.44619433719433754, 1.3490000000000029, 1.2665321750321894, 0.2925437580437569, 1.426259330759346, 0.7057509652509736, 3.5383037323037527, 0.30990540540540246, 0.7647805662805686, 0.5251898326898394, 0.6059214929214942, 0.28386293436293697, 0.2404588159588259, 0.32726705276704804, 1.1701750321750362, 0.1328166023166031, 0.7309253539253511, 1.3863275418275465, 2.5860173745173887, 0.2491396396396458, 1.0477754182754202, 1.3194851994852141, 0.6658191763191743, 0.2543481338481395, 0.6866531531531548, 0.3020926640926735, 2.9098120978121136, 0.4835218790218871, 1.4601145431145577, 0.28386293436293697, 3.7935199485199718, 0.2534800514800601, 0.8576653796653897, 0.03125096525097071, 0.4930707850707835, 1.2795534105534234, 0.9800649935650055, 0.1649356499356474, 0.8507207207207199, 0.4904665379665482, 1.6102927927928092, 0.9618352638352746, 0.5078281853281938, 1.0503796653796702, 0.22396525096524816, 0.33334362934363837, 1.7352966537966805, 0.07812741312741377, 0.9436055341055439, 1.0416988416988444, 0.6527979407979372, 1.064268983268995, 1.3047277992278037, 0.9383970398970417, 0.1076422136422228, 1.2726087516087536, 3.454967824967848, 0.30296074646074417, 1.5278249678249842, 0.9540225225225255, 1.797798584298593, 1.9627342342342404, 0.5920321750321835, 0.36633075933075926, 0.6909935649935749, 0.36199034749035647, 5.803130630630666, 0.5599131274131364, 1.5755694980695123, 0.19184620334620095, 1.4184465894465967, 0.7083552123552204, 0.7456827541827554, 0.22743758043757725, 1.6016119691119837, 0.5286621621621714, 0.02864671814671809, 1.7474498069498265, 0.3706711711711706, 0.7639124839125035, 1.43494015444016, 1.1206943371943492, 1.401084942084957, 0.28907142857143064, 0.12500386100386837, 0.30469691119692033, 0.2178886743886722, 0.1085102960103022, 1.1137496782496792, 1.199689832689845, 0.7022786357786329, 0.8533249678249784, 0.005208494208493673, 1.1701750321750362, 0.5191132561132634, 1.283893822393835, 0.5711981981981973, 0.8316229086229098, 0.8012400257400242, 0.33160746460747387, 0.645853281853282, 2.293473616473626, 0.15625482625482753, 0.1406293436293494, 0.39584555984556247, 0.23264607464607095, 1.9219343629343704, 2.267431145431158, 0.033855212355217545, 0.4713687258687294, 1.3932722007722136, 0.11198262548261974, 2.1302741312741404, 1.9453725868726006, 1.4609826254826315, 1.1450006435006443, 1.0824987129987171, 2.139823037323051, 0.9097503217503236, 0.910618404118403, 0.4401177606177587, 1.4080296010296036, 1.8950238095238199, 0.18837387387388338, 1.8472792792792887, 0.8212059202059311, 1.4965740025740106, 2.2023249678249814, 0.495675032175039, 0.1076422136422228, 1.0477754182754202, 0.55210038610039, 1.644148005148021, 0.9514182754182874, 0.7734613899613999, 0.3680669240669238, 1.675398970398986, 0.36893500643501187, 0.775197554697553, 0.16146332046332118, 0.3046969111969088, 1.1050688545688594, 1.157153796653802, 2.3551074646074794, 0.32032239382240135, 1.101596525096536, 1.6224459459459526, 0.019965894465898193, 0.49046653796653666, 2.1840952380952476, 1.3689658944659011, 0.05382110682110417, 1.704045688545704, 1.2474343629343647, 0.3107734877734934, 0.9913500643500636, 1.4687953667953804, 0.1336846846846825, 0.5581769626769747, 1.1849324324324406, 0.49480694980694806, 0.7109594594594643, 0.8854440154440169, 0.7856145431145461, 0.4774453024453025, 0.42101994851994856, 2.753557271557286, 0.5234536679536719, 1.4036891891892036, 0.37414350064349977, 1.3932722007722107, 0.5659897039897036, 0.12934427284427688, 2.235312097812128, 1.4818166023166175, 0.4783133848133847, 0.2855990990990928, 1.6285225225225313, 5.1763751608751924, 1.1910090090090137, 0.2725778635778587, 0.42796460746461834, 0.27778635778635236, 0.31511389961390185, 0.282994851994846, 0.7048828828828798, 1.1988217503217542, 1.3385830115830242, 0.6050534105534119, 1.57470141570143, 2.4028519948520164, 0.44532625482625815, 0.3020926640926735, 0.4557432432432397, 1.1779877734877853, 1.763075289575302, 0.5321344916345033, 0.9922181467181488, 1.4245231660231812, 0.9653075933075923, 0.495675032175039, 1.6311267696267957, 0.43404118404117986, 0.5651216216216328, 0.3645945945945976, 0.5920321750321748, 0.049480694980695676, 1.9566576576576762, 1.7118584298584474, 1.9879086229086322, 1.4488294723294795, 1.8854749034749205, 0.7578359073359074, 0.18056113256112843, 0.17361647361646732, 0.13628893178892934, 1.539978120978136, 0.5468918918918964, 0.6102619047619143, 1.2422258687258825, 1.618973616473632, 1.651092664092679, 0.42275611325612467, 0.2092078507078552, 0.7222445302445397, 2.600774774774788, 1.6502245817245855, 1.306463963963977, 0.5503642213642226, 0.5442876447876437, 0.6423809523809498, 0.9357927927928035, 0.6909935649935661, 1.4071615186615243, 1.539110038610045, 0.6666872586872565, 0.0208339768339718, 0.906277992278006, 0.6823127413127463, 0.5746705276705235, 0.48178571428571093, 0.870686615186618, 1.65630115830117, 1.1788558558558675, 0.8819716859716848, 0.533870656370665, 1.3680978120978189, 0.2864671814671838, 3.1745772200772375, 1.0686093951094067, 1.530429214929231, 0.37674774774774367, 0.017361647361639792, 0.027778635778638705, 0.2404588159588259, 0.3854285714285694, 0.0998294723294765, 0.6571383526383602, 0.7265849420849425, 0.5130366795366903, 0.7908230373230484, 0.10243371943371468, 0.016493564993560406, 0.8350952380952475, 0.8238101673101779, 1.0955199485199485, 0.7335296010296094, 0.5486280566280638, 0.11024646074646964, 0.245667310167308, 1.9080450450450626, 0.4696325611325591, 0.26823745173745883, 0.9097503217503322, 0.02170205920206275, 1.0304137709137835, 0.6736319176319148, 2.5773365508365664, 0.3576499356499335, 1.3828552123552291, 0.9149588159588172, 0.454875160875169, 0.9722522522522621, 0.15538674388674814, 1.100728442728448, 1.9228024453024557, 0.32813513513513026, 1.4870250965251024, 0.5772747747747761, 0.14410167310166985, 1.5104633204633269, 1.1849324324324406, 0.2526119691119778, 0.7196402831402843, 1.0113159588159704, 0.98180115830117, 0.5972406692406772, 0.06684234234233546, 0.4227561132561131, 1.0694774774774773, 1.9601299871299935, 0.5503642213642226, 0.5746705276705235, 0.11285070785070492, 2.043465894465907, 0.3654626769626827, 0.8498526383526492, 0.4982792792792858, 0.5277940797940804, 1.0095797940797941, 0.782142213642214, 0.4218880308880337, 0.5182451737451725, 0.6250193050193044, 0.33507979407978855, 0.6232831402831485, 0.24306306306306116, 0.516509009009008, 0.26650128700129716, 1.788249678249688, 1.4661911196911248, 0.4192837837837869, 1.6033481338481426, 0.7317934362934361, 0.9192992277992373, 1.5009144144144217, 0.11545495495495174, 0.26736936936937655, 1.2066344916345033, 2.438443371943384, 0.8264144144144161, 0.22049292149292773, 2.231839768339779, 0.27170978120979083, 2.4992091377091494, 1.0885752895752903, 0.6918616473616456, 3.0651988416988587, 0.2595566280566216, 0.4366454311454267, 1.4609826254826315, 0.390637065637063, 0.23698648648648812, 0.2743140283140261, 0.06771042471042064, 1.3038597168597186, 0.0729189189189143, 1.6658500643500693, 0.21094401544401686, 1.3359787644787686, 0.7691209781209799, 0.7317934362934448, 2.213610038610051, 0.07899549549549315, 1.6406756756756802, 1.549527027027041, 0.9097503217503236, 2.1189890604890707, 1.1684388674388686, 1.6884202059202231, 0.019097812097807244, 0.500883526383527, 0.8133931788931819, 0.4297007722007685, 0.16406756756757382, 0.7257168597168688, 0.46876447876447674, 1.2995193050193217, 0.2066036036035997, 0.006944658944664013, 1.6172374517374704, 0.27691827541827296, 1.1285070785070839, 0.29948841698841216, 0.4114710424710522, 0.9088822393822413, 1.8342580437580602, 0.23090990990991508, 1.7778326898327064, 0.8142612612612701, 0.9661756756756862, 0.9401332046332062, 0.5859555984556075, 0.4913346203346276, 0.08680823680824523, 0.019097812097807244, 82.26816602316661, 26.943540540540727, 1.337714929214942, 0.6970701415701392, 0.3628584298584359, 0.5199813384813456, 0.5113005148005259, 0.27170978120977923, 0.02170205920206275, 0.2942799227799301, 0.28386293436293697, 0.15538674388674814, 1.145868725868741, 0.584219433719443, 1.4948378378378488, 0.5425514800514791, 0.43317310167311207, 0.6623468468468567, 1.756998712998723, 0.8368314028314121, 0.04427220077219622, 1.388931788931802, 0.7239806949807072, 1.6918925353925405, 0.8906525096525192, 0.13108043758043567, 1.038226512226524, 0.37935199485199056, 732.398489703995, 1.3281660231660282, 0.8967290862290893, 0.07725933075933437]",2.2769792846243537,0.6745,24.974692707507664,0.0,1016.2443547557829,15987.0,4.0,2.0,0.67
2,"[0.6836645559003603, 0.7309581900528392, 1.1226580977941796, 0.6828725572423047, 0.7473638765411392, 0.73322104336157, 0.6652223014342031, 0.930089281221169, 0.730731904721966, 0.8653716765914612, 0.6768759959741673, 0.7765546842237688, 0.7040302356789396, 0.9298629958902959, 0.870576239201543, 6.190431225362746, 0.24297387402499374, 0.7733866895915458, 1.0159645642875113, 0.7068588023148539, 5.987000712907826, 0.8195488970896585, 0.7595832844082869, 0.9143624507254885, 0.812873479828902, 0.7992963599765158, 0.6075195420615619, 0.6308269311414915, 0.7456667365595904, 0.43780554390673454, 0.5800258743604799, 0.7705581229556319, 0.7329947580306969, 0.8734048058374569, 0.8155889037993796, 0.9158333053761635, 0.5839858676507584, 7.443033674410803, 1.0899598674830162, 0.6857011238782185, 0.944571542397049, 0.7291479074058542, 0.7185124968548189, 12.716273882412144, 8.953148829992452, 5.306334437641535, 4.256257359724902, 2.272979577287595, 0.5405390841231235, 0.4789894741256392, 0.7944312253627442, 0.847155707456177, 7.520762685565714, 3.6010481841818334, 2.4202913276859843, 1.3833387989599935, 0.8029169252704857, 0.7196439235091838, 25.57584295059969, 24.12105455841651, 0.0005091419944640475, 0.07167587855405522, 0.23211217814308524, 0.8291660236517658, 0.8428562861695881, 0.6809491319298835, 0.7107056529396961, 0.5842121529816319, 0.7326553300343873, 8.405198901283235, 7.3123538958315875, 1.8617059884257323, 0.31221718527216297, 0.3022606307137468, 0.4519483770863034, 0.8401408621991109, 0.741027887276692, 0.6105743940283488, 0.6759708546506754, 0.3570216807850368, 0.7689741256395197, 0.6380680617294308, 0.5277539629287926, 8.054456638429926, 5.402731988593476, 3.6331807011658146, 0.19794309318124678, 0.34457598758701685, 0.5116877044368027, 0.6666931560848777, 0.6121583913444596, 0.9076870334647319, 0.6671457267466243, 0.694752537113143, 1.0290891134781512, 0.9278264279124382, 0.6101218233666023, 0.4841940367357207, 0.676310282646985, 0.4172135787972822, 0.5429150800972911, 0.6220018032374396, 0.7742918309150381, 0.7628644217059458, 0.87034995387067, 8.429864002348399, 0.3228525958231984, 0.8424037155078423, 0.8726128071794023, 0.6236989432189884, 0.5895298582571503, 0.3076914786547007, 0.5842121529816319, 0.27284353770024294, 0.351590832844083, 0.4641677849534511, 0.4731060555229384, 15.412011029103418, 12.265626645978362, 11.557466703010988, 8.843513587184436, 4.77863704604546, 2.1606289105091, 1.418752453241634, 0.14521861108781295, 0.6205309485867649, 0.7552838631216973, 0.7320896167072042, 0.6345606391008978, 0.35668225278872717, 0.5054648578377923, 0.82735574100478, 0.5983549861612008, 0.8614116833011823, 0.5207391176717265, 0.7564152897760631, 0.4487803824540803, 0.4071438815734295, 0.2740881070200449, 0.46993806089071527, 0.7548312924599512, 0.4275095613520088, 0.7196439235091838, 0.9074607481338589, 0.6492691856076489, 0.7411410299421289, 0.6453091923173696, 0.49324544997064457, 0.7294873354021639, 0.6171366686236684, 0.7810803908412313, 0.6560577455338419, 9.549863247504822, 6.884222049819676, 5.4130279711482014, 4.270626478235343, 3.2940921328524713, 2.2530664681707626, 0.5992601274846935, 0.3406159942967372, 0.31278289859934566, 0.2143487796695464, 0.2544012832340849, 21.588242849953875, 19.901738278956635, 19.16744238027342, 17.145922376918563, 15.745555606810367, 12.94380378260505, 7.8151599010316195, 0.3009029187285076, 0.010465696552880965, 0.13367805921328524, 0.4321484106349069, 0.7130816489138643, 0.29750863876541145, 0.5997126981464399, 0.6068406860689427, 0.5979024154994542, 0.6041252620984654, 0.47808433280214685, 0.9131178814056863, 0.8691053845508682, 0.8088003438731867, 0.8969384802482596, 0.82509288769605, 0.946721253040342, 8.557828356957138, 8.380194372221757, 8.192377547597083, 0.6671457267466243, 0.6836645559003603, 0.2666206911012326, 0.3978661830076319, 0.1895705359389414, 0.5283196762559753, 0.6744999999999999, 0.7772335402163889, 0.549024784030865, 0.5165528390505746, 0.3995633229891807, 0.3279440157678434, 0.14623689507674253, 0.19545395454164216, 0.14555803908412332, 0.03184966032038905, 0.08853413570410099, 0.06533988928960828, 0.22622875954038446, 0.23505388744443526, 0.3510251195169003, 0.2846103749056445, 0.4187975761133945, 0.39922389499287103, 0.5917927115658811, 0.5963184181833434, 17.673732911180075, 17.213581690849615, 16.925181036651846, 17.05438996058039, 16.840889750901617, 14.526443386731525, 12.968129455673907, 12.83846796108362, 0.8706893818669798, 0.6611491654784873, 0.7935260840392516, 0.8872082110207162, 0.8221511783946992, 0.7929603707120689, 0.7248484861192647, 0.7837958148117085, 0.5593207665855912, 0.6135161033296989, 0.6263012245240291, 0.676310282646985, 0.711837079594062, 0.6687297240627358, 0.6083115407196173, 0.7604884257317789, 0.6661274427576946, 0.7137605049064831, 0.7143262182336654, 0.5930372808856831, 0.06760274259833907, 0.6648828734378934, 0.3528354021638849, 0.5672407531661492, 0.5891904302608407, 0.4278489893483184, 0.45851065168162336, 0.3373348569990776, 0.28540237356370024, 0.45918950767424266, 0.4392763985574095, 0.5456305040677684, 0.655944602868405, 0.8310894489641861, 0.9395932651178394, 0.7292610500712907, 0.7857192401241296, 0.8505499874192735, 0.9076870334647319, 0.6373892057368115, 0.7477033045374489, 0.7632038497022561, 0.6730291453493246, 0.6847959825547261, 0.9230744359641028, 0.7213410634907319, 0.6317320724649834, 0.6996176717269141, 0.8227168917218823, 0.5535504906483265, 0.7748575442422211, 0.7438564539126061, 0.6673720120774973, 14.653615742682211, 14.66334601190976, 14.135761762979115, 12.919478109536191, 11.276646607397467, 10.751098926444687, 9.98365222678856, 0.24602872599178024, 0.052215340098968284, 0.17689855741004754, 0.492906021974335, 0.3692410886521845, 0.18776025329195678, 0.5237939696385138, 0.3204765998490311, 0.11953522603371639, 0.08332957309402021, 0.011144552545500197, 0.15630659230059524, 0.06285075065000369, 0.13311234588610255, 0.29241721882076643, 0.2106150717101406, 0.3326960077161788, 0.23313046213201408, 0.5575104839386061, 0.3776136458944899, 0.3653942380273422, 0.6841171265621072, 7.520423257569403, 5.848287805082615, 4.2258219827224694, 3.9968212278788893, 3.89838710894909, 3.4128919315608486, 3.2163631216975594, 0.2675258324247249, 0.19466195588358642, 0.1908151052587441, 0.07292044787385714, 0.5045597165143, 0.21649849031284066, 0.2915120774972741, 0.15291231233749908, 0.5893035729262769, 0.529337960244905, 15.731865344292547, 14.706227082110205, 12.43930063742347, 10.852135326679528, 8.990259624255641, 8.534973538538962, 6.71416862366854, 0.17802998406441295, 0.01691482848276443, 0.11863008471022407, 0.24467101400654181, 0.3782925018871091, 0.27193839637675066, 0.3916433364086215, 0.6014098381279877, 0.23369617545919602, 0.43339297995470955, 0.4673357795856749, 0.4681277782437307, 0.8532654113897512, 0.5704087477983723, 0.7139867902373566, 0.5645253291956722, 0.33224343705443254, 0.3872307724565965, 0.36675195001258065, 0.34842283821185915, 0.6678245827392434, 0.34593369957225534, 0.255532709888451, 0.38304449383544376, 0.37184336995722567, 0.401939318963348, 0.5696167491403169, 0.6926028264698484, 0.7311844753837119, 0.18877853728088564, 0.3595108194246414, 0.4178924347899015, 0.37297479661159105, 0.027323953702927502, 0.2968297827727922, 25.31018397215466, 24.8627047303531, 23.633409670384975, 22.759722007883923, 21.286378218569155, 20.422307682630212, 20.172036106684562, 0.1532517403338087, 0.14442661242975716, 0.030039377673404432, 0.21898762895244525, 0.2092573597249014, 0.08151929044703483, 0.014538832508597114, 0.5929241382202465, 0.6349000670972076, 0.6291297911599434, 0.3847416338169926, 0.69124511448461, 0.7035776650171941, 0.438371257233918, 0.17248599345802254, 0.1543831669881741, 0.12225065000419405, 0.49946829656965497, 0.7362758953283569, 0.8382174368866897, 20.318442715759456, 20.02121693365764, 0.753473580474713, 0.26333955380357293, 0.30972804663255915, 0.7226987754759707, 0.6725765746875789, 0.7999752159691351, 0.643838337666695, 0.9204721546590635, 0.7995226453073893, 0.19466195588358642, 0.6759708546506754, 0.465412354273253, 0.5968841315105261, 0.3527222594984483, 0.3511382621823368, 0.31696917722049833, 0.24772586597332832, 0.12394778998574138, 0.07111016522687251, 0.1267763566216556, 0.19115453325505294, 0.2609635578294049, 0.04644506416170481, 0.23561960077161795, 0.1369591965109456, 0.21548020632391177, 0.24727329531158293, 0.26899668707540064, 0.03660165226872443, 7.818327895663844, 5.292644175123711, 2.920155623584669, 1.0719701836786044, 0.5790075903715511, 0.7978255053258407, 12.09964635578294, 9.807602239369286, 8.952696259330706, 7.55334777321144, 6.7069274930806015, 6.210344334479578, 5.11387876373396, 0.09011813302021253, 0.11534894741256368, 0.018385683133439433, 0.15370431099555484, 0.11082324079510138, 0.06737645726746673, 0.06047475467583712, 0.19964023316279486, 0.13661976851463598, 0.1826688333473118, 0.3388057116497526, 0.7431775979199866, 0.4904168833347311, 0.13367805921328524, 0.15732487628952485, 0.32783087310240755, 0.5072751404847776, 0.25621156588107025, 0.5566053426151139, 0.42343642539629334, 0.7497398725153066, 18.42635792166401, 16.527145139646063, 15.99152776146943, 14.455842363499121, 14.275040384131508, 12.40671554977774, 11.564820976264365, 0.7157970728843412, 1.2079676675333388, 0.6838908412312342, 0.6936211104587774, 0.7127422209175547, 0.493132307305208, 0.6927159691352849, 0.6263012245240291, 0.5812704436802822, 0.71681535687327, 0.5520796359976515, 0.69418682378596, 0.47536890883166993, 0.6157789566384304, 0.7251879141155754, 0.7051616623333057, 15.60378784701837, 14.646940325421456, 14.411377295982557, 12.901601568397215, 11.889200998070956, 10.563282101820011, 10.132887402499373, 0.6910188291537369, 0.89988018954961, 0.7845878134697643, 0.7447615952360989, 0.7882083787637343, 0.7014279543738993, 0.8387831502138723, 12.382163591378006, 12.285313469764322, 12.029271617881408, 12.325592258659736, 12.201361612010402, 12.229760421034976, 12.415993248343538, 11.579303237440241, 0.9294104252285503, 0.6931685397970312, 0.701993667701082, 8.935159146188042, 7.161534722804664, 6.831610710391681, 4.125238153149375, 10.205185565713327, 0.5537767759792003, 0.5297905309066511, 0.3775005032290534, 0.607406399396125, 0.5194945483519253, 0.7738392602532923, 9.747184056026166, 8.999989893483185, 8.907665478486956, 8.7322943470603, 8.181855279711483, 7.325591587687662, 0.7245090581229561, 0.9838320473035309, 1.0594113478151477, 0.6311663591378011, 0.6910188291537369, 0.6930553971315946, 0.7092347982890213, 0.8674082445693196, 0.9330309905225196, 1.007139436383461, 1.035085674746289, 0.9848503312924605, 9.841771324331125, 8.869310114903968, 5.642820724649837, 3.8080992619307232, 3.3782702759372634, 2.997997777405015, 2.6303972574016603, 0.4384843998993545, 0.6723502893567057, 0.6075195420615623, 1.0887152981632142, 0.9013510442002851, 0.750871299169672, 0.7066325169839808, 11.904248972574015, 11.867817034303448, 9.981615658810702, 9.600664304285834, 9.711430973748216, 9.495102197433532, 9.404588065084292, 0.043955925522100196, 0.23754302608403913, 0.21400935167323681, 0.5268488216053011, 0.015104545835779052, 0.20631565042355063, 14.878543361570078, 12.779633775056613, 10.539522142078336, 9.084846892560595, 8.293979661159105, 7.286331082781181, 6.7466405686488296, 0.1087866728172437, 0.08434785708294905, 9.000216178814057, 6.971568187536695, 6.533819214962677, 3.225075106936175, 2.3685851295814824, 2.2027179820514977, 0.9015773295311582, 7.689684685062486, 6.506325547261596, 0.8622036819592385, 19.431404218736898, 17.927851337750567, 15.303054642288012, 10.194776440493165, 7.098514258156506, 0.42875413067181073, 0.1727122787888956, 0.3023737733791826, 7.7247589113478154, 5.011937222175628, 4.741865679778579, 4.51116778495345, 4.626007590371551, 4.197196888367023, 2.2580447454499715, 0.1675077161788141, 0.011483980541809814, 0.17101513880734678, 0.12666321395621907, 0.03332051497106405, 0.10211125555648715, 0.0733730185356033, 0.19160710391679986, 0.28857036819592413, 0.3374479996645141, 0.493132307305208, 0.4694854902289692, 0.32918858508764604, 0.15200717101400676, 0.5095379937935084, 21.554413192988335, 19.258861653946155, 16.195184559255225, 13.894202172272077, 12.487838840895748, 11.685431057619729, 9.88171068523023, 8.920790027677599, 0.021440535100225977, 0.18742082529564716, 0.1929648159020383, 0.05787247337079598, 0.041919357544241746, 0.00639256059716557, 0.2652629791159941, 0.0915889876708883, 0.11749865805585794, 0.19285167323660177, 0.12462664597836137, 0.25779556319718183, 0.2739749643546091, 0.14227690178646368, 0.16569743353182945, 0.2973954960999749, 0.035696510945231366, 0.36777023400150954, 0.03490451228717635, 0.04384278285666367, 0.02856852302272867, 0.0763147278369533, 15.852022854986163, 15.167849157091338, 14.941676968883671, 14.778185817327852, 13.571632433112471, 13.443668078503734, 13.111028642120274, 12.901035855070033, 0.12632378595990945, 0.10120611423299558, 0.72405648746121, 0.18504482932147912, 0.08389528642120214, 0.3653942380273422, 0.15121517235595022, 0.4178924347899015, 0.20846536106684563, 0.4501380944393188, 0.29569835611842604, 0.23935330873102373, 0.1565328776314683, 0.04576620816908482, 0.08593185439906059, 19.05305514551707, 17.068645936425394, 14.852407405854233, 14.004629413738153, 13.534182210852972, 13.068600142581566, 0.2287178981799883, 0.1707888534764737, 0.17599341608655522, 0.13469634320221407, 0.191380818585926, 0.24455787134110527, 0.36335767004948377, 15.63433636668624, 14.720709343286089, 13.929502683888284, 0.07122330789230906, 0.34084227962761104, 0.5751607397467084, 0.5873801476138562, 0.4261518493667703, 0.35543768346892607, 0.8129866224943392, 0.7612804243898349, 0.5618099052251954, 0.3403897089658641, 0.1895705359389414, 0.01849882579887597, 0.14997060303614831, 0.12971806592300636, 0.21355678101149064, 7.9898521764656545, 5.339372095949006, 5.018838924767258, 4.149224398221926, 3.6173407280046974, 9.03947668372054, 8.095414283317957, 8.13603250020968, 7.679275559842324, 7.146147320305291, 5.533638052503565, 1.523296276105007, 0.0992826889205737, 8.647097919986578, 8.100731988593475, 8.312082487628949, 7.279655665520424, 5.910516271072717, 5.0094480835360224, 3.9143402247756445, 0.6038989767675919, 0.7251879141155743, 7.810973622410468, 7.42741998658056, 6.408230856328104, 6.247002558081021, 0.2351670301098718, 0.32850972909502607, 0.24150301937431873, 0.1255317873018537, 0.3639233833766672, 0.5162134110542649, 0.03637536693785135, 0.10437410886521868, 0.03456508429086598, 0.004129707288434041, 0.23957959406189758, 0.40997244820934375, 0.01691482848276443, 0.1929648159020383, 0.10211125555648715, 0.042711356202298274, 0.5524190639939615, 0.28528923089826375, 0.23584588610249105, 8.671197307724563, 4.698079468254635, 2.192987712823954, 1.2242602113562027, 8.661127610500714, 5.99175270485616, 5.751550826134362, 0.7205490648326761, 0.7916026587268303, 0.689095403841315, 0.7196439235091838, 0.7498530151807431, 0.7098005116162038, 0.7016542397047723, 0.5613573345634492, 0.6623937347982892, 0.5480065000419357, 0.5207391176717265, 0.7677295563197185, 0.8558676926947916, 0.7126290782521177, 0.6892085465067519, 0.8663899605803907, 0.9092710307808435, 0.697015390421873, 25.157101945819008, 21.72322204981968, 15.736277908244569, 20.406467709469094, 9.365214417512373, 9.312829363415249, 9.66696590623165, 9.646373941122198, 9.176153023567894, 9.19369013671056, 7.615463096536107, 0.3185531745366099, 0.059795898683217136, 0.1663762895244487, 0.0017537113142667275, 0.23731674075316603, 8.114874821773045, 4.885330579552127, 3.8601448880315354, 1.6919919902709053, 0.7989569319802062, 0.8154757611339432, 0.12066665268808176, 0.20382651178394678, 29.668439444770616, 29.827178604378098, 28.774386102490983, 27.023842782856665, 26.40664954290028, 26.316701123878225, 26.48087113142666, 0.15698544829321523, 0.07371244653191367, 0.1335649165478487, 0.004016564622997503, 0.5098774217898181, 0.5656567558500376, 9.369626981464394, 6.142571877883084, 2.733696510945232, 1.0227531242137047, 0.19918766250104872, 0.016801685817327886, 0.26073727249853257, 0.48973802734211186, 8.612589407028434, 8.447174830160192, 8.494015893650925, 8.293979661159105, 8.006031577623082, 8.35609498448377, 8.359828692443175, 7.057896041264784, 0.00514799127736289, 0.2503281472783695, 0.5722190304453577, 0.08898670636584714, 0.028229095026419057, 0.167281430847941, 0.005939989935419414, 0.149065461712656, 0.27770867231401486, 0.12507921664010752, 0.0551570494003183, 0.0005091419944648013, 0.1417111884592802, 9.428687452822277, 9.539567264950097, 7.826587310240713, 7.302849911934918, 6.521034093768348, 4.527234043445442, 2.9822709469093356, 0.5708613184601192, 0.8314288769604965, 0.7699924096284493, 0.35962396209007796, 0.5662224691772204, 0.6492691856076496, 0.37489822192401295, 0.4324878386312172, 0.7740655455841653, 0.4877014593642542, 0.5055780005032295, 0.5214179736643465, 0.542462509435545, 7.8626798205149715, 7.119106223265958, 5.499808395538037, 3.7950878554055185, 1.9301573010148458, 9.513657594565123, 6.653750440325423, 6.356298372892729, 4.120033590539294, 3.9450018871089503, 3.5141546171265623, 3.668368070116582, 0.2811029522771118, 0.20733393441248024, 0.09498326763398446, 0.3229657384886349, 0.40227874695965765, 17.148185230227295, 15.411445315776232, 14.238495303195508, 12.399926989851549, 11.295315147194497, 8.640083074729514, 8.611571123039504, 0.24399215801392257, 0.7049353770024327, 0.6500611842657054, 0.6275457938438311, 0.4439152478403091, 0.4871357460370715, 0.37478507925857574, 16.612907280046972, 15.437920699488384, 14.073646439654448, 0.12315579132768638, 0.3607553887444434, 0.5260568229472453, 0.016801685817327886, 0.50523857250692, 0.3108594732869245, 0.4734454835192488, 0.12666321395621907, 0.01182340853811943, 0.3363165730101488, 17.836205778746965, 15.034567097207082, 14.477339469932067, 13.681946531913113, 13.509177681791497, 12.026556193910931, 11.067219533674411, 0.8894710643294478, 0.86774767256563, 0.9141361653946155, 20.142279585674746, 1.0106468590119937, 15.657530613100732, 14.019677388241213, 13.214327895663843, 12.866074771450139, 10.683779040509936, 10.530131300847103, 10.46167998825799, 0.07970900780005022, 0.29207779082445684, 0.16762085884425063, 0.16400029355028065, 0.2919646481590203, 0.09996154491319291, 0.23561960077161795, 0.2652629791159941, 0.4017130336324749, 0.08785527971148177, 0.04022221756269367, 0.11252038077665023, 0.1342437725404679, 0.18097169336576371, 0.14929174704352907, 0.17814312672984947, 0.0818587184433452, 0.13741176717269177, 0.10742896083200522, 4.725233707959407, 4.448826176297912, 4.148206114232995, 3.835140358970058, 1.9688520925941457, 6.20932605049065, 4.611185901199362, 4.004062358466829, 3.737498238698314, 1.9547092594145767, 0.05153648410634905, 0.5119139897676758, 0.6459880483099889, 0.41381929883418606, 0.6257355111968458, 0.7438564539126061, 0.4509300930973746, 0.6609228801476139, 0.6718977186949596, 0.6741605720036904, 0.8683133858928119, 0.5732373144342868, 0.5588681959238446, 0.7643352763566219, 0.5278671055942291, 0.5288853895831588, 0.38711762979115993, 9.297894531577624, 6.299727040174454, 5.107769059800387, 1.7038719701417433, 1.6801120104000673, 0.1832345466744945, 0.54099165478487, 7.73935431518913, 7.852044409963938, 7.239037448628702, 6.062127442757695, 5.1919472028851805, 3.8969162542984157, 3.17766833011826, 0.191380818585926, 0.40929359221672457, 0.5041071458525538, 0.7408016019458192, 0.610687536693785, 0.3054286253459699, 0.5431413654281638, 0.5835332969890127, 0.12666321395621907, 0.2927566468170761, 0.26028470183678565, 0.3722959406189718, 0.3048629120187872, 18.011124339511873, 15.478199488383796, 15.307240920909166, 14.855801685817328, 11.042667575274683, 9.693441289943808, 8.86037184433448, 0.15121517235595022, 0.13254663255891982, 0.03184966032038905, 0.12926549526126022, 0.07144959322318213, 0.13458320053677753, 0.1500837457015856, 0.40782273756604875, 0.7794963935251188, 0.7214542061561688, 0.45466380105678106, 0.10290325421454291, 0.016122829824708654, 0.17836941206072254, 0.24421844334479564, 0.16377400821940757, 0.02958680701165827, 0.121345508680701, 0.11908265537197023, 0.29128579216640105, 0.24297387402499374, 0.4176661494590284, 0.6465537616371715, 0.6881902625178228, 0.9180961586848946, 0.37410622326595644, 0.45070380776650143, 0.328962299756773, 0.8150231904721966, 0.7310713327182754, 0.6847959825547261, 0.7293741927367277, 12.20192732533758, 10.762526335653778, 5.531601484525707, 1.7150730940199614, 0.5200602616791072, 0.06726331460202944, 0.5710876037909915, 0.3572479661159099, 0.6931685397970307, 6.738833724733707, 5.880533464732031, 3.2837961502977437, 0.6217755179065669, 0.7012016690430257, 0.6457617629791154, 0.6718977186949596, 0.9509075316614943, 0.6389732030529223, 0.839688291537365, 0.7217936341524778, 0.8145706198104508, 1.017095990941877, 0.6982599597416758, 0.6915845424809193, 0.1911545332550537, 0.9113075987587016, 0.9472869663675246, 0.7226987754759707, 0.9221692946406104, 0.7910369453996478, 0.8051797785792165, 0.8072163465570742, 0.4574923676926945, 0.1719202801308391, 0.3023737733791826, 0.3331485783779249, 0.0844609997483856, 0.21197278369537836, 0.06058789734127291, 0.15212031367944256, 0.8074426318879481, 0.5675801811624589, 0.6981468170762395, 0.5019574352092595, 0.38926734043445416, 0.30293948670636606, 0.4681277782437307, 0.07676729849869945, 0.2704675417260756, 0.4215130000838715, 0.6428200536777654, 0.7226987754759707, 0.6024281221169172, 0.5876064329447284, 0.24252130336324756, 0.5199471190136707, 0.3160640358970053, 0.11693294472867523, 0.3385794263188795, 0.3699199446448037, 12.679615658810702, 12.191178772121111, 11.712132726662754, 10.66737335402164, 8.373066384299255, 7.264381405686488, 3.9692144175123705, 0.22803904218736912, 0.2625475551455172, 0.34683884089574757, 0.8009934999580647, 0.5804784450222258, 0.798730646649333, 0.5485722133691184, 0.8012197852889372, 0.7109319382705688, 0.404881028264698, 0.69022683049568, 0.8519076994045127, 0.7214542061561682, 0.7850403841315108, 0.8642402499370961, 0.650626897592888, 0.9343887025077582, 0.5141768430764064, 0.6178155246162876, 0.6575286001845172, 0.7279033380860516, 0.6657880147613857, 0.5526453493248342, 0.38394963515893604, 0.7715764069445609, 0.19160710391679908, 0.4746900528390507, 18.40203224859515, 16.21125081774721, 15.779158978445022, 14.459010358131348, 14.299592342531241, 13.791242346724816, 12.342337373144344, 0.2267944728675664, 0.06500046129329867, 0.08762899438060943, 0.28743894154155797, 0.12926549526125947, 0.10923924347898985, 0.4752557661662334, 0.43180898263859724, 0.6446303363247503, 0.5801390170259161, 0.7000702423886608, 0.6790257066174623, 0.7731604042606723, 0.4847597500629034, 0.5442727920825295, 14.578828440828651, 12.027461335234419, 10.522777027593724, 8.682172146271911, 6.921785414744611, 0.02472167239788711, 0.42411528138891186, 0.8505499874192735, 0.7452141658978438, 6.183190094774805, 3.477156965528812, 0.19500138387989602, 16.752185901199365, 15.762300721294977, 15.117048100310328, 14.321202591629623, 11.611435754424225, 10.970029984064414, 9.14617021722721, 0.37274851128071795, 0.3773873605636161, 0.4261518493667703, 0.53080881489558, 0.5448385054097122, 0.455908370376583, 0.48917231401492917, 0.6515320389163805, 0.60593554474545, 0.4817048980961169, 0.5480065000419357, 0.7060668036567976, 0.8443271408202627, 0.6312795018032377, 0.28042409628449183, 6.2905624842740915, 2.97095668036568, 2.131890673488216, 0.43090384131510495, 0.6365972070787554, 0.4454992451564199, 0.5738030277614689, 0.6001652688081858, 0.7690872683049566, 0.6433857670049484, 0.6320715004612931, 7.842879854063575, 5.838331250524196, 2.3466354524867907, 2.1123169923676928, 2.110280424389835, 1.239534471190137, 0.15540145097710292, 9.020468715927198, 6.241797995470939, 3.9660464228801477, 3.210932273756605, 1.5311031200201293, 0.2114070703681964, 0.1625294388996056, 0.28857036819592413, 0.21944019961419142, 0.1025638262182333, 0.4268307053593895, 0.08061414912354252, 0.248970435293131, 8.16454445189969, 6.588806550364841, 4.230008261343623, 3.747454793256731, 2.490779208252958, 0.29897949341608643, 0.6427069110123285, 6.772437096368364, 6.086566258491991, 5.027664052671308, 2.688892015432358, 18.281761595236095, 16.596049022896924, 16.674456890044453, 15.031399102574856, 6.066426864044285, 3.0286594397383206, 0.27736924431770527, 0.038977648242891745, 0.2491967206240041, 0.38542048980961185, 0.0647741759624256, 0.30158177472112685, 0.689095403841315, 0.6505137549274511, 9.392255514551708, 9.255126604042607, 7.205886647655792, 5.980777866308816, 4.720368573345635, 4.502003229053091, 3.6823977606307143, 1.4861854818418188, 0.91266531074394, 0.6171366686236684, 0.7866243814476216, 0.7917158013922673, 0.7456667365595904, 0.8307500209678765, 0.7112713662668785, 0.5885115742682215, 0.9840583326344039, 0.8276951690010896, 0.7893398054180989, 0.7509844418351089, 0.6368234924096284, 0.7471375912102657, 0.6744999999999999, 0.80834777321144, 0.6002784114736226, 0.6346737817663343, 0.8829087897341273, 6.526691227040175, 4.976297282563113, 4.950613897509016, 4.333760085548939, 0.5320533842153823, 0.16886542816405253, 0.5995995554810031, 0.7045959490061223, 0.6198520925941458, 0.9767040593810286, 0.9143624507254885, 0.9983143084794093, 0.43180898263859724, 0.6931685397970307, 6.6535241549945505, 1.8778853895831586, 1.01732227627275, 0.4858911767172688, 0.28144238027342067, 0.4579449383544407, 0.6027675501132269, 0.29083322150465485, 0.28540237356370024, 0.32025031451815794, 0.3825919231736976, 0.04983934412480097, 0.08525299840644136, 0.05119705611003944, 0.22170305292292217, 0.0005091419944648013, 0.23856131007296796, 0.4416523945315776, 0.874875660488132, 0.78209867483016, 0.7077639436383457, 0.6775548519667869, 0.6009572674662419, 0.8138917638178308, 0.6597914534932481, 0.5153082697307727, 0.5053517151723557, 0.6708794347060304, 0.7293741927367277, 0.6748394279963096, 0.7009753837121527, 0.5179105510358131, 0.2532698565797195, 0.19579338253795178, 0.3934536190556069, 0.40352331627945953, 0.42796213201375494, 0.5263962509435541, 0.7230382034722804, 0.9107418854315189, 0.9703680701165812, 0.8018986412815565, 0.9234138639604125, 0.7718026922754339, 0.783908957477145, 1.002726872431435, 0.6205309485867649, 0.5046728591797365, 0.9092710307808435, 0.6458749056445522, 0.5603390505745196, 0.6170235259582323, 0.7990700746456427, 0.68796397718695, 0.8265637423467247, 0.7695398389667027, 0.7346918980122447, 0.7800621068523023, 0.6666931560848777, 0.4875883166988176, 0.758904428415667, 0.753473580474713, 0.6847959825547261, 0.5219836869915292, 0.4822706114232996, 0.46880663423634994, 0.5740293130923423, 0.6071801140652523, 0.6193995219323999, 0.4253598507087138, 0.43113012664597805, 0.5906612849115154, 0.5318270988845087, 0.5394076574687576, 0.28777836953786756, 0.5698430344711903, 0.777120397550952, 0.9039533255053258, 0.4861174620481419, 0.7641089910257486, 0.7018805250356457, 0.939140694456093, 17.694438018954962, 15.807444644804159, 15.073940744779, 15.111617252369369, 12.090934370544325, 9.049546380944394, 6.995667575274681, 0.1678471441751237, 25.164569361737822, 0.7792701081942461, 0.7797226788559924, 0.7027856663591381, 0.8041614945902876, 0.7772335402163889, 0.5672407531661492, 0.4193632894405772, 8.27474540803489, 8.105710265872684, 7.229307179401158, 5.836407825211776, 4.496346095781263, 4.187692904470352, 4.2126974335318295, 4.024541180910845, 0.3583793927702761, 0.0020931393105763437, 0.18764711062652026, 0.7690872683049566, 0.29535892812211645, 0.6758577119852385, 0.5894167155917134, 0.7341261846850627, 0.5836464396544496, 0.41676100813553607, 0.0475764908160702, 0.16433972154659024, 0.40691759624255647, 0.08151929044703483, 0.458850079677933, 0.0545913360731356, 0.03501765495261289, 0.3751245072548853, 0.507727711146523, 0.22192933825379527, 0.9074607481338589, 0.5929241382202468, 0.8460242808018116, 0.7475901618720122, 0.8077820598842577, 0.711837079594062, 0.7137605049064831, 0.7144393608991022, 0.3313382957309403, 0.3644890967038499, 0.33903199698062564, 0.4685803489054769, 0.722246204814225, 0.6866062652017108, 0.6051435460873937, 0.7686346976432107, 0.6803834186027, 0.9760252033884089, 0.7635432776985658, 0.9260161452654532, 0.7549444351253877, 0.6877376918560766, 0.8392357208756184, 0.75290786714753, 0.7724815482680532, 0.4692592048980961, 0.7061799463222346, 0.8477214207833592, 0.6838908412312334, 0.6888691185104419, 0.764561561687495, 0.525717394950935, 0.6336554977774053, 0.42965927199530296, 0.38711762979115993, 0.5079539964773961, 0.41291415751069377, 0.5627150465486876, 0.8420642875115327, 0.6109138220246585, 0.6408966283653442, 0.5529847773211438, 0.9014641868657216, 0.8503237020884004, 0.6412360563616538, 0.5966578461796531, 0.6984862450725492, 0.42253128407280033, 0.5374842321563365, 0.7798358215214285, 0.6797045626100815, 22.52970296905141, 17.714916841398974, 6.681470393357378, 0.6609228801476139, 0.5839858676507584, 0.8403671475299839, 0.6070669713998157, 0.8315420196259334, 0.8233957477145012, 9.237136920238195, 8.218287217982052, 8.398070913360732, 7.275921957561017, 6.251075694036735, 4.1686849366770105, 4.15363696217395, 0.19386995722553063, 0.01182340853811943, 0.07835129581481175, 0.22317390757359717, 0.04078793088987637, 0.3418605636165391, 0.08072729178897982, 0.5105562777824373, 0.1595877295982556, 0.345028558248763, 0.5706350331292461, 0.6429331963432027, 0.4820443260924265, 0.49279287930889915, 0.387570200452906, 0.6626200201291627, 0.29072007883921835, 65.96302251950011, 65.99006361653946, 65.96924536609913, 65.6927246917722, 0.7525684391512201, 0.9242058626184685, 0.8691053845508682, 0.9627875115323327, 0.8226037490564458, 0.7280164807514884, 0.7091216556235845, 0.6544737482177304, 0.6767628533087308, 0.5288853895831588, 0.8813247924180158, 0.7615067097207081, 0.6419149123542731, 0.7314107607145851, 0.7292610500712907, 0.5980155581648912, 0.29456692946406066, 0.17067571081103716, 0.3724090832844084, 0.21355678101148987, 0.20484479577287562, 0.1955670972070787, 0.3345062903631641, 0.3859862031367945, 0.08785527971148252, 0.2522515725907914, 0.4795551874528226, 0.682533129245995, 0.4071438815734295, 0.6155526713075573, 0.6649960161033299, 0.5710876037909922, 0.5876064329447291, 0.6627331627945993, 9.648410509100056, 9.053958944896417, 9.169251320976263, 9.28454369705611, 9.037100687746369, 8.862068984316029, 8.690884131510526, 0.20224251446783523, 0.36720452067432685, 0.43418497861276534, 0.0496130587939279, 0.17995340937683485, 0.06703702927115712, 0.3785187872179822, 0.4717483435377007, 0.5768578797282565, 0.41596900947748106, 0.2034870837876372, 0.26548926444686793, 0.4005816069781095, 0.21446192233498293, 0.5101037071206911, 0.4552295143839638, 0.39831875366937874, 0.4001290363163634, 0.28121609494254834, 0.38813591378008877, 0.3595108194246414, 0.5184762643629958, 0.3308857250691941, 0.4344112639436384, 0.18527111465235294, 0.470503774217898, 0.4626969303027761, 0.5714270317873019, 8.800179946322235, 5.81988899605804, 0.8183043277698568, 13.299298037406691, 12.00551165813973, 11.87698159020381, 11.720505283905059, 11.408570955296485, 11.106140610584587, 10.717269269479157, 0.3698068019793672, 0.32092917051077724, 0.20167680114065256, 0.49878944057703567, 0.03173651765495251, 0.13537519919483332, 0.0823112891050906, 0.22724704352931258, 0.07405187452822252, 0.0191776817914952, 0.12881292459951404, 0.10426096619978215, 0.4283015600100646, 0.3882490564455253, 0.6465537616371719, 0.6634120187872184, 0.6356920657552634, 0.7620724230478907, 20.47672930470519, 19.55687943470603, 15.019066552042272, 13.721885892812212, 12.778841776398558, 12.638318585926362, 12.060272708211022, 0.75290786714753, 0.9423086890883166, 0.574595026419525, 0.46439407028432417, 0.9133441667365593, 0.5885115742682215, 0.7650141323492408, 0.9472869663675246, 0.7676164136542816, 0.7349181833431181, 0.6531160362324915, 0.8700105258743605, 0.6954313931057623, 0.5690510358131342, 0.4595289356705522, 0.4476489557997149, 0.6660143000922585, 49.34677753082279, 48.34976436299589, 47.92740279292124, 47.28543130923426, 47.15825895328357, 11.06167554306802, 8.997953325505327, 0.35521139813805225, 0.4564740837037657, 0.11851694204478752, 0.5544556319718192, 0.5449516480751488, 0.4213998574184349, 0.40205246162878455, 0.19024939193156065, 0.12406093265117793, 0.18413968799798752, 0.16988371215298215, 0.2805372389499291, 0.2783875283066341, 0.413593013503313, 0.22588933154407487, 0.8505499874192739, 0.8177386144426738, 0.364941667365596, 0.30418405602616794, 8.4765919231737, 7.660267592048982, 3.6753829153736475, 2.585819047219661, 0.19692480919231717, 0.2143487796695464, 0.08808156504235483, 0.08321643042858291, 0.06862102658726867, 26.16486366686237, 25.755966073974676, 25.440298037406695, 0.5289985322485954, 0.6621674494674161, 0.51112199110962, 0.7319764740417672, 0.6842302692275438, 0.42603870670133376, 0.48181804076155343, 0.276464102994213, 0.16219001090329602, 0.09769869160446214, 0.10143239956386792, 0.2581349911934914, 0.16988371215298137, 0.5165528390505746, 8.837743311247168, 8.245441457686823, 7.950025958231989, 8.1930564035897, 7.556402625178229, 7.659362450725489, 7.922306005200035, 8.060000629036317, 0.06873416925270445, 0.17497513209762638, 0.3804422125304034, 0.21389620900780024, 0.21366992367692644, 0.1538174536609914, 0.02245881908915558, 0.04701077748888675, 0.3243234504738741, 0.22487104755514603, 0.1977168078503737, 0.2996583494087064, 0.6068406860689423, 0.32975429841482873, 0.458058081019878, 0.16977056948754563, 0.28483666023651755, 0.5641859011993626, 0.5377105174872095, 0.48815403002600033, 0.6603571668204311, 0.7001833850540974, 0.8787225111129751, 0.7221330621487881, 0.59937327015013, 7.95851165813973, 7.992341315105259, 6.799591336073136, 5.959846473203054, 3.1688432022142083, 2.3820491067684313, 2.0192005787134115, 0.21672477564371373, 0.2826869495932233, 0.30158177472112757, 0.2244184768933991, 0.1318677765663006, 6.088037113142667, 4.800247295143841, 4.705660026838884, 3.9417207498112896, 3.592788769604965, 2.920155623584669, 0.4538718023987253, 0.40804902289692185, 0.6091035393776735, 0.572219030445358, 0.2017899438060891, 0.2160459196510945, 0.7756495429002767, 0.6895479745030616, 0.9149281640526716, 5.868992912857503, 5.115349618384635, 3.7782295982554723, 0.24998871928205987, 0.6996176717269141, 0.24195559003606484, 0.5779893063826215, 0.12688949928709214, 0.4874751740333811, 0.4966397299337415, 0.2897017948502895, 0.09226784366350751, 0.51112199110962, 0.7004096703849697, 13.596297534177637, 11.84315193323828, 11.297691143168665, 10.14012853308731, 10.137526251782269, 8.211159230059549, 76.69347290950265, 74.95628042438983, 0.13051006458106212, 0.42547299337415107, 0.6035595487712827, 0.4022787469596584, 0.49200088065084263, 0.9914126058877797, 0.6955445357711983, 0.7018805250356457, 0.5881721462719111, 0.5784418770443681, 0.4000158936509268, 0.3296411557493914, 0.43633468925605956, 0.0013011406525198189, 0.5644121865302353, 6.7649696804495525, 4.932737356370042, 0.4968660152646146, 0.8467031367944311, 15.575841608655537, 13.221455883586346, 9.934887737985408, 4.619332173110795, 1.9319675836618304, 0.35441939947999723, 14.490690304453578, 1.568553342279628, 0.914023022729179, 0.7773466828818251, 0.48623060471357843, 0.38575991780592145, 0.36120795940618955, 0.05900390002516136, 0.08208500377421754, 0.08072729178897906, 0.04814220414325289, 0.25892698985154716, 0.16999685481841795, 0.039995932231820595, 24.427784324415, 22.99596389331544, 22.784500251614517, 21.68656382621824, 20.923755975845005, 19.788482470854653, 18.928598213536862, 0.049499916128491354, 0.04633192149626827, 0.14770774972741754, 0.024269101736140202, 0.351590832844083, 0.031170804327769818, 0.18051912270401754, 0.525943680281808, 0.695997106432945, 0.75290786714753, 0.24614186865721754, 0.1681865721714333, 0.013067977857921355, 0.6098955380357296, 0.6946393944477061, 0.7241696301266463, 0.6570760295227716, 12.299908873605638, 7.982837331208589, 1.709302818082698, 0.7794963935251188, 6.203668917218821, 5.9896029942128655]",3.504263260247732,0.6744999999999999,6.882515932166321,0.0005091419944640475,76.69347290950265,1810.0,1.0,3.0,1.0
