Cluster,Dist,mean,median,std,min,max,bag_count,day_count,Cluster_Rank,Cluster_perc
0,"[0.9402121212121284, 0.49054545454547305, 1.144606060606081, 1.3081212121212162, 0.0, 0.49054545454547305, 1.4307575757576017, 0.24527272727273652, 38.01727272727308, 121.53263636363751, 43.331515151515546, 0.3679090909090878, 1.0628484848484796, 85.43666666666743, 0.0817575757575675, 0.44966666666665533, 0.7358181818181756, 0.6540606060606081, 0.8175757575757772, 12.67242424242436, 1.4716363636363854, 0.7766969696969934, 0.32703030303030406, 0.8584545454545609, 0.0817575757575675, 0.5723030303030405, 0.6131818181818244, 0.0817575757575675, 0.6540606060606081, 0.24527272727273652, 0.6131818181818244, 0.32703030303030406, 0.3679090909090878, 2.166575757575777, 0.0817575757575675, 84.37381818181899, 0.9810909090909122, 0.8584545454545609, 0.28615151515152026, 0.24527272727273652, 0.6131818181818244, 0.8993333333333445, 0.0817575757575675, 0.3679090909090878, 1.4307575757576017, 2.37096969696973, 0.5723030303030405, 0.7766969696969934, 0.49054545454547305, 0.8175757575757772, 0.5314242424242569, 0.24527272727273652, 0.32703030303030406, 1.5942727272727366, 1.1037272727272975, 0.8175757575757772, 0.6131818181818244, 1.185484848484865, 3.065909090909122, 0.24527272727273652, 0.24527272727273652, 0.6131818181818244, 39.69330303030338, 1.3898787878788177, 0.7766969696969934, 0.32703030303030406, 0.9402121212121284, 87.19445454545534, 0.6131818181818244, 0.3679090909090878, 0.5723030303030405, 0.6949393939393919, 0.5723030303030405, 0.6131818181818244, 0.7766969696969934, 0.4087878787878716, 0.12263636363635126, 0.20439393939395278, 0.16351515151516904, 48.19609090909135, 0.4087878787878716, 0.9402121212121284, 1.349, 0.0817575757575675, 0.5314242424242569, 0.04087878787878375, 0.16351515151516904, 1.5942727272727366, 0.28615151515152026, 1.3081212121212162, 0.32703030303030406, 0.6131818181818244, 0.32703030303030406, 0.9810909090909122, 1.8395454545454732, 1.6351515151515201, 0.9402121212121284, 0.4087878787878716, 0.8584545454545609, 80.12242424242501, 0.7766969696969934, 2.0848181818182097, 0.28615151515152026, 0.3679090909090878, 1.2672424242424325, 0.44966666666665533, 0.0817575757575675, 43.12712121212162, 0.12263636363635126, 0.5723030303030405, 0.49054545454547305, 1.185484848484865, 0.32703030303030406, 0.24527272727273652, 1.144606060606081, 83.02481818181892, 0.0817575757575675, 0.44966666666665533, 0.8584545454545609, 0.04087878787878375, 2.2483333333333446, 0.44966666666665533, 0.24527272727273652, 1.512515151515169, 0.5723030303030405, 0.12263636363635126, 0.04087878787878375, 0.9810909090909122, 48.85015151515196, 0.0, 2.7388787878788174, 2.4527272727272975, 2.7797575757576016, 0.24527272727273652, 2.7797575757576016, 0.12263636363635126, 0.7358181818181756, 0.32703030303030406, 0.16351515151516904, 0.44966666666665533, 79.2639696969704, 0.44966666666665533, 84.53733333333412, 0.32703030303030406, 0.6540606060606081, 0.6540606060606081, 0.16351515151516904, 42.7592121212125, 1.3898787878787837, 0.12263636363635126, 0.12263636363635126, 0.49054545454547305, 0.5314242424242569, 0.44966666666665533, 0.16351515151516904, 0.24527272727273652, 0.32703030303030406, 0.9402121212121284, 0.20439393939395278, 0.49054545454547305, 0.6949393939393919, 0.28615151515152026, 0.28615151515152026, 0.5723030303030405, 0.0, 0.3679090909090878, 0.9810909090909122, 0.0817575757575675, 0.7358181818181756, 0.49054545454547305, 85.19139393939473, 55.96306060606112, 0.32703030303030406, 0.9810909090909122, 0.12263636363635126, 1.144606060606081, 0.8584545454545609, 0.49054545454547305, 1.0628484848484796, 0.3679090909090878, 0.6540606060606081, 0.7358181818181756, 0.5723030303030405, 1.349, 0.49054545454547305, 1.798666666666689, 0.16351515151516904, 37.32233333333368, 0.4087878787878716, 0.32703030303030406, 0.7358181818181756, 0.44966666666665533, 1.1037272727272975, 0.7358181818181756, 0.20439393939395278, 0.3679090909090878, 0.04087878787878375, 0.0, 0.8584545454545609, 1.5533939393939529, 0.49054545454547305, 0.8175757575757772, 86.2133636363644, 0.8584545454545609, 1.2263636363636488, 0.8584545454545609, 0.8175757575757772, 0.32703030303030406, 0.28615151515152026, 1.9213030303030405, 46.15215151515193, 87.35796969697047, 132.0384848484861, 97.86381818181906, 6.458848484848548, 0.24527272727273652, 0.7766969696969934, 1.2263636363636488, 0.5723030303030405, 0.6131818181818244, 1.185484848484865, 0.16351515151516904, 0.7358181818181756, 0.04087878787878375, 0.49054545454547305, 0.24527272727273652, 1.144606060606081, 0.3679090909090878, 0.5723030303030405, 0.3679090909090878, 0.6131818181818244, 0.5314242424242569, 0.04087878787878375, 0.8175757575757772, 0.9810909090909122, 0.24527272727273652, 0.32703030303030406, 0.44966666666665533, 1.6351515151515201, 0.6540606060606081, 1.4307575757576017, 1.2672424242424325, 0.04087878787878375, 0.9810909090909122, 1.8804242424242568, 0.7358181818181756, 0.7358181818181756, 0.49054545454547305, 0.6949393939393919, 1.9213030303030405, 0.20439393939395278, 85.47754545454622, 0.44966666666665533, 0.28615151515152026, 0.5723030303030405, 0.7766969696969934, 0.5314242424242569, 0.28615151515152026, 0.0, 1.5533939393939529, 0.8584545454545609, 0.0817575757575675, 0.04087878787878375, 0.8584545454545609, 0.9810909090909122, 45.2936969696974, 0.8584545454545609, 0.6949393939393919, 1.1037272727272975, 0.49054545454547305, 0.9402121212121284, 1.144606060606081, 0.6540606060606081, 0.28615151515152026, 1.0628484848484796, 0.8175757575757772, 0.04087878787878375, 83.80151515151596, 1.9621818181818245, 0.04087878787878375, 0.5723030303030405, 0.44966666666665533, 0.8584545454545609, 0.5723030303030405, 0.8993333333333445, 2.1256969696969934, 1.9213030303030405, 0.9402121212121284, 0.6131818181818244, 0.20439393939395278, 2.0848181818182097, 47.01060606060649, 1.2672424242424325, 0.6540606060606081, 47.50115151515196, 1.2672424242424325, 0.5723030303030405, 0.32703030303030406, 0.04087878787878375, 39.69330303030338, 82.28900000000074, 0.3679090909090878, 0.6540606060606081, 0.0, 1.4307575757576017, 0.5723030303030405, 0.0817575757575675, 0.7766969696969934, 0.4087878787878716, 86.00896969697048, 0.16351515151516904, 0.8584545454545609, 0.4087878787878716, 0.16351515151516904, 0.6131818181818244, 0.04087878787878375, 1.9621818181818245, 0.0817575757575675, 0.16351515151516904, 0.28615151515152026, 0.28615151515152026, 1.2672424242424325, 83.96503030303109, 1.021969696969696, 0.6540606060606081, 0.5314242424242569, 0.8993333333333445, 0.9402121212121284, 0.6131818181818244, 85.0278787878796, 2.902393939393953, 1.3898787878787837, 0.12263636363635126, 1.4716363636363854, 2.902393939393953, 0.4087878787878716, 0.9402121212121284, 0.8993333333333445, 0.49054545454547305, 0.24527272727273652, 1.0628484848484796, 0.44966666666665533, 1.2263636363636488, 84.45557575757655, 0.32703030303030406, 0.20439393939395278, 0.32703030303030406, 1.144606060606081, 2.003060606060608, 42.023393939394325, 1.144606060606081, 0.28615151515152026, 0.0817575757575675, 0.8175757575757772, 0.8993333333333445, 0.8584545454545609, 0.20439393939395278, 0.24527272727273652, 1.185484848484865, 3.9243636363636827, 0.8993333333333445, 0.8993333333333445, 0.32703030303030406, 82.77954545454621, 0.44966666666665533, 1.021969696969696, 0.8993333333333445, 3.556454545454595, 0.4087878787878716, 0.6131818181818244, 1.2263636363636488, 0.0817575757575675, 1.2263636363636488, 0.7358181818181756, 0.32703030303030406, 0.0817575757575675, 85.10963636363716, 157.91475757575898, 1.3898787878787837, 0.0817575757575675, 0.9402121212121284, 0.28615151515152026, 0.0, 0.8993333333333445, 0.6131818181818244, 0.5314242424242569, 0.3679090909090878, 1.021969696969696, 0.6949393939393919, 0.20439393939395278, 1.1037272727272975, 0.24527272727273652, 0.0, 1.021969696969696, 0.6540606060606081, 1.8395454545454732, 0.6540606060606081, 0.6540606060606081, 0.7358181818181756, 0.9810909090909122, 0.16351515151516904, 0.32703030303030406, 0.6540606060606081, 42.064272727273114, 0.5723030303030405, 0.3679090909090878, 84.65996969697048, 0.20439393939395278, 0.8175757575757772, 1.185484848484865, 43.822060606061015, 0.0817575757575675, 84.70084848484926, 0.24527272727273652, 1.512515151515169, 0.24527272727273652, 1.2263636363636488, 0.24527272727273652, 2.3300909090909463, 1.021969696969696, 0.16351515151516904, 1.1037272727272975, 1.5942727272727366, 0.49054545454547305, 0.6949393939393919, 0.7766969696969934, 0.6131818181818244, 0.20439393939395278, 1.021969696969696, 0.3679090909090878, 0.6949393939393919, 0.7766969696969934, 0.8993333333333445, 39.36627272727308, 0.8584545454545609, 0.7358181818181756, 0.7358181818181756, 0.0817575757575675, 0.49054545454547305, 1.185484848484865, 0.20439393939395278, 1.5533939393939529, 0.12263636363635126, 1.3081212121212162, 0.9810909090909122, 0.3679090909090878, 0.7766969696969934, 0.44966666666665533, 1.4716363636363854, 0.3679090909090878, 84.29206060606136, 1.5533939393939529, 0.32703030303030406, 0.7358181818181756, 0.32703030303030406, 0.7358181818181756, 43.37239393939433, 0.6131818181818244, 0.8175757575757772, 0.04087878787878375, 1.512515151515169, 49.013666666667135, 0.6949393939393919, 0.0817575757575675, 0.4087878787878716, 0.0817575757575675, 45.04842424242466, 1.2672424242424325, 0.6949393939393919, 0.6540606060606081, 1.3898787878788177, 85.39578787878865, 133.75539393939513, 53.878242424242906, 138.21118181818312, 183.21872727272893, 142.87136363636492, 1.1037272727272975, 0.32703030303030406, 2.2892121212121284, 1.6351515151515201, 0.9402121212121284, 0.04087878787878375, 0.49054545454547305, 1.4307575757576017, 0.7358181818181756, 0.24527272727273652, 1.6351515151515201, 45.98863636363679, 51.91606060606109, 0.49054545454547305, 0.24527272727273652, 0.4087878787878716, 0.44966666666665533, 1.8804242424242568, 0.16351515151516904, 0.3679090909090878, 0.4087878787878716, 0.28615151515152026, 0.44966666666665533, 0.0, 0.20439393939395278, 0.8993333333333445, 0.44966666666665533, 1.021969696969696, 81.1035151515159, 3.7608484848485135, 0.16351515151516904, 0.8175757575757772, 0.44966666666665533, 0.16351515151516904, 1.7577878787879055, 0.0, 104.44530303030399, 0.8993333333333445, 0.04087878787878375, 0.5058750000000175, 0.5058750000000175, 0.21078124999997805, 49.19634375000028, 0.4215625000000263, 1.1803749999999824, 0.25293749999997367, 0.5058750000000175, 1.096062499999991, 46.919906250000274, 53.49628125000033, 140.75971875000081, 0.7166562499999957, 0.08431249999999121, 0.04215624999999561, 2.149968749999987, 0.6745, 0.3794062499999956, 0.8852812500000131, 0.04215624999999561, 1.0539062499999956, 0.37940625000003075, 0.0, 0.21078124999997805, 1.5176249999999825, 47.594406250000276, 0.8009687499999868, 3.9205312500000127, 0.5058749999999824, 0.5058750000000175, 0.5901875000000087, 0.5480312499999781, 0.46371874999998686, 0.25293750000000875, 0.6745, 2.908781250000013, 0.2950937500000044, 0.08431250000002632, 0.6323437500000044, 0.885281249999978, 1.0960625000000264, 1.1803750000000175, 81.69881250000051, 1.4333125000000262, 0.7588125000000263, 0.9274375000000087, 0.25293750000000875, 1.8970312500000133, 0.6745, 0.42156249999999124, 0.7166562500000307, 1.349, 0.5901875000000087, 0.5901875000000087, 1.1382187499999867, 84.81837500000047, 0.16862500000001757, 0.9274375000000087, 1.4333125000000262, 1.0539062499999956, 0.08431250000002632, 0.0, 0.4215625000000263, 86.5467812500005, 0.9695937500000044, 0.800968750000022, 0.2950937500000044, 1.6019375000000087, 1.2225312500000132, 0.6323437500000044, 0.7166562499999957, 0.04215624999999561, 0.5058750000000175, 0.25293750000000875, 0.16862499999998243, 85.8301250000005, 2.107812499999991, 0.3794062499999956, 0.6745, 0.0, 0.08431250000002632, 86.12521875000047, 1.812718750000022, 0.2950937500000044, 0.6323437500000044, 0.42156249999999124, 0.0, 0.6323437500000044, 0.46371875000002194, 44.685625000000265, 130.72653125000076, 51.21984375000029, 2.8244687500000216, 57.75406250000034, 2.6558437500000394, 0.25293750000000875, 0.6323437500000044, 0.25293750000000875, 1.096062499999991, 0.2950937500000044, 0.25293750000000875, 0.6323437500000044, 1.8548750000000174, 0.9274375000000087, 1.0539062499999956, 0.08431249999999121, 0.6745, 0.6745, 0.08431250000002632, 0.46371875000002194, 0.6323437500000044, 1.1803749999999824, 85.49287500000047, 0.2950937500000044, 1.812718750000022, 0.21078125000001316, 0.33725, 1.0960625000000264, 64.87846875000038, 0.46371874999998686, 0.0, 0.04215624999999561, 0.16862499999998243, 0.5901875000000087, 1.6019375000000087, 0.37940625000003075, 0.9695937500000044, 0.16862499999998243, 0.8431250000000176, 0.33725, 0.4215625000000263, 0.6323437500000044, 0.885281249999978, 1.7705625000000262, 2.2764375000000086, 0.800968750000022, 1.01175, 0.12646875000002195, 1.7284062499999955, 1.686250000000035, 1.0539062500000307, 0.8009687499999868, 0.9695937500000044, 0.5480312500000132, 0.6745, 1.3911562499999957, 0.8431250000000176, 1.7284062500000308, 0.3794062499999956, 0.8852812500000131, 87.34775000000049, 0.37940625000003075, 0.5901875000000087, 81.69881250000051, 0.7166562500000307, 0.46371874999998686, 0.16862500000001757, 0.25293750000000875, 0.46371875000002194, 1.0960625000000264, 0.16862500000001757, 0.7588125000000263, 0.08431250000002632, 86.5046250000005, 99.57306250000063, 0.8009687499999868, 0.7166562499999957, 0.33725, 45.31796875000027, 0.6745, 0.12646875000002195, 0.2950937500000044, 1.138218750000022, 0.46371874999998686, 1.2646875000000088, 0.6323437500000044, 89.49771875000054, 99.1093437500006, 0.16862499999998243, 0.8431250000000176, 0.16862499999998243, 0.33725, 1.3068437500000043, 0.12646874999998683, 0.25293750000000875, 0.2950937500000044, 0.7588124999999912, 0.6745, 2.0235, 0.4215625000000263, 0.16862500000001757, 0.8009687499999868, 0.6323437500000044, 0.885281249999978, 0.9695937500000044, 0.4215625000000263, 0.4215625000000263, 1.7705624999999912, 0.2950937500000044, 85.1977812500005, 0.5058750000000175, 0.16862499999998243, 48.47968750000029, 0.5901875000000087, 4.679343750000005, 1.1382187499999867, 2.023500000000035, 1.8548750000000174, 0.5901875000000087, 1.7284062499999955, 0.6745, 0.8431249999999825, 0.9274375000000087, 0.16862500000001757, 0.16862500000001757, 0.12646874999998683, 3.03525, 0.7588125000000263, 16.356625000000086, 1.7705625000000262, 1.7705624999999912, 0.8009687499999868, 1.349000000000035, 0.8852812500000131, 0.6323437500000044, 0.21078125000001316, 1.1382187499999867, 1.3911562499999957, 0.16862499999998243, 0.0, 0.08431249999999121, 0.6745, 1.3068437500000043, 1.1382187499999867, 1.0539062500000307, 0.33725, 0.16862500000001757, 0.25293749999997367, 0.800968750000022, 1.1382187499999867, 1.3068437500000043, 88.82321875000055, 0.5058750000000175, 0.12646874999998683, 0.8009687499999868, 0.5058749999999824, 2.2342812500000133, 0.25293750000000875, 0.8431250000000176, 54.55018750000033, 1.2646875000000088, 1.0960625000000264, 1.138218750000022, 0.800968750000022, 0.7588125000000263, 0.46371875000002194, 0.42156249999999124, 44.01112500000026, 0.16862500000001757, 0.5901875000000087, 2.0235, 0.2950937500000044, 1.4754687499999868, 0.9274375000000087, 0.25293749999997367, 0.5058750000000175, 0.8009687499999868, 0.42156249999999124, 0.6323437500000044, 0.37940625000003075, 47.97381250000027, 1.0539062500000307, 0.4215625000000263, 0.6323437500000044, 0.16862499999998243, 0.6745, 0.08431249999999121, 0.21078124999997805, 1.7284062499999955, 1.349000000000035, 0.9274375000000087, 0.5480312499999781, 1.559781250000013, 0.5901875000000087, 0.5901875000000087, 0.885281249999978, 0.4215625000000263, 0.16862500000001757, 0.2950937500000044, 0.9274375000000087, 0.8852812500000131, 0.33725, 0.37940625000003075, 47.425781250000256, 1.0539062499999956, 0.16862499999998243, 2.023500000000035, 0.4215625000000263, 0.04215624999999561, 48.98556250000028, 49.11203125000029, 134.9000000000008, 0.885281249999978, 0.46371875000002194, 0.5480312500000132, 1.0539062500000307, 0.21078125000001316, 0.2950937500000044, 0.16862500000001757, 0.6323437500000044, 0.08431249999999121, 1.8127187499999866, 0.04215624999999561, 0.9695937500000044, 0.9695937500000044, 0.800968750000022, 0.7588124999999912, 0.2950937500000044, 46.37187500000026, 1.0539062500000307, 0.5480312499999781, 52.99040625000031, 2.1921250000000176, 0.7588125000000263, 1.9813437500000042, 0.16862499999998243, 0.04215624999999561, 0.7166562500000307, 0.16862500000001757, 0.16862499999998243, 1.1803750000000175, 0.16862499999998243, 0.2950937500000044, 0.12646874999998683, 1.0539062499999956, 0.7166562500000307, 1.4754687500000219, 1.5176250000000175, 0.5058750000000175, 86.6310937500005, 0.46371875000002194, 0.04215624999999561, 0.04215624999999561, 0.12646875000002195, 0.21078124999997805, 23.35456250000013, 111.62975000000064, 1.7284062500000308, 0.16862500000001757, 47.13068750000029, 57.07956250000034, 0.9695937500000044, 0.25293749999997367, 0.5058750000000175, 0.3794062499999956, 2.908781250000013, 0.25293750000000875, 4.0048437500000045, 0.800968750000022, 0.800968750000022, 0.08431250000002632, 0.5058750000000175, 0.5480312500000132, 1.8970312500000133, 0.08431249999999121, 0.21078125000001316, 1.8548750000000174, 0.9274375000000087, 0.2950937500000044, 0.5480312500000132, 0.37940625000003075, 1.096062499999991, 1.0539062500000307, 0.2950937500000044, 0.08431250000002632, 0.21078125000001316, 1.4754687499999868, 0.04215624999999561, 0.12646874999998683, 1.0539062500000307, 0.12646875000002195, 1.2225312500000132, 0.9274375000000087, 0.6323437500000044, 71.49700000000045, 0.25293749999997367, 0.42156249999999124, 0.33725, 1.138218750000022, 0.04215624999999561, 1.01175, 0.5058749999999824, 0.08431249999999121, 51.13553125000029, 0.9274375000000087, 0.33725, 0.33725, 0.25293750000000875, 0.33725, 1.138218750000022, 45.57090625000028, 0.7166562500000307, 0.04215624999999561, 0.08431250000002632, 0.5058749999999824, 0.33725, 87.2212812500005, 139.32640625000084, 138.10387500000084, 23.101625000000123, 1.349000000000035, 0.7166562500000307, 0.6323437500000044, 0.37940625000003075, 0.42156249999999124, 12.773343750000075, 0.6745, 1.1382187499999867, 1.3068437500000043, 0.800968750000022, 2.950937500000009, 1.01175, 88.0222500000005, 0.25293750000000875, 0.25293750000000875, 0.21078125000001316, 1.2225312500000132, 0.08431249999999121, 0.9695937500000044, 0.8431250000000176, 0.42156249999999124, 0.7166562500000307, 0.08431249999999121, 0.16862500000001757, 0.33725, 0.25293750000000875, 49.069875000000295, 0.800968750000022, 0.6745, 0.7562575757575485, 86.07028787878649, 0.3883484848485039, 1.7782272727272186, 1.0832878787878444, 0.5518636363636007, 0.26571212121212173, 86.39731818181681, 0.4292272727272526, 86.07028787878649, 0.14307575757573954, 0.674499999999983, 0.3883484848485039, 2.023499999999949, 1.287681818181792, 0.224833333333339, 0.02043939393939136, 0.8380151515151479, 0.224833333333339, 1.3285606060606086, 0.5927424242424175, 0.7562575757575825, 3.0863484848484357, 0.18395454545452225, 0.02043939393939136, 0.18395454545455628, 0.5927424242424175, 0.224833333333339, 0.5518636363636349, 40.858348484847824, 124.82337878787678, 1.8191060606060354, 0.22483333333330494, 44.046893939393215, 1.1650454545454438, 0.7562575757575825, 0.8788939393939306, 0.06131818181817408, 0.9606515151514959, 0.3883484848485039, 0.7971363636363651, 0.06131818181817408, 0.5927424242424175, 0.7562575757575485, 0.5927424242424175, 0.8788939393939306, 0.38834848484846984, 0.26571212121212173, 1.2059242424242262, 0.7562575757575825, 86.0294090909077, 48.25740909090831, 0.1021969696969568, 0.3474696969696872, 0.5518636363636007, 0.8788939393939306, 0.5518636363636007, 0.8788939393939306, 1.0832878787878444, 0.224833333333339, 0.47010606060603527, 0.1021969696969568, 0.061318181818208126, 0.8380151515151139, 0.3065909090909045, 0.10219696969699084, 0.18395454545452225, 1.0832878787878781, 0.3474696969696872, 3.1272272727272186, 0.3474696969696872, 0.10219696969699084, 0.7153787878787998, 0.42922727272728667, 0.5109848484848181, 0.4292272727272526, 0.42922727272728667, 1.1241666666666268, 0.02043939393939136, 0.7153787878787998, 0.3065909090909045, 0.224833333333339, 0.061318181818208126, 0.8788939393939306, 0.3065909090909045, 0.26571212121212173, 1.124166666666661, 0.14307575757573954, 1.3694393939393572, 0.510984848484852, 1.7373484848484357, 0.42922727272728667, 2.7184393939393234, 1.3285606060606086, 0.14307575757577357, 1.4511969696969567, 0.224833333333339, 0.3065909090909045, 1.0832878787878781, 0.3065909090909045, 0.47010606060603527, 0.38834848484846984, 2.5140454545454096, 0.26571212121212173, 0.4701060606060694, 1.6147121212121218, 0.02043939393939136, 13.265166666666456, 0.224833333333339, 0.22483333333330494, 0.1021969696969568, 1.2059242424242262, 0.3065909090909045, 1.5738333333333048, 0.7153787878787656, 0.5927424242424175, 0.7971363636363651, 0.5518636363636007, 44.087772727272, 0.14307575757573954, 1.9008636363636007, 0.1021969696969568, 32.31468181818128, 0.5109848484848181, 1.0015303030302787, 85.45710606060467, 1.5738333333333048, 87.21489393939252, 1.6147121212121218, 0.02043939393939136, 0.47010606060603527, 40.98098484848417, 7.092469696969585, 0.3065909090909045, 0.14307575757573954, 1.0424090909090957, 0.14307575757573954, 0.3883484848485039, 0.674499999999983, 0.18395454545455628, 1.41031818181814, 3.2498636363635667, 0.06131818181817408, 0.22483333333330494, 43.22931818181749, 0.3883484848485039, 0.14307575757573954, 0.26571212121212173, 0.6336212121212003, 0.9606515151514959, 0.4292272727272526, 0.18395454545455628, 0.3474696969696872, 0.7971363636363651, 0.18395454545455628, 2.2278939393939305, 0.5518636363636007, 80.75604545454412, 1.2059242424242262, 89.87201515151368, 3.6995303030302447, 0.26571212121212173, 1.0832878787878781, 0.47010606060603527, 1.4511969696969567, 0.1021969696969568, 1.9417424242424175, 1.0015303030303129, 0.8788939393939306, 0.510984848484852, 1.6555909090908705, 87.86895454545312, 136.10592424242205, 90.32168181818037, 134.02110606060393, 0.9197727272727134, 0.02043939393939136, 0.3065909090909045, 0.3474696969696872, 0.42922727272728667, 0.674499999999983, 0.4292272727272526, 0.6336212121212003, 1.8191060606060354, 0.42922727272728667, 0.06131818181817408, 1.4103181818181743, 35.09443939393881, 1.9008636363636007, 46.45874242424166, 0.7971363636363311, 61.379499999999, 0.5518636363636007, 0.7153787878787656, 0.061318181818208126, 1.287681818181792, 0.06131818181817408, 0.18395454545455628, 0.14307575757573954, 0.14307575757577357, 85.04831818181678, 90.40343939393793, 0.5927424242424175, 0.9197727272727134, 1.859984848484818, 1.3694393939393914, 1.5738333333333048, 0.1021969696969568, 0.26571212121212173, 1.4103181818181743, 1.0832878787878781, 0.26571212121212173, 0.8788939393939306, 1.5738333333333048, 0.4701060606060694, 0.7153787878787998, 0.7971363636363311, 1.0015303030302787, 83.862833333332, 0.3883484848485039, 0.3474696969696872, 13.796590909090666, 0.14307575757577357, 83.78107575757438, 0.38834848484846984, 0.510984848484852, 0.8788939393939306, 0.9197727272727134, 0.9606515151514959, 0.10219696969699084, 0.42922727272728667, 1.124166666666661, 84.02634848484715, 0.10219696969699084, 1.0424090909090957, 0.7562575757575485, 0.02043939393939136, 0.4292272727272526, 0.26571212121212173, 0.06131818181817408, 0.3065909090909045, 0.510984848484852, 0.47010606060603527, 0.061318181818208126, 2.187015151515114, 1.1650454545454096, 86.84698484848343, 0.3474696969696872, 0.9606515151514959, 0.510984848484852, 1.0424090909090957, 0.3883484848485039, 47.84862121212041, 1.696469696969687, 0.4292272727272526, 0.7153787878787656, 0.3065909090909045, 0.3065909090909045, 0.7562575757575825, 1.3694393939393914, 0.6336212121212003, 2.187015151515114, 1.3694393939393914, 0.7153787878787656, 44.29216666666594, 88.23686363636224, 0.061318181818208126, 1.287681818181792, 0.26571212121212173, 2.3505303030302445, 1.859984848484818, 0.02043939393939136, 1.0015303030303129, 1.5738333333333048, 0.6336212121212003, 0.224833333333339, 45.27325757575683, 2.309651515151462, 0.02043939393939136, 0.1021969696969568, 75.97322727272606, 0.7971363636363651, 0.3065909090909045, 1.0015303030303129, 0.3065909090909045, 0.26571212121212173, 83.6993181818168, 167.90962121211848, 0.10219696969699084, 2.064378787878766, 1.0832878787878781, 0.06131818181817408, 0.22483333333330494, 85.21183333333198, 3.2907424242423495, 48.25740909090831, 0.06131818181817408, 0.8380151515151479, 0.7971363636363311, 0.8380151515151479, 1.8191060606060354, 43.678984848484134, 1.9417424242423835, 0.3474696969696872, 5.90698484848475, 46.74489393939318, 7.991803030302907, 1.9008636363636007, 0.14307575757577357, 0.674499999999983, 0.3883484848485039, 0.47010606060603527, 0.18395454545452225, 0.06131818181817408, 0.3883484848485039, 0.7971363636363651, 2.2278939393939305, 42.90228787878716, 2.1052575757575145, 0.5927424242424175, 1.0015303030302787, 91.34365151515007, 1.246803030303009, 1.287681818181792, 0.42922727272728667, 0.7153787878787656, 0.14307575757577357, 0.9606515151514959, 1.3694393939393572, 85.29359090908954, 0.5518636363636349, 0.5518636363636349, 44.087772727272, 1.124166666666661, 0.22483333333330494, 0.061318181818208126, 0.9606515151514959, 1.0015303030303129, 0.18395454545455628, 0.9197727272727134, 0.1021969696969568, 0.1021969696969568, 0.8788939393939306, 0.18395454545455628, 0.4292272727272526, 0.9197727272727134, 0.224833333333339, 0.5927424242424175, 1.5738333333333048, 1.6555909090909045, 0.3474696969696872, 0.14307575757573954, 44.00601515151443, 0.7153787878787998, 0.18395454545455628, 0.3065909090909045, 0.5518636363636349, 0.14307575757577357, 0.47010606060603527, 0.5109848484848181, 0.4701060606060694, 0.5927424242424175, 0.02043939393939136, 0.14307575757573954, 0.42922727272728667, 0.6336212121212003, 0.674500000000017, 0.5927424242424175, 0.5927424242424175, 79.16177272727144, 0.26571212121212173, 1.73734848484847, 0.42922727272728667, 8.073560606060472, 0.9606515151514959, 1.696469696969687, 1.0424090909090957, 35.54410606060549, 31.04743939393888, 1.1241666666666268, 0.6336212121212003, 0.06131818181817408, 0.9197727272727134, 1.6555909090909045, 0.26571212121212173, 0.6336212121212003, 1.0424090909090957, 0.5518636363636349, 0.3883484848485039, 0.7153787878787998, 38.364742424241804, 0.22483333333330494, 2.187015151515114, 86.19292424242283, 0.7153787878787998, 33.70456060606006, 0.22483333333330494, 0.10219696969699084, 0.3883484848485039, 0.5518636363636349, 0.18395454545455628, 1.1241666666666268, 0.18395454545455628, 0.8380151515151139, 86.27468181818038, 1.3285606060606086, 0.26571212121212173, 46.09083333333259, 0.3065909090909045, 0.26571212121212173, 0.1021969696969568, 0.061318181818208126, 0.5927424242424175, 1.9008636363636007, 86.31556060605918, 12.202318181817969, 1.1650454545454438, 0.5927424242424175, 1.0424090909090957, 0.14307575757577357, 1.9826212121212001, 1.124166666666661, 0.47010606060603527, 0.14307575757577357, 1.2059242424242262, 0.6336212121212003, 0.7562575757575485, 1.0832878787878444, 0.7166562499999957, 0.3794062499999956, 0.6745, 0.12646874999998683, 0.5901875000000087, 0.6745, 0.7588125000000263, 0.3794062499999956, 0.8852812500000131, 1.2646875000000088, 0.5901875000000087, 0.42156249999999124, 1.6440937500000044, 0.46371875000002194, 0.46371874999998686, 0.12646874999998683, 0.12646875000002195, 1.4754687499999868, 0.7166562499999957, 0.2950937500000044, 0.46371875000002194, 1.01175, 0.9274375000000087, 0.9274375000000087, 2.698, 0.12646875000002195, 0.12646874999998683, 1.1803750000000175, 0.5480312499999781, 0.8431249999999825, 1.5176249999999825, 0.8852812500000131, 0.7166562500000307, 0.800968750000022, 49.4071250000003, 0.5901875000000087, 0.2950937500000044, 1.1803749999999824, 0.7166562499999957, 3.498968750000022, 0.6745, 0.12646874999998683, 1.7284062499999955, 0.9695937500000044, 0.2950937500000044, 0.12646875000002195, 0.6745, 0.46371874999998686, 0.9695937500000044, 0.8852812500000131, 0.7588124999999912, 0.6323437500000044, 0.6323437500000044, 0.16862500000001757, 0.12646874999998683, 0.8431249999999825, 0.3794062499999956, 0.8431250000000176, 1.0539062499999956, 0.7166562500000307, 0.3794062499999956, 1.01175, 0.08431249999999121, 0.25293750000000875, 0.6323437500000044, 1.096062499999991, 1.1803750000000175, 0.12646874999998683, 0.04215624999999561, 0.6745, 0.9695937500000044, 0.2950937500000044, 45.9924687500003, 0.12646875000002195, 0.33725, 0.8431250000000176, 0.04215624999999561, 11.508656250000065, 98.77209375000061, 1.6862499999999998, 0.5058749999999824, 1.3911562499999957, 0.9274375000000087, 1.349, 0.9274375000000087, 1.2646875000000088, 0.08431249999999121, 108.0043125000007, 0.6745, 0.08431249999999121, 0.25293750000000875, 0.6323437500000044, 0.8431249999999825, 1.0539062500000307, 51.135531250000334, 0.25293750000000875, 0.7588124999999912, 1.5176250000000175, 0.21078125000001316, 0.6323437500000044, 0.16862500000001757, 0.04215624999999561, 47.805187500000294, 3.751906250000031, 0.12646875000002195, 0.8431250000000176, 1.8548750000000174, 1.6019375000000087, 0.21078125000001316, 0.16862499999998243, 85.95659375000054, 0.33725, 0.8852812500000131, 0.8431250000000176, 89.58203125000058, 0.0, 0.3794062499999956, 0.9274375000000087, 0.9695937500000044, 0.42156249999999124, 0.8431249999999825, 0.5901875000000087, 0.21078124999997805, 0.6745, 1.3068437500000043, 0.8852812500000131, 0.3794062499999956, 0.8852812500000131, 0.7166562500000307, 1.349, 47.51009375000028, 50.12378125000033, 0.33725, 0.25293750000000875, 0.9695937500000044, 0.33725, 0.8431249999999825, 1.5176250000000175, 0.12646874999998683, 0.8431250000000176, 0.04215624999999561, 0.7588125000000263, 0.7166562500000307, 1.3911562500000305, 0.21078124999997805, 0.0, 0.08431250000002632, 0.16862499999998243, 42.32487500000026, 1.4754687500000219, 87.98009375000052, 0.21078125000001316, 0.5058750000000175, 89.58203125000058, 0.3794062499999956, 0.4215625000000263, 0.6745, 0.08431250000002632, 0.04215624999999561, 0.46371875000002194, 0.6745, 0.0, 0.7166562500000307, 0.8852812500000131, 0.42156249999999124, 1.2646875000000088, 0.5058749999999824, 0.7166562499999957, 0.8852812500000131, 7.208718750000057, 2.1921250000000176, 0.33725, 0.6745, 0.04215624999999561, 1.4754687499999868, 0.2950937500000044, 1.349000000000035, 0.42156249999999124, 0.6745, 0.4215625000000263, 2.1078125000000263, 0.9274375000000087, 1.0539062500000307, 0.12646875000002195, 0.08431249999999121, 22.722218750000163, 0.7588124999999912, 0.7166562500000307, 1.9813437500000042, 0.9695937500000044, 0.12646875000002195, 0.04215624999999561, 0.25293750000000875, 1.559781250000013, 0.08431249999999121, 0.8852812500000131, 1.7284062499999955, 0.42156249999999124, 0.4215625000000263, 0.04215624999999561, 6.112656250000031, 0.3794062499999956, 0.9274375000000087, 1.6440937500000044, 53.116875000000334, 0.04215624999999561, 0.7166562500000307, 0.2950937500000044, 44.34837500000026, 2.5293750000000177, 0.5480312499999781, 1.6019375000000087, 0.0, 0.46371875000002194, 87.72715625000056, 171.49162500000102, 148.5586250000009, 0.6323437500000044, 0.08431249999999121, 0.46371875000002194, 84.05956250000051, 86.79971875000051, 85.6193437500005, 87.98009375000052, 50.966906250000314, 75.16459375000046, 0.12646875000002195, 44.26406250000027, 134.4784375000008, 0.8852812500000131, 53.116875000000334, 0.12646874999998683, 82.1625312500005, 1.01175, 0.9274375000000087, 0.5058749999999824, 1.1803749999999824, 2.4029062499999956, 1.1803750000000175, 0.2950937500000044, 0.33725, 45.360125000000295, 131.3167187500008, 0.08431250000002632, 0.08431249999999121, 1.096062499999991, 0.2950937500000044, 84.8605312500005, 171.78671875000109, 0.16862499999998243, 1.4333124999999913, 0.7166562499999957, 0.8431249999999825, 0.16862499999998243, 42.57781250000027, 0.08431249999999121, 0.2950937500000044, 0.08431250000002632, 0.21078125000001316, 0.6745, 0.7588125000000263, 0.9695937500000044, 1.2225312500000132, 1.5176250000000175, 0.25293750000000875, 0.5480312499999781, 45.065031250000295, 0.5058749999999824, 1.1803749999999824, 1.1803749999999824, 0.7588125000000263, 1.9813437500000042, 0.08431250000002632, 86.54678125000054, 0.6323437500000044, 0.04215624999999561, 1.8127187499999866, 0.6323437500000044, 0.7588124999999912, 1.349, 1.559781250000013, 0.5901875000000087, 0.0, 0.7588125000000263, 0.08431249999999121, 0.8009687499999868, 0.6323437500000044, 1.1382187499999867, 0.8009687499999868, 0.8009687499999868, 0.21078124999997805, 0.7166562500000307, 0.7588125000000263, 0.08431250000002632, 0.21078125000001316, 1.4754687500000219, 0.16862500000001757, 0.5901875000000087, 85.74581250000055, 140.92834375000083, 2.149968750000022, 0.42156249999999124, 0.5901875000000087, 0.5058749999999824, 3.414656250000031, 52.31590625000031, 1.4333125000000262, 2.107812499999991, 0.9274375000000087, 0.7588124999999912, 0.33725, 1.3068437500000043, 0.2950937500000044, 0.6745, 0.6745, 0.5058749999999824, 0.6323437500000044, 0.7166562500000307, 0.7588124999999912, 0.0, 0.5058749999999824, 0.5480312500000132, 0.04215624999999561, 0.33725, 0.08431250000002632, 0.46371875000002194, 87.34775000000053, 51.936500000000315, 5.944031250000048, 0.08431250000002632, 1.138218750000022, 1.2646875000000088, 0.800968750000022, 0.04215624999999561, 1.01175, 0.800968750000022, 17.284062500000132, 1.0960625000000264, 17.747781250000116, 0.7166562499999957, 1.01175, 0.5901875000000087, 1.559781250000013, 0.0, 0.5901875000000087, 1.0960625000000264, 1.1803749999999824, 0.8431250000000176, 0.25293750000000875, 0.33725, 1.0539062500000307, 87.72715625000056, 47.93165625000031, 0.5901875000000087, 1.2646875000000088, 0.5480312500000132, 0.21078125000001316, 0.2950937500000044, 0.8009687499999868, 0.25293750000000875, 88.31734375000056, 0.16862499999998243, 1.4333125000000262, 0.7166562499999957, 1.4333124999999913, 0.7166562500000307, 0.7166562500000307, 0.5901875000000087, 0.4215625000000263, 83.89093750000053, 2.3185937500000393, 0.16862499999998243, 0.46371874999998686, 0.5058749999999824, 0.7588125000000263, 0.5480312499999781, 1.2646875000000088, 0.5901875000000087, 1.0539062499999956, 0.12646875000002195, 0.25293750000000875, 0.5901875000000087, 1.349000000000035, 42.99937500000026, 0.2950937500000044, 0.12646874999998683, 0.6323437500000044, 0.4215625000000263, 0.21078125000001316, 0.33725, 0.04215624999999561, 0.9695937500000044, 1.0960625000000264, 0.46371874999998686, 0.08431249999999121, 0.6745, 92.49081250000056, 1.2225312500000132, 1.01175, 0.12646875000002195, 0.9695937500000044, 4.637187500000044, 0.5901875000000087, 0.42156249999999124, 0.08431249999999121, 0.3794062499999956, 0.5058749999999824, 0.04215624999999561, 0.08431250000002632, 0.46371874999998686, 1.4754687499999868, 0.5058750000000175, 1.5176249999999825, 0.2950937500000044, 0.3794062499999956, 0.33725, 0.9695937500000044, 90.63593750000054, 2.1921250000000176, 0.33725, 0.5480312499999781, 53.49628125000033, 0.5901875000000087, 1.1382187499999867, 0.08431249999999121, 0.08431250000002632, 0.46371875000002194, 88.06440625000053, 90.34084375000057, 139.2420937500009, 56.573687500000354, 0.46371874999998686, 44.47484375000028, 130.09418750000077, 0.33725, 1.5176249999999825, 0.2950937500000044, 0.25293750000000875, 0.7166562500000307, 0.7588124999999912, 0.33725, 46.70912500000029, 0.8009687499999868, 0.25293750000000875, 0.8009687499999868, 0.16862499999998243, 0.6323437500000044, 0.16862499999998243, 0.7166562499999957, 0.7588124999999912, 1.1382187499999867, 0.16862500000001757, 1.4333124999999913, 0.5901875000000087, 0.5480312499999781, 1.138218750000022, 0.04215624999999561, 84.31250000000048, 0.2950937500000044, 0.4215625000000263, 1.2646875000000088, 0.6323437500000044, 0.33725, 0.25293750000000875, 0.16862499999998243, 1.3911562499999957, 0.5480312500000132, 0.0, 0.8009687499999868, 0.33725, 0.6745, 1.1803749999999824, 0.9274375000000087, 1.686250000000035, 0.46371874999998686, 0.5901875000000087, 83.6801562500005, 3.5411250000000174, 0.33725, 0.12646875000002195, 0.0, 1.3068437500000043, 3.161718750000022, 47.17284375000028, 0.2950937500000044, 0.04215624999999561, 1.2225312500000132, 1.2225312500000132, 0.12646874999998683, 0.12646875000002195, 0.33725, 0.08431249999999121, 0.33725, 0.6745, 1.2225312500000132, 0.12646875000002195, 1.2225312500000132, 0.25293750000000875, 1.1803749999999824, 1.8970312500000133, 1.01175, 0.33725, 0.7588124999999912, 87.01050000000056, 0.8009687499999868, 1.1382187499999867, 0.5901875000000087, 0.21078124999997805, 0.6745, 0.7588124999999912, 0.21078125000001316, 1.4754687500000219, 0.7588124999999912, 0.3794062499999956, 0.6745, 0.12646874999998683, 0.6323437500000044, 1.2646875000000088, 0.5901875000000087, 1.01175, 0.04215624999999561, 0.2950937500000044, 1.349000000000035, 0.6745, 1.6019375000000087, 0.8431249999999825, 0.6323437500000044, 0.16862500000001757, 0.21078124999997805, 0.25293750000000875, 2.1078125000000263, 0.8009687499999868, 43.84250000000028, 0.7166562500000307, 1.4333124999999913, 0.04215624999999561, 47.17284375000028, 0.8431249999999825, 0.25293750000000875, 0.9695937500000044, 0.33725, 0.5058749999999824, 0.33725, 0.12646874999998683, 0.9695937500000044, 0.3794062499999956, 2.6136875000000086, 0.21078125000001316, 0.33725, 0.16862499999998243, 1.4754687499999868, 0.7588124999999912, 49.82868750000033, 0.25293750000000875, 1.2646875000000088, 0.12646875000002195, 1.7705624999999912, 0.04215624999999561, 1.01175, 0.3794062499999956, 0.04215624999999561, 0.12646874999998683, 0.8852812500000131, 0.5058749999999824, 0.42156249999999124, 1.4754687500000219, 2.2764375000000086, 0.2950937500000044, 0.6745, 0.25293750000000875, 2.4029062499999956, 0.8431250000000176, 0.800968750000022, 0.4215625000000263, 0.16862500000001757, 0.04215624999999561, 0.2950937500000044, 0.08431250000002632, 0.3794062499999956, 2.2342812500000133, 0.2950937500000044, 48.60615625000031, 47.17284375000028, 0.800968750000022, 0.46371874999998686, 0.25293750000000875, 0.25293750000000875, 0.33725, 1.4754687499999868, 1.2646875000000088, 0.25293750000000875, 1.6019375000000087, 0.7588124999999912, 1.2225312500000132, 0.0, 0.5058749999999824, 0.3794062499999956, 40.47000000000024, 1.3068437500000043, 0.6745, 0.5058750000000175, 0.2950937500000044, 1.2646875000000088, 0.27773529411765285, 0.5951470588235372, 0.87288235294119, 0.15870588235292563, 0.039676470588231406, 0.87288235294119, 0.9919117647058844, 0.6745, 0.23805882352942145, 0.11902941176469423, 0.7935294117647272, 0.8332058823529586, 0.23805882352942145, 0.15870588235295868, 0.15870588235295868, 2.102852941176496, 0.19838235294119005, 0.3174117647058843, 0.19838235294119005, 0.7538529411764627, 1.6664117647058843, 0.07935294117646281, 1.2299705882353056, 0.7935294117647272, 0.4761176470588429, 1.0315882352941157, 0.3174117647058843, 0.07935294117646281, 0.039676470588231406, 0.4364411764705785, 0.5157941176470744, 1.07126470588238, 0.039676470588231406, 75.42497058823622, 0.07935294117646281, 1.1109411764706114, 0.5951470588235372, 0.39676470588234714, 1.7060882352941487, 1.071264705882347, 0.039676470588231406, 81.81288235294214, 0.43644117647061154, 1.2299705882353056, 0.6348235294117686, 82.7254411764716, 0.23805882352942145, 0.39676470588234714, 48.00852941176529, 50.54782352941239, 0.7935294117647272, 0.5157941176470744, 0.3174117647058843, 0.15870588235295868, 1.8251176470588428, 0.7141764705882644, 0.6745, 0.5157941176470744, 0.7935294117647272, 2.0631764705882647, 0.5157941176470744, 84.07444117647161, 0.9919117647058844, 0.23805882352942145, 0.15870588235295868, 1.626735294117686, 43.36638235294172, 124.46508823529567, 0.39676470588234714, 0.11902941176469423, 1.150617647058843, 1.2696470588235371, 0.952235294117653, 1.3886764705882644, 0.7141764705882644, 0.4761176470588429, 0.7538529411764959, 0.4364411764705785, 0.39676470588234714, 0.39676470588234714, 0.6348235294117686, 73.203088235295, 76.13914705882446, 0.5157941176470744, 0.4761176470588099, 0.7141764705882644, 0.27773529411765285, 1.7854411764706115, 0.15870588235295868, 0.39676470588234714, 1.071264705882347, 0.15870588235292563, 0.6745, 0.5951470588235372, 0.3570882352941157, 12.379058823529553, 0.4761176470588429, 0.87288235294119, 0.5157941176470744, 14.283529411764892, 29.55897058823567, 0.5554705882353057, 0.5554705882353057, 14.24385294117666, 0.43644117647061154, 0.6745, 0.5554705882353057, 3.174117647058876, 0.5157941176470744, 0.23805882352942145, 0.7538529411764627, 1.6664117647058843, 1.54738235294119, 1.07126470588238, 1.07126470588238, 0.7935294117647272, 0.5951470588235372, 1.1902941176470745, 0.07935294117646281, 0.5554705882353057, 1.3093235294117687, 0.7935294117647272, 1.1109411764706114, 0.6348235294117686, 0.4364411764705785, 0.87288235294119, 84.47120588235398, 0.19838235294119005, 0.39676470588234714, 0.4761176470588099, 0.7538529411764627, 1.428352941176496, 0.27773529411765285, 0.87288235294119, 0.19838235294119005, 1.4680294117647272, 1.428352941176496, 0.15870588235292563, 0.7141764705882644, 0.23805882352942145, 0.39676470588234714, 0.952235294117653, 0.6348235294117686, 0.4761176470588099, 0.11902941176469423, 0.5157941176470744, 0.15870588235295868, 0.5157941176470744, 0.6745, 0.6348235294117686, 1.5077058823529585, 2.459941176470611, 1.150617647058843, 0.7538529411764627, 0.4761176470588099, 2.0235000000000327, 0.11902941176469423, 0.23805882352942145, 0.19838235294119005, 1.071264705882347, 0.8332058823529586, 0.11902941176469423, 0.5157941176470744, 0.07935294117646281, 0.952235294117653, 0.07935294117646281, 1.1109411764706114, 1.071264705882347, 1.3886764705882313, 0.3570882352941157, 0.5951470588235372, 0.23805882352942145, 0.23805882352942145, 0.07935294117646281, 0.4761176470588429, 82.68576470588337, 4.324735294117719, 0.5157941176470744, 0.5951470588235372, 0.11902941176469423, 44.23926470588291, 0.952235294117653, 1.0315882352941157, 0.15870588235292563, 0.039676470588231406, 79.78938235294214, 1.9838235294118016, 1.2696470588235371, 0.5157941176470744, 0.5554705882353057, 0.3174117647058843, 0.39676470588234714, 1.3093235294117687, 0.87288235294119, 0.23805882352942145, 41.38255882352991, 95.46158823529527, 0.3570882352941157, 3.689911764705917, 0.23805882352942145, 1.150617647058843, 0.39676470588234714, 0.11902941176469423, 2.301235294117686, 85.0266764705893, 11.783911764706017, 0.07935294117646281, 0.11902941176472726, 0.19838235294119005, 0.07935294117646281, 1.0315882352941157, 40.94611764705934, 2.182205882352959, 0.7538529411764627, 2.301235294117686, 81.01935294117744, 127.40114705882506, 0.952235294117653, 1.3886764705882313, 41.14450000000049, 0.7141764705882644, 0.5554705882353057, 0.15870588235292563, 0.15870588235292563, 1.428352941176496, 1.1109411764706114, 0.23805882352942145, 88.75626470588344, 1.07126470588238, 82.8444705882363, 0.8332058823529586, 45.54858823529467, 48.92108823529471, 44.913764705882905, 0.0, 1.1109411764706114, 0.39676470588234714, 0.5951470588235372, 44.596352941177024, 0.4761176470588429, 0.5951470588235372, 45.826323529412335, 0.3174117647058843, 0.5157941176470744, 1.54738235294119, 0.39676470588234714, 0.0, 0.15870588235295868, 0.11902941176472726, 40.470000000000496, 82.68576470588337, 0.87288235294119, 0.19838235294119005, 0.23805882352942145, 1.1902941176470745, 43.36638235294172, 0.4364411764705785, 0.6348235294117686, 1.2696470588235371, 0.039676470588231406, 0.4364411764705785, 0.07935294117646281, 0.15870588235295868, 0.11902941176469423, 0.4761176470588099, 0.6348235294117686, 0.7935294117647272, 0.43644117647061154, 3.49152941176476, 0.4364411764705785, 1.5077058823529585, 0.952235294117653, 0.6348235294117686, 1.428352941176496, 0.5951470588235372, 0.5554705882353057, 1.1902941176470745, 0.5554705882353057, 60.784352941177225, 1.0315882352941488, 0.27773529411765285, 1.904470588235306, 4.642147058823603, 86.77244117647167, 0.5157941176470744, 43.961529411765255, 0.19838235294119005, 0.23805882352942145, 1.071264705882347, 1.54738235294119, 78.6387647058833, 1.428352941176496, 0.039676470588231406, 0.6348235294117686, 5.3960000000000665, 0.6348235294117686, 80.7019411764716, 0.87288235294119, 1.7060882352941487, 0.4364411764705785, 92.76358823529527, 22.139470588235568, 0.4761176470588099, 0.15870588235292563, 1.54738235294119, 0.39676470588234714, 3.451852941176529, 0.039676470588231406, 1.1109411764706114, 0.27773529411765285, 0.27773529411765285, 1.4680294117647272, 42.01738235294168, 0.4761176470588429, 0.6745, 0.07935294117646281, 0.39676470588234714, 0.039676470588231406, 0.15870588235292563, 82.40802941176568, 165.6889411764726, 1.07126470588238, 1.428352941176496, 0.6745, 76.09947058823623, 0.07935294117646281, 0.7141764705882314, 0.6745, 0.4364411764705785, 1.150617647058843, 0.9919117647058844, 0.4761176470588429, 11.545852941176628, 99.07214705882473, 142.27982352941348, 0.5554705882353057, 0.43644117647061154, 1.74576470588238, 0.07935294117646281, 0.5554705882353057, 0.7538529411764959, 0.15870588235295868, 0.39676470588234714, 0.11902941176472726, 0.5951470588235372, 0.6745, 81.29708823529513, 0.7538529411764627, 0.5951470588235372, 0.3174117647058843, 0.3570882352941157, 0.5157941176470744, 0.27773529411765285, 0.87288235294119, 0.0, 0.039676470588231406, 0.9919117647058844, 43.723470588235834, 0.6745, 0.6348235294117686, 0.11902941176472726, 4.364411764705951, 1.0315882352941488, 50.27008823529474, 0.6348235294117686, 0.5554705882353057, 0.5951470588235372, 0.6745, 1.0315882352941157, 0.9919117647058844, 0.5554705882353057, 40.90644117647111, 0.87288235294119, 0.7141764705882314, 0.07935294117646281, 0.4761176470588429, 0.3174117647058843, 0.9125588235294214, 1.1109411764706114, 0.039676470588231406, 1.071264705882347, 0.8332058823529586, 1.3886764705882313, 0.19838235294119005, 1.1109411764706114, 1.4680294117647272, 0.27773529411765285, 0.753852941176459, 0.31741176470590177, 1.269647058823508, 47.968852941174674, 0.07935294117649196, 0.2380588235293768, 0.6348235294117704, 0.9522352941176062, 0.039676470588229464, 0.3967647058823607, 0.0, 0.5157941176470161, 48.921088235292316, 0.039676470588229464, 0.0, 0.2380588235294098, 0.31741176470590177, 0.0, 84.62991176470273, 1.428352941176426, 41.38255882352786, 0.2777352941176063, 0.7935294117646884, 0.43644117647059016, 0.2777352941176063, 0.3967647058823277, 0.7538529411764259, 84.43152941176157, 166.64117647058208, 179.5360294117581, 0.07935294117649196, 0.1983823529411473, 99.7863235294081, 0.47611764705878656, 0.35708823529413125, 0.2380588235294098, 0.2380588235293768, 1.0712647058823277, 0.07935294117649196, 0.1983823529411473, 2.975735294117507, 0.19838235294118034, 0.31741176470590177, 0.2380588235294098, 0.5157941176470491, 0.5157941176470161, 81.77320588234994, 0.5157941176470161, 80.97967647058522, 0.43644117647055714, 1.2299705882352785, 1.3886764705881964, 0.753852941176459, 0.9919117647058687, 1.2299705882352785, 0.9125588235293768, 0.7141764705882294, 1.2299705882352785, 1.1506176470587535, 0.9919117647058358, 0.07935294117645893, 0.9125588235294099, 0.1983823529411473, 0.31741176470586874, 0.7538529411764259, 1.7854411764705242, 0.5554705882352785, 0.6745, 40.23194117646911, 0.19838235294118034, 46.81823529411592, 0.039676470588229464, 83.12220588234987, 0.5554705882352455, 0.6348235294117704, 2.221882352941081, 78.75779411764417, 0.3967647058823607, 0.15870588235295088, 0.6745, 0.2380588235294098, 100.65920588234921, 24.956499999999075, 0.07935294117649196, 0.7935294117646884, 0.6745, 1.190294117647016, 45.985029411763, 0.2380588235294098, 0.47611764705878656, 43.44573529411602, 0.35708823529413125, 0.2380588235294098, 1.3093235294117374, 0.0, 0.19838235294118034, 0.2777352941176063, 0.07935294117649196, 1.348999999999967, 0.07935294117645893, 1.3886764705881964, 0.5157941176470491, 44.477323529410114, 0.7141764705881964, 0.47611764705878656, 0.753852941176459, 0.5554705882352455, 83.39994117646748, 0.7141764705881964, 86.49470588234972, 0.5554705882352785, 0.0, 0.0, 0.674499999999967, 0.7538529411764259, 1.1109411764705241, 78.67844117646766, 1.190294117647016, 0.9919117647058358, 0.5157941176470161, 0.595147058823508, 1.1109411764705241, 0.8728823529411472, 0.07935294117649196, 1.190294117647016, 0.35708823529413125, 0.1190294117646884, 0.47611764705878656, 0.31741176470586874, 0.7935294117646554, 0.8728823529411472, 0.1983823529411473, 1.1506176470587535, 0.5157941176470161, 0.3967647058823607, 0.2777352941176063, 3.2534705882351465, 0.753852941176459, 0.43644117647055714, 82.01126470587933, 0.5157941176470161, 0.19838235294118034, 0.6348235294117375, 0.5554705882352455, 0.0, 0.43644117647055714, 0.4761176470588196, 43.326705882351334, 0.9125588235294099, 8.847852941176127, 0.5554705882352455, 44.08055882352776, 0.27773529411763925, 0.1190294117646884, 0.43644117647055714, 2.4996176470587534, 36.502352941175104, 1.5077058823528848, 0.43644117647055714, 0.8728823529411143, 0.8728823529411143, 0.8332058823528848, 1.0315882352940982, 0.43644117647055714, 0.9522352941176392, 0.8332058823528848, 0.27773529411763925, 0.1190294117646884, 0.6745, 0.753852941176459, 0.039676470588229464, 0.27773529411763925, 0.15870588235295088, 0.2380588235294098, 0.27773529411763925, 0.15870588235295088, 44.51699999999835, 0.8728823529411143, 0.674499999999967, 0.3967647058823277, 0.0, 40.07323529411615, 0.31741176470586874, 1.1506176470587866, 0.3967647058823607, 0.9125588235294099, 0.27773529411763925, 2.3012352941175402, 0.15870588235295088, 0.3967647058823277, 0.2380588235293768, 0.47611764705878656, 0.7538529411764259, 0.43644117647055714, 0.4761176470588196, 0.8332058823528848, 2.06317647058813, 0.753852941176459, 0.1983823529411473, 0.5554705882352455, 0.674499999999967, 0.595147058823508, 1.0315882352940982, 0.6745, 0.1983823529411473, 1.110941176470557, 0.43644117647059016, 82.64608823529106, 53.32517647058625, 0.07935294117645893, 36.224617647057464, 3.213794117646917, 1.6664117647058356, 1.428352941176426, 0.9522352941176062, 1.6664117647058356, 1.031588235294065, 0.0396764705882625, 0.2380588235294098, 0.3967647058823277, 0.6745, 1.3093235294117045, 85.46311764705568, 0.15870588235295088, 0.3570882352940982, 0.595147058823508, 0.595147058823508, 0.7935294117646884, 1.3886764705881964, 0.2380588235294098, 1.6267352941176063, 1.110941176470557, 0.7935294117646884, 1.5077058823528848, 0.5554705882352785, 0.31741176470590177, 0.11902941176472143, 1.8251176470587864, 0.7141764705881964, 84.03476470587923, 0.6348235294117704, 41.620617647057266, 0.8332058823528848, 0.3967647058823607, 0.27773529411763925, 0.19838235294118034, 0.595147058823508, 0.19838235294118034, 1.8647941176469829, 0.7935294117646884, 0.0, 80.5432352941147, 0.3570882352940982, 0.4761176470588196, 0.039676470588229464, 1.5473823529411472, 0.07935294117645893, 0.039676470588229464, 44.12023529411602, 0.43644117647055714, 0.5157941176470491, 0.31741176470590177, 1.0315882352940982, 1.5473823529411144, 47.81014705882176, 48.48464705882172, 7.657558823529111, 7.340147058823243, 0.5554705882352785, 0.19838235294118034, 0.7141764705882294, 0.27773529411763925, 2.3409117647058024, 1.4680294117646553, 1.0315882352940982, 0.3967647058823607, 0.9522352941176392, 1.1506176470587866, 1.1506176470587866, 0.0396764705882625, 37.13717647058684, 0.31741176470586874, 0.5554705882352785, 0.6745, 0.31741176470586874, 0.07935294117649196, 0.753852941176459, 1.944147058823475, 1.110941176470557, 45.310529411763035, 0.07935294117645893, 0.27773529411763925, 0.4761176470588196, 41.69997058823376, 1.3093235294117374, 0.0396764705882625, 0.11902941176472143, 0.6348235294117704, 0.753852941176459, 0.15870588235295088, 0.43644117647059016, 0.3967647058823607, 0.07935294117645893, 0.31741176470590177, 46.024705882351235, 40.827088235292614, 122.87802941176017, 161.879999999994, 0.43644117647059016, 0.15870588235295088, 0.3967647058823607, 0.5554705882352455, 0.3967647058823277, 0.0396764705882625, 0.1190294117646884, 0.753852941176459, 1.348999999999934, 0.2380588235294098, 0.07935294117649196, 0.19838235294118034, 0.595147058823508, 0.19838235294118034, 0.1190294117646884, 0.7141764705882294, 1.1506176470587866, 0.07935294117645893, 0.07935294117649196, 0.595147058823508, 0.0396764705882625, 0.31741176470590177, 0.9919117647058687, 0.0396764705882625, 0.6348235294117375, 0.1190294117646884, 0.35708823529413125, 0.5554705882352785, 1.190294117647016, 1.348999999999967, 1.110941176470557, 0.6348235294117704, 1.9838235294116715, 1.190294117647016, 0.43644117647059016, 0.07935294117645893, 1.190294117647016, 2.7376764705881635, 0.753852941176459, 0.9125588235293768, 101.25435294117273, 280.8697352941073, 155.37305882352368, 237.8207647058736, 0.3967647058823277, 0.11902941176472143, 1.0712647058823277, 1.2299705882352454, 0.8728823529411143, 0.7538529411764259, 0.11902941176472143, 1.5870588235293768, 0.7141764705882294, 0.8728823529411472, 0.8728823529411472, 0.35708823529413125, 0.7935294117646554, 0.8332058823528848, 0.47611764705878656, 101.13532352940804, 0.47611764705878656, 0.5157941176470491, 0.8332058823528848, 0.6348235294117375, 0.3967647058823277, 0.595147058823508, 0.0396764705882625, 0.4761176470588196, 0.5157941176470491, 0.15870588235291785, 0.07935294117645893, 0.2380588235294098, 0.47611764705878656, 0.19838235294118034, 0.8728823529411472, 80.46388235293817, 0.039676470588229464, 0.2380588235293768, 0.3967647058823277, 0.47611764705878656, 0.8728823529411472, 0.43644117647055714, 82.88414705882043, 0.5157941176470491, 1.6267352941176063, 0.6348235294117704, 0.31741176470586874, 2.1028529411763928, 1.3886764705881964, 0.9919117647058358, 0.7935294117646554, 81.81288235293817, 0.15870588235295088, 43.56476470588074, 0.8332058823529178, 0.47611764705878656, 0.7935294117646884, 0.5554705882352785, 1.031588235294065, 0.9125588235293768, 0.6745, 0.47611764705878656, 0.8332058823528848, 83.2809117647028, 0.5157941176470491, 1.0712647058823277, 0.7935294117646554, 0.8332058823529178, 0.7538529411764259, 0.3967647058823607, 80.97967647058522, 1.0315882352940982, 1.190294117647016, 1.110941176470557, 1.7060882352940652, 1.1506176470587866, 0.8728823529411472, 0.19838235294118034, 0.6348235294117704, 0.43644117647055714, 0.31741176470590177, 1.348999999999934, 1.0315882352940982, 74.3933823529384, 0.595147058823508, 0.8728823529411472, 0.7141764705881964, 9.006558823529078, 0.3570882352940982, 0.43644117647055714, 0.35708823529413125, 0.9522352941176392, 1.1506176470587866, 0.595147058823508, 0.7141764705881964, 0.0, 0.43644117647059016, 0.5554705882352455, 0.7935294117646554, 48.444970588233495, 0.43644117647059016, 0.5554705882352455, 0.19838235294118034, 1.4283529411763929, 0.595147058823508, 0.07935294117645893, 0.039676470588229464, 0.15870588235295088, 0.8332058823529178, 1.190294117647016, 0.1983823529411473, 0.9919117647058687, 0.3967647058823607, 0.5554705882352785, 0.2777352941176063, 1.031588235294065, 0.1190294117646884, 0.19838235294118034, 40.708058823527885, 120.0213235294073, 1.3886764705881633, 2.1425294117646554, 1.110941176470557, 1.7854411764705242, 0.31741176470590177, 31.86020588235176, 114.18888235293699, 1.3093235294117374, 0.753852941176459, 0.0, 0.7538529411764259, 0.7935294117646554, 81.21773529411466, 46.50082352941005, 1.3886764705881964, 1.3886764705881633, 0.1983823529411473, 0.039676470588229464, 0.15870588235295088, 1.190294117647016, 0.43644117647055714, 0.039676470588229464, 0.3570882352940982, 0.5554705882352785, 1.428352941176426, 0.5554705882352785, 0.8332058823529178, 0.595147058823508, 0.1983823529411473, 85.185382352938, 0.15870588235295088, 1.944147058823442, 86.73276470587916, 0.7141764705882294, 0.0, 1.428352941176426, 0.8332058823529178, 38.763911764704446, 27.813205882351895, 0.039676470588229464, 2.1028529411763928, 0.19838235294118034, 0.15870588235295088, 45.548588235292414, 50.90491176470399, 57.09444117646847, 0.5554705882352785, 0.4761176470588196, 1.8251176470587864, 0.7141764705881964, 0.31741176470586874, 0.6745, 0.5554705882352785, 0.9522352941176392, 0.5554705882352785, 0.6745, 1.269647058823475, 1.190294117647016, 0.43644117647059016, 0.6745, 34.79626470588107, 0.753852941176459, 0.0, 43.48541176470428, 0.3570882352940982, 78.75779411764417, 107.60258823529016, 0.8332058823529178, 0.595147058823508, 1.944147058823475, 0.8332058823528848]",9.552774133667295,0.6745,26.540308113148807,0.0,280.8697352941073,2912.0,6.0,1.0,0.33
1,"[1.2225312500000132, 0.16862500000001757, 0.9695937500000044, 1.01175, 0.5901875000000087, 0.6745, 0.9695937500000044, 0.08431249999999121, 0.8431250000000176, 0.5480312500000132, 88.69675000000056, 59.145218750000375, 0.0, 0.42156249999999124, 1.9813437500000042, 0.12646874999998683, 0.0, 0.9274375000000087, 86.79971875000054, 0.0, 0.8852812500000131, 0.12646874999998683, 0.04215624999999561, 48.142437500000284, 94.76725000000056, 3144.729781250019, 3103.5009687500187, 3067.583843750019, 3115.9792187500184, 0.5058750000000175, 0.33725, 0.04215624999999561, 13.23706250000006, 0.7588124999999912, 85.28209375000048, 0.25293750000000875, 1.01175, 0.800968750000022, 0.46371875000002194, 1.0539062499999956, 85.9565937500005, 0.21078125000001316, 85.53503125000054, 1.5176250000000175, 0.08431249999999121, 49.997312500000305, 54.71881250000034, 54.76096875000034, 0.0, 0.6323437500000044, 1.0539062499999956, 0.04215624999999561, 0.33725, 0.16862499999998243, 0.12646874999998683, 0.5480312500000132, 1.8548750000000174, 3.7097500000000347, 0.04215624999999561, 0.16862499999998243, 81.27725000000049, 1.01175, 0.33725, 1.3911562499999957, 0.2950937500000044, 0.6323437500000044, 86.92618750000054, 171.19653125000102, 140.08521875000085, 3315.88415625002, 3403.4848437500204, 2867.173031250017, 2903.6381875000175, 0.46371874999998686, 0.04215624999999561, 0.16862499999998243, 2.149968750000022, 1.0539062499999956, 0.46371874999998686, 0.2950937500000044, 0.3794062499999956, 0.9695937500000044, 3.498968750000022, 2.36075, 0.5901875000000087, 0.12646874999998683, 1.559781250000013, 0.3794062499999956, 0.46371874999998686, 1.9813437500000042, 0.9274375000000087, 0.33725, 0.8852812500000131, 1.3068437500000043, 0.8431250000000176, 0.5901875000000087, 0.25293750000000875, 1.1803750000000175, 1.7705625000000262, 0.42156249999999124, 0.7166562499999957, 0.12646874999998683, 0.42156249999999124, 0.46371874999998686, 0.33725, 1.0539062499999956, 2.1078125000000263, 0.12646874999998683, 0.6323437500000044, 0.2950937500000044, 0.04215624999999561, 0.25293750000000875, 0.21078125000001316, 1.3068437500000043, 1.6862499999999998, 0.800968750000022, 0.8431250000000176, 0.5058750000000175, 0.2950937500000044, 0.42156249999999124, 0.3794062499999956, 0.7166562499999957, 0.5480312500000132, 0.21078125000001316, 0.12646874999998683, 0.04215624999999561, 0.16862500000001757, 1.3911562499999957, 0.33725, 0.33725, 0.2950937500000044, 1.4754687500000219, 0.3794062499999956, 1.01175, 0.8431250000000176, 2.36075, 1.096062499999991, 0.2950937500000044, 0.42156249999999124, 0.12646874999998683, 15.471343750000075, 0.0, 0.7166562499999957, 0.6745, 0.5058750000000175, 0.5480312500000132, 0.5901875000000087, 0.16862500000001757, 1.5176250000000175, 2.4872187500000216, 0.9695937500000044, 2.8666250000000177, 0.7166562499999957, 0.08431249999999121, 0.7166562499999957, 1.3911562499999957, 0.04215624999999561, 2.1921250000000176, 0.5480312500000132, 0.04215624999999561, 0.08431249999999121, 0.8431250000000176, 0.08431249999999121, 0.3794062499999956, 0.16862499999998243, 0.0, 0.21078125000001316, 1.2225312500000132, 0.46371875000002194, 0.5058750000000175, 1.5176250000000175, 0.12646874999998683, 0.46371874999998686, 0.16862500000001757, 1.349, 0.5901875000000087, 2.1078125000000263, 2.4872187500000216, 0.9695937500000044, 0.6323437500000044, 0.25293750000000875, 0.6323437500000044, 0.3794062499999956, 42.66212500000026, 0.0, 0.5480312500000132, 0.5058750000000175, 85.32425000000049, 4643.721718750027, 4136.455562500025, 4063.3144687500244, 4023.0552500000244, 1.2225312500000132, 81.61450000000053, 122.84331250000072, 0.42156249999999124, 1.01175, 0.9695937500000044, 0.8852812500000131, 0.5480312500000132, 0.7166562499999957, 0.3794062499999956, 1.01175, 1.4754687500000219, 0.6745, 1.096062499999991, 0.7166562499999957, 0.46371874999998686, 0.33725, 0.6745, 83.51153125000046, 2.1921250000000176, 0.7166562499999957, 87.8957812500005, 85.02915625000053, 1.0539062499999956, 0.08431249999999121, 45.99246875000027, 2.1078125000000263, 0.08431249999999121, 0.2950937500000044, 0.9695937500000044, 0.7166562499999957, 0.6323437500000044, 0.25293750000000875, 0.8852812500000131, 1.138218750000022, 0.42156249999999124, 0.6745, 1.2646875000000088, 0.12646874999998683, 0.12646874999998683, 1.812718750000022, 2.4872187500000216, 1.3911562499999957, 1.0539062499999956, 3.583281250000013, 0.6745, 1.4333125000000262, 0.16862500000001757, 0.42156249999999124, 85.99875000000048, 173.81021875000104, 0.5058750000000175, 0.5480312500000132, 1.1803750000000175, 0.5058750000000175, 0.25293750000000875, 1.096062499999991, 0.12646874999998683, 0.04215624999999561, 0.25293750000000875, 0.9695937500000044, 0.25293750000000875, 0.2950937500000044, 1.2646875000000088, 1.8548750000000174, 46.11893750000029, 1.3911562499999957, 1.3911562499999957, 0.8431250000000176, 0.04215624999999561, 86.29384375000052, 174.06315625000107, 222.79578125000134, 0.46371875000002194, 43.673875000000265, 0.25293750000000875, 0.25293750000000875, 0.5901875000000087, 0.08431249999999121, 85.87228125000051, 47.93165625000028, 0.12646874999998683, 0.12646874999998683, 0.12646874999998683, 89.8771250000005, 173.51512500000106, 0.46371875000002194, 0.3794062499999956, 0.12646874999998683, 0.16862499999998243, 2.3185937500000047, 0.04215624999999561, 87.43206250000055, 2.2764375000000086, 0.7166562499999957, 1.7705625000000262, 0.5058750000000175, 0.800968750000022, 0.42156249999999124, 45.908156250000275, 0.46371874999998686, 87.17912500000051, 0.5901875000000087, 49.61790625000031, 0.46371874999998686, 0.04215624999999561, 0.08431249999999121, 0.0, 0.42156249999999124, 0.04215624999999561, 0.5901875000000087, 0.16862500000001757, 45.57090625000028, 0.7588124999999912, 0.21078125000001316, 43.29446875000026, 0.9695937500000044, 44.30621875000027, 0.42156249999999124, 0.25293750000000875, 1.01175, 0.5058750000000175, 0.5058750000000175, 42.66212500000026, 1.8970312500000133, 0.42156249999999124, 0.04215624999999561, 47.805187500000294, 46.7512812500003, 0.9274375000000087, 0.6323437500000044, 0.9695937500000044, 30.31034375000018, 0.3794062499999956, 85.53503125000054, 0.7166562499999957, 0.12646874999998683, 0.08431249999999121, 0.5058750000000175, 85.15562500000051, 0.8431250000000176, 1.8548750000000174, 0.0, 0.25293750000000875, 0.2950937500000044, 1.0539062499999956, 0.5901875000000087, 86.96834375000053, 52.52668750000032, 0.2950937500000044, 0.46371875000002194, 0.7166562499999957, 0.25293750000000875, 88.5702812500005, 0.2950937500000044, 0.16862500000001757, 0.9274375000000087, 39.62687500000023, 0.2950937500000044, 0.21078125000001316, 1.2225312500000132, 0.25293750000000875, 0.8852812500000131, 0.21078125000001316, 7.503812500000026, 1.3911562499999957, 0.04215624999999561, 0.8852812500000131, 0.33725, 0.6323437500000044, 85.70365625000052, 47.7208750000003, 134.01471875000084, 0.800968750000022, 1.7705625000000262, 0.5058750000000175, 0.8431250000000176, 0.12646874999998683, 0.04215624999999561, 1.2225312500000132, 0.5058750000000175, 0.800968750000022, 84.18603125000054, 1.1803750000000175, 0.7166562499999957, 0.5901875000000087, 0.33725, 0.5058750000000175, 1.138218750000022, 0.9274375000000087, 0.08431249999999121, 0.8852812500000131, 0.46371874999998686, 0.8431250000000176, 0.25293750000000875, 1.1803750000000175, 0.46371874999998686, 2.8244687500000216, 0.5058750000000175, 0.33725, 1.4333124999999913, 1.8548750000000174, 0.25293750000000875, 0.5901875000000087, 0.21078125000001316, 43.884656250000276, 1.3911562499999957, 53.24334375000032, 0.6745, 0.2950937500000044, 0.7588124999999912, 1.096062499999991, 0.46371874999998686, 0.12646874999998683, 0.9695937500000044, 1.0539062499999956, 0.08431249999999121, 1.1803750000000175, 0.08431249999999121, 0.46371874999998686, 0.33725, 0.46371875000002194, 0.04215624999999561, 0.46371875000002194, 0.9695937500000044, 0.04215624999999561, 0.5480312500000132, 0.6323437500000044, 3.372500000000035, 0.04215624999999561, 1.096062499999991, 1.138218750000022, 0.33725, 0.6745, 0.8431250000000176, 22.553593750000143, 725.0453437500042, 768.5084375000047, 0.0, 0.8431250000000176, 0.8852812500000131, 0.08431249999999121, 0.25293750000000875, 0.6745, 48.31106250000031, 45.02287500000026, 0.46371875000002194, 0.8431250000000176, 0.5480312500000132, 0.2950937500000044, 44.76993750000025, 2.571531250000013, 0.8431250000000176, 1.8970312500000133, 1.2225312500000132, 0.7588124999999912, 0.9695937500000044, 0.5058750000000175, 44.980718750000264, 0.7588124999999912, 1.4333125000000262, 0.33725, 0.12646874999998683, 1.8970312500000133, 0.9695937500000044, 1.4333124999999913, 0.3794062499999956, 0.5480312500000132, 0.7166562499999957, 0.8431250000000176, 0.5901875000000087, 38.36218750000022, 76.80868750000046, 0.12646874999998683, 0.33725, 0.6745, 0.3794062499999956, 0.42156249999999124, 0.42156249999999124, 0.12646874999998683, 0.5058750000000175, 1.4754687500000219, 2.065656250000031, 0.9274375000000087, 0.8431250000000176, 0.42156249999999124, 0.8852812500000131, 0.0, 0.04215624999999561, 45.10718750000026, 92.87021875000055, 0.6745, 0.6745, 0.2950937500000044, 0.46371874999998686, 0.8852812500000131, 0.3794062499999956, 0.12646874999998683, 0.16862499999998243, 0.6745, 0.46371874999998686, 31.61718750000018, 0.08431249999999121, 1.5176250000000175, 86.6732500000005, 2.908781250000013, 0.42156249999999124, 1.7284062499999955, 0.21078125000001316, 0.12646874999998683, 0.2950937500000044, 0.7588124999999912, 44.64346875000027, 0.5058750000000175, 0.33725, 3.119562500000026, 0.5901875000000087, 0.46371874999998686, 0.21078125000001316, 0.8431250000000176, 0.2950937500000044, 0.3794062499999956, 0.5480312500000132, 0.800968750000022, 0.08431249999999121, 0.5901875000000087, 0.25293750000000875, 0.6745, 0.16862500000001757, 2.6136875000000086, 0.12646874999998683, 0.5058750000000175, 85.9144375000005, 1.2646875000000088, 1.2646875000000088, 1.5176250000000175, 0.08431249999999121, 1.1803750000000175, 84.22818750000054, 0.6323437500000044, 1.096062499999991, 0.8431250000000176, 1.349, 0.08431249999999121, 88.23303125000054, 0.16862500000001757, 1.9391875000000087, 0.42156249999999124, 0.6745, 1.1902941176470745, 0.39676470588234714, 2.0631764705882647, 0.11902941176469423, 0.5157941176470744, 1.1902941176470745, 1.1109411764706114, 0.07935294117646281, 0.15870588235295868, 1.0315882352941488, 0.5554705882353057, 79.59100000000099, 124.4650882352956, 0.7538529411764959, 0.07935294117646281, 3.015411764705917, 0.6745, 1.5870588235294214, 0.6745, 0.0, 0.0, 0.7538529411764627, 0.5951470588235372, 85.06635294117753, 0.5554705882353057, 0.87288235294119, 0.952235294117653, 40.549352941176956, 1.1109411764706114, 0.6745, 0.039676470588231406, 0.11902941176472726, 0.07935294117646281, 0.952235294117653, 0.7935294117647272, 0.9125588235294214, 0.39676470588234714, 0.3570882352941157, 0.15870588235295868, 0.7141764705882314, 0.039676470588231406, 1.3093235294117687, 0.6745, 0.039676470588231406, 36.383323529412195, 0.07935294117646281, 0.3174117647058843, 0.15870588235295868, 0.39676470588234714, 0.3570882352941157, 0.3570882352941157, 0.11902941176472726, 0.039676470588231406, 1.4680294117647272, 0.27773529411765285, 78.16264705882446, 129.70238235294272, 0.27773529411765285, 0.11902941176472726, 0.07935294117646281, 2.499617647058843, 0.23805882352942145, 81.45579411764807, 0.07935294117646281, 0.6745, 0.7141764705882644, 0.27773529411765285, 50.151058823530015, 13.450323529411934, 11859.33673529426, 11669.802235294259, 11315.769088235433, 2.8170294117647274, 0.4761176470588099, 1.2696470588235371, 0.6745, 0.6348235294117686, 1.3093235294117687, 50.07170588235355, 0.39676470588234714, 0.039676470588231406, 0.0, 0.8332058823529586, 0.87288235294119, 0.19838235294119005, 0.39676470588234714, 78.87682352941269, 0.5554705882353057, 0.7935294117647272, 43.32670588235345, 0.9125588235294214, 0.15870588235295868, 0.23805882352942145, 0.07935294117646281, 82.24932352941276, 0.19838235294119005, 0.6348235294117686, 0.5157941176470744, 0.3570882352941157, 0.6745, 0.8332058823529586, 0.7538529411764627, 0.7538529411764627, 0.4364411764705785, 0.6348235294117686, 0.7538529411764627, 0.07935294117646281, 0.4761176470588099, 81.05902941176568, 1.1109411764706114, 0.9919117647058844, 0.3570882352941157, 0.039676470588231406, 0.039676470588231406, 0.4761176470588429, 0.7935294117647272, 0.0, 0.11902941176469423, 0.5554705882353057, 0.43644117647061154, 1.3093235294117687, 1.2299705882353056, 0.7538529411764959, 0.6348235294117686, 0.23805882352942145, 0.4761176470588429, 0.039676470588231406, 80.5432352941186, 0.5157941176470744, 82.7254411764716, 165.53023529411965, 1.2696470588235371, 0.5554705882353057, 1.150617647058843, 1.07126470588238, 41.342882352941686, 0.8332058823529586, 0.4761176470588429, 41.0254705882358, 9.958794117647173, 1.4680294117647272, 1.2299705882353056, 0.43644117647061154, 0.23805882352942145, 0.039676470588231406, 0.23805882352942145, 41.73964705882403, 0.5554705882353057, 0.87288235294119, 0.23805882352942145, 1.0315882352941157, 0.07935294117646281, 0.039676470588231406, 1.428352941176496, 0.19838235294119005, 0.07935294117646281, 0.3570882352941157, 82.24932352941276, 0.11902941176472726, 0.7538529411764959, 0.952235294117653, 0.19838235294119005, 0.7935294117647272, 1.904470588235306, 0.15870588235295868, 1.74576470588238, 0.11902941176472726, 0.87288235294119, 0.6745, 82.80479411764806, 47.968852941177055, 129.9801176470604, 0.5951470588235372, 1.6664117647059171, 0.7141764705882644, 0.9125588235294214, 0.27773529411765285, 0.5951470588235372, 3.7295882352941483, 0.15870588235292563, 0.11902941176469423, 46.73888235294175, 0.19838235294119005, 0.5554705882353057, 0.6348235294117686, 0.87288235294119, 0.8332058823529586, 0.15870588235295868, 0.19838235294119005, 0.4761176470588099, 0.6348235294117686, 1.150617647058843, 0.5157941176470744, 0.19838235294119005, 1.2299705882353056, 0.7935294117647272, 0.3570882352941157, 82.7254411764716, 1.54738235294119, 88.51820588235398, 0.7538529411764959, 0.19838235294119005, 0.15870588235295868, 0.5554705882353057, 0.6348235294117686, 1.4680294117647272, 1.4680294117647272, 0.23805882352942145, 0.3570882352941157, 0.07935294117646281, 0.5157941176470744, 0.6745, 0.39676470588234714, 0.5951470588235372, 0.87288235294119, 0.7141764705882644, 80.86064705882453, 0.9125588235294214, 0.07935294117646281, 1.2696470588235371, 1.150617647058843, 0.4761176470588429, 0.7141764705882644, 0.952235294117653, 0.6348235294117686, 0.039676470588231406, 1.349, 0.6348235294117686, 37.21652941176516, 82.36835294117745, 47.0166176470594, 0.27773529411765285, 2.459941176470611, 0.9125588235294214, 0.8332058823529586, 0.7538529411764959, 0.27773529411765285, 1.4680294117647272, 0.7538529411764627, 0.27773529411765285, 1.428352941176496, 0.9125588235294214, 0.3174117647058843, 3.4518529411764955, 0.11902941176469423, 0.039676470588231406, 0.11902941176469423, 0.4364411764705785, 1.3093235294117687, 0.11902941176472726, 0.3174117647058843, 1.2299705882353056, 0.15870588235295868, 0.3174117647058843, 0.6348235294117686, 78.16264705882446, 0.27773529411765285, 0.6745, 0.43644117647061154, 0.27773529411765285, 0.9125588235294214, 0.8332058823529586, 1.150617647058843, 0.11902941176472726, 0.11902941176472726, 0.8332058823529586, 0.7141764705882644, 0.43644117647061154, 0.7538529411764959, 0.7538529411764959, 2.42026470588238, 0.3174117647058843, 1.071264705882347, 1.2299705882353056, 65.54552941176549, 139.7405294117664, 64.47426470588314, 144.46202941176648, 0.87288235294119, 0.15870588235292563, 44.00120588235349, 0.3174117647058843, 0.07935294117646281, 0.11902941176472726, 0.23805882352942145, 0.15870588235292563, 1.1902941176470745, 82.7254411764716, 91.65264705882467, 0.27773529411765285, 80.78129411764806, 123.5525294117662, 1.349000000000033, 0.9125588235294214, 1.0315882352941488, 1.3093235294117687, 0.4364411764705785, 0.11902941176472726, 0.43644117647061154, 40.03355882352988, 118.79135294117792, 0.4761176470588429, 0.6348235294117686, 0.23805882352942145, 0.9919117647058844, 0.6348235294117686, 1.2696470588235371, 0.23805882352942145, 1.5077058823529585, 0.5554705882353057, 0.23805882352942145, 1.07126470588238, 2.6583235294118013, 81.97158823529514, 0.23805882352942145, 1.1902941176470745, 0.39676470588234714, 80.30517647058922, 1.3886764705882644, 0.23805882352942145, 1.4680294117647272, 0.4761176470588429, 0.15870588235295868, 65.14876470588317, 2161.574117647085, 2161.217029411791, 1968.1116470588474, 0.07935294117646281, 0.3174117647058843, 0.7935294117647272, 0.039676470588231406, 0.87288235294119, 0.87288235294119, 67.45000000000078, 0.039676470588231406, 0.0, 0.11902941176469423, 1.5077058823529585, 0.952235294117653, 1.07126470588238, 33.764676470588626, 0.5157941176470744, 0.27773529411765285, 49.67494117647117, 0.39676470588234714, 0.5951470588235372, 1.150617647058843, 0.5157941176470744, 0.0, 0.23805882352942145, 0.9919117647058844, 0.4761176470588099, 1.150617647058843, 1.8251176470588428, 0.27773529411765285, 0.15870588235295868, 1.6664117647059171, 0.952235294117653, 1.0315882352941157, 81.57482352941275, 0.9919117647058844, 0.5157941176470744, 82.7254411764716, 86.69308823529514, 0.6348235294117686, 0.39676470588234714, 0.4761176470588429, 0.5554705882353057, 0.11902941176469423, 0.952235294117653, 0.3174117647058843, 0.8332058823529586, 1.2696470588235371, 0.07935294117646281, 0.5157941176470744, 0.9919117647058844, 0.15870588235295868, 0.15870588235292563, 0.3174117647058843, 1.54738235294119, 0.7538529411764627, 0.3570882352941157, 0.9125588235294214, 0.3174117647058843, 0.15870588235295868, 0.4364411764705785, 0.0, 0.6745, 0.3570882352941157, 0.15870588235295868, 1.2299705882353056, 0.4761176470588099, 0.4364411764705785, 40.35097058823577, 0.5951470588235372, 0.23805882352942145, 0.15870588235292563, 0.5157941176470744, 0.3174117647058843, 0.11902941176472726, 1.2696470588235371, 0.15870588235292563, 1.1109411764706114, 0.15870588235295868, 1.8647941176470741, 1.0315882352941488, 0.8332058823529586, 80.50355882353038, 48.96076470588294, 5.753088235294182, 0.039676470588231406, 76.25817647058916, 1.150617647058843, 2.301235294117686, 0.27773529411765285, 0.4364411764705785, 0.3174117647058843, 0.23805882352942145, 45.786647058824094, 0.5951470588235372, 80.38452941176568, 5.792764705882413, 1.626735294117686, 0.0, 0.7538529411764959, 0.27773529411765285, 0.23805882352942145, 2.0631764705882647, 0.23805882352942145, 0.9125588235294214, 1.07126470588238, 0.07935294117646281, 0.3570882352941157, 0.07935294117646281, 0.5951470588235372, 0.27773529411765285, 0.7935294117647272, 0.8332058823529586, 0.15870588235292563, 0.3570882352941157, 0.4761176470588099, 0.8332058823529586, 0.19838235294119005, 1.7854411764706115, 79.55132352941276, 0.9125588235294214, 0.19838235294119005, 82.28900000000098, 127.00438235294274, 1.2696470588235371, 0.7538529411764959, 0.952235294117653, 1.1902941176470745, 81.29708823529508, 0.7935294117647272, 0.11902941176472726, 0.5157941176470744, 10.752323529411902, 2.777352941176496, 0.5554705882353057, 0.7935294117647272, 0.23805882352942145, 0.15870588235292563, 41.50158823529461, 87.80402941176575, 0.0, 0.5157941176470744, 0.39676470588234714, 0.5554705882353057, 2.301235294117686, 0.19838235294119005, 0.3174117647058843, 0.11902941176472726, 0.19838235294119005, 2.499617647058843, 43.76314705882407, 0.15870588235295868, 0.9125588235294214, 0.3174117647058843, 44.12023529411818, 0.4761176470588099, 82.28900000000098, 2.0235000000000327, 0.15870588235295868, 1.626735294117686, 0.7538529411764959, 0.7538529411764959, 39.87485294117696, 120.73550000000147, 0.4364411764705785, 1.2299705882353056, 0.39676470588234714, 1.6664117647059171, 0.15870588235292563, 0.4761176470588429, 1.1109411764706114, 0.3174117647058843, 0.27773529411765285, 0.5951470588235372, 0.3570882352941157, 1.3093235294117687, 0.27773529411765285, 0.039676470588231406, 1.0315882352941488, 63.918794117647835, 112.56214705882493, 0.5951470588235372, 1.2299705882353056, 0.87288235294119, 0.15870588235295868, 0.8332058823529586, 0.7538529411764959, 0.8332058823529586, 0.11902941176469423, 0.15870588235295868, 0.952235294117653, 0.5951470588235372, 82.64608823529514, 83.2809117647069, 0.039676470588231406, 4.126352941176529, 0.23805882352942145, 1.1109411764706114, 0.5157941176470744, 0.27773529411765285, 0.8332058823529586, 0.7141764705882314, 0.8332058823529586, 0.27773529411765285, 0.4761176470588429, 1.07126470588238, 0.39676470588234714, 0.27773529411765285, 80.18614705882453, 165.252500000002, 58.959235294118386, 0.07935294117646281, 0.4761176470588429, 0.6348235294117686, 0.39676470588234714, 0.5951470588235372, 79.74970588235392, 0.7935294117647272, 0.952235294117653, 81.4954705882363, 113.4747058823543, 74.86950000000093, 16501.126705882554, 16581.431882353143, 16304.053676470787, 15567.420323529603, 0.0, 1.4680294117647272, 0.11902941176469423, 0.7141764705882314, 80.90032352941276, 0.9125588235294214, 43.287029411765225, 0.07935294117646281, 39.676470588235766, 43.56476470588287, 0.11902941176469423, 1.2696470588235371, 0.3570882352941157, 0.952235294117653, 0.15870588235295868, 1.2696470588235371, 0.11902941176469423, 1.1902941176470745, 1.7854411764706115, 0.6348235294117686, 0.3570882352941157, 0.3174117647058843, 0.39676470588234714, 0.6348235294117686, 0.15870588235295868, 0.6745, 0.7538529411764959, 0.6745, 0.039676470588231406, 0.5157941176470744, 0.87288235294119, 81.77320588235392, 0.4364411764705785, 0.9125588235294214, 43.24735294117699, 0.3570882352941157, 0.039676470588231406, 35.62947058823573, 0.39676470588234714, 1.7060882352941487, 0.0, 0.4761176470588429, 0.4761176470588429, 0.8332058823529586, 0.23805882352942145, 0.039676470588231406, 0.3570882352941157, 72.33020588235385, 117.04558823529554, 1.1109411764706114, 0.11902941176469423, 82.56673529411869, 5.078588235294181, 1.7060882352941487, 1.904470588235306, 1.428352941176496, 0.5951470588235372, 0.6348235294117686, 0.5951470588235372, 77.25008823529508, 0.3570882352941157, 1.8251176470588428, 0.23805882352942145, 1.0315882352941157, 0.7538529411764959, 0.23805882352942145, 1.0315882352941157, 1.150617647058843, 0.039676470588231406, 0.5554705882353057, 0.11902941176469423, 0.5554705882353057, 0.87288235294119, 0.9919117647058844, 1.3093235294117687, 0.3174117647058843, 40.2716176470593, 0.11902941176469423, 0.5157941176470744, 0.11902941176469423, 0.07935294117646281, 1.8647941176470741, 1.626735294117653, 39.676470588235766, 0.5554705882353057, 0.952235294117653, 0.5157941176470744, 0.87288235294119, 0.11902941176469423, 0.87288235294119, 1.07126470588238, 0.952235294117653, 1.150617647058843, 0.11902941176469423, 1.07126470588238, 44.79473529411818, 1.54738235294119, 86.37567647058928, 0.3570882352941157, 1.1109411764706114, 0.27773529411765285, 49.63526470588294, 0.7538529411764959, 0.07935294117646281, 0.5157941176470744, 77.25008823529508, 1.5077058823529585, 1.7060882352941487, 0.7538529411764959, 0.27773529411765285, 83.32058823529515, 0.5157941176470744, 0.5951470588235372, 0.5554705882353057, 0.9125588235294214, 0.3174117647058843, 80.30517647058922, 0.3174117647058843, 1.9838235294118016, 0.4364411764705785, 0.5554705882353057, 0.039676470588231406, 0.9919117647058844, 0.39676470588234714, 0.23805882352942145, 0.4761176470588429, 0.039676470588231406, 0.0, 0.039676470588231406, 0.11902941176469423, 0.7538529411764959, 0.27773529411765285, 0.3570882352941157, 0.952235294117653, 1.3093235294117687, 83.43961764705983, 47.889500000000595, 1.07126470588238, 0.07935294117646281, 0.6348235294117686, 1.0315882352941157, 0.5157941176470744, 0.3570882352941157, 0.5157941176470744, 0.5951470588235372, 0.19838235294119005, 0.6348235294117686, 0.6348235294117686, 0.07935294117646281, 0.5951470588235372, 0.4761176470588429, 0.19838235294119005, 0.7141764705882314, 0.4364411764705785, 82.6064117647069, 83.20155882353045, 131.64652941176627, 0.39676470588234714, 0.07935294117646281, 0.19838235294119005, 0.87288235294119, 0.7141764705882314, 0.9125588235294214, 1.1109411764706114, 0.3174117647058843, 0.9919117647058844, 0.7935294117647272, 1.150617647058843, 0.4364411764705785, 36.50235294117692, 119.10876470588383, 0.7141764705882314, 0.3570882352941157, 0.19838235294119005, 1.0315882352941157, 0.27773529411765285, 0.3174117647058843, 0.27773529411765285, 0.15870588235295868, 0.19838235294119005, 1.2696470588235371, 0.07935294117646281, 0.11902941176469423, 81.29708823529513, 0.11902941176469423, 0.7538529411764959, 0.11902941176469423, 0.19838235294119005, 0.23805882352942145, 80.97967647058923, 0.8332058823529586, 1.1109411764706114, 0.5554705882353057, 0.87288235294119, 0.5157941176470744, 0.039676470588231406, 0.039676470588231406, 0.27773529411765285, 0.7935294117647272, 82.68576470588337, 0.23805882352942145, 0.11902941176469423, 0.6745, 1.9838235294118016, 0.039676470588231406, 0.6348235294117686, 0.5951470588235372, 74.15532352941268, 0.4364411764705785, 0.87288235294119, 0.23805882352942145, 0.952235294117653, 1.54738235294119, 0.7538529411764959, 0.15870588235295868, 79.27358823529508, 117.68041176470729, 198.22364705882592, 88.79594117647167, 0.8332058823529586, 41.42223529411815, 91.17652941176583, 1.07126470588238, 0.6745, 1.1109411764706114, 38.803588235294576, 0.27773529411765285, 1.74576470588238, 0.3570882352941157, 0.6348235294117686, 1.1109411764706114, 0.19838235294119005, 1.2299705882353056, 0.11902941176469423, 0.3570882352941157, 0.7141764705882314, 0.039676470588231406, 0.19838235294119005, 0.27773529411765285, 0.5554705882353057, 40.39064705882403, 0.15870588235295868, 44.51700000000053, 0.7935294117647272, 0.39676470588234714, 1.8251176470588428, 0.3570882352941157, 0.27773529411765285, 0.19838235294119005, 0.4364411764705785, 1.2299705882353056, 0.039676470588231406, 1.0315882352941157, 1.1902941176470745, 0.039676470588231406, 1.5077058823529585, 0.3174117647058843, 0.39676470588234714, 0.6348235294117686, 0.7538529411764959, 0.0, 40.62870588235342, 0.039676470588231406, 0.6745, 0.8332058823529586, 0.4761176470588429, 0.9919117647058844, 0.15870588235295868, 44.51700000000053, 0.0, 0.7538529411764959, 0.952235294117653, 0.3174117647058843, 0.23805882352942145, 0.4364411764705785, 0.3174117647058843, 0.23805882352942145, 1.1109411764706114, 0.7141764705882314, 39.39873529411812, 117.56138235294262, 41.858676470588755, 0.3174117647058843, 0.3570882352941157, 0.39676470588234714, 0.15870588235295868, 0.27773529411765285, 0.19838235294119005, 0.6348235294117686, 34.00273529411805, 76.33752941176562, 57.64991176470658, 0.87288235294119, 0.23805882352942145, 1.9838235294118016, 0.6348235294117686, 0.4761176470588429, 0.952235294117653, 1.5077058823529585, 0.15870588235295868, 0.5951470588235372, 0.07935294117646281, 0.87288235294119, 0.3174117647058843, 0.5157941176470744, 0.11902941176469423, 0.3174117647058843, 0.3570882352941157, 0.27773529411765285, 0.3174117647058843, 0.39676470588234714, 0.5554705882353057, 0.4761176470588429, 0.27773529411765285, 7.855941176470679, 0.19838235294119005, 0.39676470588234714, 0.23805882352942145, 1.0315882352941157, 1.349, 0.4364411764705785, 0.6745, 0.5554705882353057, 0.4761176470588429, 0.7538529411764959, 1.2299705882353056, 1.349, 1.150617647058843, 1.7854411764706115, 0.9125588235294214, 0.6745, 0.19838235294119005, 0.23805882352942145, 82.48738235294215, 0.27773529411765285, 1.0315882352941157, 0.5157941176470744, 1.4680294117647272, 0.4761176470588429, 1.3886764705882644, 0.15870588235295868, 1.8647941176470741, 3.09476470588238, 8.411411764705983, 72.84600000000087, 0.5554705882353057, 0.7538529411764959, 60.14952941176545, 0.19838235294119005, 0.5951470588235372, 0.07935294117646281, 0.07935294117646281, 1.2299705882353056, 0.15870588235295868, 1.150617647058843, 0.5554705882353057, 0.7935294117647272, 1.349000000000033, 83.2809117647069, 0.07935294117646281, 0.11902941176469423, 41.30320588235345, 87.01050000000106, 0.9919117647058844, 0.7935294117647272, 0.7141764705882314, 0.9125588235294214, 1.3093235294117687, 0.19838235294119005, 0.23805882352942145, 1.2299705882353056, 0.6348235294117686, 0.15870588235295868, 1.7060882352941487, 38.32747058823576, 82.96350000000099, 0.4761176470588429, 81.57482352941275, 0.5157941176470744, 0.5951470588235372, 0.39676470588234714, 0.07935294117646281, 0.3570882352941157, 0.3174117647058843, 1.07126470588238, 0.3570882352941157, 40.43032352941226, 5.91179411764714, 2.22188235294119, 0.3570882352941157, 1.626735294117653, 82.64608823529514, 0.3174117647058843, 0.4761176470588429, 1.07126470588238, 0.8332058823529586, 0.23805882352942145, 0.23805882352942145, 0.4364411764705785, 0.6745, 0.19838235294119005, 0.3570882352941157, 83.83638235294222, 0.6348235294117686, 1.3093235294117687, 0.07935294117646281, 0.15870588235295868, 0.5951470588235372, 0.23805882352942145, 0.4364411764705785, 0.11902941176469423, 0.7538529411764959, 0.9919117647058844, 0.4761176470588429, 80.82097058823629, 0.27773529411765285, 0.6745, 1.1109411764706114, 0.39676470588234714, 0.6745, 0.8332058823529586, 51.61908823529475, 0.4364411764705785, 78.00394117647154, 126.80600000000153, 0.15870588235295868, 0.5157941176470744, 1.2696470588235371, 0.5951470588235372, 0.39676470588234714, 2.0235000000000327, 1.0315882352941157, 1.626735294117653, 0.9125588235294214, 0.23805882352942145, 31.14602941176509, 0.6745, 0.39676470588234714, 0.19838235294119005, 0.4364411764705785, 2.6583235294118013, 0.9919117647058844, 0.4364411764705785, 0.11902941176469423, 0.19838235294119005, 0.3570882352941157, 0.8332058823529586, 0.27773529411765285, 1.54738235294119, 1.3886764705882644, 0.9919117647058844, 0.39676470588234714, 0.6348235294117686, 80.7019411764716, 1.1109411764706114, 0.6745, 1.1109411764706114, 1.4680294117647272, 0.952235294117653, 0.9125588235294214, 0.27773529411765285, 0.6348235294117686, 45.032794117647605, 0.5157941176470744, 0.23805882352942145, 0.19838235294119005, 0.5951470588235372, 0.9125588235294214, 0.0, 0.5554705882353057, 0.8332058823529586, 0.87288235294119, 0.4761176470588429, 0.87288235294119, 0.7538529411764959, 0.07935294117646281, 1.150617647058843, 1.4680294117647272, 0.0, 0.0, 40.07323529411815, 0.3570882352941157, 0.9125588235294214, 0.6745, 0.9125588235294214, 1.2299705882353056, 1.07126470588238, 0.23805882352942145, 0.07935294117646281, 48.00852941176529, 1.5870588235294214, 0.039676470588231406, 0.7141764705882314, 1.150617647058843, 0.3174117647058843, 0.4364411764705785, 0.952235294117653, 1.349, 0.6348235294117686, 0.5157941176470744, 0.19838235294119005, 0.27773529411765285, 0.5554705882353057, 0.7141764705882314, 0.5157941176470744, 0.19838235294119005, 0.7538529411764959, 1.3886764705882644, 0.5554705882353057, 0.3570882352941157, 0.07935294117646281, 0.6348235294117686, 0.19838235294119005, 0.3570882352941157, 1.2299705882353056, 0.7538529411764959, 0.7538529411764959, 0.3570882352941157, 7.498852941176562, 14.561264705882543, 0.39676470588234714, 79.432294117648, 122.8780294117662, 2.777352941176496, 0.39676470588234714, 50.54782352941239, 0.07935294117646281, 1.1902941176470745, 2.102852941176496, 0.952235294117653, 44.19958823529464, 1.07126470588238, 0.39676470588234714, 0.27773529411765285, 0.27773529411765285, 0.07935294117646281, 0.4761176470588429, 47.175323529412324, 1.2299705882353056, 0.4364411764705785, 0.039676470588231406, 41.858676470588755, 93.63647058823643, 92.48585294117758, 0.19838235294119005, 0.4761176470588429, 0.27773529411765285, 0.4364411764705785, 41.46191176470638, 0.7538529411764959, 1.150617647058843, 0.3570882352941157, 83.51897058823629, 5.872117647058909, 0.3174117647058843, 0.8332058823529586, 0.39676470588234714, 0.7538529411764959, 0.7935294117647272, 0.6745, 0.15870588235295868, 1.0315882352941157, 0.87288235294119, 0.07935294117646281, 0.7141764705882314, 0.4761176470588429, 82.7254411764716, 0.39676470588234714, 0.4364411764705785, 0.7141764705882314, 0.7538529411764959, 1.150617647058843, 0.23805882352942145, 1.7060882352941487, 0.87288235294119, 0.7538529411764959, 0.9125588235294214, 0.87288235294119, 0.9919117647058844, 2.1425294117647273, 0.6745, 84.82829411764806, 1.07126470588238, 0.952235294117653, 0.6348235294117686, 0.039676470588231406, 2.499617647058843, 0.19838235294119005, 0.25293749999997367, 2.571531250000013, 0.5901875000000087, 0.2950937500000044, 0.0, 0.4215625000000263, 0.46371875000002194, 0.12646875000002195, 0.46371875000002194, 0.5058750000000175, 0.4215625000000263, 0.08431249999999121, 0.42156249999999124, 0.12646875000002195, 0.33725, 0.5901875000000087, 0.25293750000000875, 1.4754687500000219, 2.1921250000000176, 0.9695937500000044, 0.16862500000001757, 0.33725, 1.4754687500000219, 14.586062500000097, 1.01175, 0.6745000000000351, 0.6745000000000351, 0.3794062499999956, 0.25293749999997367, 0.21078124999997805, 1.1803749999999824, 1.011750000000035, 0.16862500000001757, 0.04215624999999561, 0.12646875000002195, 0.46371875000002194, 1.349000000000035, 0.3794062499999956, 43.84250000000028, 0.04215625000003071, 13.152750000000106, 103.70437500000065, 1.8548750000000174, 0.5480312499999781, 31.659343750000215, 0.2950937500000044, 2.1921250000000176, 0.33725, 1.096062499999991, 1.1803749999999824, 0.2950937500000044, 0.12646874999998683, 0.6745000000000351, 0.7588125000000263, 0.5480312499999781, 1.1382187499999867, 0.7166562500000307, 0.25293750000000875, 50.0394687500003, 0.12646874999998683, 1.3911562499999957, 48.479687500000324, 1.4333125000000262, 0.7588125000000263, 44.896406250000275, 89.79281250000055, 137.42937500000085, 97.92896875000062, 0.42156249999999124, 0.5480312500000132, 0.2950937500000044, 0.8431250000000176, 0.21078124999997805, 0.42156249999999124, 0.8431250000000176, 0.46371875000002194, 46.6669687500003, 1.1382187499999867, 0.33725, 0.3794062499999956, 0.8431250000000176, 88.23303125000058, 0.08431250000002632, 0.33725, 1.3068437500000394, 0.3794062499999956, 1.096062499999991, 0.33725, 2.8666250000000177, 53.53843750000033, 0.46371874999998686, 3.119562500000026, 0.25293749999997367, 0.25293750000000875, 0.08431249999999121, 0.5058749999999824, 0.21078124999997805, 0.9274375000000087, 0.8852812500000131, 83.97525000000053, 4.342093750000039, 0.5480312499999781, 0.885281249999978, 2.4029062500000307, 54.50803125000033, 4.552875000000053, 0.25293749999997367, 0.42156249999999124, 0.8852812500000131, 0.2950937500000044, 0.21078125000001316, 1.6019375000000087, 0.08431250000002632, 1.3068437500000043, 0.46371874999998686, 0.7588124999999912, 0.04215624999999561, 1.0960625000000264, 0.08431249999999121, 1.1382187499999867, 0.16862499999998243, 2.149968749999987, 1.1803750000000175, 0.7588124999999912, 0.9695937500000044, 0.04215624999999561, 0.5058750000000175, 88.06440625000053, 3.035250000000035, 0.08431250000002632, 0.7588125000000263, 87.72715625000056, 0.7588124999999912, 0.08431250000002632, 1.01175, 1.138218750000022, 1.0539062499999956, 0.2950937500000044, 45.95031250000031, 0.0, 0.46371874999998686, 0.7588125000000263, 0.16862499999998243, 0.08431250000002632, 1.0960625000000264, 0.2950937500000044, 0.33725, 0.16862500000001757, 0.21078125000001316, 1.011750000000035, 0.33725, 1.686250000000035, 1.7284062500000308, 0.21078125000001316, 0.7588124999999912, 85.15562500000054, 1.5597812499999781, 10.11750000000007, 0.7166562500000307, 0.12646874999998683, 0.12646874999998683, 0.8009687499999868, 0.6323437500000044, 1.686250000000035, 0.42156249999999124, 84.60759375000053, 92.15356250000059, 57.206031250000365, 5.143062500000061, 0.6323437500000044, 2.276437500000044, 0.7588124999999912, 51.51493750000032, 0.2950937500000044, 0.9274375000000087, 0.8009687499999868, 1.4333125000000262, 1.5597812499999781, 0.12646874999998683, 0.25293750000000875, 0.2950937500000044, 2.571531250000013, 0.04215624999999561, 0.16862500000001757, 0.25293749999997367, 0.5901874999999737, 0.37940625000003075, 0.2950937500000044, 0.46371874999998686, 0.46371875000002194, 0.6323437500000044, 1.138218750000022, 0.2950937500000044, 1.4754687500000219, 0.33725, 0.25293750000000875, 0.12646875000002195, 0.16862499999998243, 0.21078124999997805, 0.5901874999999737, 0.6745000000000351, 1103.7349375000067, 399.8520312500025, 396.0158125000024, 0.8852812500000131, 1.3911562500000305, 1.6019375000000087, 0.5901874999999737, 40.259218750000265, 0.33725, 0.25293750000000875, 0.42156249999999124, 0.2950937500000044, 86.58893750000053, 0.08431249999999121, 0.37940625000003075, 0.42156249999999124, 0.9274375000000087, 0.16862499999998243, 48.690468750000306, 58.007000000000346, 143.58418750000087, 0.08431250000002632, 0.6323437500000044, 86.1673750000005, 0.16862500000001757, 48.56400000000032, 0.2950937500000044, 1.2646875000000088, 1.812718750000022, 90.13006250000059, 0.6745000000000351, 0.9274375000000087, 0.6745, 0.800968750000022, 1.3911562499999957, 1.9813437500000395, 0.0, 0.12646875000002195, 0.33725, 0.7588125000000263, 0.04215625000003071, 1.5597812499999781, 46.16109375000028, 1.559781250000013, 1.6019375000000087, 0.21078125000001316, 88.35950000000057, 0.04215625000003071, 0.6745, 0.885281249999978, 0.8852812500000131, 0.0, 1.349, 0.5901874999999737, 1.0960625000000264, 49.3649687500003, 0.9274375000000087, 1.2646875000000088, 1.4333124999999913, 0.16862500000001757, 0.5058749999999824, 0.3794062499999956, 0.04215625000003071, 0.42156249999999124, 0.6745000000000351, 0.7166562499999957, 0.16862499999998243, 0.46371875000002194, 0.5058749999999824, 0.46371874999998686, 0.7588124999999912, 0.16862499999998243, 0.3794062499999956, 0.33725, 1.2225312500000132, 0.6323437500000044, 47.6787187500003, 0.5901874999999737, 0.16862500000001757, 1.3911562499999957, 0.4215625000000263, 0.08431249999999121, 611.6450312500037, 0.25293750000000875, 1.0539062499999956, 0.8431249999999825, 0.5901875000000087, 49.87084375000032, 0.7166562499999957, 0.25293749999997367, 51.852187500000326, 0.7166562499999957, 44.93856250000027, 0.33725, 1.5597812499999781, 0.9274375000000087, 0.885281249999978, 0.885281249999978, 0.7166562499999957, 0.5480312500000132, 0.6323437500000044, 0.3794062499999956, 0.9274375000000087, 0.6745, 0.25293749999997367, 0.9274375000000087, 0.5480312499999781, 1.3068437500000043, 1.6440937500000394, 0.04215624999999561, 0.6323437500000044, 0.21078124999997805, 1.8548749999999823, 0.8431249999999825, 0.25293750000000875, 0.7166562499999957, 0.12646875000002195, 0.37940625000003075, 1.138218750000022, 0.25293750000000875, 0.9695937500000044, 86.92618750000058, 1.3068437500000394, 0.2950937500000044, 0.42156249999999124, 1.3911562499999957, 46.0346250000003, 1.1803749999999824, 11.044937500000078, 18.675218750000127, 0.21078124999997805, 0.6323437500000044, 1.011750000000035, 87.89578125000054, 0.9274375000000087, 0.33725, 1.3068437500000394, 0.7588124999999912, 0.5901874999999737, 0.5901874999999737, 0.42156249999999124, 2.0235, 0.21078125000001316, 0.5901875000000087, 43.125843750000286, 0.5901874999999737, 0.04215624999999561, 0.04215625000003071, 0.04215624999999561, 0.46371874999998686, 0.0, 1.4333125000000262, 0.8431250000000176, 1.1803749999999824, 1.0539062499999956, 1.559781250000013, 0.16862499999998243, 0.9695937500000044, 0.4215625000000263, 0.5901875000000087, 2.3185937500000047, 0.12646874999998683, 0.25293749999997367, 0.7588124999999912, 0.46371874999998686, 0.16862500000001757, 0.6323437500000044, 0.2950937500000044, 78.7900312500005, 0.12646875000002195, 0.5480312500000132, 0.6745, 0.21078125000001316, 1.4754687499999868, 0.04215624999999561, 0.25293750000000875, 0.800968750000022, 0.12646875000002195, 84.9026875000005, 0.5480312499999781, 0.5058749999999824, 0.7588124999999912, 53.83353125000033, 1.01175, 0.9695937500000044, 54.42371875000034, 0.3794062499999956, 0.9274375000000087, 0.33725, 0.46371875000002194, 0.8431249999999825, 0.2950937500000044, 0.16862500000001757, 0.33725, 0.12646874999998683, 0.5480312499999781, 0.9274375000000087, 45.95031250000031, 0.3794062499999956, 0.7588124999999912, 1.2646875000000088, 0.21078124999997805, 84.39681250000055, 47.46793750000029, 51.76787500000033, 0.33725, 0.46371875000002194, 1.4754687500000219, 0.25293750000000875, 0.6323437500000044, 0.7588125000000263, 0.08431249999999121, 1.3911562500000305, 50.08162500000034, 0.8431249999999825, 0.7588125000000263, 1.4333125000000262, 0.16862500000001757, 0.12646875000002195, 0.9695937500000044, 2.487218749999987, 0.08431250000002632, 0.08431250000002632, 0.16862499999998243, 0.6745, 0.6745, 0.6745, 86.88403125000056, 0.46371875000002194, 0.6745, 0.2950937500000044, 0.3794062499999956, 1.2225312500000132, 0.0, 0.2950937500000044, 0.33725, 0.46371874999998686, 0.8431249999999825, 1.6862499999999998, 0.4215625000000263, 48.56400000000032, 0.08431250000002632, 0.46371874999998686, 0.7166562500000307, 0.42156249999999124, 0.9695937500000044, 0.12646874999998683, 0.04215625000003071, 0.16862500000001757, 0.2950937500000044, 1.8970312500000133, 0.7588124999999912, 0.12646874999998683, 0.37940625000003075, 0.33725, 0.33725, 1.2646875000000088, 0.04215625000003071, 1.3068437500000043, 0.5058749999999824, 1.5597812499999781, 0.5480312499999781, 0.9695937500000044, 0.46371875000002194, 1.9813437500000042, 0.21078124999997805, 0.5480312499999781, 0.46371875000002194, 44.17975000000028, 1.138218750000022, 0.6323437500000044, 0.8009687499999868, 1.8548749999999823, 1.8127187499999866, 0.21078124999997805, 1.3068437500000394, 0.25293749999997367, 0.21078125000001316, 0.8431250000000176, 0.3794062499999956, 0.46371874999998686, 0.33725, 0.2950937500000044, 0.08431249999999121, 0.9695937500000044, 82.9635000000005, 0.21078125000001316, 0.6745000000000351, 0.46371874999998686, 0.7588124999999912, 3.2038750000000173, 1.2225312499999779, 1.4333124999999913, 0.9274375000000087, 1.2225312499999779, 0.04215624999999561, 0.08431250000002632, 1.4333124999999913, 1.7284062499999955, 0.800968750000022, 1.5597812499999781, 0.46371874999998686, 0.12646874999998683, 0.9695937500000044, 44.93856250000027, 0.8431250000000176, 0.25293750000000875, 2.065656250000031, 0.04215625000003071, 0.2950937500000044, 0.16862499999998243, 0.25293749999997367, 0.0, 0.885281249999978, 1.5176250000000175, 0.5901875000000087, 0.0, 0.5058750000000175, 1.0960625000000264, 9.274375000000088, 1.6862499999999998, 0.46371875000002194, 1.1382187499999867, 44.09543750000029, 2.740156249999995, 0.5901874999999737, 1.6440937500000044, 0.6745, 1.1382187499999867, 1.5176249999999825, 0.7588125000000263, 0.7166562499999957, 1.2646875000000088, 0.7588125000000263, 1.349000000000035, 0.21078124999997805, 0.9274375000000087, 0.885281249999978, 0.42156249999999124, 0.7588124999999912, 0.9274375000000087, 0.9695937500000044, 0.7588124999999912, 0.21078125000001316, 0.33725, 0.08431250000002632, 0.6745, 1.4754687499999868, 0.21078125000001316, 0.33725, 1.5597812499999781, 1.01175, 0.12646875000002195, 0.21078124999997805, 0.33725, 1.096062499999991, 0.9695937500000044, 0.5901874999999737, 1.6440937500000394, 0.04215624999999561, 0.2950937500000044, 0.7166562499999957, 0.25293750000000875, 0.0, 1.349, 1.01175, 0.12646874999998683, 0.08431249999999121, 1.3068437500000043, 0.7588124999999912, 0.2950937500000044, 0.9695937500000044, 0.4215625000000263, 91.90062500000053, 0.800968750000022, 0.04215625000003071, 0.25293750000000875, 0.6323437500000044, 0.33725, 0.7588124999999912, 1.2646875000000088, 0.04215625000003071, 1.4333124999999913, 0.12646875000002195, 1.1382187499999867, 1.1803750000000175, 0.9274375000000087, 1.8127187499999866, 0.25293749999997367, 0.8852812500000131, 0.6745, 85.28209375000053, 0.800968750000022, 0.5480312500000132, 0.46371874999998686, 1.2225312499999779, 1.1803749999999824, 0.800968750000022, 0.21078124999997805, 0.5901874999999737, 0.3794062499999956, 1.6862499999999998, 0.21078125000001316, 39.247468750000266, 0.6323437500000044, 0.8431249999999825, 1.5597812499999781, 0.5901874999999737, 0.2950937500000044, 0.46371875000002194, 0.5901874999999737, 1.6440937500000044, 0.5480312499999781, 0.0, 1.3911562500000305, 0.21078125000001316, 87.76931250000055, 1.6440937500000394, 89.20262500000054, 0.9274375000000087, 0.6745, 1.2646875000000088, 88.61243750000054, 0.04215625000003071, 1.1803749999999824, 1.0539062500000307, 0.46371874999998686, 0.3794062499999956, 0.7588124999999912, 0.6323437500000044, 0.25293749999997367, 0.9695937500000044, 1.7705624999999912, 0.4215625000000263, 0.21078124999997805, 0.46371875000002194, 0.04215625000003071, 0.8431250000000176, 88.06440625000053, 51.05121875000034, 0.5480312499999781, 0.9695937500000044, 0.21078124999997805, 0.5901874999999737, 0.0, 0.5480312499999781, 0.6745, 0.5901875000000087, 0.5058750000000175, 88.31734375000056, 0.33725, 0.9695937500000044, 0.04215624999999561, 0.04215625000003071, 5.143062500000061, 0.7166562499999957, 0.33725, 85.19778125000055, 171.74456250000108, 0.42156249999999124, 0.04215624999999561, 1.4333124999999913, 44.137593750000285, 0.5058749999999824, 0.7588124999999912, 39.20531250000024, 1.3040333333333007, 0.08993333333332335, 0.40470000000003, 92.99106666666657, 100.81526666666659, 146.27656666666647, 1.4839000000000224, 0.1798666666666467, 1.214100000000015, 2.383233333333331, 0.35973333333333085, 0.08993333333332335, 0.5395999999999775, 2.248333333333346, 2.4731666666666543, 1.07920000000003, 0.4946333333333159, 0.2248333333333458, 1.3939666666666615, 0.5845666666666767, 0.8094000000000224, 0.35973333333333085, 92.7212666666666, 0.5395999999999775, 0.6745, 91.64206666666657, 1.4389333333333607, 0.5395999999999775, 0.08993333333336079, 0.6745, 0.13489999999998503, 0.6745, 0.35973333333336827, 0.13490000000002245, 0.2248333333333458, 0.9443000000000075, 51.846566666666604, 0.6745, 0.8993333333333458, 0.6295333333333383, 0.4046999999999925, 0.17986666666668413, 0.044966666666699115, 0.4046999999999925, 45.1015666666666, 0.5845666666666767, 0.8993333333333083, 0.44966666666665417, 1.3040333333333383, 0.08993333333332335, 0.539600000000015, 0.1798666666666467, 0.13489999999998503, 1.2590666666666765, 0.6295333333333383, 0.26979999999997006, 0.539600000000015, 0.44966666666665417, 1.1241666666666916, 0.8094000000000224, 0.5395999999999775, 0.3147666666666317, 0.35973333333336827, 0.5845666666666767, 0.08993333333332335, 0.08993333333336079, 0.40470000000003, 0.539600000000015, 1.1691333333333158, 1.1691333333333533, 1.349, 97.30786666666653, 0.5845666666666393, 0.22483333333330838, 0.35973333333333085, 0.1798666666666467, 0.35973333333336827, 0.22483333333330838, 0.08993333333336079, 0.22483333333330838, 0.40470000000003, 0.31476666666666914, 1.2590666666666392, 0.94429999999997, 1.3939666666666615, 50.2277666666666, 1.034233333333331, 1.0342333333333682, 2.518133333333316, 93.39576666666659, 0.539600000000015, 0.6745, 0.17986666666668413, 0.8543666666666466, 0.8993333333333458, 0.6745, 0.8094000000000224, 1.9785333333333008, 93.35079999999994, 40.06529999999994, 89.5735999999999, 0.13490000000002245, 0.94429999999997, 92.85616666666657, 0.08993333333332335, 0.4496666666666916, 0.2248333333333458, 1.4389333333333234, 0.4046999999999925, 0.4946333333333533, 0.3147666666666317, 1.2590666666666392, 38.49146666666662, 0.7644333333333608, 0.9892666666666318, 0.1798666666666467, 0.5845666666666767, 1.1241666666666916, 0.809399999999985, 0.6745, 91.73199999999989, 1.034233333333331, 0.8094000000000224, 1.7986666666666915, 0.6295333333333383, 1.798666666666654, 0.4496666666666916, 0.719466666666699, 1.034233333333331, 0.1798666666666467, 0.22483333333330838, 0.04496666666666167, 0.3147666666666317, 0.13490000000002245, 1.349, 1.1691333333333158, 0.08993333333336079, 0.44966666666665417, 0.6745, 0.719466666666699, 1.2590666666666765, 0.7644333333333608, 0.7194666666666617, 1.9785333333333008, 0.35973333333336827, 0.7194666666666617, 0.4496666666666916, 0.8993333333333458, 0.08993333333332335, 93.93536666666654, 0.22483333333330838, 0.6295333333333383, 0.31476666666666914, 0.2698000000000075, 1.7536999999999925, 0.22483333333330838, 0.08993333333332335, 0.5845666666666767, 0.0, 0.4946333333333533, 0.26979999999997006, 0.5845666666666393, 0.35973333333336827, 0.719466666666699, 0.4946333333333533, 0.17986666666668413, 0.08993333333336079, 2.42820000000003, 0.4496666666666916, 52.610999999999926, 0.9443000000000075, 0.2248333333333458, 0.3147666666666317, 1.5288666666666468, 0.2248333333333458, 1.1691333333333533, 0.2248333333333458, 95.7789999999999, 0.0, 0.8094000000000224, 94.38503333333323, 180.90089999999978, 0.044966666666699115, 0.7644333333333234, 1.9785333333333381, 0.9892666666666691, 0.2698000000000075, 0.719466666666699, 92.36153333333321, 0.08993333333332335, 0.8543666666666841, 0.3147666666666317, 0.40470000000003, 93.35079999999994, 1.2140999999999775, 0.6295333333333383, 0.7644333333333234, 0.8543666666666841, 0.8993333333333458, 0.6295333333333009, 0.539600000000015, 0.35973333333336827, 0.2698000000000075, 1.349, 0.2248333333333458, 0.7194666666666617, 0.2698000000000075, 0.4946333333333533, 1.0342333333333682, 46.630433333333286, 0.17986666666668413, 1.0342333333333682, 0.5845666666666393, 0.35973333333336827, 93.84543333333322, 101.84949999999989, 103.33339999999987, 0.4946333333333159, 1.214100000000015, 1.7087333333333308, 0.35973333333333085, 0.044966666666699115, 0.6295333333333383, 0.7644333333333234, 0.5395999999999775, 0.35973333333333085, 1.5738333333333083, 1.5738333333333083, 0.26979999999997006, 0.3147666666666317, 1.5288666666666841, 0.539600000000015, 0.809399999999985, 1.4839000000000224, 0.8993333333333458, 1.3040333333333007, 1.5738333333333459, 0.13490000000002245, 1.349, 0.6295333333333383, 0.1798666666666467, 48.0693666666666, 0.6745, 0.4496666666666916, 0.4046999999999925, 93.6205999999999, 0.6295333333333009, 0.6745, 0.3147666666666317, 1.4389333333333607, 0.6295333333333383, 0.0, 0.5845666666666767, 1.4389333333333234, 1.4389333333333607, 1.7986666666666915, 0.8094000000000224, 0.8993333333333458, 1.1691333333333533, 49.64319999999996, 49.013666666666616, 0.4046999999999925, 0.8543666666666466, 0.6295333333333383, 1.214100000000015, 48.653933333333285, 0.17986666666668413, 0.8543666666666841, 1.0342333333333682, 0.2698000000000075, 0.6295333333333383, 0.044966666666699115, 0.9892666666666691, 0.6295333333333383, 0.22483333333330838, 0.3147666666666317, 1.1241666666666916, 0.5845666666666767, 93.66556666666656, 0.35973333333333085, 94.02529999999993, 0.4946333333333533, 2.832899999999985, 88.22459999999991, 0.04496666666666167, 0.8993333333333083, 0.8993333333333083, 0.08993333333336079, 1.2140999999999775, 0.08993333333332335, 0.7644333333333234, 0.3147666666666317, 0.9443000000000075, 0.719466666666699, 0.7194666666666617, 2.3382666666666316, 103.69313333333324, 0.44966666666665417, 0.0, 0.40470000000003, 0.4496666666666916, 0.13489999999998503, 0.809399999999985, 0.044966666666699115, 93.3058333333332, 10.791999999999963, 61.649299999999926, 49.46333333333327, 0.17986666666668413, 0.6745, 0.26979999999997006, 0.26979999999997006, 93.75549999999988, 0.0, 0.6295333333333383, 0.044966666666699115, 0.35973333333336827, 1.4839000000000224, 0.4496666666666916, 0.35973333333336827, 0.5845666666666393, 1.1241666666666543, 51.26199999999992, 1.2140999999999775, 0.539600000000015, 0.8993333333333083, 56.02846666666659, 0.4496666666666916, 0.9892666666666691, 0.26979999999997006, 0.8543666666666466, 0.7644333333333608, 0.4046999999999925, 0.6745, 1.214100000000015, 0.7194666666666617, 0.13489999999998503, 0.719466666666699, 0.4946333333333533, 0.2248333333333458, 0.9443000000000075, 1.0342333333333682, 0.13490000000002245, 1.393966666666699, 0.17986666666668413, 0.13489999999998503, 0.04496666666666167, 0.7194666666666617, 93.98033333333319, 3.822166666666654, 0.17986666666668413, 0.3147666666666317, 1.214100000000015, 58.5915666666666, 0.5395999999999775, 0.94429999999997, 0.2698000000000075, 0.94429999999997, 0.719466666666699, 1.4389333333333234, 94.25013333333324, 0.26979999999997006, 0.539600000000015, 42.13376666666659, 0.5395999999999775, 0.809399999999985, 91.14743333333321, 6.250366666666646, 0.2248333333333458, 90.83266666666658, 0.9892666666666318, 0.7194666666666617, 1.4389333333333607, 0.31476666666666914, 1.1241666666666916, 0.26979999999997006, 94.16019999999992, 0.17986666666668413, 0.2248333333333458, 0.7644333333333234, 0.6295333333333383, 1.7087333333333308, 0.8543666666666841, 0.08993333333336079, 0.13490000000002245, 0.044966666666699115, 0.4946333333333159, 0.13490000000002245, 0.1798666666666467, 0.2248333333333458, 1.7537000000000298, 0.3147666666666317, 0.35973333333333085, 0.6295333333333009, 0.13489999999998503, 0.08993333333336079, 0.8094000000000224, 0.5845666666666393, 1.4389333333333607, 0.6745, 47.214999999999925, 0.719466666666699, 0.7644333333333608, 6.385266666666632, 1.7536999999999925, 0.31476666666666914, 0.4946333333333159, 0.08993333333332335, 0.2248333333333458, 0.31476666666666914, 0.40470000000003, 0.4946333333333533, 1.3040333333333383, 0.17986666666668413, 0.809399999999985, 0.08993333333336079, 0.4946333333333533, 1.1691333333333533, 45.551233333333286, 0.2698000000000075, 0.4046999999999925, 0.13489999999998503, 1.61879999999997, 1.1691333333333533, 1.349, 0.22483333333330838, 0.6745, 0.08993333333336079, 0.2248333333333458, 1.07920000000003, 1.214100000000015, 0.5395999999999775, 0.0, 0.13490000000002245, 0.08993333333332335, 0.2248333333333458, 0.08993333333332335, 0.13489999999998503, 0.4946333333333159, 0.6295333333333009, 0.9892666666666691, 1.349, 0.5395999999999775, 0.9892666666666691, 0.08993333333332335, 96.81323333333326, 0.2248333333333458, 86.92056666666656, 49.553266666666595, 0.4946333333333159, 0.13489999999998503, 2.563100000000015, 87.72996666666656, 149.1544333333332, 3.462433333333323, 0.6295333333333383, 0.9892666666666691, 3.3724999999999623, 0.8543666666666841, 0.35973333333336827, 1.349, 0.4946333333333159, 0.4496666666666916, 56.478133333333275, 0.08993333333332335, 0.44966666666665417, 1.6637666666666318, 0.08993333333332335, 0.1798666666666467, 1.4389333333333607, 0.17986666666668413, 1.0791999999999926, 0.6295333333333383, 0.31476666666666914, 1.1691333333333158, 0.809399999999985, 0.8993333333333083, 1.1691333333333533, 0.04496666666666167, 0.539600000000015, 0.8543666666666841, 0.35973333333333085, 48.608966666666625, 0.04496666666666167, 0.22483333333330838, 0.3147666666666317, 91.95683333333326, 97.30786666666653, 63.17816666666658, 1.5738333333333459, 0.94429999999997, 0.13489999999998503, 1.4389333333333607, 4.046999999999962, 0.2248333333333458, 0.8094000000000224, 0.0, 0.8094000000000224, 0.13490000000002245, 0.2698000000000075, 0.8543666666666841, 0.5395999999999775, 90.6977666666666, 136.69866666666653, 88.8990999999999, 0.17986666666668413, 0.044966666666699115, 0.809399999999985, 0.26979999999997006, 0.2248333333333458, 0.17986666666668413, 0.13489999999998503, 1.1691333333333533, 0.17986666666668413, 0.8543666666666841, 92.99106666666657, 99.64613333333324, 147.67053333333314, 237.1092333333331, 237.46896666666646, 109.26899999999988, 0.08993333333336079, 0.6295333333333009, 0.35973333333336827, 0.044966666666699115, 1.393966666666699, 0.7644333333333608, 0.40470000000003, 0.4496666666666916, 0.35973333333333085, 2.248333333333346, 0.26979999999997006, 0.5395999999999775, 0.6295333333333383, 0.8094000000000224, 0.2698000000000075, 0.4496666666666916, 0.8993333333333458, 1.5288666666666841, 1.2140999999999775, 95.23939999999988, 0.26979999999997006, 0.6295333333333383, 87.50513333333323, 1.1691333333333533, 1.7537000000000298, 1.07920000000003, 5.800699999999992, 0.8543666666666841, 0.5845666666666767, 0.08993333333332335, 2.248333333333346, 0.4496666666666916, 0.9443000000000075, 0.6295333333333383, 0.04496666666666167, 0.35973333333336827, 1.1691333333333533, 1.4389333333333607, 0.6295333333333009, 0.6745, 0.9443000000000075, 1.7537000000000298, 0.809399999999985, 0.719466666666699, 0.6295333333333009, 1.034233333333331, 0.4946333333333159, 1.9335666666666766, 0.94429999999997, 2.563100000000015, 0.2248333333333458, 0.35973333333333085, 1.0791999999999926, 1.034233333333331, 0.40470000000003, 0.3147666666666317, 50.72239999999995, 0.7644333333333608, 0.8543666666666841, 3.4174666666666615, 0.17986666666668413, 0.40470000000003, 1.4839000000000224, 0.40470000000003, 2178.3202333333315, 1.1241666666666543, 3.642300000000007, 1.07920000000003, 1.4389333333333607, 0.17986666666668413, 1.3040333333333007, 0.719466666666699, 0.35973333333336827, 0.6295333333333383, 96.5434333333332, 0.2698000000000075, 0.31476666666666914, 0.31476666666666914, 93.53066666666658, 1.3040333333333007, 0.2248333333333458, 0.0, 0.49700000000001554, 1.3845000000000265, 1.2425000000000388, 1.029500000000028, 0.28400000000000464, 0.17750000000001398, 0.8165000000000171, 41.99650000000093, 3.195000000000075, 0.5680000000000093, 0.3905000000000249, 1.3135000000000325, 0.9940000000000311, 0.5680000000000093, 72.42000000000164, 25.382500000000555, 1.1360000000000186, 0.03549999999999689, 0.6390000000000327, 1.2425000000000093, 0.31950000000000156, 0.7455000000000233, 0.14199999999998755, 0.1420000000000171, 0.49700000000001554, 0.6390000000000327, 0.17750000000001398, 0.03549999999999689, 0.10650000000002022, 0.10650000000002022, 0.0, 1.4200000000000232, 0.24850000000000777, 74.33700000000164, 0.31950000000000156, 0.0, 0.07099999999999378, 0.5680000000000093, 1.3135000000000325, 0.7455000000000233, 0.17750000000001398, 36.849000000000814, 0.887500000000011, 0.42600000000002175, 0.6390000000000327, 0.24850000000000777, 0.7100000000000264, 0.852000000000014, 0.21300000000001088, 0.14199999999998755, 0.07099999999999378, 72.98800000000163, 0.1420000000000171, 0.3905000000000249, 35.855000000000786, 1.5620000000000402, 1.5265000000000435, 26.98000000000059, 1.668500000000031, 0.887500000000011, 0.0, 1.2780000000000358, 0.7455000000000233, 4.2955000000000965, 0.31950000000000156, 75.6860000000017, 115.33950000000259, 154.9930000000035, 0.35499999999999843, 1.7395000000000247, 0.852000000000014, 41.67700000000093, 0.07099999999999378, 0.6035000000000063, 0.21300000000001088, 0.7455000000000233, 0.3905000000000249, 0.49700000000001554, 0.49700000000001554, 42.63550000000097, 0.887500000000011, 0.852000000000014, 0.07099999999999378, 0.14199999999998755, 0.6745, 1.029500000000028, 0.31950000000000156, 0.5680000000000093, 2.165500000000047, 0.35499999999999843, 0.35499999999999843, 0.5680000000000093, 1.3135000000000325, 0.14199999999998755, 0.887500000000011, 0.6035000000000063, 0.28400000000000464, 0.07099999999999378, 0.5325000000000124, 0.1420000000000171, 45.227000000001, 0.4615000000000187, 0.17750000000001398, 0.49700000000001554, 0.35499999999999843, 1.1005000000000218, 35.3935000000008, 0.6390000000000327, 0.31950000000000156, 0.42600000000002175, 0.7810000000000201, 0.35499999999999843, 1.3490000000000295, 0.1420000000000171, 0.14199999999998755, 2.3785000000000576, 0.35499999999999843, 0.4259999999999922, 0.5680000000000093, 0.6035000000000063, 0.35499999999999843, 2.627000000000065, 0.31950000000000156, 0.8165000000000171, 0.21300000000001088, 0.24850000000000777, 0.28400000000000464, 0.24850000000000777, 73.02350000000163, 0.31950000000000156, 0.0, 1.1360000000000186, 0.28400000000000464, 0.3905000000000249, 1.171500000000045, 0.7455000000000233, 0.4615000000000187, 1.0650000000000248, 0.6745000000000296, 37.98500000000084, 110.08550000000245, 44.80100000000101, 1.5620000000000402, 72.56200000000162, 1.3490000000000295, 0.6390000000000327, 0.7100000000000264, 0.887500000000011, 1.4910000000000172, 0.4615000000000187, 68.76350000000154, 2.3430000000000604, 0.28400000000000464, 0.7810000000000201, 0.6035000000000063, 0.6035000000000063, 0.6390000000000327, 1.9170000000000387, 75.7215000000017, 0.7455000000000233, 0.03549999999999689, 0.852000000000014, 0.10650000000002022, 0.7455000000000233, 0.49700000000001554, 0.7100000000000264, 0.17750000000001398, 0.17750000000001398, 0.7455000000000233, 1.1005000000000218, 0.21300000000001088, 1.4200000000000232, 0.39049999999999535, 0.887500000000011, 0.6035000000000063, 0.4615000000000187, 0.5680000000000093, 0.8165000000000171, 37.52350000000085, 0.17750000000001398, 37.310500000000836, 70.21900000000159, 37.346000000000835, 0.35499999999999843, 0.42600000000002175, 34.43500000000076, 5.183000000000107, 0.7455000000000233, 1.4200000000000232, 47.854000000001065, 0.28400000000000464, 0.1420000000000171, 0.4259999999999922, 0.5325000000000124, 38.233500000000845, 0.1420000000000171, 0.31950000000000156, 0.4259999999999922, 1.3490000000000295, 0.7455000000000233, 0.03549999999999689, 0.24850000000000777, 0.03549999999999689, 1.668500000000031, 0.07099999999999378, 0.4615000000000187, 0.9230000000000373, 0.1420000000000171, 8.768500000000207, 1788.70300000004, 1756.3980000000395, 1831.0190000000412, 1746.6355000000394, 0.6035000000000063, 75.0115000000017, 44.588000000000996, 0.5325000000000124, 1.0650000000000248, 34.39950000000077, 0.4615000000000187, 0.24850000000000777, 0.5680000000000093, 0.35499999999999843, 0.35499999999999843, 0.5325000000000124, 0.7100000000000264, 0.14199999999998755, 0.14199999999998755, 0.28400000000000464, 3.763000000000084, 0.6390000000000327, 74.15950000000166, 0.6035000000000063, 0.1420000000000171, 0.7100000000000264, 0.7810000000000201, 0.49700000000001554, 1.4910000000000465, 0.4615000000000187, 0.8165000000000171, 0.07099999999999378, 0.28400000000000464, 73.09450000000163, 9.904500000000226, 0.8165000000000171, 0.03549999999999689, 0.6390000000000031, 1.1005000000000218, 0.24850000000000777, 0.07099999999999378, 0.49700000000001554, 2.0235000000000594, 0.17750000000001398, 0.39049999999999535, 1.171500000000045, 0.35499999999999843, 0.17750000000001398, 0.4259999999999922, 0.852000000000014, 39.618000000000876, 1.8105000000000482, 1.704000000000028, 0.6745, 0.24850000000000777, 0.5680000000000093, 0.17750000000001398, 1.1360000000000186, 0.31950000000000156, 0.6035000000000063, 73.91100000000168, 0.10650000000002022, 38.269000000000844, 0.10649999999999067, 0.852000000000014, 0.39049999999999535, 0.28400000000000464, 0.1420000000000171, 1.4910000000000172, 75.43750000000166, 0.49700000000001554, 0.852000000000014, 0.887500000000011, 1.4555000000000498, 37.346000000000835, 0.1420000000000171, 0.17750000000001398, 74.33700000000164, 1.171500000000045, 0.42600000000002175, 0.7810000000000201, 0.31950000000000156, 0.24850000000000777, 0.42600000000002175, 0.10650000000002022, 0.03549999999999689, 0.35499999999999843, 0.07099999999999378, 0.4615000000000187, 1.4200000000000232, 72.27800000000164, 110.97300000000251, 8.449000000000176, 0.887500000000011, 0.7455000000000233, 0.6745000000000296, 0.35499999999999843, 1.207000000000042, 0.6390000000000031, 1.4200000000000232, 0.4615000000000187, 0.10650000000002022, 0.07099999999999378, 0.07099999999999378, 0.10649999999999067, 0.852000000000014, 0.9230000000000373, 0.7100000000000264, 73.02350000000163, 148.07050000000334, 124.03700000000279, 0.9230000000000373, 0.35499999999999843, 1.3490000000000295, 4.153500000000079, 49.700000000001104, 0.9585000000000343, 0.21300000000001088, 0.6390000000000031, 76.3960000000017, 0.4259999999999922, 0.17750000000001398, 0.852000000000014, 36.1035000000008, 47.78300000000107, 1.5620000000000402, 35.677500000000805, 0.9230000000000373, 0.5680000000000093, 1.0650000000000248, 1.1360000000000186, 0.03549999999999689, 0.24850000000000777, 0.852000000000014, 1.4200000000000232, 0.4615000000000187, 0.0, 74.47900000000169, 46.46950000000104, 80.54950000000181, 1.1360000000000186, 0.6035000000000063, 0.9940000000000311, 0.9940000000000311, 0.0, 40.93150000000091, 0.21300000000001088, 0.10649999999999067, 0.4615000000000187, 0.24850000000000777, 0.17750000000001398, 72.91700000000165, 82.32450000000183, 0.07099999999999378, 2.2010000000000436, 0.6035000000000063, 1.6330000000000342, 1.9170000000000387, 1.3490000000000295, 0.6390000000000327, 2.875500000000073, 0.14199999999998755, 0.39049999999999535, 0.35499999999999843, 0.8165000000000171, 0.03549999999999689, 41.286500000000935, 0.5325000000000124, 0.42600000000002175, 0.21300000000001088, 0.6745000000000296, 1.5975000000000374, 0.6035000000000063, 41.64150000000093, 91.83850000000206, 64.92950000000147, 0.10650000000002022, 0.6035000000000063, 0.28400000000000464, 0.35499999999999843, 0.0, 1.1715000000000155, 39.760000000000886, 0.03549999999999689, 0.24850000000000777, 0.3905000000000249, 0.7100000000000264, 0.28400000000000464, 0.21300000000001088, 1.207000000000042, 33.441000000000734, 72.31350000000164, 0.3905000000000249, 0.24850000000000777, 0.3905000000000249, 1.171500000000045, 0.24850000000000777, 88.430500000002, 63.722500000001446, 0.14199999999998755, 0.07099999999999378, 5.254000000000101, 0.07099999999999378, 1.3490000000000295, 0.21300000000001088, 0.10650000000002022, 43.59400000000097, 0.1420000000000171, 37.41700000000083, 1.1360000000000186, 37.63000000000084, 2.2010000000000436, 1.171500000000045, 0.39049999999999535, 1.029500000000028, 1.7395000000000547, 0.7810000000000201, 0.17750000000001398, 0.852000000000014, 0.03549999999999689, 1.1360000000000186, 0.39049999999999535, 38.020500000000865, 0.852000000000014, 0.31950000000000156, 75.54400000000172, 38.979000000000866, 109.51750000000247, 0.31950000000000156, 0.21300000000001088, 0.3905000000000249, 0.7810000000000201, 0.7455000000000233, 0.49700000000001554, 0.49700000000001554, 0.14199999999998755, 0.7455000000000233, 0.10649999999999067, 0.28400000000000464, 0.03549999999999689, 0.887500000000011, 0.4615000000000187, 0.5680000000000093, 0.42600000000002175, 0.9230000000000373, 0.24850000000000777, 2.165500000000047, 0.31950000000000156, 0.3905000000000249, 56.445000000001265, 0.887500000000011, 1.1005000000000218, 0.7810000000000201, 2.094500000000053, 0.5325000000000124, 0.7455000000000233, 0.42600000000002175, 45.15600000000101, 1.0650000000000248, 0.6745, 0.24850000000000777, 0.5680000000000093, 0.03549999999999689, 0.10650000000002022, 0.17750000000001398, 1.2425000000000093, 39.29850000000087, 0.6035000000000063, 72.17150000000159, 112.81900000000253, 5.289500000000127, 9.372000000000213, 22.755500000000517, 0.6745000000000296, 1.5975000000000374, 0.9230000000000373, 1.207000000000042, 0.17750000000001398, 39.33400000000087, 0.17750000000001398, 1.8105000000000482, 5.005500000000123, 0.49700000000001554, 0.887500000000011, 74.62100000000167, 1.207000000000042, 0.5680000000000093, 67.69850000000152, 0.17750000000001398, 38.837000000000884, 4.650500000000095, 0.1420000000000171, 0.6745000000000296, 0.49700000000001554, 0.07099999999999378, 0.6035000000000063, 0.28400000000000464, 2.059000000000056, 0.5680000000000093, 44.659000000000994, 1.2425000000000093, 0.6745, 1.8105000000000482, 0.03549999999999689, 0.887500000000011, 0.887500000000011, 0.42600000000002175, 0.7100000000000264, 39.54700000000088, 1.8105000000000482, 1.207000000000042, 0.31950000000000156, 0.07099999999999378, 1.5975000000000374, 0.21300000000001088, 0.03549999999999689, 0.5325000000000124, 1.2780000000000358, 0.0, 71.63900000000159, 831.0550000000186, 828.3570000000186, 217.47300000000487, 288.36650000000645, 0.21300000000001088, 35.92600000000081, 1.1005000000000218, 0.10650000000002022, 4.686000000000091, 0.24850000000000777, 0.17750000000001398, 0.07099999999999378, 0.3905000000000249, 0.42600000000002175, 1.1360000000000186, 0.8165000000000171, 0.6035000000000063, 1.207000000000042, 0.10650000000002022, 0.03549999999999689, 0.7455000000000233, 0.10650000000002022, 0.5680000000000093, 0.42600000000002175, 1.3845000000000265, 0.4615000000000187, 0.3905000000000249, 73.41400000000166, 2507.329500000056, 2117.0425000000478, 1976.0720000000445, 2050.089500000046, 0.9585000000000343, 1.029500000000028, 0.49700000000001554, 0.42600000000002175, 0.887500000000011, 0.10650000000002022, 0.6390000000000031, 0.852000000000014, 41.60600000000093, 0.31950000000000156, 0.35499999999999843, 0.5325000000000124, 0.9940000000000311, 0.9229999999999969, 1.2779999999999798, 0.03549999999999533, 0.4259999999999735, 0.7099999999999658, 0.2839999999999922, 68.94099999999852, 0.46149999999999847, 0.106499999999986, 0.46149999999999847, 0.4969999999999937, 0.21300000000000152, 0.1775000000000062, 32.020999999999304, 0.21300000000000152, 0.2839999999999922, 0.07099999999999065, 0.8874999999999721, 42.45799999999909, 0.24849999999999686, 74.58549999999838, 0.4969999999999937, 0.8874999999999721, 0.24849999999999686, 0.07099999999999065, 0.42600000000000304, 0.8519999999999767, 0.3905000000000078, 0.7809999999999859, 0.9229999999999969, 0.46149999999999847, 0.0, 0.6390000000000047, 0.03549999999999533, 0.106499999999986, 0.31949999999998757, 0.1420000000000109, 1.1714999999999642, 0.3550000000000124, 0.10650000000001555, 0.6745, 1.2069999999999597, 0.106499999999986, 0.2839999999999922, 0.3549999999999829, 0.6034999999999798, 1.2424999999999844, 0.9584999999999626, 0.9939999999999874, 35.854999999999215, 109.87249999999766, 0.6390000000000047, 36.13899999999921, 0.9939999999999874, 1.1714999999999938, 38.94349999999917, 953.9204999999796, 831.0194999999823, 548.5104999999883, 20.873999999999562, 0.6389999999999751, 0.7809999999999859, 0.3905000000000078, 1.313499999999975, 0.6034999999999798, 1.313499999999975, 49.87749999999894, 0.46149999999999847, 0.03549999999999533, 39.972999999999146, 1.3844999999999659, 0.3550000000000124, 0.106499999999986, 0.31949999999998757, 0.4259999999999735, 0.6034999999999798, 0.8164999999999812, 0.7809999999999859, 2.5204999999999345, 0.1420000000000109, 0.03549999999999533, 0.4969999999999937, 1.2779999999999798, 44.44599999999903, 3.017499999999928, 0.3549999999999829, 0.6034999999999798, 0.0, 35.961499999999226, 0.9584999999999922, 1.1359999999999688, 0.8164999999999812, 1.3844999999999659, 0.6745, 0.3550000000000124, 0.3550000000000124, 0.5324999999999891, 73.73349999999843, 1.1359999999999688, 0.2839999999999922, 0.1419999999999813, 0.7454999999999906, 86.65549999999816, 0.1420000000000109, 0.1419999999999813, 1.6329999999999625, 0.6034999999999798, 2.271999999999967, 0.6744999999999705, 1.1714999999999938, 0.6389999999999751, 1.1714999999999938, 0.4969999999999937, 0.21300000000000152, 1.2779999999999798, 9.726999999999785, 0.0, 43.41649999999908, 44.97849999999902, 56.657999999998786, 0.6034999999999798, 0.10650000000001555, 0.39049999999997825, 0.6744999999999705, 1.4554999999999565, 1.1714999999999642, 75.04699999999838, 0.8164999999999812, 0.31949999999998757, 1.0294999999999828, 0.106499999999986, 0.31949999999998757, 1.1004999999999734, 0.21300000000000152, 0.7099999999999658, 0.1419999999999813, 0.0, 0.24849999999999686, 0.1420000000000109, 0.1775000000000062, 0.6745, 1.419999999999961, 0.21300000000000152, 1.2779999999999798, 0.1419999999999813, 0.21300000000000152, 0.5324999999999891, 0.1775000000000062, 0.03549999999999533, 0.46149999999999847, 0.0, 0.9584999999999922, 0.03549999999999533, 0.7454999999999906, 0.21300000000000152, 0.4969999999999937, 0.5324999999999891, 0.3905000000000078, 71.53249999999848, 1.0649999999999782, 0.07099999999999065, 0.8164999999999812, 0.24849999999999686, 0.1775000000000062, 30.849499999999345, 71.4969999999985, 1.0294999999999828, 0.17749999999997665, 1.0649999999999782, 0.8164999999999812, 0.9229999999999969, 0.7099999999999658, 74.58549999999838, 0.9584999999999626, 1.455499999999986, 39.51149999999915, 1564.8399999999667, 1141.5379999999757, 1.0294999999999828, 0.9939999999999874, 0.7099999999999658, 1.1359999999999688, 6.034999999999856, 0.4969999999999937, 0.0, 1.206999999999989, 0.6744999999999705, 74.72749999999843, 0.46149999999999847, 33.15699999999928, 0.2839999999999922, 0.6744999999999705, 0.7809999999999859, 1.8459999999999643, 0.0, 74.37249999999841, 145.97599999999684, 0.7454999999999906, 0.6034999999999798, 0.8875000000000015, 0.39049999999997825, 90.48949999999806, 0.8519999999999767, 5.2894999999998955, 0.7099999999999658, 0.31949999999998757, 75.72149999999834, 0.3550000000000124, 38.30449999999919, 0.2839999999999922, 41.28649999999912, 0.24849999999999686, 0.46149999999999847, 0.46149999999999847, 0.03549999999999533, 1.3844999999999659, 0.03549999999999533, 0.9939999999999874, 0.4969999999999937, 0.42600000000000304, 0.21300000000000152, 0.8519999999999767, 0.106499999999986, 0.1775000000000062, 1.3844999999999659, 0.10650000000001555, 1.2779999999999798, 0.106499999999986, 0.24849999999999686, 1.6329999999999625, 2.4849999999999395, 0.21300000000000152, 0.4969999999999937, 0.6745, 0.5679999999999844, 0.8164999999999812, 1.3844999999999659, 45.08499999999904, 4.366499999999899, 0.8875000000000015, 1.0649999999999782, 1.419999999999961, 0.46149999999999847, 0.6390000000000047, 0.10650000000001555, 0.8164999999999812, 0.24849999999999686, 0.10650000000001555, 0.1775000000000062, 0.0, 0.5679999999999844, 0.7809999999999859, 0.24849999999999686, 1.1714999999999938, 0.7454999999999906, 0.21300000000000152, 1.3489999999999704, 1.3844999999999659, 0.3905000000000078, 0.6390000000000047, 0.106499999999986, 0.1419999999999813, 74.4079999999984, 0.03549999999999533, 0.24849999999999686, 0.7809999999999859, 0.10650000000001555, 0.6745, 0.03549999999999533, 0.1419999999999813, 0.6745, 0.07099999999999065, 0.42600000000000304, 0.4969999999999937, 35.748499999999225, 0.8874999999999721, 73.05899999999846, 0.7809999999999859, 0.6390000000000047, 0.8875000000000015, 0.7454999999999906, 0.9584999999999626, 0.5679999999999844, 1.1004999999999734, 75.8279999999984, 0.21300000000000152, 0.9584999999999626, 0.1420000000000109, 72.41999999999842, 0.03549999999999533, 0.1420000000000109, 0.2839999999999922, 73.05899999999846, 0.7809999999999859, 2.55599999999993, 0.8875000000000015, 3.088499999999919, 75.75699999999841, 82.32449999999825, 0.6390000000000047, 0.3905000000000078, 0.6745, 0.6390000000000047, 0.24849999999999686, 2.058999999999936, 1.4909999999999517, 0.07099999999999065, 72.98799999999842, 83.31849999999824, 123.96599999999732, 1.1004999999999734, 0.3550000000000124, 0.3905000000000078, 70.32549999999846, 77.81599999999831, 79.05849999999833, 151.86899999999673, 0.6034999999999798, 0.42600000000000304, 1.1004999999999734, 0.6034999999999798, 0.31949999999998757, 0.1419999999999813, 0.8519999999999767, 0.1419999999999813, 1.4909999999999812, 0.10650000000001555, 1.1359999999999688, 0.42600000000000304, 0.7809999999999859, 0.42600000000000304, 0.6390000000000047, 40.71849999999914, 4.117999999999902, 1.3489999999999704, 1.1359999999999688, 38.76599999999916, 7.454999999999848, 16902.969999999637, 16627.205999999645, 16632.104999999643, 15600.687999999665, 0.5679999999999844, 0.3905000000000078, 0.10650000000001555, 0.07099999999999065, 0.1420000000000109, 0.17749999999997665, 0.07099999999999065, 0.46149999999999847, 44.58799999999904, 30.38799999999934, 0.3905000000000078, 73.20099999999844, 0.24849999999999686, 0.3549999999999829, 0.6745, 0.8519999999999767, 71.28399999999846, 0.5324999999999891, 1.2424999999999844, 0.9229999999999969, 0.8875000000000015, 0.03549999999999533, 1.0294999999999828, 0.31949999999998757, 5.360499999999886, 0.31949999999998757, 38.091499999999186, 0.7809999999999859, 0.4259999999999735, 0.03549999999999533, 0.3550000000000124, 0.3550000000000124, 34.32849999999927, 107.42299999999774, 42.1384999999991, 0.5324999999999891, 0.24849999999999686, 1.419999999999961, 39.15649999999917, 0.6745, 0.17749999999997665, 73.94649999999841, 0.5324999999999891, 1.419999999999961, 0.2839999999999922, 0.7454999999999906, 0.1775000000000062, 0.31949999999998757, 0.31949999999998757, 38.87249999999917, 2.023499999999941, 0.7099999999999953, 0.1419999999999813, 0.9229999999999969, 1.0294999999999828, 2.520499999999964, 0.03549999999999533, 0.6390000000000047, 0.31949999999998757, 0.17749999999997665, 0.3905000000000078, 0.31949999999998757, 1.0294999999999828, 53.99549999999884, 0.7099999999999953, 38.339999999999186, 0.7099999999999953, 0.03549999999999533, 0.31949999999998757, 0.42600000000000304, 0.4969999999999937, 0.4259999999999735, 0.1420000000000109, 0.3550000000000124, 2.165499999999952, 1.1004999999999734, 0.7809999999999859, 76.25399999999834, 50.48099999999892, 1.1359999999999688, 0.24849999999999686, 0.4259999999999735, 0.1775000000000062, 1.0294999999999828, 1.0294999999999828, 0.03549999999999533, 0.2839999999999922, 1.1004999999999734, 0.21300000000000152, 73.41399999999842, 44.90749999999903, 0.7099999999999658, 0.5324999999999891, 0.7809999999999859, 0.5324999999999891, 72.70399999999846, 110.97299999999763, 101.95599999999779, 1.0294999999999828, 0.8874999999999721, 0.1420000000000109, 0.03549999999999533, 0.46149999999999847, 0.6744999999999705, 1.313499999999975, 40.36349999999913, 0.17749999999997665, 0.3905000000000078, 0.2839999999999922, 0.31949999999998757, 0.21300000000000152, 0.8874999999999721, 0.4259999999999735, 37.16849999999919, 0.8164999999999812, 0.6389999999999751, 1.313499999999975, 0.31949999999998757, 0.31949999999998757, 0.24849999999999686, 0.03549999999999533, 88.07549999999809, 27.192999999999408, 0.31949999999998757, 41.03799999999913, 35.07399999999923, 0.9584999999999922, 0.4969999999999937, 0.5679999999999844, 0.4969999999999937, 0.6390000000000047, 0.2839999999999922, 0.9939999999999874, 0.6745, 0.7454999999999906, 66.02999999999857, 0.2839999999999922, 0.7099999999999953, 1.1004999999999734, 2.0589999999999655, 1.0649999999999782, 0.3905000000000078, 1.1714999999999938, 1.206999999999989, 1.1004999999999734, 32.411499999999315, 0.8519999999999767, 0.24849999999999686, 0.8519999999999767, 0.3905000000000078, 20.05749999999958, 854.2364999999818, 825.0554999999825, 0.106499999999986, 1.2779999999999798, 0.1419999999999813, 0.4969999999999937, 0.24849999999999686, 42.84849999999906, 0.7809999999999859, 0.0, 0.7454999999999906, 0.5679999999999844, 0.8164999999999812, 35.21599999999924, 31.133499999999334, 0.7454999999999906, 0.9584999999999922, 0.4969999999999937, 35.25149999999924, 0.8164999999999812, 1.1714999999999938, 0.1420000000000109, 0.9939999999999874, 0.2839999999999922, 0.0, 0.3549999999999829, 0.21300000000000152, 0.106499999999986, 1.2779999999999798, 40.00849999999914, 0.3549999999999829, 0.1775000000000062, 0.106499999999986, 0.8875000000000015, 0.1419999999999813, 0.3550000000000124, 1.8814999999999595, 3.5144999999999227, 0.0, 0.8519999999999767, 0.42600000000000304, 0.3905000000000078, 1.8104999999999687, 74.9404999999984, 0.21300000000000152, 0.9229999999999673, 0.31949999999998757, 0.07099999999999065, 72.41999999999842, 0.3905000000000078, 0.7809999999999859, 0.3550000000000124, 1.7394999999999783, 1.3489999999999704, 1.7039999999999829, 1.3489999999999704, 1.2779999999999798, 1.3844999999999659, 0.8164999999999812, 2.094499999999961, 0.31949999999998757, 1.1714999999999642, 0.31949999999998757, 0.5324999999999891, 0.8519999999999767, 0.1419999999999813, 0.21300000000000152, 37.7719999999992, 1.3489999999999704, 2.2009999999999468, 73.59149999999839, 9.584999999999804, 0.5324999999999891, 0.07099999999999065, 0.9229999999999969, 1.1359999999999688, 0.24849999999999686, 0.6034999999999798, 0.1419999999999813, 1.668499999999958, 0.3905000000000078, 0.03549999999999533, 0.0, 0.2839999999999922, 0.6744999999999705, 0.4969999999999937, 0.31949999999998757, 0.10650000000001555, 40.78949999999913, 1.8459999999999643, 1.5974999999999673, 0.17749999999997665, 0.21300000000000152, 0.1420000000000109, 0.7099999999999953, 33.90249999999927, 0.9229999999999969, 0.8164999999999812, 0.7809999999999859, 0.1420000000000109, 0.39049999999997825, 0.9584999999999922, 0.21300000000000152, 1.8459999999999643, 32.62449999999929, 0.21300000000000152, 1.313499999999975, 0.03549999999999533, 0.21300000000000152, 0.17749999999997665, 0.5679999999999844, 0.6745, 0.7454999999999906, 0.3549999999999829, 0.7809999999999859, 0.39049999999997825, 0.3549999999999829, 0.6389999999999751, 0.46149999999999847, 0.8874999999999721, 0.1775000000000062, 0.3549999999999829, 0.5324999999999891, 0.9939999999999874, 74.51449999999839, 3.1239999999999144, 78.59699999999832, 0.4969999999999937, 0.1420000000000109, 0.7166562499999957, 0.7588124999999912, 0.6745, 0.33725, 1.3068437500000043, 0.08431249999999121, 0.5058750000000175, 0.16862499999998243, 0.12646874999998683, 0.9695937500000044, 0.3794062499999956, 0.5480312500000132, 0.42156249999999124, 0.8009687499999868, 1.0960625000000264, 0.25293750000000875, 0.5901875000000087, 0.08431249999999121, 0.33725, 0.33725, 0.04215624999999561, 0.25293750000000875, 0.33725, 0.6323437500000044, 1.812718750000022, 1.3068437500000043, 1.7284062499999955, 88.19087500000055, 0.5480312500000132, 48.22675000000028, 0.42156249999999124, 0.2950937500000044, 86.25168750000053, 0.04215624999999561, 0.33725, 0.8852812500000131, 1.138218750000022, 0.7588124999999912, 0.08431249999999121, 0.46371874999998686, 0.46371874999998686, 0.6745, 1.2225312500000132, 47.25715625000027, 0.9274375000000087, 84.81837500000054, 1.5176250000000175, 0.7588124999999912, 0.42156249999999124, 0.5058750000000175, 0.04215624999999561, 1.2225312500000132, 1.0960625000000264, 1.4333125000000262, 37.81415625000024, 0.5058750000000175, 89.20262500000051, 1.0960625000000264, 0.6323437500000044, 1.0539062499999956, 1.01175, 0.6745, 1.6862499999999998, 2.149968750000022, 0.33725, 0.42156249999999124, 0.25293750000000875, 0.8009687499999868, 46.54050000000028, 128.8716562500008, 132.3284687500008, 0.04215624999999561, 0.21078125000001316, 87.98009375000049, 91.60553125000054, 135.7009687500008, 0.0, 0.2950937500000044, 0.7166562499999957, 1.0539062499999956, 0.5901875000000087, 1.7284062499999955, 1.096062499999991, 0.3794062499999956, 0.46371875000002194, 39.669031250000224, 39.16315625000024, 0.46371875000002194, 0.7588124999999912, 0.2950937500000044, 1.3911562499999957, 0.5901875000000087, 3.2038750000000173, 1.7284062499999955, 1.349, 0.16862499999998243, 0.7166562499999957, 0.5480312500000132, 0.6745, 0.33725, 0.04215624999999561, 0.2950937500000044, 1.349, 0.6745, 0.21078125000001316, 1.3911562499999957, 0.5058750000000175, 50.798281250000294, 0.12646874999998683, 2.1078125000000263, 1.6862499999999998, 1.6440937500000044, 0.33725, 0.7588124999999912, 0.7166562499999957, 36.76025000000021, 1.096062499999991, 0.6745, 0.9274375000000087, 0.33725, 0.12646874999998683, 1.7705625000000262, 0.25293750000000875, 0.12646874999998683, 84.98700000000052, 10.792000000000069, 0.5058750000000175, 1.138218750000022, 0.8431250000000176, 1.3911562499999957, 1.349, 0.800968750000022, 1.349, 0.16862500000001757, 58.13346875000034, 0.2950937500000044, 1.2225312500000132, 0.0, 0.5058750000000175, 0.7588124999999912, 1.6019375000000087, 1.349, 0.6323437500000044, 0.6745, 0.6745, 87.64284375000054, 174.14746875000105, 149.5703750000009, 158.00162500000093, 1.9813437500000042, 51.0933750000003, 0.9274375000000087, 89.70850000000051, 0.7588124999999912, 0.42156249999999124, 0.9695937500000044, 0.7166562499999957, 0.3794062499999956, 0.3794062499999956, 0.5901875000000087, 0.16862499999998243, 0.5480312500000132, 0.46371875000002194, 0.6745, 1.096062499999991, 0.04215624999999561, 0.08431249999999121, 0.2950937500000044, 1.01175, 0.21078125000001316, 0.5901875000000087, 0.08431249999999121, 0.33725, 0.46371874999998686, 0.9274375000000087, 0.04215624999999561, 45.48659375000028, 1.4754687500000219, 0.04215624999999561, 87.64284375000054, 1.01175, 1.6019375000000087, 0.0, 0.33725, 0.9274375000000087, 0.3794062499999956, 1.3068437500000043, 0.46371874999998686, 1.6862499999999998, 0.04215624999999561, 1.0539062499999956, 0.8852812500000131, 0.21078125000001316, 1.8548750000000174, 3.246031250000013, 0.9274375000000087, 46.16109375000028, 0.7588124999999912, 0.33725, 48.56400000000028, 0.16862500000001757, 0.12646874999998683, 1.7284062499999955, 44.13759375000025, 0.5901875000000087, 0.9695937500000044, 0.12646874999998683, 0.42156249999999124, 0.33725, 0.8852812500000131, 2.149968750000022, 0.5058750000000175, 0.6323437500000044, 0.46371875000002194, 0.5058750000000175, 0.9274375000000087, 84.01740625000049, 2.065656250000031, 0.25293750000000875, 87.64284375000054, 0.0, 1.8548750000000174, 1.4754687500000219, 1.01175, 87.13696875000052, 1.7284062499999955, 0.16862499999998243, 1679.8422500000102, 0.12646874999998683, 0.5901875000000087, 0.9695937500000044, 0.800968750000022, 0.33725, 2.1078125000000263, 43.54740625000027, 0.12646874999998683, 0.3794062499999956, 0.5480312500000132, 1.4754687500000219, 0.16862500000001757, 0.2950937500000044, 87.13696875000052, 1.0960625000000264, 1.349, 50.461031250000296, 1.3068437500000043, 0.12646874999998683, 0.5058750000000175, 0.5058750000000175, 0.9274375000000087, 0.25293750000000875, 0.6745, 0.5901875000000087, 85.49287500000054, 0.8431250000000176, 0.5901875000000087, 69.38918750000039, 0.08431249999999121, 1.2225312500000132, 45.823843750000286, 0.33725, 0.16862500000001757, 0.3794062499999956, 0.7166562499999957, 2.571531250000013, 0.5058750000000175, 0.7166562499999957, 86.96834375000053, 0.12646874999998683, 0.2950937500000044, 0.42156249999999124, 87.68500000000053, 0.2950937500000044, 1.138218750000022, 1.9391875000000087, 0.25293750000000875, 0.9695937500000044, 0.9274375000000087, 88.23303125000054, 0.8852812500000131, 0.6323437500000044, 0.0, 0.0, 49.491437500000295, 58.59718750000035, 0.3794062499999956, 0.5058750000000175, 0.6745, 0.8431250000000176, 0.42156249999999124, 2.9930937500000043, 0.8431250000000176, 1.01175, 0.6323437500000044, 0.08431249999999121, 0.04215624999999561, 1.2225312500000132, 0.5058750000000175, 86.37815625000053, 0.8009687499999868, 0.3794062499999956, 88.99184375000053, 92.57512500000058, 0.21078125000001316, 0.6745, 0.6323437500000044, 0.25293750000000875, 0.33725, 1.5176250000000175, 0.42156249999999124, 1.2646875000000088, 0.5901875000000087, 47.088531250000294, 1.2225312500000132, 0.9274375000000087, 0.6323437500000044, 0.5480312500000132, 0.25293750000000875, 0.04215624999999561, 0.42156249999999124, 0.5901875000000087, 0.5480312500000132, 0.42156249999999124, 42.32487500000026, 0.6323437500000044, 1.01175, 0.8431250000000176, 1.6019375000000087, 0.33725, 0.16862499999998243, 42.535656250000244, 130.05203125000074, 0.8852812500000131, 1.138218750000022, 0.5480312500000132, 0.8009687499999868, 0.46371875000002194, 0.46371875000002194, 0.16862500000001757, 0.6323437500000044, 0.25293750000000875, 0.33725, 50.58750000000031, 0.8009687499999868, 0.21078125000001316, 0.42156249999999124, 0.42156249999999124, 0.5058750000000175, 0.8852812500000131, 0.12646874999998683, 1.349, 0.08431249999999121, 0.6323437500000044, 0.21078125000001316, 0.46371875000002194, 0.9695937500000044, 0.5058750000000175, 0.04215624999999561, 0.9274375000000087, 0.2950937500000044, 40.596468750000234, 0.8431250000000176, 0.6323437500000044, 89.1604687500005, 0.25293750000000875, 1.5176250000000175, 0.3794062499999956, 0.9695937500000044, 0.46371874999998686, 64.87846875000038, 0.16862500000001757, 0.0, 1.138218750000022, 0.33725, 60.03050000000035, 1.5176250000000175, 89.53987500000055, 61.25303125000037, 65.46865625000038, 0.16862500000001757, 0.08431249999999121, 0.16862499999998243, 1.6019375000000087, 0.8852812500000131, 0.04215624999999561, 0.8431250000000176, 0.12646874999998683, 1.559781250000013, 0.46371875000002194, 1.5176250000000175, 0.0, 0.9695937500000044, 0.21078125000001316, 1.01175, 0.16862500000001757, 0.6745, 1.138218750000022, 1.8970312500000133, 0.3794062499999956, 0.33725, 2.5293750000000177, 0.800968750000022, 0.12646874999998683, 1.6440937500000044, 0.5480312500000132, 2.2764375000000086, 0.16862500000001757, 0.46371874999998686, 0.5901875000000087, 0.7166562499999957, 0.2950937500000044, 0.9274375000000087, 0.12646874999998683, 0.04215624999999561, 0.46371874999998686, 0.25293750000000875, 0.6745, 4.932281250000013, 1.4754687500000219, 48.3532187500003, 1.01175, 0.08431249999999121, 4.0891562500000305, 1.01175, 0.16862499999998243, 0.04215624999999561, 0.25293750000000875, 0.6745, 0.5480312500000132, 0.5058750000000175, 0.2950937500000044, 88.06440625000054, 0.16862499999998243, 0.12646874999998683, 0.6745, 86.42031250000052, 1.4754687500000219, 0.12646874999998683, 0.5901875000000087, 0.8431250000000176, 1.7284062499999955, 0.25293750000000875, 0.6323437500000044, 0.5901875000000087, 1.3068437500000043, 0.25293750000000875, 0.6745, 1.9391875000000087, 45.10718750000026, 904.2937187500056, 904.3780312500055, 614.2165625000038, 615.5234062500037, 0.9695937500000044, 22.089875000000124, 18177.14265625011, 18086.08515625011, 17808.612718750108, 1.0539062499999956, 0.6323437500000044, 0.9695937500000044, 0.12646874999998683, 0.6323437500000044, 0.8431250000000176, 0.16862500000001757, 86.6732500000005, 0.46371875000002194, 0.12646874999998683, 52.020812500000304, 0.800968750000022, 0.12646874999998683, 0.5058750000000175, 0.08431249999999121, 0.33725, 0.8852812500000131, 39.121000000000244, 1.4754687500000219, 0.08431249999999121, 87.13696875000052, 0.04215624999999561, 0.3794062499999956, 0.5058750000000175, 2.0656562499999955, 0.46371874999998686, 0.6745, 0.7588124999999912, 0.08431249999999121, 0.33725, 0.8431250000000176, 0.46371875000002194, 0.42156249999999124, 0.5480312500000132, 0.9274375000000087, 90.46731250000052, 5.944031250000048, 0.42156249999999124, 0.6745, 1.1803750000000175, 0.9695937500000044, 0.2950937500000044, 0.25293750000000875, 2.2342812500000133, 0.42156249999999124, 0.16862500000001757, 0.5058750000000175, 87.60068750000053, 1.9813437500000042, 0.25293750000000875, 0.7588124999999912, 0.04215624999999561, 0.0, 11.297875000000053, 0.04215624999999561, 0.21078125000001316, 0.12646874999998683, 0.5480312500000132, 0.5480312500000132, 0.12646874999998683, 1.3068437500000043, 0.25293750000000875, 0.33725, 0.9274375000000087, 0.7166562499999957, 0.5058750000000175, 0.7588124999999912, 0.5901875000000087, 0.6323437500000044, 45.48659375000028, 0.08431249999999121, 0.9695937500000044, 1.1803750000000175, 39.28962500000023, 0.33725, 0.12646874999998683, 0.16862500000001757, 0.08431249999999121, 0.25293750000000875, 87.81146875000051, 0.5480312500000132, 0.16862499999998243, 0.8852812500000131, 0.800968750000022, 0.5480312500000132, 0.08431249999999121, 0.5058750000000175, 0.8431250000000176, 0.42156249999999124, 0.9695937500000044, 0.04215624999999561, 87.98009375000049, 11.635125000000052, 0.5480312500000132, 0.0, 79.54884375000046, 1.6440937500000044, 0.42156249999999124, 44.93856250000027, 52.99040625000031, 0.9274375000000087, 45.06503125000025, 1.138218750000022, 49.91300000000032, 8.38909375000004, 1.7284062499999955, 39.45825000000025, 0.2950937500000044, 88.82321875000055, 1.349, 0.08431249999999121, 0.16862499999998243, 0.7166562499999957, 0.25293750000000875, 1.4754687500000219, 1.0649999999999782, 12.744499999999713, 27.54799999999939, 0.1775000000000062, 0.46149999999999847, 0.07099999999999065, 0.993999999999958, 0.6745, 0.7809999999999859, 0.1419999999999813, 0.6390000000000047, 0.39049999999997825, 38.83699999999915, 0.4969999999999937, 0.39049999999997825, 0.6034999999999798, 0.9939999999999874, 0.9584999999999626, 74.65649999999837, 2.9464999999999377, 73.66249999999845, 146.79249999999686, 222.47849999999525, 45.97249999999901, 82.82149999999825, 22.577999999999513, 68.01799999999854, 0.39049999999997825, 0.3905000000000078, 618.6229999999867, 219.67399999999535, 120.87749999999743, 0.1420000000000109, 1.2424999999999844, 0.07099999999999065, 42.35149999999908, 1.526499999999947, 0.2839999999999922, 0.106499999999986, 0.03549999999999533, 0.6389999999999751, 0.3550000000000124, 0.21300000000000152, 0.4969999999999937, 0.8519999999999767, 1.4199999999999906, 0.7099999999999658, 0.3550000000000124, 0.03549999999999533, 1.4199999999999906, 0.106499999999986, 1.1004999999999734, 4661.2919999999, 4492.560499999905, 4424.790999999906, 4217.64849999991, 0.1419999999999813, 0.46149999999999847, 0.03549999999999533, 1.7039999999999829, 0.8874999999999721, 72.63299999999846, 0.3195000000000171, 0.4969999999999937, 0.9584999999999922, 36.70699999999919, 37.807499999999195, 41.641499999999105, 114.55849999999757, 0.6389999999999751, 0.0, 0.1419999999999813, 0.31949999999998757, 0.5324999999999891, 40.86049999999912, 0.39049999999997825, 0.2839999999999922, 0.7454999999999611, 0.3549999999999829, 0.4259999999999735, 1.3844999999999659, 0.03549999999999533, 38.375499999999185, 0.9229999999999969, 0.21300000000000152, 1.4909999999999812, 0.8875000000000015, 73.44949999999841, 118.56999999999745, 52.717499999998864, 126.30899999999731, 0.3549999999999829, 0.1775000000000062, 0.7099999999999953, 0.21300000000000152, 0.3195000000000171, 2.9109999999999423, 0.8875000000000015, 4.4019999999998936, 42.95499999999908, 0.1775000000000062, 1.0294999999999828, 70.46749999999851, 0.5324999999999891, 0.9584999999999922, 1.8814999999999595, 0.03549999999999533, 0.5324999999999891, 0.46149999999996894, 0.6035000000000094, 0.24849999999999686, 0.1775000000000062, 1.2779999999999798, 70.00599999999851, 0.5679999999999844, 74.4079999999984, 0.4969999999999937, 1.3489999999999704, 0.07100000000002023, 74.08849999999839, 0.3550000000000124, 0.10650000000001555, 69.5799999999985, 0.6390000000000047, 72.70399999999846, 0.5324999999999891, 0.1419999999999813, 0.07099999999999065, 1.0649999999999782, 0.2839999999999922, 0.39049999999997825, 11.785999999999751, 0.7454999999999906, 1.1714999999999938, 34.363999999999265, 0.10650000000001555, 74.33699999999841, 0.5679999999999844, 0.1420000000000109, 1.7749999999999735, 0.2839999999999922, 0.7454999999999906, 0.3905000000000078, 1.7394999999999783, 1.2424999999999549, 0.4259999999999735, 0.46149999999996894, 0.7099999999999953, 0.10650000000001555, 78.31299999999831, 0.1775000000000062, 0.46149999999996894, 0.17749999999997665, 0.212999999999972, 1.313499999999975, 0.03549999999999533, 72.66849999999845, 0.7099999999999953, 0.0, 0.07100000000002023, 0.24849999999999686, 0.07100000000002023, 0.03549999999999533, 0.42600000000000304, 0.3549999999999829, 0.9229999999999673, 0.03549999999999533, 0.07099999999999065, 0.07100000000002023, 0.24849999999999686, 72.06499999999848, 146.1179999999969, 118.39249999999747, 0.17749999999997665, 0.3905000000000078, 0.6035000000000094, 0.9229999999999673, 0.5324999999999891, 0.46149999999999847, 0.6034999999999798, 0.1419999999999813, 0.8520000000000061, 0.7809999999999859, 0.03549999999999533, 72.56199999999846, 0.6034999999999798, 1.1004999999999734, 1.0294999999999828, 0.106499999999986, 0.07100000000002023, 0.8164999999999812, 0.10650000000001555, 1.2779999999999798, 1.1359999999999986, 0.9229999999999673, 40.15049999999913, 1.5974999999999673, 0.9939999999999874, 0.8164999999999812, 0.0, 0.3905000000000078, 74.15949999999837, 1.419999999999961, 0.03549999999999533, 1.1714999999999938, 0.8164999999999812, 0.3550000000000124, 1.1714999999999938, 0.8164999999999812, 0.7809999999999859, 0.24849999999999686, 0.9939999999999874, 1.206999999999989, 0.3195000000000171, 0.2839999999999922, 1.313499999999975, 2.165499999999952, 37.984999999999175, 108.84299999999766, 0.3195000000000171, 1.206999999999989, 1.313499999999975, 0.9584999999999922, 0.3905000000000078, 71.39049999999844, 1.6329999999999625, 43.309999999999064, 0.24849999999999686, 0.03549999999999533, 0.2839999999999922, 1.2779999999999798, 70.78699999999847, 0.4259999999999735, 1.5619999999999719, 0.7099999999999953, 0.1420000000000109, 0.8164999999999812, 0.42600000000000304, 72.91699999999842, 49.30949999999893, 0.5324999999999891, 0.03549999999999533, 1.2069999999999597, 1.3489999999999704, 8.164999999999814, 0.8164999999999812, 72.17149999999846, 1.5619999999999719, 0.6034999999999798, 0.42600000000000304, 0.7454999999999906, 0.106499999999986, 0.2839999999999922, 70.75149999999847, 37.949499999999176, 0.2839999999999922, 0.8875000000000015, 0.6745, 0.9584999999999922, 0.5324999999999891, 0.9584999999999922, 1.0294999999999828, 0.7809999999999859, 0.3550000000000124, 29.997499999999338, 101.8849999999978, 0.07099999999999065, 1.7749999999999442, 1.313499999999975, 0.3549999999999829, 0.3550000000000124, 0.106499999999986, 1.206999999999989, 0.1775000000000062, 75.68599999999836, 78.27749999999831, 1.2779999999999798, 1.9169999999999547, 2.094499999999961, 0.4259999999999735, 0.1420000000000109, 0.39049999999997825, 0.07100000000002023, 1.1004999999999734, 0.7099999999999658, 0.7809999999999859, 0.0, 0.1419999999999813, 0.7809999999999859, 0.8875000000000015, 0.3550000000000124, 72.63299999999846, 0.5679999999999844, 0.31949999999998757, 9.83349999999977, 0.07100000000002023, 0.6744999999999705, 0.8164999999999812, 0.3195000000000171, 1.0294999999999828, 0.31949999999998757, 0.07100000000002023, 0.4969999999999937, 0.1419999999999813, 0.7809999999999859, 0.9939999999999874, 0.9939999999999874, 38.126999999999185, 0.106499999999986, 0.7454999999999906, 1.313499999999975, 71.35499999999845, 0.8875000000000015, 0.8520000000000061, 0.3549999999999829, 0.7454999999999611, 1.6684999999999877, 0.1775000000000062, 0.2839999999999922, 0.8875000000000015, 33.51199999999929, 0.46149999999999847, 0.10650000000001555, 0.31949999999998757, 37.487999999999175, 0.31949999999998757, 1.1714999999999938, 0.2839999999999922, 72.88149999999843, 0.39049999999997825, 2.5914999999999253, 0.6389999999999751, 0.10650000000001555, 0.1419999999999813, 72.27799999999846, 73.59149999999839, 0.07100000000002023, 0.7454999999999906, 0.4969999999999937, 0.6034999999999798, 70.89349999999845, 70.18349999999849, 0.17749999999997665, 0.4969999999999937, 0.2839999999999922, 0.24849999999999686, 1.206999999999989, 1.3844999999999659, 0.3549999999999829, 0.46149999999999847, 2.2364999999999426, 0.10650000000001555, 73.80449999999843, 2.6624999999999455, 0.07100000000002023, 0.07099999999999065, 0.5324999999999891, 0.7099999999999953, 0.7809999999999859, 0.24849999999999686, 0.7454999999999611, 0.3905000000000078, 0.3905000000000078, 0.17749999999997665, 0.2839999999999922, 0.2839999999999922, 1.2779999999999503, 0.4969999999999937, 1.2069999999999597, 0.5324999999999891, 4.827999999999897, 0.10650000000001555, 0.21300000000000152, 1.1004999999999734, 0.6389999999999751, 0.4969999999999937, 41.35749999999911, 0.31949999999998757, 0.2839999999999922, 0.7099999999999953, 0.3905000000000078, 40.04399999999914, 0.2839999999999922, 0.5324999999999891, 0.24849999999999686, 0.39049999999997825, 1.0294999999999828, 40.079499999999136, 1.3844999999999659, 74.51449999999839, 1.1714999999999642, 73.5204999999984, 84.38349999999822, 0.4259999999999735, 0.8519999999999767, 1.455499999999986, 0.0, 0.4969999999999937, 0.6035000000000094, 0.24849999999999686, 0.6034999999999798, 0.8519999999999767, 0.5324999999999891, 0.7809999999999859, 0.3549999999999829, 0.7454999999999906, 0.3905000000000078, 1.4909999999999517, 0.7099999999999953, 0.5679999999999844, 0.1420000000000109, 0.4969999999999937, 89.45999999999808, 18.459999999999585, 56.97749999999877, 68.37299999999856, 103.41149999999779, 1.5619999999999719, 44.12649999999905, 0.46149999999999847, 34.221999999999255, 0.2839999999999922, 0.3550000000000124, 0.21300000000000152, 40.68299999999911, 1.0649999999999782, 0.46149999999999847, 1.8814999999999595, 1.0294999999999828, 0.3905000000000078, 0.0, 0.2839999999999922, 1.455499999999986, 0.9584999999999922, 0.21300000000000152, 0.0, 0.31949999999998757, 0.1419999999999813, 0.46149999999999847, 1.0294999999999828, 0.24849999999999686, 0.1420000000000109, 39.51149999999915, 2.449499999999944, 0.6390000000000047, 1.1359999999999986, 0.46149999999996894, 1.5619999999999719, 0.31949999999998757, 73.73349999999843, 0.07100000000002023, 1.1359999999999688, 0.3905000000000078, 38.80149999999915, 0.2839999999999922, 1.8459999999999643, 73.0234999999984, 0.8164999999999812, 0.6035000000000094, 1.5619999999999719, 0.10650000000001555, 0.6390000000000047, 0.1419999999999813, 0.17749999999997665, 0.10650000000001555, 0.8164999999999812, 0.6034999999999798, 72.66849999999845, 1.455499999999986, 0.3550000000000124, 41.9254999999991, 8.555499999999821, 47.64099999999897, 0.3195000000000171, 1.5619999999999719, 1.1004999999999734, 0.6035000000000094, 1.5619999999999423, 0.7809999999999859, 0.5324999999999891, 0.106499999999986, 1.7749999999999735, 1.9524999999999504, 0.6035000000000094, 0.9229999999999969, 0.4259999999999735, 74.4434999999984, 0.46149999999999847, 0.03549999999999533, 40.15049999999913, 0.8874999999999721, 0.10650000000001555, 1.7749999999999735, 0.5324999999999891, 0.6390000000000047, 0.6744999999999705, 0.46149999999999847, 1.1714999999999938, 0.9939999999999874, 0.3195000000000171, 1.4909999999999517, 0.106499999999986, 0.8519999999999767, 0.39049999999997825, 1.4199999999999906, 1.5974999999999673, 0.5324999999999891, 0.7099999999999953, 0.46149999999999847, 0.07099999999999065, 0.9939999999999874, 0.07099999999999065, 0.7454999999999906, 0.2839999999999922, 0.17749999999997665, 0.7809999999999859, 0.3550000000000124, 36.032499999999224, 0.6390000000000047, 0.46149999999996894, 0.6390000000000047, 0.24849999999999686, 0.21300000000000152, 4.863499999999893, 0.5324999999999891, 0.1775000000000062, 1.0294999999999828, 39.582499999999136, 0.212999999999972, 0.106499999999986, 0.4259999999999735, 0.1420000000000109, 1.6684999999999877, 1.2779999999999798, 0.24849999999999686, 0.17749999999997665, 0.31949999999998757, 0.0, 0.3905000000000078, 73.41399999999842, 147.96399999999684, 0.1420000000000109, 0.31949999999998757, 1.4199999999999906, 0.4969999999999937, 1.0294999999999828, 0.1419999999999813, 0.7809999999999859, 1.1714999999999938, 0.7454999999999906, 0.6390000000000047, 0.7099999999999953, 29.322999999999368, 0.10650000000001555, 0.1419999999999813, 1.1359999999999986, 0.0, 0.46149999999999847, 0.4259999999999735, 0.7809999999999859, 0.3550000000000124, 72.13599999999846, 0.5324999999999891, 0.46149999999999847, 72.77499999999844, 0.1419999999999813, 1.0649999999999782, 1.2779999999999798, 0.3195000000000171, 0.31949999999998757, 1.3489999999999704, 0.3550000000000124, 0.3905000000000078, 0.07099999999999065, 0.39049999999997825, 1.6684999999999877, 3.762999999999919, 0.1419999999999813, 0.6745, 0.6745, 72.91699999999842, 0.7454999999999906, 0.24849999999999686, 0.24849999999999686, 0.1419999999999813, 0.6389999999999751, 0.07100000000002023, 0.6744999999999705, 1.4199999999999906, 1.4909999999999812, 0.3905000000000078, 37.3459999999992, 0.10650000000001555, 0.9229999999999969, 1.419999999999961, 0.4969999999999937, 0.10650000000001555, 0.106499999999986, 0.8164999999999812, 0.5324999999999891, 74.19499999999843, 0.1419999999999813, 1.2779999999999798, 0.24849999999999686, 0.03549999999999533, 0.106499999999986, 0.7454999999999906, 0.31949999999998757, 0.6034999999999798, 0.9229999999999673, 72.59749999999846, 0.3905000000000078, 1.2779999999999798, 0.7809999999999859, 0.1775000000000062, 1.5619999999999719, 0.1420000000000109, 74.23049999999843, 44.65899999999903, 1.206999999999989, 0.212999999999972, 1.8459999999999643, 32.446999999999306, 75.93449999999838, 0.24849999999999686, 0.1420000000000109, 70.92899999999844, 1.2424999999999844, 70.9999999999985, 1.1359999999999986, 0.0, 0.5324999999999891, 0.1419999999999813, 0.1775000000000062, 1.1359999999999986, 0.9939999999999874, 37.913999999999184, 7.525999999999838, 0.6390000000000047, 0.1873611111111163, 0.41219444444444964, 0.5620833333333177, 1.1616388888888525, 1.0866944444444184, 38.071777777776674, 0.5995555555555347, 2.7354722222221235, 0.5995555555555347, 0.711972222222217, 41.25691666666547, 0.9742777777777674, 0.5995555555555347, 0.3747222222222326, 0.2997777777777674, 1.4988888888888368, 1.0492222222222014, 0.9742777777777674, 0.3372499999999844, 35.598611111110074, 0.3372499999999844, 0.4496666666666666, 0.4871388888888837, 0.4871388888888837, 0.44966666666663546, 78.20452777777551, 0.4496666666666666, 82.85108333333098, 3.484916666666557, 86.41094444444197, 1.2740555555555035, 77.04288888888665, 42.08130555555433, 121.18516666666318, 1.2740555555555035, 0.11241666666668226, 0.8993333333333021, 1.6113055555555191, 0.6370277777777518, 0.0, 0.1873611111111163, 85.69897222221978, 408.9718333333216, 1.4239444444444027, 0.3747222222222326, 0.41219444444444964, 0.1873611111111163, 0.6370277777777518, 0.2248333333333333, 0.2997777777777674, 0.9742777777777674, 0.14988888888889929, 0.9742777777777674, 1.0117499999999533, 0.03747222222221702, 43.130527777776535, 0.3372499999999844, 0.9368055555555503, 0.3372499999999844, 78.09211111110885, 0.5620833333333177, 1.6862499999999532, 0.03747222222221702, 1.348999999999969, 1.761194444444387, 0.786916666666651, 0.711972222222217, 0.7119722222221858, 0.26230555555555035, 0.786916666666651, 0.03747222222221702, 0.2248333333333333, 0.44966666666663546, 1.1616388888888525, 75.95619444444223, 0.6370277777777518, 0.3747222222222014, 0.1873611111111163, 0.26230555555555035, 0.4871388888888837, 0.711972222222217, 1.9860277777777207, 0.41219444444441844, 77.30519444444224, 0.5620833333333177, 0.6370277777777518, 4.009527777777658, 1.2740555555555035, 80.3029722222199, 0.26230555555555035, 0.6744999999999688, 0.8618611111110851, 0.26230555555555035, 0.5246111111111007, 0.3747222222222326, 0.07494444444443404, 0.6745, 1.3115277777777206, 41.93141666666546, 0.6370277777777518, 80.3029722222199, 1.0492222222222014, 0.5620833333333177, 38.18419444444336, 39.72055555555441, 48.48905555555417, 0.9368055555555503, 1.3864722222221857, 49.463333333331896, 0.26230555555555035, 54.67197222222065, 0.44966666666663546, 0.8618611111110851, 94.84219444444173, 0.9368055555555193, 93.60561111110844, 1256.7808611110752, 1300.2486388888517, 1150.2473333333005, 1078.3756111110802, 0.26230555555555035, 0.0, 41.03208333333216, 0.2248333333333333, 1.46141666666662, 1.0492222222222014, 1.0492222222222014, 0.07494444444443404, 0.44966666666663546, 1.0492222222222014, 0.4871388888888837, 2.8853611111110227, 0.2997777777777674, 0.14988888888889929, 0.786916666666651, 0.8618611111110851, 0.0, 0.3372499999999844, 0.11241666666668226, 0.786916666666651, 43.9549166666654, 0.786916666666651, 44.06733333333205, 0.5620833333333177, 43.9549166666654, 0.03747222222221702, 76.36838888888668, 87.83488888888634, 0.749444444444434, 0.7494444444444028, 78.61672222221996, 6.445222222222045, 3.5973333333332085, 6.707527777777564, 0.0, 0.3747222222222326, 0.11241666666665107, 0.11241666666665107, 0.749444444444434, 0.2997777777777674, 0.711972222222217, 0.0, 0.749444444444434, 0.5995555555555347, 1.2740555555555346, 0.26230555555555035, 0.4871388888888837, 0.41219444444441844, 0.03747222222221702, 39.42077777777664, 0.26230555555555035, 0.8618611111110851, 0.711972222222217, 0.03747222222221702, 1.0117499999999844, 0.6745, 0.5995555555555347, 1.4988888888888368, 0.5620833333333177, 0.8618611111110851, 0.11241666666665107, 0.2997777777777674, 0.2997777777777674, 0.03747222222221702, 1.761194444444387, 0.07494444444443404, 0.9742777777777362, 0.1873611111110851, 0.07494444444443404, 76.63069444444226, 0.44966666666663546, 0.2248333333333333, 0.3372499999999844, 0.7494444444444028, 0.711972222222217, 0.6370277777777518, 0.2997777777777674, 0.0, 0.6370277777777518, 0.5620833333333177, 0.11241666666665107, 0.5620833333333177, 0.3372499999999844, 41.81899999999879, 0.824388888888868, 0.3372499999999844, 0.3747222222222014, 0.2248333333333333, 0.8618611111110851, 1.536361111111085, 0.3372499999999844, 0.2997777777777674, 0.3372499999999844, 0.03747222222221702, 0.1873611111110851, 0.2997777777777674, 1.348999999999969, 0.2997777777777674, 0.3372499999999844, 0.6745, 1.4988888888888368, 0.14988888888889929, 0.11241666666668226, 0.2997777777777674, 0.2248333333333333, 0.1873611111110851, 0.6370277777777518, 0.5246111111111007, 0.3372499999999844, 1.4988888888888368, 0.1498888888888681, 0.44966666666663546, 0.41219444444444964, 1.573833333333271, 1.2365833333333176, 0.3747222222222014, 0.2997777777777674, 0.26230555555555035, 0.41219444444444964, 0.5246111111111007, 0.6744999999999688, 0.824388888888868, 1.9485555555555036, 0.4871388888888837, 0.3372499999999844, 0.1873611111110851, 0.6745, 0.26230555555555035, 0.07494444444443404, 0.5995555555555347, 0.786916666666651, 77.94222222221998, 1.7986666666666353, 75.54399999999784, 47.027638888887545, 1.2740555555555346, 0.41219444444444964, 77.79233333333111, 2.6979999999999063, 84.08766666666426, 0.786916666666651, 13.93966666666626, 0.5995555555555347, 0.1873611111111163, 0.8993333333333021, 0.7494444444444028, 0.26230555555555035, 1.348999999999969, 0.03747222222221702, 0.4496666666666666, 1.1241666666666355, 1.2740555555555346, 0.1873611111111163, 1.4239444444444027, 40.69483333333215, 87.79741666666412, 0.9368055555555503, 1.0117499999999844, 0.41219444444444964, 0.4871388888888837, 0.7494444444444028, 0.2997777777777674, 0.4871388888888837, 0.6745, 0.711972222222217, 0.8618611111110851, 0.6370277777777518, 0.6745, 0.11241666666665107, 0.824388888888868, 0.03747222222221702, 0.2997777777777674, 0.749444444444434, 0.5620833333333177, 0.5246111111111007, 78.01716666666442, 0.2248333333333333, 0.9368055555555503, 0.6370277777777518, 0.6744999999999688, 0.5246111111111007, 0.786916666666651, 15.963166666666199, 0.11241666666668226, 0.11241666666668226, 0.5246111111111007, 0.5246111111111007, 0.41219444444441844, 1.1616388888888525, 1.2365833333333176, 0.1498888888888681, 0.11241666666665107, 0.8618611111110851, 0.5995555555555347, 0.9742777777777674, 0.2248333333333333, 0.1498888888888681, 41.29438888888771, 0.41219444444444964, 0.07494444444443404, 0.07494444444443404, 0.03747222222221702, 39.57066666666551, 0.6745, 0.26230555555555035, 0.6370277777777518, 0.14988888888889929, 0.26230555555555035, 0.11241666666665107, 0.3747222222222014, 39.38330555555443, 0.44966666666663546, 0.749444444444434, 0.1873611111111163, 0.03747222222221702, 0.07494444444443404, 95.55416666666392, 1.1991111111110695, 1.0117499999999844, 0.3372499999999844, 0.9368055555555193, 0.3747222222222014, 47.14005555555419, 0.5246111111111007, 0.824388888888868, 0.5995555555555347, 0.9742777777777674, 0.4871388888888837, 0.26230555555555035, 1.9110833333332864, 41.51922222222102, 0.07494444444443404, 43.28041666666544, 0.07494444444443404, 1.648777777777736, 0.2248333333333333, 0.3747222222222014, 0.07494444444443404, 0.6370277777777518, 1.348999999999969, 4.90886111111096, 1.3115277777777206, 0.3747222222222326, 43.430305555554305, 0.3372499999999844, 47.14005555555419, 51.26199999999854, 3.4474444444443404, 4.796444444444309, 0.03747222222221702, 0.3747222222222014, 1.46141666666662, 1.8361388888888526, 0.26230555555555035, 1.0866944444444184, 1.0492222222222014, 0.9742777777777674, 1.2365833333332865, 0.14988888888889929, 0.14988888888889929, 0.6744999999999688, 79.40363888888663, 48.713888888887496, 0.03747222222221702, 0.2248333333333333, 0.3372499999999844, 1.1241666666666355, 1.2365833333333176, 0.9742777777777674, 0.4496666666666666, 75.35663888888669, 46.31566666666533, 1.2740555555555346, 1.1616388888888525, 0.6745, 1.3115277777777206, 1.2740555555555346, 1.3864722222221857, 2.9603055555554567, 0.6745, 0.4871388888888837, 0.4871388888888837, 0.2248333333333333, 0.3372499999999844, 0.1498888888888681, 0.786916666666651, 0.824388888888868, 0.1498888888888681, 0.3747222222222014, 0.3372499999999844, 0.1873611111111163, 0.5995555555555347, 0.07494444444443404, 1.8736111111110696, 0.07494444444443404, 1.0492222222222014, 0.14988888888889929, 0.8993333333333021, 0.7119722222221858, 1.3864722222221857, 0.8618611111110851, 0.786916666666651, 44.179749999998734, 1.1616388888888525, 1.3864722222221857, 0.7494444444444028, 0.07494444444443404, 0.749444444444434, 0.03747222222221702, 1.3864722222221857, 0.5620833333333177, 1.4239444444444027, 1.0492222222222014, 0.9742777777777362, 77.71738888888669, 1.9860277777777207, 0.5246111111111007, 1.3115277777777519, 0.2997777777777674, 0.9742777777777674, 0.07494444444443404, 1.6113055555555191, 0.749444444444434, 0.5995555555555347, 0.5995555555555347, 36.08574999999895, 2.5855833333332554, 0.0, 0.9742777777777674, 1.7986666666666042, 0.5246111111111007, 0.14988888888889929, 0.0, 0.5620833333333177, 1.1241666666666355, 38.933638888887764, 46.2781944444431, 0.6744999999999688, 2.2858055555554877, 0.11241666666668226, 0.44966666666663546, 0.0, 42.34361111110988, 0.5246111111111007, 0.9742777777777362, 0.711972222222217, 0.41219444444444964, 1.46141666666662, 0.5995555555555347, 0.3372499999999844, 0.3747222222222326, 1.1616388888888525, 75.09433333333118, 0.5246111111111007, 0.6745, 0.03747222222221702, 0.5246111111111007, 1.7986666666666353, 0.3372499999999844, 1.9860277777777207, 0.41219444444441844, 0.5995555555555347, 0.824388888888868, 0.41219444444444964, 2.0234999999999377, 0.9742777777777674, 1.1241666666666355, 0.786916666666651, 0.8618611111110851, 0.11241666666665107, 0.1873611111110851, 0.2248333333333333, 1.0866944444444184, 0.749444444444434, 1.0866944444444184, 1.8361388888888213, 79.89077777777545, 0.03747222222221702, 1.1241666666666355, 0.7494444444444028, 0.2997777777777674, 15.40108333333288, 0.1873611111110851, 1.0492222222222014, 1.1616388888888525, 0.749444444444434, 0.5995555555555347, 0.711972222222217, 0.1498888888888681, 2.0984444444443717, 0.6745, 1.46141666666662, 0.8993333333333021, 1.1991111111110695, 1.1241666666666355, 0.5246111111111007, 25.031444444443718, 0.26230555555555035, 1.1241666666666355, 0.1498888888888681, 0.3747222222222326, 0.44966666666663546, 1.0117499999999533, 1.1991111111110695, 0.5246111111111007, 0.03747222222221702, 0.5995555555555347, 1.1991111111110695, 0.2997777777777674, 1.7237222222221702, 0.5995555555555347, 0.03747222222221702, 0.786916666666651, 40.13274999999883, 0.5995555555555347, 0.7494444444444028, 1.1616388888888525, 0.7494444444444028, 0.9742777777777362, 0.3747222222222326, 76.06861111110895, 0.03747222222221702, 40.50747222222106, 0.11241666666668226, 77.94222222221998, 1.6862499999999532, 1.0492222222222014, 1.4988888888888368, 76.63069444444226, 0.44966666666663546, 14.164499999999594, 0.4871388888888837, 2.0234999999999377, 1.0492222222222014, 0.07494444444443404, 0.5620833333333177, 0.2997777777777674, 0.4496666666666666, 79.47858333333106, 3.110194444444356, 0.6370277777777518, 0.1498888888888681, 0.41219444444444964, 0.0, 0.3747222222222326, 38.783749999998896, 0.4364411764705785, 0.15870588235295868, 0.9125588235294214, 0.952235294117653, 0.3174117647058843, 0.3174117647058843, 0.27773529411765285, 0.4761176470588099, 2.22188235294119, 0.5951470588235372, 0.3174117647058843, 0.5951470588235372, 1.349, 14.878676470588397, 0.11902941176469423, 0.7538529411764959, 0.6745, 0.19838235294119005, 0.27773529411765285, 0.4761176470588099, 0.15870588235295868, 1.2299705882353056, 1.5870588235294214, 0.07935294117646281, 0.6745, 0.3174117647058843, 0.6745, 0.8332058823529586, 0.11902941176472726, 0.039676470588231406, 0.23805882352942145, 0.11902941176472726, 0.4761176470588429, 0.7141764705882644, 1.1109411764706114, 9.00655882352952, 0.5157941176470744, 2.102852941176496, 0.23805882352942145, 0.3174117647058843, 1.904470588235306, 0.5157941176470744, 0.4364411764705785, 0.87288235294119, 1.7060882352941487, 1.1109411764706114, 0.39676470588234714, 0.4761176470588429, 0.3570882352941157, 0.7538529411764627, 0.7935294117647272, 1.150617647058843, 1.071264705882347, 1.626735294117686, 1.8647941176470741, 1.3886764705882644, 0.9125588235294214, 0.27773529411765285, 0.39676470588234714, 0.27773529411765285, 0.952235294117653, 0.6348235294117686, 0.11902941176472726, 1.2299705882353056, 1.1109411764706114, 1.2299705882353056, 0.39676470588234714, 0.23805882352942145, 0.11902941176469423, 0.23805882352942145, 0.15870588235295868, 0.3174117647058843, 1.2299705882353056, 0.3174117647058843, 0.6348235294117686, 0.11902941176469423, 3.570882352941223, 1.54738235294119, 0.23805882352942145, 1.07126470588238, 0.23805882352942145, 0.7935294117647272, 1.0315882352941488, 1.1902941176470745, 0.87288235294119, 0.11902941176469423, 0.3174117647058843, 0.43644117647061154, 2.380588235294149, 0.39676470588234714, 0.15870588235295868, 0.5951470588235372, 0.6745, 0.23805882352942145, 0.7141764705882644, 2.6583235294118013, 0.4761176470588429, 0.9125588235294214, 1.3093235294117687, 0.5554705882353057, 0.6348235294117686, 12.656794117647205, 1.0315882352941157, 0.6348235294117686, 0.07935294117646281, 0.7538529411764627, 0.5554705882353057, 0.8332058823529586, 0.27773529411765285, 0.87288235294119, 13.251941176470744, 0.11902941176469423, 0.039676470588231406, 0.23805882352942145, 0.23805882352942145, 0.3174117647058843, 1.904470588235306, 0.0, 1.7854411764706115, 0.5554705882353057, 0.9125588235294214, 0.23805882352942145, 13.053558823529553, 0.7538529411764959, 0.39676470588234714, 0.039676470588231406, 1.8647941176470741, 0.6348235294117686, 0.3174117647058843, 0.11902941176472726, 0.9125588235294214, 1.0315882352941157, 0.5951470588235372, 16.38638235294139, 0.27773529411765285, 0.5554705882353057, 0.5951470588235372, 0.27773529411765285, 1.2299705882353056, 0.3570882352941157, 0.07935294117646281, 0.3174117647058843, 0.7538529411764627, 0.952235294117653, 0.19838235294119005, 0.15870588235295868, 4.047000000000033, 0.5554705882353057, 1.5077058823529585, 2.61864705882357, 0.11902941176472726, 0.39676470588234714, 0.5951470588235372, 0.6745, 0.39676470588234714, 1.1109411764706114, 0.19838235294119005, 39.27970588235342, 78.95617647058923, 0.43644117647061154, 0.23805882352942145, 40.866764705882844, 0.15870588235295868, 82.20964705882453, 0.5951470588235372, 0.07935294117646281, 81.17805882353038, 0.27773529411765285, 2.5789705882353053, 83.12220588235391, 0.6348235294117686, 0.6745, 2.0631764705882647, 0.5951470588235372, 0.952235294117653, 0.3174117647058843, 0.4364411764705785, 0.27773529411765285, 0.039676470588231406, 0.0, 85.97891176470691, 0.27773529411765285, 0.3174117647058843, 0.039676470588231406, 0.15870588235295868, 0.11902941176469423, 0.87288235294119, 1.626735294117653, 0.8332058823529586, 42.17608823529461, 951.9575588235409, 646.1710000000078, 0.0, 50.42879411764767, 0.27773529411765285, 2.0235000000000327, 0.3174117647058843, 0.8332058823529586, 1.150617647058843, 1.626735294117686, 1.0315882352941157, 0.952235294117653, 1.2299705882353056, 0.23805882352942145, 0.39676470588234714, 85.46311764705983, 0.4364411764705785, 0.5554705882353057, 0.27773529411765285, 0.0, 0.039676470588231406, 0.5157941176470744, 0.43644117647061154, 1.2299705882353056, 2.459941176470611, 87.12952941176574, 0.07935294117646281, 1.4680294117647272, 0.039676470588231406, 94.43000000000113, 177.9489705882375, 259.60314705882666, 186.955529411767, 149.5406176470606, 0.11902941176469423, 0.6745, 0.11902941176469423, 0.9125588235294214, 1.071264705882347, 0.3570882352941157, 0.4761176470588099, 1.3093235294117687, 1.5870588235294214, 0.19838235294119005, 0.5554705882353057, 1.2696470588235371, 0.9919117647058844, 0.039676470588231406, 1.0315882352941157, 82.96350000000099, 0.6348235294117686, 1.54738235294119, 36.66105882352986, 136.56641176470757, 68.20385294117732, 0.11902941176472726, 0.9125588235294214, 0.8332058823529586, 0.15870588235295868, 0.6348235294117686, 2.0631764705882647, 1.9441470588235703, 0.039676470588231406, 0.07935294117646281, 1.0315882352941488, 0.15870588235292563, 0.07935294117646281, 5.71341176470595, 0.27773529411765285, 0.39676470588234714, 88.39917647058928, 5.71341176470595, 92.2477941176482, 3.9676470588235704, 95.65997058823643, 27.73385294117679, 1.150617647058843, 0.87288235294119, 0.27773529411765285, 43.048970588235804, 0.3174117647058843, 46.42147058823586, 0.11902941176469423, 0.8332058823529586, 1.7060882352941487, 1.1902941176470745, 45.42955882352995, 125.57602941176623, 50.270088235294715, 92.6445588235305, 175.5287058823551, 0.7935294117647272, 0.5554705882353057, 0.5554705882353057, 0.3174117647058843, 0.07935294117646281, 0.6745, 0.6745, 0.5554705882353057, 0.39676470588234714, 1.07126470588238, 1.1109411764706114, 0.4761176470588429, 0.5157941176470744, 0.8332058823529586, 0.5157941176470744, 0.4761176470588099, 1.9838235294118016, 1.904470588235306, 1.2299705882353056, 0.9919117647058844, 0.15870588235292563, 1.150617647058843, 0.7935294117647272, 0.8332058823529586, 0.5951470588235372, 0.5554705882353057, 0.43644117647061154, 0.7538529411764959, 0.11902941176472726, 80.1464705882363, 162.07838235294315, 91.25588235294228, 60.22888235294192, 0.4761176470588429, 2.261558823529455, 0.9125588235294214, 0.3174117647058843, 82.68576470588337, 0.07935294117646281, 0.5157941176470744, 0.7935294117647272, 1.150617647058843, 0.5157941176470744, 83.47929411764807, 0.7935294117647272, 82.24932352941276, 0.6348235294117686, 10.633294117647173, 95.73932352941296, 34.20111764705924, 0.43644117647061154, 0.5554705882353057, 1.4680294117647272, 0.6348235294117686, 0.039676470588231406, 0.27773529411765285, 0.5157941176470744, 0.8332058823529586, 1.1902941176470745, 0.19838235294119005, 0.19838235294119005, 0.5554705882353057, 0.5157941176470744, 0.87288235294119, 40.82708823529461, 1.150617647058843, 0.11902941176472726, 0.11902941176469423, 79.90841176470684, 0.3570882352941157, 0.952235294117653, 0.6745, 0.7141764705882644, 1.626735294117686, 0.3570882352941157, 0.11902941176469423, 0.7538529411764627, 0.3570882352941157, 0.11902941176469423, 0.11902941176472726, 0.6348235294117686, 0.07935294117646281, 0.6745, 0.07935294117646281, 1.349000000000033, 0.5157941176470744, 0.5951470588235372, 0.6745, 0.7935294117647272, 0.5554705882353057, 0.07935294117646281, 1.74576470588238, 0.6745, 0.27773529411765285, 35.15335294117689, 0.23805882352942145, 1.7060882352941487, 0.6348235294117686, 0.8332058823529586, 0.7538529411764959, 0.6745, 1.150617647058843, 0.19838235294119005, 0.4761176470588099, 0.039676470588231406, 0.15870588235292563, 0.6745, 0.6745, 0.15870588235292563, 46.61985294117702, 2.7376764705882644, 0.4761176470588099, 0.87288235294119, 0.5554705882353057, 0.11902941176472726, 0.6348235294117686, 0.11902941176469423, 47.29435294117706, 2.42026470588238, 2.182205882352959, 1.3886764705882644, 0.23805882352942145, 36.70073529411808, 0.07935294117646281, 0.7141764705882314, 0.8332058823529586, 3.49152941176476, 6.387911764705951, 9.284294117647175, 2.0631764705882647, 0.5554705882353057, 0.952235294117653, 0.27773529411765285, 0.6745, 1.150617647058843, 1.2299705882353056, 0.15870588235292563, 1.3093235294117687, 0.07935294117646281, 0.3570882352941157, 1.150617647058843, 0.23805882352942145, 0.87288235294119, 1.2696470588235371, 0.9919117647058844, 0.39676470588234714, 1.1902941176470745, 0.0, 0.23805882352942145, 0.6745, 0.5554705882353057, 0.7141764705882314, 0.23805882352942145, 0.7935294117647272, 0.43644117647061154, 0.39676470588234714, 2.856705882352992, 0.6745, 1.2299705882353056, 0.27773529411765285, 1.7060882352941487, 0.6745, 0.7538529411764959, 0.5951470588235372, 0.3570882352941157, 0.15870588235295868, 0.3570882352941157, 0.039676470588231406, 1.3093235294117687, 1.1109411764706114, 1.071264705882347, 1.5077058823529585, 1.5870588235294214, 0.27773529411765285, 1.2696470588235371, 45.270852941177026, 44.596352941177024, 0.15870588235292563, 83.20155882353045, 0.039676470588231406, 2.499617647058843, 0.15870588235295868, 0.4761176470588099, 45.66761764705937, 5.3960000000000665, 2.102852941176496, 0.4761176470588429, 0.3174117647058843, 1.626735294117686, 0.7935294117647272, 0.4364411764705785, 0.11902941176469423, 0.7935294117647272, 0.7538529411764627, 0.43644117647061154, 0.27773529411765285, 0.19838235294119005, 44.08055882352995, 6.546617647058909, 0.23805882352942145, 0.07935294117646281, 0.19838235294119005, 0.4761176470588099, 42.49350000000052, 0.952235294117653, 0.0, 0.952235294117653, 0.4761176470588429, 1.3093235294117687, 0.952235294117653, 0.39676470588234714, 0.0, 1.2696470588235371, 0.39676470588234714, 1.0315882352941157, 1.3093235294117687, 0.3174117647058843, 0.39676470588234714, 0.4761176470588429, 0.5951470588235372, 0.5951470588235372, 0.15870588235292563, 64.87102941176549, 0.5157941176470744, 0.43644117647061154, 2.1425294117647273, 1.07126470588238, 0.27773529411765285, 0.3174117647058843, 0.039676470588231406, 0.039676470588231406, 1.07126470588238, 0.4761176470588429, 82.7254411764716, 0.3174117647058843, 0.23805882352942145, 0.11902941176469423, 0.6745, 0.7935294117647272, 0.6745, 0.8332058823529586, 0.3570882352941157, 0.23805882352942145, 0.6745, 0.4761176470588099, 0.27773529411765285, 0.43644117647061154, 0.3570882352941157, 0.15870588235295868, 1.349000000000033, 0.23805882352942145, 0.7935294117647272, 0.3570882352941157, 0.15870588235295868, 0.4364411764705785, 41.898352941176995, 125.6950588235309, 0.5157941176470744, 82.48738235294215, 0.7141764705882314, 1.428352941176496, 0.15870588235292563, 3.49152941176476, 0.7935294117647272, 0.23805882352942145, 0.0, 0.3174117647058843, 0.6348235294117686, 0.0, 8.57011764705891, 0.5157941176470744, 0.4761176470588429, 0.4364411764705785, 0.6745, 46.342117647059375, 45.94535294117702, 0.5554705882353057, 1.428352941176496, 40.470000000000496, 0.5157941176470744, 1.1109411764706114, 0.23805882352942145, 53.563235294118286, 0.039676470588231406, 0.6745, 37.414911764706346, 1.2299705882353056, 1.0315882352941488, 38.76391176470635, 9.48267647058833, 49.913000000000594, 141.0498529411782, 74.6711176470597, 0.4761176470588429, 1.2299705882353056, 1.3093235294117687, 0.27773529411765285, 0.11902941176472726, 0.19838235294119005, 2.6583235294118013, 0.7141764705882314, 1.904470588235306, 0.23805882352942145, 0.6348235294117686, 0.27773529411765285, 0.5554705882353057, 0.3174117647058843, 0.19838235294119005, 82.01126470588336, 0.6745, 0.5951470588235372, 0.15870588235295868, 0.7538529411764627, 0.0, 0.6348235294117686, 1.3886764705882644, 0.7141764705882314, 15.870588235294312, 0.0, 1.07126470588238, 0.039676470588231406, 0.9125588235294214, 0.15870588235292563, 1.1109411764706114, 2.6980000000000333, 0.11902941176472726, 0.5951470588235372, 0.87288235294119, 0.39676470588234714, 0.952235294117653, 0.039676470588231406, 13.926441176470743, 27.93223529411798, 0.11902941176469423, 0.87288235294119, 2.340911764705917, 0.19838235294119005, 0.8332058823529586, 0.27773529411765285, 0.5951470588235372, 0.5620833333333437, 0.6745000000000312, 0.149888888888875, 0.2248333333333437, 2.6605277777778435, 39.90791666666737, 0.2248333333333437, 0.4121944444444687, 1.0492222222222498, 73.33313888889015, 0.29977777777778125, 76.4808055555569, 45.79105555555637, 0.0, 77.11783333333469, 77.45508333333471, 1.1616388888889062, 0.26230555555556245, 1.5363611111111248, 0.6370277777777813, 0.5995555555555625, 77.75486111111246, 0.7119722222222187, 1.3115277777778125, 0.26230555555556245, 49.688166666667556, 8.019055555555687, 0.7869166666666874, 45.566222222223026, 792.724861111125, 724.9001388889017, 653.7029166666781, 0.4496666666666874, 0.14988888888890622, 0.29977777777778125, 0.9368055555555626, 0.6745, 0.11241666666665627, 0.5620833333333437, 1.5738333333333747, 80.45286111111253, 0.33725, 0.7869166666666874, 0.03747222222221875, 40.807250000000714, 0.8993333333333438, 0.5995555555555625, 0.0749444444444375, 0.861861111111125, 93.23088888889056, 136.51130555555795, 1.4614166666666875, 0.29977777777778125, 0.18736111111112497, 0.5995555555555625, 2.6605277777778435, 3.7097500000000627, 0.6745000000000312, 0.7494444444444687, 0.03747222222221875, 0.37472222222221874, 41.519222222222965, 91.35727777777937, 0.4871388888889062, 38.29661111111178, 117.10069444444652, 0.4496666666666562, 1.4614166666666875, 0.29977777777778125, 1.6862500000000313, 0.18736111111112497, 1.1616388888889062, 1.3864722222222499, 0.41219444444443754, 0.0, 0.861861111111125, 0.8993333333333438, 0.37472222222221874, 0.6370277777777813, 38.55891666666734, 1.3490000000000313, 0.8993333333333438, 0.6745, 0.18736111111112497, 1.5363611111111248, 1.1241666666666874, 1.01175, 1.3864722222222499, 2.248333333333375, 0.03747222222221875, 77.08036111111247, 0.5995555555555625, 0.2248333333333437, 0.4871388888889062, 1.6862500000000313, 0.5246111111111249, 0.8993333333333438, 0.6745, 0.03747222222221875, 0.5995555555555625, 43.280416666667435, 1.0866944444444686, 81.65197222222365, 20.160055555555907, 955.3917777777947, 1000.7706388889065, 957.9024166666837, 1008.602333333351, 154.16072222222493, 115.48938888889093, 0.33725, 0.41219444444443754, 1.9860277777778124, 0.4496666666666874, 0.5246111111111249, 0.8243888888889062, 0.4496666666666874, 1.7611944444444685, 0.9742777777777812, 1.4239444444444687, 0.861861111111125, 2.023500000000031, 0.29977777777778125, 0.5620833333333437, 0.7494444444444687, 0.0749444444444375, 0.8993333333333438, 0.5620833333333437, 1.199111111111125, 1.2740555555555937, 0.03747222222221875, 0.03747222222221875, 1.4614166666666875, 0.5995555555555625, 0.4496666666666562, 0.37472222222221874, 0.5995555555555625, 0.4121944444444687, 0.8243888888889062, 74.41983333333462, 1.3864722222222499, 0.5995555555555625, 1.5738333333333439, 1.5738333333333439, 1.9110833333333748, 0.5995555555555625, 1.2740555555555626, 35.97333333333397, 1.01175, 2.8104166666667187, 0.0749444444444375, 0.5246111111111249, 0.26230555555556245, 39.345833333334035, 0.5995555555555625, 0.8993333333333438, 1.5363611111111561, 0.5620833333333437, 1.0117500000000312, 0.11241666666665627, 40.65736111111184, 0.9368055555555626, 1.9485555555555938, 1.1241666666666874, 0.2248333333333437, 0.37472222222221874, 0.5620833333333437, 0.4496666666666874, 0.9368055555555626, 3.147666666666719, 0.26230555555556245, 0.11241666666665627, 0.18736111111112497, 0.5620833333333437, 0.5246111111111249, 1.6862500000000313, 1.01175, 0.37472222222221874, 0.11241666666668747, 0.149888888888875, 0.6370277777777813, 0.4871388888889062, 1.199111111111125, 0.8993333333333438, 0.6745, 0.03747222222221875, 0.4496666666666874, 0.9742777777777812, 0.11241666666668747, 0.14988888888890622, 2.885361111111156, 0.29977777777778125, 1.0492222222222498, 0.4871388888889062, 0.7869166666666874, 0.41219444444443754, 0.5246111111111249, 44.442055555556344, 805.3904722222364, 84.4998611111126, 1.3490000000000313, 0.7869166666666874, 0.4496666666666562, 0.8243888888889062, 0.6370277777777813, 0.26230555555556245, 0.8243888888889062, 1.01175, 0.33725, 0.6745000000000312, 0.6745, 0.8243888888889062, 77.9047500000014, 0.8993333333333438, 0.7494444444444687, 0.149888888888875, 0.4496666666666874, 31.888861111111684, 0.4121944444444687, 0.4121944444444687, 0.9742777777778124, 0.29977777777778125, 0.14988888888890622, 0.4871388888889062, 0.0749444444444375, 0.29977777777778125, 0.18736111111112497, 0.2248333333333437, 0.9368055555555626, 0.18736111111112497, 0.18736111111112497, 0.0, 39.90791666666737, 0.4121944444444687, 39.945388888889596, 0.8243888888889062, 0.14988888888890622, 77.49255555555693, 0.6745, 0.7869166666666874, 7.044777777777906, 52.123861111112035, 0.11241666666665627, 0.6745, 1.3490000000000313, 0.0749444444444375, 0.5620833333333437, 0.71197222222225, 0.5620833333333437, 0.4871388888889062, 0.03747222222221875, 0.2248333333333437, 0.5246111111111249, 0.5246111111111249, 0.18736111111112497, 1.1241666666666874, 0.9368055555555626, 0.6370277777777813, 0.2248333333333437, 0.5620833333333437, 0.4496666666666562, 2.173388888888937, 1.0492222222222498, 0.03747222222221875, 1.1616388888889062, 0.5995555555555625, 0.8993333333333438, 0.6370277777777813, 0.33725, 75.8063055555569, 1.3490000000000313, 0.861861111111125, 0.29977777777778125, 1.3115277777777812, 1.0866944444444686, 72.32138888889018, 1.6487777777778123, 0.41219444444443754, 0.4496666666666562, 0.7869166666666874, 75.6189444444458, 1.5363611111111248, 37.84694444444513, 1.5738333333333439, 0.5246111111111249, 1.3864722222222499, 35.636083333333964, 80.04066666666806, 7.906638888889031, 26.005722222222687, 0.5620833333333437, 71.04733333333456, 0.7869166666666874, 0.33725, 7.119722222222343, 0.29977777777778125, 0.14988888888890622, 1.72372222222225, 0.861861111111125, 0.18736111111112497, 0.2248333333333437, 0.4496666666666562, 0.5620833333333437, 0.11241666666665627, 0.0749444444444375, 75.95619444444579, 0.2248333333333437, 0.5246111111111249, 0.8243888888889062, 0.5995555555555625, 5.396000000000093, 0.5620833333333437, 0.11241666666665627, 13.789777777778031, 2.922833333333375, 1.4614166666666875, 1.1616388888889062, 1.01175, 10.829472222222405, 0.4871388888889062, 0.149888888888875, 0.33725, 0.7494444444444687, 1.3115277777777812, 0.11241666666665627, 0.18736111111112497, 1.3864722222222499, 0.5620833333333437, 1.199111111111125, 0.8993333333333438, 0.26230555555556245, 0.0, 0.8993333333333438, 0.26230555555556245, 72.39633333333462, 0.26230555555556245, 15.775805555555841, 92.10672222222388, 56.32075000000099, 0.4871388888889062, 0.7869166666666874, 0.5995555555555625, 0.26230555555556245, 76.25597222222359, 54.63450000000097, 0.8993333333333438, 1.1241666666666874, 0.03747222222221875, 1.1241666666666874, 0.861861111111125, 0.5246111111111249, 0.2248333333333437, 0.4496666666666874, 1.3115277777777812, 0.6370277777777813, 0.2248333333333437, 0.0, 0.29977777777778125, 0.4496666666666562, 1.6113055555555937, 75.39411111111244, 0.149888888888875, 0.7869166666666874, 0.5995555555555625, 0.4121944444444687, 11.541444444444656, 15.288666666666938, 0.8243888888889062, 0.18736111111112497, 1.4614166666666875, 0.4496666666666562, 0.33725, 0.18736111111112497, 0.0, 0.5995555555555625, 0.7869166666666874, 2.06097222222225, 0.26230555555556245, 0.5995555555555625, 1.2365833333333438, 0.29977777777778125, 0.2248333333333437, 0.8243888888889062, 0.5620833333333437, 1.0866944444444686, 0.149888888888875, 37.92188888888956, 0.37472222222221874, 1.3864722222222499, 0.4871388888889062, 0.7119722222222187, 73.97016666666799, 0.26230555555556245, 1.1616388888889062, 0.41219444444443754, 0.29977777777778125, 0.33725, 0.4871388888889062, 1.3490000000000313, 6.2203888888889995, 0.7494444444444687, 0.5620833333333437, 41.1070277777785, 0.6370277777777813, 0.8993333333333438, 0.7494444444444687, 41.74405555555628, 39.98286111111181, 116.35125000000204, 0.4871388888889062, 0.11241666666665627, 0.18736111111112497, 0.0749444444444375, 1.1616388888889062, 0.8993333333333438, 0.9368055555555626, 0.37472222222221874, 0.9742777777777812, 1.0492222222222498, 1.4614166666666875, 0.4871388888889062, 0.4871388888889062, 48.11433333333418, 1.5738333333333439, 0.861861111111125, 0.26230555555556245, 1.01175, 2.023500000000031, 1.2740555555555626, 0.4496666666666562, 0.14988888888890622, 0.03747222222221875, 33.35027777777837, 0.5246111111111249, 0.6370277777777813, 0.2248333333333437, 78.84155555555694, 0.5620833333333437, 0.71197222222225, 0.11241666666665627, 77.94222222222362, 39.57066666666738, 1.2365833333333438, 0.41219444444443754, 0.03747222222221875, 0.11241666666668747, 78.20452777777915, 0.4871388888889062, 0.9742777777777812, 0.6370277777777813, 0.9368055555555626, 0.33725, 0.6370277777777813, 2.735472222222281, 1.0117500000000312, 41.85647222222296, 0.26230555555556245, 0.6745, 0.5246111111111249, 75.6189444444458, 0.6745, 1.0866944444444686, 27.766916666667154, 0.29977777777778125, 1.0866944444444686, 0.18736111111112497, 1.1616388888889062, 1.0866944444444686, 0.7494444444444687, 0.03747222222221875, 84.57480555555703, 0.2248333333333437, 0.4496666666666562, 0.9742777777777812, 0.0, 0.0749444444444375, 0.11241666666665627, 0.4871388888889062, 36.497944444445096, 0.11241666666668747, 0.2248333333333437, 0.5620833333333437, 0.0, 0.7869166666666874, 0.5620833333333437, 0.7119722222222187, 75.65641666666804, 0.7119722222222187, 0.41219444444443754, 0.33725, 0.33725, 0.2248333333333437, 1.01175, 0.861861111111125, 0.7119722222222187, 0.5995555555555625, 0.7494444444444687, 32.301055555556125, 0.26230555555556245, 0.4871388888889062, 0.0749444444444375, 0.0, 0.6745, 0.6370277777777813, 0.9742777777778124, 0.11241666666665627, 2.285805555555594, 1.6113055555555937, 0.2248333333333437, 1.7611944444444685, 0.7494444444444687, 6.070500000000124, 0.18736111111112497, 1.1616388888889062, 0.5995555555555625, 33.16291666666725, 0.5995555555555625, 0.4496666666666874, 0.37472222222221874, 0.7494444444444687, 0.26230555555556245, 77.08036111111247, 1.8736111111111562, 75.24422222222357, 1.3115277777777812, 0.861861111111125, 0.9368055555555626, 1.01175, 0.14988888888890622, 0.4121944444444687, 37.959361111111775, 0.8993333333333438, 0.5246111111111249, 0.18736111111112497, 0.5620833333333437, 0.5995555555555625, 0.41219444444443754, 43.09305555555631, 0.11241666666665627, 0.4496666666666562, 0.11241666666665627, 0.861861111111125, 76.25597222222359, 1.0866944444444686, 1.01175, 1.498888888888906, 0.0, 1.4614166666666875, 0.11241666666665627, 0.5246111111111249, 1.3490000000000313, 1.498888888888906, 0.8243888888889062, 1.4614166666666875, 0.26230555555556245, 0.14988888888890622, 0.41219444444443754, 0.6370277777777813, 0.861861111111125, 0.11241666666665627, 1.2740555555555626, 0.18736111111112497, 0.5995555555555625, 0.9368055555555626, 1.7986666666666875, 1.0492222222222498, 1.3115277777777812, 1.7611944444444685, 0.4871388888889062, 0.6370277777777813, 0.9742777777777812, 11.803750000000218, 8.393777777777936, 0.5995555555555625, 0.5620833333333437, 0.4871388888889062, 0.8243888888889062, 0.11241666666668747, 0.4496666666666562, 0.4871388888889062, 0.33725, 0.149888888888875, 0.149888888888875, 40.882194444445155, 0.4496666666666562, 0.7494444444444687, 1.3490000000000313, 0.4871388888889062, 0.0749444444444375, 0.7119722222222187, 0.0749444444444375, 0.0, 1.1241666666666874, 43.355361111111876, 0.29977777777778125, 0.03747222222221875, 0.0749444444444375, 0.7869166666666874, 0.4871388888889062, 0.5620833333333437, 0.5246111111111249, 45.97841666666747, 0.8243888888889062, 1.7986666666666875, 0.4496666666666562, 0.149888888888875, 0.7869166666666874, 0.26230555555556245, 0.6745, 1.0866944444444686, 0.03747222222221875, 0.4496666666666874, 0.2248333333333437, 0.7869166666666874, 0.6370277777777813, 0.03747222222221875, 0.6370277777777813, 0.9742777777777812, 2.3232777777778124, 0.29977777777778125, 0.4871388888889062, 1.0492222222222498, 0.5995555555555625, 0.37472222222221874, 0.8243888888889062, 0.0749444444444375, 1.7611944444444685, 2.0984444444444685, 0.03747222222221875, 0.7494444444444687, 1.3115277777778125, 0.7869166666666874, 0.4496666666666562, 37.359805555556214, 0.29977777777778125, 0.14988888888890622, 0.6370277777777813, 0.37472222222221874, 0.5620833333333437, 0.5246111111111249, 1.236583333333375, 0.03747222222221875, 0.4871388888889062, 0.149888888888875, 0.33725, 2.135916666666687, 4.908861111111188, 0.0, 0.9368055555555626, 75.95619444444579, 0.9742777777777812, 0.6745000000000312, 0.03747222222221875, 0.5620833333333437, 0.5995555555555625, 0.03747222222221875, 1.6487777777778123, 1.0866944444444686, 0.4871388888889062, 0.71197222222225, 0.5620833333333437, 0.8993333333333438, 0.29977777777778125, 0.37472222222221874, 0.0, 0.7494444444444687, 0.2248333333333437, 0.18736111111112497, 0.0, 0.11241666666668747, 0.5246111111111249, 0.41219444444443754, 1.3115277777777812, 34.32455555555615, 114.14038888889093, 119.42397222222434, 0.26230555555556245, 0.41219444444443754, 0.33725, 0.5620833333333437, 45.94094444444524, 0.37472222222221874, 0.0, 39.42077777777847, 33.987305555556155, 201.15088888889244, 0.03747222222221875, 0.2248333333333437, 0.9368055555555626, 41.85647222222296, 0.6745, 1.3115277777777812, 0.4496666666666562, 0.4496666666666562, 0.861861111111125, 0.8993333333333438, 0.26230555555556245, 0.5246111111111007, 0.5246111111111007, 0.7869166666666199, 0.2997777777777674, 0.03747222222221702, 0.11241666666668226, 0.14988888888889929, 1.46141666666662, 1.3864722222221857, 77.60497222221997, 123.20866666666313, 126.46874999999639, 128.56719444444073, 11.054305555555239, 0.11241666666668226, 0.3372499999999844, 0.5246111111111007, 0.5246111111111007, 0.14988888888889929, 0.824388888888868, 0.5246111111111007, 0.786916666666651, 1.3864722222221857, 0.637027777777783, 0.6745, 0.26230555555555035, 1.348999999999969, 38.03430555555446, 52.68594444444294, 0.9368055555555193, 1.2365833333332865, 78.72913888888661, 0.1873611111111163, 0.637027777777783, 1.8736111111110696, 37.65958333333226, 81.95174999999765, 0.14988888888889929, 0.5620833333333177, 0.03747222222221702, 0.22483333333330213, 0.637027777777783, 0.2997777777777674, 0.03747222222221702, 0.6744999999999688, 0.2997777777777674, 1.0492222222222014, 1.348999999999969, 1.0866944444444184, 11.391555555555222, 2.1733888888888058, 1.648777777777736, 1.3115277777777206, 0.6744999999999688, 0.7119722222221858, 0.41219444444441844, 2.060972222222186, 31.139416666665774, 0.3747222222222326, 1255.881527777742, 993.8757499999716, 1072.6798333333024, 928.7864999999734, 1.1991111111111008, 0.3747222222222014, 1.6487777777777048, 1.348999999999969, 0.3372500000000156, 0.711972222222217, 1.536361111111085, 0.2248333333333333, 1.4239444444444027, 0.824388888888868, 0.3747222222222014, 0.749444444444434, 0.07494444444443404, 0.3372500000000156, 0.5620833333333177, 0.44966666666663546, 0.637027777777783, 0.6370277777777518, 0.1873611111110851, 0.26230555555555035, 0.1873611111111163, 0.5995555555555347, 0.637027777777783, 1.2740555555555346, 1.5363611111110538, 0.3372499999999844, 75.99366666666445, 79.5535277777755, 0.44966666666663546, 0.5995555555555347, 0.0, 1.46141666666662, 0.26230555555555035, 0.711972222222217, 0.5246111111111007, 1.761194444444387, 0.5995555555555347, 0.1873611111110851, 1.3115277777777519, 0.22483333333330213, 0.07494444444443404, 0.2997777777777674, 0.11241666666665107, 0.3372500000000156, 0.3747222222222014, 0.6744999999999688, 0.07494444444443404, 78.35441666666443, 0.22483333333330213, 0.711972222222217, 0.07494444444446524, 0.03747222222221702, 42.0063611111099, 0.8993333333333021, 0.749444444444434, 2.510638888888821, 0.41219444444441844, 0.11241666666665107, 0.07494444444443404, 0.48713888888885254, 1.0492222222222014, 0.48713888888885254, 0.11241666666665107, 0.26230555555555035, 0.5620833333333177, 0.637027777777783, 0.1873611111111163, 0.26230555555555035, 1.3864722222221857, 0.4871388888888837, 0.6745, 0.5995555555555347, 13.639888888888494, 994.2504722221938, 390.34813888887777, 281.8285833333253, 356.96038888887864, 24.0946388888882, 0.26230555555555035, 744.9103055555341, 234.46369444443772, 0.5995555555555347, 0.637027777777783, 0.3747222222222014, 0.44966666666663546, 751.5803611110895, 740.8633055555343, 569.7651388888727, 191.63294444443898, 0.9742777777777674, 759.2246944444228, 743.2989999999787, 722.7642222222015, 21.284222222221608, 2.173388888888837, 0.749444444444434, 0.6745, 3.8221666666665417, 0.8618611111110851, 0.14988888888889929, 0.9742777777777674, 1.3115277777777519, 1.7986666666666353, 1.4239444444444027, 0.48713888888885254, 0.41219444444444964, 1.2740555555555035, 1.1241666666666355, 0.8993333333333332, 0.07494444444446524, 1.1616388888888525, 0.9368055555555503, 0.5620833333333177, 0.3747222222222326, 1.648777777777736, 1.2365833333332865, 0.8618611111110851, 0.3747222222222326, 0.637027777777783, 1.1241666666666355, 79.77836111110881, 49.23849999999857, 0.3372499999999844, 2.6979999999999063, 0.5620833333333177, 0.4871388888888837, 0.5246111111111007, 1.0117499999999844, 0.48713888888885254, 0.07494444444446524, 1.2365833333333176, 0.26230555555555035, 0.07494444444446524, 0.26230555555555035, 1.3864722222221857, 39.12099999999888, 0.11241666666665107, 0.1498888888888681, 0.786916666666651, 0.5620833333333177, 1.648777777777736, 0.8993333333333332, 0.5620833333333177, 0.11241666666665107, 1.348999999999969, 0.1873611111111163, 2.323277777777705, 0.3372499999999844, 0.5620833333333177, 0.749444444444434, 0.5620833333333177, 0.3747222222222326, 0.5246111111111007, 36.79772222222117, 79.10386111110884, 44.59194444444316, 0.14988888888889929, 0.07494444444443404, 0.5620833333333177, 0.2997777777777674, 0.14988888888889929, 0.48713888888885254, 0.8618611111110851, 79.21627777777549, 0.03747222222221702, 1.0492222222221703, 0.14988888888889929, 0.14988888888889929, 1.9110833333332864, 0.711972222222217, 1.1241666666666355, 0.3747222222222014, 0.7119722222221858, 0.7869166666666199, 0.5995555555555347, 1.0117499999999533, 1.3115277777777519, 0.5246111111111007, 0.8993333333333332, 0.03747222222221702, 0.5246111111111007, 3.147666666666573, 41.81899999999879, 0.5246111111111007, 0.22483333333330213, 1.3864722222221857, 0.2997777777777674, 0.824388888888868, 0.3372500000000156, 1.0492222222221703, 0.1873611111111163, 0.48713888888885254, 31.139416666665774, 0.11241666666665107, 0.9742777777777674, 0.8993333333333332, 0.637027777777783, 0.3747222222222014, 0.26230555555555035, 0.3372500000000156, 0.786916666666651, 1.46141666666662, 0.0, 0.07494444444446524, 0.0, 0.14988888888889929, 0.2997777777777674, 0.786916666666651, 0.9368055555555193, 0.4871388888888837, 0.2997777777777674, 34.999055555554534, 2.7729444444443714, 1.0866944444444184, 0.07494444444446524, 0.07494444444446524, 0.11241666666665107, 2.2858055555554877, 400.4281666666553, 0.5995555555555347, 1.9110833333332553, 39.94538888888775, 1.1991111111111008, 0.9742777777777674, 0.7494444444444028, 0.1873611111110851, 34.88663888888789, 0.22483333333330213, 0.1873611111110851, 0.11241666666665107, 0.5620833333333177, 0.711972222222217, 0.22483333333330213, 0.824388888888868, 39.34583333333221, 6.2578611111109295, 1.3115277777777519, 0.41219444444444964, 0.11241666666665107, 0.4496666666666666, 0.786916666666651, 1.0866944444444184, 0.8993333333333021, 1.3864722222221857, 0.3372499999999844, 0.41219444444441844, 49.163555555554126, 89.78344444444187, 138.83458333332933, 0.41219444444444964, 36.422999999998936, 0.4496666666666666, 0.03747222222221702, 0.4871388888888837, 0.5246111111111007, 73.14577777777565, 2.548111111111038, 43.917444444443184, 0.2997777777777674, 1.1241666666666355, 0.44966666666663546, 0.5995555555555347, 1.0866944444444184, 79.0289166666644, 88.20961111110857, 0.5246111111111007, 0.8618611111110851, 0.2248333333333333, 1.2740555555555346, 0.2997777777777674, 0.07494444444446524, 1.498888888888868, 0.637027777777783, 0.637027777777783, 0.637027777777783, 0.6370277777777518, 0.786916666666651, 0.9368055555555503, 1.46141666666662, 42.3810833333321, 1.1616388888888525, 0.8993333333333021, 0.5995555555555347, 0.9742777777777674, 0.5620833333333177, 0.5246111111111007, 0.2997777777777674, 0.711972222222217, 1.0866944444444184, 0.6370277777777518, 1.498888888888868, 0.22483333333330213, 0.07494444444443404, 0.0, 34.961583333332314, 0.6745, 0.7869166666666199, 0.41219444444444964, 0.2997777777777674, 0.2248333333333333, 1.1991111111111008, 0.14988888888889929, 71.2721666666646, 0.14988888888889929, 37.35980555555449, 41.444277777776584, 0.824388888888868, 1.4239444444444027, 1.498888888888868, 1.9860277777777207, 0.5246111111111007, 1.2740555555555346, 1.2365833333333176, 0.3372500000000156, 0.3372499999999844, 1.2365833333332865, 4.8713888888887436, 0.26230555555555035, 0.5995555555555347, 0.6745, 40.9571388888877, 0.0, 0.48713888888885254, 1.573833333333302, 77.11783333333109, 0.11241666666665107, 69.84822222222024, 1.1241666666666355, 1.46141666666662, 0.14988888888889929, 0.749444444444434, 0.11241666666665107, 75.73136111110892, 153.74852777777338, 0.14988888888889929, 0.5620833333333177, 3.747222222222108, 0.07494444444446524, 2.248333333333271, 0.5246111111111007, 40.80724999999883, 0.637027777777783, 5.133694444444293, 0.749444444444434, 0.2997777777777674, 1.0117499999999844, 33.31280555555458, 0.5246111111111007, 0.9742777777777674, 0.07494444444446524, 0.48713888888885254, 0.5620833333333177, 0.14988888888889929, 0.637027777777783, 77.53002777777554, 1.3489999999999376, 1.1616388888888525, 74.98191666666453, 4.571611111110975, 0.22483333333330213, 0.5246111111111007, 0.2997777777777674, 0.711972222222217, 43.917444444443184, 0.44966666666663546, 0.2997777777777674, 1.3115277777777206, 78.69166666666439, 0.5620833333333177, 0.5246111111111007, 0.1873611111110851, 7.981583333333099, 0.11241666666665107, 0.2997777777777674, 628.633999999982, 0.824388888888868, 0.637027777777783, 0.26230555555555035, 2.1359166666665885, 0.41219444444444964, 0.7119722222221858, 0.5620833333333177, 1.1241666666666355, 0.7494444444444028, 1.3115277777777206, 0.22483333333330213, 0.8618611111110851, 2.098444444444403, 0.824388888888868, 0.4496666666666666, 0.26230555555555035, 0.1873611111110851, 2.39822222222217, 29.37822222222136, 109.60624999999685, 122.60911111110761, 0.07494444444443404, 37.20991666666559, 0.711972222222217, 75.01938888888674, 1.6113055555554878, 0.5246111111111007, 38.29661111111, 0.1873611111110851, 1.0117499999999844, 0.7869166666666199, 0.11241666666668226, 0.26230555555555035, 0.2997777777777674, 0.5620833333333177, 0.5620833333333177, 0.9742777777777674, 1.0117499999999844, 0.14988888888889929, 0.824388888888868, 0.1873611111111163, 0.44966666666663546, 0.3747222222222326, 35.598611111110074, 0.6744999999999688, 0.3747222222222014, 1.498888888888868, 0.1498888888888681, 0.41219444444444964, 1.0117499999999844, 1.0492222222222014, 1.0117499999999844, 0.11241666666665107, 0.22483333333330213, 0.41219444444441844, 37.247388888887805, 1.4239444444444027]",54.947027080572006,0.6745,702.5314863661944,0.0,18177.14265625011,7737.0,13.0,2.0,0.67
2,"[0.46149999999998914, 38.41100000000086, 0.496999999999986, 1.0650000000000248, 0.10650000000002022, 0.496999999999986, 1.0650000000000248, 71.31950000000158, 38.87250000000085, 0.21300000000001088, 0.4615000000000187, 0.07099999999999378, 0.5325000000000124, 69.61550000000155, 115.55250000000261, 76.85750000000168, 1.2780000000000062, 0.35499999999999843, 1.0650000000000248, 0.8520000000000435, 5.502500000000109, 0.31950000000000156, 0.07099999999999378, 0.3905000000000249, 38.55300000000085, 0.496999999999986, 0.852000000000014, 0.21300000000001088, 0.8520000000000435, 1.5975000000000077, 75.22450000000165, 0.14199999999998755, 1.2070000000000125, 0.852000000000014, 0.28400000000000464, 89.06950000000198, 1.4200000000000528, 1.1360000000000483, 1.668500000000031, 0.496999999999986, 1.2780000000000358, 0.28400000000000464, 0.6035000000000063, 1.1005000000000513, 0.21300000000001088, 0.21300000000001088, 0.9940000000000311, 0.6035000000000063, 1.0650000000000248, 0.6035000000000358, 0.852000000000014, 0.42600000000002175, 1.029500000000028, 0.9230000000000373, 1.029500000000028, 0.5680000000000093, 0.7100000000000264, 0.39049999999999535, 0.7099999999999969, 3.8340000000000773, 0.03550000000002645, 0.6035000000000063, 0.6745, 0.49700000000001554, 0.35500000000002796, 1.5265000000000435, 0.24849999999997824, 0.0, 0.7100000000000264, 0.24850000000000777, 0.24849999999997824, 0.03550000000002645, 0.8165000000000171, 0.4259999999999922, 0.21300000000001088, 0.35499999999999843, 0.9940000000000015, 0.6745000000000296, 0.28400000000000464, 74.51450000000166, 5.431500000000115, 0.10649999999999067, 0.3905000000000249, 0.5325000000000124, 0.24849999999997824, 0.39049999999999535, 0.7455000000000233, 0.3905000000000249, 0.2840000000000342, 0.4615000000000187, 1.1360000000000483, 0.6390000000000031, 0.24850000000000777, 1.3490000000000295, 0.49700000000001554, 0.8520000000000435, 0.03549999999999689, 0.03549999999999689, 0.07100000000002334, 1.0650000000000248, 1.6330000000000635, 1.3490000000000295, 38.19800000000085, 0.5325000000000124, 0.7100000000000264, 0.8875000000000404, 0.6745000000000296, 0.35500000000002796, 0.03550000000002645, 1.5265000000000435, 1.2780000000000062, 0.496999999999986, 0.07099999999999378, 0.9230000000000077, 0.7100000000000264, 0.6745, 0.7810000000000201, 0.9230000000000373, 1.9880000000000622, 0.07100000000002334, 0.6390000000000327, 0.24850000000000777, 41.85450000000091, 0.7455000000000233, 0.31950000000000156, 0.35499999999999843, 74.51450000000166, 0.17749999999998445, 3.58550000000007, 1.3490000000000295, 0.3905000000000249, 1.2425000000000388, 0.8520000000000435, 0.9230000000000373, 0.03549999999999689, 0.5325000000000124, 54.1375000000012, 58.149000000001315, 11.324500000000247, 0.31950000000003115, 0.4615000000000187, 26.270000000000568, 1.2425000000000388, 27.79650000000061, 105.68350000000235, 1.4555000000000202, 1.1005000000000513, 0.8520000000000435, 0.49700000000001554, 0.6745000000000296, 1.5975000000000374, 0.2840000000000342, 1.3490000000000295, 0.21300000000001088, 0.31950000000000156, 0.3905000000000249, 30.17500000000066, 0.496999999999986, 0.24850000000000777, 0.8165000000000467, 1.8105000000000482, 0.17749999999998445, 0.21299999999998134, 0.8520000000000435, 0.7455000000000233, 0.6745000000000296, 2.627000000000065, 0.6745, 0.21299999999998134, 0.21300000000001088, 2.059000000000056, 0.39049999999999535, 1.5975000000000374, 0.8165000000000467, 0.496999999999986, 0.4615000000000187, 0.17750000000001398, 0.6745000000000296, 0.6390000000000327, 2.8755000000000437, 1.2425000000000093, 8.697500000000183, 0.2840000000000342, 0.21300000000001088, 73.66250000000161, 77.42550000000175, 1.3845000000000265, 0.8520000000000435, 0.4615000000000187, 3.0530000000000577, 0.1420000000000171, 1.171500000000045, 1.881500000000042, 0.35499999999999843, 1.0650000000000248, 70.21900000000156, 0.8520000000000435, 0.21300000000001088, 0.35499999999999843, 0.887500000000011, 75.22450000000165, 1.2070000000000125, 1.0294999999999983, 0.07099999999999378, 0.03549999999999689, 0.10649999999999067, 0.0, 0.496999999999986, 39.760000000000886, 113.17400000000254, 0.6390000000000327, 0.07099999999999378, 42.138500000000946, 0.7100000000000264, 0.03549999999999689, 1.171500000000045, 0.0, 0.8875000000000404, 0.39049999999999535, 1.3135000000000325, 1.2780000000000358, 1.0294999999999983, 0.7809999999999907, 74.12400000000163, 45.72400000000102, 0.1420000000000171, 0.6745000000000296, 0.0, 0.07100000000002334, 0.4615000000000187, 38.51750000000085, 0.5680000000000388, 1.2425000000000093, 0.42600000000002175, 0.6035000000000063, 0.9940000000000311, 41.89000000000094, 111.00850000000247, 47.854000000001065, 50.339000000001114, 49.38050000000111, 0.2840000000000342, 0.4615000000000187, 0.31950000000003115, 0.31950000000003115, 0.6745000000000296, 0.14199999999998755, 0.9230000000000373, 1.6330000000000342, 71.0355000000016, 0.7454999999999937, 0.8875000000000404, 0.03549999999999689, 0.24849999999997824, 38.65950000000087, 1.4200000000000528, 1.2070000000000125, 0.14199999999998755, 0.03549999999999689, 0.1420000000000171, 0.24849999999997824, 0.10650000000002022, 1.384500000000056, 0.28400000000000464, 1.1360000000000483, 38.41100000000086, 1.384500000000056, 0.21299999999998134, 1.881500000000042, 0.14199999999998755, 0.7455000000000233, 0.0, 0.5680000000000388, 1.171500000000045, 0.5325000000000124, 0.42600000000002175, 0.49700000000001554, 0.5325000000000124, 0.6745000000000296, 0.9585000000000343, 0.07099999999999378, 0.42600000000002175, 0.03549999999999689, 0.28400000000000464, 0.9940000000000311, 0.39049999999999535, 0.07100000000002334, 0.6035000000000358, 1.029500000000028, 0.31950000000003115, 0.9230000000000077, 0.5680000000000388, 0.31950000000000156, 0.03549999999999689, 1.9880000000000622, 0.17750000000001398, 44.33950000000099, 1.4200000000000232, 1.029500000000028, 37.523500000000816, 0.8165000000000467, 0.6035000000000358, 0.3905000000000249, 0.24850000000000777, 0.6035000000000358, 2.2010000000000436, 0.03550000000002645, 0.21299999999998134, 0.0, 0.07099999999999378, 0.10650000000002022, 0.31950000000003115, 1.5265000000000435, 0.7100000000000264, 1.4555000000000498, 72.13600000000163, 45.93700000000103, 7412.364500000166, 7229.539500000162, 6636.938000000148, 4851.536500000108, 0.49700000000001554, 0.31950000000003115, 0.7454999999999937, 2.165500000000047, 0.24850000000000777, 0.39049999999999535, 0.3905000000000249, 0.24849999999997824, 3.6210000000000666, 46.46950000000104, 0.6035000000000063, 37.346000000000835, 0.35500000000002796, 1.384500000000056, 0.24849999999997824, 0.8875000000000404, 0.2840000000000342, 0.8875000000000404, 0.5325000000000124, 0.496999999999986, 73.52050000000162, 103.87300000000234, 0.1420000000000171, 0.24850000000000777, 71.46150000000158, 1.0650000000000248, 0.5325000000000124, 0.0, 1.2425000000000388, 1.1360000000000483, 0.852000000000014, 1.1360000000000483, 0.10649999999999067, 0.10649999999999067, 0.17750000000001398, 0.28400000000000464, 0.31950000000000156, 0.8875000000000404, 0.14199999999998755, 74.72750000000164, 114.02600000000257, 157.1940000000035, 0.03549999999999689, 1.3490000000000295, 0.03550000000002645, 73.91100000000165, 121.44550000000274, 0.4259999999999922, 0.6745000000000296, 0.24850000000000777, 1.3135000000000325, 0.03549999999999689, 24.992000000000555, 0.5325000000000124, 0.24849999999997824, 0.2840000000000342, 0.3905000000000249, 0.2840000000000342, 38.44650000000085, 0.03549999999999689, 0.6745, 0.5325000000000124, 0.07100000000002334, 1.2425000000000388, 0.9940000000000311, 0.7454999999999937, 0.8165000000000467, 0.3905000000000249, 1.1360000000000483, 0.3905000000000249, 0.07099999999999378, 1.4200000000000232, 0.24849999999997824, 1.0650000000000248, 0.10649999999999067, 0.7455000000000233, 0.3905000000000249, 0.9940000000000311, 1.171500000000045, 0.6745000000000296, 0.7810000000000201, 0.10650000000002022, 0.28400000000000464, 0.7455000000000233, 0.21299999999998134, 0.1420000000000171, 72.49100000000159, 146.8635000000033, 1.5265000000000435, 0.9940000000000311, 0.9585000000000343, 0.21300000000001088, 0.21299999999998134, 0.17750000000001398, 0.31950000000003115, 0.8520000000000435, 0.4615000000000187, 0.21299999999998134, 0.496999999999986, 0.4259999999999922, 0.7809999999999907, 0.03550000000002645, 0.4615000000000187, 0.10650000000002022, 1.4555000000000498, 0.7455000000000233, 42.49350000000094, 0.5325000000000124, 0.10650000000002022, 0.31950000000003115, 0.24850000000000777, 0.3905000000000249, 0.852000000000014, 0.24849999999997824, 0.07099999999999378, 0.8875000000000404, 1.029500000000028, 0.5325000000000124, 1.384500000000056, 0.07099999999999378, 0.5325000000000124, 1.3135000000000325, 0.9940000000000015, 0.42600000000002175, 65.32000000000146, 0.9940000000000311, 0.31950000000000156, 72.84600000000162, 0.17749999999998445, 74.90500000000168, 0.46149999999998914, 1.0650000000000248, 1.1005000000000513, 0.5325000000000124, 0.39049999999999535, 0.6745000000000296, 0.07099999999999378, 0.21300000000001088, 0.03550000000002645, 1.668500000000031, 1.2425000000000388, 0.10650000000002022, 0.07099999999999378, 0.7454999999999937, 0.49700000000001554, 0.17749999999998445, 0.8875000000000404, 1.2425000000000093, 38.908000000000875, 1.562000000000011, 0.6390000000000031, 0.0, 9.549500000000197, 0.1420000000000171, 0.4615000000000187, 0.4259999999999922, 0.24850000000000777, 0.7809999999999907, 0.10649999999999067, 0.31950000000003115, 0.07100000000002334, 0.14199999999998755, 0.9940000000000311, 0.17749999999998445, 0.6035000000000358, 0.03549999999999689, 1.7040000000000575, 0.17750000000001398, 74.44350000000166, 0.8165000000000171, 1.668500000000031, 0.21299999999998134, 0.10649999999999067, 41.92550000000094, 0.35500000000002796, 0.6035000000000358, 0.8165000000000171, 0.35499999999999843, 0.4259999999999922, 0.28400000000000464, 0.7100000000000264, 0.7100000000000264, 1.171500000000045, 1.2070000000000125, 1.2070000000000125, 0.3905000000000249, 0.4259999999999922, 0.5325000000000124, 0.07099999999999378, 0.6390000000000031, 0.4259999999999922, 0.8520000000000435, 3.337000000000062, 1.3845000000000265, 0.4259999999999922, 0.7100000000000264, 0.9230000000000373, 1.2780000000000358, 1.2780000000000062, 72.63300000000164, 7.845500000000169, 0.1420000000000171, 72.10050000000163, 112.49950000000253, 0.7100000000000264, 0.9940000000000311, 0.7809999999999907, 0.9585000000000343, 0.9585000000000047, 0.5325000000000124, 0.46149999999998914, 72.88150000000162, 0.8165000000000467, 0.21300000000001088, 1.171500000000045, 1.207000000000042, 1.171500000000045, 0.8165000000000467, 1.4555000000000498, 0.42600000000002175, 1.1005000000000513, 0.49700000000001554, 1.9880000000000326, 0.7455000000000233, 0.1420000000000171, 0.2840000000000342, 73.44950000000163, 0.03549999999999689, 0.9230000000000373, 1.4910000000000465, 1.207000000000042, 0.35499999999999843, 0.07099999999999378, 0.5680000000000093, 1.4200000000000528, 41.96100000000093, 6.39000000000012, 0.42600000000002175, 1.4200000000000528, 0.39049999999999535, 74.26600000000168, 4.118000000000083, 0.31950000000000156, 0.9585000000000343, 0.4259999999999922, 0.03549999999999689, 0.6390000000000031, 0.6035000000000358, 0.5680000000000093, 0.10650000000002022, 0.8165000000000467, 20.874000000000446, 0.03550000000002645, 0.2840000000000342, 0.6035000000000358, 0.21300000000001088, 0.24849999999997824, 0.03549999999999689, 74.58550000000164, 0.35500000000002796, 1.029500000000028, 0.07100000000002334, 0.14199999999998755, 0.28400000000000464, 0.07099999999999378, 0.6390000000000327, 0.31950000000000156, 0.39049999999999535, 0.8165000000000467, 2.059000000000056, 0.31950000000003115, 1.5265000000000435, 1.1005000000000513, 0.42600000000002175, 0.49700000000001554, 39.68900000000087, 0.4259999999999922, 0.7810000000000201, 39.19200000000088, 0.35499999999999843, 0.1420000000000171, 0.10650000000002022, 0.6390000000000031, 0.4615000000000187, 0.21300000000001088, 0.496999999999986, 0.4259999999999922, 0.14199999999998755, 73.94650000000165, 2.094500000000023, 79.48450000000174, 11.53750000000026, 0.6745000000000296, 0.10649999999999067, 0.7455000000000233, 0.4615000000000187, 0.14199999999998755, 0.7454999999999937, 0.8165000000000171, 0.49700000000001554, 0.9940000000000311, 0.31950000000003115, 0.2840000000000342, 0.21300000000001088, 0.5325000000000124, 0.7099999999999969, 0.17749999999998445, 0.39049999999999535, 0.31950000000000156, 1.7040000000000575, 1.2070000000000125, 0.8165000000000171, 1.5975000000000077, 0.07099999999999378, 39.44050000000086, 0.28400000000000464, 74.05300000000165, 1.207000000000042, 1.0294999999999983, 0.1420000000000171, 0.14199999999998755, 1.2425000000000388, 1.171500000000045, 0.07099999999999378, 0.9940000000000015, 46.78900000000104, 119.49300000000268, 0.0, 3.301500000000065, 1.9170000000000387, 0.7100000000000264, 0.10649999999999067, 0.35500000000002796, 39.121000000000855, 1.9525000000000359, 0.1420000000000171, 51.83000000000116, 20.94500000000047, 0.24850000000000777, 0.4259999999999922, 1.2425000000000388, 0.1420000000000171, 0.9940000000000311, 71.24850000000158, 0.17749999999998445, 0.9585000000000343, 0.496999999999986, 0.21300000000001088, 0.35500000000002796, 0.24850000000000777, 0.42600000000002175, 0.8165000000000467, 72.73950000000164, 1.029500000000028, 0.28400000000000464, 0.3905000000000249, 0.7099999999999969, 39.26300000000088, 0.03549999999999689, 1.6685000000000607, 0.5325000000000124, 0.21300000000001088, 0.07100000000002334, 0.31950000000000156, 0.35499999999999843, 0.17750000000001398, 0.8875000000000404, 0.6745, 73.37850000000164, 67.66300000000149, 2179.9485000000486, 2254.676000000051, 1377.613000000031, 1349.6035000000304, 0.21299999999998134, 36.636000000000806, 0.49700000000001554, 0.4615000000000187, 0.9274375000000087, 0.9274375000000087, 1.6019375000000087, 0.3794062499999956, 0.5480312500000132, 0.5480312500000132, 0.9695937500000044, 0.0, 0.6323437500000044, 0.2950937500000044, 87.55853125000053, 0.33725, 0.7588124999999912, 1.3911562500000305, 0.21078125000001316, 2.2342812500000133, 0.25293750000000875, 0.8009687499999868, 0.5901875000000087, 0.12646874999998683, 0.5480312500000132, 0.5058749999999824, 0.46371875000002194, 0.3794062499999956, 1.3068437500000043, 40.343531250000225, 128.57656250000076, 142.57243750000086, 0.33725, 0.9274375000000087, 0.2950937500000044, 86.5889375000005, 0.12646875000002195, 0.0, 0.7588125000000263, 0.5480312500000132, 1.6862499999999998, 1.01175, 88.14871875000055, 174.06315625000101, 0.3794062499999956, 0.25293750000000875, 0.08431249999999121, 0.21078124999997805, 0.46371874999998686, 86.75756250000055, 0.12646875000002195, 0.04215624999999561, 0.8852812500000131, 0.08431249999999121, 0.4215625000000263, 0.33725, 0.8431249999999825, 0.04215624999999561, 1.4754687500000219, 0.7166562499999957, 0.0, 0.33725, 0.12646874999998683, 85.15562500000051, 0.33725, 0.5901875000000087, 0.6323437500000044, 0.6323437500000044, 0.5901875000000087, 1.01175, 0.0, 0.46371874999998686, 16.2301562500001, 0.21078124999997805, 1.6440937500000044, 0.21078124999997805, 1.8127187499999866, 0.5480312500000132, 1.3911562499999957, 0.04215624999999561, 0.46371874999998686, 0.42156249999999124, 1.4754687499999868, 85.9144375000005, 172.756312500001, 0.42156249999999124, 0.16862499999998243, 0.7588124999999912, 0.9695937500000044, 0.6745, 0.5901875000000087, 0.2950937500000044, 1.349, 0.33725, 0.8009687499999868, 0.33725, 1.1803750000000175, 0.5058749999999824, 0.2950937500000044, 1.1803750000000175, 0.21078125000001316, 0.08431249999999121, 0.04215624999999561, 0.33725, 2.4029062500000307, 0.6745, 2.2764375000000086, 1.8127187499999866, 0.08431249999999121, 0.0, 0.7166562499999957, 0.04215624999999561, 0.8431250000000176, 0.42156249999999124, 0.7166562499999957, 0.5480312500000132, 0.3794062499999956, 0.7588125000000263, 0.7588124999999912, 1.2646875000000088, 1.3068437500000043, 1.01175, 0.5901875000000087, 0.25293750000000875, 2.3185937500000047, 0.12646874999998683, 85.7879687500005, 0.16862499999998243, 1.0960625000000264, 0.0, 1.559781250000013, 1.4333125000000262, 42.493500000000246, 0.5901875000000087, 0.3794062499999956, 0.7166562499999957, 1.6862499999999998, 0.33725, 1.2225312500000132, 0.2950937500000044, 0.7166562499999957, 0.04215624999999561, 0.12646875000002195, 0.7166562499999957, 1.5176250000000175, 0.12646874999998683, 86.92618750000054, 98.68778125000057, 58.63934375000036, 103.8730000000006, 0.21078124999997805, 0.04215624999999561, 0.6323437500000044, 2.0235, 0.8431249999999825, 0.2950937500000044, 1.0539062499999956, 0.5901875000000087, 0.3794062499999956, 89.1604687500005, 4.4264062500000305, 0.3794062499999956, 0.12646875000002195, 1.812718750000022, 0.04215624999999561, 0.0, 86.92618750000054, 0.04215624999999561, 0.42156249999999124, 0.6323437500000044, 1.2646875000000088, 0.5058750000000175, 4.0891562500000305, 0.5901875000000087, 1.7705625000000262, 0.3794062499999956, 0.2950937500000044, 0.16862499999998243, 0.21078124999997805, 1.096062499999991, 0.12646875000002195, 0.6745, 0.7166562499999957, 0.5480312500000132, 0.3794062499999956, 1.6440937500000044, 0.5901875000000087, 87.9379375000005, 1.5176250000000175, 0.0, 0.16862499999998243, 3.03525, 0.12646875000002195, 0.7588125000000263, 1.9391875000000087, 0.5901875000000087, 0.2950937500000044, 1.096062499999991, 87.60068750000053, 173.304343750001, 59.31384375000035, 108.25725000000064, 59.14521875000034, 0.5480312500000132, 0.25293750000000875, 0.5480312500000132, 0.46371874999998686, 0.3794062499999956, 0.33725, 0.6323437500000044, 0.6323437500000044, 0.08431249999999121, 1.349, 53.411968750000305, 0.25293750000000875, 0.9695937500000044, 0.08431249999999121, 87.2212812500005, 0.6323437500000044, 2.6558437500000043, 0.33725, 0.21078125000001316, 0.4215625000000263, 1.0539062500000307, 0.5901875000000087, 2.9930937500000043, 1.3068437500000043, 49.3228125000003, 1.349, 0.2950937500000044, 0.33725, 0.42156249999999124, 0.800968750000022, 0.21078124999997805, 0.5480312500000132, 0.33725, 1.4754687499999868, 0.08431249999999121, 1.096062499999991, 0.25293750000000875, 1.3068437500000043, 1.138218750000022, 0.04215624999999561, 87.72715625000052, 0.5901875000000087, 0.9274375000000087, 0.6323437500000044, 0.08431249999999121, 0.12646875000002195, 39.83765625000024, 0.21078124999997805, 1.7284062500000308, 1.3068437500000043, 1.1803750000000175, 1.349, 0.3794062499999956, 85.8301250000005, 0.46371875000002194, 1.6019375000000087, 0.6745, 2.6136875000000086, 1.2646875000000088, 0.5901875000000087, 0.3794062499999956, 0.33725, 0.7588125000000263, 0.12646875000002195, 0.5901875000000087, 0.2950937500000044, 0.25293750000000875, 0.7166562499999957, 0.5480312500000132, 1.3911562500000305, 0.46371874999998686, 0.12646874999998683, 1.0539062500000307, 1.3911562500000305, 0.04215624999999561, 1.2646875000000088, 0.04215624999999561, 1.1803750000000175, 1.3911562499999957, 0.12646875000002195, 0.6323437500000044, 0.800968750000022, 0.7166562499999957, 1.1382187499999867, 47.7208750000003, 60.95793750000036, 0.7588124999999912, 1.9813437500000042, 1826.8832500000112, 1748.0089062500106, 1759.5175625000106, 747.8518750000046, 1.2646875000000088, 0.3794062499999956, 0.3794062499999956, 0.9695937500000044, 0.8852812500000131, 0.5901875000000087, 0.16862500000001757, 1.349, 0.25293750000000875, 84.4811250000005, 2.5293750000000177, 44.39053125000026, 0.0, 0.3794062499999956, 3.9626875000000084, 0.4215625000000263, 0.2950937500000044, 43.46309375000025, 0.16862499999998243, 0.6323437500000044, 1.138218750000022, 0.8852812500000131, 0.8852812500000131, 44.26406250000027, 0.08431249999999121, 0.21078124999997805, 0.5058749999999824, 2.149968750000022, 0.42156249999999124, 0.2950937500000044, 1.2646875000000088, 0.0, 0.800968750000022, 0.6323437500000044, 0.8852812500000131, 0.800968750000022, 0.5480312500000132, 0.21078124999997805, 1.3911562500000305, 53.03256250000031, 0.16862500000001757, 1.2225312500000132, 0.6323437500000044, 1.1803750000000175, 0.25293750000000875, 0.5480312500000132, 88.86537500000054, 89.79281250000052, 0.04215624999999561, 86.6310937500005, 2.3185937500000047, 2.1078125000000263, 0.7588124999999912, 0.25293750000000875, 0.6323437500000044, 1.5176250000000175, 0.9695937500000044, 0.8852812500000131, 0.46371875000002194, 0.04215624999999561, 2.4029062499999956, 1.6019375000000087, 1.01175, 0.5480312500000132, 1.812718750000022, 1.7284062500000308, 0.46371875000002194, 0.5480312500000132, 0.16862499999998243, 2.1078125000000263, 45.48659375000028, 0.12646874999998683, 0.04215624999999561, 0.25293750000000875, 0.12646875000002195, 41.14450000000024, 0.3794062499999956, 0.16862499999998243, 0.08431249999999121, 0.16862499999998243, 0.12646875000002195, 86.16737500000055, 0.04215624999999561, 0.21078124999997805, 0.8009687499999868, 0.21078124999997805, 0.6745, 0.16862499999998243, 0.3794062499999956, 0.25293750000000875, 0.33725, 1.4333124999999913, 0.3794062499999956, 0.7166562499999957, 0.16862500000001757, 0.4215625000000263, 49.533593750000286, 93.67118750000054, 0.12646874999998683, 0.12646874999998683, 0.2950937500000044, 0.5901875000000087, 1.1803750000000175, 0.0, 0.8431249999999825, 0.12646875000002195, 0.46371875000002194, 0.3794062499999956, 0.16862500000001757, 1.349, 0.42156249999999124, 0.12646874999998683, 0.04215624999999561, 0.33725, 1.3068437500000043, 0.5901875000000087, 1.6440937500000044, 0.6323437500000044, 0.7588124999999912, 1.3068437500000043, 0.21078124999997805, 0.46371874999998686, 0.8009687499999868, 1.01175, 0.21078125000001316, 0.9274375000000087, 0.4215625000000263, 0.25293750000000875, 44.09543750000025, 2.8666250000000177, 0.21078124999997805, 43.16800000000025, 0.25293750000000875, 0.2950937500000044, 0.0, 88.19087500000055, 0.8852812500000131, 0.6323437500000044, 0.5480312500000132, 0.9695937500000044, 0.4215625000000263, 0.04215624999999561, 0.2950937500000044, 2.571531250000013, 0.21078124999997805, 0.16862500000001757, 44.727781250000255, 1.138218750000022, 1.2225312500000132, 0.3794062499999956, 2.3185937500000047, 0.04215624999999561, 2.0235, 2.3185937500000047, 0.8852812500000131, 1.8548750000000174, 1.3068437500000043, 1.349, 87.9379375000005, 0.6745, 82.83703125000046, 0.08431249999999121, 0.04215624999999561, 6.281281250000048, 0.8852812500000131, 0.08431249999999121, 2.1921250000000176, 2.4029062500000307, 1.3068437500000043, 85.61934375000052, 78.45278125000043, 1.7284062500000308, 0.3794062499999956, 0.46371875000002194, 0.25293750000000875, 0.6323437500000044, 0.2950937500000044, 0.5901875000000087, 0.8431250000000176, 40.638625000000225, 125.37268750000074, 0.0, 88.19087500000055, 90.76240625000057, 138.77837500000084, 97.21231250000058, 1.0539062499999956, 0.7588124999999912, 0.46371875000002194, 0.8009687499999868, 1.8548750000000174, 42.45134375000025, 0.9274375000000087, 0.5901875000000087, 0.2950937500000044, 1.01175, 0.6323437500000044, 0.5901875000000087, 0.12646874999998683, 0.7166562499999957, 0.7588125000000263, 0.2950937500000044, 2.065656250000031, 0.800968750000022, 0.08431249999999121, 1.0539062500000307, 1.7705625000000262, 1.9813437500000042, 0.16862499999998243, 0.5480312500000132, 1.1803750000000175, 0.21078124999997805, 84.10171875000049, 0.2950937500000044, 1.6440937500000044, 0.6323437500000044, 0.3794062499999956, 1.0960625000000264, 0.8431250000000176, 0.21078125000001316, 1.4333125000000262, 0.0, 0.08431249999999121, 46.49834375000029, 42.40918750000025, 130.64221875000075, 1.01175, 1.01175, 0.5480312500000132, 0.16862500000001757, 1.559781250000013, 0.25293750000000875, 0.7166562499999957, 0.21078125000001316, 0.25293750000000875, 0.3794062499999956, 1.4754687500000219, 1.3068437500000043, 1.138218750000022, 84.22818750000054, 91.60553125000054, 60.11481250000034, 0.21078124999997805, 0.33725, 0.7166562499999957, 52.863937500000326, 0.12646874999998683, 0.9274375000000087, 0.5901875000000087, 0.9274375000000087, 0.8852812500000131, 0.6323437500000044, 1.3068437500000043, 0.5480312500000132, 0.46371875000002194, 39.50040625000024, 0.04215624999999561, 50.58750000000031, 0.2950937500000044, 9.400843750000039, 0.2950937500000044, 0.12646875000002195, 0.3794062499999956, 0.8431249999999825, 0.7166562499999957, 1.2646875000000088, 85.49287500000054, 14.75468750000008, 1.0960625000000264, 0.6323437500000044, 1.8970312500000133, 0.5058750000000175, 0.8852812500000131, 52.1051250000003, 17.494843750000108, 1.9813437500000042, 1.2225312500000132, 0.5058749999999824, 0.5480312500000132, 1.349, 1.812718750000022, 0.9695937500000044, 1.349, 0.21078124999997805, 0.08431249999999121, 0.16862500000001757, 0.6323437500000044, 0.7588124999999912, 0.2950937500000044, 2.149968750000022, 0.12646875000002195, 0.04215624999999561, 0.25293750000000875, 0.8852812500000131, 1.2225312500000132, 0.08431249999999121, 1.8970312500000133, 0.3794062499999956, 0.0, 0.5480312500000132, 48.56400000000028, 0.7166562499999957, 0.04215624999999561, 39.03668750000022, 0.0, 87.81146875000051, 12.941968750000056, 1.5176250000000175, 1.6440937500000044, 0.2950937500000044, 3.3303437500000044, 0.800968750000022, 0.6323437500000044, 0.46371874999998686, 0.08431249999999121, 0.04215624999999561, 1.6440937500000044, 88.06440625000054, 12.941968750000056, 0.16862499999998243, 86.6732500000005, 0.33725, 0.16862500000001757, 1.9391875000000087, 0.16862499999998243, 5.058750000000035, 54.59234375000032, 0.6745, 0.4215625000000263, 1.9391875000000087, 0.04215624999999561, 0.21078124999997805, 57.83837500000033, 1.01175, 1.7705625000000262, 0.42156249999999124, 0.5901875000000087, 1.812718750000022, 0.3794062499999956, 87.01050000000052, 0.08431249999999121, 88.10656250000055, 0.3794062499999956, 46.79343750000029, 49.66006250000031, 51.514937500000286, 1.1803750000000175, 0.6323437500000044, 0.4215625000000263, 0.8431250000000176, 1.349, 0.7588125000000263, 0.5480312500000132, 0.12646875000002195, 1.2646875000000088, 1.4333125000000262, 0.7588125000000263, 0.8852812500000131, 0.2950937500000044, 0.7166562499999957, 86.75756250000055, 821.920406250005, 817.5783125000049, 905.8535000000055, 865.0462500000053, 0.12646874999998683, 0.5901875000000087, 1.7284062500000308, 1.4754687500000219, 0.5480312500000132, 88.19087500000055, 0.21078124999997805, 0.6745, 0.3794062499999956, 0.7588125000000263, 0.4215625000000263, 0.5480312500000132, 0.04215624999999561, 0.25293750000000875, 0.08431249999999121, 0.4215625000000263, 46.37187500000026, 107.54059375000064, 0.7166562499999957, 43.42093750000026, 89.03400000000053, 0.42156249999999124, 1.01175, 60.70500000000035, 0.9274375000000087, 0.33725, 0.6323437500000044, 0.6323437500000044, 0.0, 1.01175, 0.33725, 50.12378125000029, 0.6323437500000044, 0.08431249999999121, 0.5901875000000087, 0.6745, 0.5480312500000132, 0.33725, 0.7166562499999957, 1.3911562500000305, 1.0960625000000264, 0.8431250000000176, 1.8548750000000174, 0.4215625000000263, 0.5901875000000087, 0.33725, 0.0, 0.7588124999999912, 0.5058750000000175, 0.6323437500000044, 1.2225312500000132, 0.08431249999999121, 44.64346875000027, 0.12646874999998683, 0.2950937500000044, 0.6323437500000044, 0.04215624999999561, 42.029781250000255, 0.12646874999998683, 1.812718750000022, 1.7284062500000308, 0.6323437500000044, 1.2225312500000132, 0.5058749999999824, 0.33725, 0.08431249999999121, 0.16862500000001757, 0.16862500000001757, 1.6019375000000087, 39.07884375000021, 0.25293750000000875, 0.21078124999997805, 0.21078124999997805, 1.2646875000000088, 1.6019375000000087, 0.46371874999998686, 106.40237500000062, 1.096062499999991, 45.19150000000028, 33.598531250000185, 1.7705625000000262, 0.04215624999999561, 1.3911562500000305, 0.9274375000000087, 0.3794062499999956, 0.5058749999999824, 0.16862500000001757, 0.08431249999999121, 0.08431249999999121, 1.3911562500000305, 1.9813437500000042, 0.6745, 1.6019375000000087, 50.545343750000285, 1764.7027812500105, 938.3559687500057, 894.7242500000054, 139.36856250000082, 0.8431250000000176, 1.096062499999991, 0.46371875000002194, 0.6323437500000044, 88.14871875000055, 0.8852812500000131, 0.12646875000002195, 0.5814655172413513, 0.5814655172413513, 1.2327068965516987, 0.3488793103448263, 0.7675344827586487, 1.5118103448276061, 0.0232586206896525, 0.95360344827583, 0.0232586206896525, 0.1162931034482625, 0.7210172413793049, 1.2327068965517374, 1.1861896551723938, 0.1628103448275675, 1.1861896551723938, 0.6279827586206562, 0.8140517241379149, 0.3953965517241313, 0.6745, 0.4419137931034362, 2.070017241379305, 0.3488793103448263, 1.2792241379310425, 0.30236206896552126, 1.2792241379310036, 0.6279827586206562, 0.30236206896552126, 1.2792241379310036, 1.7909137931034362, 1.83743103448278, 0.7675344827586487, 0.48843103448277997, 0.3953965517241313, 0.2558448275861775, 0.4884310344827412, 0.7210172413793049, 0.3488793103448263, 0.76753448275861, 1.0466379310344789, 0.6279827586206951, 0.48843103448277997, 0.441913793103475, 0.0232586206896525, 0.06977586206899625, 0.0697758620689575, 1.6048448275862164, 0.8140517241379149, 94.17415517241336, 2.628224137931042, 1.4187758620689574, 2.6747413793103085, 0.1162931034482625, 3.9772241379310422, 0.2558448275861775, 0.2558448275861775, 0.4419137931034362, 0.1628103448275675, 0.0232586206896525, 1.0001206896551738, 0.0232586206896525, 1.0931551724137836, 0.6279827586206951, 0.6745, 16.72294827586201, 27.468431034482624, 80.82370689655134, 0.30236206896552126, 1.651362068965521, 0.3953965517241313, 0.8140517241379149, 3.27946551724139, 0.2093275862068725, 2.023499999999961, 1.5583275862069113, 0.76753448275861, 1.651362068965521, 0.4419137931034362, 1.4187758620689574, 1.8374310344827411, 0.4884310344827412, 98.26767241379265, 1.3722586206896523, 42.028327586206714, 140.55184482758557, 1.5118103448276061, 0.30236206896552126, 0.6745, 0.76753448275861, 0.5814655172413513, 0.7675344827586487, 0.3953965517241313, 0.8140517241379149, 0.6279827586206562, 0.0232586206896525, 0.9536034482758687, 1.0001206896551738, 52.494706896551506, 0.9070862068965637, 0.16281034482760623, 52.68077586206872, 0.6279827586206562, 0.534948275862085, 1.2327068965516987, 0.4419137931034362, 0.5349482758620462, 0.25584482758621624, 89.4293965517237, 0.2093275862068725, 0.6745, 0.3953965517241313, 0.4419137931034362, 0.3488793103448263, 0.30236206896552126, 0.0232586206896525, 0.9536034482758687, 0.76753448275861, 0.7675344827586487, 1.1396724137930887, 0.8605689655172587, 1.9769827586206563, 0.4419137931034362, 0.16281034482760623, 0.6745, 1.5583275862069113, 0.3953965517241313, 0.8605689655172201, 0.9536034482758687, 20.76994827586197, 2.39563793103444, 0.58146551724139, 0.6279827586206562, 0.48843103448277997, 0.5814655172413513, 0.5814655172413513, 1.5583275862068724, 0.25584482758621624, 0.30236206896552126, 1.6978793103447873, 0.3953965517241313, 1.0001206896551738, 0.2093275862068725, 2.023499999999961, 0.3953965517241313, 1.2792241379310425, 0.3488793103448263, 0.0232586206896525, 1.976982758620695, 0.6745, 2.302603448275869, 0.3488793103448263, 1.4187758620689574, 0.76753448275861, 0.06977586206899625, 1.0001206896551738, 0.5814655172413513, 2.3956379310344786, 0.5349482758620462, 0.2093275862068725, 0.6745, 0.8140517241379149, 0.11629310344830124, 0.5814655172413513, 0.3488793103448263, 40.911913793103274, 138.92374137930972, 0.20932758620691125, 0.6279827586206951, 95.10449999999953, 1.6048448275862164, 60.728258620689374, 0.1628103448275675, 0.6279827586206951, 0.06977586206899625, 61.053879310344556, 0.3488793103448263, 0.3953965517241313, 1.0001206896551738, 0.0232586206896525, 0.2093275862068725, 0.7675344827586487, 98.31418965517196, 0.7675344827586487, 17.746327586206835, 815.284431034479, 817.1451206896513, 361.27615517241213, 142.69163793103382, 1.6048448275861775, 0.3953965517241313, 0.9536034482758687, 97.10474137930989, 0.16281034482760623, 0.25584482758621624, 0.48843103448277997, 0.0697758620689575, 60.82129310344799, 0.5349482758620462, 1.3257413793103476, 0.48843103448277997, 0.6279827586206562, 0.30236206896552126, 0.8605689655172201, 1.4187758620689574, 0.0232586206896525, 0.30236206896552126, 0.6745, 0.30236206896552126, 0.907086206896525, 1.2792241379310425, 0.0232586206896525, 1.2792241379310425, 0.8140517241379149, 0.11629310344830124, 2.2560862068965637, 0.48843103448277997, 1.0466379310344789, 0.2558448275861775, 0.3953965517241313, 9.745362068965482, 2.0235, 1.6978793103448262, 0.5814655172413513, 0.6745, 1.93046551724139, 98.7328448275858, 0.3953965517241313, 0.11629310344830124, 1.0931551724137836, 0.3488793103448263, 0.11629310344830124, 43.33081034482741, 45.79622413793085, 53.750672413792856, 99.33756896551675, 196.23298275861978, 0.20932758620691125, 0.06977586206899625, 0.0232586206896525, 0.2558448275861775, 2.070017241379305, 0.5349482758620462, 0.6745, 0.8605689655172587, 0.6745, 93.56943103448232, 106.87336206896502, 0.16281034482760623, 0.30236206896552126, 0.48843103448277997, 0.3488793103448263, 96.1278793103444, 189.86012068965428, 113.94398275862015, 0.4419137931034362, 0.58146551724139, 2.11653448275861, 0.5814655172413513, 1.1396724137930887, 0.0232586206896525, 0.30236206896552126, 0.8140517241379149, 0.0697758620689575, 2.2560862068965637, 1.7443965517241313, 0.8140517241379538, 0.3953965517241313, 1.2327068965516987, 0.441913793103475, 0.30236206896552126, 0.9536034482758687, 0.441913793103475, 0.30236206896552126, 0.441913793103475, 0.6279827586206951, 0.48843103448277997, 1.4187758620689574, 0.5349482758620462, 95.89529310344787, 1675.1091206896472, 1031.8687068965469, 1084.7588103448225, 0.8605689655172201, 0.58146551724139, 0.2093275862068725, 1.4187758620689574, 1.1396724137931276, 0.3953965517241313, 0.2558448275861775, 0.0697758620689575, 0.30236206896552126, 0.30236206896552126, 0.5814655172413513, 95.66270689655127, 5.698362068965521, 0.0697758620689575, 0.1162931034482625, 0.441913793103475, 0.0697758620689575, 0.9070862068965637, 54.774051724137685, 0.8140517241379149, 0.907086206896525, 0.0232586206896525, 0.441913793103475, 0.1162931034482625, 100.50049999999953, 0.58146551724139, 0.8605689655172587, 1.0001206896551738, 0.20932758620691125, 0.3953965517241313, 0.2093275862068725, 0.4419137931034362, 1.3722586206896523, 0.2093275862068725, 0.5814655172413513, 0.6279827586206951, 0.5814655172413513, 0.7210172413793049, 0.907086206896525, 0.16281034482760623, 59.937465517241115, 151.3903620689648, 0.441913793103475, 0.7210172413793049, 5.233189655172393, 125.1081206896546, 0.5349482758620462, 0.11629310344830124, 50.168844827585986, 0.5349482758620462, 1.0001206896551738, 2.163051724137915, 0.95360344827583, 0.7210172413793049, 0.3953965517241313, 1.3722586206896523, 1.0931551724137836, 0.3953965517241313, 0.7210172413793049, 1.7443965517241313, 0.4419137931034362, 2.7212586206896523, 1.2792241379310036, 1.6978793103447873, 0.11629310344830124, 0.30236206896552126, 0.5814655172413513, 0.11629310344830124, 0.0232586206896525, 0.30236206896552126, 0.1628103448275675, 0.2558448275861775, 1.0001206896551738, 0.5814655172413513, 0.25584482758621624, 0.441913793103475, 0.907086206896525, 1.2792241379310425, 1.2327068965516987, 0.6279827586206951, 1.5583275862069113, 0.7210172413793049, 0.534948275862085, 1.0001206896551738, 0.6279827586206951, 0.06977586206899625, 0.5349482758620462, 0.7210172413793049, 0.0697758620689575, 0.3953965517241313, 1.5118103448275675, 0.1628103448275675, 2.2560862068965637, 0.1162931034482625, 94.49977586206856, 146.27346551724068, 0.8605689655172587, 3.4190172413793047, 0.6279827586206562, 1.7443965517241313, 0.8605689655172201, 116.40939655172362, 0.8140517241379538, 0.5349482758620462, 0.95360344827583, 53.09943103448251, 0.0697758620689575, 1.4652931034482626, 0.7210172413793049, 0.11629310344830124, 2.070017241379305, 0.9536034482758687, 0.0697758620689575, 0.2558448275861775, 0.4884310344827412, 58.86756896551699, 0.06977586206899625, 0.9070862068965637, 0.7210172413793049, 0.16281034482760623, 52.95987931034459, 2.070017241379305, 0.7675344827586487, 0.76753448275861, 0.3488793103448263, 2.2095689655172586, 98.03508620689612, 193.72105172413706, 1.0466379310344789, 0.16281034482760623, 1.0931551724137836, 0.16281034482760623, 0.8605689655172587, 0.0232586206896525, 0.907086206896525, 0.441913793103475, 95.38360344827544, 0.25584482758621624, 0.2558448275861775, 0.1628103448275675, 0.2558448275861775, 95.05798275862023, 0.1628103448275675, 1.6978793103447873, 0.3488793103448263, 0.25584482758621624, 0.4884310344827412, 0.0232586206896525, 1.5118103448275675, 0.25584482758621624, 0.534948275862085, 0.8605689655172587, 0.7210172413793049, 0.5814655172413513, 0.4884310344827412, 0.20932758620691125, 1.7443965517241313, 1.4652931034482626, 0.30236206896552126, 50.07581034482737, 0.3953965517241313, 0.11629310344830124, 1.3722586206896523, 0.1162931034482625, 0.7210172413793049, 1.2327068965517374, 97.80249999999953, 1.7443965517241313, 0.11629310344830124, 96.91867241379265, 0.3488793103448263, 1.2792241379310036, 0.20932758620691125, 0.8605689655172201, 0.9070862068965637, 0.0697758620689575, 1.3722586206896523, 1.7909137931034362, 1.0931551724137836, 1.4652931034483012, 0.7675344827586487, 1.5118103448275675, 0.5814655172413513, 1.6978793103448262, 3.0468793103448264, 54.44843103448251, 0.9536034482758687, 2.3026034482758297, 1.0466379310344789, 1.4652931034482626, 0.3488793103448263, 46.819603448275636, 0.1162931034482625, 0.06977586206899625, 1.5583275862069113, 1.2792241379310036, 0.2558448275861775, 0.0232586206896525, 0.58146551724139, 1.0931551724137836, 0.58146551724139, 0.06977586206899625, 50.77356896551702, 1.0466379310344789, 0.3953965517241313, 0.25584482758621624, 0.0232586206896525, 0.2093275862068725, 0.6745, 0.4884310344827412, 0.58146551724139, 0.3488793103448263, 0.4884310344827412, 0.25584482758621624, 0.0697758620689575, 4.7680172413793045, 0.9070862068965637, 1.1396724137930887, 8.163775862068958, 1.5583275862068724, 0.30236206896552126, 0.6745, 1.1861896551723938, 1.5118103448275675, 0.3488793103448263, 0.06977586206899625, 0.8605689655172587, 96.77912068965475, 0.3488793103448263, 1.5583275862069113, 0.6279827586206951, 0.6279827586206951, 0.3488793103448263, 0.0697758620689575, 0.3953965517241313, 0.06977586206899625, 0.5814655172413513, 51.75043103448251, 1.2327068965516987, 0.534948275862085, 1.6048448275861775, 0.534948275862085, 1.4187758620689574, 0.30236206896552126, 0.30236206896552126, 0.95360344827583, 48.26163793103429, 0.6745, 1.4187758620689574, 1.1861896551723938, 3.0468793103448264, 0.4884310344827412, 1.0466379310344789, 0.76753448275861, 0.7210172413793049, 0.8140517241379538, 0.0232586206896525, 0.3488793103448263, 0.3488793103448263, 1.5583275862068724, 0.48843103448277997, 0.30236206896552126, 0.5814655172413513, 0.0232586206896525, 97.15125862068919, 89.19681034482717, 0.6279827586206951, 1.1396724137931276, 0.0232586206896525, 0.2093275862068725, 0.6279827586206562, 0.534948275862085, 0.5349482758620462, 0.30236206896552126, 0.30236206896552126, 0.441913793103475, 0.0232586206896525, 0.4419137931034362, 0.3488793103448263, 0.1162931034482625, 2.4421551724137838, 0.1162931034482625, 1.6048448275862164, 2.39563793103444, 1.9769827586206563, 53.19246551724115, 0.5814655172413513, 1.2327068965516987, 1.5118103448275675, 3.9307068965516985, 1.2327068965516987, 0.8605689655172587, 0.0232586206896525, 0.5349482758620462, 1.1396724137930887, 1.1861896551723938, 0.2558448275861775, 98.8723965517237, 0.4419137931034362, 1.2327068965517374, 0.907086206896525, 1.2792241379310036, 0.5349482758620462, 1.6513620689654827, 14.862258620689614, 1437.1269137930965, 0.30236206896552126, 1.6048448275861775, 0.25584482758621624, 1.0001206896551738, 1.8839482758620463, 1.4652931034483012, 0.3953965517241313, 1.1861896551723938, 0.534948275862085, 0.16281034482760623, 1.4652931034482626, 0.0232586206896525, 0.6279827586206951, 0.30236206896552126, 0.20932758620691125, 95.10449999999953, 2.070017241379305, 49.19198275862046, 1.5583275862068724, 1.0001206896551738, 0.76753448275861, 1.2792241379310036, 1.7443965517241313, 1.2327068965517374, 1.2792241379310036, 0.3953965517241313, 59.751396551723865, 0.11629310344830124, 0.06977586206899625, 1.0001206896551738, 1.0001206896551738, 0.30236206896552126, 1.4187758620689574, 1.5583275862068724, 1.4652931034482626, 0.3488793103448263, 116.54894827586155, 65.51953448275835, 0.7210172413793049, 1.5118103448276061, 0.5814655172413513, 0.1628103448275675, 0.2093275862068725, 2.0235, 0.4419137931034362, 0.0697758620689575, 0.06977586206899625, 0.25584482758621624, 0.534948275862085, 1.0466379310344789, 1.5583275862068724, 1.6048448275862164, 0.8605689655172201, 0.6745, 0.9070862068965637, 0.3488793103448263, 58.262844827585944, 0.30236206896552126, 0.3488793103448263, 1.0001206896551738, 0.1628103448275675, 1.6048448275861775, 0.0232586206896525, 97.98856896551675, 1.651362068965521, 0.8140517241379149, 0.3488793103448263, 46.633534482758414, 141.99387931034417, 2.2560862068965637, 1.0931551724137836, 0.58146551724139, 0.1628103448275675, 1.6978793103447873, 0.06977586206899625, 0.48843103448277997, 0.3953965517241313, 0.6279827586206562, 1.2792241379310036, 0.95360344827583, 0.1162931034482625, 1.1396724137930887, 0.6279827586206562, 0.0232586206896525, 0.3488793103448263, 0.534948275862085, 0.3488793103448263, 0.3488793103448263, 0.5814655172413513, 0.3953965517241313, 0.5814655172413513, 0.3953965517241313, 0.907086206896525, 0.3953965517241313, 0.4884310344827412, 51.37829310344803, 57.37901724137903, 151.01822413793033, 0.8140517241379149, 0.76753448275861, 0.6279827586206562, 1.0466379310344789, 0.11629310344830124, 0.1162931034482625, 0.4884310344827412, 2.8608103448275672, 0.0232586206896525, 0.30236206896552126, 0.20932758620691125, 0.0697758620689575, 0.4419137931034362, 52.448189655172165, 0.1162931034482625, 1.9769827586206563, 1.8374310344827411, 0.6323437500000044, 0.2950937500000044, 0.04215624999999561, 0.5901875000000087, 0.16862500000001757, 50.79828125000033, 3.667593750000039, 0.3794062499999956, 1.0539062499999956, 49.997312500000305, 0.46371875000002194, 0.5058749999999824, 1.2646875000000088, 0.8852812500000131, 0.46371874999998686, 0.25293750000000875, 1.559781250000013, 0.42156249999999124, 0.08431249999999121, 0.5901875000000087, 2.4450625000000263, 0.8852812500000131, 69.55781250000041, 0.2950937500000044, 0.5058750000000175, 0.08431249999999121, 0.5058749999999824, 0.3794062499999956, 0.6323437500000044, 0.8852812500000131, 48.18459375000029, 52.400218750000334, 0.5058749999999824, 1.138218750000022, 88.1908750000005, 0.08431249999999121, 0.46371875000002194, 0.33725, 48.774781250000295, 0.12646874999998683, 2.4450625000000263, 0.46371874999998686, 1.2646875000000088, 0.25293750000000875, 1.01175, 0.2950937500000044, 0.2950937500000044, 91.43690625000059, 134.0568750000008, 0.5480312500000132, 0.25293750000000875, 0.5480312500000132, 1.4754687500000219, 86.42031250000056, 1.349, 0.46371875000002194, 0.8852812500000131, 0.16862500000001757, 0.5058750000000175, 0.800968750000022, 0.21078125000001316, 0.42156249999999124, 1.2225312500000132, 0.5058749999999824, 0.5901875000000087, 0.16862499999998243, 0.7588124999999912, 0.12646875000002195, 0.5901875000000087, 0.46371874999998686, 0.25293750000000875, 0.9274375000000087, 1.3068437500000043, 0.5058750000000175, 1.1803750000000175, 0.12646875000002195, 1.1803750000000175, 88.14871875000051, 2.0235, 1.1803750000000175, 0.7588124999999912, 0.6745, 1.9391875000000087, 40.30137500000026, 0.04215624999999561, 0.33725, 0.6745, 0.25293750000000875, 88.10656250000052, 1.2646875000000088, 0.6323437500000044, 4.384250000000035, 0.08431249999999121, 0.9274375000000087, 1.2646875000000088, 0.25293750000000875, 86.2095312500005, 0.8431250000000176, 1.0539062499999956, 42.029781250000255, 2.149968750000022, 46.076781250000295, 0.6745, 0.5480312500000132, 0.7166562499999957, 0.9274375000000087, 0.7588124999999912, 0.2950937500000044, 0.6745, 0.5058750000000175, 1.096062499999991, 0.08431249999999121, 1.2225312500000132, 0.42156249999999124, 0.3794062499999956, 0.33725, 1.2646875000000088, 2.8666250000000177, 0.42156249999999124, 0.6745, 48.60615625000031, 84.18603125000051, 0.16862499999998243, 2.8666250000000177, 0.21078125000001316, 1.01175, 0.08431249999999121, 0.33725, 1.4333124999999913, 2.571531250000013, 2.1921250000000176, 0.5480312500000132, 0.21078125000001316, 1.7284062499999955, 0.9695937500000044, 0.3794062499999956, 0.3794062499999956, 1.096062499999991, 0.46371874999998686, 0.6745, 0.04215624999999561, 0.8431250000000176, 4.974437500000043, 94.38784375000057, 0.46371875000002194, 2.0235, 0.16862499999998243, 0.12646874999998683, 0.5480312500000132, 2.1921250000000176, 0.21078125000001316, 1.349, 2.8244687500000216, 0.42156249999999124, 47.046375000000296, 0.5901875000000087, 1.5176250000000175, 0.12646874999998683, 87.05265625000055, 1.4754687499999868, 2.1921250000000176, 0.6323437500000044, 0.2950937500000044, 1.349, 0.0, 0.5480312500000132, 0.6745, 0.16862500000001757, 1.6019375000000087, 89.87712500000055, 0.8009687499999868, 0.8431250000000176, 0.7588124999999912, 0.6323437500000044, 1.1803750000000175, 0.46371875000002194, 0.04215624999999561, 0.25293750000000875, 84.73406250000052, 131.1480937500008, 216.43018750000132, 0.5480312500000132, 0.2950937500000044, 0.9274375000000087, 0.21078125000001316, 0.8431250000000176, 0.0, 1.2646875000000088, 0.33725, 0.25293750000000875, 0.2950937500000044, 0.5480312500000132, 0.33725, 0.9695937500000044, 86.75756250000052, 0.42156249999999124, 0.6745, 1.7705624999999912, 0.2950937500000044, 0.16862499999998243, 0.7166562499999957, 1.7284062499999955, 0.5480312500000132, 0.0, 0.16862499999998243, 0.16862499999998243, 0.04215624999999561, 0.04215624999999561, 1.4754687499999868, 0.7166562499999957, 0.7166562499999957, 0.21078125000001316, 43.37878125000026, 93.03884375000057, 138.4832812500008, 12.941968750000092, 52.906093750000316, 1.1803750000000175, 0.42156249999999124, 0.5480312500000132, 0.33725, 81.61450000000049, 0.42156249999999124, 1.0539062499999956, 0.8431250000000176, 0.6745, 0.7588124999999912, 0.5058749999999824, 0.42156249999999124, 0.46371874999998686, 45.36012500000027, 0.8852812500000131, 2.360750000000035, 0.25293750000000875, 0.12646875000002195, 0.3794062499999956, 0.9695937500000044, 0.04215624999999561, 0.0, 0.12646874999998683, 0.5480312500000132, 1.3068437500000043, 47.97381250000031, 134.7313750000008, 1.812718750000022, 0.21078125000001316, 0.16862500000001757, 0.3794062499999956, 1.096062499999991, 1.9813437500000042, 0.5058749999999824, 45.99246875000027, 1.01175, 0.21078125000001316, 0.12646874999998683, 46.3718750000003, 0.5901875000000087, 0.16862499999998243, 0.42156249999999124, 1.4333125000000262, 0.12646875000002195, 0.7166562499999957, 0.08431249999999121, 0.12646874999998683, 0.5058750000000175, 0.42156249999999124, 0.5058749999999824, 0.12646874999998683, 85.49287500000051, 0.8431250000000176, 46.11893750000029, 90.17221875000058, 0.5901875000000087, 0.3794062499999956, 1.01175, 0.5901875000000087, 0.08431249999999121, 0.6323437500000044, 0.16862499999998243, 0.6323437500000044, 0.04215624999999561, 44.980718750000264, 0.9695937500000044, 0.5480312500000132, 0.21078125000001316, 1.1803750000000175, 0.3794062499999956, 0.8009687499999868, 51.30415625000031, 0.42156249999999124, 0.16862499999998243, 0.8431250000000176, 0.800968750000022, 0.08431249999999121, 0.7166562499999957, 1.4333124999999913, 0.42156249999999124, 0.16862499999998243, 0.6323437500000044, 0.5901875000000087, 0.12646875000002195, 0.08431249999999121, 0.46371875000002194, 0.04215624999999561, 87.05265625000055, 0.7166562499999957, 0.6323437500000044, 1.6440937500000044, 1.1803750000000175, 0.16862500000001757, 0.21078125000001316, 0.21078125000001316, 0.6745, 0.16862499999998243, 86.63109375000053, 1.559781250000013, 0.5901875000000087, 0.04215624999999561, 2.149968750000022, 0.6323437500000044, 42.70428125000026, 0.25293750000000875, 0.2950937500000044, 1.1803750000000175, 1.2225312500000132, 50.165937500000325, 53.622750000000316, 0.8852812500000131, 1.559781250000013, 0.12646874999998683, 0.5901875000000087, 0.12646875000002195, 0.8852812500000131, 1.0539062499999956, 0.6323437500000044, 0.12646875000002195, 1.0539062499999956, 0.16862500000001757, 1.812718750000022, 1.7284062499999955, 0.6323437500000044, 1.7284062500000308, 0.16862499999998243, 0.33725, 1.096062499999991, 1.4754687499999868, 0.9695937500000044, 0.7588124999999912, 0.12646875000002195, 1.3068437500000043, 87.05265625000055, 1.4333124999999913, 0.21078125000001316, 0.3794062499999956, 0.46371874999998686, 1.3068437500000043, 0.08431249999999121, 1.138218750000022, 0.6323437500000044, 0.0, 1.9391875000000087, 0.2950937500000044, 0.12646875000002195, 0.21078125000001316, 0.33725, 85.87228125000054, 0.16862500000001757, 87.51637500000051, 0.0, 0.8431250000000176, 0.3794062499999956, 0.8009687499999868, 1.2646875000000088, 0.5480312500000132, 0.42156249999999124, 0.7166562499999957, 0.5480312500000132, 0.33725, 50.67181250000031, 52.65315625000031, 0.6323437500000044, 0.5058749999999824, 0.8852812500000131, 0.3794062499999956, 1.1803750000000175, 1.6019375000000087, 1.4333125000000262, 0.8009687499999868, 2.950937500000009, 0.6323437500000044, 49.61790625000031, 1.0539062499999956, 0.0, 0.21078125000001316, 0.25293750000000875, 1.2225312500000132, 0.5058749999999824, 0.5058750000000175, 0.0, 0.8852812500000131, 1.9391875000000087, 0.12646875000002195, 0.21078125000001316, 89.37125000000053, 0.9274375000000087, 0.5058749999999824, 0.04215624999999561, 0.12646874999998683, 55.85703125000033, 0.6323437500000044, 0.6323437500000044, 0.7588125000000263, 53.58059375000032, 1.5176250000000175, 2.4872187500000216, 0.8009687499999868, 1.9391875000000087, 38.06709375000025, 0.2950937500000044, 1.096062499999991, 0.04215624999999561, 0.08431249999999121, 0.5480312500000132, 0.0, 0.12646874999998683, 1.5176250000000175, 0.16862499999998243, 0.3794062499999956, 0.6745, 1.6019375000000087, 1.0960625000000264, 0.12646875000002195, 0.04215624999999561, 0.2950937500000044, 0.8009687499999868, 0.21078125000001316, 0.5480312500000132, 0.7588125000000263, 1.3911562499999957, 1.8970312500000133, 0.5480312500000132, 1.0539062499999956, 1.812718750000022, 0.5058749999999824, 49.786531250000294, 0.800968750000022, 88.14871875000051, 6.787156250000031, 1.138218750000022, 0.7166562499999957, 1.096062499999991, 0.6323437500000044, 0.42156249999999124, 0.5058749999999824, 0.04215624999999561, 0.2950937500000044, 0.25293750000000875, 0.7166562499999957, 88.86537500000051, 0.5901875000000087, 85.02915625000048, 0.04215624999999561, 0.6323437500000044, 85.83012500000054, 1.5176250000000175, 0.42156249999999124, 0.42156249999999124, 1.2225312500000132, 0.5480312500000132, 1.0539062499999956, 1.2646875000000088, 0.04215624999999561, 0.04215624999999561, 0.9695937500000044, 0.5480312500000132, 0.6323437500000044, 0.12646875000002195, 0.8009687499999868, 0.8009687499999868, 0.04215624999999561, 0.9695937500000044, 1.0539062499999956, 0.04215624999999561, 1.7284062499999955, 0.08431249999999121, 15.091937500000078, 0.04215624999999561, 0.8431250000000176, 0.6745, 2.0235, 0.6323437500000044, 0.0, 0.42156249999999124, 1.2225312500000132, 1.5176250000000175, 0.3794062499999956, 2.1921250000000176, 1.2225312500000132, 0.9695937500000044, 0.5058749999999824, 52.48453125000033, 74.74303125000043, 0.6323437500000044, 2.0235, 1.3911562499999957, 0.6323437500000044, 0.8431250000000176, 0.7588125000000263, 3.03525, 0.3794062499999956, 1.1803750000000175, 0.5901875000000087, 1.0960625000000264, 1.0539062499999956, 0.6745, 0.5058750000000175, 1.1803750000000175, 0.9274375000000087, 0.12646874999998683, 87.09481250000054, 2.8666250000000177, 1.2646875000000088, 0.7588124999999912, 0.8852812500000131, 1.4754687499999868, 86.8840312500005, 0.0, 86.08306250000051, 0.2950937500000044, 0.2950937500000044, 0.5480312500000132, 41.18665625000024, 130.34712500000083, 0.16862500000001757, 3.2881875000000087, 0.7166562499999957, 0.3794062499999956, 47.17284375000028, 0.9274375000000087, 1.01175, 0.08431249999999121, 0.21078125000001316, 1.1803750000000175, 0.08431249999999121, 0.16862500000001757, 0.6745, 0.46371875000002194, 0.7166562499999957, 0.16862500000001757, 47.25715625000027, 0.8009687499999868, 0.33725, 0.16862500000001757, 0.33725, 0.08431249999999121, 0.8009687499999868, 0.33725, 5.269531250000048, 0.42156249999999124, 1.01175, 89.37125000000053, 13.405687500000079, 103.66221875000065, 0.8852812500000131, 47.594406250000276, 1.7705625000000262, 0.33725, 0.8431250000000176, 0.21078125000001316, 0.7166562499999957, 0.08431249999999121, 0.7166562499999957, 0.8852812500000131, 0.8431250000000176, 0.21078125000001316, 0.04215624999999561, 0.25293750000000875, 1.01175, 0.33725, 1.3911562499999957, 1.812718750000022, 0.33725, 53.58059375000032, 1.1803750000000175, 0.25293750000000875, 1.6019375000000087, 1.349, 0.42156249999999124, 0.6323437500000044, 46.41403125000029, 0.12646875000002195, 1.812718750000022, 0.16862499999998243, 0.800968750000022, 1.349, 0.42156249999999124, 1.3068437500000043, 7.630281250000048, 0.21078125000001316, 0.08431249999999121, 0.6323437500000044, 0.04215624999999561, 0.04215624999999561, 1.01175, 0.08431249999999121, 0.12646875000002195, 0.6745, 0.46371875000002194, 0.21078125000001316, 7.335187500000044, 1.8548750000000174, 0.8852812500000131, 1.3911562499999957, 0.5901875000000087, 1.3911562500000305, 0.16862499999998243, 1.349, 0.33725, 0.8009687499999868, 0.5058750000000175, 0.04215624999999561, 0.08431249999999121, 0.9274375000000087, 83.84878125000054, 0.7166562499999957, 0.04215624999999561, 0.16862499999998243, 0.8431250000000176, 0.5901875000000087, 0.33725, 0.42156249999999124, 0.42156249999999124, 1.3068437500000043, 3.2038750000000173, 0.3794062499999956, 0.12646874999998683, 0.16862500000001757, 0.16862499999998243, 0.6745, 48.690468750000306, 0.16862500000001757, 44.64346875000027, 1.349, 0.46371874999998686, 0.8852812500000131, 0.33725, 0.08431249999999121, 0.8431250000000176, 0.8852812500000131, 0.3794062499999956, 1.2646875000000088, 0.9695937500000044, 0.6323437500000044, 0.04215624999999561, 0.5901875000000087, 45.27581250000027, 0.04215624999999561, 0.12646875000002195, 1.559781250000013, 0.21078125000001316, 87.85362500000055, 0.12646874999998683, 0.04215624999999561, 1.1803750000000175, 0.21078125000001316, 0.0, 0.33725, 0.08431249999999121, 0.8431250000000176, 0.8852812500000131, 0.9695937500000044, 0.8009687499999868, 0.5901875000000087, 0.0, 0.21078125000001316, 0.5901875000000087, 0.9695937500000044, 57.50112500000037, 0.21078125000001316, 1.7705625000000262, 0.5058749999999824, 85.19778125000055, 0.08431249999999121, 0.2950937500000044, 2.0235, 0.5058749999999824, 0.9274375000000087, 2.698000000000035, 0.9695937500000044, 0.25293750000000875, 1.3068437500000043, 0.0, 11.508656250000065, 102.39753125000064, 107.32981250000063, 0.42156249999999124, 1.5176250000000175, 0.46371875000002194, 0.9695937500000044, 0.08431249999999121, 0.5480312500000132, 0.42156249999999124, 2.149968750000022, 0.3794062499999956, 0.21078125000001316, 0.9274375000000087, 0.5901875000000087, 0.9274375000000087, 0.04215624999999561, 46.54050000000028, 0.8431250000000176, 0.3794062499999956, 0.12646875000002195, 0.42156249999999124, 81.95175000000052, 0.8431250000000176, 0.6323437500000044, 86.04090625000052, 174.90628125000103, 101.63871875000065, 4.215625000000018, 0.08431249999999121, 0.46371875000002194, 1.096062499999991, 1.1382187499999867, 0.5058749999999824, 0.2950937500000044, 0.12646874999998683, 1.7284062499999955, 0.8852812500000131, 1.559781250000013, 0.6323437500000044, 142797.97343750083, 0.5058749999999824, 0.6745, 0.3794062499999956, 0.5480312500000132, 0.16862500000001757, 14.8811562500001, 0.6745, 0.5480312500000132, 0.5480312500000132, 0.7166562499999957, 1.6019375000000087, 18.253656250000102, 0.12646875000002195, 1.1803750000000175, 0.12646875000002195, 0.8852812500000131, 0.2950937500000044, 16.314468750000092, 0.12646874999998683, 0.8431250000000176, 1.2225312500000132, 1.096062499999991, 0.7166562499999957, 0.46371874999998686, 0.08431249999999121, 0.04215624999999561, 0.21078125000001316, 1.01175, 0.46371874999998686, 0.2950937500000044, 0.21078125000001316, 0.12646874999998683, 1.3068437500000043, 0.0, 0.8009687499999868, 0.3794062499999956, 1.559781250000013, 0.2950937500000044, 0.5480312500000132, 0.3794062499999956, 1.1803750000000175, 0.9695937500000044, 0.5058749999999824, 1.9391875000000087, 0.21078125000001316, 0.2950937500000044, 0.21078125000001316, 0.42156249999999124, 0.46371875000002194, 0.5058750000000175, 0.12646875000002195, 0.5480312500000132, 1.01175, 0.9274375000000087, 0.16862499999998243, 0.25293750000000875, 0.800968750000022, 0.42156249999999124, 0.5058749999999824, 0.3794062499999956, 0.46371875000002194, 0.2950937500000044, 0.8009687499999868, 1.096062499999991, 1.2646875000000088, 88.65459375000053, 919.3435000000055, 833.5555312500051, 384.88656250000236, 328.144250000002, 1.7705625000000262, 0.5058750000000175, 0.04215624999999561, 0.8009687499999868, 0.2950937500000044, 0.04215624999999561, 0.2950937500000044, 34.8210625000002, 1.0960625000000264, 4.215625000000018, 0.8431250000000176, 0.25293750000000875, 0.5058750000000175, 1.1803750000000175, 0.12646875000002195, 0.7166562499999957, 0.04215624999999561, 1.2646875000000088, 89.53987500000058, 53.28550000000032, 0.08431249999999121, 0.8431250000000176, 0.9274375000000087, 1.0539062499999956, 0.7166562499999957, 0.25293750000000875, 0.6323437500000044, 1.3068437500000043, 0.5480312500000132, 0.04215624999999561, 0.800968750000022, 0.46371874999998686, 87.13696875000055, 15.471343750000107, 0.2950937500000044, 1.1382187499999867, 0.5901875000000087, 1.6440937500000044, 1.7284062499999955, 1.7284062500000308, 0.04215624999999561, 0.16862499999998243, 0.04215624999999561, 0.16862500000001757, 1.2646875000000088, 0.6323437500000044, 0.5058749999999824, 0.6323437500000044, 2.149968750000022, 0.6745, 0.6745, 0.08431249999999121, 2.908781250000013, 1.6862499999999998, 42.61996875000027, 27546.074125000167, 27628.86900000017, 27599.99196875017, 26207.90828125016, 0.9695937500000044, 0.33725, 86.08306250000051, 0.5480312500000132, 0.8009687499999868, 52.400218750000334, 0.16862499999998243, 0.8009687499999868, 1.5176250000000175, 0.21078125000001316, 0.2950937500000044, 0.3794062499999956, 48.521843750000286, 1.4333124999999913, 50.208093750000316, 0.46371875000002194, 89.24478125000053, 176.80331250000103, 229.24568750000142, 0.8009687499999868, 0.6745, 0.8431250000000176, 1.5176250000000175, 0.8009687499999868, 0.6323437500000044, 0.33725, 0.42156249999999124, 0.46371875000002194, 0.5901875000000087, 1.3911562499999957, 1.5176250000000175, 0.33725, 88.52812500000054, 0.08431249999999121, 0.12646875000002195, 0.2950937500000044, 0.21078125000001316, 0.6745, 0.9274375000000087, 0.25293750000000875, 0.5480312500000132, 1.01175, 0.25293750000000875, 0.9274375000000087, 1.3068437500000043, 1.3068437500000043, 48.774781250000295, 92.36434375000056, 154.92421875000093, 195.14128125000119, 280.5076875000017, 0.42156249999999124, 1.2646875000000088, 0.12646874999998683, 0.5901875000000087, 1.3068437500000043, 0.04215624999999561, 1.096062499999991, 0.08431249999999121, 1.6862499999999998, 0.8852812500000131, 2.2764375000000086, 0.5058749999999824, 0.25293750000000875, 2.4450625000000263, 0.8431250000000176, 0.42156249999999124, 1.2225312500000132, 2.2342812500000133, 0.04215624999999561, 0.6323437500000044, 0.21078125000001316, 1.2225312500000132, 0.7166562499999957, 0.04215624999999561, 0.21078125000001316, 87.26343750000053, 0.5480312500000132, 0.3794062499999956, 87.01050000000056, 0.5058749999999824, 1.1803750000000175, 0.42156249999999124, 0.9695937500000044, 0.7588124999999912, 0.08431249999999121, 0.08431249999999121, 0.6323437500000044, 0.8009687499999868, 0.04215624999999561, 0.2950937500000044, 0.16862499999998243, 0.08431249999999121, 0.6323437500000044, 0.42156249999999124, 1.0960625000000264, 0.8852812500000131, 0.3794062499999956, 86.42031250000056, 0.08431249999999121, 0.0, 0.42156249999999124, 0.04215624999999561, 0.46371875000002194, 0.12646874999998683, 87.4742187500005, 147.79981250000088, 0.6323437500000044, 0.5901875000000087, 0.5480312500000132, 1.3068437500000043, 0.16862500000001757, 0.7166562499999957, 0.9274375000000087, 0.6745, 0.2950937500000044, 1.6440937500000044, 0.04215624999999561, 1.3911562499999957, 0.5480312500000132, 52.147281250000326, 0.0, 0.5901875000000087, 0.33725, 1.7705624999999912, 1.0539062499999956, 0.5480312500000132, 1.8548750000000174, 0.8431250000000176, 0.6745, 0.08431249999999121, 0.42156249999999124, 0.5058749999999824, 0.5901875000000087, 2.1921250000000176, 1.349, 1.2225312500000132, 0.33725, 0.6745, 2.5293750000000177, 0.21078125000001316, 85.32425000000052, 0.12646875000002195, 0.46371874999998686, 1.0960625000000264, 1.6862499999999998, 1.6440937500000044, 0.25293750000000875, 0.16862499999998243, 0.9274375000000087, 2.107812499999991, 1.7705624999999912, 0.08431249999999121, 0.6323437500000044, 1.2225312500000132, 0.9274375000000087, 0.3794062499999956, 1.6019375000000087, 0.12646874999998683, 1.6862499999999998, 1.6862499999999998, 0.33725, 1.349, 0.5480312500000132, 4.00484375000004, 0.5901875000000087, 0.33725, 1.3911562499999957, 0.8431250000000176, 0.9274375000000087, 0.25293750000000875, 0.2950937500000044, 0.9274375000000087, 41.776843750000246, 84.01740625000052, 133.55100000000084, 0.9695937500000044, 1.1382187499999867, 1.349, 0.08431249999999121, 1.4333125000000262, 1.2225312500000132, 0.5480312500000132, 13.74293750000008, 33.34559375000022, 0.8852812500000131, 0.6323437500000044, 0.9274375000000087, 0.7588125000000263, 0.3794062499999956, 2.4872187500000216, 0.6745, 0.5058749999999824, 0.42156249999999124, 0.5901875000000087, 13.15275000000007, 0.9274375000000087, 0.5480312500000132, 1.349, 0.5480312500000132, 0.12646875000002195, 2.8666250000000177, 1.1803750000000175, 1.9813437500000042, 0.25293750000000875, 1.2646875000000088, 1.3911562500000305, 0.2950937500000044, 41.903312500000276, 0.0, 1.5176250000000175, 52.56884375000032, 0.9274375000000087, 0.9695937500000044, 0.25293750000000875, 0.04215624999999561, 1.8548750000000174, 0.3794062499999956, 1.812718750000022, 1.2225312500000132, 0.25293750000000875, 0.12646875000002195, 45.57090625000028, 0.3794062499999956, 0.33725, 0.12646875000002195, 0.5058749999999824, 0.0, 0.21078125000001316, 0.6323437500000044, 0.2950937500000044, 2.1921250000000176, 0.5058749999999824, 1.3068437500000043, 0.9274375000000087, 0.33725, 0.0, 87.85362500000055, 0.5901875000000087, 0.12646875000002195, 0.5480312500000132, 0.25293750000000875, 0.8009687499999868, 0.12646874999998683, 0.08431249999999121, 0.8852812500000131, 1.559781250000013, 85.32425000000052, 0.04215624999999561, 0.5058750000000175, 1.0539062499999956, 0.2950937500000044, 1.01175, 0.5901875000000087, 4.00484375000004, 0.6323437500000044, 0.7588125000000263, 0.6323437500000044, 0.25293750000000875, 0.08431249999999121, 2.4029062500000307, 0.5058749999999824, 0.2950937500000044, 0.46371874999998686, 0.5901875000000087, 45.73953125000029, 130.8108437500008, 0.16862499999998243, 0.6745, 0.5480312500000132, 0.25293750000000875, 2.36075, 2.3185937500000047, 49.3228125000003, 0.2950937500000044, 0.3794062499999956, 0.5480312500000132, 0.08431249999999121, 1.1382187499999867, 1.8970312500000133, 1.1382187499999867, 0.04215624999999561, 0.7588124999999912, 1.1382187499999867, 0.7166562499999957, 0.16862499999998243, 0.42156249999999124, 0.33725, 1.0539062499999956, 0.2950937500000044, 0.5058750000000175, 0.2950937500000044, 0.12646874999998683, 0.5901875000000087, 0.5480312500000132, 50.84043750000032, 0.8009687499999868, 0.5901875000000087, 1.4333124999999913, 0.42156249999999124, 0.21078125000001316, 2.0656562499999955, 0.5480312500000132, 87.34775000000053, 0.800968750000022, 0.0, 0.5058749999999824, 0.12646874999998683, 0.46371874999998686, 0.04215624999999561, 0.46371875000002194, 0.12646874999998683, 87.09481250000054, 139.95875000000086, 15.344875000000087, 0.9274375000000087, 0.08431249999999121, 0.0, 0.21078125000001316, 86.2095312500005, 1.0539062499999956, 44.55915625000028, 0.21078125000001316, 0.7166562499999957, 0.8009687499999868, 0.3794062499999956, 51.89434375000032, 1.7284062500000308, 2.571531250000013, 0.5058750000000175, 0.12646875000002195, 1.0539062499999956, 0.9695937500000044, 0.2950937500000044, 87.09481250000054, 0.6745, 0.3794062499999956, 86.37815625000054, 0.8852812500000131, 0.7588125000000263, 0.0, 39.41609375000025, 83.00565625000048, 0.3794062499999956, 0.0, 0.9695937500000044, 5.01659375000004, 1.4754687499999868, 0.3794062499999956, 1.2225312500000132, 0.16862499999998243, 1.1803750000000175, 48.943406250000315, 0.04215624999999561, 0.0, 0.42156249999999124, 0.7166562499999957, 1.2225312500000132, 0.5480312500000132, 0.9695937500000044, 0.46371874999998686, 1.812718750000022, 45.27581250000027, 2.950937500000009, 4.805812500000026, 0.25293750000000875, 0.12646875000002195, 1.4754687499999868, 0.12646875000002195, 0.2950937500000044, 1.0960625000000264, 1.096062499999991, 0.04215624999999561, 0.42156249999999124, 0.21078125000001316, 0.9274375000000087, 0.8009687499999868, 1.5176250000000175, 0.5901875000000087, 0.3794062499999956, 0.7166562499999957, 0.3794062499999956, 0.8009687499999868, 30.984843750000177, 0.33725, 0.5058749999999824, 0.6745, 1.01175, 0.5480312500000132, 0.25293750000000875, 12.225312500000062, 1.4333124999999913, 0.16862499999998243, 0.25293750000000875, 0.04215624999999561, 0.16862499999998243, 0.08431249999999121, 0.12646875000002195, 0.16862499999998243, 0.12646875000002195, 0.2950937500000044, 0.0, 1.7705624999999912, 1.096062499999991, 1.2225312500000132, 86.58893750000053, 51.683562500000306, 1.2225312500000132, 0.8852812500000131, 0.21078125000001316, 38.32003125000023, 126.72168750000077, 141.43421875000087, 1.4333124999999913, 1.2646875000000088, 1.0539062499999956, 2.0656562499999955, 0.25293750000000875, 0.8009687499999868, 1.2225312500000132, 0.33725, 0.3794062499999956, 1.01175, 0.6323437500000044, 0.7588124999999912, 0.08431249999999121, 14.290968750000092, 101.51225000000059, 0.7588125000000263, 1.349, 0.800968750000022, 0.8852812500000131, 1.138218750000022, 0.2950937500000044, 0.33725, 0.6323437500000044, 0.8852812500000131, 0.21078125000001316, 0.16862499999998243, 0.9695937500000044, 87.43206250000051, 0.2950937500000044, 1.4333125000000262, 0.5901875000000087, 0.6323437500000044, 0.8431250000000176, 88.27518750000057, 2.1921250000000176, 88.1908750000005, 0.8009687499999868, 0.8431250000000176, 0.7588124999999912, 0.5480312500000132, 1.096062499999991, 0.5901875000000087, 0.5901875000000087, 0.46371874999998686, 46.79343750000029, 0.5058749999999824, 0.21078125000001316, 1.1382187499999867, 1.9391875000000087, 2.2342812500000133, 1.096062499999991, 1.7284062499999955, 0.12646875000002195, 0.08431249999999121, 0.04215624999999561, 0.9695937500000044, 0.8009687499999868, 0.6745, 0.2950937500000044, 0.8009687499999868, 0.16862500000001757, 0.12646874999998683, 1.3068437500000043, 85.74581250000055, 0.6323437500000044, 0.3794062499999956, 3.246031250000013, 0.25293750000000875, 0.8852812500000131, 0.6745, 45.02287500000026, 0.42156249999999124, 87.72715625000056, 2.4029062500000307, 46.6669687500003, 0.5480312500000132, 1.9391875000000087, 0.21078125000001316, 0.6323437500000044, 0.0, 0.6745, 90.29868750000057, 0.8431250000000176, 0.21078125000001316, 87.43206250000051, 0.12646874999998683, 0.8009687499999868, 88.31734375000056, 67.5764687500004, 1.5176250000000175, 2.0235, 0.7588124999999912, 6.787156250000031, 0.9274375000000087, 0.8431250000000176, 1.2646875000000088, 0.5480312500000132, 1.0539062499999956, 1.6440937500000044, 0.5480312500000132, 0.33725, 0.5480312500000132, 87.09481250000054, 0.5901875000000087, 0.8009687499999868, 47.76303125000029, 0.2950937500000044, 0.6323437500000044, 0.25293750000000875, 0.25293750000000875, 1.6862499999999998, 0.6745, 0.16862499999998243, 0.6323437500000044, 39.28962500000023, 48.0581250000003, 0.12646874999998683, 0.12646875000002195, 0.12646874999998683, 87.93793750000053, 2.4450625000000263, 0.16862499999998243, 44.685625000000265, 0.0, 0.8009687499999868, 2.4029062500000307, 0.9695937500000044, 0.5058750000000175, 0.2950937500000044, 0.33725, 0.7588124999999912, 0.8431250000000176, 88.14871875000051, 54.339406250000344, 0.5480312500000132, 2.0656562499999955, 0.25293750000000875, 0.7166562499999957, 3.2881875000000087, 1.0539062499999956, 0.04215624999999561, 0.25293750000000875, 0.04215624999999561, 1.2225312500000132, 0.46371874999998686, 0.46371874999998686, 0.33725, 0.33725, 0.21078125000001316, 0.5480312500000132, 1.8548750000000174, 83.17428125000053, 1.2225312500000132, 0.21078125000001316, 0.21078125000001316, 86.42031250000056, 0.33725, 51.009062500000304, 0.2950937500000044, 0.04215624999999561, 0.12646875000002195, 0.21078125000001316, 4.131312500000026, 0.46371874999998686, 1.2225312500000132, 0.08431249999999121, 0.12646874999998683, 0.08431249999999121, 88.57028125000055, 0.33725, 0.800968750000022, 4.299937500000044, 0.16862500000001757, 0.12646875000002195, 2.065656250000031, 0.6323437500000044, 0.5901875000000087, 0.16862499999998243, 0.3794062499999956, 0.7166562499999957, 1.1382187499999867, 0.6323437500000044, 0.42156249999999124, 0.5480312500000132, 0.42156249999999124, 86.54678125000054, 0.2950937500000044, 0.7166562499999957, 1.096062499999991, 0.5480312500000132, 81.15078125000046, 169.88968750000106, 0.800968750000022, 1.349, 0.42156249999999124, 1.138218750000022, 83.89093750000053, 0.2950937500000044, 0.6323437500000044, 0.5058749999999824, 42.91506250000027, 0.25293750000000875, 0.42156249999999124, 0.5901875000000087, 0.5901875000000087, 1.01175, 87.93793750000053, 1.7705624999999912, 1.7284062499999955, 0.21078125000001316, 0.12646875000002195, 2.4029062499999956, 41.56606250000027, 0.8852812500000131, 0.8009687499999868, 42.78859375000025, 88.99184375000056]",94.2316196793082,0.6745,2538.6539521697614,0.0,142797.97343750083,3654.0,5.0,3.0,1.0
