Cluster,Dist,mean,median,std,min,max,bag_count,day_count,Cluster_Rank,Cluster_perc
0,"[1.0764438138479007, 0.2694937570942109, 0.35064812712826315, 0.6844528944381387, 0.37055391600454046, 0.6882809307604991, 0.37974120317820703, 0.6882809307604991, 1.4822156640181618, 1.4883405221339399, 0.3514137343927352, 0.05742054483541438, 0.6614846765039729, 0.30547729852440375, 0.36978830874006835, 1.0672565266742342, 0.23197900113507386, 5.559839954597051, 6.216730987514193, 0.24422871736662882, 0.17532406356413158, 2.5732060158910337, 0.15924631101021605, 0.6905777525539168, 0.5856895573212266, 0.5305658342792287, 0.5512372304199781, 0.2434631101021567, 0.1638399545970487, 0.29475879682179296, 0.3667258796821799, 0.056654937570942275, 0.23733825198637987, 0.16996481271282682, 0.17991770715096547, 1.5028870601589113, 0.6209074914869473, 0.6078921679909204, 1.0902247446084, 0.33916401816118025, 1.0573036322360956, 0.99222701475596, 0.7005306469920541, 0.550471623155506, 0.19905788876276945, 0.386631668558456, 0.9064790011350738, 1.030507377979569, 0.26413450624290613, 0.34222644721907, 1.1017088535754826, 0.5405187287173673, 0.14852780930760529, 0.2067139614074918, 0.6744999999999999, 0.35447616345062494, 0.4739108967082864, 0.5565964812712828, 1.0511787741203185, 0.9478217934165728, 1.9821572077185023, 0.15771509648127183, 1.4515913734392738, 1.0718501702610679, 0.16460556186152078, 0.6936401816118052, 0.2993524404086269, 0.654594211123724, 1.0894591373439277, 0.30547729852440375, 0.5313314415437007, 0.5780334846765044, 0.686749716231555, 0.15541827468785424, 1.6514148694665165, 0.13015323496027217, 0.8605425652667423, 0.7770913734392738, 1.0274449489216806, 0.9539466515323496, 0.36442905788876234, 0.1508246311010216, 1.0902247446084, 0.6568910329171402, 0.5902832009080593, 0.9539466515323496, 1.0672565266742342, 0.6859841089670828, 0.008421679909194449, 0.06431101021566461, 0.3269143019296253, 0.6515317820658343, 0.21590124858115833, 0.7564199772985243, 0.8743234960272428, 0.7594824063564141, 0.3774443813847907, 1.2356901248581167, 2.1038887627695813, 0.3223206583427926, 1.1124273552780937, 0.8536520998864934, 0.7801538024971622, 0.7311549375709423, 0.22968217934165752, 0.9661963677639045, 0.9830397275822934, 0.3881628830874015, 0.21819807037457464, 1.078740635641317, 0.8169029511918284, 1.5848070374574357, 2.073264472190693, 0.10948183881952274, 0.09416969353007933, 0.6821560726447223, 0.8498240635641316, 0.049764472190692036, 0.23963507377979618, 1.0006486946651532, 0.9363376844494898, 0.6813904653802503, 0.09570090805902355, 1.1828632236095349, 1.1124273552780937, 0.2541816118047675, 6.062843927355281, 0.3927565266742341, 0.7449358683314414, 6.575800794551649, 0.0053592508513047475, 0.07809194097616382, 1.6399307604994335, 0.6806248581157781, 0.3269143019296253, 0.9570090805902393, 0.2128388195232686, 0.14546538024971686, 0.23963507377979618, 0.045170828603859396, 0.0734982973893299, 4.368555051078323, 0.0911072644721909, 0.374381952326901, 0.6882809307604991, 0.6829216799091944, 1.6391651532349616, 0.6163138479001136, 0.7870442678774124, 0.3896940976163457, 1.116255391600454, 0.9761492622020431, 0.6982338251986377, 0.34146083995459653, 2.2761503972758246, 0.14623098751418898, 0.28021225879682166, 0.35447616345062494, 0.9340408626560736, 1.316844494892169, 1.2410493757094214, 1.3750306469920555, 1.2456430192962553, 0.09723212258796776, 0.1064194097616343, 0.15388706015891004, 0.7104835414301929, 1.012132803632236, 1.0848654937570952, 0.06890465380249726, 1.096349602724178, 0.5826271282633371, 0.742639046538025, 0.19829228149829733, 0.5703774120317819, 0.7556543700340522, 0.0038280363223605336, 0.0, 0.074263904653802, 1.09711520998865, 0.11024744608399613, 0.7594824063564141, 0.9332752553916014, 1.6429931895573222, 1.0527099886492628, 0.9508842224744611, 0.6944057888762774, 0.00229682179341632, 0.6614846765039729, 0.5979392735527818, 0.3713195232690125, 0.37055391600454046, 0.104122587968218, 0.7479982973893311, 0.24575993189557305, 0.8674330306469925, 0.7809194097616342, 0.6576566401816124, 0.5803303064699207, 6.256542565266745, 1.1859256526674233, 1.1170209988649276, 1.0779750283768448, 0.607126560726447, 1.104771282633371, 0.2534160045402954, 0.35294494892167944, 0.8896356413166863, 0.7533575482406359, 0.8521208853575492, 0.20135471055618576, 0.391990919409762, 0.3835692395005676, 1.0894591373439277, 0.009952894438138663, 0.575736662883088, 0.7357485811577762, 0.5650181611804772, 0.3452888762769584, 0.4624267877412035, 1.1055368898978433, 1.0687877412031783, 0.5742054483541439, 0.0765607264472196, 1.6606021566401816, 0.9210255391600464, 0.5780334846765044, 1.0978808172531223, 0.36978830874006835, 6.201418842224748, 1.0856311010215671, 0.3682570942111241, 1.3076572077185025, 1.064959704880818, 0.4080686719636775, 0.0911072644721909, 0.35524177071509705, 0.3575385925085134, 0.23197900113507386, 0.15924631101021605, 0.9409313280363224, 0.35447616345062494, 0.8789171396140754, 0.7962315550510789, 0.9217911464245185, 0.03598354143019284, 0.3606010215664018, 0.8881044267877419, 0.8291526674233833, 0.5428155505107836, 0.7066555051078323, 0.10106015891032956, 1.0029455164585708, 0.30318047673098747, 0.5075976163450628, 0.386631668558456, 0.8651362088535763, 0.13627809307605032, 0.21590124858115833, 0.5229097616345063, 0.8980573212258807, 0.7089523269012487, 0.612485811577753, 0.6767968217934163, 1.3076572077185025, 1.2372213393870608, 0.21896367763904676, 1.0825686719636776, 0.2564784335981838, 0.17838649262202, 1.09711520998865, 0.07196708286038568, 0.9929926220204321, 1.0756782065834285, 0.937868898978434, 0.39658456299659467, 0.29705561861521057, 1.066490919409762, 1.5840414301929637, 0.34069523269012447, 0.2817434733257659, 0.36596027241770784, 0.36596027241770784, 0.06737343927355303, 0.049764472190692036, 0.6798592508513059, 1.0948183881952338, 0.3736163450624289, 0.662250283768445, 0.5826271282633371, 4.700062996594781, 0.3138989784335982, 0.3514137343927352, 1.084099886492623, 1.0427570942111242, 0.15541827468785424, 0.17302724177071524, 1.0871623155505115, 0.7066555051078323, 0.3720851305334847, 0.5474091940976162, 1.7953490351872878, 1.103240068104427, 0.41725595913734403, 0.5795646992054485, 1.0925215664018162, 0.6783280363223618, 0.9485874006810449, 0.37591316685584525, 0.391990919409762, 0.655359818388196, 5.7765068104426796, 0.6760312145289442, 0.38050681044267914, 1.6353371169125996, 0.08574801362088488, 1.0940527809307603, 0.1309188422247443, 0.23121339387060175, 0.16001191827468816, 0.0911072644721909, 0.3452888762769584, 0.18068331441543758, 7.241879114642456, 0.7640760499432467, 1.1017088535754826, 0.704358683314416, 0.5833927355278091, 1.0588348467650397, 1.078740635641317, 0.6813904653802503, 0.6829216799091944, 0.17073041997729893, 1.0159608399545978, 0.16843359818388262, 4.962666288308742, 0.14240295119182714, 0.38203802497162337, 0.26107207718501774, 0.8613081725312144, 24.20773609534621, 0.6744999999999999, 0.8398711691259941, 1.0879279228149834, 0.6714375709421115, 0.017608967082861006, 0.3728507377979568, 0.6645471055618614, 0.6982338251986377, 6.580394438138481, 0.15159023836549373, 0.45706753688989743, 0.47314528944381423, 0.3950533484676504, 0.15848070374574394, 0.38433484676503965, 1.0932871736662881, 1.0488819523269024, 0.9340408626560736, 0.912603859250852, 0.9302128263337117, 6.210606129398413, 1.239518161180477, 5.706070942111238, 0.13245005675368848, 1.115489784335982, 1.0136640181611816, 1.107068104426789, 0.2848059023836556, 0.3575385925085134, 0.8689642451759367, 1.07261577752554, 1.280860953461976, 0.36519466515323573, 0.29858683314415474, 0.3812724177071512, 0.3782099886492628, 0.29475879682179296, 0.21360442678774072, 1.0159608399545978, 1.091755959137344, 0.9485874006810449, 0.0727326901248578, 0.8643706015891041, 0.7939347332576627, 0.38433484676503965, 0.8498240635641316, 0.20518274687854754, 1.1629574347332576, 0.6055953461975027, 1.2555959137343928, 0.9883989784335981, 0.6974682179341657, 0.9929926220204321, 1.1507077185017027, 4.983337684449491, 1.0695533484676503, 0.15465266742338213, 0.778622587968218, 6.604128263337119, 5.81095913734393, 1.1024744608399548, 1.4722627695800232, 3.92067480136209, 0.662250283768445, 0.5910488081725314, 0.6760312145289442, 1.5404018161180484, 0.3973501702610667, 0.3782099886492628, 0.01837457434733311, 0.8153717366628829, 0.5872207718501709, 1.6269154370034067, 1.0703189557321224, 0.6959370034052216, 0.692108967082861, 1.4002956867196377, 0.5902832009080593, 0.14010612939841083, 0.6614846765039729, 0.5856895573212266, 0.07043586833144147, 0.3613666288308739, 0.5910488081725314, 0.9937582292849042, 1.066490919409762, 1.6383995459704894, 1.078740635641317, 4.766670828603862, 0.62550113507378, 1.5756197502837692, 0.7020618615209997, 1.0807985516787373, 1.0630368663594474, 0.07371099407505016, 0.20514746543778772, 0.07193482554311999, 0.18827386438446353, 0.4085187623436482, 0.5879117840684668, 0.6021211323238979, 2.6473791968400278, 0.9911020408163272, 0.1962666227781442, 0.6243232389730096, 0.6065615536537197, 1.040834759710337, 6.436834759710339, 0.5568288347597113, 0.8934127715602381, 0.8632179065174457, 0.41917577353522045, 1.060372613561554, 0.5639335088874262, 0.13676497695852513, 0.22024489795918317, 0.10390585911784112, 0.11278670177748465, 0.8969651086240956, 1.073693877551021, 0.3809881500987488, 0.8383515470704423, 0.41917577353522045, 0.5532764976958525, 0.0825918367346937, 0.20781171823568223, 0.1776168531928898, 0.21491639236339707, 0.4138472679394343, 0.20514746543778772, 0.4697965766951944, 0.21314022383146838, 0.09591310072416047, 0.583471362738645, 0.19893087557603722, 0.8800915075707714, 0.4085187623436482, 0.12166754443712965, 0.021314022383147425, 0.15630283080974386, 6.872884134298883, 0.406742593811718, 0.39697366688610863, 0.6092258064516126, 0.5665977616853193, 0.4138472679394343, 0.4324970375246872, 0.5674858459512836, 0.5550526662277813, 1.0337300855826206, 0.3987498354180389, 0.40052600394996757, 0.5284101382488476, 0.2708657011191572, 0.5408433179723501, 0.2015951283739303, 0.30905332455562884, 2.89337853851218, 0.8028281764318638, 0.7681928900592495, 0.6616227781435153, 1.040834759710337, 0.10124160631994658, 0.8259183673469384, 0.6918176431863063, 0.8800915075707699, 0.8800915075707714, 0.4138472679394343, 0.5967926267281117, 0.6056734693877552, 0.424504279131008, 0.9156148782093484, 0.6003449637919691, 1.0248492429229756, 1.520400263331139, 1.046163265306123, 0.2619848584595122, 0.08525608953258676, 0.2477755102040826, 0.11989137590520096, 0.09946543778801788, 0.8934127715602367, 0.6784963791968396, 0.10745819618169854, 2.759277814351548, 0.11811520737327225, 1.3925161290322592, 1.0932317314022382, 0.9529144173798557, 1.6385154707044116, 5.315184331797237, 1.020408821593154, 1.071029624753128, 0.9298242264647795, 0.5674858459512836, 0.1394292297564182, 0.95380250164582, 0.7824022383146806, 1.2894983541803824, 1.085238973008559, 1.5799019091507585, 1.4289275839368007, 1.427151415404872, 1.2894983541803824, 0.09591310072416047, 0.15097432521395626, 1.5843423304805802, 1.3925161290322592, 0.6030092165898622, 0.46624423963133704, 0.8818676761027, 1.5212883475971037, 0.8463443054641215, 0.7104674127715607, 0.5586050032916401, 6.96790915075708, 1.0381705069124425, 0.6438610928242269, 0.900517445687953, 0.5621573403554976, 0.42805661619486546, 0.4271685319289011, 1.11543383805135, 1.2992672811059918, 5.052311389071761, 1.5550355497037536, 0.18560961158657047, 0.10568202764976983, 0.22290915075707773, 1.4422488479262674, 1.1021125740618831, 0.34280052666227717, 0.19271428571428528, 0.6758321263989466, 0.9022936142198816, 0.18560961158657047, 0.28507504937458833, 1.0390585911784067, 1.592335088874261, 0.571038183015141, 0.40851876234364676, 0.29129163923634027, 0.14031731402238254, 0.15896708360763692, 1.0426109282422658, 0.41029493087557545, 0.2531040157998687, 0.12433179723502273, 0.5577169190256742, 0.42184002633311346, 0.8454562211981572, 0.699810401579987, 0.1776168531928898, 0.06305398288347645, 0.19804279131007288, 0.4094068466096126, 1.4902053982883483, 0.13676497695852513, 0.2531040157998687, 0.11989137590520096, 1.6802554312047406, 0.8552251481237666, 1.5870065832784732, 0.37654772876892706, 0.5221935483870972, 0.900517445687953, 0.6696155365371961, 1.0719177090190923, 0.16251942067149433, 1.5390500329163936, 1.6491724818959852, 1.0479394338380519, 0.20692363396971641, 0.10834628044766288, 0.8818676761027, 7.419944042132987, 0.11278670177748465, 0.41917577353522045, 6.873772218564847, 0.5914641211323242, 1.0550441079657682, 0.09946543778801788, 0.7779618169848589, 0.6642870309414084, 1.0328420013166564, 0.8934127715602367, 1.695352863726136, 0.024866359447004837, 1.6589414088215946, 1.6545009874917713, 0.9022936142198816, 0.5301863067807764, 0.39963791968400314, 0.658070441079658, 1.0497156023699805, 1.7024575378538525, 1.551483212639896, 0.44493021724818965, 0.6571823568136936, 1.6225299539170517, 1.6553890717577358, 0.47512508229098055, 0.6101138907175785, 2.1056477946017127, 0.3046129032258071, 0.11900329163923659, 0.39342132982225125, 0.42184002633311346, 1.02573732718894, 0.1394292297564182, 1.0221849901250826, 0.6518538512179061, 0.47778933508887517, 0.930712310730744, 1.0568202764976968, 1.037282422646478, 1.508855167873601, 0.6056734693877552, 1.7255477287689271, 0.11101053324555596, 0.8818676761027, 0.44759447004608266, 1.667822251481238, 0.6536300197498363, 1.5354976958525348, 1.0506036866359447, 0.2770822909809092, 1.011527978933509, 0.21136405529953967, 1.5159598420013176, 0.12344371296905836, 0.2682014483212642, 1.4289275839368007, 1.4191586570111927, 1.2868341013824893, 1.0728057932850568, 0.6323159973666889, 7.824022383146811, 1.2894983541803824, 1.6172014483212656, 1.4395845951283743, 0.19093811718235656, 0.577254772876893, 0.5781428571428573, 0.5665977616853193, 1.7024575378538525, 1.0452751810401588, 0.909398288347598, 1.67403884134299, 1.681143515470705, 0.5728143515470713, 0.09768926925608919, 0.8774272547728768, 0.044404213298222084, 0.19449045424621547, 0.4848940092165899, 0.023090190915076133, 0.0657182356813695, 1.6793673469387764, 1.5275049374588556, 0.912062541145491, 0.3214865042791313, 0.12344371296905836, 0.5213054641211329, 0.3925332455562869, 0.21402830809743273, 0.22290915075707773, 0.48222975641869686, 0.6092258064516126, 0.1429815668202771, 0.5914641211323242, 5.903096115865703, 0.13321263989466772, 0.36855497037524637, 1.0657011191573404, 1.69002435813035, 1.0692534562211993, 0.7140197498354182, 0.9777807768268605, 0.22912574061882818, 0.8898604344963793, 1.0506036866359447, 1.0124160631994732, 0.012433179723502418, 0.1740645161290324, 0.22024489795918317, 1.6704865042791313, 1.0834628044766303, 0.8836438446346288, 0.9102863726135624, 1.0363943383805136, 0.12610796576695144, 0.0843680052666224, 6.916400263331142, 0.42095194206714914, 80.56966886109286, 0.5515003291639238, 1.6358512179065186, 1.0719177090190923, 0.11989137590520096, 0.8321349572086904, 0.07726333113890757, 0.37121922317314093, 0.7921711652402901, 0.660734693877551, 1.1704950625411459, 0.5665977616853193, 0.8845319289005931, 0.5515003291639238, 1.0035352205398298, 0.8827557603686644, 0.9387050691244245, 1.4955339038841344, 0.5062080315997374, 0.028418696510862252, 0.9129506254114553, 1.0443870967741944, 1.6473963133640566, 1.04349901250823, 0.8871961816984862, 1.0541560236998038, 0.10834628044766288, 0.39164516129032256, 1.5870065832784732, 1.240653719552337, 0.38276431863067756, 0.012433179723502418, 0.18028110599078434, 1.0612606978275185, 1.346335747202107, 0.900517445687953, 0.8720987491770906, 1.023073074391047, 0.583471362738645, 0.15630283080974386, 7.44658657011192, 1.265520078999342, 1.745085582620146, 1.636739302172483, 1.8223489137590534, 1.6704865042791313, 1.7770566161948653, 1.644732060566162, 0.5745905200789999, 0.9582429229756418, 0.6802725477287698, 0.5950164581961815, 0.942257406188282, 0.6616227781435153, 1.6003278472679399, 0.5674858459512836, 0.870322580645162, 0.6829368005266627, 0.012433179723502418, 0.8090447662936142, 0.6731678736010535, 5.662425279789337, 0.9875497037524699, 0.3410243581303485, 0.17850493745885418, 0.9848854509545752, 0.858777485187624, 1.210458854509546, 0.16163133640552999, 0.29928439763001946, 0.16074325213956564, 0.36855497037524637, 0.19537853851217837, 1.6909124423963144, 1.0212969058591184, 1.421822909809086, 0.20514746543778772, 1.6935766951942073, 0.22646148782093514, 1.6376273864384472, 0.22379723502304208, 6.96790915075708, 1.0284015799868347, 1.0772462146148785, 1.695352863726136, 6.180178406846614, 1.034618169848585, 1.4964219881501002, 0.568373930217248, 1.0506036866359447, 0.9902139565503629, 5.749457537853855, 0.1962666227781442, 0.23356616194864996, 0.583471362738645, 0.5914641211323242, 0.16163133640552999, 0.5115365371955235, 0.40851876234364676, 0.2015951283739303, 0.5728143515470713, 0.586135615536538, 1.3934042132982234, 1.0781342988808427, 1.4351441737985526, 0.5763666886109287, 0.47778933508887517, 0.586135615536538, 0.8854200131665574, 1.6109848584595137, 1.4715556287030955, 1.4999743252139577, 1.6243061224489805, 1.6944647794601717, 1.5967755102040826, 1.5541474654377891, 1.0381705069124425, 1.2086784869976355, 0.5461377068557915, 0.8275780141843962, 0.5931773049645387, 0.8028622931442071, 0.8076459810874703, 0.36595212765957397, 1.327473404255319, 0.8116323877068553, 0.8259834515366423, 1.35697281323877, 0.6585543735224577, 0.015148345153663959, 0.8108351063829783, 0.8052541371158382, 0.3818977541371149, 0.38508687943262415, 0.39864066193853415, 0.11879491725768339, 0.650581560283688, 1.376904846335697, 0.390667848699763, 0.05262056737588604, 0.051026004728132075, 0.8052541371158382, 1.2158540189125282, 0.10444385342789642, 0.06378250591016509, 6.001933806146573, 0.22323877068557982, 0.24396808510638396, 0.5190301418439714, 0.7103776595744681, 0.7414716312056744, 5.616846926713949, 0.5174355791962175, 0.2136713947990547, 1.3458108747044906, 0.5158410165484636, 0.7797411347517733, 0.6242712765957436, 0.7773492907801411, 0.8762121749408988, 0.7366879432624124, 1.3729184397163108, 0.1953339243498815, 1.3195005910165476, 1.371323877068557, 0.19055023640661828, 0.3316690307328598, 0.781335697399526, 1.2357860520094555, 0.6402169030732858, 0.8188079196217494, 0.21925236406619358, 0.3826950354609919, 0.6465951536643016, 0.08451182033096924, 0.6290549645390068, 0.5222192671394807, 0.7996731678486992, 0.5899881796690307, 5.34417671394799, 0.758214539007091, 5.935759456264775, 0.4959089834515377, 0.22323877068557982, 0.40182978723404206, 1.8337470449172586, 0.5110573286052017, 0.621082151300237, 0.4998953900709226, 0.10683569739952735, 0.036674940898345096, 0.37153309692671416, 0.25194089834515376, 0.9160762411347517, 0.7590118203309693, 1.3394326241134762, 1.0261010638297883, 1.2046920803782506, 0.23998167848699775, 0.6465951536643016, 0.7821329787234029, 0.036674940898345096, 0.07494444444444415, 0.8985360520094569, 0.03826950354609906, 0.0956737588652483, 0.046242316784868856, 0.8411317966903075, 0.6011501182033099, 0.66094621749409, 0.5150437352245866, 0.23121158392435096, 0.6473924349881787, 0.5142464539007097, 0.7502417257683225, 0.945575650118204, 0.27426477541371186, 0.24795449172576886, 0.6760945626477539, 0.5333812056737598, 0.754228132387706, 0.05740425531914792, 0.25433274231678604, 0.5198274231678498, 2.9611028368794328, 0.058201536643024895, 0.25353546099290775, 1.1488823877068566, 0.06617434988179603, 1.1002482269503555, 0.955940307328606, 0.3611684397163121, 0.09966016548463454, 0.03986406619385302, 2.2762381796690305, 0.9814533096926721, 0.3037641843971641, 0.6019473995271868, 0.6689190307328611, 0.48155791962174943, 0.758214539007091, 0.4050189125295513, 0.7805384160756504, 0.619487588652483, 0.4353156028368806, 1.0659651300236412, 0.9415892434988191, 5.160802009456265, 0.3691412529550819, 0.05740425531914925, 6.023460401891254, 0.6888510638297883, 0.7303096926713952, 0.8108351063829783, 0.4831524822695034, 0.8020650118203302, 0.18337470449172547, 0.5748398345153655, 0.7956867612293144, 0.002391843971630942, 1.0858971631205672, 0.9336164302600479, 0.6760945626477539, 0.5222192671394807, 61.736682033096926, 0.46481501182033014, 0.8235916075650114, 0.6258658392434989, 0.12278132387706964, 0.6410141843971641, 1.4247417257683224, 1.0571950354609931, 0.7079858156028371, 1.4741731678487004, 1.328270685579197, 1.1536660756501185, 1.3880667848699775, 1.1807736406619385, 0.2790484633569751, 1.2907984633569736, 0.40023522458628946, 0.24317080378250697, 0.5158410165484636, 0.7653900709219851, 0.3069533096926721, 0.4839497635933817, 0.34522281323877113, 0.6641353427895993, 0.5110573286052017, 5.710128841607567, 0.2734674940898349, 0.3803031914893609, 1.301163120567376, 1.363351063829787, 0.046242316784868856, 0.6681217494089827, 0.46640957446808545, 0.05740425531914792, 0.26788652482269604, 0.021526595744679803, 0.6745, 0.5246111111111117, 0.5533132387706844, 1.4781595744680855, 7.509592789598107, 0.7773492907801425, 0.7334988179669032, 6.701149527186762, 0.8068486997635933, 1.3745130023640661, 0.03029669030732925, 0.016742907801417923, 6.44043853427896, 0.7199450354609932, 0.7789438534278964, 0.3858841607565011, 0.8100378250591013, 1.1257612293144215, 1.006966312056738, 0.7765520094562642, 0.389073286052009, 0.049431442080378106, 0.24077895981087472, 1.1289503546099295, 5.963664302600472, 0.7534308510638303, 0.7829302600472813, 6.419709219858157, 0.037472222222222074, 0.644203309692672, 1.1026400709219863, 0.9527511820330967, 1.4550384160756504, 1.3202978723404262, 1.0986536643026015, 0.969494089834516, 1.3003658392434987, 1.1321394799054372, 0.015148345153665288, 1.5220100472813247, 1.341824468085107, 0.6513788416075649, 0.5062736406619385, 1.2947848699763587, 0.6258658392434989, 0.7861193853427892, 0.21367139479905337, 0.37631678486997605, 0.7757547281323871, 0.022323877068556788, 0.8379426713947996, 0.7127695035461005, 1.1010455082742323, 0.9240490543735228, 0.5182328605200945, 0.9774669030732858, 0.016742907801417923, 0.6338386524822687, 0.8985360520094569, 1.3027576832151297, 1.0308847517730502, 1.4733758865248237, 1.2222322695035468, 1.2836229314420797, 0.8259834515366435, 1.2030975177304952, 6.752175531914894, 0.7446607565011809, 0.051026004728132075, 0.9471702127659579, 1.2900011820330968, 0.041458628841606976, 1.3745130023640661, 0.8857795508274238, 0.9407919621749408, 2.1518622931442084, 1.0579923167848702, 0.9495620567375888, 0.39465425531914794, 0.3818977541371149, 0.007175531914894154, 0.02710756501182, 0.3707358156028358, 0.10284929078014246, 0.022323877068556788, 0.3133315602836879, 6.97621158392435, 0.4959089834515377, 0.43212647754137135, 0.36993853427895884, 0.780538416075649, 0.06298522458628811, 0.7996731678486992, 5.1456536643026, 0.04305319148936094, 0.7494444444444441, 0.6059338061465717, 0.770173758865247, 0.675297281323877, 0.046242316784868856, 0.2814403073286047, 0.26071099290780186, 1.3641483451536638, 0.12357860520094661, 0.011959219858156038, 0.6442033096926708, 0.034283096926712824, 6.5576388888888895, 0.5469349881796698, 1.9182588652482278, 1.3689320330969257, 0.6091229314420795, 0.768579196217493, 6.316062647754138, 0.03906678486997736, 1.341027186761229, 0.11720035460992943, 0.45445035460992944, 0.255130023640663, 0.5030845153664306, 0.7606063829787245, 0.8323617021276595, 4.751796690307328, 7.069493498817967, 0.756619976359337, 0.283832151300237, 5.278002364066195, 0.7749574468085102, 0.794092198581559, 0.780538416075649, 0.12278132387706964, 5.452606973995272, 8.353116430260046, 0.7462553191489363, 0.7821329787234043, 1.3250815602836878, 1.3721211583924338, 0.23041430260047263, 0.3603711583924338, 0.11720035460992943, 0.022323877068556788, 0.1148085106382985, 0.025513002364066038, 1.3745130023640661, 1.3537836879432619, 0.8108351063829783, 0.7932949172576821, 0.8148215130023632, 0.26708924349881774, 0.38987056737588605, 0.8913605200945627, 0.7486471631205684, 1.3721211583924338, 1.3593646572104008, 0.8084432624113473, 0.7996731678486992, 5.100208628841607, 0.31731796690307285, 0.019932033096925844, 0.3866814420803781, 0.5166382978723405, 0.763795508274231, 0.8028622931442071, 0.7829302600472813, 1.3745130023640661, 0.7996731678486992, 0.3707358156028358, 0.09886288416075756, 0.03587765957446811, 0.2886158392434989, 0.9200626477541379, 0.7701737588652483, 0.11879491725768339, 0.030296690307327918, 6.078472813238771, 5.144059101654846, 0.02631028368794302, 0.5381648936170217, 0.7853221040189136, 1.37610756501182, 0.2272251773049634, 0.5214219858156037, 0.2463599290780149, 0.025513002364066038, 0.4249509456264785, 0.648189716312057, 0.6465951536643016, 0.2216442080378245, 0.1323486997635934, 0.768579196217493, 0.7837275413711583, 0.03826950354609906, 0.28144030732860603, 0.5309893617021275, 1.3027576832151297, 0.011959219858156038, 1.3928504728132378, 0.6250685579196206, 0.04225591016548396, 0.23918439716312076, 0.7861193853427892, 0.7103776595744681, 0.06298522458628811, 0.5437458628841619, 5.314677304964539, 0.958332151300237, 0.08211997635933829, 0.0446477541371149, 0.22722517730496472, 0.7765520094562642, 0.6745, 0.6721081560283692, 0.5317866430260059, 1.3609592198581546, 1.0978563829787231, 0.3842895981087458, 0.4113971631205671, 0.7717683215130022, 0.7614036643026002, 0.05899881796690188, 0.2766566193853428, 6.471532505910165, 0.5038817966903075, 0.6338386524822687, 0.7143640661938543, 0.5453404255319159, 0.6904456264775409, 0.9902234042553201, 0.39226241134751694, 0.1466997635933817, 0.33645271867612303, 0.6577570921985821, 0.3691412529550819, 0.8068486997635933, 1.2294078014184395, 0.6290549645390068, 0.7709710401891253, 0.8491046099290773, 0.32050709219858076, 0.2001176122931434, 0.5995555555555558, 1.3808912529550819, 0.794092198581559, 0.34283096926713885, 0.7988758865248223, 0.6218794326241126, 0.767781914893616, 0.5740425531914884, 0.7486471631205671, 0.1666317966903062, 0.7877139479905432, 0.7980786052009452, 1.3027576832151297, 0.705593971631205, 1.3450135933806138, 0.0, 0.3858841607565011, 1.2007056737588644, 0.32369621749408867, 0.05899881796690188, 0.06617434988179736, 0.39864066193853415, 0.007972813238769806, 0.76937647754137, 1.3059468085106376, 1.1735981087470444, 0.36356028368794296, 0.7956867612293144, 1.3792966903073278, 1.1345313238770685, 0.6906929824561416, 0.7037719298245624, 0.4042017543859654, 0.5019824561403521, 4.416324561403512, 4.531543859649126, 0.17625438596491275, 0.22857017543859745, 1.146587719298247, 0.8283333333333341, 0.1992982456140351, 0.4727105263157908, 0.22607894736842124, 0.20490350877193028, 0.4951315789473693, 0.22670175438596504, 1.2636754385964932, 1.2518421052631592, 1.2649210526315808, 0.8108947368421059, 1.2755087719298264, 0.06726315789473676, 0.47021929824561454, 0.49762280701754447, 0.50821052631579, 1.6803333333333343, 0.1500964912280704, 0.03923684210526302, 0.692561403508773, 1.255578947368423, 0.8121403508771945, 0.15694736842105314, 0.20739473684210544, 0.2516140350877198, 0.25597368421052635, 0.20926315789473682, 0.2603333333333329, 0.20490350877192923, 0.04048245614035164, 0.09902631578947428, 0.17936842105263168, 0.22607894736842124, 0.8302017543859656, 0.0230438596491234, 1.2487280701754402, 0.8202368421052638, 0.09964912280701703, 0.1781228070175441, 0.4241315789473688, 0.4814298245614039, 0.762315789473685, 1.273640350877195, 0.6869561403508779, 0.47520175438596596, 0.24725438596491225, 0.43783333333333424, 0.2727894736842108, 0.22296491228070126, 0.4284912280701753, 0.19120175438596476, 0.03799122807017544, 1.234403508771931, 0.04172807017543819, 0.0006228070175437916, 0.48828070175438654, 0.3132719298245614, 0.36870175438596514, 0.5891754385964911, 0.5393508771929827, 0.25223684210526254, 0.1992982456140351, 2.1331140350877207, 2.0857807017543872, 0.6801052631578962, 0.7810000000000008, 0.695675438596492, 0.2347982456140354, 0.8102719298245621, 0.759201754385965, 0.7567105263157898, 0.7006578947368423, 0.89871052631579, 0.8426578947368424, 0.8837631578947378, 0.8333157894736845, 1.137245614035089, 0.6782368421052638, 0.8382982456140358, 0.43658771929824564, 0.381157894736842, 1.6653859649122824, 1.614938596491229, 0.6882017543859654, 0.7218333333333333, 0.6745, 0.6464736842105262, 0.5555438596491233, 0.034877192982455445, 0.8233508771929838, 0.4048245614035092, 0.3562456140350882, 0.28337719298245634, 0.6975438596491234, 5.009859649122812, 4.910833333333338, 5.460771929824566, 0.544333333333333, 0.6894473684210541, 0.13203508771929834, 0.18435087719298204, 0.36745614035087754, 0.02615789473684236, 0.20677192982456166, 0.6906929824561416, 0.49450877192982556, 0.18123684210526309, 0.6875789473684217, 0.7859824561403522, 0.1768771929824555, 3.6160175438596527, 0.21486842105263196, 1.9213596491228089, 1.6342456140350887, 0.39236842105263126, 0.5486929824561405, 0.5057192982456149, 0.45091228070175493, 0.8277105263157903, 0.6788596491228075, 0.3232368421052631, 0.868192982456141, 0.6850877192982455, 0.011833333333334115, 1.2649210526315808, 0.7398947368421054, 0.8607192982456144, 0.7579561403508784, 1.1995263157894756, 0.7274385964912295, 0.7722807017543867, 0.08843859649122775, 0.5667543859649127, 0.832070175438598, 0.8943508771929833, 0.8345614035087721, 0.45838596491228145, 0.5922894736842111, 0.19742982456140373, 0.8899912280701756, 0.8370526315789483, 1.2686578947368434, 3.4709035087719324, 0.7598245614035087, 0.7174736842105267, 0.008096491228070329, 0.23355263157894676, 0.39548245614035127, 5.3941315789473725, 1.125412280701755, 0.5904210526315788, 0.48392105263158, 6.6733771929824615, 0.47084210526315834, 0.18497368421052582, 5.11137719298246, 1.264298245614037, 0.35873684210526335, 0.7324210526315789, 0.6807280701754389, 0.5978947368421054, 0.17251754385964896, 1.1571754385964923, 0.8887456140350881, 0.4172807017543871, 0.5013596491228083, 5.876184210526321, 0.7535964912280708, 1.0089473684210535, 0.9641052631578952, 0.48641228070175524, 1.0176666666666676, 1.1266578947368424, 0.1887105263157896, 0.20988596491228162, 5.98268421052632, 0.3904999999999999, 2.039692982456142, 0.21860526315789577, 0.3437894736842103, 5.082728070175444, 0.8569824561403516, 0.8121403508771935, 0.23978070175438676, 0.4210175438596488, 0.37430701754385926, 0.43222807017543907, 0.381157894736842, 1.0052105263157896, 0.7953245614035102, 1.2530877192982466, 0.5854385964912284, 0.5337456140350875, 0.9715789473684218, 1.0058333333333336, 0.9591228070175449, 0.7442543859649129, 0.7965701754385976, 0.14885087719298282, 0.21798245614035094, 0.4272456140350877, 0.19556140350877133, 0.7747719298245619, 0.7274385964912286, 0.4920175438596504, 0.4982456140350882, 0.9728245614035105, 0.6944298245614045, 0.7293070175438598, 0.24351754385964952, 5.181131578947372, 0.29147368421052666, 0.6433596491228073, 0.7660526315789488, 0.46025438596491286, 0.4776929824561411, 0.25036842105263224, 0.4010877192982454, 0.013701754385964455, 0.00871929824561412, 0.43347368421052673, 0.019929824561403405, 4.7115350877193025, 0.4633684210526329, 0.5736052631578954, 0.529385964912281, 0.8221052631578962, 1.1378684210526329, 2.0913859649122823, 0.5904210526315788, 0.4017105263157892, 0.8308245614035104, 0.8233508771929838, 0.21175438596491303, 5.115114035087723, 4.761982456140355, 0.6944298245614035, 0.8401666666666672, 0.5349912280701751, 0.4639912280701766, 0.12269298245614042, 0.1687807017543862, 0.21798245614035094, 0.5891754385964911, 0.5462017543859654, 0.5362368421052637, 0.4683508771929832, 0.3824035087719295, 0.7909649122807025, 3.9429912280701784, 0.23230701754386018, 4.6673157894736885, 0.18746491228070203, 4.83235964912281, 0.3500175438596493, 0.614087719298246, 0.5424649122807016, 5.397245614035092, 0.48329824561403517, 0.5823245614035094, 1.215719298245615, 0.17500877192982517, 0.2347982456140354, 0.49264035087719416, 0.7274385964912286, 0.8395438596491235, 0.010587719298245497, 4.458052631578952, 0.8071578947368431, 0.0, 0.23728947368421158, 0.24414035087719327, 0.2547280701754388, 0.1887105263157896, 0.23978070175438676, 5.022938596491234, 0.37057017543859644, 0.9659736842105265, 0.41914912280701744, 0.21486842105263196, 0.22981578947368503, 1.2686578947368434, 0.8221052631578962, 0.8277105263157903, 0.7498596491228081, 0.8027982456140367, 0.8034210526315805, 3.929289473684213, 0.7293070175438608, 4.8080701754386, 0.7610701754385973, 0.8059122807017556, 0.4776929824561411, 0.8034210526315805, 0.816500000000001, 0.2347982456140354, 0.004982456140351371, 0.11397368421052631, 1.083061403508773, 0.09342105263157913, 0.041105263157894395, 0.48703508771929904, 0.8021754385964919, 0.42600000000000016, 0.5437105263157893, 0.8308245614035104, 0.4895263157894742, 4.4860789473684255, 0.011210526315789287, 0.7012807017543872, 1.197657894736843, 0.23728947368421055, 0.16815789473684242, 0.21362280701754438, 0.8277105263157903, 0.22545614035087747, 0.07411403508771951, 2.1175438596491247, 0.19742982456140373, 0.01245614035087687, 4.7663421052631625, 4.950070175438602, 0.0074736842105255, 0.4017105263157892, 0.008096491228070329, 0.41914912280701744, 0.41728070175438603, 0.21798245614035094, 0.18621929824561445, 0.4309824561403505, 0.6913157894736854, 0.3574912280701758, 1.2593157894736857, 4.030184210526319, 1.2101140350877209, 1.2605614035087733, 0.013701754385964455, 0.18310526315789444, 0.23542105263157917, 0.5947807017543864, 1.0718508771929827, 5.06279824561404, 0.39112280701754365, 0.41105263157894706, 34.06878947368424, 0.4309824561403515, 1.7021315789473692, 0.2123771929824568, 0.006228070175437916, 1.1957894736842116, 0.8071578947368431, 0.4316052631578953, 0.38489473684210573, 5.236561403508777, 0.7697894736842115, 0.8189912280701762, 0.24538596491228085, 0.783491228070177, 0.7884736842105273, 0.0012456140350875832, 0.6931842105263157, 1.209491228070177, 3.5201052631578986, 1.2468596491228088, 0.8239736842105275, 0.8158771929824573, 0.46585964912280803, 0.18559649122807065, 1.2188333333333352, 1.2107368421052647, 1.2568245614035105, 0.8171228070175449, 0.804666666666668, 0.7517280701754395, 0.8034210526315805, 0.8345614035087732, 0.7660526315789488, 0.1476052631578952, 0.19742982456140373, 0.39485964912280747, 3.528824561403512, 0.8115175438596497, 3.33824561403509, 1.1397368421052643, 0.8115175438596497, 1.261184210526317, 1.2263070175438617, 0.7461228070175454, 1.2101140350877209, 0.11957894736842148, 1.2132280701754399, 1.1378684210526329, 1.2605614035087733, 1.2337807017543871, 1.2537105263157904, 0.6252982456140362, 0.756087719298247, 1.1864473684210537, 1.128526315789475, 1.1054824561403525, 0.7349122807017551, 1.2051315789473696, 1.2838603710751673, 1.4879431493815423, 1.7420839676498578, 1.2960539961941013, 3.5987238344433865, 1.2934869172216945, 1.729248572787822, 1.1086572312083738, 0.9366629400570889, 0.6793132730732635, 1.6073123215984781, 1.7343827307326358, 3.1315154614652703, 0.5413327783063752, 4.20006208372978, 0.685730970504282, 0.24162630827783071, 4.64737559467174, 0.44185846812559515, 1.2119821598477643, 1.26717435775452, 0.17552402473834433, 0.22429852521408278, 1.7375915794481445, 1.2601148905803998, 3.675736203615603, 0.39500927687916304, 4.064648667935299, 0.9610501902949571, 0.690865128449097, 0.1697480970504287, 0.22108967649857303, 4.626838962892482, 0.1729569457659374, 4.923336584205517, 0.6600601807802092, 1.294770456707898, 0.4392913891531882, 1.729248572787822, 0.18258349191246454, 1.7324574215033306, 1.2190416270218845, 1.2735920551855384, 1.8165292578496668, 0.09851165556612733, 0.1581962416745953, 0.1049293529971447, 0.8756948144624176, 1.763904138915319, 0.33275761179828706, 0.2826995718363462, 1.2877109895337777, 0.47458872502378696, 0.4219636060894381, 0.884679590865843, 0.9450059467174126, 0.1748822549952426, 0.9443641769743109, 1.5880592293054239, 0.668403187440533, 0.5175872978116076, 0.38730803996194113, 0.4405749286393917, 0.05872193149381536, 1.219683396764986, 1.271666745956232, 0.43608254043767847, 3.7944636060894372, 1.2639655090390112, 0.1087799714557562, 0.2531781636536631, 0.25574524262607107, 1.5373594196003801, 1.4648394386298764, 5.826948382492864, 0.2531781636536631, 8.646884633682205, 5.633775689819219, 0.13445076117982782, 0.9142009990485261, 0.06257254995242685, 0.7280877735490009, 0.6838056612749757, 0.41747121788772595, 0.6934322074215028, 0.5451833967649855, 0.6748208848715503, 0.4790811132254991, 0.4052775927687908, 0.6587766412940047, 0.3468765461465274, 0.42324714557564264, 0.38474096098953414, 0.4367243101807802, 0.21980613701236953, 1.7427257373929594, 0.28719196003805836, 1.6156553282588018, 0.23841745956232208, 0.11904828734538507, 4.631331351094195, 0.7300130827783061, 2.121369885823025, 1.1009559942911507, 0.5753465746907703, 1.1664165080875355, 1.110582540437678, 3.109695290199809, 1.1349697906755472, 1.2010720742150325, 1.1330444814462408, 0.2653717887725982, 1.0412714081826828, 1.286427450047573, 0.12867483349191217, 0.1896429590865847, 0.2467604662226457, 1.2087733111322554, 1.2556225023786876, 0.08375095147478524, 0.3783232635585157, 0.6696867269267364, 3.6243946241674596, 1.2536971931493825, 0.9482147954329213, 0.4489179352997153, 1.070792816365366, 0.3013108943862987, 0.15755447193149463, 0.23649215033301685, 1.2575478116079928, 0.3584284015223597, 1.7273232635585156, 0.4457090865842056, 0.008022121788772782, 0.054871313035204934, 0.16782278782112242, 0.2717894862036156, 0.4084864414843006, 0.717819457659372, 0.6703284966698382, 0.8378303996194107, 0.9302452426260707, 0.6221957659372025, 14.624328020932445, 1.7305321122740254, 0.11776474785918159, 0.10172050428163602, 5.130628211227402, 0.27628187440532775, 0.46111156041864937, 0.3731891056137007, 6.280037821122739, 0.3160715984776397, 0.2666553282588006, 0.08310918173168458, 0.2204479067554702, 0.6979245956232161, 0.41747121788772595, 5.262832778306374, 0.5272138439581348, 5.739667697431019, 0.5516010941960029, 0.6895815889628923, 0.720386536631779, 0.6664778782112266, 2.118802806850618, 1.104806612749761, 0.9180516175071354, 0.17167340627973285, 0.12097359657469027, 1.0945382968601325, 0.46752925784966676, 0.4200382968601329, 0.25638701236917283, 0.9693931969552807, 0.09145218839200715, 0.4739469552806842, 0.4238889153187433, 1.1529393434823967, 0.8667100380589922, 0.6979245956232161, 0.6446577069457654, 1.75363582302569, 0.6209122264509991, 0.5509593244529012, 5.2063570409134154, 0.1691063273073259, 0.5817642721217888, 6.335230019029495, 0.26858063748810584, 0.9308870123691724, 5.813471217887725, 0.9340958610846821, 0.5214379162702181, 0.4354407706945767, 0.3282652235965738, 0.27050594671741107, 0.549034015223596, 1.2235340152235965, 0.6440159372026637, 0.6144945290199806, 1.152297573739295, 1.4372433396764985, 1.316590627973358, 0.17167340627973393, 0.6279716936251193, 0.6767461941008566, 0.6671196479543283, 1.000839914367269, 0.9514236441484301, 0.9116339200761181, 0.46111156041864837, 0.4142623691722162, 0.4007852045670797, 0.14536084681255948, 0.4546938629876299, 0.40206874405328213, 1.393602997145575, 0.6100021408182684, 0.6600601807802092, 1.6438931969552804, 1.2087733111322554, 1.2902780685061845, 0.47073810656517545, 5.303264272121788, 0.6260463843958141, 0.6728955756422462, 5.532376070409134, 0.7133270694576588, 6.673442673644149, 0.12225713606089374, 0.6735373453853468, 1.1606405803996187, 1.1035230732635577, 0.29938558515699243, 5.280160561370123, 1.1593570409134164, 9.762922216936252, 0.8230696955280676, 0.7037005233111316, 0.11519766888677463, 1.32429186489058, 1.266532588011417, 1.0797775927687925, 0.0054550428163658345, 0.3083703615604178, 0.8756948144624176, 0.10749643196955272, 0.9565578020932449, 1.1420292578496674, 0.8981567554709806, 0.9475730256898196, 0.45212678401522294, 0.0054550428163658345, 0.06064724072312164, 0.7922647478591811, 0.7011334443387247, 1.3621562797335867, 0.8365468601332073, 0.928961703139867, 0.45854448144624244, 0.6440159372026648, 1.0470473358705996, 1.2934869172216932, 1.2472794957183628, 1.7395168886774508, 1.2780844433872507, 0.30644505233111363, 0.4559774024738344, 0.40206874405328213, 0.17616579448144715, 0.23841745956232208, 1.1413874881065655, 1.1940126070409134, 0.12289890580399547, 0.07091555661274944, 0.23456684110371162, 0.7890558991436724, 0.4078446717411988, 0.45918625118934425, 0.8891719790675552, 0.011230970504282537, 0.05936370123691817, 1.4321091817316836, 0.9539907231208369, 0.8628594196003807, 0.9379464795432926, 0.02599167459562249, 0.004171503330161291, 0.0542295432921032, 1.271666745956232, 58.44436607992389, 0.25638701236917283, 0.1350925309229306, 0.10364581351094124, 0.37190556612749726, 0.29938558515699243, 0.09530280685061865, 0.23071622264510017, 0.41811298763082766, 0.9995563748810656, 0.9219022359657468, 0.9610501902949571, 0.9135592293054232, 0.9212604662226451, 1.2729502854424366, 0.12418244529019895, 0.9405135585156994, 0.2884754995242618, 1.237011179828735, 0.08246741198858284, 1.3018299238820168, 1.2498465746907699, 1.2851439105613707, 0.9270363939105619, 0.47779757373929566, 1.227384633682208, 0.19221003805899164, 0.15434562321598488, 0.5625111798287346, 0.6446577069457665, 1.6740563748810662, 0.9039326831588972, 0.08952687916270302, 0.17809110371075235, 1.1478051855375828, 1.3082476213130343, 3.174514034253091, 3.703974072312084, 0.1915682683158899, 1.2228922454804947, 1.2742338249286402, 1.2774426736441487, 0.6908651284490959, 0.9546324928639398, 0.5926743577545194, 0.5426163177925786, 4.160272359657468, 0.3276234538534721, 0.18579234062797426, 0.2429098477640342, 0.6055097526165553, 1.706786631779258, 0.9700349666983826, 0.628613463368221, 0.5522428639391057, 3.6077086108468124, 4.492067316841102, 3.5332633206470025, 0.6761044243577549, 0.20376189343482398, 0.23264153187440534, 1.3358437202664122, 4.974678163653662, 0.6690449571836347, 4.751984062797336, 0.6735373453853479, 0.21403020932445282, 0.5573770218839207, 0.1748822549952426, 0.12354067554709722, 0.4829317316841095, 0.42838130352045656, 1.7504269743101815, 0.045886536631779544, 0.06193078020932511, 5.176835632730733, 0.15177854424357687, 5.330860371075165, 5.534301379638439, 0.5137366793529973, 0.6902233587059952, 1.2684578972407234, 0.24996931493815439, 0.4039940532825873, 0.4309483824928635, 0.47137987630827727, 0.7460573263558506, 0.6992081351094195, 0.685730970504282, 1.6958765461465273, 0.21017959086584243, 0.32184752616555645, 0.7383560894386297, 1.7324574215033306, 1.595118696479544, 0.9340958610846821, 4.128183872502379, 1.2735920551855384, 0.6645525689819214, 0.5374821598477636, 1.0643751189343476, 0.9719602759276877, 1.1433127973358708, 0.6164198382492869, 0.6741791151284496, 0.6953575166508091, 0.10557112274024644, 0.2230149857278782, 0.00417150333016236, 0.05294600380589973, 0.5971667459562315, 0.9796615128449097, 3.490906517602284, 0.6844474310180785, 0.27564010466222605, 5.2557733111322555, 4.62940604186489, 0.26793886774500514, 5.7011615128449105, 0.6651943387250232, 0.16076332064700224, 1.2896362987630827, 0.5804807326355843, 0.5310644624167452, 1.2973375356803047, 0.060005470980019904, 0.16589747859181722, 0.9411553282588011, 0.9571995718363456, 0.6234793054234071, 0.11263058991436663, 0.5528846336822074, 0.7171776879162702, 0.6671196479543283, 4.194927925784967, 0.2371339200761186, 0.24932754519505262, 1.6978018553758325, 0.6902233587059952, 0.27114771646051383, 0.13765960989533865, 0.4392913891531871, 0.37190556612749726, 1.279367982873454, 0.700491674595623, 1.2896362987630827, 0.43094838249286455, 0.15691270218839184, 0.10813820171265445, 1.2177580875356808, 0.19028472882968536, 0.4206800666032357, 0.1652557088487155, 1.2652490485252146, 1.2434288772597535, 1.2915616079923882, 0.8172937678401531, 0.21980613701236953, 0.26601355851569886, 1.1394621788772592, 4.073633444338725, 0.34944362511893434, 0.12097359657469027, 0.867351807802094, 0.9225440057088488, 3.946563035204566, 0.3301905328258801, 1.2780844433872507, 0.16653924833491895, 0.10428758325404297, 0.377681493815414, 1.281293292102759, 0.9693931969552807, 0.027916983824927705, 0.025991674595623557, 0.5586605613701231, 0.5573770218839196, 3.978651522359658, 0.42581422454804957, 0.22750737392959147, 4.7423575166508085, 0.6696867269267364, 0.4347990009514739, 0.09851165556612733, 1.7529940532825885, 0.3224892959086582, 1.2665325880114182, 0.916768078020933, 3.9459212654614646, 0.44121669838249344, 5.284011179828734, 4.614645337773549, 1.276800903901047, 0.9758108943862992, 0.07797502378686962, 5.167209086584204, 0.2878337297811601, 1.2851439105613707, 0.8782618934348245, 0.3314740723120846, 0.15049500475737446, 0.20504543292102853, 0.6690449571836347, 0.6850892007611802, 0.30323620361560394, 0.9379464795432926, 1.2665325880114182, 0.9533489533777364, 0.5695706470028548, 0.660701950523311, 0.24804400570884916, 1.2973375356803047, 0.20568720266413026, 1.294770456707898, 0.6921486679353004, 0.17744933396764956, 0.121615366317792, 1.2209669362511895, 1.2755173644148436, 0.031125832540437458, 0.9482147954329213, 0.6369564700285446, 0.6850892007611802, 1.6830411512844916, 0.3667714081826834, 0.42260537583254093, 1.751068744053283, 0.6055097526165563, 0.6626272597526173, 0.6805968125594681, 0.9533489533777364, 0.046528306374881284, 4.823220504281635, 0.36741317792578515, 0.16333039961940918, 4.977245242626069, 0.7511914843006655, 0.6722538058991444, 4.762894148430066, 4.421472645099906, 0.6812385823025698, 0.26793886774500414, 0.2589540913415787, 4.584482159847763, 0.43736607992388193, 0.4495597050428171, 0.8660682683158905, 0.9334540913415804, 0.9405135585156994, 0.1196900570884868, 0.6799550428163653, 0.008022121788772782, 1.7221891056137018, 0.6882980494766889, 1.1760430542340627, 4.269373215984777, 0.4437837773549004, 4.525439343482398, 4.612720028544242, 0.1395849191246428, 0.6523589438629873, 0.03176760228353919, 0.029200523311132244, 0.472021646051379, 0.41554590865841967, 1.1349697906755472, 1.1760430542340627, 1.120209086584205, 0.15177854424357687, 0.6619854900095156, 0.549034015223596, 1.2549807326355846, 1.1895202188392011, 1.2684578972407234, 0.32184752616555645, 0.27050594671741107, 0.6818803520456715, 1.29926284490961, 1.279367982873454, 0.18515057088487147, 0.12995837297811566, 0.591390818268316, 0.5361986203615602, 0.6716120361560427, 0.5721377259752617, 0.6549260228353954, 0.2839831113225507, 0.05358777354900146, 0.31478805899143625, 0.8718441960038061, 0.9340958610846821, 0.011872740247383206, 0.4238889153187444, 1.2626819695528078, 0.11519766888677463, 0.20889605137963896, 0.9539907231208381, 0.02342459562321554, 0.03625999048525242, 0.17167340627973285, 0.12289890580399547, 0.13701784015223584, 1.0868370599429116, 4.560736679352997, 0.1819417221693628, 0.611285680304472, 0.5503175547097994, 0.2531781636536631, 0.05615485252140734, 0.5727794957183634, 0.03369291151284547, 0.47779757373929566, 3.676377973358705, 1.2832186013320654, 0.41747121788772595, 5.298130114176974, 0.38987511893434806, 0.6889398192197906, 1.167058277830637, 1.110582540437678, 6.069537345385347, 0.2268656041864897, 0.9559160323501432, 0.675462654614652, 0.183867031398668, 0.1318836822074209, 1.6329831113225506, 0.43800784966698475, 0.24932754519505262, 0.9655425784966705, 0.006096812559467571, 0.5766301141769739, 0.5233632254995243, 0.5868984300666027, 0.5310644624167452, 1.1522975737392962, 1.2158327783063756, 1.7549193625118935, 0.6838056612749768, 1.1593570409134164, 1.287069219790676, 1.1619241198858232, 1.2286681731684115, 0.9340958610846821, 1.7401586584205524, 1.1766848239771655, 1.2267428639391063, 1.2216087059942913, 1.3153070884871556, 0.3937257373929596, 0.44699262607040907, 1.2915616079923882, 0.5060354424357764, 1.7645459086584205, 0.5453029749478082, 0.7016067327766172, 1.3324543319415445, 0.4066009916492698, 0.2728275052192068, 1.2754245824634642, 1.3366787578288089, 0.5354459812108562, 0.15876800626304793, 0.3974480688935285, 0.26367458246346437, 0.20946111691022862, 0.7677894050104386, 0.67907646137787, 0.43969232776617984, 5.178794102296444, 0.003168319415448499, 1.3310461899791217, 0.21650182672233872, 1.3211891962421707, 0.158063935281836, 0.2847967118997912, 0.3925195720250507, 42.896580636743174, 1.359913100208767, 1.790804540709811, 0.20523669102296394, 0.37984629436325557, 0.3897032881002076, 0.9811229123173277, 0.2678990083507314, 0.5783943110647171, 0.5248849164926922, 0.6664031837160737, 1.8619157098121064, 0.3713974425887251, 1.3394950417536522, 0.1369418058455115, 5.961721033402916, 1.200088987473903, 0.4249068371607512, 0.26860307933194094, 0.17566570981210777, 0.3291531837160737, 1.2261396137787053, 0.6776683194154485, 0.44673303757828764, 0.27846007306889303, 0.1890430584551149, 0.6438729123173277, 0.5058749999999989, 0.06231028183715968, 0.008096816283923943, 1.202905271398746, 0.3566119519832976, 0.5692413883089759, 0.9916839770354904, 1.2972507828810007, 0.9909799060542797, 0.3819585073068891, 0.512211638830897, 0.44673303757828764, 0.6509136221294366, 0.2390320981210848, 0.18481863256784906, 0.021474164926931064, 0.6741479645093946, 0.8163703027139857, 0.36717301670146035, 0.8755122651356981, 0.8114418058455104, 0.9346542275574105, 1.2712001565761997, 0.9015628914405004, 0.41997834029227576, 0.5748739561586632, 0.5079872129436311, 1.2521902400835063, 0.09399347599164819, 0.8501657098121066, 0.5896594467640919, 0.6488014091858031, 1.3479438935281827, 0.9916839770354904, 0.01584159707724367, 0.5622006784968681, 0.6734438935281839, 0.5706495302713973, 0.5164360647181616, 0.6847090292275575, 0.5861390918580368, 0.8783285490605413, 0.8205947286012516, 1.257118736951983, 1.310628131524008, 1.3387909707724415, 1.3521683194154472, 0.005280532359082004, 0.855798277661794, 0.802288883089769, 0.6811886743215024, 1.29654671189979, 0.34886717118997784, 0.2664908663883086, 1.3451276096033395, 0.2524094467640907, 0.18833898747390296, 0.4453248956158649, 0.37984629436325557, 0.9832351252609599, 0.5903635177453016, 0.5368541231732765, 0.6678113256784952, 0.9170524530271399, 0.7178003653444663, 0.5164360647181616, 0.8783285490605413, 1.1684057933194132, 1.1071516179540697, 1.7802434759916481, 0.855798277661794, 0.8184825156576181, 0.6762601774530269, 5.144998695198322, 0.17777792275574125, 1.1585487995824613, 0.9705618475991649, 1.3423113256784964, 1.2796490083507301, 0.7994725991649259, 1.3465357515657612, 0.6917497390396653, 0.8762163361169089, 0.8234110125260947, 5.268915187891434, 0.9184605949895615, 5.707551409185797, 0.9290216597077242, 1.4282079853862195, 1.6922346033402904, 0.5171401356993737, 1.3282299060542784, 0.2995822025052187, 0.8107377348642995, 0.08695276617954159, 0.1890430584551149, 1.7893963987473895, 0.5798024530271398, 0.6509136221294366, 0.18341049060542866, 0.6551380480167001, 0.30943919624217076, 1.3155566283924833, 4.945042536534441, 0.8938181106471806, 0.9578885699373685, 0.5847309498956141, 0.5206604906054263, 0.5382622651356981, 3.933996607515654, 1.2085378392484334, 0.4411004697286003, 1.4232794885177429, 4.939409968684754, 0.4044887787056363, 0.9466234342379949, 0.9283175887265135, 0.6621787578288103, 0.4939057933194156, 5.533645876826716, 0.13553366388308874, 0.6656991127348642, 0.2214303235908142, 0.6178222860125265, 0.5431907620041747, 0.2728275052192056, 0.20523669102296394, 0.009504958246345499, 0.11370746346555231, 0.04330036534446751, 0.5840268789144033, 0.738922494780792, 0.3523875260960341, 0.4136417014613776, 0.3777340814196232, 5.346362995824629, 0.5136197807933185, 0.7044230167014616, 0.033443371607515454, 0.12497259916492709, 0.191859342379958, 0.6157100730688918, 0.5509355427974932, 0.40800913361169017, 0.40800913361169133, 1.2289558977035484, 0.19115527139874722, 0.7269532881002077, 0.6502095511482247, 0.5206604906054263, 0.70301487473904, 0.3812544363256771, 0.7882074634655523, 1.3380868997912305, 0.6854131002087682, 0.5305174843423784, 0.7304736430062615, 0.6656991127348629, 1.8619157098121064, 0.2418483820459279, 0.5643128914405005, 0.5030587160751556, 0.5333337682672227, 0.675556106471815, 0.5453029749478071, 0.8072173799582445, 0.09751383089770324, 0.01936195198329873, 0.35942823590814066, 0.17496163883089816, 5.179498173277656, 6.256022703549054, 0.7199125782880986, 0.668515396659706, 1.8576912839248418, 1.6978671711899778, 1.3718823068893513, 1.3704741649269299, 0.9839391962421706, 0.5988123695198332, 0.19678783924843463, 5.161192327766173, 1.867548277661794, 1.694346816283924, 0.5108034968684754, 0.24888909185803687, 1.811222599164926, 0.6114856471816283, 0.2031244780793328, 0.701606732776616, 0.6213426409185793, 1.7196933716075142, 0.5438948329853854, 1.333862473903966, 3.9973629958246284, 1.8365691544885163, 0.6206385699373695, 1.3556886743215024, 0.008800887265135893, 1.2944344989561565, 0.6896375260960329, 0.41997834029227454, 0.35238752609603285, 1.2613431628392475, 1.3310461899791217, 0.6213426409185805, 0.6755561064718162, 0.6220467118997912, 0.6825968162839251, 0.003168319415449672, 1.0022450417536535, 0.3495712421711886, 0.5277012004175353, 0.1622883611691018, 0.3580200939457191, 0.5178442066805832, 5.856814457202498, 0.5685373173277651, 0.5136197807933185, 0.9994287578288078, 0.9198687369519818, 5.623766962421706, 0.19890005219206577, 0.7621568371607501, 0.6804846033402916, 1.860507567849685, 0.9959084029227552, 0.40519284968684827, 4.584558194154482, 1.3394950417536522, 5.5449110125260885, 0.005984603340292782, 5.000664144050099, 1.8520587160751545, 0.85227792275574, 0.7973603862212925, 0.9445112212943625, 0.4249068371607512, 1.854170929018788, 0.41152948851774523, 1.3549846033402917, 0.6671072546972857, 0.3918155010438411, 1.8309365866388287, 1.8323447286012515, 1.8583953549060528, 1.8513546450939438, 0.4284271920668051, 1.269792014613778, 0.9937961899791229, 1.8485383611691006, 0.9184605949895615, 0.9747862734864294, 0.579098382045929, 1.8013656054279725, 0.692453810020876, 1.840793580375781, 0.06019806889352852, 0.15947207724425871, 4.142401617954064, 0.5622006784968681, 4.588782620041747, 0.0010561064718161664, 6.132810281837154, 0.19397155532359034, 5.939190762004168, 0.6917497390396653, 4.694393267223376, 1.867548277661794, 0.231991388308977, 0.6628828288100198, 1.2388128914405003, 1.2704960855949878, 1.326821764091857, 0.005280532359082004, 1.1979767745302707, 1.3585049582463453, 0.9776025574112726, 0.8353802192066803, 0.17003314196242036, 1.1895279227557403, 0.9768984864300618, 1.3507601774530258, 0.9557763569937361, 0.586139091858038, 0.6544339770354906, 0.6917497390396653, 1.2345884655532333, 1.2937304279749458, 5.75190788100208, 0.6227507828810019, 1.6985712421711874, 1.6373170668058428, 1.503543580375781, 1.4451056889352794, 6.249686064718154, 0.5776902400835063, 0.9825310542797492, 0.5903635177453026, 0.6741479645093946, 0.49320172233820364, 0.9846432672233815, 0.5868431628392476, 0.5030587160751556, 0.6889334551148222, 0.5178442066805832, 0.522068632567849, 0.3629485908141957, 0.4361719728601248, 0.25592980167014584, 0.20312447807933162, 1.3542805323590796, 1.2831693632567829, 5.161896398747383, 0.16440057411273534, 0.1897471294363245, 0.1362377348643007, 0.5988123695198321, 0.6199344989561588, 0.6748520354906054, 4.847880741127342, 0.22565474947807884, 1.3387909707724415, 1.499319154488515, 1.439473121085593, 0.010913100208768225, 7.199477818371599, 0.5157319937369509, 5.334393789144043, 0.15876800626304793, 0.7065352296450939, 5.336506002087675, 0.19608376826722268, 1.492982515657618, 0.688933455114821, 1.3387909707724415, 0.16088021920668027, 0.001056106471817339, 0.27071529227557334, 0.20946111691022862, 0.5945879436325674, 0.37562186847599094, 0.5347419102296442, 0.402376565762004, 0.6600665448851767, 5.532237734864295, 0.39392771398747345, 0.521364561586637, 0.014433455114822113, 0.5305174843423784, 6.107463726513563, 0.6621787578288103, 0.42983533402922663, 1.827416231732775, 0.7241370041753644, 0.5044668580375773, 0.6241589248434224, 5.344250782880996, 1.3162606993736943, 5.332985647181622, 0.0256985908141969, 0.37069337160751425, 0.41504984342379914, 0.395335855949895, 0.586139091858038, 0.6748520354906054, 0.24325652400834943, 0.18763491649269334, 0.843125, 0.9346542275574105, 1.8527627870563665, 3.5129621607515618, 4.029046189979118, 1.3247095511482248, 4.431070720250516, 0.2031244780793328, 0.14046216075156653, 0.19467562630480229, 0.6396484864300619, 0.5664251043841327, 0.24466466597077216, 0.006688674321502388, 1.506359864300624, 0.023586377870564567, 0.9790106993736941, 1.6788572546972844, 1.8534668580375773, 1.8598034968684742, 1.366249739039665, 1.3500561064718148, 1.1300184931506834, 1.1836089041095876, 0.4518226027397263, 1.0644164383561638, 0.6772719178082188, 0.5220445205479453, 0.6301493150684919, 1.295409589041094, 0.6061260273972602, 0.652324657534246, 0.3612732876712325, 0.24762465753424504, 1.320356849315067, 0.6504767123287668, 0.5368280821917808, 1.3222047945205462, 1.295409589041094, 0.6865116438356151, 1.3166609589041085, 0.6440089041095878, 1.0487089041095872, 0.3474136986301366, 0.24023287671232807, 0.012011643835616634, 1.301877397260273, 1.3305205479452045, 7.10719726027396, 0.3954602739726032, 0.660640410958904, 0.02494726027397135, 1.3055732876712314, 0.1543034246575339, 0.3732849315068476, 0.25501643835616356, 1.3166609589041085, 7.0720863013698505, 0.594114383561642, 0.9803349315068475, 0.8685342465753408, 1.3083452054794504, 1.3222047945205462, 0.6772719178082173, 0.2263732876712322, 0.6504767123287668, 0.18202260273972568, 0.17555479452054834, 0.6745, 0.02771917808219176, 0.13767191780821916, 0.6652602739726007, 0.5645472602739711, 0.39638424657534277, 0.5109568493150682, 1.2039363013698623, 1.3369883561643818, 0.6929794520547925, 0.5617753424657521, 0.6532486301369855, 0.6698801369863003, 1.3092691780821901, 1.3249767123287652, 0.6541726027397252, 0.6467808219178083, 1.3157369863013688, 0.04157876712328764, 0.6865116438356151, 0.5857986301369854, 0.18941438356164267, 0.21066575342465704, 0.6745, 0.546067808219177, 0.660640410958904, 0.16446712328767132, 0.26795205479451983, 1.1226267123287648, 0.8713061643835596, 1.113386986301367, 0.546067808219177, 1.0006623287671208, 0.859294520547943, 1.2427431506849296, 0.5266643835616435, 0.6375410958904104, 1.3222047945205462, 0.3335541095890407, 0.3280102739726014, 3.6108849315068428, 0.9951184931506829, 0.87038219178082, 0.7123828767123276, 0.5848746575342458, 1.2039363013698607, 1.1124630136986273, 1.3416082191780798, 0.17370684931506908, 0.24392876712328657, 0.5793308219178065, 0.8842417808219158, 0.20327397260273855, 0.0, 0.6541726027397252, 1.3212808219178067, 1.3471520547945193, 1.0302294520547917, 0.8620664383561619, 0.9757150684931478, 0.929516438356162, 1.2399712328767092, 0.30398698630136817, 0.5636232876712329, 0.11734452054794593, 1.1115390410958892, 0.6883595890410958, 1.4811280821917783, 0.3621972602739721, 1.306497260273971, 0.8934815068493137, 0.3307821917808203, 0.6837397260273962, 0.5700910958904087, 1.10599520547945, 0.981258904109587, 0.8823938356164367, 1.0865917808219148, 1.3545438356164363, 8.38412739726026, 1.619723972602737, 1.5079232876712305, 1.0939835616438334, 0.9535397260273952, 1.227035616438353, 1.1263226027397233, 1.263994520547944, 0.9655513698630119, 0.8602184931506826, 1.5190109589041059, 1.0459369863013683, 0.6689561643835608, 0.17278287671232948, 1.921863013698626, 1.0561006849315058, 1.3000294520547921, 0.5100328767123287, 0.9442999999999976, 0.5331321917808224, 1.3101931506849296, 1.121702739726025, 1.3295965753424632, 39.46471780821911, 0.033263013698629496, 0.2781157534246572, 0.20696986301369705, 1.3194328767123276, 0.5968863013698624, 0.18664246575342533, 0.4906294520547935, 0.1607712328767128, 0.17185890410958982, 0.19865410958904042, 0.008315753424658144, 0.3178465753424641, 0.21251369863013633, 0.17832671232876718, 0.024947260273972892, 0.13951986301369843, 0.08592945205479414, 0.6708041095890399, 0.5765589041095877, 0.29659520547945123, 0.1847945205479461, 0.1921863013698615, 1.1263226027397248, 0.6698801369863003, 0.36681712328767024, 0.2513205479452051, 0.5238924657534231, 7.713323287671219, 0.6292253424657523, 0.21528561643835517, 1.320356849315067, 0.21343767123287594, 0.6643363013698627, 6.368943150684921, 0.1792506849315068, 0.6125938356164375, 0.47584589041095804, 5.842278767123278, 0.5654712328767106, 0.3446417808219162, 0.5793308219178065, 1.301877397260273, 5.7277061643835525, 1.2566027397260253, 0.1598472602739732, 1.317584931506848, 1.3305205479452045, 0.43888698630137, 1.304649315068492, 0.6403130136986294, 0.57101506849315, 0.5432958904109582, 0.6486287671232874, 0.21528561643835517, 7.569183561643824, 7.635709589041082, 0.18479452054794457, 0.8130958904109572, 0.8435869863013679, 7.892573972602726, 0.8509787671232865, 1.2935616438356148, 0.6172136986301373, 0.13305205479452106, 0.5793308219178065, 1.231655479452054, 1.3222047945205462, 0.021251369863012858, 0.9646273972602724, 0.8555986301369845, 0.5673191780821899, 0.1921863013698615, 0.4989452054794517, 0.6107458904109583, 1.2944856164383545, 0.36866506849314945, 0.26240821917808055, 0.13212808219178143, 0.8907095890410932, 0.21251369863013633, 1.2649184931506834, 0.21066575342465704, 3.208956849315062, 0.9803349315068475, 0.8731541095890388, 0.42779931506849306, 0.19588219178082156, 1.225187671232875, 0.6772719178082188, 0.14321575342465845, 0.17555479452054834, 0.2208294520547929, 5.774828767123276, 1.2602986301369854, 0.1968061643835612, 0.7567335616438341, 5.401543835616429, 0.6135178082191772, 0.1857184931506857, 0.2014260273972593, 7.127524657534235, 0.15245547945205468, 0.5663952054794503, 7.604294520547932, 0.8380431506849301, 0.19126232876712343, 0.19588219178082156, 0.3483376712328763, 8.11247945205478, 0.8306513698630116, 0.7567335616438341, 1.2344273972602728, 0.6652602739726022, 0.6781958904109584, 0.546067808219177, 0.6569445205479442, 0.2263732876712322, 0.16631506849315056, 0.5137287671232856, 1.3222047945205462, 0.17463082191780718, 0.542371917808217, 0.8269554794520532, 0.8842417808219158, 6.841093150684921, 0.840815068493149, 1.1217027397260266, 0.6615643835616438, 1.325900684931505, 1.3314445205479442, 0.38344863013698494, 0.6615643835616438, 1.2621465753424645, 1.201164383561642, 1.325900684931505, 1.2344273972602728, 1.3194328767123276, 0.6486287671232874, 1.3055732876712314, 0.5691671232876707, 0.39638424657534127, 0.611669863013698, 0.17370684931506908, 3.410382876712323, 1.1383342465753399, 1.3148130136986278, 0.9932705479452038, 0.8685342465753408, 0.5017171232876705, 1.239047260273971, 0.7022191780821917, 0.35480547945205354, 0.5987342465753417, 1.338836301369861, 0.47769383561643886, 0.6754239726027397, 0.6800438356164378, 0.7216226027397239, 0.37143698630136834, 0.25039657534246546, 0.17093493150685019, 1.227959589041094, 1.3157369863013688, 0.5654712328767122, 0.1968061643835612, 0.4712260273972599, 1.0089780821917789, 0.8750020547945182, 0.5183486301369853, 0.557155479452054, 0.8750020547945182, 1.307421232876711, 0.4379630136986304, 0.5580794520547937, 1.2621465753424632, 1.1503458904109565, 1.4765082191780787, 1.357315753424655, 1.459876712328764, 1.3563917808219155, 1.4469410958904079, 1.3379123287671197, 1.1300184931506834, 1.4580287671232848, 1.9930089041095846, 1.8072904109589005, 1.3314445205479426, 1.0505568493150679, 0.6957513698630113, 0.5793308219178065, 0.6255294520547938, 0.5534595890410939, 0.8454349315068471, 0.46845410958904105, 0.23191712328766995, 0.6855876712328756, 0.548839726027396, 1.3998184931506825, 1.1974684931506818, 1.0052821917808203, 0.848206849315066, 0.46845410958904105, 1.4737363013698597, 1.368403424657532, 0.6597164383561644, 1.7555479452054756, 1.3397602739726007, 1.2298075342465733, 1.3157369863013688, 0.24300479452054694, 0.30306301369862854, 1.5051513698630101, 0.6458568493150686, 0.04712260273972538, 0.10718082191780855, 1.4848239726027368, 1.3092691780821901, 1.3028013698630128, 1.3314445205479442, 0.6504767123287668, 0.6144417808219168, 1.3332924657534233, 0.7179267123287654, 0.5728630136986291, 0.6458568493150686, 0.8463589041095868, 1.2944856164383545, 0.6384650684931501, 0.42779931506849145, 0.25778835616438245, 1.9477342465753387, 1.3185089041095879, 0.6135178082191772, 0.6070499999999999, 0.6569445205479442, 0.6809678082191774, 0.619985616438356, 1.3148130136986278, 0.6569445205479442, 0.631073287671233, 0.41116780821917676, 1.119854794520546, 0.12843219178082296, 0.47861780821917843, 0.2171335616438344, 0.6504767123287668, 0.6745, 1.0681123287671224, 1.320356849315067, 0.6615643835616438, 0.1681630136986298, 1.2381232876712314, 0.15951862197392833, 0.15365704531346963, 0.5639674115456228, 0.6334689633767843, 0.004605524518933225, 0.32113066418373615, 0.9164993792675348, 1.5453628181253871, 1.7153485412787073, 1.7044627560521397, 0.3161064556176287, 0.9047762259466159, 0.326154872749845, 0.04312445685909454, 0.15784388578522723, 6.602228739913094, 0.2357191185599011, 6.883584419615142, 0.651891061452513, 6.876885474860332, 0.6761747361887018, 6.21620204841713, 1.7128364369956537, 1.6424975170701408, 0.6636142147734317, 0.5823895096213529, 0.6652889509621343, 0.1670549348230909, 1.1007203600248288, 1.6374733085040334, 1.1149556176288014, 0.5187495344506515, 0.37221011793916886, 0.2951722532588463, 0.3345285536933588, 0.2549785847299811, 1.0488035381750462, 0.3077327746741149, 0.02637709497206691, 0.3336911855990075, 0.2625148975791436, 0.31861855990068244, 0.24493016759776476, 0.3085701427684661, 0.38393327126008764, 0.29600962135319747, 0.31024487895716857, 0.1779407200496584, 0.023864990689013186, 0.5798774053382991, 0.664451582867783, 0.22650806952203603, 0.054010242085662075, 0.8118283674736183, 0.728928926132837, 1.7387948479205448, 1.6785043451272486, 0.6744999999999993, 0.3060580384854124, 6.046216325263807, 0.40570484171322135, 0.4944658597144628, 0.7021331471135931, 0.7046452513966481, 6.855951272501548, 0.476043761638734, 0.6945968342644319, 0.9633919925512099, 0.4785558659217878, 0.8938904407200498, 0.3772343265052763, 0.4634832402234626, 0.6778494723774042, 1.5562486033519547, 24.779815332091857, 0.028051831160769394, 0.3403901303538175, 0.012141837368094403, 0.22902017380508977, 0.2993590937306011, 0.7791710117939171, 0.7046452513966481, 0.36718590937306, 0.25581595282433234, 0.6962715704531344, 0.8143404717566735, 0.7197178770949719, 0.9952119801365612, 7.503236809435131, 1.207066108007449, 0.1427712600869021, 1.7203727498448163, 0.17459124767225345, 0.9173367473618874, 0.7741468032278083, 1.1015577281191802, 0.009629733085040677, 0.8670946617008072, 0.46934481688392266, 0.9742777777777774, 0.06489602731222822, 0.0037681564245805885, 0.14612073246430707, 1.6215633147113584, 1.1844571694599628, 1.1166303538175038, 0.3244801365611411, 0.41407852265673517, 0.34541433891992496, 1.1308656114214763, 0.12434916201117337, 0.05066076970825572, 0.34457697082557376, 0.4911163873370578, 1.7287464307883287, 0.9039388578522661, 0.3403901303538175, 1.7103243327126, 1.1141182495344502, 1.1216545623836114, 1.351093420235878, 1.2556334574798254, 1.3611418373680944, 1.263169770328988, 0.35964959652389883, 0.2742380509000624, 0.23236964618249614, 0.5329847920546241, 0.2549785847299811, 0.19803755431408965, 0.30354593420235865, 0.3621617008069526, 0.25414121663562983, 0.585738981998758, 0.98181409062694, 0.34541433891992634, 6.47411142147734, 1.1116061452513963, 0.32029329608938495, 1.2238134698944754, 1.5704838609559273, 1.4231070763500933, 1.0613640595903162, 1.4591139044071995, 0.4978153320918691, 0.028051831160769394, 1.353605524518932, 1.2815918684047167, 0.3085701427684661, 0.2616775294847924, 1.6801790813159512, 0.03642551210428321, 0.8863541278708872, 0.9349214773432648, 0.9123125387957784, 1.2221387337057728, 1.141751396648044, 1.138401924270639, 0.7021331471135944, 0.6745000000000008, 1.2832666045934205, 0.35713749224084373, 1.5311275605214145, 1.463300744878957, 0.7021331471135944, 6.545287709497203, 1.8250437616387327, 0.3219680322780874, 0.6711505276225943, 0.3328538175046549, 0.8017799503414034, 0.9064509621353197, 0.23404438237119723, 0.23488175046554985, 1.0077725015518313, 0.9290599006828061, 1.7253969584109234, 0.32782960893854746, 0.3554627560521412, 0.2591654252017387, 6.835854438237118, 0.25079174425822487, 0.31945592799503364, 0.972603041589075, 6.4448035381750435, 1.0848103662321524, 1.5026570453134698, 6.684290813159527, 8.839676288019861, 1.1216545623836127, 0.4894416511483553, 0.01884078212290573, 6.19861731843575, 1.682691185599006, 0.29684698944754734, 0.3152690875232774, 0.2600027932960899, 0.33704065797641114, 0.2114354438237123, 1.0320561762880187, 1.1074193047796388, 0.2256707014276848, 0.47018218497827396, 0.3470890751086274, 0.4852548106765991, 0.7892194289261334, 0.7046452513966481, 1.639148044692736, 0.32782960893854746, 1.5428507138423333, 1.0437793296089375, 1.1208171942892602, 1.7379574798261936, 1.0948587833643688, 0.8679320297951584, 0.713018932340162, 0.35211328367473627, 0.0883423339540658, 0.016328677839852007, 0.17291651148355097, 0.9365962135319673, 6.546962445685907, 7.084552762259462, 1.1090940409683412, 1.714511173184356, 0.7004584109248906, 0.00041868404717562095, 0.06740813159528335, 6.4489903786467995, 1.1116061452513963, 0.520424270639354, 0.9206862197392923, 0.454272191185599, 0.7029705152079457, 0.919848851644941, 0.6803615766604594, 1.1049072004965852, 0.001256052141526863, 0.9298972687771574, 0.07159497206703955, 0.0221902545003107, 0.34122749844816874, 0.21980912476722614, 1.5135428305400356, 0.5078637492240841, 0.037262880198634454, 0.01549130974549937, 0.5179121663563003, 0.0221902545003107, 1.6810164494103037, 0.024702358783364426, 0.711344196151458, 0.933246741154561, 0.36551117318435755, 0.00041868404717562095, 0.9784646182495349, 0.9031014897579148, 1.0421045934202364, 0.34792644320298005, 0.3378780260707624, 0.926547796399751, 0.36299906890130385, 0.28931067659838616, 0.07745654872749824, 0.0037681564245819832, 0.35211328367473627, 1.0086098696461812, 1.7128364369956537, 0.019678150217256975, 1.1735713842333952, 0.3320164494103037, 0.11932495344506591, 0.31945592799503364, 0.4894416511483553, 0.6024863438857841, 0.8888662321539409, 0.5723410924891367, 0.6510536933581618, 0.6703131595282431, 0.680361576660458, 0.04982340161390448, 0.940783054003725, 0.585738981998758, 1.1116061452513963, 0.9893504034761011, 1.0739245810055864, 1.6885527622594647, 0.32782960893854746, 1.01363407821229, 1.138401924270639, 0.1444459962756046, 0.023027622594661942, 57.30151738050897, 0.46850744878957146, 0.9642293606455611, 1.0755993171942888, 0.25581595282433234, 0.6719878957169455, 1.0948587833643688, 0.29182278088143987, 1.705300124146491, 0.23320701427684598, 0.36802327746741126, 1.5696464928615759, 0.6678010552451894, 0.3320164494103037, 0.2574906890130362, 1.7463311607697076, 1.7044627560521413, 1.739632216014896, 1.0052603972687761, 0.6811989447548106, 3.665578833022966, 1.469999689633767, 1.7136738050900049, 1.1149556176288014]",1.1335142691087985,0.6745,2.8249963489740932,0.0,80.56966886109286,3520.0,8.0,2.0,0.67
1,"[1.4389854988399076, 0.8779454756380508, 1.018009860788863, 0.02269199535962888, 0.0860730858468674, 5.562668793503479, 0.5657349187935038, 0.18544837587007001, 0.2566542923433879, 0.21440023201856132, 0.273086426914153, 1.5242761020881672, 1.4569825986078886, 0.9014199535962875, 1.0500916473317867, 1.5375783062645012, 1.6166090487238984, 1.4405504640371234, 0.3505522041763346, 0.4350603248259864, 0.9530638051044089, 1.0383544083526686, 0.6212911832946643, 0.6205087006960565, 1.6111316705336425, 0.2308323665893278, 5.728555104408351, 1.4382030162412998, 0.18857830626450126, 0.07746577726218025, 0.8787279582366586, 1.72302668213457, 0.6486780742459399, 0.2676090487238984, 1.0360069605568452, 1.0227047563805112, 0.30751566125290025, 0.4710545243619492, 0.46479466357308546, 0.2323973317865421, 1.5657476798143861, 1.0156624129930396, 0.2676090487238971, 0.3403799303944318, 0.5915568445475637, 0.6252035962877032, 0.30986310904872366, 0.22848491879350308, 0.31925290023201863, 0.24726450116009294, 1.0352244779582374, 1.023487238979119, 0.29577842227378187, 0.3317726218097447, 0.3223828306264498, 0.2519593967517398, 1.340392691415313, 1.2793590487238977, 0.6917146171693742, 0.8122169373549889, 0.22457250580046406, 0.29186600928074286, 0.06651102088167103, 0.1455417633410669, 0.2527418793503476, 0.317687935034803, 0.8928126450116016, 0.5978167053364275, 0.5086136890951276, 0.26526160092807366, 0.0023474477958234075, 0.06885846867749443, 0.015649651972158653, 0.5759071925754065, 0.48513921113689096, 0.09546287703016232, 0.895160092807425, 1.0203573085846864, 1.5555754060324833, 1.0391368909512764, 0.10720011600928066, 0.2871711136890948, 1.4264657772621816, 0.9945353828306264, 1.5806148491879357, 0.6009466357308587, 1.5978294663573085, 0.6205087006960565, 0.2613491879350347, 0.28012877030162325, 0.317687935034803, 0.14319431554524348, 0.22926740139211088, 0.21831264501160166, 0.2871711136890948, 0.07746577726218025, 0.007824825986078025, 0.7558781902552205, 0.6799773781902545, 0.7511832946635725, 0.021909512761021075, 0.2527418793503476, 0.321600348027842, 0.25352436194895533, 1.5954820185614853, 1.6033068445475644, 0.6478955916473321, 0.5125261020881666, 0.5086136890951276, 0.5469553364269139, 0.6048590487238978, 0.06494605568445412, 0.00547737819025592, 0.5446078886310904, 0.4679245939675167, 0.6400707656612528, 0.5031363109048717, 0.21283526682134574, 0.2723039443155452, 0.6745000000000001, 1.6095667053364267, 0.4256705336426915, 0.48748665893271437, 0.2629141531322503, 0.6369408352668215, 0.7683979118329467, 0.7073642691415316, 0.0312993039443147, 0.7707453596287701, 0.6987569605568446, 1.063393851508121, 1.0266171693735502, 0.9561937354988401, 2.87953596287703, 0.4694895591647323, 1.3051809744779577, 1.027399651972158, 0.7144066125290018, 0.5618225058004633, 0.18857830626450126, 0.7441409512761021, 0.9272418793503475, 0.6275510440835266, 1.1033004640371227, 0.9288068445475645, 1.0078375870069605, 3.912412993039444, 3.2496502320185607, 1.5180162412993035, 1.1799837587006965, 1.075913573085847, 0.2777813225058011, 0.007824825986078025, 1.8795232018561487, 1.3701270301624133, 0.04303654292343304, 1.3685620649651962, 1.2144129930394423, 1.2832714617169367, 1.0688712296983756, 0.6471131090487242, 0.2895185614849195, 0.28404118329466355, 0.9256769141531319, 0.6745000000000001, 0.8403863109048724, 0.6283335266821344, 1.0344419953596282, 0.8231716937354981, 0.7308387470997683, 0.7934373549883991, 0.6690226218097441, 1.5720075406032485, 0.0039124129930403154, 0.7996972157772614, 1.2590145011600924, 1.1197325986078879, 1.308310904872389, 1.2644918793503481, 1.195633410672854, 1.0266171693735502, 0.12441473317865362, 0.8114344547563811, 0.9530638051044077, 0.881075406032482, 1.1612041763341066, 1.075913573085847, 2.894403132250579, 0.4827917633410675, 0.7903074245939679, 0.7018868909512758, 1.2856189095127601, 1.2097180974477957, 1.2629269141531327, 0.00860730858468713, 0.4632296983758699, 7.156585846867749, 1.339610208816705, 0.16119141531322553, 1.2793590487238977, 0.7738752900232013, 1.5954820185614853, 0.7550957076566127, 1.6080017401392113, 0.2605667053364269, 0.8615133410672856, 0.939761600928075, 1.1173851508120642, 1.0242697215777254, 0.9538462877030168, 5.0665748259860806, 4.977371809744779, 0.3294251740139213, 0.2762163573085855, 0.273086426914153, 1.600959396751741, 1.5743549883990717, 1.4765446635730861, 0.9350667053364268, 0.5766896751740143, 1.0641763341067285, 0.5798196055684455, 0.9632360788863117, 0.21127030162413013, 0.04303654292343304, 5.5149373549883975, 2.126787703016242, 0.28560614849187915, 0.6103364269141537, 0.08685556844547519, 1.0414843387470998, 0.6658926914153129, 0.23239733178654337, 0.2910835266821351, 0.6361583526682137, 0.863860788863109, 0.656502900232018, 0.5586925754060321, 0.5978167053364262, 0.5258283062645006, 0.8372563805104412, 0.006259860788862419, 1.0375719257540608, 0.6267685614849189, 0.6330284222737825, 0.4734019721577726, 0.6917146171693729, 1.09704060324826, 0.568864849187935, 0.4945290023201859, 0.9640185614849195, 1.0258346867749424, 0.08529060324825959, 0.5399129930394423, 0.4694895591647323, 0.6267685614849189, 0.09076798143851421, 0.13380452436194856, 1.6080017401392113, 1.0344419953596296, 0.31064559164733146, 0.4734019721577726, 1.6173915313225062, 1.600176914153132, 1.5868747099767981, 1.5868747099767981, 1.0563515081206494, 0.02425696055684448, 0.019562064965197665, 0.8998549883990719, 0.23709222737819022, 6.579113689095125, 0.5563451276102088, 1.036789443155453, 0.7691803944315545, 1.0281821345707658, 0.16588631090487235, 0.04460150812064995, 0.5939042923433873, 0.6486780742459399, 0.5712122969837583, 0.7605730858468673, 0.6885846867749417, 0.48357424593967535, 0.45696983758700616, 0.6541554524361946, 0.19718561484918837, 0.269174013921114, 0.6979744779582366, 0.31690545243619517, 0.7355336426914151, 0.08216067285382839, 0.563387470997679, 0.49139907192575333, 0.2629141531322503, 0.6252035962877032, 0.8043921113689095, 0.3239477958236654, 0.6369408352668215, 0.5313056844547566, 0.6158138051044083, 0.0, 1.379516821345708, 0.7370986078886307, 0.6776299303944312, 0.48435672853828315, 0.5712122969837583, 0.07590081206496466, 0.010954756380510538, 1.1361647331786542, 1.1995458236658927, 1.115037703016241, 1.031312064965197, 0.780135150812065, 0.9225469837587007, 0.5813845707656611, 0.5117436194895588, 0.7472708816705335, 0.30751566125290025, 0.48592169373549876, 1.4366380510440844, 0.04147157772621874, 1.2136305104408345, 0.2762163573085855, 1.0156624129930396, 0.5508677494199542, 0.28560614849187915, 0.22691995359628747, 0.19405568445475718, 0.8896827146171692, 0.5547801624129932, 0.48670417633410656, 1.5813973317865435, 0.10172273781902605, 1.5172337587006957, 0.7613555684454751, 0.682324825986078, 0.965583526682135, 0.6158138051044083, 1.0266171693735502, 0.9311542923433879, 0.9468039443155452, 1.0187923433874708, 1.5634002320185614, 1.5954820185614853, 0.5336531322505799, 0.6064240139211133, 0.586861948955917, 1.5720075406032485, 1.3638671693735493, 0.9092447795823668, 1.0281821345707658, 1.0172273781902552, 0.39906612529002355, 0.47261948955916483, 0.6126838747099771, 0.33803248259860713, 0.273086426914153, 1.0305295823665892, 1.4358555684454766, 1.6040893271461723, 1.5587053364269146, 1.4538526682134572, 0.9475864269141531, 1.0094025522041772, 1.6080017401392113, 1.5469680974477962, 1.0164448955916474, 1.5939170533642695, 1.6236513921113684, 0.4123683294663575, 1.4405504640371234, 1.014097447795824, 0.8170832420591446, 0.7978751369112813, 0.656769441401971, 0.7816221248630878, 0.8045240963855412, 1.1835147864183997, 0.09456297918948575, 0.42553340635268283, 0.10342825848849903, 0.01994687842278228, 0.09751807228915685, 0.0879140197152246, 5.515681270536686, 0.4196232201533407, 0.000738773274917771, 0.42257831325301176, 0.7801445783132523, 4.814585432639643, 0.05614676889375675, 0.07978751369112788, 4.12826506024096, 5.231992332968231, 4.315174698795175, 0.40854162102957287, 1.3637754654983554, 0.8008302300109524, 1.3489999999999986, 0.5053209200438107, 0.7771894852135812, 0.8074791894852122, 0.43661500547645066, 1.9740021905805019, 0.2681746987951804, 0.3701254107338439, 0.09899561883899238, 0.1285465498357069, 0.08422015334063575, 0.1012119386637457, 0.09160788608981345, 0.45360679079956184, 1.1886861993428253, 0.002955093099671084, 0.0820038335158812, 0.32284392113910165, 0.64347152245345, 0.05245290251916789, 6.159891566265054, 0.15809748083242023, 0.774973165388828, 0.4646883899233284, 0.38416210295728276, 0.08422015334063575, 0.40632530120481836, 0.5112311062431542, 0.4092803943044894, 0.7734956188389911, 0.19577491785323023, 0.8156056955093091, 0.9559726177437002, 0.4691210295728363, 1.1221966046002183, 0.4277497261774362, 0.36569277108433723, 0.7668466593647312, 0.262264512595837, 0.18247699890470911, 0.18838718510405253, 0.7380345016429345, 0.6545531215772165, 0.9219890470974791, 0.8311199342825834, 1.3253592552026277, 0.5178800657174141, 0.9271604600219048, 0.4137130339539973, 1.375595837897041, 1.278816538882802, 0.8976095290251902, 0.8244709748083235, 0.41445180722891506, 1.2448329682365806, 1.1665230010952885, 0.41297426067907955, 0.16400766703176362, 0.16696276013143468, 0.42257831325301176, 0.6486429353778743, 1.3128001095290243, 0.939719605695508, 0.020685651697700046, 0.09456297918948575, 0.08348138006571797, 5.8267048192771025, 0.6383001095290243, 0.7912261774370201, 0.0768324205914568, 0.7764507119386634, 0.38711719605695505, 0.41297426067907955, 0.4211007667031762, 0.3981987951807229, 0.28738280394304494, 0.20316265060240918, 0.8074791894852122, 0.1012119386637457, 1.123674151150054, 0.1041670317634168, 0.31915005476451275, 0.0716610076670324, 1.269212486308871, 0.4174069003285862, 1.0594008762322007, 0.6648959474260677, 0.757242606790799, 0.4203619934282585, 0.6907530120481922, 0.11007721796276018, 0.010342825848850023, 0.07239978094195018, 0.7897486308871846, 1.123674151150054, 0.252660460021906, 0.8052628696604589, 0.09751807228915685, 1.3305306681270521, 0.6331286966045999, 0.777928258488499, 0.39302738225629724, 0.42257831325301176, 0.15144852135815906, 0.10047316538882793, 1.3334857612267244, 5.480958926615546, 0.4107579408543262, 0.5097535596933174, 0.4240558598028473, 0.7890098576122656, 0.26669715224534485, 0.31693373493975824, 0.21424424972617698, 1.0039928806133616, 0.8392464403066802, 0.7336018619934278, 0.7927037239868556, 0.7587201533406345, 0.791964950711938, 0.4196232201533407, 2.940317634173052, 0.4137130339539973, 0.9677929901423858, 0.8865279299014225, 0.2652196056955093, 0.1832157721796269, 0.4159293537787506, 1.008425520262868, 1.317232749178531, 0.04949780941949558, 0.5252677984665931, 0.432182365826944, 0.6789326396495066, 0.8060016429353768, 0.2556155531215771, 0.8156056955093091, 0.39893756845564066, 0.2630032858707548, 0.16770153340635247, 5.610983023001088, 0.38490087623220176, 0.2548767798466593, 0.6663734939759033, 0.44178641840087507, 0.6759775465498342, 0.9338094194961646, 0.80821796276013, 0.7033121577217956, 0.7801445783132523, 0.39302738225629724, 0.6604633077765599, 1.3320082146768875, 1.838067907995616, 0.4277497261774362, 0.17508926615553141, 0.7986139101861991, 0.4270109529025184, 0.8481117196056946, 1.1059435925520251, 1.0143357064622116, 0.6360837897042709, 0.4174069003285862, 0.9663154435925503, 1.3556489594742587, 1.178343373493974, 0.6863203723986856, 0.6242634173055854, 1.209371851040524, 0.16548521358159915, 1.1620903614457818, 0.08495892661555351, 0.4196232201533394, 1.3150164293537776, 0.71882639649507, 0.6375613362541065, 0.7380345016429345, 0.6471653888280388, 1.0867354874041604, 1.006209200438115, 0.3996763417305584, 0.8503280394304479, 0.6700673603504921, 0.045803943044906724, 0.3206276013143483, 0.7631527929901412, 1.2455717415114997, 0.0901303395399779, 0.24379518072289152, 1.3209266155531199, 0.40928039430449065, 0.42848849945235395, 0.0, 0.093085432639649, 0.0036938663745888552, 0.1041670317634168, 0.45212924424972506, 0.70183461117196, 0.7550262869660457, 0.2962480832420594, 0.3752968236582695, 0.16622398685651693, 0.2703910186199337, 0.1942973713033947, 5.183233296823652, 0.4137130339539973, 6.4199397590361365, 0.4240558598028473, 0.224587075575027, 0.9411971522453436, 0.639038882803942, 0.4137130339539973, 0.33244797371303386, 0.22901971522453363, 0.6730224534501632, 0.2918154435925515, 0.1721341730558591, 0.7927037239868556, 0.5769819277108432, 0.4757699890470962, 0.6471653888280388, 0.9456297918948514, 0.8436790799561867, 0.8178220153340624, 0.8185607886089801, 0.4440027382256296, 0.23640744797371258, 0.15809748083242023, 0.7424671412924412, 0.6604633077765599, 0.33540306681270493, 0.72252026286966, 0.3885947426067906, 0.09456297918948575, 1.258130887185103, 0.10490580503833578, 0.6346062431544355, 1.3357020810514775, 0.1071221248630891, 0.09751807228915685, 0.16400766703176362, 0.7254753559693311, 0.6316511500547631, 1.060878422782036, 1.0660498357064605, 0.774973165388828, 0.09973439211391016, 0.8311199342825834, 0.8067404162102946, 0.1566199342825847, 6.176883351588162, 0.11746495071193913, 6.479780394304483, 0.7661078860898135, 1.2485268346111709, 1.175388280394303, 0.7158713033953988, 0.09234665936473123, 0.40632530120481836, 1.0800865279299006, 0.9936500547645115, 0.07830996714129235, 0.80821796276013, 0.9426746987951791, 0.8643647316538868, 0.19060350492880582, 0.8444178532311045, 6.439147864184001, 0.9855235487404148, 6.614237130339532, 0.9788745892661537, 0.24527272727272706, 0.16622398685651693, 0.7343406352683457, 0.646426615553121, 0.47798630887185073, 0.005910186199343399, 1.088951807228914, 1.3342245345016421, 1.0675273822562972, 0.024379518072288903, 0.7683242059145667, 0.5031046002190575, 0.7853159912376767, 0.7247365826944133, 0.08643647316538905, 0.4861128148959462, 0.4107579408543262, 0.8052628696604589, 1.3275755750273808, 0.7882710843373489, 0.009604052573932254, 1.2603472070098565, 1.3157552026286954, 0.7092223439211389, 0.7890098576122668, 0.9692705366922226, 1.3231429353778743, 0.7808833515881701, 0.8392464403066802, 0.04284884994523564, 0.07387732749178572, 0.4927617743702074, 0.4211007667031762, 1.300240963855421, 0.12780777656078915, 0.1388893756845557, 0.3716029572836794, 1.1739107338444674, 0.6479041621029565, 0.06057940854326461, 5.53193428258488, 0.431443592552025, 6.040949069003278, 5.210567907995613, 0.4188844468784217, 0.9212502738225613, 0.8119118291347202, 4.324039978094189, 0.6220470974808321, 0.08052628696604565, 6.194613910186192, 0.4181456736035039, 1.0475805038335149, 0.8311199342825834, 4.769520262869654, 6.247066812705361, 0.4004151150054762, 0.30215826944140156, 1.0896905805038317, 1.012858159912376, 0.8104342825848834, 0.9759194961664825, 1.3371796276013133, 0.6745, 0.7579813800657167, 0.6988795180722889, 0.7890098576122668, 0.000738773274917771, 0.07387732749178572, 0.35461117196056946, 0.6279572836801742, 0.7557650602409635, 1.247788061336253, 1.1680005476451238, 1.3113225629791876, 0.8156056955093091, 1.1391883899233284, 0.6523368017524644, 1.0719600219058039, 0.9840460021905792, 0.3760355969331873, 1.3142776560788598, 0.7646303395399766, 1.5573340635268325, 0.4196232201533407, 0.5843696604600208, 0.46616593647316523, 1.6253012048192745, 0.9153400876232192, 0.8355525739320913, 1.2699512595837887, 0.9943888280394292, 0.0, 0.08348138006571797, 1.3541714129244231, 0.7313855421686734, 1.2729063526834596, 0.7823608981380056, 0.31250109529025155, 0.05245290251916789, 0.8030465498357058, 1.0919069003285862, 1.1015109529025173, 0.7786670317634168, 0.3797294633077761, 0.21867688937568358, 0.8052628696604589, 0.39598247535596953, 0.09530175246440353, 1.1576577217962751, 0.04432639649507118, 0.18099945235487358, 0.8429403066812691, 1.2950695509309953, 4.463668127053664, 0.8680585980284768, 0.42183953997809404, 0.17878313253012026, 0.21719934282584805, 0.4085416210295717, 1.1724331872946316, 0.7712792990142379, 0.7941812705366913, 0.6575082146768888, 0.01477546549835665, 1.0970783132530106, 0.2164605695509303, 0.356088718510405, 0.3900722891566262, 6.357144030668119, 1.0461029572836795, 1.2847267250821452, 0.06205695509310014, 1.365253012048191, 0.7816221248630878, 1.1761270536692205, 0.6656347207009855, 0.2962480832420594, 0.383423329682365, 0.028073384446877757, 0.19799123767798477, 0.300680722891566, 0.7867935377875135, 0.42553340635268283, 0.5208351588170852, 0.07387732749178572, 1.0357601314348293, 0.8148669222343913, 0.7542875136911278, 0.8030465498357058, 1.3283143483022988, 0.01994687842278228, 1.219714676889374, 0.7978751369112813, 0.0036938663745888552, 0.0879140197152246, 1.3283143483022988, 1.3187102957283663, 1.1680005476451252, 0.2652196056955093, 0.37308050383351615, 1.313538882803942, 0.7705405257393201, 1.1702168674698785, 0.7106998904709745, 1.2404003285870742, 1.0520131434830216, 0.72252026286966, 0.7565038335158811, 0.7816221248630878, 2.4416456736035013, 2.700216319824751, 0.6442102957283676, 1.265518619934281, 1.3260980284775454, 1.326836801752463, 1.0192086072922881, 0.9426066945606687, 1.039367005379557, 0.8829378362223542, 0.9635714285714281, 1.039367005379557, 0.6103962940824862, 0.4531607890017928, 1.4586616855947385, 0.41445666467423775, 0.3144710101613869, 0.27496054991033986, 0.6523257621040038, 0.24351344889420198, 1.627992229527793, 0.606364614465033, 0.606364614465033, 0.6071709503885236, 1.041786013150029, 0.6257166766288098, 0.04434847579198956, 0.5934632396891814, 0.6224913329348473, 0.294312612074118, 0.13223909145248072, 0.13223909145248072, 0.3975236102809315, 5.516144052600117, 0.5757238493723844, 0.45557979677226473, 1.4675313807531372, 1.0603317393903164, 0.8619731022115961, 0.6168469814704115, 0.6103962940824862, 0.4321960549910333, 0.1532038254632402, 0.0459611476389722, 0.8877758517632993, 0.6095899581589955, 0.2854429169157196, 0.0016126718469812922, 2.715739390316796, 1.0240466228332334, 0.5983012552301252, 0.016126718469814266, 0.14433413030484177, 0.03709145248057375, 0.6257166766288098, 0.338661087866109, 1.0321099820681412, 1.5836437537358035, 0.10563000597728672, 0.11611237298266512, 0.28463658099222894, 0.006450687387926512, 0.30398864315600715, 0.9208356246264185, 1.0256592946802146, 0.004031679617453231, 0.12578840406455422, 0.2773795576808131, 0.02419007770472207, 0.38381589958159057, 0.2773795576808131, 0.015320382546323619, 1.5941261207411834, 0.27173520621637726, 1.6150908547519416, 1.0256592946802146, 0.28866826060968354, 0.2685098625224147, 0.1330454273759714, 0.24028810520023938, 0.46203048416019127, 1.598964136282127, 1.603802151823071, 0.2652845188284521, 0.1330454273759714, 0.25157680812910843, 0.27979856545128506, 0.6055582785415424, 0.5047662881052009, 0.8434273759713085, 0.588625224148236, 4.6815863717872075, 0.6015265989240879, 7.091724447101014, 0.28383024506873833, 1.0401733413030476, 0.270122534369396, 0.6410370591751348, 0.6724841601912727, 0.5595971309025701, 0.4692875074716071, 1.0264656306037052, 0.9159976090854747, 0.1467531380753137, 0.2620591751344882, 0.6297483562462645, 1.565098027495516, 0.7377973699940231, 1.0119515839808724, 1.0474303646144647, 0.9442193664076513, 1.6078338314405254, 0.03144710101613923, 0.336242080095637, 0.24109444112373005, 0.8966455469216965, 0.9966312014345486, 0.05160549910340672, 0.6128153018529582, 1.4522109982068134, 0.6216849970113566, 0.21206634787806275, 0.7305403466826059, 0.416069336521219, 0.64748774656306, 0.8369766885833834, 1.2651410639569634, 1.4844644351464433, 0.3668828451882843, 0.27092887029288665, 3.376934847579198, 0.43542139868499724, 0.5410514046622826, 0.6241040047818286, 1.2086975493126115, 1.1046802151823074, 0.9119659294680215, 1.0192086072922881, 0.26447818290496145, 0.04757381948595349, 0.24512612074118328, 0.7152199641362823, 1.5142988643155997, 0.2878619246861916, 1.0280783024506865, 0.3064076509264791, 0.2475451285116552, 1.0240466228332334, 1.0538810520023913, 0.01773939031679556, 0.2257740585774051, 0.6305546921697551, 0.2040029886431563, 0.2257740585774051, 0.4192946802151816, 0.19997130902570306, 0.07257023311416622, 0.39591093843395153, 0.24593245666467392, 0.8031105797967721, 0.7031249252839212, 1.0700077704722055, 1.4643060370591743, 1.2232115959354444, 0.620878661087866, 0.4152630005977284, 1.141771667662881, 1.5513903167961736, 1.6239605499103398, 0.8635857740585773, 0.9813108188882237, 0.18061924686192488, 0.4571924686192474, 0.34349910340705286, 0.13546443514644332, 0.6853855349671243, 0.2040029886431563, 0.7015122534369399, 0.5039599521817089, 0.6031392707710691, 0.44671010161386765, 0.30721398684996976, 0.8135929468021519, 0.7208643156007168, 0.81117393903168, 5.166194261805138, 0.2870555887627009, 0.7313466826060966, 1.6215415421398678, 1.036947997609085, 0.645068738792588, 0.5297627017334136, 0.45638613269575534, 1.0248529587567239, 0.9184166168559466, 0.7353783622235498, 1.6046084877465616, 0.062087866108786464, 0.9401876867901967, 0.620878661087866, 0.33221040047818245, 0.6394243873281522, 0.6273293484757911, 0.3822032277346079, 1.3635140466228328, 1.1554793783622233, 0.5458894202032278, 1.176444112372983, 1.2078912133891209, 1.088553496712492, 1.625573221757321, 0.1185313807531384, 0.2209360430364612, 1.042592349073521, 0.9418003586371781, 1.0119515839808724, 0.9184166168559466, 1.5255875672444703, 0.5321817095038855, 1.105486551105798, 1.5642916915720253, 1.479626419605498, 1.5973514644351459, 0.10563000597728672, 0.5749175134488937, 0.18061924686192488, 0.050799163179916076, 0.6152343096234301, 0.5112169754931261, 0.6281356843992818, 0.12175672444710099, 0.846652719665271, 0.2539958158995817, 1.041786013150029, 1.0643634190077698, 0.3023759713090259, 0.5136359832635979, 1.0055008965929457, 1.3796407650926472, 0.43945307830245045, 0.915191273161984, 1.0288846383741772, 1.5465523012552298, 0.9796981470412425, 1.3570633592349064, 1.6175098625224147, 0.9022898983861324, 1.0111452480573817, 0.4773508667065149, 0.582174536760311, 0.1773939031679623, 0.8660047818290493, 0.9692157800358626, 2.29321936640765, 0.7208643156007168, 1.4457603108188868, 1.034528989838613, 0.2362564255827848, 0.2733478780633586, 0.28947459653317414, 0.8434273759713085, 0.7490860729228935, 1.8440902570233104, 0.5587907949790796, 0.8724554692169744, 0.49267124925283984, 0.5079916317991634, 0.48944590555887585, 0.7168326359832635, 0.7111882845188278, 0.9942121936640768, 0.04838015540944414, 0.28302390914524767, 0.2781858936043038, 0.8385893604303646, 0.7144136282127918, 1.1191942618051403, 0.6918362223550508, 0.7168326359832635, 0.9119659294680215, 1.0208212791392708, 0.5539527794381343, 1.3570633592349064, 1.0272719665271959, 1.6400872683801542, 0.5910442319187094, 0.270122534369396, 0.07660191273161944, 1.1788631201434547, 0.9393813508667062, 0.5362133891213388, 1.2264369396294084, 0.9361560071727436, 0.7724698147041249, 1.553809324566647, 1.6199288702928867, 0.25560848774656303, 1.5449396294082485, 0.7571494321577998, 0.6071709503885236, 1.615897190675432, 0.6386180514046629, 0.5120233114166167, 0.4660621637776444, 0.6144279736999408, 0.49670292887029305, 2.126307830245069, 1.0224339509862521, 0.45074178123132086, 0.2862492528392116, 0.0016126718469812922, 1.0167895995218161, 0.8184309623430958, 0.728121338912134, 0.983729826658697, 0.7619874476987452, 0.8974518828451871, 1.0175959354453068, 0.9288989838613263, 1.0280783024506865, 0.5595971309025701, 1.3812534369396285, 1.6078338314405254, 0.6765158398087272, 0.7442480573819482, 0.7184453078302449, 0.713607292289301, 0.15723550508069345, 1.222405260011954, 1.093391512253437, 1.0667824267782429, 1.1135499103407045, 0.7329593544530779, 1.0425923490735196, 0.028221757322175297, 0.7079629408248652, 0.5144423191870886, 0.8966455469216965, 1.2336939629408241, 1.1135499103407045, 0.0024190077704719383, 1.0546873879258807, 0.6232976688583379, 0.2773795576808131, 0.28383024506873833, 0.5128296473401073, 0.9530890615660484, 0.9353496712492528, 1.0571063956963538, 0.6047519426180504, 1.5683233711894786, 0.11611237298266512, 0.5765301852958751, 1.061138075313807, 0.2539958158995817, 0.4152630005977284, 0.8716491332934851, 0.2773795576808131, 0.26689719067543344, 0.24512612074118328, 0.5112169754931261, 0.9232546323968919, 0.8264943215780036, 0.7232833233711888, 0.9587334130304843, 0.5676604901374767, 0.9353496712492528, 0.7200579796772263, 1.0450113568439927, 6.3240926479378325, 0.5216993424985058, 0.7410227136879857, 0.5079916317991634, 0.5184739988045431, 0.1596545128511654, 0.2733478780633586, 0.6241040047818286, 0.8353640167364019, 0.7297340107591154, 0.3031823072325165, 1.0917788404064557, 7.209449491930662, 0.917610280932456, 1.0192086072922881, 1.222405260011954, 0.917610280932456, 0.15642916915720279, 0.525731022115959, 6.026554692169753, 1.0450113568439927, 0.6289420203227738, 0.7627937836222358, 0.0016126718469812922, 0.285442916915721, 0.4934775851763291, 0.25883383144052563, 0.4862205618649133, 0.5862062163777642, 1.0264656306037052, 0.6120089659294675, 0.5144423191870886, 1.0264656306037052, 1.0409796772265396, 0.9353496712492528, 0.6047519426180504, 1.0192086072922881, 0.37333353257620944, 0.6015265989240879, 5.451637178720859, 6.58292647937836, 0.781339509862522, 0.9022898983861324, 1.2280496114763897, 0.7829521817095033, 0.03628511655708311, 0.22416138673042377, 1.5062355050806921, 0.20319665271966564, 1.5844500896592943, 0.915191273161984, 0.7299687500000014, 0.7366250000000005, 0.7639895833333347, 1.2868750000000007, 0.7810000000000007, 0.7588125000000007, 0.743281250000001, 1.289833333333335, 1.289833333333335, 0.7780416666666675, 0.7588125000000007, 1.3031458333333348, 0.6123750000000007, 0.7625104166666669, 0.7410625000000013, 1.197385416666667, 1.2839166666666677, 0.7647291666666679, 0.6974270833333345, 0.002958333333333009, 0.05620833333333333, 0.04437500000000007, 0.7270104166666671, 0.5635624999999999, 0.4481875000000002, 0.05472916666666683, 0.2240937500000001, 0.22039583333333257, 0.6397395833333334, 0.7447604166666676, 1.2994479166666673, 0.19672916666666604, 0.5709583333333336, 0.7403229166666668, 0.24923958333333435, 0.364614583333334, 0.35204166666666753, 0.6256875000000004, 0.16048958333333424, 0.36831250000000026, 0.014791666666667508, 5.621572916666669, 0.7292291666666668, 6.088989583333336, 0.6545312499999998, 5.489927083333336, 5.347927083333336, 0.4592812500000002, 6.117833333333336, 0.4785104166666672, 0.5347187500000006, 0.3002708333333337, 0.6767187499999997, 0.7773020833333331, 1.05834375, 0.9577604166666663, 0.04881250000000081, 0.03697916666666754, 0.31654166666666644, 0.06878124999999985, 0.20560416666666628, 0.9318750000000001, 0.9496250000000006, 0.8564374999999997, 0.6360416666666672, 0.9755104166666669, 0.862354166666667, 1.3297708333333342, 1.2284479166666675, 0.0680416666666666, 0.038458333333334045, 0.21004166666666704, 0.364614583333334, 0.33577083333333346, 0.23296875000000034, 1.0783125000000013, 0.3823645833333333, 1.207739583333334, 0.36535416666666726, 0.8520000000000002, 0.35721875000000025, 1.1441354166666682, 0.8246354166666662, 0.7218333333333331, 0.79875, 0.6597083333333337, 0.7758229166666679, 1.1234270833333344, 0.6160729166666669, 0.47703124999999946, 0.032541666666666795, 0.3076666666666662, 0.057687499999999836, 0.06286458333333383, 0.9880833333333334, 0.87640625, 0.8608750000000005, 0.6737604166666668, 1.934750000000001, 0.2558958333333336, 0.8564374999999997, 0.806885416666667, 0.8379479166666671, 1.2868750000000007, 1.1959062500000006, 5.238468750000003, 0.49034375000000047, 6.45804166666667, 0.6678437499999994, 0.6020208333333339, 0.7336666666666676, 1.282437500000001, 1.4333125000000007, 1.3142395833333333, 0.967375, 0.8653125, 0.9607187500000006, 0.85421875, 0.38680208333333405, 0.2706874999999999, 0.66340625, 0.6574895833333338, 0.5147500000000003, 0.05029166666666731, 0.651572916666668, 0.7588125000000007, 0.340208333333333, 0.9710729166666674, 0.9703333333333342, 0.028843750000000532, 1.309802083333334, 1.20478125, 0.7314479166666678, 0.2854791666666662, 0.4829479166666667, 0.8135416666666662, 0.7099999999999999, 1.1041979166666664, 0.5716979166666669, 0.4592812500000002, 0.7395833333333336, 0.05103125000000057, 0.03845833333333281, 0.05546875000000008, 0.23888541666666635, 0.5968437500000011, 1.114552083333333, 1.0110104166666667, 0.028104166666667284, 0.9910416666666665, 0.859395833333334, 0.6064583333333334, 0.46593749999999945, 0.9718125000000006, 0.870489583333334, 0.05472916666666683, 0.22335416666666683, 0.34834375, 0.9903020833333332, 0.05990625000000082, 0.34316666666666723, 0.4407916666666664, 0.5635624999999999, 0.4651979166666662, 0.7743437500000001, 1.166322916666667, 0.6471354166666672, 0.7447604166666676, 0.8675312499999998, 0.7055625000000002, 0.7551145833333343, 0.588708333333333, 0.46002083333333343, 0.49034375000000047, 0.3646145833333328, 0.6848541666666668, 0.5864895833333331, 0.4585416666666669, 0.37348958333333426, 0.7676875000000009, 0.36831250000000026, 0.9851250000000005, 0.8527395833333336, 0.80984375, 0.2137395833333333, 1.0287604166666673, 1.3371666666666668, 0.6242083333333339, 1.183333333333334, 0.07026041666666759, 0.5665208333333328, 0.46002083333333343, 0.3986354166666673, 0.08505208333333387, 0.21669791666666632, 0.732187500000001, 0.7610312500000004, 0.7521562500000002, 0.6515729166666666, 1.1515312500000006, 1.0413333333333337, 1.1589270833333332, 1.047989583333333, 0.08948958333333339, 0.042895833333333556, 0.8054062500000004, 0.6781979166666663, 0.6035000000000004, 0.4452291666666672, 0.18933333333333352, 0.5901875000000006, 1.0354166666666667, 6.483927083333337, 0.356479166666667, 0.7277500000000003, 0.6286458333333333, 0.4296979166666664, 1.2913125000000012, 0.7521562500000013, 0.345385416666667, 0.07987499999999986, 0.1834166666666675, 0.6878124999999997, 0.5753958333333331, 0.6678437500000007, 0.7617708333333336, 0.6708020833333337, 0.08061458333333311, 0.025145833333334273, 0.7551145833333343, 0.353520833333334, 0.22113541666666708, 0.6242083333333339, 0.6338229166666661, 0.4614999999999999, 0.0680416666666666, 0.32615625, 0.22927083333333287, 0.05842708333333309, 0.49478124999999995, 0.3853229166666663, 1.274302083333334, 2.5693125000000006, 0.760291666666667, 0.062124999999999354, 0.332072916666666, 0.9903020833333332, 0.8875000000000001, 0.07987499999999986, 0.32245833333333374, 1.2920520833333344, 0.6175520833333334, 0.7336666666666676, 0.3209791666666672, 1.1108541666666683, 0.35500000000000054, 0.350562500000001, 1.1493125000000008, 0.5961041666666667, 0.4814687500000002, 0.3623958333333343, 0.05620833333333333, 0.38162500000000005, 0.3490833333333333, 0.2226145833333336, 0.5428541666666663, 0.4481875000000002, 1.2794791666666683, 0.38162500000000005, 0.771385416666667, 0.3143229166666667, 0.02736458333333403, 0.6412187500000012, 0.7440208333333344, 1.1463541666666681, 0.6079375000000011, 0.3749687500000008, 0.3808854166666668, 0.048072916666667555, 0.24110416666666734, 0.6833750000000003, 0.06730208333333335, 0.07173958333333409, 0.19524999999999954, 0.6611875000000003, 0.18119791666666651, 0.6345625000000006, 0.7469791666666674, 0.4799895833333337, 0.42230208333333386, 1.0206250000000014, 1.2883541666666671, 0.7920937500000006, 1.2373229166666677, 0.7595520833333338, 0.25737500000000013, 0.9592395833333341, 0.859395833333334, 0.6456562500000006, 0.7477187500000005, 0.37348958333333426, 0.37348958333333426, 1.2306666666666672, 0.06508333333333359, 0.053250000000000325, 1.2750416666666675, 0.701864583333334, 0.9747708333333337, 0.8719687500000005, 0.6182916666666679, 1.2180937500000009, 0.3764479166666673, 0.351302083333333, 2.299364583333334, 0.760291666666667, 0.6071979166666679, 0.47111458333333345, 0.7026041666666673, 0.7092604166666677, 1.2676458333333347, 0.26255208333333285, 0.7484583333333338, 0.6582291666666672, 0.7558541666666676, 0.38532291666666757, 1.278739583333335, 0.2780833333333336, 1.3194166666666673, 0.7247916666666673, 4.899739583333336, 0.46593749999999945, 5.830135416666671, 0.2425833333333326, 0.72996875, 0.3675729166666671, 0.20042708333333356, 0.21891666666666607, 1.287614583333334, 0.323197916666667, 0.3771875000000005, 1.132302083333335, 0.37201041666666657, 0.053250000000000325, 1.2802187500000013, 0.23074999999999934, 1.086447916666667, 0.7447604166666676, 0.22853124999999958, 0.5909270833333339, 0.4570625000000004, 0.06138541666666733, 0.47037500000000015, 0.5546874999999996, 0.44596875000000036, 0.837208333333334, 2.537510416666668, 10.033927083333337, 0.6574895833333338, 0.8446041666666665, 0.6434374999999998, 6.453604166666669, 0.6641458333333332, 0.6619270833333335, 0.8320312499999999, 0.8275937500000005, 1.294270833333333, 1.1988645833333338, 0.9873437500000002, 1.1515312500000006, 0.7765625000000012, 0.28104166666666663, 1.075354166666667, 0.7514166666666668, 1.0746145833333338, 1.2380625000000012, 1.2809583333333345, 5.108302083333336, 0.026625000000000777, 5.70144791666667, 0.22039583333333257, 1.2558125000000016, 1.354177083333334, 5.692572916666668, 0.028843750000000532, 5.498062500000004, 6.081593750000003, 1.0080520833333337, 0.8727083333333339, 5.006239583333337, 0.7388437500000004, 6.211020833333338, 0.9584999999999997, 0.85421875, 1.2839166666666677, 0.05472916666666683, 0.3831041666666678, 0.6242083333333339, 0.7447604166666676, 0.025885416666667528, 1.1419166666666671, 0.23592708333333334, 5.833833333333336, 6.225072916666669, 0.002958333333334241, 1.1626250000000007, 1.3061041666666675, 1.2632083333333342, 1.2735625000000008, 0.7595520833333338, 0.017750000000000515, 0.20782291666666608, 0.7373645833333338, 1.2484166666666678, 0.6752395833333332, 0.5576458333333338, 0.3017500000000002, 0.5539479166666675, 0.6848541666666668, 0.09762499999999916, 0.03032291666666704, 0.20338541666666654, 0.08135416666666638, 1.1463541666666681, 1.3038854166666678, 0.760291666666667, 1.1337812500000015, 1.2883541666666671, 1.2816979166666678, 0.6123750000000007, 0.7314479166666678, 0.34834375, 0.7270104166666671, 0.06508333333333359, 0.042895833333333556, 0.754375000000001, 0.35278125000000077, 0.7558541666666676, 0.361656250000001, 1.276520833333334, 0.38902083333333376, 0.04215625000000031, 0.049552083333334065, 0.08357291666666736, 0.4688958333333337, 0.07987499999999986, 0.4555833333333327, 1.2617291666666677, 6.24726041666667, 0.03771875000000079, 1.0206250000000001, 0.8926770833333341, 0.7765624999999998, 1.271343750000001, 1.2883541666666671, 0.8749270833333335, 0.6952083333333335, 0.7758229166666667, 0.6759791666666665, 0.7551145833333343, 0.7225729166666676, 0.08061458333333311, 0.7366250000000005, 0.7743437500000001, 0.4008541666666671, 1.2883541666666671, 0.24406250000000038, 0.37348958333333426, 0.32985416666666745, 1.2699931464174457, 0.32947538940809984, 0.805197507788163, 0.8060380062305305, 0.18827165109034297, 0.08909283489096573, 0.02017196261682161, 0.19751713395638695, 0.36225482866043685, 0.005042990654205053, 0.3647763239875394, 1.1178629283489099, 0.3412423676012464, 0.02017196261682161, 0.37065981308411333, 1.1640903426791285, 0.07564485981308419, 0.011766978193146522, 0.8060380062305305, 0.3479663551401878, 0.5757414330218065, 1.224606230529596, 0.808559501557633, 0.8186454828660445, 1.387662928348911, 0.020171962616823007, 0.36141433021806796, 0.8842043613707159, 0.6723987538940811, 0.7253501557632399, 1.4187613707165116, 0.0, 0.09077383177570215, 0.3261133956386298, 0.2782049844236748, 0.19919813084112056, 0.7598105919003106, 0.4252922118380056, 0.3093034267912768, 0.8211669781931471, 1.090126479750778, 1.0287700934579442, 0.6219688473520251, 1.376736448598132, 0.8060380062305305, 0.38915077881619997, 0.020171962616823007, 0.34292336448598143, 0.8951308411214949, 0.8262099688473522, 0.01344797507788154, 0.02773644859813059, 0.2958554517133953, 0.653067289719627, 0.8102404984423681, 0.6034778816199371, 1.0514635514018682, 0.29501495327102917, 0.3656168224299069, 1.412877881619939, 0.31182492211838075, 0.381586292834891, 0.02773644859813199, 0.4681576323987528, 0.9119408099688464, 0.8447009345794387, 1.303613084112149, 0.2538305295950157, 1.3044535825545178, 1.4086753894081, 1.3985894080996886, 1.0438990654205607, 1.0607090342679122, 0.7463626168224303, 1.0539850467289722, 1.303613084112149, 0.05295140186915866, 1.4061538940809974, 0.40680124610591906, 0.3286348909657309, 1.4204423676012465, 0.0773258566978192, 0.010085981308410106, 0.811921495327103, 0.817804984423677, 0.5664959501557625, 0.4025987538940801, 0.7303931464174463, 0.38915077881619997, 1.3952274143302186, 1.3826199376947046, 0.3630953271028044, 1.0405370716510893, 1.3414355140186924, 0.8127619937694707, 0.08909283489096573, 0.023533956386291646, 0.96321121495327, 0.8404984423676012, 0.3748623052959509, 0.3437638629283489, 0.4395806853582547, 0.13784174454828543, 0.3824267912772585, 0.32022990654205585, 1.1187034267912774, 1.202753271028038, 0.811921495327103, 0.40175825545171256, 0.3109844236760118, 0.6337358255451717, 0.3572118380062304, 0.8329339563862922, 0.03446043613707066, 1.3347115264797509, 0.8001545171339566, 0.3647763239875394, 0.6429813084112143, 0.6438218068535831, 0.3950342679127725, 0.3286348909657309, 0.6690367601246099, 0.5950728971962607, 0.8623514018691578, 0.8001545171339566, 0.9228672897196255, 0.09497632398753829, 0.031098442367600627, 0.10001931464174334, 0.031098442367600627, 0.3345183800623063, 0.37065981308411333, 0.36981931464174445, 0.10590280373831731, 0.3748623052959495, 0.6505457943925232, 0.5917109034267906, 1.3935464174454835, 0.13700124610591932, 0.27484299065420614, 1.2783981308411208, 1.1111389408099683, 0.769056074766356, 0.7791420560747674, 0.3420828660436139, 0.6892087227414329, 0.6253308411214951, 0.8800018691588782, 0.7253501557632399, 1.1489613707165118, 1.403632398753895, 0.7043376947040507, 0.767375077881621, 1.4338903426791283, 1.4095158878504677, 0.4521881619937687, 4.73368722741433, 5.772543302180686, 0.7682155763239884, 0.3404018691588789, 1.3927059190031161, 0.0008404984423675087, 0.0764853582554517, 0.6513862928348921, 0.916983800623053, 0.8110809968847356, 0.3462853582554528, 0.6766012461059188, 0.6051588785046721, 0.07228286604361275, 0.0033619937694700348, 0.5379190031152644, 0.9026953271028038, 0.6127233644859825, 0.806878504672898, 0.3639358255451719, 0.8968118380062299, 0.8320934579439248, 0.7219881619937699, 1.3994299065420575, 0.3841077881619949, 0.7076996884735207, 0.022693457943924137, 1.1178629283489099, 1.0573470404984422, 0.808559501557633, 1.2052747663551406, 0.808559501557633, 0.04958940809968861, 0.372340809968847, 1.2817601246105923, 0.39671526479750757, 0.3286348909657309, 1.4044728971962626, 0.8959713395638623, 1.4078348909657328, 0.3841077881619935, 0.0016809968847364173, 0.3731813084112159, 0.565655451713395, 0.9211862928348904, 0.0025214953271039263, 6.0389813084112145, 1.417920872274144, 0.08404984423675929, 0.005883489096572562, 0.769056074766356, 0.6160853582554525, 0.8228479750778821, 0.35889283489096685, 0.6614722741433022, 0.4975750778816198, 0.37654330218068455, 0.6808037383177563, 0.6110423676012461, 0.2950149532710278, 0.6219688473520251, 0.5622934579439249, 0.8110809968847356, 0.015969470404985465, 0.39671526479750757, 0.33031588785046734, 0.6715582554517122, 0.023533956386293044, 0.3059414330218068, 0.35048785046729036, 0.6892087227414329, 0.6026373831775695, 0.7841850467289725, 0.5807844236760116, 0.7362766355140189, 0.808559501557633, 1.0220461059190027, 1.2800791277258559, 0.8152834890965744, 2.357598130841121, 0.005883489096573961, 0.790909034267914, 0.6328953271028027, 0.5622934579439249, 0.6799632398753888, 0.5942323987538931, 0.09161433021806825, 0.017650467289719085, 0.755608099688473, 1.403632398753895, 1.102733956386292, 0.8211669781931457, 0.30678193146417426, 0.7572890965732093, 1.0354940809968842, 7.632566355140187, 1.4792772585669778, 1.4137183800623052, 0.27652398753893975, 0.5791034267912766, 0.6925707165109043, 0.7564485981308419, 1.0876049844236753, 0.32275140186915835, 1.1035744548286595, 1.0371750778816193, 0.36981931464174445, 0.6387788161993766, 0.5791034267912766, 0.2975364485981317, 1.129629906542055, 1.2758766355140196, 0.6017968847352035, 0.35805233644859935, 0.5824654205607466, 0.03446043613707066, 0.010085981308411504, 0.8278909657320885, 0.3748623052959509, 1.2330112149532713, 1.24057570093458, 0.8102404984423681, 1.4196018691588792, 0.3656168224299069, 1.1548448598130845, 0.0025214953271025264, 0.8026760124610605, 0.2857694704049852, 0.383267289719626, 0.0193314641744555, 0.772418068535826, 0.8186454828660445, 0.8900878504672898, 0.8178049844236756, 0.7875470404984425, 0.37150031152647944, 0.08068785046728924, 1.396067912772586, 1.2531831775700941, 0.7816635514018699, 1.4061538940809974, 1.1859433021806864, 0.5975943925233645, 0.8194859813084121, 0.01344797507788154, 1.394386915887851, 0.7371171339563863, 0.0008404984423675087, 0.6438218068535817, 0.578262928348909, 0.28913146417445384, 1.364969470404984, 1.281760124610591, 0.8169644859813096, 0.6791227414330213, 0.4076417445482865, 0.341242367601245, 0.7984735202492215, 0.6791227414330213, 0.5992753894080995, 0.806878504672898, 1.3927059190031161, 0.03277943925233704, 0.6824847352024913, 0.56733644859813, 1.224606230529596, 0.011766978193146522, 0.005042990654206452, 0.8060380062305291, 0.546323987538941, 0.5328760124610593, 1.222925233644861, 0.1428847352024919, 0.7312336448598138, 1.3170610591900305, 1.245618691588785, 0.3101439252336457, 1.3918654205607486, 0.024374454828660554, 1.2187227414330222, 0.36981931464174445, 1.4910442367601242, 0.7161046728971973, 1.0212056074766351, 1.3885034267912784, 0.8136024922118381, 0.3639358255451719, 0.02185295950155803, 0.0, 0.3177084112149533, 0.6001158878504684, 0.5379190031152644, 1.4893632398753893, 1.4162398753894077, 1.6028305295950156, 1.4969277258566969, 0.7967925233644866, 0.5622934579439249, 1.0153221183800611, 0.1151482866043613, 0.35132834890965786, 0.9758186915887841, 0.8329339563862922, 0.6606317757009347, 0.587508411214953, 0.7127426791277258, 0.06219688473520265, 0.0, 1.4069943925233652, 0.803516510903428, 0.13784174454828543, 0.02185295950155663, 1.3574049844236764, 0.022693457943924137, 1.3271470404984433, 1.3826199376947046, 0.8236884735202482, 7.114819314641745, 0.32275140186915835, 0.8152834890965744, 0.799314018691589, 0.8043570093457955, 0.48076510903426684, 0.7387981308411229, 0.6967732087227417, 1.4111968847352026, 0.7825040498442374, 0.6160853582554525, 0.7034971962616833, 0.3857887850467299, 0.08320934579439176, 0.010926479750777613, 1.3733744548286606, 0.805197507788163, 0.36057383177570185, 0.37065981308411333, 1.4002704049844248, 1.2363732087227426, 1.396067912772586, 1.2313302180685362, 1.3526777535441665, 1.397546346782989, 0.5928538713195205, 1.595409487459107, 4.715615594329341, 0.0044133042529984285, 0.6421357688113424, 0.5693162486368598, 1.1599634678298822, 1.0900861504907318, 0.8922230098146136, 0.8039569247546352, 0.8238167938931307, 0.7436417666303173, 0.06472846237731762, 0.16108560523446103, 0.3788086150490734, 0.8797186477644502, 0.1478456924754645, 0.014711014176663878, 0.0007355507088330714, 5.511481461286811, 0.21698745910577935, 0.5663740458015275, 0.051488549618321125, 0.04560414394765532, 1.0437464558342435, 0.3935196292257373, 0.22802071973827664, 0.152994547437296, 0.0044133042529984285, 0.22802071973827787, 0.15520119956379522, 0.12945692475463524, 0.3626264994547434, 0.5501919302071987, 1.388719738276992, 0.9694558342420947, 0.8988429661941124, 0.66493784078517, 0.5840272628135237, 2.069839694656491, 2.00437568157034, 1.5277388222464572, 0.9694558342420947, 0.8973718647764464, 0.10371264994547409, 0.7318729552889869, 0.66493784078517, 0.34055997818975003, 4.128646128680486, 1.2864781897491842, 0.3633620501635765, 0.13828353326063336, 0.6789133042529996, 0.3574776444929119, 0.9032562704471109, 0.6789133042529996, 0.20889640130861556, 1.0775817884405685, 0.3045179934569258, 6.554492366412223, 0.6193336968375147, 1.271031624863687, 1.18276553980371, 1.4424149400218111, 0.9621003271537628, 1.4350594329334803, 1.293833696837516, 1.054779716466741, 0.5597540894220298, 0.7443773173391504, 0.8032213740458022, 1.4939034896401335, 6.3625136314067685, 0.08532388222464486, 5.959431842966201, 0.3758664122137412, 1.754288440567069, 0.21110305343511476, 1.047424209378409, 6.316909487459113, 6.842828244274818, 1.0540441657579076, 0.7877748091603064, 0.527389858233371, 0.3376177753544165, 0.5649029443838613, 7.10909760087242, 1.6601379498364248, 0.07281952017448141, 0.8981074154852794, 5.7976106870229085, 0.5744651035986925, 0.28833587786259585, 0.331733369683752, 0.9628358778625971, 1.5998227917121068, 0.6745, 0.9790179934569259, 1.049630861504908, 1.048895310796075, 0.664202290076337, 0.027950926935659162, 0.09194383860414373, 1.047424209378409, 0.15446564885496217, 6.444895310796083, 1.0430109051254104, 6.578765539803716, 0.33908887677208266, 0.8936941112322798, 0.2236074154852782, 1.832256815703383, 0.851767720828791, 1.0253576881134143, 1.0341842966194124, 1.0613996728462385, 0.010297709923664224, 0.6708222464558345, 0.35674209378407884, 0.8105768811341341, 0.7473195201744826, 0.09562159214830908, 0.1522589967284629, 0.6421357688113424, 0.5531341330425309, 0.013239912758996511, 0.06619956379498378, 0.09929934569247567, 0.14196128680479872, 0.6847977099236654, 1.038597600872412, 0.8892808069792814, 0.2655338058887682, 1.0827306434024, 0.8274945474372972, 0.7377573609596527, 0.08311723009814564, 0.5163565976008725, 1.5895250817884423, 0.69068211559433, 0.2074252998909494, 0.0985637949836426, 0.28760032715376277, 1.201154307524538, 1.0952350054525648, 0.5295965103598702, 1.054779716466741, 0.920173936750274, 1.3107513631406777, 1.218071973827701, 0.10518375136314023, 0.2890714285714289, 0.3530643402399135, 1.287213740458017, 1.209245365321703, 0.9003140676117787, 0.6193336968375147, 5.518836968375142, 1.0356553980370784, 0.5568118865866962, 1.5902606324972757, 0.5362164667393678, 0.5134143947655402, 0.6561112322791719, 0.2677404580152674, 0.528125408942204, 0.6936243184296634, 0.8613298800436222, 0.08091057797164644, 1.568194111232281, 0.06031515812431921, 1.5490697928026187, 1.4806635768811356, 0.8642720828789544, 0.4854634678298798, 1.2386673936750294, 0.5303320610687032, 1.0533086150490734, 1.2850070883315177, 1.1717322791712128, 7.637223009814621, 1.047424209378409, 0.2927491821155955, 0.21698745910578057, 1.0408042529989099, 1.562309705561615, 1.1974765539803724, 0.2743604143947662, 0.23390512540894243, 1.1584923664122149, 1.0511019629225755, 0.3273200654307523, 0.9922579062159224, 0.9179672846237747, 3.716002181025086, 0.2773026172300986, 0.3412955288985819, 0.6568467829880051, 1.5240610687022917, 1.4380016357688126, 0.563431842966194, 1.611591603053437, 0.6818555070883319, 1.5358298800436223, 0.36041984732824545, 0.3670398037077431, 1.4277039258451485, 0.7480550708833158, 1.0003489640130874, 5.768924209378413, 0.6590534351145042, 0.20080534351145055, 0.3207001090512547, 0.3501221374045812, 4.493479280261728, 1.5203833151581252, 0.37954416575790645, 1.5292099236641246, 5.905736641221382, 0.1618211559432941, 0.7245174482006549, 0.638458015267177, 1.4115218102508196, 6.8222328244274895, 1.5211188658669594, 0.2809803707742639, 0.6230114503816802, 0.5582829880043625, 0.3640976008724108, 0.8907519083969475, 0.11033260632497296, 0.33982442748091696, 0.7252529989094881, 6.718520174482014, 1.5659874591057816, 0.22728516902944357, 0.31922900763358725, 1.5652519083969487, 0.9687202835332617, 0.8900163576881144, 0.7936592148309722, 0.37513086150490804, 0.05884405670665183, 1.0599285714285724, 1.0511019629225742, 1.0268287895310804, 0.28612922573609667, 0.33908887677208266, 1.5689296619411142, 0.9694558342420947, 1.040068702290077, 0.9679847328244285, 1.0356553980370784, 1.0349198473282455, 4.58027426390404, 1.0282998909487464, 5.165037077426396, 0.6605245365321705, 0.6664089422028362, 0.358213195201745, 0.014711014176662655, 0.08679498364231222, 5.006158124318436, 0.6377224645583428, 0.17285441657579015, 0.32658451472191924, 0.35012213740458, 5.245212104689211, 5.971200654307532, 1.562309705561615, 4.128646128680486, 1.3195779716466747, 4.66412704471102, 0.35968429661941115, 0.3376177753544165, 0.36556870229007693, 0.38101526717557266, 0.316286804798255, 4.53319901853872, 0.13313467829880063, 1.3136935659760103, 1.5858473282442758, 4.365493456924759, 0.076497273718648, 0.34791548527808075, 5.551201199563803, 0.6303669574700108, 1.3791575790621609, 0.3545354416575796, 1.0511019629225742, 0.605358233369684, 1.0385976008724107, 0.7620305343511453, 0.877511995637951, 0.5641673936750282, 0.6590534351145042, 0.572994002181025, 0.5965316248636858, 0.6612600872410035, 0.01765321701199494, 0.07723282442748108, 5.245212104689211, 0.3111379498364235, 1.5578964013086167, 5.9748784078516985, 0.2942202835332604, 0.21772300981461362, 0.5487208287895324, 0.9635714285714289, 1.0305065430752458, 0.9694558342420947, 1.0349198473282455, 0.3332044711014181, 0.537687568157034, 1.5601030534351161, 1.2482295528898595, 0.26332715376226773, 0.3332044711014181, 0.14122573609596564, 0.9363560523446028, 1.03124209378408, 1.5814340239912776, 0.0, 0.06693511450381685, 0.09562159214831031, 0.4530992366412222, 0.38101526717557266, 0.2670049073064343, 0.35600654307524576, 1.5483342420937856, 0.07723282442748108, 0.2949558342420947, 0.20374754634678405, 5.2952295528898645, 1.004762268266086, 0.878247546346784, 1.004762268266086, 0.6362513631406765, 4.959818429661947, 0.23684732824427596, 0.29127808069792815, 0.2074252998909494, 0.2324340239912763, 1.3114869138495109, 0.7524683751363154, 6.204370229007641, 0.3677753544165761, 0.9613647764449297, 0.27068266085060094, 0.013975463467829581, 0.07943947655398029, 1.0511019629225755, 0.6391935659760088, 5.8895545256270525, 0.5413653217012006, 0.07429062159214757, 0.1147459105779714, 0.3258489640130874, 6.616278625954207, 0.358213195201745, 0.5163565976008737, 1.4357949836423134, 0.5575474372955295, 0.2236074154852782, 0.14931679389313066, 0.8995785169029457, 0.27509596510359935, 0.1618211559432941, 0.08311723009814564, 1.53288767720829, 1.5542186477644515, 0.16917666303162482, 0.2184585605234467, 0.15078789531079678, 1.6012938931297729, 0.3633620501635765, 0.22581406761177863, 0.9525381679389328, 0.6590534351145042, 1.0731684841875686, 5.516630316248643, 0.27656706652126545, 0.3530643402399135, 1.0636063249727377, 0.6686155943293355, 0.5641673936750282, 0.11548146128680446, 1.5689296619411142, 1.5615741548527822, 1.5689296619411142, 1.054779716466741, 1.014324427480917, 4.589836423118871, 0.34938658669574685, 0.6803844056706658, 1.056250817884407, 0.6553756815703389, 0.350857688113413, 0.6531690294438397, 1.5571608505997836, 1.5453920392584535, 1.569665212649947, 1.0290354416575798, 0.34276663031624927, 6.124195201744826, 0.0926793893129768, 0.054430752453653405, 0.10444820065430839, 0.08017502726281335, 5.850570338058894, 0.33835332606324964, 0.13019247546346835, 0.1118037077426391, 0.6266892039258467, 0.5553407851690302, 0.20963195201744864, 0.4214705561613965, 0.6127137404580159, 0.5421008724100337, 0.6972104377104378, 0.3573108866442202, 1.5935157126823771, 0.38002132435465796, 0.14837485970819153, 0.1052250280583622, 5.718488215488202, 0.14534680134680017, 0.11733726150392762, 0.20893602693602745, 1.6215252525252495, 0.08175757575757668, 0.11052413019079707, 1.0068294051627378, 1.0689046015712669, 0.4027317620650931, 1.0022873176206495, 1.0658765432098756, 0.300534792368126, 0.3610959595959594, 0.2702542087542087, 0.33460044893378255, 0.030280583613917333, 0.9394551066217726, 0.3610959595959594, 0.10901010101010139, 0.5124988776655424, 0.5435364758698075, 0.9992592592592582, 1.6404506172839481, 0.090841750841752, 0.2112070707070697, 2.4042783389449998, 0.5321812570145887, 1.6275813692480336, 0.5511066217732884, 1.0461941638608279, 0.9220437710437686, 1.452710998877664, 1.6116840628507278, 0.3588249158249159, 0.14610381593714802, 0.09916891133557823, 0.6207519640852959, 0.5685179573512887, 1.5745903479236785, 0.3732081930415261, 1.003044332210996, 0.9508103254769888, 0.274796296296297, 0.3527687991021307, 0.5442934904601554, 1.578375420875419, 0.23467452300785524, 0.7085656565656565, 0.6926683501683494, 1.2581582491582455, 1.2081952861952832, 0.07721548821548713, 0.2467867564534219, 0.22256228956228855, 0.14686083052749585, 0.1423187429854088, 0.9894180695847337, 0.6919113355780016, 1.320233445566776, 1.0325679012345643, 0.21650617283950457, 0.08781369248035939, 0.4322553310886626, 0.6146958473625119, 0.5647328843995495, 1.0840448933782247, 1.0840448933782247, 1.0923720538720512, 0.7585286195286177, 0.29674971941638434, 0.6010695847362495, 0.3679090909090887, 0.9720067340067334, 0.26041301907968556, 0.6343782267115595, 1.0560353535353522, 0.6866122334455667, 0.5707890011223322, 1.6078989898989875, 1.641207631874296, 0.05526206509539727, 0.7994074074074048, 0.7388462401795713, 0.8735948372615018, 0.7925942760942741, 5.7904046015712565, 0.657845679012345, 6.073528058361378, 0.08100056116722883, 0.9932031425364729, 0.797893378226709, 0.729762065095396, 1.0878299663299653, 0.006056116722783971, 0.6911543209876537, 0.8016784511784483, 0.36639506172839303, 0.3815353535353536, 2.1226689113355732, 1.0734466891133527, 1.1014562289562277, 0.09916891133557697, 0.30204882154882173, 0.6071257014590322, 0.9379410774410744, 1.6253103254769903, 0.3618529741863073, 0.3565538720538699, 0.5836582491582493, 0.9296139169472468, 0.1937957351290669, 1.0030443322109974, 1.0598204264870914, 0.6078827160493802, 0.5473215488215467, 0.5927424242424233, 0.6517895622895623, 0.37850729517395976, 0.25889898989898863, 0.5844152637485945, 1.251345117845115, 1.1514191919191887, 0.6230230078563395, 0.9932031425364729, 0.9992592592592568, 1.1105404040404003, 0.6169668911335555, 1.671488215488211, 1.6124410774410731, 1.0779887766554421, 0.6745, 0.9932031425364729, 0.9099315375982018, 1.0885869809203133, 0.2997777777777782, 0.38229236812570144, 0.21726318742985243, 1.0825308641975293, 1.054521324354654, 0.9243148148148119, 1.6336374859708163, 0.5882003367003362, 0.38304938271604927, 0.00605611672278271, 0.361852974186306, 0.5329382716049365, 1.061334455667787, 2.2044264870931487, 1.6101700336700309, 6.037948372615025, 0.45875084175083947, 0.7812390572390553, 0.20817901234567962, 0.5738170594837235, 0.35503984287317425, 6.323342873176194, 0.06888832772166215, 1.0787457912457887, 1.057549382716048, 4.684406285072941, 6.561802469135787, 0.13853367003366837, 0.9757918069584713, 2.8554590347923616, 0.14080471380471313, 0.9750347923681223, 5.6738243546576745, 0.6941823793490451, 1.8592278338944963, 0.6820701459034784, 0.998502244668909, 0.606368686868687, 1.090101010101009, 0.3626099887766539, 0.01362626262626362, 0.06964534231200999, 0.909931537598203, 0.21196408529741756, 1.094643097643096, 0.5238540965207624, 0.10446801346801436, 0.1831975308641959, 0.15745903479236684, 0.264198092031426, 0.32475925925925936, 1.6215252525252495, 5.872919191919179, 1.0704186307519625, 1.6131980920314235, 0.6230230078563406, 0.6941823793490451, 0.17259932659932742, 1.641207631874296, 0.5571627384960711, 1.6207682379349018, 0.2929646464646464, 0.3527687991021332, 0.45875084175083947, 0.6169668911335555, 0.9084175084175061, 0.6692008978675625, 0.30659090909090747, 1.5912446689113335, 0.3618529741863073, 0.9303709315375972, 0.06358922558922477, 0.5829012345678989, 1.44665488215488, 1.6374225589225568, 1.0916150392817046, 0.25814197530864075, 0.15518799102132333, 0.7017525252525247, 0.19152469135802339, 0.6745, 6.512596520763172, 0.20742199775533177, 5.36269135802468, 0.3747222222222218, 2.6238125701458976, 0.14458978675645234, 0.9144736251402914, 0.5541346801346785, 0.14383277216610452, 0.9704927048260352, 0.919015712682377, 0.2899365881032538, 0.5738170594837235, 1.0885869809203133, 6.059901795735115, 5.885788439955094, 0.5836582491582467, 0.7267340067340047, 0.5450505050505045, 0.2467867564534219, 0.1900106621773277, 0.9417261503928148, 0.3618529741863073, 1.0908580246913555, 0.22710437710437556, 6.131061167227819, 0.3535258136924811, 1.6237962962962944, 0.43982547699214225, 1.7699001122334412, 0.5730600448933758, 1.000016273849606, 1.0560353535353522, 0.90311840628507, 0.9258288439955077, 0.2906936026936029, 1.068147586980919, 0.10219696969696832, 1.6086560044893352, 0.1937957351290669, 0.1582160493827147, 0.2134781144781145, 0.3936475869809203, 0.5291531986531985, 0.34595566778900144, 0.3679090909090913, 0.6926683501683494, 0.07872951739618532, 0.4239281705948351, 0.4239281705948351, 0.5844152637485945, 0.06888832772166215, 1.0696616161616146, 0.30659090909090875, 0.1854685746352394, 1.6275813692480336, 1.4799635241301887, 1.1165965207631856, 0.6593597081930407, 1.0658765432098756, 0.9477822671156001, 0.7002384960718291, 1.6502918069584713, 1.0764747474747465, 1.6109270482603786, 1.6343945005611642, 1.5821604938271583, 1.6343945005611642, 0.332329405162739, 1.061334455667787, 0.6866122334455667, 0.7009955106621769, 0.6289528301886809, 0.41327358490566096, 0.27328301886792483, 0.03483018867924594, 0.10716981132075529, 0.26055660377358547, 0.4146132075471703, 0.13061320754717004, 0.24381132075471715, 0.11989622641509354, 0.6503867924528316, 0.3945188679245287, 1.22240566037736, 0.7615754716981148, 0.4112641509433971, 1.0998301886792468, 0.15874528301886842, 0.40992452830188664, 0.3556698113207549, 0.14266981132075587, 0.6436886792452842, 0.10783962264150883, 0.247830188679245, 0.12056603773584817, 1.257235849056606, 0.3389245283018866, 0.7548773584905674, 0.682537735849058, 0.7408113207547187, 0.18553773584905642, 0.12458490566037714, 0.5619716981132076, 0.2578773584905669, 0.371075471698114, 5.0255943396226455, 5.772433962264156, 0.7367924528301886, 0.6061792452830185, 0.4561415094339627, 0.5927830188679245, 0.8506603773584914, 0.2706037735849062, 0.12726415094339683, 0.7682735849056613, 0.7609056603773591, 0.7039716981132076, 0.395858490566038, 0.13530188679245367, 2.0147924528301906, 0.7602358490566045, 0.5947924528301884, 0.13664150943396297, 0.35433018867924565, 1.1366698113207556, 1.0321792452830187, 0.6771792452830185, 0.7716226415094356, 0.6363207547169808, 0.5271415094339627, 0.9176415094339625, 0.8613773584905668, 0.7414811320754722, 0.6785188679245289, 0.519103773584907, 0.7187075471698121, 1.0824150943396227, 0.7153584905660377, 0.7481792452830197, 0.13128301886792468, 6.740981132075477, 0.13999056603773505, 0.10181132075471702, 0.11453773584905637, 0.9216603773584915, 0.493650943396226, 0.7689433962264148, 0.7046415094339623, 0.949122641509434, 1.0964811320754724, 1.0040471698113216, 1.8748018867924545, 1.0100754716981133, 1.3342641509433968, 1.2264245283018889, 0.54388679245283, 0.6765094339622639, 0.5479056603773589, 1.3342641509433968, 1.4273679245283035, 1.344981132075472, 0.7602358490566045, 4.819962264150947, 1.1808773584905676, 0.12056603773584929, 0.6235943396226414, 1.1460471698113217, 1.0710283018867928, 0.13195283018867934, 0.3328962264150948, 0.7508584905660383, 1.1668113207547177, 0.7307641509433979, 0.4193018867924528, 0.37040566037735934, 0.7602358490566045, 0.9310377358490565, 0.601490566037736, 0.5365188679245289, 0.3395943396226424, 0.3985377358490577, 0.9270188679245286, 0.8627169811320762, 0.28533962264151064, 0.19960377358490505, 1.143367924528302, 0.39786792452830194, 1.2284339622641518, 1.1674811320754723, 0.5693396226415097, 0.20831132075471656, 0.14869811320754656, 1.2880471698113218, 1.2297735849056612, 0.07100000000000006, 0.5760377358490562, 1.2311132075471716, 0.770952830188681, 0.7367924528301886, 0.3389245283018866, 1.2505377358490584, 0.7609056603773602, 0.15204716981132088, 0.0020094339622650473, 0.37844339622641504, 0.11252830188679244, 0.11185849056603779, 1.2445094339622655, 0.3436132075471691, 1.2291037735849075, 0.10114150943396238, 0.6758396226415103, 0.5204433962264162, 0.693924528301888, 1.227764150943398, 1.052943396226416, 1.2491981132075491, 1.224415094339624, 0.7649245283018881, 0.13128301886792468, 0.7388018867924536, 0.7562169811320766, 0.6925849056603776, 0.15137735849056624, 0.4105943396226424, 0.6778490566037743, 0.7347830188679257, 0.07970754716981154, 4.6772924528301925, 0.15874528301886842, 0.3161509433962265, 0.3027547169811314, 1.2364716981132098, 0.7682735849056613, 0.32485849056603794, 0.7722924528301892, 0.7079905660377355, 0.38983018867924624, 0.11185849056603779, 0.15003773584905694, 0.0, 0.08841509433962191, 0.6202452830188694, 0.5016886792452828, 0.6845471698113208, 1.2538867924528316, 0.640339622641511, 0.7046415094339623, 0.8975471698113209, 1.0958113207547178, 1.0254811320754724, 0.7722924528301892, 0.7113396226415098, 0.6832075471698115, 1.2297735849056621, 1.1138962264150956, 1.2371415094339644, 0.13664150943396297, 1.2036509433962277, 0.7448301886792453, 0.011386792452830061, 1.2498679245283038, 0.42466037735849105, 0.2699339622641516, 0.33088679245282976, 0.7568867924528301, 1.2337924528301902, 0.3878207547169812, 0.32820754716981115, 0.7548773584905661, 0.10984905660377386, 1.0589716981132091, 0.4072452830188692, 0.7414811320754734, 0.21768867924528268, 0.14400943396226404, 1.1005000000000016, 1.189584905660379, 1.1152358490566059, 1.2384811320754736, 0.11989622641509465, 1.2337924528301902, 1.1661415094339644, 0.38715094339622763, 1.0944716981132085, 0.7019622641509448, 0.7662641509433973, 0.4300188679245293, 0.1433396226415105, 4.439509433962267, 0.4809245283018867, 0.18821698113207502, 0.15204716981132088, 0.04688679245283065, 0.43671698113207685, 5.264047169811325, 0.3489716981132074, 0.6564150943396235, 0.7327735849056618, 1.2418301886792469, 0.755547169811322, 0.7722924528301902, 0.4253301886792457, 0.36571698113207685, 0.4146132075471703, 0.40858490566037853, 0.02478301886792517, 0.41729245283018995, 0.13128301886792468, 1.2411603773584923, 0.23108490566037668, 0.16611320754716952, 0.766933962264152, 0.41662264150943534, 0.10382075471698207, 4.984735849056608, 4.512518867924532, 5.290169811320759, 0.7461698113207558, 0.10850943396226347, 0.30476415094339643, 1.1252830188679266, 0.32351886792452866, 0.86472641509434, 0.7307641509433968, 0.7702830188679253, 1.2210660377358509, 1.2371415094339644, 0.4186320754716992, 1.0596415094339637, 0.04822641509433994, 0.11118867924528315, 0.4179622641509446, 0.5251320754716977, 0.0, 0.3483018867924528, 0.40389622641509376, 0.3429433962264145, 0.31749056603773684, 0.3891603773584916, 0.14266981132075587, 0.11721698113207495, 0.23242452830188706, 0.41595283018867957, 0.5465660377358497, 0.19022641509433894, 0.6443584905660388, 0.7053113207547181, 0.03616981132075523, 0.4521226415094337, 5.592924528301891, 5.423462264150948, 0.33959433962264124, 0.6905754716981136, 1.1869056603773607, 0.6704811320754732, 0.6745, 0.8138207547169816, 1.0730377358490577, 1.0060566037735854, 0.3918396226415102, 1.016773584905661, 0.38313207547169864, 0.6316320754716983, 0.8406132075471706, 0.3730849056603768, 0.3194999999999997, 0.40523584905660415, 1.2257547169811334, 0.10850943396226347, 1.1869056603773607, 0.13865094339622577, 1.0181132075471702, 1.0850943396226425, 1.028160377358491, 0.5251320754716977, 1.1018396226415108, 0.7709528301886799, 5.225198113207552, 0.8540094339622646, 0.7039716981132088, 0.7481792452830197, 0.7950660377358493, 0.13664150943396297, 0.9276886792452833, 0.8888396226415095, 1.193603773584907, 1.243169811320756, 0.07769811320754762, 0.34361320754717023, 1.166811320754719, 0.3509811320754713, 0.42064150943396206, 0.40657547169811453, 0.19424528301886793, 5.50316981132076, 0.5211132075471698, 5.334377358490572, 0.7441603773584919, 1.18824528301887, 1.243169811320756, 0.4119339622641517, 0.13932075471698155, 0.10248113207547166, 0.11587735849056566, 0.35031132075471666, 5.489773584905664, 0.426669811320755, 0.3483018867924528, 1.2264245283018889, 0.2505094339622647, 0.4239905660377353, 0.3677264150943397, 0.29605660377358495, 0.6383301886792458, 0.7441603773584919, 5.05305660377359, 0.38313207547169864, 0.7642547169811333, 0.4253301886792457, 0.6008207547169824, 0.7039716981132088, 0.7743018867924542, 1.1996320754717, 1.247188679245285, 1.1051886792452852, 1.2451792452830202, 0.7388018867924536, 0.6945943396226427, 1.2404905660377374, 0.7568867924528313, 1.2297735849056621, 1.2659433962264162, 0.12592452830188755, 0.6559357798165141, 0.5321743119266056, 0.7013149847094806, 0.584772935779816, 0.7374120795107034, 0.6208700305810387, 1.269586391437309, 1.1582010703363916, 0.5981804281345581, 0.23205275229357833, 0.4146009174311936, 0.5435191131498477, 0.5558952599388371, 0.267118501529052, 0.9715275229357798, 6.932704892966366, 0.1474824159021417, 1.2407087155963301, 1.140668195718655, 1.12107262996942, 1.2468967889908265, 1.1478876146788988, 0.16398394495412938, 0.2083318042813451, 1.2438027522935773, 1.1159159021406724, 1.2530848623853212, 1.1251980122324163, 1.2943386850152914, 1.1551070336391442, 0.5486758409785933, 0.45482339449541453, 0.5672400611620793, 0.6074625382263001, 1.8244503058103987, 1.1458249235474023, 0.9271796636085642, 0.14438837920489433, 0.1701720183486241, 0.4837010703363917, 0.844672018348624, 0.586835626911316, 0.42182033639143746, 0.1299495412844049, 0.3444694189602447, 0.23308409785932743, 0.7209105504587155, 0.596117737003058, 1.080850152905199, 1.819293577981653, 0.4300711009174305, 1.092194954128441, 0.05981804281345598, 1.8708608562691142, 0.049504587155964744, 0.5940550458715598, 1.2273012232415896, 1.1262293577981655, 0.9498692660550466, 0.5651773700305828, 0.5538325688073407, 0.5971490825688089, 1.2252385321100916, 1.1190099388379198, 1.0818814984709497, 0.12273012232415934, 0.13820030581039786, 0.6188073394495422, 0.1650152905198785, 0.21555122324158893, 0.8127003058103978, 1.01071865443425, 1.2252385321100916, 1.1190099388379198, 1.6852186544342518, 0.1742974006116206, 0.1794541284403662, 1.2242071865443425, 1.1251980122324163, 1.5284541284403679, 0.010313455657491226, 0.2011123853211012, 0.11963608562691196, 0.3320932721712535, 0.6538730886850158, 0.554863914373088, 0.2093631498470942, 1.2169877675840985, 1.12107262996942, 0.9797782874617729, 0.881800458715596, 1.209768348623853, 1.1086964831804287, 0.534237003058104, 1.8739548929663634, 0.28980810397553436, 1.8110428134556584, 1.1416995412844058, 0.9797782874617745, 1.1014770642201848, 0.22483333333333275, 0.019595565749235044, 0.2011123853211012, 0.535268348623853, 1.8925191131498496, 1.5831154434250767, 1.2819625382263002, 1.8822056574923565, 1.890456422018351, 1.1540756880733953, 1.4655420489296644, 1.3593134556574928, 1.1355114678899092, 1.8636414373088706, 1.857453363914374, 1.6779992354740079, 1.7904159021406745, 1.1499503058103988, 0.02681498470948062, 0.13304357798165228, 0.6652178899082561, 0.565177370030581, 0.7982614678899085, 0.644590978593272, 1.110759174311927, 0.5796162079510722, 0.21967660550458715, 1.1097278287461796, 0.6930642201834859, 0.5713654434250757, 1.4531659021406733, 0.9746215596330273, 0.873549694189603, 0.5775535168195721, 1.8770489296636108, 1.837857798165139, 1.8760175840978617, 0.4207889908256884, 0.5961177370030598, 1.1334487767584112, 0.16295259938838025, 1.8327010703363933, 0.05878669724770686, 0.56827140672783, 0.5775535168195721, 0.5847729357798178, 1.867766819571867, 1.1396368501529057, 1.8131055045871582, 1.7862905198776777, 0.3589082568807342, 7.254484709480127, 0.03919113149847181, 0.1433570336391452, 0.5662087155963301, 0.11344801223241723, 8.060996941896029, 0.23617813455657483, 0.41460091743119193, 0.5177354740061162, 0.03609709480122272, 0.5971490825688072, 0.08560168195718748, 9.606983944954132, 1.379940366972477, 1.8811743119266073, 1.8007293577981671, 1.5109212538226313, 0.035065749235473606, 1.1582010703363934, 0.895207951070338, 0.03403440366972448, 1.7770084097859338, 0.9024273700305818, 1.1313860856269127, 1.7625695718654444, 0.6208700305810405, 0.1918302752293591, 0.00515672782874733, 0.11963608562691196, 1.8935504587155985, 1.659435015290522, 0.2619617737003046, 0.3320932721712535, 1.0200007645259954, 1.123135321100918, 0.5837415902140686, 1.0385649847094798, 8.385870795107039, 1.8966444954128459, 1.8718922018348634, 0.38881727828746215, 0.5940550458715598, 0.13923165137614701, 1.8708608562691142, 0.6631551987767579, 0.3516888379204886, 1.835795107033641, 0.6621238532110089, 0.5847729357798178, 0.40944418960244805, 0.5280489296636091, 1.1128218654434268, 0.15367048929663643, 0.6136506116207966, 0.14129434250764525, 0.6755313455657491, 0.5744594801223231, 1.7409113149847113, 1.1447935779816514, 0.8436406727828749, 1.8347637614678918, 5.976647553516822, 1.0065932721712552, 1.856422018348625, 0.0, 0.13613761467889962, 0.0020626911314982448, 1.5367048929663627, 0.031971712538226234, 0.13201223241590312, 0.17223470948012234, 0.6023058103975545, 0.16192125382263112, 0.6745, 0.5641460244648319, 0.25577370030580987, 1.6584036697247728, 0.6157133027522949, 0.48163837920489344, 0.586835626911316, 1.8626100917431214, 0.08972706422018396, 1.144793577981653, 0.3661276758409797, 0.5713654434250774, 0.21245718654434328, 0.1433570336391452, 0.6136506116207966, 0.18770489296636092, 0.6579984709480122, 0.554863914373088, 0.9622454128440379, 1.064348623853213, 0.20008103975535038, 0.06806880733944896, 0.5486758409785933, 0.05156727828746299, 0.1650152905198785, 0.04125382262996834, 0.24030351681957132, 0.5528012232415898, 1.6676857798165148, 0.1567645259938838, 0.2722752293577975, 0.5332056574923547, 0.5084533639143723, 0.9715275229357798, 0.8673616207951065, 0.5012339449541285, 0.9735902140672782, 1.2407087155963301, 1.1344801223241585, 1.2386460244648319, 1.123135321100918, 1.2757744648318037, 0.5466131498470951, 3.160042813455658, 0.5992117737003072, 0.15470183486238556, 0.9828723241590219, 0.8560168195718661, 1.0674426605504586, 0.24133486238532043, 1.7697889908256899, 1.7924785932721725, 1.8605474006116232, 0.9271796636085642, 0.4744189602446496, 0.5744594801223247, 1.1437622324159022, 0.9271796636085642, 2.355593272171255, 0.7580389908256875, 0.6126192660550458, 0.1949243119266065, 0.3558142201834851, 0.23308409785932743, 0.9581200305810396, 0.8673616207951065, 1.6130244648318064, 1.143762232415904, 0.952963302752294, 0.8384839449541276, 1.140668195718655, 1.1344801223241603, 1.1489189602446495, 0.11035397553516813, 1.8976758409785948, 0.31043501529052026, 1.8760175840978617, 0.025783639143731496, 0.15882721712538378, 0.5796162079510704, 5.9931490825688085, 0.038159785932722685, 0.14954510703363993, 0.6023058103975545, 1.0870382262996954, 0.9539946483180449, 1.8615787461773723, 1.835795107033641, 0.575490825688074, 0.6568544800523223, 1.2850349901896663, 0.6789113799869204, 1.2718008502289073, 0.657736756049706, 0.5756850882930027, 0.6533253760627871, 0.6542076520601708, 1.265624918247221, 0.5121612164813607, 0.6850873119686072, 0.6700886200130809, 0.21659875735775108, 0.22895062132112592, 0.2315974493132774, 1.1244607586657946, 0.2042468933943762, 7.303921844342699, 0.18130771746239416, 0.18836592544146613, 1.302680510137344, 0.17689633747547215, 1.3238551340745583, 1.3035627861347294, 0.2386556572923464, 0.17072040549378545, 0.6833227599738396, 0.1954241334205366, 0.13013570961412566, 0.3145313930673631, 0.7221429038587289, 0.7856667756703707, 0.8421324395029407, 0.7759617396991473, 1.0344686069326339, 0.7689035317200767, 0.8465438194898612, 0.7786085676913003, 0.6603835840418575, 1.3582638979725286, 1.2841527141922795, 1.3079741661216453, 1.2338629823413976, 2.7160866579463665, 1.338853826030083, 1.2594489862655314, 1.2647426422498342, 0.15660398953564297, 1.2268047743623285, 0.6912632439502954, 0.6489139960758665, 0.2042468933943762, 1.308856442119032, 0.7583162197514696, 0.6162697841726595, 0.5659800523217777, 1.3282665140614776, 7.228046108567685, 0.5051030085022873, 1.0485850228907765, 0.2377733812949655, 0.5395117724002618, 0.6250925441465021, 0.24130248528449783, 0.16542674950948258, 0.7830199476782193, 0.840367887508173, 0.5456877043819471, 1.3115032701111835, 0.6868518639633748, 0.5192194244604327, 0.5024561805101374, 0.22365696533682305, 0.14601667756703574, 0.9771206671026786, 1.2797413342053603, 1.2029833224329598, 0.12572432962720803, 0.8571311314584669, 0.7786085676913003, 0.48304610856768904, 0.7786085676913003, 0.4962802485284477, 0.10984336167429795, 0.1513103335513401, 0.2527720732504889, 1.0335863309352502, 0.16895585349901782, 0.8209578155657276, 0.7530225637671666, 0.18924820143884993, 0.5915660562459113, 0.522748528449965, 1.2312161543492448, 1.2382743623283168, 0.4618714846304761, 1.0494672988881617, 0.6665595160235457, 0.5130434924787446, 1.1773973185088262, 1.2876818181818175, 0.7521402877697828, 4.193898953564417, 4.12684597776324, 0.6736177240026162, 1.762346304774359, 1.6591200130804424, 1.314150098103335, 1.3265019620667096, 0.6877341399607586, 0.16542674950948258, 0.33041236102027327, 0.2465961412688022, 0.19101275343361757, 0.2254215173315907, 0.6568544800523223, 1.1041684107259624, 0.48392838456507287, 0.6356798561151078, 1.2867995421844338, 1.313267822105951, 0.21836330935251724, 0.8412501635055568, 0.7662567037279253, 0.7247897318508832, 1.2488616742969254, 1.912333224329625, 1.837339764551992, 0.5721559843034645, 0.49098659254414484, 0.5880369522563745, 0.5077498364944388, 0.657736756049706, 1.3220905820797908, 0.19718868541530574, 0.20248234139960566, 0.15925081752779732, 0.09572694571615548, 0.1477812295618063, 1.3106209941137998, 0.22189241334205395, 0.17160268149116928, 0.17160268149116928, 0.522748528449968, 0.003970241988227158, 0.2033646173969924, 1.2894463701765853, 0.21659875735775108, 0.1424875735775005, 0.5500990843688661, 0.6612658600392413, 0.5209839764552003, 0.709791039895357, 0.1389584695879667, 1.305327338129497, 1.1253430346631783, 0.5721559843034674, 0.646267168083715, 0.7177315238718097, 6.046678548070626, 1.2947400261608866, 1.2170997383911022, 0.003970241988228628, 6.470171026814905, 0.5765673642903865, 0.6586190320470899, 1.2956223021582733, 0.562450948332244, 0.5492168083714853, 0.6797936559843044, 0.20777599738391148, 2.848428057553953, 0.1601330935251782, 0.6533253760627871, 6.939541857423145, 1.30179823413996, 1.1129911706998037, 0.16454447351209878, 0.7733149117069958, 0.8624247874427712, 0.1954241334205366, 0.17866088947024272, 0.5606863963374734, 0.49098659254414484, 0.22365696533682305, 0.1583685415304106, 0.19895323741007334, 0.22277468933943775, 0.6894986919555264, 0.22453924133420686, 6.080205035971215, 0.6753822759973839, 0.4556955526487879, 1.1147557226945712, 0.6497962720732503, 0.16189764551994584, 0.21483420536298345, 0.21306965336821584, 6.53898855461085, 0.847426095487245, 0.7697858077174605, 0.11513701765860082, 0.19189502943100137, 0.18660137344669556, 0.07367004578155574, 0.18924820143884993, 0.7891958796599059, 0.7768440156965312, 0.6595013080444737, 1.2929754741661221, 0.6894986919555264, 0.026027141922826895, 0.5871546762589908, 0.7909604316546737, 1.0865228907782862, 0.20160006540222478, 0.4953979725310639, 0.3754084368868521, 7.734472531066046, 0.7733149117069958, 0.7600807717462372, 7.620658927403523, 1.022116742969259, 1.260331262262915, 1.3185614780902524, 1.2356275343361651, 0.9965307390451256, 1.3070918901242645, 0.9444764551994747, 1.4323750817527778, 0.14601667756703574, 1.3362069980379303, 0.6639126880313942, 1.1306366906474827, 0.6568544800523223, 0.6859695879659911, 0.2324797253106612, 0.5959774362328304, 1.1076975147155006, 0.2501252452583374, 0.11778384565075374, 0.21571648136036728, 0.7600807717462372, 1.355617069980377, 7.775939502943091, 1.2982691301504248, 1.118284826684108, 0.4539310006540232, 0.6003888162197494, 0.6894986919555264, 0.8350742315238701, 0.2095405493786791, 1.1659277305428366, 1.0671128188358379, 0.17777861347285742, 1.2170997383911053, 0.6762645519947676, 0.5809787442773056, 0.6524431000654033, 0.6595013080444737, 1.031821778940484, 0.1954241334205366, 0.2580657292347932, 0.17689633747547215, 0.5783319162851527, 0.23865565729234933, 0.6709708960104632, 0.011910725964684414, 6.545164486592537, 0.7865490516677545, 0.6789113799869204, 1.3000336821451925, 0.12043067364290516, 0.19807096141268954, 1.309738718116416, 0.20865827338129384, 0.5174548724656621, 1.3079741661216482, 0.4654005886200113, 1.0732887508175275, 1.2788590582079795, 1.3229728580771745, 0.6877341399607586, 0.19895323741007334, 0.2263037933289745, 0.8730120994113786, 0.8597779594506199, 0.7856667756703707, 0.2642416612164799, 0.779490843688684, 7.668301831262255, 0.22189241334205395, 0.8835994113799843, 0.8130173315892718, 0.030438521909745955, 0.21483420536298345, 1.0212344669718751, 1.2056301504251128, 0.6445026160889473, 0.026027141922826895, 0.11690156965336698, 0.17513178548070452, 0.8844816873773695, 0.8068413996075852, 1.0247635709614105, 0.8253691955526468, 0.5942128842380642, 0.6753822759973839, 0.1521926095487239, 0.1866013734466985, 8.50028809679528, 1.1288721386527136, 0.4927511445389154, 0.41158175277959286, 0.22983289731850973, 0.32953008502288944, 1.1447531066056253, 0.9691801831262244, 0.7944895356442103, 0.2368911052975817, 4.8856033355134025, 1.399730869849572, 1.3115032701111835, 1.1174025506867242, 0.7759617396991473, 0.21571648136036728, 0.14778122956180337, 1.2876818181818162, 1.2515085022890753, 0.6383266841072608, 0.1910127534336161, 1.2885640941792014, 0.6559722040549385, 0.060435905820797074, 0.779490843688684, 1.2382743623283168, 1.253273054283846, 0.9091854153041177, 0.1504280575539548, 0.21924558534990105, 0.5853901242642231, 0.21395192936559668, 0.2721821451929357, 1.3150323741007186, 0.4539310006540232, 0.5924483322432965, 1.4376687377370805, 1.3141500981033336, 0.4856929365598419, 1.3229728580771745, 1.3123855461085674, 1.324737410071942, 1.297386854153041, 0.6877341399607586, 1.2215111183780243, 0.2148342053629805, 0.21483420536298345, 0.22365696533682305, 0.17866088947024122, 1.2268047743623285, 6.912191301504245, 0.6506785480706355, 1.0406445389143235, 1.2850349901896663, 0.10896108567691414, 0.18218999345977796, 0.6656772400261619, 0.20777599738391148, 1.532072269457159, 1.456196533682142, 0.5024561805101359, 1.3079741661216482, 0.15572171353825917, 0.25894800523217704, 0.6842050359712234, 0.22012786134728632, 1.3273842380640921, 6.083734139960752, 0.6445026160889473, 1.0874051667756701, 1.0609368868541527, 0.6956746239372144, 0.2721821451929357, 0.18748364944407936, 1.2506262262916945, 0.5933306082406804, 0.6639126880313942, 0.6480317200784828, 2.6878538260300817, 3.537485611510786, 1.2630002858776448, 1.2961660949113774, 0.7392890222984567, 0.32510205831903954, 1.2645428816466557, 0.3189316752429967, 0.011183819325328808, 1.1249379645511723, 0.28499456832475634, 0.3050483133218979, 6.156885363064606, 6.354337621497995, 0.5433793596340757, 0.5117561463693538, 0.17007118353344688, 0.10296826758147402, 0.5888859348198976, 0.32355946255002876, 1.267628073184677, 0.015811606632362172, 0.703809319611207, 1.259915094339622, 0.3027344196683819, 0.3752364208118921, 0.5626618067467132, 0.32895854774156624, 6.377476558033159, 1.2907670097198398, 1.2429465408805034, 0.568832189822756, 0.4284559748427662, 0.38372069754145227, 0.3081335048599193, 0.6305360205831901, 0.7153787878787885, 0.00886992567181277, 0.6598453401943971, 1.1442204116638073, 0.5834868496283588, 1.2383187535734712, 1.3023364779874214, 0.7655131503716411, 0.8357012578616341, 0.759342767295597, 1.1303370497427099, 0.6451906803887942, 0.7130648942252712, 0.7246343624928527, 0.33127244139508355, 0.013497712978846133, 0.596598913664951, 0.5302672955974835, 1.2151798170383081, 1.2730271583762156, 1.1372787307032592, 0.33975671812464237, 0.3335863350485996, 0.014269010863351477, 0.2279185248713543, 0.5148413379073753, 0.524868210405946, 0.9290283018867913, 1.2668567753001716, 0.7616566609491131, 0.9444542595769008, 0.0019282447112646507, 6.358965408805028, 0.7215491709548312, 1.1311083476272152, 0.7269482561463699, 0.3466983990851918, 1.0755748999428238, 1.097171240708976, 1.0077006861063456, 0.11222384219554075, 0.36135305889079467, 0.2942501429388218, 0.9691357918810745, 1.031610920526014, 0.9992164093767856, 0.9344273870783301, 0.31584648370497403, 0.3189316752429967, 0.0019282447112646507, 0.2896223556317884, 0.013497712978846133, 0.2919362492853057, 0.9490820468839329, 0.2687973127501428, 0.3212455688965128, 0.7053519153802164, 0.5688321898227547, 0.6343925100057168, 0.03200886220697445, 1.0184988564894217, 0.9467681532304169, 7.020738993710689, 0.7485445969125222, 0.015811606632360885, 0.14770354488278925, 0.548007146941109, 0.01812550028587821, 0.07443024585477365, 0.008098627787306138, 0.5109848484848473, 0.932113493424814, 0.9351986849628353, 0.6567601486563758, 0.7215491709548312, 0.284223270440251, 0.9722209834190971, 1.2691706689536875, 0.13382018296169174, 1.2807401372212692, 1.2545160091480847, 0.5996841052029724, 0.6320786163522009, 0.5495497427101197, 1.2815114351057744, 0.5742312750142947, 0.023524585477415635, 1.3347309891366486, 0.7045806174957124, 0.7130648942252712, 1.2568299028016008, 0.33435763293310494, 0.3706086335048588, 0.2896223556317884, 1.2190363064608338, 0.022753287592910287, 0.6459619782732996, 0.7176926815323045, 0.6104822755860485, 0.5433793596340757, 1.2282918810749004, 0.6482758719268157, 0.7254056603773593, 0.7493158947970276, 0.7053519153802177, 1.2753410520297317, 0.2873084619782724, 0.729262149799886, 1.2961660949113774, 1.0023016009148082, 1.288453116066324, 0.6320786163522021, 0.7099797026872499, 0.6397915951972555, 0.6151100628930806, 0.5495497427101197, 1.139592624356774, 0.001928244711263366, 0.08368582046883907, 0.0026995425957687127, 0.31430388793596337, 0.29887793024585385, 6.81634505431675, 0.546464551172097, 0.6251369353916514, 1.036238707833046, 4.972943110348769, 0.7161500857632939, 0.11222384219553948, 0.7323473413379074, 1.2205789022298443, 1.286910520297313, 0.9961312178387641, 0.9336560891938246, 1.2838253287592905, 0.541836763865065, 0.7122935963407657, 0.3027344196683819, 0.1538739279588333, 0.5410654659805596, 0.729262149799886, 0.577316466552316, 0.3274159519725555, 1.2660854774156662, 0.32278816466552346, 0.5850294453973709, 0.7300334476843914, 0.22791852487135558, 0.3042770154373926, 0.010412521440823462, 0.623594339622642, 0.7338899371069182, 1.1257092624356777, 0.7508584905660383, 0.35441137793024524, 0.281909376786735, 0.9120597484276723, 0.4438819325328757, 0.7192352773013153, 0.24257318467695846, 0.31276129216695264, 0.155416523727844, 0.6220517438536299, 0.5518636363636358, 0.5194691252144074, 1.2174937106918244, 0.29039365351629504, 0.2911649514008004, 0.7693696397941678, 0.3266446540880502, 0.2788241852487136, 1.1087407089765577, 1.3941209262435665, 1.3709819897084035, 1.308506861063464, 1.3594125214408221, 1.2853679245283012, 0.7624279588336185, 0.34824099485420246, 1.1233953687821605, 0.2803667810177243, 1.2730271583762156, 0.338985420240137, 0.6019979988564885, 0.5287246998284728, 1.1179962835906232, 0.7354325328759288, 0.5796303602058321, 0.7068945111492283, 1.0786600914808464, 0.35364008004574116, 0.7184639794168098, 0.7076658090337338, 0.31430388793596337, 0.5078996569468258, 0.15618782161234934, 0.6151100628930806, 0.5310385934819889, 0.6181952544311032, 1.276112349914237, 1.2923096054888505, 0.6621592338479132, 0.07674413950828968, 0.0026995425957687127, 0.33744282447112633, 0.43925414522584233, 0.32510205831903954, 0.3490122927387078, 1.2907670097198398, 0.7508584905660383, 1.2236640937678671, 1.2977086906803894, 0.2502861635220132, 0.0736589479702683, 0.008098627787306138, 1.064776729559749, 1.293080903373356, 1.2977086906803894, 1.1087407089765577, 0.0057847341337900985, 1.1280231560891938, 0.7261769582618647, 0.5518636363636358, 0.5850294453973709, 0.2518287592910239, 1.3061929674099482, 0.6158813607775859, 0.5441506575185809, 0.7230917667238419, 0.5858007432818748, 0.311218696397942, 0.4917024013722123, 0.725405660377358, 0.928257004002286, 0.9591089193825036, 0.962194110920525, 1.0408664951400806, 0.7346612349914234, 0.9652793024585464, 0.932113493424814, 0.594285020011435, 0.5240969125214407, 0.6089396798170379, 0.5356663807890223, 1.2074668381932536, 0.5495497427101197, 1.3732958833619198, 1.1349648370497432, 0.7616566609491131, 1.1958973699256708, 1.2714845626072038, 1.1982112635791868, 1.2205789022298443, 1.1434491137793021, 0.7547149799885651, 1.6008287592910226, 1.0277544311034872, 1.1141397941680948, 0.3220168667810181, 1.2375474556889647, 0.6004554030874777, 0.6351638078902234, 1.2375474556889647, 1.2028390508862201, 0.36289565465980533, 0.2780528873642069, 0.6868407661520869, 0.619737850200114, 0.6999528301886789, 0.7115222984562605, 1.764343910806174, 0.5325811892509995, 6.244813321898226, 0.7099797026872499, 1.1195388793596337, 0.8441855345911943, 0.742374213836477, 0.7084371069182391, 0.3243307604345342, 0.12764979988564898, 0.022753287592910287, 0.307362206975414, 6.173082618639219, 1.2012964551172094, 1.2838253287592905, 0.7369751286449407, 5.116404516866779, 0.30581961120640455, 5.714160377358489, 0.31584648370497403, 1.2097807318467684, 1.580775014293881, 4.773948256146366, 0.5765451686678107, 0.129963693539165, 0.37677901658090285, 0.30967610062893003, 0.7423742138364782, 0.6027692967409938, 0.5379802744425383, 0.7385177244139515, 0.6421054888507716, 0.007327329902802076, 0.15078873642081195, 1.1195388793596337, 1.2714845626072038, 1.2822827329902797, 0.7331186392224127, 0.31584648370497403, 1.0493507718696395, 0.19421773049645305, 0.22483333333333386, 0.046880141843971206, 0.003826950354609504, 0.40182978723404256, 0.0, 0.03826950354609982, 0.03635602836879507, 0.17412624113475156, 0.36643049645389986, 0.17795319148936106, 0.16838581560283727, 0.056447517730496555, 1.4982510638297866, 0.3798248226950347, 0.748168794326241, 0.14638085106382948, 0.06314468085106319, 0.14159716312056758, 0.04879361702127596, 1.553741843971629, 1.4705056737588644, 0.8744581560283673, 1.5604390070921972, 0.8648907801418435, 0.37025744680851097, 0.36164680851063796, 0.38460851063829815, 0.15116453900709134, 0.3712141843971633, 0.1253326241134756, 0.035399290780141104, 1.550871631205672, 1.3576106382978714, 0.8428858156028356, 0.8888092198581545, 1.539390780141842, 0.37025744680851097, 0.792178723404255, 0.47645531914893585, 0.38939219858156005, 0.16551560283687858, 0.748168794326241, 0.4180943262411346, 0.0, 0.05453404255319181, 0.38460851063829815, 0.06888510638297904, 7.342004255319141, 0.40948368794326157, 0.7079858156028364, 0.4200078014184393, 0.8763716312056736, 0.02870212765957447, 0.40087304964539017, 0.39417588652482194, 3.3858943262411314, 0.39800283687943305, 1.5451312056737578, 0.5137680851063833, 0.42479148936170114, 2.276078723404253, 0.7232936170212759, 0.8668042553191483, 0.6457978723404255, 0.37886808510638237, 0.6438843971631192, 1.56139574468085, 0.014351063829787234, 0.3884354609929077, 0.7060723404255315, 8.257602127659567, 0.7204234042553188, 0.8610638297872324, 0.7778276595744678, 0.07749574468085042, 0.9873531914893603, 0.35590638297872373, 0.37791134751773, 0.646754609929078, 1.5480014184397148, 0.9490836879432621, 1.1911382978723388, 0.9462134751773034, 0.5309893617021276, 0.43244539007092175, 1.2083595744680848, 1.5556553191489355, 0.37791134751773, 0.8447992907801405, 0.8495829787234039, 0.37217092198581575, 1.320297872340424, 1.230364539007091, 0.24970851063829724, 0.682153900709219, 0.5539510638297863, 0.07271205673758854, 0.3482524822695031, 0.8160971631205659, 0.7098992907801411, 0.0822794326241139, 1.0122283687943254, 1.5470446808510625, 0.3673872340425522, 0.8821120567375879, 0.36069007092198563, 0.4190510638297869, 0.37695460992907753, 0.3444255319148936, 0.04400992907801408, 0.3511226950354603, 0.032529078014183976, 0.2152659574468085, 0.7319042553191488, 0.39800283687943144, 0.8218375886524819, 0.707029078014184, 0.7596496453900711, 0.6745, 0.41618085106382974, 0.7893085106382979, 0.3884354609929077, 1.3317787234042542, 1.5767035460992893, 0.8859390070921974, 0.13968368794326283, 0.1875205673758864, 0.03826950354609982, 7.307561702127653, 0.03826950354609982, 1.575746808510637, 1.4858134751773042, 1.2676773049645385, 1.5499148936170197, 1.3690914893617014, 0.7357312056737584, 0.8476695035460993, 0.36547375886524747, 0.40182978723404256, 0.23535744680850998, 0.7089425531914887, 0.00478368794326188, 0.6831106382978713, 0.6429276595744667, 0.8438425531914882, 0.6754567375886523, 0.8495829787234039, 0.8601070921985801, 0.8706312056737578, 0.17699645390070867, 0.06697163120567429, 0.022004964539007837, 0.4152241134751774, 0.1138517730496455, 0.32337730496453815, 0.03157234042553159, 0.40948368794326157, 0.3865219858156029, 0.04209645390070932, 0.8591503546099277, 0.3922624113475172, 0.6649326241134745, 0.35399290780141734, 0.6639758865248222, 0.3903489361702125, 0.3913056737588648, 0.36164680851063796, 1.3901397163120555, 0.8907226950354609, 0.36069007092198563, 0.36643049645389986, 0.799832624113474, 0.7165964539007093, 0.3903489361702125, 0.8725446808510625, 0.36164680851063796, 0.040182978723404573, 0.01722127659574436, 0.7338177304964537, 1.4714624113475168, 0.986396453900708, 0.2659730496453892, 0.8562801418439705, 0.3836517730496442, 0.4353156028368789, 0.5061141843971627, 0.006697163120566633, 0.7873950354609915, 0.8428858156028356, 0.009567375886525353, 1.5460879432624102, 0.09471702127659638, 0.8888092198581545, 0.37217092198581575, 0.49367659574468015, 0.40374326241134734, 0.5118546099290769, 1.5221695035460976, 0.8103567375886518, 0.8371453900709215, 0.49367659574468015, 0.8955063829787228, 1.5403475177304944, 0.035399290780141104, 1.0791999999999997, 0.9873531914893603, 1.5164290780141834, 0.38939219858156005, 1.3394326241134746, 0.4027865248226949, 1.5441744680851055, 0.4908063829787231, 0.7969624113475169, 1.2954226950354606, 0.8715879432624102, 0.37886808510638237, 0.3482524822695031, 0.8486262411347516, 0.026788652482269713, 1.375788652482268, 0.7098992907801411, 0.8218375886524819, 0.868717730496453, 0.8610638297872324, 1.5240829787234023, 0.37886808510638237, 0.27554042553191455, 0.046880141843971206, 0.4841092198581548, 0.38460851063829815, 0.35590638297872373, 0.035399290780141104, 0.8113134751773041, 1.3317787234042542, 0.35590638297872373, 1.1069453900709219, 0.7539092198581551, 0.8486262411347516, 0.6945914893617015, 0.18273687943262454, 0.13872695035461047, 0.04879361702127596, 0.19039078014184355, 0.08897659574468053, 0.6802404255319143, 1.3183843971631193, 1.3059468085106367, 1.216970212765956, 1.165306382978723, 1.449457446808509, 1.306903546099289, 0.09758723404255351, 1.806320567375885, 7.774449645390063, 0.3099829787234033, 0.42096453900709163, 1.296379432624113, 0.8801985815602831, 0.055490780141844186, 0.5415134751773037, 0.41618085106382974, 0.7290340425531903, 1.4609382978723393, 0.8572368794326228, 0.8591503546099277, 0.15690496453900718, 0.01722127659574436, 0.4075702127659568, 1.356653900709219, 0.8591503546099277, 1.5546985815602814, 0.7366879432624108, 0.8285347517730485, 0.8821120567375879, 0.16455886524822622, 0.06792836879432666, 0.5042007092198579, 0.40852695035460923, 1.5633092198581546, 0.6783269503546095, 0.8495829787234039, 1.4427602836879425, 1.5145156028368787, 0.36930070921985697, 0.39417588652482194, 1.3786588652482255, 0.8926361702127656, 0.7452985815602822, 0.8419290780141833, 0.8897659574468069, 0.06410141843971556, 1.5652226950354593, 1.3375191489361682, 1.5594822695035448, 1.508775177304963, 0.7472120567375886, 0.7912219858156025, 1.3738751773049633, 1.550871631205672, 0.8897659574468069, 0.06505815602836953, 0.2640595744680845, 1.477202836879431, 0.3386851063829778, 1.5862709219858147, 0.8601070921985801, 0.8620205673758863, 1.5738333333333323, 0.8763716312056736, 1.53460709219858, 1.3269286649214684, 0.860782068062829, 1.3101544502617815, 0.6877428010471219, 0.6497801047120431, 0.8713763089005256, 0.3787441099476453, 0.2966387434554974, 0.0406112565445026, 0.849304973821991, 0.7795595549738238, 0.8537192408376975, 0.01765706806282824, 0.3354842931937175, 0.6586086387434572, 0.23748756544502678, 0.42994960732984316, 0.02295418848167583, 0.01942277486911077, 0.2948730366492149, 0.8175222513089025, 0.840476439790577, 0.29134162303664984, 0.6029888743455502, 0.6621400523560224, 0.3637356020942423, 0.8272336387434565, 1.094738219895289, 0.832530759162304, 1.4275739528795828, 0.4237696335078528, 0.3460785340314141, 1.4081511780104736, 0.045025523560210404, 0.01235994764397918, 0.16067931937172789, 0.301935863874345, 1.1503579842931948, 1.3101544502617815, 0.30458442408377023, 0.8775562827225145, 0.4087611256544513, 0.6727342931937175, 0.5976917539267026, 1.1282866492146602, 1.0558926701570692, 0.0, 0.14920222513088996, 0.4034640052356022, 0.40787827225130857, 1.1503579842931948, 1.077081151832461, 0.35049280104712044, 0.03178272251308995, 0.322241492146597, 0.06091688481675317, 1.4602395287958139, 0.39286976439790705, 0.8934476439790586, 0.39816688481675466, 0.23837041884816804, 0.37432984293193755, 0.06091688481675464, 0.5879803664921472, 0.7777938481675412, 0.8192879581151851, 0.016774214659686974, 1.4858422774869136, 1.1397637434554981, 1.4831937172774883, 0.8334136125654469, 0.3134129581151829, 0.2763331151832454, 1.4240425392670162, 1.2995602094240848, 2.90370484293194, 2.829545157068066, 1.5723619109947666, 1.4920222513089012, 1.130935209424084, 1.058541230366493, 0.8810876963350796, 0.01942277486911077, 1.549407722513091, 1.5644162303664935, 1.4787794502617821, 0.3134129581151829, 0.8298821989528803, 0.5994574607329851, 0.9393560209424089, 5.246797774869116, 0.8484221204188498, 0.5976917539267026, 1.223634816753927, 1.1424123036649219, 1.3154515706806305, 0.39728403141361335, 0.4882179319371725, 0.00882853403141412, 1.942277486910996, 1.4982022251308913, 0.5685575916230379, 0.8298821989528803, 0.8351793193717293, 1.273957460732985, 1.4302225130890067, 0.2948730366492149, 0.36020418848167585, 1.4355196335078557, 0.7177598167539279, 0.38315837696335014, 0.7654339005235621, 0.845773560209426, 0.8537192408376975, 0.01059424083769665, 1.4787794502617821, 1.4893736910994788, 0.11477094240837621, 0.027368455497382156, 0.4105268324607338, 0.2842787958115182, 0.29310732984293236, 2.262753272251311, 1.077081151832461, 1.1803750000000006, 0.01589136125654424, 1.3083887434554988, 0.864313481675394, 0.8616649214659703, 0.3840412303664929, 0.5870975130890059, 0.026485602094240893, 0.6859770942408393, 1.4964365183246089, 0.04149410994764386, 0.0670968586387435, 0.00176570680628253, 0.9340589005235613, 1.4999679319371755, 0.013242801047120447, 0.22601047120418882, 0.48380366492146615, 0.909339005235603, 0.8281164921465978, 1.0876753926701577, 0.7354168848167546, 0.6029888743455502, 0.2992873036649212, 1.4328710732984318, 0.19069633507853528, 0.4175896596858654, 0.40611256544502605, 0.5756204188481681, 0.21894764397905872, 0.002648560209423795, 0.39640117801047214, 0.3919869109947658, 0.6135831151832468, 0.6815628272251315, 0.02825130890052342, 0.5950431937172773, 0.5632604712041888, 0.6718514397905763, 0.6012231675392676, 0.28781020942408325, 1.1379980366492155, 1.0717840314136133, 7.778821335078543, 0.9190503926701584, 0.8466564136125672, 0.5976917539267026, 0.6621400523560208, 0.39904973821989587, 1.0567755235602103, 1.1070981675392684, 0.3902212041884818, 0.39728403141361335, 0.9208160994764408, 0.8554849476439799, 0.30281871727748627, 2.7880510471204225, 0.8148736910994773, 0.9834986910994766, 0.4008154450261784, 0.03089986910994869, 0.6038717277486915, 0.9269960732984297, 0.8519535340314148, 0.2242447643979063, 0.11741950261780147, 1.4522938481675414, 0.29575589005235614, 0.29134162303664984, 0.11918520942408402, 0.844007853403142, 0.5879803664921472, 0.4891007853403137, 7.7602814136125735, 1.0444155759162312, 1.2969116492146608, 7.13433835078535, 0.022071335078534565, 7.315323298429326, 0.6038717277486915, 1.350765706806284, 0.6745, 0.6074031413612565, 0.5614947643979062, 0.8537192408376975, 0.08475392670157027, 1.4929051047120439, 0.8634306282722527, 1.5052650523560231, 0.8669620418848177, 1.4867251308900549, 0.8175222513089025, 0.02295418848167583, 0.4114096858638751, 0.3319528795811524, 0.30635013089005275, 1.5043821989528816, 0.40699541884816726, 1.3242801047120432, 1.4840765706806296, 5.792401178010476, 0.00353141361256506, 1.5017336387434579, 7.38860013089006, 0.2922244764397911, 7.600484947643987, 7.328566099476448, 0.620645942408377, 7.328566099476448, 1.2306976439790587, 1.1176924083769635, 0.31164725130890036, 0.03796269633507881, 0.026485602094240893, 0.6356544502617815, 0.8802048429319382, 0.8519535340314148, 0.40787827225130857, 0.7460111256544513, 0.8148736910994773, 7.125509816753934, 0.2886930628272245, 0.18010209424083864, 1.5909018324607345, 1.5070307591623056, 0.3858069371727755, 0.03972840314136134, 0.025602748691099627, 0.7901537958115189, 0.8819705497382208, 0.8334136125654469, 0.06444829842931969, 0.3805098167539264, 0.426418193717278, 0.5950431937172773, 0.605637434554974, 1.4831937172774883, 1.4929051047120439, 0.24101897905759181, 0.00882853403141412, 0.8316479057591643, 0.10152814136125576, 0.033548429319372484, 0.387572643979058, 0.03796269633507881, 0.23042473821989665, 0.023837041884817098, 0.02295418848167583, 0.27191884816753903, 0.5835660994764394, 5.900109293193723, 0.8228193717277502, 0.6038717277486915, 0.605637434554974, 0.7513082460733004, 1.4381681937172794, 0.8643134816753926, 1.4929051047120439, 1.2571832460732997, 0.4882179319371725, 0.29134162303664984, 0.3257729057591635, 0.004414267015707796, 1.4840765706806296, 0.009711387434555385, 1.2774888743455517, 0.8007480366492156, 1.4955536649214678, 0.20747054973821932, 0.026485602094240893, 0.40787827225130857, 1.4761308900523582, 0.8395935863874356, 1.2510032722513107, 1.4664195026178029, 1.475248036649217, 1.4823108638743472, 1.4734823298429345, 1.5017336387434579, 1.3216315445026194, 1.3101544502617815, 1.6453589435774307, 0.9044615846338538, 1.4858433373349336, 0.8745018007202877, 1.0599285714285709, 0.9781464585834337, 1.0680258103241296, 0.570855342136854, 5.532033613445379, 0.0, 0.6550666266506597, 1.472078031212485, 1.6485978391356537, 0.6356332533013208, 0.3279381752701084, 0.6380624249699879, 0.013765306122448815, 1.4186362545018012, 1.4032515006002395, 0.07206542617046836, 0.272067226890756, 1.644549219687875, 1.6437394957983193, 0.0008097238895557333, 0.024291716686674698, 0.5417052821128462, 1.6202575030012003, 1.0364465786314518, 0.6461596638655467, 0.0866404561824729, 0.004048619447778666, 1.6647923169267709, 1.0583091236494593, 0.2971686674669865, 1.488272509003601, 0.004858343337335748, 0.48664405762304963, 0.5214621848739502, 6.680222088835535, 0.6137707082833133, 0.26963805522208883, 0.6380624249699879, 0.658305522208884, 0.12874609843937643, 0.5279399759903961, 1.082600840336134, 0.30040756302520943, 1.6113505402160857, 0.46235234093637495, 0.6283457382953177, 1.651836734693878, 0.19919207683073195, 0.2979783913565422, 1.6615534213685466, 0.005668067226890133, 0.14979891956782684, 0.24615606242496987, 1.6607436974789909, 0.3530396158463388, 0.2566824729891958, 6.58062605042017, 0.40243277310924397, 0.7805738295318132, 0.6923139255702289, 0.7692376950780315, 0.6825972388955587, 0.34089375750300144, 1.6704603841536612, 0.017004201680673098, 0.019433373349338947, 0.9967701080432169, 1.0801716686674667, 0.6437304921968781, 0.953854741896759, 1.0469729891956778, 0.2890714285714278, 0.977336734693878, 0.770857142857143, 0.17004201680672287, 1.0550702280912363, 0.475307923169268, 0.41943697478991704, 0.25182412965186135, 1.2121566626650664, 1.086649459783914, 0.9619519807923177, 0.8736920768307332, 0.48178571428571526, 0.6291554621848736, 0.5684261704681881, 0.48259543817527095, 0.30283673469387656, 1.1773385354141657, 1.08745918367347, 0.9927214885954382, 0.40000360144057673, 0.239678271308524, 0.47125930372148933, 1.1319939975990405, 0.8801698679471792, 1.092317527010804, 0.6404915966386551, 0.10202521008403453, 0.3012172869147651, 0.16356422569027565, 0.3546590636254503, 0.26720888355342165, 0.5870498199279713, 1.5441434573829533, 0.6518277310924367, 0.9328019207683071, 1.4931308523409368, 0.28664225690276063, 1.0413049219687875, 1.1668121248499412, 1.0680258103241296, 0.6623541416566626, 1.442927971188476, 1.2445456182472996, 1.3214693877551025, 1.2186344537815135, 1.082600840336134, 1.468839135654262, 1.2396872749099652, 1.3149915966386565, 1.2348289315726293, 1.2372581032412968, 1.173289915966387, 1.076932773109244, 1.1562857142857152, 0.5813817527010812, 1.5060864345738298, 1.4170168067226898, 0.16275450180072126, 1.1441398559423779, 1.0542605042016806, 1.1740996398559427, 1.6129699879951975, 0.6291554621848736, 0.1643739495798314, 0.2801644657863147, 0.6291554621848748, 0.9263241296518613, 1.4016320528211295, 1.0720744297719083, 0.09716686674669879, 0.43644117647058744, 0.6048637454981989, 0.6647833133253312, 0.48826350540216107, 0.6591152460984397, 1.3311860744297725, 1.2372581032412968, 0.9991992797118854, 0.9077004801920767, 0.12874609843937643, 1.076932773109244, 0.4534453781512605, 1.3635750300120058, 1.256691476590637, 0.8979837935174066, 0.315792316926771, 0.6518277310924367, 1.076932773109244, 1.212966386554622, 1.0461632653061221, 0.8518295318127257, 0.12064885954381774, 0.04291536614645926, 0.17894897959183595, 1.199201080432173, 1.1959621848739503, 1.08745918367347, 0.9643811524609848, 1.0558799519807922, 0.2890714285714278, 0.594337334933973, 0.6631638655462183, 0.6518277310924367, 0.2583019207683072, 0.46397178871548644, 0.6307749099639863, 0.5141746698679472, 0.9716686674669879, 0.8785504201680677, 0.8574975990396159, 1.0655966386554623, 0.6615444177671069, 0.22510324129651813, 0.31093397358943525, 1.1716704681872756, 1.0712647058823537, 1.080981392557024, 0.009716686674670147, 0.9376602641056416, 1.0469729891956778, 0.5522316926770707, 1.6494075630252094, 0.8639753901560631, 1.5295684273709487, 0.9133685474189669, 0.31255342136854675, 0.8955546218487395, 1.0745036014405753, 1.053450780312125, 0.2939297719087635, 0.3174117647058825, 0.8461614645858343, 1.6485978391356537, 1.638071428571429, 0.6664027611044414, 0.31822148859543825, 0.2542533013205286, 1.0987953181272514, 0.9789561824729894, 1.0413049219687875, 1.106082833133253, 0.34089375750300144, 0.2566824729891958, 0.0024291716686672, 0.4769273709483795, 0.30283673469387656, 0.4761176470588238, 0.6647833133253298, 0.3230798319327726, 0.04048619447779206, 0.5093163265306115, 0.6056734693877546, 0.06720708283313395, 0.012145858343337349, 0.02024309723889468, 1.0518313325330135, 0.49798019207683125, 8.12557923169268, 1.0761230492196883, 0.8008169267707091, 0.7060792316926776, 1.189484393757503, 1.0720744297719096, 0.12631692677070921, 0.02267226890756323, 0.5967665066026415, 0.22915186074429814, 0.7838127250900361, 1.3554777911164473, 1.2453553421368553, 0.5360372148859548, 6.077787515006003, 0.8842184873949578, 0.8283475390156069, 1.621067226890756, 4.515020408163268, 0.4607328931572621, 0.30040756302520943, 0.10364465786314599, 0.012145858343337349, 0.011336134453781614, 0.12145858343337348, 0.9392797118847543, 0.07125570228091262, 0.01295558223289308, 0.9830048019207694, 0.8332058823529412, 0.974097839135655, 0.5076968787515014, 0.9789561824729894, 1.0655966386554623, 1.0801716686674667, 1.0850300120048026, 0.531178871548619, 0.31498259303721393, 0.5522316926770707, 0.6016248499399759, 0.09878631452581024, 1.3214693877551025, 0.6623541416566626, 0.6267262905162063, 1.6510270108043223, 0.7838127250900361, 0.6882653061224487, 0.6591152460984397, 0.017004201680673098, 6.190339135654264, 1.072884153661464, 0.6599249699879954, 1.0753133253301326, 0.00809723889555868, 0.6251068427370948, 1.6396908763505404, 1.053450780312125, 1.6696506602641055, 1.4898919567827125, 0.5392761104441777, 0.6299651860744293, 0.6591152460984397, 0.3060756302521009, 0.024291716686674698, 0.32227010804321826, 0.23562965186074536, 0.49798019207683125, 6.595201080432173, 0.3036464585834337, 1.621067226890756, 0.7870516206482604, 0.6947430972388959, 0.1109321728691476, 0.0, 0.5101260504201686]",0.9055362227018806,0.6745,1.1432925552545128,0.0,10.033927083333337,5173.0,14.0,1.0,0.33
2,"[1.4912460396039604, 0.8821925742574257, 1.0037361386138615, 0.8654970297029699, 0.3906757425742568, 1.497924257425743, 0.3826618811881191, 0.861490099009901, 0.658472277227723, 0.650458415841584, 0.5282470297029702, 0.8781856435643568, 0.36396287128712884, 0.650458415841584, 0.6738321782178214, 5.534906930693072, 0.13690346534653408, 0.39334702970297053, 1.0157569306930692, 0.6364341584158418, 0.8741787128712869, 0.641776732673267, 0.14157821782178223, 0.5970326732673269, 0.3900079207920787, 0.975687623762376, 0.6344306930693062, 1.0097465346534658, 0.01669554455445473, 0.12421485148514934, 1.4164500000000004, 0.22505594059406028, 0.10351237623762465, 0.5289148514851484, 0.40002524752475194, 0.2531044554455446, 0.3873366336633661, 0.0734603960396048, 0.060103960396039685, 0.44610495049505067, 0.46680742574257533, 0.56230594059406, 0.45812574257425837, 0.2778138613861393, 0.47215000000000046, 5.540249504950497, 0.24308712871287133, 0.06945346534653482, 0.46680742574257533, 5.5890004950495085, 0.15359900990098996, 0.05810049504950525, 0.30252326732673285, 0.6244133663366341, 1.3383148514851486, 0.4387589108910899, 0.8661648514851492, 0.8688361386138618, 0.7666594059405945, 5.733917821782182, 0.6778391089108913, 1.1105876237623769, 1.0084108910891096, 1.1125910891089121, 1.0030683168316845, 4.532506435643567, 0.1308930693069308, 1.2962420792079221, 1.005739603960397, 1.0170925742574266, 0.013356435643564004, 0.6437801980198026, 0.4621326732673272, 0.024709405940593576, 1.1646811881188133, 5.725903960396043, 1.6034400990099018, 1.4832321782178226, 0.4587935643564365, 1.459190594059406, 1.449173267326734, 1.1426430693069323, 1.0438054455445558, 0.3773193069306928, 1.4518445544554466, 7.872283168316836, 0.993050990099011, 1.620803465346536, 1.4852356435643572, 6.025088118811886, 1.0184282178217827, 0.9022272277227734, 0.7800158415841596, 0.1442495049504948, 1.0518193069306945, 0.9202584158415845, 1.2060861386138626, 1.0898851485148522, 6.529961386138616, 1.7904301980198036, 1.624810396039605, 1.4892425742574271, 1.4698757425742586, 1.0037361386138615, 0.9943866336633674, 1.4211247524752484, 1.3149410891089124, 0.9997292079207926, 0.5956970297029706, 0.28649554455445625, 0.9710128712871291, 1.3563460396039606, 0.9028950495049516, 0.8868673267326739, 0.6484549504950496, 0.022705940594060253, 0.9796945544554461, 1.387733663366338, 0.38533316831683284, 0.06811782178217853, 5.295158910891091, 0.4574579207920802, 0.3238935643564357, 3.615587128712873, 0.6511262376237622, 0.11152623762376238, 4.9752722772277265, 0.11954009900990013, 5.045393564356439, 0.5943613861386143, 0.9235975247524763, 1.0070752475247533, 0.3940148514851487, 1.2875603960396051, 1.4191212871287129, 1.0017326732673268, 0.6724965346534661, 0.816746039603961, 0.373312376237624, 0.2891668316831688, 130.07031287128717, 4.199263366336636, 0.8982202970297034, 1.4351490099009905, 0.46079702970296976, 0.5776658415841585, 0.6898599009901002, 0.5836762376237629, 1.1506569306930698, 0.5188975247524761, 1.4798930693069308, 0.08481336633663437, 0.09349504950495137, 5.16092673267327, 1.4758861386138618, 0.38199405940594094, 0.27848168316831745, 0.20702475247524818, 0.10084108910891096, 0.002003465346534434, 1.097899009900991, 0.9215940594059419, 0.9917153465346538, 0.28315643564356446, 0.3813262376237617, 0.37999059405940544, 0.9670059405940589, 0.3319074257425746, 1.0164247524752474, 0.4781603960396049, 0.7386108910891092, 0.6210742574257434, 1.344325247524753, 0.6758356435643568, 0.36396287128712884, 0.07746732673267367, 0.36997326732673325, 0.030719801980197987, 0.8968846534653472, 0.7746732673267334, 0.07813514851485182, 0.7472925742574261, 0.6377698019801992, 0.5743267326732677, 1.195400990099011, 1.080535643564357, 1.4692079207920792, 0.5135549504950498, 0.027380693069306152, 0.3779871287128721, 0.9075698019801987, 0.3713089108910884, 0.27848168316831745, 1.0284455445544562, 5.786675742574261, 0.4280737623762385, 1.3984188118811882, 0.020034653465346563, 0.364630693069307, 1.0097465346534658, 0.5416034653465341, 0.8821925742574257, 0.32522920792079313, 1.4798930693069308, 0.03205544554455539, 0.08948811881188137, 0.6751678217821787, 4.543191584158418, 0.10952277227722683, 0.08882029702970323, 5.478809900990101, 0.5569633663366337, 0.6230777227722779, 5.020684158415845, 4.723503465346537, 0.3225579207920794, 4.7154896039604, 0.11352970297029792, 0.6163995049504952, 0.5569633663366349, 0.44877623762376323, 0.8708396039603973, 0.9089054455445549, 0.08414554455445512, 0.1970074257425749, 0.09015594059405953, 0.7706663366336634, 0.9129123762376238, 0.45812574257425837, 0.8147425742574254, 4.191917326732677, 0.9877084158415836, 1.0037361386138615, 0.6664861386138617, 0.6477871287128714, 0.19767524752475304, 0.09750198019802023, 0.9803623762376241, 4.022958415841586, 1.168020297029704, 0.3499386138613867, 0.7386108910891092, 1.4565193069306936, 1.4171178217821785, 0.99305099009901, 1.3603529702970296, 1.0037361386138615, 0.34125693069306856, 0.9950544554455444, 0.8087321782178221, 1.4905782178217823, 0.8280990099009905, 0.09282722772277323, 0.15960940594059436, 0.07412821782178294, 1.2074217821782187, 1.0918886138613866, 0.40803910891089085, 1.3343079207920796, 0.8654970297029699, 1.0104143564356438, 0.37932277227722727, 1.0050717821782187, 0.5375965346534654, 0.4107103960396034, 1.4465019801980201, 1.0364594059405938, 0.8821925742574257, 0.531586138613861, 0.6324272277227719, 0.10418019801980279, 0.1222113861386138, 1.3730415841584165, 1.4685400990099011, 0.9997292079207926, 0.667821782178218, 0.6324272277227719, 0.6664861386138617, 1.0264420792079205, 0.3212222772277231, 1.5126163366336631, 0.23507326732673248, 0.5289148514851484, 0.650458415841584, 0.22705940594059362, 0.28449207920792186, 0.338585643564356, 5.595010891089112, 0.9416287128712885, 0.7753410891089115, 0.8902064356435657, 0.7693306930693081, 0.6658183168316835, 0.3833297029702972, 0.12020792079207937, 0.15226336633663365, 0.24509059405940578, 0.2704678217821786, 0.2778138613861393, 0.5803371287128721, 0.7326004950495058, 1.4925816831683165, 0.8661648514851492, 0.006678217821782558, 0.10685148514851425, 0.24175148514851505, 0.35728465346534627, 0.4000252475247531, 0.5816727722772285, 0.46547178217821794, 0.5649772277227726, 0.9857049504950492, 0.8781856435643568, 0.30051980198019734, 0.002003465346535546, 0.12154356435643567, 0.21637425742574332, 0.10551584158415907, 0.39802178217821865, 0.010017326732673281, 0.5876831683168329, 0.4774925742574267, 1.423128217821783, 1.4738826732673276, 0.9917153465346538, 0.9917153465346538, 1.4044292079207927, 0.64110891089109, 1.4571871287128717, 1.0077430693069303, 0.023373762376237284, 0.1295574257425734, 1.4465019801980201, 1.4912460396039604, 1.4244638613861393, 1.0057396039603959, 0.8668326732673262, 1.3723737623762384, 0.24976534653465274, 0.3619594059405933, 0.10885495049504869, 0.08414554455445622, 0.27447475247524744, 0.4347519801980199, 0.2838242574257426, 0.36663415841584146, 0.24108366336633688, 0.3539455445544556, 1.4818965346534652, 1.4224603960396047, 0.5395999999999999, 0.6431123762376233, 0.45278316831683096, 0.6010396039603957, 1.0210995049504954, 0.667821782178218, 0.9810301980198023, 0.21971336633663405, 0.12555049504950566, 0.09950544554455466, 0.6431123762376233, 0.9823658415841585, 0.6711608910891088, 1.497924257425743, 1.4972564356435647, 1.481228712871287, 0.6197386138613861, 4.445689603960398, 0.870171782178218, 0.9917153465346538, 1.4945851485148522, 0.9730163366336634, 1.4204569306930692, 1.4778896039603964, 1.4311420792079206, 1.4865712871287133, 1.4738826732673276, 1.4892425742574258, 0.0016830941983778556, 0.5470056144728634, 1.5560205864004988, 0.14558764815969993, 0.261721147847786, 0.16830941983780381, 0.5007205240174667, 0.16830941983780381, 0.7649663131628196, 0.925701809107923, 0.5116606363069243, 0.15400311915159062, 0.17840798502807234, 0.4956712414223332, 0.1859819089207741, 0.16157704304429238, 0.16830941983780381, 0.5663611977542101, 0.963571428571429, 0.12370742358078642, 0.4990374298190889, 6.552285714285714, 0.45022769806612545, 6.8156899563318785, 0.1472707423580792, 0.7035333749220208, 6.818214597629445, 0.7801141609482216, 0.9610467872738622, 0.5259669369931375, 0.1321228945726757, 0.07405614472863406, 0.15484466625077956, 0.7969451029320029, 0.9341172800998123, 0.04880973175296342, 0.13633063006862173, 0.16073549594510345, 0.8869906425452281, 1.5619114160948226, 0.9450573923892698, 0.15568621334996846, 0.14222145976294423, 0.9652545227698068, 0.22890081097941362, 1.5030031191515907, 0.4838895820336868, 1.0098565190268243, 0.4670586400499068, 0.9972333125389888, 0.8920399251403617, 0.1952389270118523, 0.6378927011852774, 0.6665053025577038, 1.2008877105427318, 1.1285146600124771, 1.1630180910792258, 0.6176955708047417, 1.1638596381784148, 1.2783100436681216, 0.13717217716781066, 0.9610467872738622, 0.887832189644417, 0.6345265127885218, 0.8508041172801, 1.2547467248908302, 0.44686150966936977, 1.6654217092950718, 1.4895383655645664, 1.3111303805364942, 0.9332757330006233, 0.497354335620711, 0.8768920773549596, 0.7759064254522771, 0.0016830941983778556, 0.7026918278228319, 0.8339731752963201, 1.3523661883967555, 1.310288833437305, 1.362464753587024, 1.369197130380537, 6.232497816593886, 0.407308796007486, 0.9534728633811603, 0.14558764815969993, 0.27181971303805313, 0.7548677479725511, 1.5720099812850912, 0.5066113537117907, 0.7641247660636306, 1.364989394884591, 1.2842008733624455, 1.7823967560823455, 1.6603724266999371, 0.4426537741734251, 0.44181222707423623, 0.4956712414223332, 1.1621765439800371, 1.0754971927635675, 2.5902819713038063, 0.2650873362445417, 0.86763505926388, 0.004207735495944639, 0.12875670617591997, 0.43003056768558984, 0.7506600124766063, 0.9130786026200877, 0.497354335620711, 0.42413973799126586, 0.04544354335620772, 0.1295982532751089, 0.4308721147847787, 0.6395757953836553, 0.2827598253275106, 0.19187273861509657, 0.5024036182158446, 1.3742464129756706, 1.2917747972551459, 1.476073611977542, 0.2743443543356213, 0.31053087960074804, 0.15736930754834633, 0.14053836556456636, 0.9299095446038677, 0.5621534622582655, 1.5341403618215852, 0.41319962570180846, 1.997832813474735, 3.7869619463505932, 0.06479912663755445, 0.14642919525888887, 0.14979538365564599, 7.1068652526512786, 0.3786961946350596, 0.49398814722395534, 0.16410168434185915, 1.475232064878353, 0.5108190892077352, 0.00841547099189068, 0.1346475358702439, 0.49314660012476635, 1.311971927635683, 1.5299326263256392, 0.9332757330006233, 0.5183930131004371, 0.17335870243293874, 0.00841547099189068, 0.4376044915782902, 6.819897691827823, 0.40478415470991913, 0.6934348097317523, 0.8609026824703685, 0.8945645664379284, 1.1470286961946348, 0.8810998128509042, 0.6774454148471613, 0.4056257018091081, 0.17924953212726127, 0.6496743605739238, 0.4721079226450404, 1.5324572676232058, 0.8617442295695574, 0.9324341859014345, 1.5644360573923892, 0.2465733000623825, 1.5661191515907673, 0.4847311291328757, 0.5226007485963817, 0.32904491578290723, 6.826630068621334, 0.4451784154709919, 1.3086057392389272, 5.330359326263255, 0.9400081097941362, 0.49398814722395534, 0.12370742358078642, 0.17167560823455952, 1.5383480973175296, 0.8263992514036183, 0.9080293200249527, 0.980402370555209, 0.41572426699937665, 0.10603493449781613, 0.6715545851528387, 0.9248602620087342, 4.892754834684965, 0.18009107922645018, 0.14053836556456636, 0.004207735495944639, 0.9551559575795383, 5.561784778540239, 0.1775664379288834, 0.6875439800374298, 7.25161135371179, 1.3742464129756706, 0.9484235807860268, 0.16662632563942595, 1.5526543980037428, 1.5661191515907673, 0.5234422956955705, 0.5108190892077352, 1.3010318153462257, 0.14642919525889025, 0.1598939488459145, 0.42750592638802304, 0.8575364940736114, 1.09148658764816, 0.9585221459762939, 0.10771802869619398, 1.3607816593886464, 1.5568621334996877, 1.479439800374298, 0.7287797878976915, 0.9055046787273859, 0.19355583281347444, 0.5554210854647541, 0.9593636930754829, 0.04039426076107275, 0.1346475358702439, 0.5049282595134128, 0.49314660012476635, 0.15736930754834633, 0.5099775421085464, 246.021245165315, 0.9450573923892698, 0.9753530879600754, 1.4676581409856515, 0.4956712414223332, 0.9728284466625071, 1.370038677479726, 1.3725633187772925, 0.4897804117280107, 1.4811228945726755, 1.4323131628197137, 0.30979708853238364, 0.1583051099227571, 0.2384595959595967, 0.6280103980986345, 0.6520567439096862, 0.6344227569815821, 0.11822786690433797, 0.6151856803327402, 5.446096553773033, 0.29697237076648947, 5.769920677361861, 0.28655228758170015, 5.760302139037441, 0.33143879976232915, 0.24407040998217483, 0.9237804515745701, 0.2055962566844923, 0.46689988116458697, 0.47411378490790296, 1.0552338086749864, 0.6745, 0.6191934046345817, 0.31220172311348854, 0.2240317884729646, 0.812365715983364, 0.13425876411170534, 0.049295008912655945, 0.9053449197860978, 0.6632783719548438, 0.21922251931075476, 0.03406565656565686, 1.6467739156268593, 0.21120707070707176, 0.6536598336304227, 0.29536928104575283, 0.12143404634581119, 0.0020038621509207563, 0.8067549019607846, 0.7041571598336313, 1.066455436720144, 0.646445929887108, 0.5743068924539515, 0.4869385026737972, 0.2088024361259655, 0.7851131907308391, 0.7041571598336313, 1.0311874628639346, 0.6833169934640526, 0.09979233511586434, 1.076073975044565, 1.0688600713012488, 0.009217765894236814, 0.5735053475935832, 0.7698838383838387, 0.6897293523470004, 2.3761797385620946, 0.2384595959595967, 0.5214049316696382, 0.43323499702911555, 0.6672860962566852, 1.3518054070112917, 0.8756877599524666, 1.0784786096256698, 0.8861078431372559, 0.47491532976827133, 1.0600430778371974, 0.6424382055852652, 0.33063725490196216, 0.6753015448603683, 0.641636660724897, 1.555397801544863, 1.0608446226975645, 0.35388205585264426, 1.0800816993464064, 0.5542682709447426, 0.6376289364230554, 0.5398404634581104, 1.6716218062982793, 0.7915255496137855, 0.7129741532976839, 0.9662623291740955, 1.0504245395127765, 0.651255199049318, 0.42922727272727274, 0.2536889483065958, 6.120195781342846, 0.18716072489602, 0.2889569221628051, 0.9574453357100428, 7.7056515151515255, 0.7073633392751044, 1.0408060011883555, 7.147776292335125, 1.6563924539512802, 0.6023609625668461, 6.907312834224608, 0.5246111111111114, 1.3822641117052898, 0.006813131313130572, 1.4455861556743925, 1.3742486631016055, 0.026851752822340803, 1.0616461675579343, 0.3017816399286993, 0.013225490196078327, 127.880470885324, 1.0552338086749864, 0.37872994652406433, 1.0015303030303035, 1.12817439096851, 1.0408060011883555, 0.2416657754010699, 0.45888443256090394, 0.6087733214497925, 6.478486333927518, 0.6336212121212139, 0.6111779560308988, 1.4744417706476538, 0.07815062388591751, 0.970270053475937, 0.5751084373143197, 1.1939010695187176, 1.1073342245989315, 0.24647504456327973, 1.6531862745098067, 0.30338472964943586, 1.555397801544863, 0.024447118241235896, 0.31540790255496176, 0.31059863339275195, 0.7859147355912074, 0.9638576945929905, 1.0400044563279873, 0.31540790255496176, 0.6889278074866321, 0.5454512774806899, 0.36029441473559065, 0.2584982174688056, 0.01082085561497342, 1.1426021984551409, 1.0616461675579327, 0.6688891859774219, 0.3250264408793827, 0.5598790849673206, 0.970270053475937, 0.5847269756387408, 0.6608737373737376, 0.0260502079619725, 6.776661021984559, 0.013225490196078327, 0.5566729055258476, 0.2256348781937025, 0.2544904931669641, 0.47972459893048247, 0.6688891859774219, 0.22323024361259627, 0.7482421271538932, 0.34746969696969654, 1.0752724301841967, 1.4888695781342862, 1.0680585264408806, 0.6544613784907911, 0.9686669637552003, 1.0528291740938815, 6.328597445038629, 0.009217765894236814, 1.6563924539512802, 0.021240938799762684, 0.6704922756981585, 0.01162240047534172, 1.6523847296494385, 0.387546939988117, 0.1591066547831254, 0.24727658942364936, 0.9077495543672027, 1.1690531788472973, 1.0552338086749864, 1.4992896613190754, 0.6977448009506835, 6.9930781342840245, 1.4704340463458139, 1.3317667855020814, 1.2516122994652419, 1.4672278669043393, 1.378256387403447, 0.5550698158051108, 1.3045142602495552, 1.035195187165776, 1.2019165181224019, 0.1591066547831254, 1.4856633986928116, 1.3670347593582908, 1.4135243612596562, 0.6360258467023174, 0.23124569221628063, 0.0797537136066541, 0.0044084967320269985, 0.8812985739750447, 1.5834518716577552, 1.4904726678550226, 0.6640799168152121, 0.1591066547831254, 1.6139105763517547, 1.6042920380273349, 4.901847593582894, 0.31300326797385686, 1.0279812834224615, 0.2841476530005953, 5.775531491384439, 0.22964260249554405, 0.03727183600713007, 6.898495840760553, 0.3162094474153301, 6.572267082590621, 0.4789230540701128, 6.694903446226984, 1.1979087938205604, 0.8556491384432564, 8.188181521093297, 7.4772112299465325, 0.049295008912655945, 1.2852771836007144, 1.2083288770053482, 0.3210187165775412, 1.6515831847890703, 0.6712938205585282, 0.6608737373737389, 1.641163101604281, 0.6528582887700545, 1.6547893642305433, 1.0175612002376722, 1.4696325014854443, 1.081684789067143, 0.2080008912655972, 5.086202911467625, 0.4660983363042186, 0.0020038621509207563, 6.466463161021993, 0.308995543672014, 6.554633095662515, 0.47731996434937624, 0.6536598336304227, 1.0872956030897225, 1.0456152703505668, 0.32983571004159257, 0.6616752822341058, 0.579917706476531, 1.4736402257872872, 1.0824863339275126, 1.6499800950683323, 0.31540790255496176, 5.7731268568033345, 6.633986036838988, 0.3025831847890676, 0.6745, 6.7357822341057725, 7.486829768270955, 1.0648523469994073, 1.6091013071895448, 0.032462566844918925, 1.0624477124183025, 0.21601633986928157, 0.29697237076648947, 0.6336212121212139, 5.227274806892462, 1.0616461675579343, 0.01082085561497342, 0.041279560308972923, 0.9863009506833058, 1.0824863339275126, 1.6459723707664908, 0.6159872251931086, 0.10299851455733755, 0.7538529411764713, 0.6753015448603683, 0.0036069518716586963, 0.7482421271538932, 0.6753015448603683, 0.29536928104575283, 0.33304188948306707, 0.6127810457516353, 1.0616461675579343, 1.2259628639334534, 0.4540751633986928, 0.46369370172311375, 0.8732831253713617, 0.6793092691622111, 1.2043211527035067, 1.1450068330362457, 1.0696616161616173, 0.47651841948900925, 0.31701099227569834, 0.9614530600118844, 0.8756877599524666, 1.497686571598339, 0.018836304218657778, 0.5847269756387408, 0.5069771241830073, 0.017233214497921173, 1.6267352941176487, 0.004408496732025664, 6.379094771241838, 0.2937661913250149, 0.3162094474153301, 0.23845959595959537, 0.5262142008318493, 0.0044084967320269985, 0.6496521093285813, 0.2528874034462275, 1.6323461081402284, 0.007614676173500209, 0.22723796791443915, 0.4508689839572195, 0.10941087344028531, 0.3370496137849086, 0.038874925727866674, 0.308193998811647, 5.064561200237677, 0.9959194890077254, 1.0872956030897225, 0.3194156268568046, 0.6656830065359486, 0.5759099821746894, 0.9959194890077254, 1.066455436720144, 1.4792510398098653, 0.6384304812834237, 0.9814916815210946, 1.0560353535353546, 1.6435677361853858, 1.083287878787881, 0.6304150326797393, 1.0392029114676191, 1.0448137254901972, 0.883703208556151, 0.9694685086155687, 1.4640216874628662, 1.500892751039812]",1.5929692455315743,0.6745,9.9662848843003,0.0016830941983778556,246.021245165315,950.0,3.0,3.0,1.0
