Cluster,Dist,mean,median,std,min,max,bag_count,day_count,Cluster_Rank,Cluster_perc
0,"[0.013792112950340371, 0.4597370983446929, 0.009194741966893944, 0.005254138266797009, 0.0, 0.21804673807205455, 0.446601752677702, 1.0652765335929888, 0.19440311587147074, 0.4754995131450828, 0.01970301850048687, 1.4291256085686466, 0.1661621226874394, 1.0784118792599808, 0.2673042843232717, 0.22724148003894848, 0.16747565725413838, 0.01838948393378789, 0.4689318403115868, 1.0757848101265817, 0.4886348588120737, 0.06764703018500506, 0.013792112950340371, 0.23972005842258987, 0.6856650438169425, 0.740833495618306, 0.3362648490749757, 0.16353505355404147, 0.1668188899707889, 0.6968300876338849, 0.6436319376825708, 0.6298398247322293, 0.49848636806231716, 0.6232721518987343, 0.5214732229795526, 0.9615073028237585, 0.49257546251217177, 1.2301251217137292, 0.7362361246348585, 1.086949853943524, 0.03152482960077877, 0.33495131450827675, 0.6423184031158717, 0.4866645569620252, 0.6324668938656284, 0.9089659201557939, 0.6206450827653353, 0.7276981499513141, 0.446601752677702, 0.5759849074975656, 0.518189386562804, 0.3205024342745858, 0.22921178188899693, 1.0764415774099314, 0.47155890944498585, 0.5838661148977605, 0.5247570593963, 1.252455209347614, 0.2837234664070111, 0.15171324245374845, 1.0862930866601748, 1.1894055501460565, 0.42492843232716665, 0.226584712755599, 0.5050540408958131, 0.8498568646543333, 0.7966587147030181, 0.023643622200583806, 0.4406908471275555, 0.8097940603700101, 0.7027409931840313, 1.0567385589094445, 1.190062317429406, 0.22264410905550097, 0.17075949367088586, 0.9404907497565727, 0.5654766309639727, 0.9812103213242453, 0.9326095423563777, 1.0928607594936708, 0.8892629016553071, 1.1736431353456667, 0.9707020447906526, 1.5125350535540403, 6.631379259980526, 1.3299537487828625, 1.325356377799415, 0.9155335929892888, 0.4636777020447909, 1.2859503407984425, 3.266760467380719, 1.0895769230769232, 1.2905477117818889, 1.217646543330088, 0.6226153846153849, 0.6416616358325222, 0.9043685491723464, 0.4439746835443041, 0.47812658227848076, 0.0052541382667959146, 1.4685316455696202, 1.4212444011684515, 1.3870925024342748, 0.8518271665043818, 0.8078237585199606, 1.0895769230769232, 0.8143914313534565, 1.2419469328140214, 1.1887487828627072, 0.029554527750730305, 0.4754995131450828, 1.5434031158714696, 0.4945457643622202, 1.4370068159688414, 0.7454308666017525, 0.19900048685491717, 0.46630477117818886, 0.6344371957156767, 0.6311533592989294, 1.0797254138266799, 0.09260418695228785, 0.9910618305744889, 0.9404907497565727, 0.33495131450827675, 0.4991431353456666, 1.5493140214216161, 0.46958860759493637, 0.5674469328140211, 0.03218159688412826, 0.6961733203505354, 1.0725009737098343, 0.2410335929892889, 0.23643622200584244, 0.755282375851996, 1.2038544303797465, 0.5017702044790656, 0.0709308666017525, 0.014448880233689862, 0.3329810126582272, 0.8005993184031163, 0.4846942551119767, 0.876127555988315, 0.7736718597857838, 1.2399766309639726, 1.182181110029211, 0.24563096397273637, 1.0764415774099314, 0.16550535540408992, 0.17601363193768282, 1.559822297955209, 0.7336090555014606, 0.003283836416747447, 0.9063388510223949, 0.09654479065238587, 0.016419182083739423, 0.6285262901655303, 0.7460876338851019, 0.16090798442064239, 1.5512843232716647, 0.4354367088607596, 1.5466869522882183, 1.048200584225901, 1.0725009737098343, 0.08735004868549193, 0.19900048685491717, 0.37501411879260005, 4.442373904576436, 1.0665900681596878, 1.098771665043817, 0.16747565725413838, 1.0830092502434272, 0.2541689386562809, 1.0527979552093474, 0.45579649464459593, 0.14514556962025357, 0.5050540408958131, 1.0862930866601748, 1.0685603700097375, 0.834751217137293, 0.4906051606621222, 0.08800681596884141, 0.03152482960077877, 0.3480866601752677, 1.0823524829600777, 0.8669328140214212, 0.8196455696202536, 0.059765822784810095, 0.007224440116845477, 0.2259279454722495, 0.3159050632911394, 0.6088232716650434, 1.5539113924050625, 0.9720155793573515, 0.0, 1.4370068159688414, 0.820302336903603, 0.6436319376825708, 1.1644483933787726, 1.037692307692307, 0.47944011684517973, 1.3535973709834463, 0.026927458617332346, 1.090890457643622, 1.0895769230769232, 1.566389970788705, 0.34874342745861714, 1.0823524829600777, 0.6948597857838363, 0.6377210321324243, 0.021016553067185847, 0.6738432327166505, 0.7401767283349555, 3.9314089581304765, 0.4012848101265818, 0.45513972736124647, 1.06396299902629, 0.40719571567672824, 0.025613924050633365, 0.046630477117819216, 1.3654191820837382, 1.562449367088607, 0.7572526777020444, 0.22527117818890002, 0.1779839337877313, 0.1615647517039919, 0.21279259980525753, 1.5145053554040888, 0.44463145082765354, 1.4389771178188897, 0.5989717624147999, 0.5214732229795526, 0.014448880233689862, 0.22921178188899693, 0.35399756572541413, 1.554568159688413, 0.3375783836416747, 0.22461441090555054, 1.0856363193768253, 1.0698739045764363, 1.0862930866601748, 0.7500282375852001, 0.6745, 0.8492000973709839, 0.7953451801363192, 0.6272127555988313, 0.19440311587147074, 0.16813242453748786, 0.24891480038948385, 0.19374634858812123, 0.742147030185005, 0.46499123661148994, 1.578211781888997, 1.5342083739045758, 0.23315238558909498, 0.18717867575462527, 0.23249561830574442, 0.518189386562804, 0.1799542356377798, 0.16484858812074044, 1.5420895813047708, 0.7033977604673808, 0.42821226874391416, 0.42164459591041814, 0.10836660175267779, 0.49848636806231716, 0.50899464459591, 5.487290652385587, 6.07115676728335, 0.1792974683544303, 0.9963159688412848, 0.9391772151898737, 0.612107108081792, 0.16550535540408992, 0.898457643622201, 0.15828091528724444, 1.2242142161635827, 1.4081090555014606, 1.3535973709834463, 1.1775837390457646, 1.411392891918208, 70.67801119766308, 0.34742989289191817, 1.3884060370009736, 5.525383154819862, 0.014448880233689862, 0.7592229795520928, 1.0803821811100294, 0.01707594936708891, 0.5681037000973707, 0.6896056475170393, 0.025613924050633365, 0.4886348588120737, 1.0041971762414799, 0.4958592989289192, 0.7500282375852001, 1.5617925998052575, 1.196629990262902, 0.23118208373904545, 0.963477604673807, 0.7276981499513141, 0.23249561830574442, 0.016419182083739423, 0.1733865628042838, 0.01970301850048687, 0.09785832521908486, 1.0784118792599808, 1.5604790652385585, 1.6970866601752677, 1.5723008763388504, 1.5184459591041868, 0.7185034079844201, 0.7631635832521909, 0.43675024342745855, 0.011821811100291903, 0.01838948393378789, 5.128038948393377, 0.7546256085686465, 0.7073383641674778, 0.15959444985394342, 0.6206450827653364, 0.4886348588120737, 0.9615073028237585, 0.9155335929892888, 1.0830092502434272, 1.0751280428432322, 1.042946445959104, 4.25585199610516, 0.38946299902628984, 0.014448880233689862, 0.1615647517039919, 0.34283252190847174, 0.1543403115871475, 1.5631061343719566, 1.566389970788705, 1.0856363193768253, 5.338204479065238, 0.006567672833495988, 0.9312960077896788, 1.0488573515092505, 0.5589089581304768, 0.48797809152872423, 0.8196455696202536, 0.6344371957156767, 0.23052531645569593, 0.01838948393378789, 1.0790686465433303, 0.6173612463485879, 0.7533120740019474, 1.0810389483933789, 1.0074810126582272, 5.95162512171373, 1.0790686465433303, 0.4643344693281404, 0.014448880233689862, 1.0646197663096395, 0.2870073028237586, 0.4965160662122687, 0.7953451801363192, 0.6876353456669908, 1.0626494644595907, 1.5460301850048688, 0.23446592015579396, 6.1099060370009735, 0.19834371957156768, 0.01838948393378789, 0.5122784810126586, 0.6488860759493666, 0.6935462512171374, 0.7487147030185, 0.7474011684518009, 0.21673320350535558, 1.559822297955209, 1.5085944498539432, 0.48075365141187876, 1.5742711781888987, 1.094831061343719, 0.7388631937682565, 0.15696738072054547, 0.17732716650438182, 1.060022395326193, 1.0665900681596878, 0.35268403115871516, 0.7802395326192798, 0.6988003894839333, 1.0810389483933789, 1.0928607594936708, 1.5585087633885102, 1.349, 1.566389970788705, 0.964791139240506, 1.0048539435248292, 1.5578519961051607, 0.670559396299902, 0.021016553067185847, 3.8026825705939618, 0.45842356377799387, 0.7053680623174292, 3.4848072054527734, 0.7171898734177212, 4.7733846153846144, 0.20031402142161614, 0.31196445959104135, 0.16550535540408992, 0.2206738072054525, 0.5812390457643626, 1.5493140214216161, 1.5473437195715676, 0.6896056475170393, 1.4462015579357352, 0.19965725413826665, 0.36122200584225855, 1.0994284323271668, 0.7493714703018495, 1.5407760467380716, 1.0889201557935737, 0.7428037974683546, 0.4564532619279454, 4.387205452775072, 0.18652190847127578, 1.417960564751704, 0.7224440116845182, 0.7204737098344697, 0.22198734177215146, 0.46827507302823734, 0.7349225900681596, 1.0797254138266799, 0.9995998052580334, 1.0541114897760464, 1.5525978578383635, 1.0317814021421616, 0.38946299902628984, 0.4426611489776051, 0.2521986368062313, 0.15368354430379694, 0.6712161635832525, 0.7211304771178192, 0.24694449853943534, 0.18914897760467372, 0.046630477117819216, 0.001970301850048468, 0.21016553067185959, 1.5506275559883151, 0.07224440116845149, 0.01904625121713738, 1.4488286270691333, 0.5921552962298053, 1.2630224416517086, 1.530642728904852, 1.542752244165176, 0.5328186714542201, 0.6345385996409338, 0.49649012567325057, 0.6890314183123882, 0.5679362657091576, 0.6962971274685834, 0.5158653500897675, 1.491892280071818, 0.6745, 0.5630924596050267, 0.531607719928188, 0.7544228007181344, 0.48801346499102527, 0.6078976660682258, 0.6636014362657123, 0.6405933572710968, 0.5073886894075422, 0.6333276481149037, 0.6430152603231611, 0.6563357271095173, 0.7217271095152613, 0.5630924596050267, 1.259389587073612, 0.9191122082585297, 1.322359066427292, 1.5003689407540435, 0.6430152603231611, 0.9203231597845618, 0.6200071813285476, 8.60138868940756, 1.3586876122082616, 0.6442262118491954, 0.9433312387791755, 1.6747459605026962, 0.7411023339317783, 0.0012109515260321855, 1.4361885098743294, 1.3247809694793562, 10.718131956912055, 2.0452971274685856, 1.094700179533215, 9.548352782764834, 0.5485610412926406, 1.5161113105924637, 0.6793438061041308, 8.383417414721743, 0.5219201077199285, 1.335679533213648, 0.9409093357271111, 0.492857271095154, 0.6103195691202902, 0.9772378815080806, 0.6490700179533241, 1.5209551166965924, 160.65330610412965, 0.5570377019748679, 0.6369605026930002, 1.4955251346499145, 0.003632854578096557, 0.6175852782764832, 0.03511759425493741, 1.4034928186714584, 0.4722710951526048, 0.6696561938958733, 0.049649012567325665, 0.4698491921005385, 0.5073886894075422, 1.5463850987432726, 1.523377019748659, 0.006054757630160928, 0.029062836624776486, 0.2978940754039519, 1.0910673249551184, 0.26640933572710906, 0.4419973070017982, 0.985714542190306, 1.5173222621184959, 0.6587576301615816, 0.5170763016158018, 0.6539138240574529, 1.5124784560143671, 0.6333276481149037, 0.5001229802513492, 0.6527028725314207, 1.4882594254937214, 7.846965888689428, 0.5182872531418319, 0.6490700179533221, 0.5267639138240572, 1.497947037701979, 0.021797127468583376, 0.016953321364452614, 1.4955251346499145, 0.043594254937164734, 1.5621274685816908, 1.3259919210053885, 0.6442262118491954, 1.4870484739676892, 0.13804847396768327, 0.018164272890484803, 1.439821364452426, 1.3332576301615815, 0.5098105924596046, 0.9808707360861771, 1.5088456014362688, 1.3792737881508106, 0.5812567324955137, 0.5279748653500893, 1.5052127468581742, 0.6103195691202902, 7.274185816876139, 0.6200071813285476, 1.5185332136445282, 1.3054057450628391, 3.1944901256732567, 1.5209551166965924, 0.5630924596050288, 1.4809937163375264, 0.6769219030520665, 0.5412953321364454, 0.10171992818671367, 0.012109515260323873, 1.342945242369841, 1.3078276481149036, 0.043594254937164734, 2.2087755834829483, 2.042875224416521, 0.6708671454219055, 0.6393824057450647, 0.013320466786356058, 0.7798527827648123, 0.5037558348294436, 0.002421903052064371, 1.6493159784560183, 0.5098105924596046, 0.4601615798922809, 1.3780628366247785, 0.6684452423698412, 0.6236400359066442, 0.4868025134649911, 0.6091086175942559, 1.3441561938958733, 0.6853985637342916, 0.4080906642728929, 0.018164272890484803, 0.24219030520646334, 0.6599685816876137, 1.4846265709156228, 1.4943141831238824, 0.5243420107719948, 0.6236400359066442, 0.25793267504488376, 0.6405933572710968, 1.523377019748659, 0.003632854578096557, 0.03269569120287305, 1.2727100538599683, 0.6248509874326763, 0.5437172351885119, 0.027851885098744304, 0.6333276481149037, 1.0680592459605047, 0.9203231597845618, 1.4507199281867196, 0.4880134649910232, 1.4979470377019768, 1.3877504488330359, 1.278764811490127, 2.159126570915625, 2.01139048473968, 2.111899461400364, 2.0004919210053904, 0.4080906642728929, 0.914268402154401, 1.4119694793536837, 0.641804308797129, 0.6405933572710968, 1.3465780969479375, 0.9566517055655315, 1.5403303411131095, 1.5040017953321418, 0.010898563734291688, 0.5340296229802524, 1.3913833034111347, 0.6587576301615816, 1.0571606822262132, 0.4807477558348301, 1.4591965888689429, 1.3247809694793562, 1.8031068222621218, 1.698964991023342, 0.021797127468581357, 1.9229910233393224, 0.5945771992818697, 1.640839317773791, 11.5815403949731, 1.353843806104133, 0.6636014362657123, 1.355054757630165, 1.2848195691202922, 1.4991579892280114, 0.655124775583485, 0.38992639138240814, 0.6054757630161594, 0.1828536804308802, 0.05328186714542221, 0.6284838420107749, 0.02785188509874228, 0.11867324955116629, 1.367164272890487, 0.07992280071813232, 0.027851885098744304, 1.692910233393181, 0.0012109515260321855, 1.2242719928186747, 1.5318536804308842, 0.45773967684021655, 0.5885224416517087, 1.6432612208258552, 1.925412926391387, 1.2533348294434512, 0.6696561938958733, 1.0583716337522453, 2.0077576301615836, 2.236627468581693, 2.0343985637342956, 2.1046337522441707, 2.006546678635551, 0.6745, 0.946964093357272, 1.4846265709156228, 1.3695861759425512, 0.9300107719928193, 1.2351705565529665, 0.9614955116696602, 10.433558348294458, 2.006546678635551, 0.6175852782764832, 0.6321166965888715, 0.641804308797129, 0.22402603231597853, 0.06781328545780844, 1.3429452423698431, 1.5136894075403995, 0.647859066427292, 0.6284838420107749, 0.687820466786356, 1.4059147217235228, 0.5558267504488358, 1.524587971274691, 1.4870484739676892, 0.6151633752244189, 0.661179533213646, 0.6563357271095173, 0.04964901256732364, 0.6430152603231611, 0.04843806104129146, 0.03511759425493741, 1.5451741472172402, 1.5209551166965924, 0.492857271095154, 1.4870484739676892, 0.7102659942363125, 0.7382567723342948, 0.2352002881844382, 5.794479827089341, 0.026824495677233082, 1.3050700288184447, 0.6721674351585016, 0.6745, 0.5345461095100862, 1.0236072046109517, 0.9466325648414985, 0.49022737752161455, 0.5057778097982712, 0.49878011527377497, 0.7359242074927951, 0.7172636887608074, 0.9738458213256492, 0.008163976945245358, 0.7382567723342948, 0.012051585014409198, 0.14189769452449566, 0.7374792507204619, 0.6830527377521618, 65.95987982708938, 0.7382567723342948, 0.6177409221902014, 0.33083544668587905, 0.33705561959654246, 0.5959703170028827, 0.6783876080691651, 0.26707867435158555, 0.2678561959654184, 0.5399887608069169, 0.740589337175793, 1.1417904899135454, 0.012829106628241967, 1.1487881844380414, 0.002721325648414688, 0.02060432276657094, 0.9590729106628242, 0.008163976945245358, 0.9567403458213258, 0.7506971181556202, 0.006608933717578528, 0.6387340057636888, 1.2063247838616729, 0.7514746397694531, 0.29895706051873167, 0.002721325648414688, 0.7125985590778108, 0.6745, 0.5500965417867443, 0.012051585014409198, 0.7499195965417875, 0.6745, 0.7258164265129692, 6.019183573487035, 0.16911095100864515, 0.26008097982708933, 0.27407636887608045, 0.13023487031700287, 0.006608933717578528, 0.7413668587896258, 1.0306048991354477, 0.9443000000000003, 0.9373023054755053, 1.3975951008645544, 1.3120677233429396, 1.417033141210375, 1.3423910662824214, 3.2418763688760834, 0.7522521613832859, 1.145678097982709, 0.07658587896253541, 0.006608933717579822, 0.40858760806916483, 0.5236608069164261, 1.304292507204612, 0.5119979827089334, 0.517440634005764, 0.31761757925072065, 1.2071023054755055, 0.8494423631123922, 0.7623599423631131, 0.7429219020172914, 0.853329971181556, 1.315177809798272, 0.35804870317002846, 0.44979625360230546, 0.26319106628242045, 0.27874149855907837, 0.09135878962536059, 0.009719020172910894, 1.3089576368876086, 0.8766556195965416, 1.3144002881844392, 0.33394553314121134, 0.7250389048991365, 1.2879645533141224, 0.18310634005763757, 0.012829106628241967, 0.5485414985590786, 0.286516714697406, 5.925880979827092, 0.5578717579250718, 0.659727089337176, 6.915665994236317, 0.4210279538904904, 0.9326371757925075, 0.8953161383285306, 0.7374792507204619, 1.2941847262247845, 0.7460319884726238, 0.7615824207492804, 0.2841841498559078, 1.1083570605187325, 1.0274948126801156, 0.014384149855907502, 0.6402890489913555, 0.7227063400576381, 0.26552363112391875, 0.506555331412104, 0.3440533141210374, 0.02760201729106585, 0.5858625360230553, 0.6239610951008648, 0.3137299711815568, 0.002721325648414688, 1.124685014409223, 0.7211512968299711, 0.7398118155619603, 0.3409432276657063, 0.9668481268011531, 0.2841841498559078, 0.004276368876080223, 0.42180547550432324, 1.2941847262247845, 0.7110435158501439, 0.016716714697405807, 0.6892729106628251, 0.019826801152738174, 0.35027348703170075, 0.5034452449567729, 0.7180412103746401, 1.1130221902017303, 0.506555331412104, 0.9116440922190201, 0.758472334293948, 0.5741997118155626, 1.2420907780979842, 1.1340152737752176, 0.005053890489914287, 0.9466325648414985, 144.41336570605196, 1.296517291066283, 1.3058475504322775, 1.2980723342939497, 1.2887420749279552, 1.3136227665706066, 1.2980723342939497, 0.6814976945244962, 1.3027374639769465, 0.33161296829971176, 0.10457665706051894, 1.315177809798272, 1.286409510086457, 0.33083544668587905, 0.5407662824207498, 0.7258164265129692, 0.7584723342939493, 0.732814121037464, 1.2918521613832863, 0.7234838616714708, 0.7172636887608074, 0.6138533141210376, 0.7024907780979835, 1.3097351585014427, 0.7374792507204619, 0.49022737752161455, 0.36582391930835745, 0.7530296829971186, 0.7600273775216148, 0.7273714697406346, 1.1223524495677248, 1.296517291066283, 0.7545847262247842, 0.7110435158501452, 0.012829106628241967, 0.6426216138328539, 0.20565446685879044, 0.31295244956772406, 0.3526060518731991, 0.5104429394812678, 0.5337685878962535, 0.5920827089337176, 1.2988498559077826, 0.6690573487031706, 0.7538072046109513, 7.803595677233434, 0.7265939481268019, 0.9582953890489914, 0.5804198847262247, 0.34172074927953905, 0.9326371757925075, 0.7491420749279548, 0.15433804034582127, 0.7281489913544675, 0.7164861671469747, 0.5446538904899135, 0.6278487031700288, 0.5516515850144097, 1.1721138328530272, 1.304292507204612, 0.31061988472622576, 0.7413668587896258, 0.3362780979827097, 0.7468095100864565, 1.2521985590778113, 1.3058475504322775, 0.6161858789625372, 0.4653466858789621, 1.2607512968299717, 0.08202853025936609, 1.1503432276657068, 0.338610662824208, 0.02760201729106585, 0.35027348703170075, 5.8154729106628285, 0.6542844380403467, 0.2701887608069166, 0.7709126801152736, 0.7281489913544675, 0.7685801152737752, 0.2764089337175788, 1.3027374639769465, 3.5443322766570624, 0.7258164265129692, 0.33394553314121134, 1.2825219020172918, 0.5477639769452446, 0.5353236311239202, 0.6192959654178684, 0.25386080691642593, 0.13412247838616673, 0.25541585014409274, 0.2904043227665712, 5.589214121037467, 0.319950144092219, 0.5998579250720465, 0.5166631123919313, 1.2319829971181566, 1.3089576368876086, 1.2584187319884734, 0.7506971181556202, 0.00738645533141259, 0.61696340057637, 0.3362780979827097, 0.018271757925072636, 6.424272334293953, 0.28185158501440943, 0.5213282420749279, 1.2063247838616729, 1.2972948126801158, 0.7382567723342948, 1.1379028818443815, 1.3175103746397703, 0.3479409221902025, 5.625757636887613, 1.270859077809799, 1.1231299711815577, 0.18854899135446693, 0.00738645533141259, 0.732814121037464, 0.2958469740634006, 0.20098933717579254, 1.3027374639769465, 0.5555391930835735, 0.47778703170028897, 0.3401657060518735, 0.5197731988472624, 1.2895195965417883, 0.6449541786743522, 0.7203737752161384, 1.2957397694524504, 0.7421443804034585, 0.5151080691642658, 0.2639685878962532, 0.5236608069164261, 0.3440533141210374, 0.5843074927953898, 0.5959703170028827, 0.5555391930835735, 0.7227063400576368, 1.209434870317004, 0.018271757925071342, 0.6916054755043235, 0.07269827089337157, 0.6239610951008648, 0.7094884726224785, 0.5337685878962535, 0.7335916426512968, 0.7227063400576368, 0.9474100864553313, 0.7312590778097986, 0.6146308357348703, 0.535323631123919, 0.12556974063400628, 0.7506971181556202, 0.012829106628241967, 0.32150518731988453, 0.5959703170028827, 0.7258164265129692, 0.5259933717579258, 0.3378331412103752, 0.7227063400576381, 0.14034265129683013, 0.002721325648414688, 1.2257628242074934, 0.7903507204610953, 0.35338357348703187, 0.3222827089337186, 0.3432757925072046, 0.5602043227665715, 0.7017132564841507, 0.5819749279538902, 0.6076331412103755, 1.3011824207492808, 0.7172636887608074, 0.23831037463976928, 0.6908279538904907, 0.4637916426512966, 0.938857348703171, 0.5267708933717585, 0.7367017291066292, 1.0578181556195974, 0.9567403458213258, 1.0492654178674354, 0.9691806916426514, 0.7623599423631131, 0.6029680115273776, 0.2927368876080695, 0.022159365994236478, 0.012051585014409198, 0.7600273775216148, 0.33005792507204623, 0.016716714697407098, 1.2910746397694537, 1.296517291066283, 0.7211512968299711, 0.11312939481268068, 0.6511743515850144, 0.5485414985590786, 0.7281489913544675, 0.002721325648414688]",1.3128634936750252,0.6745,7.279523676140022,0.0,160.65330610412965,1065.0,3.0,2.0,0.67
1,"[1.0030561224489802, 1.2414132653061234, 1.259525510204083, 0.7270255102040825, 1.218954081632654, 0.4683826530612236, 0.6944234693877559, 0.624872448979593, 0.04672959183673318, 0.014127551020409022, 0.22930102040816458, 1.228372448979593, 1.0037806122448998, 1.0160969387755117, 0.056147959183672116, 1.175484693877552, 1.0994132653061235, 0.7205051020408179, 0.048903061224490445, 0.30971938775510294, 1.7717397959183667, 0.7045663265306131, 1.2319948979591844, 0.06701530612245006, 0.3039234693877542, 1.2443112244897978, 0.7320969387755117, 1.1667908163265315, 0.3452193877551027, 0.3350765306122466, 0.041658163265307566, 0.6357397959183686, 0.6994948979591852, 0.5321377551020402, 0.4654846938775505, 0.47635204081632604, 0.5676377551020423, 0.6871785714285731, 0.056147959183672116, 0.3271071428571443, 0.459688775510203, 0.6755867346938792, 0.5343112244897951, 0.7248520408163276, 0.3437704081632661, 0.6118316326530603, 0.4698316326530602, 2.6759030612244885, 4.85879081632653, 0.6973214285714302, 0.027168367346939403, 0.7023928571428583, 0.0068826530612261455, 6.59901530612245, 0.45171938775510057, 0.3510153061224478, 0.696596938775512, 0.4893928571428564, 1.2363418367346954, 0.36405612244898056, 0.713984693877552, 0.6719642857142842, 0.5582193877551009, 0.4886683673469381, 0.3510153061224502, 0.30609693877551153, 1.2182295918367356, 0.22350510204081467, 1.2559030612244915, 0.23074999999999876, 1.2298214285714295, 0.3582602040816343, 0.22422959183673416, 0.010505102040817584, 1.1160765306122464, 1.195045918367348, 1.201566326530614, 0.7429642857142872, 0.5603928571428581, 0.3676785714285708, 0.2437908163265291, 0.02282142857142968, 0.054698979591837955, 0.29450510204081526, 0.24234183673469253, 0.7132602040816338, 1.2421377551020418, 0.3198622448979602, 0.048903061224490445, 0.051801020408162396, 0.6980459183673485, 0.44230102040816166, 1.0689846938775516, 0.2800153061224495, 0.33797448979591976, 0.7646989795918359, 0.945821428571427, 0.861056122448979, 1.24286224489796, 0.5495255102040802, 0.4792499999999992, 0.3488418367346953, 0.2090153061224477, 0.5625663265306107, 0.503158163265305, 0.35029081632653186, 0.6625459183673464, 0.723403061224491, 1.089270408163266, 0.32348469387755163, 1.741311224489795, 0.6524030612244903, 0.7197806122448995, 0.2930561224489811, 0.30827040816326634, 0.04528061224489901, 0.23002551020408046, 0.7205051020408179, 0.2206071428571415, 1.061015306122448, 5.973056122448979, 0.7190561224489813, 0.7255765306122458, 0.3510153061224502, 1.16316836734694, 0.6487806122448989, 0.7125357142857156, 0.21770918367346836, 0.5806785714285727, 0.20684183673469286, 0.7473112244897946, 0.6871785714285706, 0.1793112244897967, 0.2452397959183657, 0.04093367346938928, 0.29233163265306283, 0.04528061224489901, 0.5234438775510195, 0.7045663265306131, 0.4379540816326519, 0.04817857142857216, 0.721954081632652, 0.6625459183673464, 0.9124948979591821, 0.8523622448979583, 1.235617346938777, 0.20539285714285624, 1.0139234693877546, 0.574882653061224, 0.7277500000000008, 1.0957908163265295, 1.1689642857142875, 0.70166836734694, 0.0945459183673462, 0.6632704081632647, 0.45679081632652985, 0.2466887755102035, 0.6842806122448974, 0.9371275510204076, 0.5393826530612255, 1.2363418367346954, 0.2401683673469377, 0.6495051020408149, 1.148678571428573, 1.2341683673469406, 0.656749999999999, 0.6965969387755095, 0.6190765306122455, 0.034413265306123486, 0.23509693877550966, 0.17641326530612356, 0.3372500000000015, 1.2370663265306137, 0.22857653061224387, 1.1168010204081622, 1.0602908163265297, 1.043627551020407, 0.00470918367346887, 0.6668928571428585, 0.7241275510204094, 0.685005102040817, 0.6031377551020396, 0.737892857142858, 1.12259693877551, 1.0573928571428566, 0.8335255102040804, 0.8103418367346928, 1.2327193877551015, 1.1733112244897947, 1.2493826530612258, 0.0460051020408173, 0.0648418367346952, 0.11917857142857038, 0.22930102040816217, 0.2032193877551014, 0.8248316326530597, 0.6799336734693865, 0.03586224489796006, 0.20829081632652943, 0.7400663265306117, 0.6813826530612231, 0.3242091836734687, 0.7364438775510214, 0.6755867346938792, 0.03151530612245034, 0.8798928571428557, 0.6379132653061211, 1.0262397959183667, 1.2790867346938766, 1.2073622448979577, 1.2754642857142855, 1.2022908163265298, 1.012474489795918, 0.9204642857142845, 0.8574336734693864, 0.6900765306122437, 1.0494234693877567, 1.3138622448979582, 1.2160561224489785, 1.2522806122448988, 0.32855612244898086, 0.21698469387755007, 1.2443112244897978, 0.21698469387755007, 0.01919897959183583, 0.7349948979591824, 1.2638724489795927, 0.3198622448979602, 0.27421938775510324, 0.024270408163266255, 1.24286224489796, 0.2778418367346947, 0.034413265306123486, 0.3604336734693891, 0.027892857142857694, 0.459688775510203, 0.42346428571428496, 0.6647193877551038, 0.33942346938775636, 0.7002193877551034, 4.611739795918367, 0.6879030612244913, 0.3691275510204097, 0.6618214285714269, 1.7311683673469378, 0.981321428571428, 0.6632704081632647, 0.03296428571428692, 0.4741785714285699, 1.1117295918367343, 1.0400051020408154, 1.240688775510205, 1.2479336734693867, 1.1892499999999993, 0.26769897959183625, 1.04217857142857, 0.7668724489795906, 0.7038418367346925, 0.6574744897959172, 1.1465051020408157, 0.027168367346939403, 0.5900969387755092, 0.5270663265306135, 0.6784846938775524, 0.7226785714285727, 0.041658163265307566, 1.1457806122448997, 0.6777602040816317, 0.6886275510204073, 1.2392397959183685, 0.6980459183673485, 0.33362755102040886, 0.048903061224490445, 1.4442704081632645, 1.1233214285714281, 0.643709183673471, 0.7089132653061241, 1.2501071428571442, 0.7226785714285727, 0.11990306122448867, 0.6386377551020417, 0.7052908163265315, 0.2539336734693888, 0.5430051020408158, 0.4778010204081626, 1.235617346938777, 1.0805765306122468, 0.35173979591836846, 0.28363775510203976, 0.5669132653061216, 0.47562755102040655, 0.04745408163265146, 0.01122959183673587, 0.6741377551020414, 0.03586224489796006, 0.2155357142857135, 0.23002551020408046, 0.9581377551020404, 0.878443877551019, 0.8125153061224477, 1.2464846938775527, 0.34956632653061115, 0.21118877551020257, 0.6850051020408158, 1.0972397959183684, 0.03079081632653205, 0.8523622448979583, 0.70963775510204, 0.7110867346938766, 1.2515561224489782, 1.1870765306122435, 1.2885051020408158, 1.2146071428571419, 4.641443877551019, 0.33072959183673567, 2.375964285714285, 0.6661683673469403, 0.44230102040816166, 5.62602551020408, 0.036586734693878346, 0.4560663265306115, 0.8523622448979583, 0.6799336734693889, 0.226403061224489, 0.5444540816326523, 0.4806989795918357, 0.6828316326530598, 0.04093367346938928, 0.22350510204081708, 0.44230102040816166, 1.1704132653061214, 1.039280612244897, 6.534535714285714, 1.2841581632653047, 1.5580153061224478, 1.494260204081631, 1.1646173469387742, 1.5275867346938772, 0.23871938775510113, 1.0327602040816313, 0.004709183673470076, 0.12497448979591669, 1.0646377551020394, 0.517647959183672, 0.2705969387755118, 0.054698979591837955, 0.2908826530612239, 0.030066326530613762, 0.33580102040816256, 0.19380102040816485, 0.23727040816326456, 1.1993928571428567, 1.2588010204081648, 0.737892857142858, 1.259525510204083, 1.237790816326532, 0.31044387755102126, 0.12424999999999839, 0.2553826530612254, 0.33797448979591976, 1.0291377551020422, 0.6748622448979585, 0.593719387755103, 0.6994948979591852, 1.2233010204081651, 0.7103622448979606, 0.49229081632652955, 0.844392857142856, 6.346168367346937, 0.22350510204081467, 0.8639540816326521, 1.2588010204081623, 1.2544540816326537, 0.013403061224490734, 0.3524642857142868, 1.247933673469389, 1.2457602040816345, 1.247933673469389, 0.6980459183673485, 1.2276479591836749, 1.4253719576719563, 0.9150359788359783, 1.2797656084656066, 0.7522994708994706, 1.4225169312169301, 4.567328571428567, 1.3425761904761888, 0.7651470899470895, 0.9343074074074059, 1.3689851851851842, 0.890054497354496, 0.9186047619047609, 0.5353174603174592, 0.09635714285714286, 0.19699682539682492, 0.5353174603174592, 0.7580095238095228, 0.0571005291005287, 1.316880952380951, 1.1084640211640204, 0.2512423280423275, 0.03925661375661296, 0.4161201058201048, 0.8764931216931207, 0.9243148148148131, 0.12419365079365008, 0.17701164021163956, 0.532462433862433, 1.3975354497354477, 4.910645502645498, 0.2241195767195768, 0.2962089947089951, 5.208995767195763, 0.29049894179894165, 0.018557671957672276, 0.030691534391534547, 0.721607936507936, 0.6473772486772481, 0.2712275132275128, 0.4653693121693116, 1.3961079365079347, 1.3047470899470888, 0.5353174603174592, 0.5238973544973534, 0.40041746031745984, 0.5096222222222214, 0.9128947089947075, 0.2855026455026447, 0.49891587301587226, 0.8536529100529092, 0.6245370370370367, 0.5410275132275126, 0.9078984126984116, 0.16202275132275115, 0.017843915343915738, 0.5838529100529094, 0.5288936507936502, 0.4589455026455028, 0.7073328042328042, 0.5453100529100517, 0.09207460317460246, 0.728031746031746, 0.7230354497354491, 0.6495185185185177, 0.7201804232804229, 0.37757724867724834, 0.8986195767195756, 0.7444481481481475, 0.675927513227513, 1.4046730158730145, 0.9178910052910044, 0.8108275132275123, 0.5296074074074069, 5.833532804232799, 1.3575650793650782, 0.890054497354496, 0.9100396825396813, 0.9428724867724855, 0.4018449735449729, 0.5410275132275126, 0.5381724867724865, 0.2198370370370364, 1.340434920634919, 0.007851322751323069, 1.3611338624338611, 0.874351851851851, 1.381832804232803, 0.31690793650793697, 1.3268735449735438, 0.18058042328042342, 0.002855026455026138, 0.416120105820106, 0.024267724867724553, 1.3953941798941782, 0.002141269841269604, 0.12633492063492088, 0.18985925925925956, 0.40113121693121634, 0.7494444444444445, 0.6894888888888884, 0.9150359788359783, 0.4532354497354493, 0.2619486772486767, 0.07137566137566059, 0.21269947089947105, 0.14275132275132235, 0.20984444444444372, 0.1884317460317453, 0.9371624338624333, 6.4594973544973495, 0.7316005291005288, 0.6552285714285712, 0.9592888888888882, 0.18486296296296265, 0.24910105820105788, 0.11562857142857166, 0.035687830687830296, 1.0920476190476178, 0.8386640211640207, 0.49891587301587226, 0.11562857142857166, 0.9050433862433855, 4.900652910052907, 0.27336878306878243, 0.2155544973544972, 6.26749682539682, 0.2726550264550259, 0.5274661375661372, 5.265382539682537, 0.04996296296296336, 0.13061746031746008, 1.4089555555555537, 0.2305433862433856, 0.20841693121693067, 6.873476190476184, 0.8822031746031741, 0.43325026455026394, 0.010706349206349207, 1.4267994708994693, 0.8850582010582002, 0.8186788359788354, 0.25338359788359827, 0.27693756613756626, 0.669503703703703, 1.405386772486771, 1.2769105820105806, 0.27622380952380976, 0.2712275132275128, 0.9164634920634913, 1.4260857142857128, 0.4482391534391524, 0.11776984126984127, 0.554588888888889, 0.4882095238095231, 0.22483333333333333, 0.2369671957671956, 0.728031746031746, 5.881354497354492, 5.7521645502645455, 0.8315264550264543, 0.5517338624338618, 0.4860682539682535, 0.2198370370370364, 1.433937037037036, 0.7430206349206344, 0.23553968253968255, 1.2926132275132267, 0.024267724867724553, 0.018557671957672276, 0.44966666666666666, 0.6773550264550261, 1.4110968253968246, 0.5317486772486764, 0.02926402116402148, 0.7073328042328042, 1.7222947089947078, 0.44681164021164055, 0.9228873015873014, 4.061988888888886, 0.5281798941798937, 0.5281798941798937, 0.7808497354497355, 0.04496666666666643, 1.4382195767195751, 1.320449735449734, 0.44538412698412627, 1.4168068783068768, 0.8886269841269828, 0.812968783068782, 0.8864857142857133, 0.2241195767195768, 0.033546560846560686, 0.08208201058201098, 0.5638677248677241, 0.22554708994708986, 0.5053396825396823, 0.3989899470899468, 1.3746952380952364, 4.914928042328037, 0.5281798941798937, 0.35188201058201074, 0.2747962962962967, 0.009992592592592671, 0.27693756613756626, 0.2176957671957668, 0.19342804232804225, 0.10563597883597899, 0.03854285714285762, 0.004282539682540396, 0.0, 0.6195407407407397, 0.6951989417989407, 0.8943370370370364, 0.1348999999999993, 0.19985185185185106, 1.4246582010581998, 0.8279576719576716, 0.9086121693121683, 0.1184835978835978, 5.120489947089943, 6.1383068783068735, 1.3325835978835963, 1.405386772486771, 0.9250285714285709, 0.9171772486772479, 1.431795767195765, 0.08065449735449672, 0.8243888888888876, 1.282620634920634, 1.4061005291005275, 0.8957645502645495, 0.5288936507936502, 0.007851322751323069, 0.060669312169311373, 3.3675037037037003, 0.2676587301587302, 0.6809238095238088, 1.3982492063492042, 0.44752539682539705, 0.4368190476190479, 0.26979999999999976, 0.22982962962962908, 0.14489259259259196, 0.20841693121693067, 0.7822772486772473, 0.8636455026455018, 0.8957645502645495, 0.38899735449735406, 0.5189010582010577, 0.25052857142857093, 0.8336677248677239, 0.7408793650793648, 0.6809238095238088, 0.44752539682539705, 0.9064708994708987, 0.21484074074074067, 6.069786243386239, 0.10278095238095286, 0.5346037037037026, 0.5474513227513226, 0.4832132275132273, 0.2369671957671956, 0.1755841269841265, 0.7080465608465607, 0.5510201058201052, 5.14832645502645, 0.14703386243386155, 0.5531613756613748, 0.4710793650793651, 0.0656656084656083, 0.1313312169312166, 0.04496666666666643, 0.23268465608465638, 1.4182343915343898, 0.6166857142857135, 0.515332275132275, 1.3397211640211626, 1.4075280423280407, 0.12133862433862394, 0.5160460317460316, 0.5431687830687822, 0.2669449735449736, 0.7922698412698412, 0.9050433862433855, 1.340434920634919, 0.09136084656084592, 0.6709312169312162, 0.25052857142857093, 0.43896031746031744, 0.13632751322751355, 0.05567301587301564, 0.6545148148148147, 0.4853544973544969, 0.2940677248677243, 1.2048211640211621, 1.4203756613756593, 0.44395661375661316, 0.5395999999999995, 0.2719412698412694, 0.7308867724867721, 5.170452910052905, 0.8693555555555542, 6.239660317460313, 0.48107195767195654, 0.8393777777777773, 4.534495767195764, 0.8786343915343903, 1.1926873015872999, 1.5153052910052902, 0.44110158730158705, 1.1634232804232796, 0.9885529100529096, 0.4653693121693116, 0.8957645502645495, 0.8101137566137558, 0.9528650793650782, 0.951437566137565, 1.047794708994708, 0.825816402116402, 0.6516597883597885, 0.5360312169312169, 0.47036560846560854, 1.085623809523809, 0.9971179894179893, 1.0742037037037033, 0.9992592592592588, 0.45537671957671894, 1.106322751322751, 0.23982222222222174, 0.8750656084656075, 0.6966264550264549, 0.5181873015873011, 0.19271428571428573, 0.13061746031746008, 1.3254460317460308, 0.9285973544973536, 0.8458015873015873, 1.4282269841269823, 0.5124772486772476, 0.007851322751323069, 0.13275873015872966, 0.20056560846560761, 4.693663492063488, 0.44538412698412627, 0.6745, 0.8893407407407395, 0.890054497354496, 7.06833174603174, 0.18771798941798878, 5.864224338624333, 0.9864116402116401, 1.1056089947089942, 0.9992592592592588, 7.017655026455021, 0.26266243386243443, 6.336731216931211, 0.9071846560846551, 1.3332973544973539, 0.904329629629629, 6.415244444444439, 1.4153793650793636, 0.8936232804232799, 0.08707830687830671, 0.46608306878306816, 1.3839740740740725, 1.3054608465608455, 0.24410476190476096, 0.3276142857142862, 0.018557671957672276, 0.8343814814814804, 0.49820211640211576, 0.4853544973544969, 0.364015873015873, 0.29692275132275164, 0.644522222222222, 0.23910846560846521, 0.8907682539682525, 1.4110968253968246, 0.7037640211640204, 0.9000470899470898, 1.4075280423280407, 0.04211164021164029, 0.7144703703703694, 0.8615042328042323, 0.5060534391534388, 0.44467037037036977, 0.6466634920634916, 0.8971920634920626, 1.405386772486771, 0.3490269841269846, 0.2812201058201055, 0.7094740740740738, 0.8907682539682538, 0.8143962962962962, 0.6745, 0.49177830687830576, 0.15345767195767154, 0.523183597883598, 0.8836306878306872, 0.10278095238095286, 0.6959126984126984, 0.28478888888888937, 0.41255132275132206, 0.03854285714285762, 0.7765671957671951, 0.750158201058201, 0.6730724867724869, 0.9071846560846551, 1.049222222222221, 1.4310820105820086, 1.1270216931216928, 1.0071105820105808, 0.890054497354496, 1.3632751322751309, 1.2954682539682527, 1.3682714285714277, 1.296895767195766, 1.413238095238094, 0.8921957671957657, 0.39399365079364984, 0.7851322751322747, 0.8700693121693107, 0.8229613756613746, 1.2483603174603155, 0.8693555555555542, 0.9014746031746017, 1.2683455026455008, 0.8993333333333321, 1.3290148148148135, 1.3563106103822022, 0.038861665715915136, 0.06194780376497391, 0.009619224187108037, 0.07810810039931582, 0.022701369081574503, 0.05886965202509975, 0.4036226468910443, 0.4059312606959499, 1.3524629207073584, 1.464815459212778, 0.3859232743867653, 1.3439980034227046, 0.24355875641756997, 5.809626640045636, 0.06194780376497391, 0.3882318881916722, 0.5775382201939524, 0.48057644038790603, 0.4228610952652591, 0.44594723331431785, 1.278587278950371, 0.06887364517969206, 0.4659552196235025, 6.308287221905305, 0.4451776953793493, 0.0642564175698808, 0.7768485453508275, 0.719902738163149, 0.8045519110096975, 0.9753893325727326, 0.04732658300057036, 0.040400741585853495, 0.8045519110096975, 0.8191731317741023, 0.7714617798060464, 0.7399107244723336, 1.369392755276669, 4.236691100969765, 0.7937783799201366, 5.701121791215059, 0.7853134626354826, 1.2193328579577867, 0.1896911009697657, 0.5321354820308046, 0.4474863091842549, 1.3824749001711354, 0.40670079863091846, 0.4174743297204793, 0.39669680547632613, 0.023470907016543044, 0.03963120365088496, 1.283204506560182, 0.8083996006845414, 0.5506043924700509, 0.38515373645179674, 0.41208756417569953, 0.19430832857957822, 1.3609278379920136, 0.36360667427267507, 0.9515336565887053, 0.8430288077581283, 0.42132201939532204, 0.21431631488876157, 0.20046463205932655, 0.6644960068454077, 0.9807760981175124, 0.8661149458071871, 1.3524629207073584, 0.8076300627495728, 0.0796471762692529, 0.8083996006845414, 0.7907002281802624, 1.1985553337136337, 0.21431631488876157, 6.17053993154592, 0.06040872789503683, 5.775766970907016, 6.551461209355389, 0.35745037079292674, 0.4305564746149458, 1.3563106103822022, 0.0734908727895033, 5.940448088990301, 0.19430832857957822, 0.9623071876782662, 0.8715017113519681, 1.1077498573873357, 0.4559512264689102, 0.644488020536223, 0.19046063890473425, 0.6414098687963489, 0.7345239589275525, 0.6537224757558467, 0.6737304620650314, 0.8376420422133485, 0.8861229321163716, 0.8276380490587563, 0.36822390188248627, 0.8484155733029094, 1.0454172846548775, 0.4105484883057612, 0.7753094694808903, 1.3763185966913856, 0.6360231032515691, 0.06810410724472352, 0.4397909298345695, 0.4798069024529375, 1.0708120365088418, 0.4428690815744437, 0.19584740444951532, 0.5775382201939537, 0.30896948088990234, 0.449025385054192, 0.9307561323445521, 1.0300265259555041, 0.7891611523103254, 0.5783077581289222, 0.4551816885339416, 0.812247290359384, 0.46133799201368997, 0.40670079863091846, 0.199695094124358, 0.6937384483742148, 0.6521833998859098, 1.0069403879064467, 1.3416893896177975, 0.2581799771819735, 0.3982358813462632, 0.7883916143753568, 0.4297869366799772, 0.3559112949229884, 0.7806962350256701, 0.784543924700514, 0.8130168282943526, 0.7937783799201366, 0.7660750142612666, 0.8314857387335989, 0.19815601825442095, 1.3416893896177975, 0.2935787221905302, 0.7168245864232748, 0.823020821448945, 0.7799266970907016, 0.20585139760410762, 0.5406003993154586, 0.46133799201368997, 0.4851936679977185, 6.319060752994864, 0.6398707929264119, 0.2150858528237301, 6.963933542498573, 1.2824349686252137, 0.648335710211067, 0.8107082144894471, 0.5806163719338279, 0.5860031374786077, 0.4836545921277802, 0.8007042213348547, 0.7352934968625211, 0.08503394181403269, 0.03963120365088496, 1.0377219053051907, 0.6945079863091846, 0.6875821448944665, 0.3882318881916709, 0.3882318881916722, 4.183592983456931, 0.6506443240159726, 0.7876220764403882, 1.3409198516828291, 0.07733856246434728, 0.3120476326297777, 1.2408799201369085, 0.39592726754135765, 1.3593887621220766, 0.7899306902452938, 0.812247290359384, 0.8222512835139765, 2.3105376497432966, 1.489440673131774, 0.8130168282943526, 0.050404734740444525, 0.06810410724472352, 0.2112381631488874, 0.2935787221905302, 1.274739589275528, 0.12351083856246355, 0.04886565887050744, 0.04193981745578929, 0.04501796919566474, 1.1446876782658308, 0.077338562464346, 0.5236705647461494, 0.5821554478037648, 0.20892954934398178, 0.38515373645179674, 1.2093288648031943, 1.3524629207073584, 0.8037823730747289, 0.7945479178551051, 0.8114777524244156, 0.41285710211066806, 1.3824749001711354, 0.6914298345693105, 0.7545319452367372, 1.182395037079293, 1.3547715345122653, 0.01731460353679344, 0.10581146605818584, 6.473737877923559, 0.4336346263548199, 0.2127772390188245, 1.2824349686252137, 0.4759592127780948, 1.365545065601826, 6.442956360524814, 0.4474863091842549, 0.41824386765544785, 0.6367926411865377, 0.8045519110096975, 0.06733456930975497, 0.6752695379349686, 0.8037823730747289, 0.10042470051340606, 1.3678536794067317, 0.45210353679406745, 0.4359432401597256, 1.3524629207073584, 0.7907002281802624, 0.199695094124358, 0.793008841985168, 0.0519438106103816, 0.04270935539075912, 0.3882318881916722, 0.393618653736452, 0.46364660581859685, 0.498275812892185, 0.04655704506560182, 1.379396748431261, 0.7983956075299491, 0.05733057615516266, 0.466724757558471, 0.21585539075869864, 1.3632364517969193, 0.006541072447233875, 0.024240444951511588, 0.08195579007415853, 0.2527932116371937, 5.6949654877353115, 0.784543924700514, 5.510276383342841, 0.4705724472333137, 0.6683436965202516, 0.7768485453508275, 0.7683836280661722, 0.766844552196235, 1.3470761551625785, 1.3478456930975473, 0.6421794067313173, 0.7714617798060464, 1.2147156303479756, 1.364005989731888, 0.5621474614945803, 0.8307162007986317, 0.8145559041642897, 0.7960869937250434, 0.6521833998859098, 0.7545319452367372, 0.784543924700514, 0.04347889332572766, 5.927365944095835, 0.21970308043354264, 0.46364660581859685, 6.30520907016543, 0.21200770108385597, 0.006541072447232593, 1.360158300057045, 0.7899306902452938, 0.3990054192812318, 0.0696431831146606, 5.708817170564745, 0.7945479178551051, 0.38130604677695407, 1.357080148317171, 0.5298268682258978, 0.45749030233884724, 0.9776979463776382, 0.026549058756417207, 0.05810011409013121, 0.050404734740444525, 0.656800627495721, 1.3478456930975473, 0.038861665715915136, 0.6583397033656581, 0.8607281802624073, 0.8568804905875633, 0.6052415858528236, 0.7853134626354814, 0.6991252139189958, 0.49519766115230957, 0.8545718767826577, 0.41439617798060513, 0.37745835710211134, 6.729224472333142, 0.8661149458071871, 0.8007042213348547, 1.369392755276669, 1.3470761551625785, 0.6591092413006265, 0.08580347974900122, 0.8607281802624073, 6.132063034797489, 1.2124070165430687, 1.3732404449515117, 1.2462666856816882, 6.542226754135766, 1.2262586993725038, 1.2270282373074723, 0.07656902452937875, 0.08657301768397103, 0.4282478608100401, 0.6514138619509413, 0.4043921848260128, 0.49519766115230957, 0.9707721049629201, 0.8807361665715918, 0.42593924700513325, 6.727685396463205, 0.46903337136337664, 0.8845838562464347, 0.24278921848260143, 0.08503394181403269, 0.5429090131203654, 0.4336346263548199, 1.3186032515687387, 1.2331845407872217, 0.0873425556189396, 0.8114777524244156, 0.8445678836280653, 0.823020821448945, 1.1239101540216763, 0.7268285795778672, 1.372470907016543, 0.4105484883057612, 1.1916294922989168, 0.08657301768397103, 0.04963519680547598, 1.201633485453508, 1.047725898459783, 0.36822390188248627, 0.8815057045065605, 1.3209118653736458, 0.2581799771819735, 0.9738502567027956, 0.795317455790075, 0.7114378208784938, 0.24740644609241264, 0.7268285795778672, 0.0834948659440956, 0.5736905305191097, 0.4859632059326871, 0.4036226468910443, 0.40900941243582406, 0.6829649172846552, 1.1777778094694806, 1.0746597261836845, 1.0331046776953794, 0.8691930975470624, 0.8099386765544785, 0.7245199657729602, 0.7452974900171134, 0.5975462065031383, 0.3197430119794644, 0.7368414634146337, 0.6242804878048785, 1.4563658536585364, 0.012121951219512301, 1.4667560975609757, 0.16537804878048834, 0.13853658536585428, 0.6182195121951216, 1.3645853658536582, 0.6770975609756102, 0.6260121951219516, 0.781865853658537, 0.380109756097561, 0.3679878048780486, 0.6736341463414628, 0.8147682926829265, 2.099695121951219, 1.8148292682926834, 0.012121951219512301, 1.3576585365853662, 1.4416463414634146, 0.15498780487804903, 0.36971951219512167, 0.3584634146341458, 6.313804878048781, 0.33508536585365917, 0.16451219512195187, 0.15065853658536657, 0.8043780487804872, 1.427792682926829, 0.21126829268292663, 0.3835731707317069, 0.027707317073170565, 0.7394390243902447, 0.6147560975609756, 0.8208292682926834, 0.008658536585366342, 0.012987804878048794, 0.8216951219512199, 0.00086585365853649, 0.7662804878048787, 0.6260121951219516, 0.35413414634146334, 1.1948780487804873, 1.064134146341463, 0.019048780487805665, 0.9533048780487807, 0.8329512195121956, 0.9792804878048784, 0.8156341463414629, 0.812170731707317, 0.006060975609755431, 0.5117195121951218, 0.3584634146341458, 0.0329024390243895, 0.5576097560975616, 0.00173170731707298, 0.7835975609756101, 0.35499999999999987, 1.1775609756097563, 0.021646341463415132, 0.3281585365853658, 0.9550365853658538, 0.342012195121951, 6.242804878048781, 0.6052317073170728, 0.8156341463414629, 0.567134146341463, 1.13080487804878, 1.4122073170731708, 0.28313414634146394, 1.3195609756097564, 0.6043658536585363, 0.31084146341463453, 0.8009146341463412, 0.04156097560975585, 0.8182317073170725, 0.756756097560976, 1.187085365853659, 0.2433048780487811, 0.9333902439024386, 0.5558780487804886, 0.8268902439024389, 1.3464024390243905, 0.8390121951219511, 0.8372804878048782, 0.3714512195121946, 0.00346341463414596, 0.8537317073170729, 0.7039390243902443, 0.20087804878048732, 0.3082439024390251, 0.7775365853658531, 1.4399146341463416, 0.8364146341463417, 1.3801707317073164, 1.4451097560975603, 0.023378048780488117, 0.47535365853658496, 1.3784390243902436, 0.6727682926829264, 0.2805365853658531, 0.3982926829268287, 0.6441951219512192, 7.347634146341464, 0.015585365853658262, 0.7965853658536587, 0.8139024390243901, 0.33075609756097524, 0.8450731707317065, 0.013853658536585283, 0.00173170731707298, 0.6545853658536586, 0.010390243902439322, 0.6719024390243897, 1.314365853658536, 1.2710731707317073, 0.35499999999999987, 0.27967073170731654, 0.34720731707317143, 0.08139024390243871, 0.8710487804878057, 1.1931463414634145, 0.8130365853658534, 0.8251585365853659, 0.5757926829268293, 1.2433658536585368, 1.3602560975609759, 0.8104390243902441, 0.5143170731707313, 0.3575975609756093, 0.8433414634146337, 0.8242926829268293, 0.8416097560975606, 0.38617073170731636, 0.38790243902439075, 0.24676829268292705, 0.0580121951219506, 0.8043780487804872, 0.8225609756097564, 1.2147926829268296, 0.6441951219512192, 0.5766585365853658, 1.5507439024390237, 0.31603658536585344, 0.5498170731707317, 1.6182804878048787, 1.477146341463415, 0.8104390243902441, 1.0520121951219508, 0.8468048780487809, 0.7143292682926836, 0.008658536585366342, 1.4615609756097567, 0.31517073170731696, 0.974951219512196, 0.8537317073170729, 1.337743902439024, 0.4060853658536585, 0.3905000000000003, 1.2650121951219517, 1.0269024390243897, 0.36971951219512167, 1.4580975609756093, 1.3810365853658528, 0.7671463414634153, 0.9333902439024386, 0.007792682926829853, 1.2476951219512193, 0.8035121951219507, 2.622670731707317, 0.22512195121951192, 0.5835853658536592, 0.6225487804878056, 0.31517073170731696, 1.1117560975609757, 1.3412073170731702, 0.015585365853658262, 1.1844878048780496, 0.45717073170731726, 0.6485243902439016, 0.5948414634146335, 0.5957073170731715, 1.1074268292682934, 0.812170731707317, 0.6086951219512202, 0.7835975609756101, 1.4606951219512203, 0.6112926829268297, 0.32123170731707384, 0.35326829268292687, 0.4034878048780491, 0.3091097560975615, 0.1316097560975609, 1.4650243902439024, 1.471085365853658, 1.4598292682926821, 0.14979268292682862, 0.37924390243902445, 1.415670731707317, 0.36971951219512167, 0.018182926829267733, 0.00432926829268245, 7.030731707317073, 0.34114634146341455, 0.045024390243901806, 0.6667073170731709, 0.8104390243902441, 0.7117317073170726, 0.8312195121951212, 0.29525609756097626, 0.6415975609756097, 0.5948414634146335, 0.3853048780487799, 1.4598292682926821, 0.34980487804878085, 0.3853048780487799, 0.010390243902439322, 0.7134634146341471, 7.625573170731709, 6.502560975609756, 0.5861829268292686, 1.210463414634147, 1.0840487804878052, 7.468853658536586, 1.060670731707317, 6.394329268292684, 0.38443902439024336, 7.4151707317073186, 10.248243902439025, 0.020780487804878643, 0.6753658536585372, 0.7922560975609748, 0.4883414634146337, 0.6390000000000002, 0.008658536585366342, 6.601268292682928, 0.8459390243902445, 0.2883292682926829, 7.161475609756098, 1.4286585365853657, 0.018182926829267733, 0.8580609756097568, 1.4165365853658534, 5.200317073170732, 1.3412073170731702, 0.25542682926829197, 0.17143902439024378, 0.025109756097561095, 0.31517073170731696, 1.4814756097560973, 1.3715121951219515, 0.3636585365853662, 0.7758048780487801, 0.3887682926829273, 0.09610975609756049, 0.21213414634146313, 0.3887682926829273, 0.3827073170731704, 0.00692682926829192, 0.41214634146341544, 0.870182926829269, 0.5628048780487805, 7.177060975609758, 0.5307682926829275, 0.7740731707317072, 1.464158536585366, 6.874012195121952, 0.05281707317073166, 1.4174024390243898, 0.5861829268292686, 7.18398780487805, 0.8407439024390242, 0.28746341463414643, 7.366682926829269, 1.4624268292682931, 1.4399146341463416, 0.2736097560975611, 0.010390243902439322, 0.00086585365853649, 0.3627926829268297, 0.3913658536585367, 0.009524390243902833, 0.5948414634146335, 0.7022073170731712, 1.4529024390243903, 0.6848902439024386, 0.12987804878048792, 0.00259756097560947, 0.8476707317073175, 0.48574390243902427, 0.020780487804878643, 0.44764634146341437, 0.00086585365853649, 0.720390243902439, 0.498731707317073, 0.36712195121951213, 0.6026341463414634, 0.019914634146342154, 0.653719512195122, 0.5212439024390247, 1.7602804878048772, 0.3324878048780482, 0.15845121951219499, 0.009524390243902833, 0.7671463414634153, 7.241134146341463, 7.159743902439025, 7.1502195121951235, 1.2044024390243904, 0.373182926829269, 1.1377317073170734, 1.123878048780488, 0.9481097560975604, 0.020780487804878643, 0.28486585365853695, 1.5931707317073174, 1.226914634146342, 0.3809756097560974, 3.2045243902439027, 1.4451097560975603, 0.848536585365854, 0.5723292682926834, 0.5628048780487805, 0.8459390243902445, 5.802085365853658, 0.7983170731707318, 0.9836097560975607, 0.6528536585365856, 1.347268292682927, 0.030304878048780032, 0.6009024390243904, 0.5757926829268293, 1.442512195121951, 0.6450609756097557, 0.8000487804878048, 1.1437926829268288, 7.069695121951222, 0.5861829268292686, 1.3273536585365848, 1.0104512195121949, 0.024243902439024603, 0.3229634146341468, 0.028573170731707054, 1.2805975609756102, 7.700036585365855, 0.8000487804878048, 1.2425000000000002, 0.723853658536585, 1.2217195121951216, 1.4589634146341457, 1.444243902439024, 0.4727560975609755, 0.7740731707317072, 1.4468414634146336, 0.8095731707317075, 0.8182317073170725, 0.3982926829268287, 0.18009756097561014, 0.0372317073170734, 0.8251585365853659, 6.462731707317073, 0.6112926829268297, 0.5835853658536592, 0.3567317073170728, 0.8052439024390237, 0.8519999999999999, 0.657182926829268, 0.8294878048780482, 0.3757804878048785, 0.3091097560975615, 0.8450731707317065, 0.2891951219512194, 0.012121951219512301, 0.15498780487804903, 1.2658780487804882, 1.2381530612244889, 0.7165204081632642, 0.330367346938775, 0.012316326530612086, 0.027530612244897317, 0.2941428571428571, 0.0, 0.33181632653061166, 0.024632653061224172, 0.7143469387755095, 0.5513367346938768, 0.32746938775510187, 2.2618571428571417, 2.1481122448979573, 0.15431632653061203, 1.2330816326530596, 0.6926122448979584, 0.6969591836734693, 0.1847448979591837, 0.260091836734694, 0.6868163265306121, 0.2955918367346937, 0.7882448979591832, 0.4513571428571423, 0.6926122448979584, 0.13692857142857073, 0.028255102040815605, 0.6303061224489797, 0.5238061224489794, 0.7078265306122448, 0.27458163265306096, 0.42237755102040836, 0.3216734693877544, 0.010142857142857224, 0.5737959183673461, 0.7020306122448973, 0.33688775510204083, 0.017387755102040093, 0.22676530612244916, 0.1159183673469392, 0.002173469387754861, 1.2033775510204072, 0.3354387755102043, 0.32022448979591783, 0.3151530612244898, 0.6976836734693876, 0.7099999999999996, 0.5042448979591833, 0.670153061224489, 1.214244897959183, 0.0014489795918365739, 0.02028571428571445, 0.28399999999999986, 0.1615612244897961, 0.3173265306122447, 1.2265612244897952, 1.137448979591836, 0.6904387755102035, 0.03549999999999968, 0.24053061224489783, 0.9012653061224479, 6.420428571428566, 0.6679795918367342, 0.7027551020408156, 1.1888877551020394, 1.2127959183673465, 0.018112244897959588, 0.3354387755102043, 0.467295918367347, 0.5107653061224491, 0.6759489795918366, 0.013765306122448659, 0.8918469387755102, 0.6918877551020401, 0.6969591836734693, 0.8722857142857141, 0.2419795918367344, 0.22241836734693823, 0.992551020408163, 0.6802959183673463, 1.2077244897959172, 1.2185918367346926, 0.7179693877551009, 0.5752448979591825, 0.018836734693877876, 4.820755102040812, 0.1717040816326533, 0.00869387755102065, 0.5788673469387752, 0.005071428571428009, 0.5122142857142855, 0.017387755102040093, 0.6984081632653059, 0.6295816326530613, 0.512938775510204, 0.31949999999999956, 0.3296428571428568, 5.206908163265303, 1.1910612244897953, 4.304193877551018, 3.0001122448979567, 0.11374489795918312, 0.7628877551020407, 0.472367346938775, 6.61386734693877, 0.25429591836734644, 1.204826530612244, 0.6969591836734693, 4.3433163265306085, 0.5085918367346942, 0.7128979591836728, 0.8070816326530609, 0.988204081632652, 0.6897142857142853, 0.40643877551020363, 0.33181632653061166, 1.1055714285714278, 0.8780816326530604, 0.3578979591836736, 0.25429591836734644, 0.11012244897959168, 1.1896122448979576, 0.33688775510204083, 5.23009183673469, 0.2535714285714282, 0.4912040816326529, 0.0036224489795914348, 0.7223163265306117, 0.7875204081632649, 0.8324387755102035, 0.7331836734693873, 1.2207653061224475, 0.32094897959183616, 0.6991326530612242, 0.00869387755102065, 0.3238469387755093, 5.78867346938775, 0.2926938775510205, 6.87178571428571, 0.47454081632652984, 0.8759081632653055, 0.6745, 0.8643163265306117, 1.3642142857142852, 1.2468469387755095, 0.40426530612244876, 0.2955918367346937, 0.6904387755102035, 0.6868163265306121, 0.6766734693877549, 0.026806122448979033, 0.8273673469387754, 1.2627857142857128, 0.6766734693877549, 1.2113469387755087, 0.3173265306122447, 1.0237040816326528, 0.8657653061224482, 1.2396020408163253, 1.1997551020408146, 0.5353979591836733, 1.2243877551020401, 0.3223979591836727, 0.43614285714285705, 0.626683673469387, 0.6904387755102035, 0.6571122448979587, 1.2323571428571414, 0.32891836734693847, 0.5122142857142855, 0.5998775510204081, 0.17677551020408133, 0.710724489795918, 0.005071428571428009, 0.6795714285714279, 6.085714285714282, 0.8911224489795908, 5.75824489795918, 1.3417551020408158, 0.7882448979591832, 0.3296428571428568, 0.6802959183673463, 0.8672142857142848, 0.24053061224489783, 0.6759489795918366, 0.34123469387755057, 0.710724489795918, 0.24487755102040754, 0.6947857142857132, 0.8440306122448973, 0.8730102040816323, 1.0005204081632642, 0.8947448979591834, 0.32602040816326533, 0.9425612244897952, 0.7020306122448973, 0.6817448979591829, 4.9344999999999954, 0.3347142857142848, 0.6042244897959177, 0.706377551020407, 0.32529591836734706, 1.2091734693877536, 0.1506938775510206, 0.01593877551020352, 0.6643571428571428, 0.5310510204081622, 0.22748979591836746, 0.2955918367346937, 5.877061224489791, 0.5093163265306124, 1.1816428571428563, 0.3296428571428568, 5.982836734693873, 0.46874489795918356, 0.35717346938775413, 0.33688775510204083, 0.7027551020408156, 0.6042244897959177, 0.4984489795918369, 0.5904591836734691, 1.2396020408163253, 0.1738775510204082, 0.2303877551020406, 0.6092959183673469, 0.4643979591836726, 0.3419591836734689, 0.7382551020408152, 0.31370408163265323, 0.15648979591836687, 0.009418367346938938, 0.6969591836734693, 0.2477755102040819, 0.5875612244897959, 0.004346938775510928, 4.352010204081631, 0.46946938775510183, 0.4636734693877544, 0.6614591836734685, 1.229459183673468, 0.6817448979591829, 0.30645918367346914, 0.010867346938775512, 0.7157959183673459, 0.25719387755102086, 5.81113265306122, 0.44628571428571423, 0.24053061224489783, 1.0686224489795904, 0.6621836734693879, 0.6745, 6.53924489795918, 0.30790816326530573, 1.0352959183673467, 0.713622448979591, 0.7071020408163253, 6.417530612244893, 6.77760204081632, 1.443183673469387, 1.3098775510204075, 1.3330612244897952, 1.214969387755101, 1.2323571428571425, 1.1178877551020399, 0.25212244897959163, 0.4796122448979591, 0.8635918367346934, 0.7208673469387752, 0.86504081632653, 0.28472448979591813, 1.139622448979591, 0.4209285714285718, 1.2113469387755087, 0.12316326530612205, 0.7766530612244893, 0.713622448979591, 0.9114081632653052, 1.151938775510203, 0.6766734693877549, 0.6694285714285708, 0.010867346938775512, 1.2135204081632647, 0.7150714285714277, 0.0028979591836731477, 1.2077244897959172, 0.03477551020408139, 1.1845408163265294, 0.9795102040816314, 1.0715204081632648, 0.6962346938775498, 0.542642857142856, 1.0823877551020402, 0.6962346938775498, 0.01593877551020352, 0.0036224489795914348, 0.0036224489795914348, 0.6911632653061217, 1.2352551020408158, 0.27675510204081577, 5.9973265306122405, 1.2367040816326522, 0.6708775510204074, 0.9642959183673462, 0.023908163265305885, 0.32674489795918366, 0.4998979591836735, 1.2323571428571414, 0.7331836734693873, 0.5107653061224491, 0.48613265306122366, 0.07896938775510172, 0.3115306122448972, 1.217142857142856, 0.6614591836734685, 0.004346938775509722, 5.001153061224485, 0.013765306122448659, 0.4600510204081629, 1.0852857142857133, 0.33109183673469333, 0.3100816326530606, 0.19271428571428484, 5.196040816326526, 6.007469387755097, 0.5281530612244891, 0.48468367346938707, 0.6846428571428572, 0.9621224489795913, 1.0237040816326528, 0.8737346938775506, 0.005071428571428009, 0.9548775510204072, 0.9795102040816314, 1.0157346938775504, 0.48106122448979566, 1.245397959183673, 0.3347142857142848, 0.23473469387755153, 0.8831530612244897, 0.7020306122448973, 1.3511734693877535, 1.2222142857142853, 1.2243877551020401, 0.6614591836734685, 0.3339897959183677, 1.1758469387755088, 0.6839183673469378, 5.213428571428568, 0.31949999999999956, 0.552061224489795, 0.4912040816326529, 0.7034795918367339, 0.8331632653061217, 0.8896734693877542, 0.6679795918367342, 0.7882448979591832, 0.8585204081632641, 0.6933367346938767, 0.6462448979591832, 1.1932346938775502, 0.7114489795918362, 0.00869387755102065, 0.25212244897959163, 0.2955918367346937, 0.5600306122448975, 0.9729897959183669, 0.7179693877551009, 1.1990306122448964, 0.028255102040815605, 0.3339897959183677, 0.0, 0.04998979591836784, 1.243948979591835, 0.6085714285714274, 0.7020306122448973, 0.08476530612244923, 0.11736734693877576, 0.018112244897959588, 0.00652040816326579, 1.052683673469387, 4.4230102040816295, 0.2535714285714282, 1.202653061224489, 0.6237857142857138, 0.5107653061224491, 0.0405714285714289, 0.25719387755102086, 1.0077653061224483, 5.156918367346933, 0.2883469387755096, 0.6955102040816316, 0.3057346938775509, 0.5498877551020401, 5.04317346938775, 0.6440714285714283, 0.002173469387754861, 0.47381632653061156, 0.6752244897959183, 0.24632653061224533, 1.2330816326530596, 0.28399999999999986, 0.4796122448979591, 0.27313265306122436, 1.1331020408163264, 0.9853061224489789, 0.6766734693877549, 0.5723469387755095, 0.7317346938775507, 0.7266632653061215, 0.7099999999999996, 1.1867142857142843, 1.2207653061224475, 1.2251122448979583, 0.6882653061224486, 0.6889897959183668, 1.6750855715178004, 1.8579294191130544, 0.42635477826358453, 1.2183972517176769, 0.7768757026858213, 1.2032304809494057, 0.7667645221736411, 0.18115865084322264, 0.13397314178638417, 0.021907557776390148, 0.2687888819487818, 0.9378119925046849, 0.005055590256089386, 0.10448219862585853, 1.962411617738913, 0.9074784509681445, 0.9327564022485942, 0.7558107432854461, 0.006740787008120585, 0.11122298563397913, 0.2342423485321668, 0.9175896314803246, 0.5628557151780135, 1.8739387882573388, 0.01263897564022487, 0.8779875078076202, 0.27384447220487124, 0.14998251093066864, 0.12723235477826358, 1.9539856339787625, 1.367537164272329, 1.3532129918800744, 0.4499475327920045, 0.25952029981261654, 0.5839206745783887, 0.005898188632105688, 6.401219862585884, 0.0825746408494698, 0.5712816989381638, 0.9251730168644601, 1.9573560274828234, 0.39180824484697097, 0.5165128044971884, 1.343944409743909, 0.5552723297938779, 0.4246695815115547, 0.0016851967520297953, 0.46764209868832013, 1.3102404747033105, 0.9091636477201743, 0.5611705184259836, 0.058139287945033556, 0.833329793878825, 0.3294559650218615, 0.14492692067457785, 1.9480874453466581, 0.6167820112429739, 1.9017445346658333, 0.515670206121175, 0.44573454091193, 0.29743722673329115, 1.3313054341036843, 1.9371336664584633, 0.5451611492816991, 0.9394971892567148, 0.14071392879450337, 0.26373329169269244, 0.6875602748282323, 0.89146908182386, 5.534186133666458, 0.24772392254840658, 0.26794628357276695, 1.1931193004372271, 0.052241099312929265, 0.42298438475952493, 6.743314803247968, 0.5839206745783887, 0.03370393504060012, 0.4752254840724542, 0.2460387257963768, 0.5948744534665837, 6.29420986883198, 0.5476889444097439, 1.3355184259837602, 1.343944409743909, 0.4086602123672703, 0.5426333541536531, 0.4878644597126791, 0.6218376014990632, 0.48702186133666414, 1.027127420362274, 0.8897838850718303, 0.9900530918176143, 0.8661911305434102, 1.4273616489693939, 1.236091817613991, 1.1189706433479076, 1.0414515927545287, 0.8923116801998748, 0.8973672704559658, 0.004212991880074488, 0.9394971892567148, 0.6614397251717677, 0.500503435352904, 1.3658519675202994, 0.46764209868832013, 0.7692923173016858, 1.3658519675202994, 0.5653835103060582, 0.8147926296064959, 0.3892804497189262, 1.027970018738289, 0.8872560899437856, 1.9523004372267327, 0.40107682698313624, 1.3422592129918793, 1.1316096189881326, 0.017694565896314254, 1.3152960649593999, 0.2662610868207371, 0.623522798251093, 0.6378469706433477, 0.6285783885071825, 1.32540724547158, 0.30923360399750116, 0.5519019362898183, 0.5519019362898183, 0.8594503435352896, 1.3380462211118047, 1.3296202373516546, 0.3816970643347908, 0.19548282323547733, 0.38675265459088015, 0.5881336664584631, 1.3692223610243588, 0.010953778888195074, 0.247723922548408, 0.2898538413491571, 0.005055590256089386, 0.611726420986883, 0.46174391005621446, 0.2468813241723917, 0.411188007495315, 1.9615690193628978, 7.363467207995003, 0.5738094940662085, 0.4465771392879449, 0.6058282323547789, 7.044965021861335, 1.004377264209869, 0.8670337289194252, 1.9101705184259836, 0.9175896314803246, 1.9784209868831975, 1.0524053716427237, 0.9319138038725794, 0.0016851967520297953, 1.1543597751405377, 1.7745121798875696, 0.8080518425983767, 0.6732361024359776, 0.554429731417863, 0.2730018738288577, 7.387902560899436, 0.2864834478450975, 7.11490068707058, 1.3077126795752658, 0.0016851967520297953, 0.3176595877576515, 0.04802810743285479, 0.2519369144284825, 0.6395321673953775, 0.390965646470956, 0.47775327920050037, 7.16882698313554, 0.013481574016239766, 0.9723585259212986, 0.8459687695190499, 1.34731480324797, 5.886392254840725, 0.4836514678326046, 0.004212991880074488, 0.4550031230480953, 0.8982098688319806, 6.343080574640847, 0.8611355402873209, 0.032018738288570325, 0.23761274203622781, 6.180459088069955, 0.25109431605246757, 0.7263198001249219, 7.57580199875078, 6.178773891317926, 0.6656527170518421, 0.8687189256714549, 7.757803247970018, 0.6530137414116173, 0.8628207370393507, 1.937976264834478, 7.301114928169893, 0.390965646470956, 0.25109431605246757, 1.3313054341036843, 0.6184672079950037, 0.8299594003747655, 7.290161149281699, 0.25699250468457185, 0.4558457214241102, 0.05139850093691437, 0.46848469706433504, 1.9548282323547774, 0.9066358525921296, 0.3859100562148653, 1.8646702061211735, 0.946237976264834, 0.017694565896314254, 0.24266833229231718, 1.349, 0.35220612117426653, 1.9649394128669575, 0.0404447220487193, 0.411188007495315, 0.9125340412242352, 0.01263897564022487, 0.5224109931292941, 0.02022236102436035, 0.9369693941286701, 0.5729668956901935, 0.4120306058713299, 0.5476889444097439, 1.9607264209868829, 4.564355402873204, 0.9049506558400997, 0.5611705184259836, 0.6740787008119925, 0.6875602748282323, 0.039602123672704395, 1.8612998126171139, 0.5510593379138035, 1.3346758276077453, 0.01263897564022487, 0.1230193628981891, 1.2487307932542158, 0.24940911930043777, 1.3633241723922545, 1.9851617738913179, 0.4988182386008742, 1.3051848844472196, 1.6978357276702056, 1.9438744534665824, 0.5417907557776381, 1.2175546533416606, 0.28395565271705137, 0.6429025608994385, 0.49797564022485924, 0.5299943785134297, 1.3742779512804495, 0.27384447220487124, 0.01600936914428446, 0.4533179262960655, 0.4878644597126791, 0.958034353529044, 1.005219862585884, 1.9565134291068071, 1.0304978138663337, 0.8754597126795756, 7.14017863835103, 1.9371336664584633, 0.8847282948157394, 0.29743722673329115, 0.14998251093066864, 0.1988532167395383, 0.03454653341661502, 2.6685090568394756, 1.2082860712054968, 1.2883329169269204, 0.9268582136164899, 5.526602748282322, 0.25025171767645266, 6.27061711430356, 0.045500312304808686, 0.05308369768894417, 6.443349781386631, 1.9683098063710172, 0.4954478450968146, 1.9758931917551525, 1.3860743285446597, 1.980948782011242, 0.9116914428482189, 0.5738094940662085, 0.4524753279200506, 0.2805852592129918, 0.5788650843222979, 0.5788650843222979, 1.349, 0.2418257339163023, 6.418914428482196, 0.0016851967520297953, 7.427504684572142, 0.2847982510930663, 0.5502167395377885, 0.3353541536539658, 1.3557407870081193, 0.2746870705808861, 0.6226801998750782, 1.349842598376015, 1.2007026858213612, 1.3447870081199242, 0.5299943785134297, 1.7071043098063707, 0.2527795128044974, 0.558642723297939, 1.3532129918800744, 0.9100062460961892, 1.047349781386633, 0.7381161773891318, 0.247723922548408, 0.029490943160524224, 0.9681455340412242, 0.6774490943160522, 0.2485665209244215, 6.620295440349779, 1.9801061836352272, 0.6749212991880075, 0.5426333541536531, 0.4558457214241102, 0.8763023110555904, 0.8156352279825108, 0.3960212367270454, 0.19548282323547733, 0.6631249219237975, 1.181322923173017, 0.8265890068707058, 0.1634640849469084, 0.0370743285446597, 1.5124640849469084, 1.2242954403497812, 1.4088244846970646, 1.258841973766396, 0.4002342286071213, 1.1644709556527164, 1.9531430356027477, 0.05139850093691437, 0.17947345409119286, 0.4162435977514058, 0.256149906308557, 0.39433603997501565, 0.678291692692067, 1.2192398500936918, 0.9066358525921296, 0.19126983135540282, 6.475368519675203, 1.5967239225484064, 1.3431018113678943, 1.9775783885071823, 0.07583385384134922, 0.8029962523422859, 0.476910680824484, 0.35052092442223676, 1.9674672079950022, 1.2487307932542158, 0.24940911930043777, 1.0439793878825734, 1.25462898188632, 0.0387595252966895, 0.03623173016864481, 0.22581636477201783, 1.9834765771392882, 1.3700649594003738, 0.48702186133666414, 1.937976264834478, 1.3346758276077453, 1.3523703935040596, 1.379333541536539, 0.4187713928794505, 1.80484572142411, 0.10363960024984364, 0.9369693941286686, 1.9581986258588384, 0.11290818238600892, 0.568753903810119, 0.1634640849469084, 0.02527795128044974, 0.02359275452841994, 0.9470805746408488, 0.6344765771392881, 0.7558107432854461, 0.06825046845721373, 0.2342423485321668, 1.38438913179263, 1.705419113054341, 0.8973672704559643, 1.801475327920049, 1.925337289194253, 1.8899481574016235, 1.3313054341036843, 0.8748372657876481, 6.487089174184594, 0.6670107564191534, 0.9038580846634287, 0.8710926439972252, 0.4048872310895219, 0.005148854961831495, 0.014510409437890318, 0.7428393476752251, 0.6613938237335175, 0.7662432338653713, 0.6941592643997225, 0.003276544066620043, 0.3721217904233184, 0.10531748785565515, 0.021063497571130404, 0.038850451075640766, 0.4750988896599576, 0.3833556557945871, 0.04821200555169959, 0.6754361554476048, 0.32156939625260134, 0.5565444136016652, 0.6613938237335175, 0.671691533657182, 0.13246599583622434, 0.05663740458015269, 0.4928858431644696, 0.6323730048577368, 0.38710027758501003, 0.7784132546842474, 0.03510582928521786, 0.6801169326856352, 0.8851349757113126, 0.4713542678695347, 0.6482876474670373, 0.6464153365718243, 1.2549163775156136, 0.11748750867453116, 6.067691533657185, 1.0199413601665512, 0.6698192227619706, 0.6735638445523935, 0.8214764052741155, 7.9531086051353235, 0.37024947952810533, 0.002340388619014316, 0.1221682859125598, 0.3777387231089512, 2.6095333102012495, 1.5479330326162404, 0.9796866759195003, 0.9094750173490631, 0.8963688410825813, 1.175343164469119, 0.9104111727966687, 0.37399410131852984, 0.6548407356002774, 0.6623299791811248, 0.8729649548924366, 0.36556870229007676, 1.0910891741845943, 0.7868386537127005, 0.7765409437890358, 0.8533056904927148, 0.36931332408049966, 0.9038580846634287, 0.39084489937543443, 0.012638098542678868, 1.5488691880638459, 0.003276544066620043, 7.156440319222763, 0.016382720333101772, 1.0358560027758503, 0.35339868147120074, 0.8982411519777944, 1.479593684941013, 1.4103181818181814, 1.4206158917418474, 0.3608879250520481, 0.8579864677307434, 0.7231800832755032, 0.6866700208188752, 1.546060721721029, 0.763434767522554, 0.6698192227619706, 0.08004129077029741, 0.3346755725190831, 7.82204684247051, 7.720942054129078, 0.3599517696044408, 0.6576492019430945, 0.002340388619014316, 0.3421648160999305, 0.4058233865371277, 0.7456478140180423, 0.6557768910478832, 0.41424878556558076, 0.350590215128382, 0.8692203331020137, 0.7259885496183219, 1.5507414989590573, 0.15680603747397634, 0.014510409437890318, 0.014510409437890318, 7.800515267175576, 0.9019857737682173, 0.8682841776544079, 0.8439441360166561, 0.6604576682859117, 0.007021165857042949, 7.986810201249133, 0.08004129077029741, 1.4524451769604452, 1.453381332408051, 1.5535499653018747, 0.8607949340735606, 0.8916880638445527, 0.09876439972241506, 7.410138445523943, 0.021063497571130404, 0.37399410131852984, 0.8579864677307434, 1.5657199861207507, 1.5413799444829985, 0.883262664816101, 0.7887109646079118, 0.866411866759195, 0.8448802914642617, 0.1830183900069398, 0.0032765440666216016, 0.0032765440666216016, 0.002340388619014316, 1.5881877168632894, 0.8860711311589183, 1.2530440666204037, 0.24293233865371253, 0.9038580846634287, 1.8886936155447605, 0.007021165857042949, 1.576953851492021, 0.911347328244276, 0.3880364330326173, 0.3580794587092309, 1.4852106176266489, 0.6829253990284538, 0.828029493407357, 1.5563584316446917, 0.8823265093684954, 0.8214764052741155, 1.552613809854269, 0.4058233865371277, 0.8776457321304653, 0.3543348369188064, 1.4243605135322701, 0.36369639139486526, 0.19237994448299708, 0.12310444136016552, 1.4477643997224168, 0.8111786953504525, 0.2551023594725885, 0.03697814018043087, 0.8954326856349772, 0.39646183206106883, 0.2064222761970845, 0.4254826509368495, 0.8785818875780709, 0.8907519083969471, 0.3608879250520481, 0.8636034004163777, 0.38148334489937563, 1.4131266481609999, 0.0173188757807075, 0.8589226231783492, 0.7943278972935462, 1.5507414989590573, 6.410324427480918, 0.10438133240804942, 0.35995176960444236, 0.6595215128383076, 8.29293303261624, 0.3796110340041642, 0.7615624566273427, 0.6295645385149197, 0.3131439972241498, 0.6342453157529498, 0.6567130464954888, 0.7063292852185986, 1.2258955586398328, 1.2595971547536438, 0.8224125607217212, 0.03416967383761214, 0.6950954198473284, 0.19893303261623868, 0.8710926439972252, 0.6876061762664826, 0.010765787647467414, 1.344787300485774, 0.3833556557945871, 1.1837685634975705, 1.2521079111727964, 0.10157286606523223, 0.030425052047189226, 0.02293580846634186, 1.2633417765440667, 0.6613938237335175, 1.2558525329632193, 0.31688861901457427, 0.7943278972935462, 0.1511891047883404, 0.06599895905620995, 0.57152290076336, 0.8860711311589183, 0.8710926439972252, 0.8926242192921584, 0.38710027758501153, 0.1511891047883404, 0.04821200555169959, 0.13059368494101287, 0.3796110340041642, 0.8701564885496195, 0.30191013185288107, 1.3504042331714103, 0.8776457321304653, 1.5376353226925756, 0.3955256766134631, 0.7699878556557957, 0.5059920194309497, 0.43109958362248385, 1.5554222761970862, 0.8289656488549627, 0.05008431644691105, 0.33935634975711326, 0.649223802914643, 0.6801169326856352, 1.2474271339347678, 1.1762793199167247, 0.6407984038861899, 1.2783202637057598, 1.2071724496877168, 0.8888795975017355, 0.46386502428868737, 0.37493025676613556, 0.6454791811242185, 0.1034451769604437, 0.028552741151977777, 0.4853965995836222, 0.3786748785565569, 0.8841988202637069, 1.1912578070784179, 1.2483632893823735, 0.8963688410825829, 0.0173188757807075, 0.4002064538514933, 0.47697120055516906, 0.39646183206106883, 0.3805471894517699, 0.3543348369188064, 0.2654000693962531, 1.2511717557251907, 1.1734708535739076, 8.087914989590564, 0.6988400416377513, 0.671691533657182, 1.2511717557251907, 1.1809600971547534, 0.6454791811242185, 0.39084489937543443, 0.8963688410825829, 0.37493025676613556, 0.16991221374045806, 0.06506280360860422, 0.002340388619014316, 0.8692203331020137, 0.8617310895211664, 0.40395107564191624, 0.03136120749479496, 0.4919496877168623, 1.511422970159612, 0.8748372657876481, 0.7624986120749484, 0.8636034004163777, 0.8692203331020137, 0.8570503122831377, 0.8355187369882028, 0.673563844552395, 0.2045499653018746, 0.47041811242192905, 0.003276544066620043, 1.5591668979875088, 1.3457234559333802, 1.5507414989590573, 1.5320183900069413, 0.2785062456627348, 0.007021165857044508, 7.514051700208192, 0.34029250520471904, 0.9712612768910472, 1.5932541528239195, 0.2472419712070875, 0.3264191583610188, 0.14266832779623514, 0.22931506090808365, 0.2950470653377627, 0.36077906976744173, 1.0748676633444068, 1.60595238095238, 0.8948516057585817, 0.23379678848283525, 1.0733737541528232, 0.6722591362126236, 1.5940011074197111, 0.3518156146179398, 0.3719833887043188, 0.07768327796234785, 0.3876694352159462, 1.5932541528239195, 0.02614341085271277, 1.6007236987818378, 1.031544296788482, 0.6901860465116274, 0.3428521594684379, 0.2502297895902544, 0.1837508305647836, 0.5818776301218165, 1.5880254706533774, 0.3069983388704315, 2.4948283499446275, 0.17777519379844986, 0.18972646733111864, 0.19644905869324414, 0.6498504983388707, 0.5564811738648942, 0.3503217054263564, 1.5073543743078612, 1.5305099667774071, 0.04705813953488349, 0.04407032115171659, 1.61416888150609, 4.522063122923586, 0.32343133997785184, 0.1882325581395352, 0.08888759689922493, 5.3683626799557, 0.6588139534883714, 0.5923349944629006, 0.14640310077519375, 0.34957475083056466, 0.20840033222591295, 0.09038150609080836, 0.6618017718715395, 0.3271661129568105, 0.18748560354374347, 0.6640426356589145, 0.5587220376522694, 1.5984828349944626, 0.8567569213732001, 0.7760858250276854, 0.9321993355481728, 1.602964562569213, 0.3450930232558143, 1.6081932447397551, 0.23753156146179386, 1.5753272425249156, 5.961444629014392, 6.727073089700992, 0.33314174972314425, 5.663409745293462, 0.5766489479512731, 1.12566057585825, 1.0517120708748608, 0.8119396456256919, 0.7387380952380943, 6.080957364341082, 0.5736611295681062, 0.7275337763012173, 0.4466788482834998, 0.3749712070874857, 0.7596528239202651, 0.09038150609080836, 1.5715924695459569, 0.25471151716500595, 0.18225692137320018, 0.35480343300110667, 0.36451384274640036, 0.9411627906976735, 1.0128704318936876, 0.9351871539313397, 0.928464562569213, 0.6759939091915835, 0.6027923588039859, 0.5213743078626795, 0.35106866002214815, 0.3450930232558143, 0.18150996677740847, 0.36003211517165, 0.07170764119601282, 0.34359911406422966, 0.16059523809523774, 0.32567220376522704, 7.4867259136212585, 0.35779125138427487, 5.658928017718712, 0.8582508305647837, 0.7865431893687708, 0.8336013289036542, 0.7693632336655587, 1.0293034330011068, 0.3294069767441857, 7.006434108527129, 0.14490919158361032, 0.5482646733111852, 0.6087679955703209, 1.148069213732004, 1.2451733111849381, 1.377384274640088, 0.6991495016611293, 1.039760797342192, 1.1241666666666665, 0.08963455149501665, 0.3226843853820602, 0.6573200442967878, 1.4490919158361006, 0.339864341085271, 0.7021373200442963, 0.9904617940199334, 0.9934496124031003, 1.0614224806201544, 0.7409789590254707, 0.004481727574750335, 0.17179955703211483, 0.2569523809523811, 0.1830038759689919, 0.6184784053156146, 1.1779473975636758, 1.1129623477297896, 1.0442425249169422, 0.6849573643410853, 0.9882209302325582, 0.4018615725359915, 0.34210520487264623, 1.5947480620155028, 0.18524473975636704, 0.9874739756367652, 0.9150193798449607, 0.15013787375415238, 0.5572281284606859, 1.160020487264673, 0.07992414174972301, 0.785796234772979, 1.5842906976744175, 1.0546998892580277, 1.5813028792912505, 0.3719833887043188, 0.2360376522702104, 0.30998615725359835, 0.6610548172757477, 0.6035393133997777, 0.991208748615725, 0.08589977851605804, 0.31446788482835, 1.6104341085271314, 1.0457364341085271, 0.6700182724252485, 1.0001722037652272, 0.9314523809523799, 1.0636633444075296, 1.5820498338870421, 1.0614224806201544, 0.18524473975636704, 1.053952934662236, 0.6692713178294567, 0.34135825027685446, 0.3719833887043188, 0.5475177187153922, 0.31297397563676654, 0.2270741971207085, 0.4220293466223692, 0.9045620155038754, 8.460754706533772, 0.18524473975636704, 1.3123992248062006, 0.6774878183831669, 0.40484939091915834, 0.4660996677740858, 0.9232358803986709, 1.5021256921373192, 0.5691794019933547, 0.6535852713178293, 0.6423809523809522, 0.8911168327796232, 0.5071821705426355, 0.40634330011074177, 0.5721672203765229, 0.6752469545957916, 0.4519075304540418, 0.37571816168327743, 0.7910249169435211, 1.0472303433001104, 0.09038150609080836, 1.5932541528239195, 0.4018615725359915, 0.3951389811738647, 1.0606755260243628, 0.6565730897009961, 0.14565614617940204, 0.7477015503875962, 0.16657087486157277, 1.0666511627906965, 0.34957475083056466, 0.3585382059800666, 0.34061129568106274, 0.3264191583610188, 1.0546998892580277, 1.4617901439645613, 1.3856007751937982, 5.627555924695458, 0.06274418604651215, 1.582796788482834, 0.6677774086378733, 0.6745, 0.050045957918050374, 6.700182724252487, 1.5925071982281276, 0.9747757475083048, 1.0405077519379837, 0.194208194905869, 0.06573200442967903, 0.15163178294573582, 0.0, 0.6655365448504981, 1.5925071982281276, 0.16731782945736448, 1.5140769656699882, 1.0606755260243628, 0.779820598006644, 0.42800498338870424, 0.3779590254706526, 0.5557342192691024, 6.221384828349942, 0.5744080841638979, 0.6573200442967878, 0.32119047619047547, 0.19122037652270207, 1.0375199335548169, 0.4018615725359915, 1.03453211517165, 0.6550791805094127, 0.4190415282392023, 1.0442425249169422, 0.5624568106312291, 5.443058139534879, 1.5559064230343296, 0.7596528239202651, 0.6737530454042083, 0.6371522702104089, 0.9419097452934653, 0.07320155038759626, 1.591013289036544, 0.36451384274640036, 0.05303377630121851, 0.02240863787375416, 0.7439667774086376, 0.6252009966777401, 1.0330382059800653, 0.7387380952380943, 0.7111007751937981, 6.34537929125138, 0.8022292358803982, 0.7327624584717606, 0.8963455149501652, 0.5497585825027687, 1.0696389811738647, 0.7372441860465109, 0.7402320044296791, 0.8985863787375415, 0.9292115171650047, 6.606066445182721, 0.7656284606866002, 1.3011949058693235, 1.2220177187153922, 0.8664673311184937, 0.9949435215946838, 0.5669385382059795, 1.0636633444075296, 1.194380398671096, 1.5768211517165, 0.7163294573643402, 0.5945758582502769, 1.0644102990033213, 0.5139047619047622, 0.9979313399778507, 0.9247297895902544, 0.44891971207087494, 0.7506893687707632, 1.3377956810631215, 1.2459202657807298, 1.2959662236987814, 1.0651572535991132, 1.0352790697674417, 0.502700442967884, 0.5422890365448502, 0.9112846068660021, 1.0449894795127341, 0.33463565891472896, 0.5960697674418605, 1.0390138427464004, 0.2113881506090811, 0.8933576965669984, 1.2354629014396445, 0.5049413067552604, 1.0517120708748608, 0.15760741971207085, 0.34583997785160603, 0.3675016611295685, 0.3249252491694353, 1.0390138427464004, 1.0554468438538196, 1.0494712070874856, 1.006147840531561, 4.6072159468438505, 1.0509651162790692, 0.37646511627906915, 1.0494712070874856, 0.5781428571428566, 0.6476096345514942, 0.6281888150609082, 0.08515282392026631, 0.09038150609080836, 0.08888759689922493, 1.225005537098559, 0.14042746400885872, 0.563203765227021, 0.0948632336655587, 0.3219374307862672, 1.0479772978959023, 0.9695470653377627, 1.0509651162790692, 0.08739368770764147, 1.053952934662236, 0.6625487264673312, 0.6274418604651165, 0.33388870431893725, 0.4011146179401997, 0.17254651162790655, 1.6081932447397551, 1.602964562569213, 1.5969889258028778, 0.4362214839424144, 0.374224252491694, 0.12847619047618994, 5.0284983388704285, 6.230348283499442, 0.0918754152823918, 0.49224307862679983, 4.120201550387595, 0.6468626799557026, 1.591760243632336, 1.5880254706533774, 1.0644102990033213, 0.6752469545957916, 0.5953228128460687, 1.5805559246954588, 0.9770166112956812, 0.9112846068660021, 0.5729141749723146, 6.2348300110741945, 0.6677774086378733, 0.7432198228128459, 0.3182026578073086, 0.734256367663344, 1.068892026578073, 0.05452768549280196, 0.04929900332225866, 0.5617098560354374, 0.5527464008859355, 0.31745570321151684, 0.2890714285714289, 0.19719601328903588, 0.6879451827242523, 0.5968167220376521, 1.0367729789590252, 0.6371522702104089, 5.091242524916941, 0.18897951273532693, 1.0128704318936876, 6.53958748615725, 0.6954147286821707, 1.0442425249169422, 0.47805094130675463, 0.4085841638981169, 0.08963455149501665, 1.017352159468438, 0.6901860465116274, 0.24350719822812888, 0.17179955703211483, 1.5738333333333319, 0.2308089700996671, 0.31148006644518306, 0.7596528239202651, 0.6647895902547064, 1.5977358803986697, 1.039760797342192, 0.6102619047619045, 1.0666511627906965, 0.6647895902547064, 0.07245459579180454, 1.56860465116279, 1.5783150609080838, 1.6014706533776295, 0.9157663344407524, 0.6632956810631229, 1.0360260243632335, 1.569351605758582, 1.5932541528239195, 1.0509651162790692, 0.34658693244739774, 0.16955869324473963, 1.5842906976744175, 2.2378759689922467, 1.0024130675526022, 0.6304296788482834, 1.4894274640088587, 0.01942081949058727, 0.053780730897010236, 1.5850376522702092, 1.520052602436323, 1.368420819490586, 0.9927026578073086, 0.6701539948453613, 5.940119845360827, 0.2842287371134028, 6.305184278350518, 1.1369149484536083, 0.6484239690721649, 0.9717667525773204, 0.31030476804123786, 7.10832603092784, 0.2972667525773203, 1.7418788659793834, 0.3781024484536088, 0.29639755154639263, 0.6484239690721649, 0.3163891752577321, 6.2669394329896955, 7.838454896907222, 0.25554510309278305, 0.2668447164948451, 0.2642371134020619, 0.336380798969073, 0.2877055412371138, 0.007822809278351108, 1.051733247422681, 1.1238769329896907, 0.6823228092783511, 0.31204317010309335, 0.33985760309278396, 1.4732957474226813, 1.1551681701030938, 0.7883653350515469, 0.2685831185567006, 0.9083150773195882, 0.3024819587628868, 0.6214787371134021, 0.26162951030927867, 0.7927113402061856, 0.753597293814433, 0.595402706185567, 0.659723582474227, 1.568038659793815, 0.8631166237113412, 0.7953189432989703, 0.18427061855670113, 0.009561211340206587, 0.019991623711340913, 0.2798827319587627, 0.6171327319587633, 0.5467274484536092, 0.6788460051546402, 0.0017384020618554797, 0.6910148195876299, 0.7057912371134031, 0.029552835051546055, 0.9656823453608248, 0.8744162371134033, 0.8135721649484543, 0.006084407216494179, 0.013907216494845286, 1.7540476804123717, 0.27727512886597944, 0.5023981958762886, 0.029552835051546055, 0.31030476804123786, 0.27379832474226845, 1.7314484536082488, 0.943083118556702, 0.8005341494845368, 0.8413865979381449, 1.6627815721649488, 0.3833176546391753, 0.2781443298969072, 0.606702319587629, 0.5328202319587639, 0.11299613402061921, 0.040852448453608116, 0.8457326030927835, 0.7788041237113403, 0.11994974226804113, 0.5380354381443304, 0.6857996134020621, 0.5076134020618566, 0.027814432989690573, 1.0447796391752577, 1.134307345360825, 0.14428737113402076, 0.5371662371134026, 0.2764059278350517, 0.6310399484536086, 0.3329039948453606, 0.31117396907216566, 0.8413865979381449, 0.7753273195876293, 0.27553672680412394, 1.071724871134022, 1.2194890463917538, 1.1412609536082485, 0.5206514175257742, 0.911791881443299, 0.5258666237113405, 1.139522551546393, 0.00521520618556644, 0.008692010309278846, 1.122138530927835, 0.8535554123711346, 0.6805844072164956, 0.3311655927835051, 0.0034768041237109595, 0.009561211340206587, 0.0, 1.4159284793814446, 0.7518588917525775, 0.5232590206185573, 1.130830541237114, 0.3337731958762883, 0.5171746134020617, 0.9778511597938144, 1.134307345360825, 1.0317416237113402, 1.4463505154639185, 1.3750760309278367, 1.7627396907216506, 1.116923324742269, 0.6762384020618555, 0.28683634020618604, 0.3181275773195875, 1.122138530927835, 0.5536810567010311, 0.6249555412371145, 0.2894439432989692, 0.5249974226804128, 0.9813279639175269, 1.3576920103092789, 0.5328202319587639, 1.0265264175257738, 0.5302126288659792, 0.9978427835051554, 1.244695876288661, 1.1708137886597945, 1.0630328608247432, 1.5888994845360835, 1.1351765463917527, 0.9439523195876297, 1.6419207474226816, 0.10169652061855715, 0.3155199742268043, 0.3476804123711336, 0.2859671391752583, 0.6866688144329898, 0.8413865979381449, 0.7753273195876293, 0.2729291237113407, 1.2542570876288663, 0.5093518041237121, 1.2307886597938158, 0.6962300257731964, 1.8418369845360836, 0.8700702319587631, 0.0008692010309277399, 0.5354278350515471, 0.5458582474226814, 0.29465914948453564, 1.2925019329896912, 0.6875380154639175, 0.008692010309278846, 0.30943556701031016, 1.0578176546391753, 0.5154362113402062, 0.7344748711340212, 0.527605025773196, 0.5754110824742276, 0.9413447164948465, 0.7031836340206183, 0.957859536082475, 1.2151430412371134, 0.2390302835051545, 0.47023775773195936, 0.2929207474226802, 1.1256153350515476, 1.6723427835051554, 1.116054123711341, 0.3189967783505153, 0.6388627577319598, 0.6805844072164956, 0.30943556701031016, 0.6206095360824743, 0.5432506443298968, 0.6718923969072168, 1.7523092783505163, 1.6905960051546407, 0.8683318298969077, 1.746224871134022, 0.6753692010309278, 0.011299613402062066, 1.584553479381445, 0.5023981958762886, 0.13298775773195867, 0.16340979381443246, 0.25902190721649543, 0.6145251288659801, 0.9848047680412378, 1.0378260309278358, 0.2842287371134028, 0.542381443298969, 0.7040528350515475, 0.0017384020618554797, 0.43894652061855643, 0.2781443298969072, 0.9813279639175269, 0.9456907216494853, 0.6736307989690722, 0.6857996134020621, 1.7340560567010321, 0.0008692010309277399, 0.30943556701031016, 0.2694523195876298, 0.6936224226804132, 0.6745, 0.26771391752577284, 0.2598911082474232, 1.1369149484536083, 1.1264845360824753, 0.9804587628865992, 0.30769716494845323, 0.2990051546391758, 0.8865850515463917, 0.3033511597938145, 0.527605025773196, 3.315132731958765, 0.5232590206185573, 0.7553356958762885, 0.7370824742268045, 0.4120012886597936, 0.31030476804123786, 1.6532203608247436, 0.7101372422680416, 0.5519426546391757, 0.976112757731959, 0.6918840206185576, 0.3207351804123708, 0.22773067010309248, 0.29465914948453564, 0.29031314432989697, 0.36680283505154676, 0.2990051546391758, 0.7049220360824752, 0.6336475515463919, 0.31204317010309335, 0.5389046391752581, 0.7909729381443301, 7.425584407216499, 0.7492512886597944, 7.591601804123716, 0.2703215206185575, 0.27379832474226845, 0.6953608247422686, 0.5284742268041238, 1.7792545103092792, 0.6979684278350519, 1.1508221649484551, 0.954382731958764, 0.35376481958762923, 0.28683634020618604, 0.30508956185567, 1.2412190721649485, 1.169075386597939, 0.6901456185567008, 0.3146507731958766, 0.3033511597938145, 0.026076030927835094, 0.5571578608247421, 1.748832474226805, 1.6923344072164963, 1.7749085051546403, 0.6901456185567008, 0.6875380154639175, 0.6727615979381445, 0.2581527061855677, 1.754916881443301, 1.2333962628865989, 0.30943556701031016, 0.22946907216494794, 0.3876636597938154, 0.6814536082474233, 1.7244948453608258, 4.918808634020623, 1.1377841494845375, 0.6892764175257731, 0.2764059278350517, 1.1682061855670112, 1.1238769329896907, 0.5832338917525772, 5.078741623711344, 1.1064929123711345, 0.2842287371134028, 1.757524484536084, 0.9448215206185575, 1.0934548969072169, 0.6736307989690722, 0.9978427835051554, 1.7723009020618572, 1.1186617268041243, 0.6032255154639181, 0.6910148195876299, 0.6918840206185576, 0.6136559278350524, 0.019122422680411727, 0.24511469072165015, 0.6866688144329898, 0.2816211340206181, 0.0069536082474233665, 0.5458582474226814, 1.7662164948453614, 0.9639439432989692, 0.9422139175257743, 1.0239188144329905, 0.31117396907216566, 0.6997068298969074, 6.9353550257732, 0.928306701030929, 1.1186617268041243, 7.3803859536082514, 6.638957474226808, 0.010430412371134325, 0.007822809278351108, 0.35376481958762923, 0.6718923969072168, 0.27119072164948527, 0.7562048969072176, 1.757524484536084, 1.1621217783505156, 0.2816211340206181, 0.13646456185566963, 1.1508221649484551, 1.0430412371134024, 0.4789297680412368, 0.5780186855670107, 0.6475547680412371, 0.21295425257731943, 0.042590850515463595, 1.7653472938144337, 0.5232590206185573, 0.8474710051546406, 0.30943556701031016, 0.7492512886597944, 0.7405592783505155, 0.08518170103092865, 0.021730025773196392, 1.2907635309278358, 1.2203582474226815, 0.30943556701031016, 0.5554194587628866, 0.6032255154639181, 1.0586868556701043, 0.987412371134021, 1.0352184278350525, 1.0891088917525782, 1.010880798969073, 1.0647712628865986, 0.3624568298969081, 0.19296262886597998, 1.7184104381443315, 0.24163788659793772, 0.2459838917525779, 0.870939432989691, 0.5136978092783507, 0.25554510309278305, 1.104754510309279, 0.3641952319587635, 0.8370405927835063, 0.6962300257731964, 1.7444864690721666, 0.3068279639175254, 0.7527280927835053, 0.6892764175257731, 0.09387371134020604, 0.6666771907216503, 0.5754110824742276, 1.142999355670104, 1.7470940721649497, 0.6857996134020621, 0.6892764175257731, 0.6779768041237123, 1.122138530927835, 0.20860824742268075, 1.6523511597938159, 0.9361295103092786, 5.490742912371136, 0.28509793814433054, 0.3146507731958766, 1.1004085051546404, 0.20339304123711285, 0.9674207474226816, 1.6593047680412378, 0.3085663659793809, 0.15384858247422734, 0.6910148195876299, 0.6979684278350519, 0.6805844072164956, 0.1599329896907215, 0.11560373711340242, 0.1512409793814441, 0.046067654639176, 0.0886585051546396, 0.8109645618556711, 0.7483820876288665, 0.23381507731958812, 1.1412609536082485, 0.3181275773195875, 0.10691172680412359, 0.2816211340206181, 1.1534297680412382, 0.6188711340206189, 0.6970992268041241, 0.006084407216494179, 0.6545083762886604, 0.5519426546391757, 0.6223479381443299, 0.5458582474226814, 0.018253221649483984, 1.1438685567010316, 0.3372500000000007, 0.44503092783505205, 0.8413865979381449, 1.1377841494845375, 0.3276887886597942, 1.1238769329896907, 0.012168814432989805, 0.6814536082474233, 0.595402706185567, 0.5197822164948463, 0.3937480670103096, 0.32508118556701093, 2.1617029639175267, 0.5901875000000005, 0.272059922680413, 1.6488743556701035, 1.1273537371134033, 1.142999355670104, 0.5154362113402062, 0.21469265463917492, 1.5819458762886602, 1.0100115979381452, 1.049125644329898, 1.0143576030927839, 1.116054123711341, 1.070855670103093, 0.8916164192949895, 5.795819573283853, 0.9961076066790339, 1.1250009276437838, 1.1174925788497205, 6.285113636363628, 0.9998617810760659, 1.3089554730983284, 6.0836396103896035, 1.3815361781076052, 1.6718589981447098, 1.6230547309832999, 1.1149897959183652, 1.2651567717996268, 1.3145867346938762, 1.4322175324675306, 1.4409772727272707, 1.6386971243042652, 1.4466085343228186, 1.0048673469387752, 0.30659090909090936, 0.18145176252319073, 0.1345245825602975, 0.3266131725417431, 1.0173812615955466, 0.12451345083488015, 0.8165329313543598, 1.1181182745825589, 1.5198149350649328, 0.33850139146567604, 0.688891001855286, 0.005631261595546683, 1.4728877551020383, 0.20272541743970351, 0.06882653061224558, 4.509389146567713, 0.3328701298701293, 1.021135435992578, 0.16330658627087155, 1.3233464749536166, 0.880353896103895, 1.2745422077922057, 1.298944341372911, 1.0292694805194795, 0.17832328385899707, 5.547418367346931, 6.066120129870123, 0.8834823747680877, 1.130006493506492, 1.4772676252319092, 0.3140992578849716, 1.4697592764378469, 1.3064526901669744, 0.4874169758812605, 0.7020306122448979, 0.7370695732838582, 0.3604007421150273, 0.18520593692022286, 0.3460097402597393, 0.13327319109461944, 0.18207745825603028, 0.6682430426716138, 0.7064104823747677, 0.18645732838589887, 1.1531572356215203, 0.8209128014842284, 0.36165213358070436, 4.373613172541738, 0.38918274582560236, 0.28719434137291316, 0.2465241187384041, 4.943621985157694, 5.537407235621514, 0.7846224489795911, 1.0092472170686448, 0.2646692949907233, 0.20585389610389615, 0.7045333951762521, 0.41859044526901595, 0.04567578849721615, 0.17832328385899707, 0.6801312615955467, 0.20272541743970351, 4.841007884972165, 0.41421057513914633, 0.808398886827457, 0.15266975881261563, 0.45488079777365437, 0.19521706864564023, 3.5996275510204048, 0.6832597402597403, 0.07445779220779226, 0.202099721706865, 0.9529346011131709, 0.8997504638218913, 0.2252504638218913, 0.6970250463821878, 0.6457179962894238, 0.9397949907235619, 1.3439944341372896, 0.6776284786641925, 0.3604007421150273, 0.935415120593691, 0.21523933209647395, 0.12201066790352501, 0.7001535250463814, 0.6450923005565854, 0.7001535250463814, 0.11950788497216991, 0.6682430426716138, 0.5862769016697582, 1.010498608534322, 1.4609995361781065, 1.0148784786641925, 0.8797282003710566, 0.019396567717996215, 0.4467467532467525, 0.4661433209647487, 0.7921307977736533, 3.6033817254174356, 0.6500978664192946, 0.444869666048237, 0.2102337662337668, 0.012513914656772492, 0.6594833024118724, 1.0004874768089045, 0.8941192022263447, 0.7026563079777366, 0.27968599257884885, 0.5762657699443409, 0.6701201298701293, 0.8765997217068638, 0.11700510204081686, 0.19459137291280068, 0.31159647495361753, 0.38417717996289424, 0.6832597402597403, 1.0180069573283852, 1.0079958256029677, 0.367283395176251, 0.6920194805194797, 0.45800927643784695, 0.3904341372912794, 0.6989021335807043, 0.21649072356215202, 0.19771985157699432, 0.673248608534323, 0.0075083487940622445, 0.006256957328386246, 0.004379870129869643, 0.17957467532467514, 0.07007792207792157, 1.4666307977736532, 5.10067161410018, 0.19771985157699432, 0.3359986085343219, 0.3460097402597393, 1.0242639146567716, 0.7001535250463814, 1.0017388682745816, 0.40920500927643816, 5.248335807050087, 0.6657402597402597, 1.4741391465677165, 1.023638218923933, 1.4121952690166968, 0.9885992578849715, 0.9942305194805183, 1.0036159554730972, 0.2077309833024117, 0.8678399814471236, 0.6745, 4.582595547309828, 0.6738743042671614, 0.17769758812615957, 1.0186326530612237, 0.009385435992578848, 1.016755565862708, 0.005631261595547726, 1.0217611317254163, 0.7045333951762521, 0.1708149350649348, 0.17206632653061185, 0.9954819109461963, 0.6863882189239329, 1.0267666975881256, 0.45362940630797727, 0.17832328385899707, 0.33412152133580636, 0.19897124304267136, 0.1595524118738404, 0.4924225417439697, 0.6407124304267157, 0.6926451762523193, 1.0054930426716138, 0.16268089053803303, 0.3422555658627081, 0.6970250463821878, 0.6238186456400735, 0.009385435992578848, 0.7696057513914645, 0.6469693877551009, 0.4248474025974022, 0.0037541743970311223, 0.755840445269016, 0.7389466604823739, 0.5099420222634503, 0.5018079777365486, 5.251464285714279, 0.8152815398886816, 0.42609879406307927, 1.1537829313543586, 0.4930482374768082, 0.6932708719851577, 0.0025027829313540814, 0.6713715213358064, 1.0023645640074201, 1.4522397959183664, 1.4766419294990707, 0.23338450834879312, 0.5524893320964739, 1.3327319109461953, 1.0079958256029677, 1.4434800556586258, 0.6763770871985155, 1.0280180890538027, 0.699527829313543, 0.4129591836734693, 0.42672448979591776, 0.9028789424860849, 0.29157421150278284, 0.2014740259740265, 0.034413265306121744, 1.4785190166975872, 0.6500978664192946, 0.013139610389611011, 0.2083566790352502, 4.319177643784783, 0.6707458256029678, 0.17144063079777333, 0.42672448979591776, 0.4311043599257885, 0.15579823747680824, 0.16268089053803303, 0.6820083487940622, 0.5374726345083474, 0.5975394248608527, 0.37604313543599244, 0.7057847866419291, 1.0286437847866412, 0.1970941558441558, 0.5030593692022256, 1.021135435992578, 1.0161298701298698, 4.921722634508342, 1.0036159554730972, 0.6845111317254173, 0.36102643784786587, 0.3510153061224485, 0.6989021335807043, 0.6450923005565854, 0.005631261595547726, 0.47803153988868163, 1.0267666975881256, 1.0223868274582548, 0.44799814471243066, 0.20710528756957317, 1.0161298701298698, 0.6970250463821888, 0.16768645640074117, 4.9248511131725365, 1.023638218923933, 0.33850139146567604, 1.0230125231910934, 0.22337337662337575, 0.5750143784786638, 0.6857625231910944, 0.7433265306122435, 0.6551034322820027, 0.43298144712430403, 0.10073701298701221, 0.04192161410018503, 0.6920194805194797, 0.15892671614100085, 6.0673715213358, 0.7646001855287553, 0.7502091836734683, 0.9698283858998128, 0.917269944341372, 1.013001391465676, 0.7508348794063068, 0.16455797773654962, 0.6256957328385891, 0.7020306122448979, 0.6488464749536176, 0.699527829313543, 0.4154619666048234, 0.3316187384044523, 0.8966219851576976, 1.4778933209647487, 0.6882653061224474, 0.21148515769944282, 0.4849141929499064, 0.18270315398886774, 0.4417411873840433, 0.3553951762523181, 1.3521284786641914, 1.3008214285714266, 0.7114160482374758, 0.6563548237476798, 0.23713868274582528, 0.7739856215213341, 0.2246247680890528, 0.18770871985157697, 0.6200644712430414, 0.20460250463821805, 0.6882653061224485, 0.677002782931353, 1.4234577922077911, 1.0217611317254163, 0.6963993506493502, 0.444869666048237, 0.5700088126159546, 0.38667996289424833, 0.33224443413729077, 0.9998617810760659, 0.04254730983302356, 0.25465816326530594, 0.5506122448979583, 0.4974281076066778, 0.7789911873840433, 1.0399063079777353, 0.5631261595547309, 0.18583163265306138, 1.900237940630795, 0.23651298701298676, 0.18332884972170627, 0.4135848794063068, 0.35789795918367223, 0.997358998144712, 0.9316609461966601, 1.0017388682745816, 1.4778933209647487, 1.46850788497217, 0.43485853432281957, 1.4591224489795909, 0.6788798701298696, 1.015504174397031, 0.3034624304267157, 0.2158650278293135, 1.4478599257884956, 0.056312615955473086, 0.0, 0.03316187384044471, 0.1883344155844155, 0.25903803339517556, 0.19897124304267136, 0.9760853432282001, 1.444731447124303, 0.6932708719851577, 0.43485853432281957, 0.21523933209647497, 0.4373613172541747, 1.0123756957328374, 1.354005565862707, 1.461625231910945, 0.8847337662337657, 1.0621761363636344, 0.4933693181818174, 0.30296022727272603, 0.6418238636363625, 0.13030113636363538, 0.2408352272727262, 1.365539772727271, 4.76547159090909, 0.9637443181818165, 5.258437499999999, 0.259392045454545, 5.944232954545454, 0.00685795454545513, 0.028642045454544976, 0.6531193181818171, 0.3118352272727264, 0.13594886363636338, 0.348948863636364, 0.25616477272727395, 0.2610056818181825, 0.6466647727272711, 0.37153977272727334, 0.230346590909091, 0.029448863636363065, 0.24406250000000124, 0.23276704545454657, 0.45625568181818243, 0.8862897727272715, 0.23518750000000085, 0.403812500000001, 0.27552840909090953, 0.7886647727272729, 1.058142045454544, 0.07140340909090927, 0.0028238636363633243, 0.7136306818181821, 1.6697102272727256, 0.2844034090909099, 0.2424488636363637, 0.6958806818181827, 0.5756647727272736, 1.0444261363636351, 0.2803693181818194, 6.660687499999997, 0.6030965909090901, 0.11577840909090838, 0.30376704545454414, 0.268267045454544, 0.07382386363636487, 0.0028238636363646674, 0.028642045454544976, 0.5062784090909096, 0.6813579545454544, 0.6845852272727282, 1.0888011363636354, 0.22469886363636432, 0.2593920454545463, 0.4998238636363648, 0.6821647727272725, 0.4796534090909098, 0.30376704545454414, 0.6813579545454544, 6.700221590909089, 0.7087897727272737, 0.6837784090909101, 0.6861988636363643, 0.49901704545454534, 0.12949431818181728, 0.28117613636363753, 0.6458579545454556, 7.362619318181816, 0.26988068181818153, 7.64500568181818, 0.2860170454545447, 7.22788068181818, 3.5479829545454535, 1.0710511363636348, 0.006051136363635695, 1.6745511363636354, 0.623267045454545, 1.6374374999999988, 0.5401647727272735, 7.062482954545453, 7.728107954545451, 0.9056534090909097, 0.8612784090909092, 5.744948863636362, 1.0541079545454535, 0.8564375000000007, 0.8846761363636366, 0.7015284090909094, 1.1525397727272728, 1.075085227272728, 0.4199488636363642, 1.5995170454545447, 0.9968238636363622, 1.3953920454545443, 0.631335227272726, 0.25697159090909205, 0.3174829545454557, 0.3255511363636353, 0.3158693181818168, 6.187085227272726, 0.47803977272727366, 1.124301136363637, 1.0670170454545442, 1.3098693181818184, 0.26423295454545487, 7.056835227272726, 0.9193693181818187, 1.1468920454545461, 1.6285624999999988, 1.4187897727272731, 0.031062499999999254, 0.9823011363636351, 5.726392045454544, 0.6079374999999987, 0.28440340909090855, 1.0541079545454535, 0.2876306818181809, 1.0516874999999992, 0.43043750000000075, 0.29408522727272834, 0.3360397727272718, 0.6684488636363622, 0.26423295454545487, 1.5414261363636352, 1.6438920454545438, 1.5462670454545437, 1.6414715909090893, 0.2690738636363621, 0.502244318181819, 0.49901704545454534, 0.9113011363636351, 0.01734659090909168, 6.826892045454542, 0.020573863636362703, 0.02299431818181698, 0.2835965909090905, 0.42156250000000045, 0.3513693181818183, 0.2674602272727272, 0.39332386363636446, 0.3126420454545458, 1.4470284090909076, 1.6382443181818171, 1.0573352272727259, 1.0710511363636348, 0.6055170454545443, 0.07543750000000107, 0.9887556818181801, 0.9540624999999993, 1.5398124999999991, 0.20936931818181787, 1.4784943181818173, 1.6487329545454537, 1.0565284090909077, 0.28440340909090855, 0.30296022727272603, 1.660028409090907, 0.8951647727272718, 0.014926136363636058, 0.6845852272727282, 5.8022329545454525, 0.49498295454545493, 0.28278977272727235, 0.24971022727272787, 0.4772329545454555, 0.30376704545454414, 0.9685852272727263, 1.0452329545454533, 0.6837784090909101, 0.7362215909090915, 1.0452329545454533, 0.561948863636362, 1.6438920454545438, 0.025414772727272605, 0.7733352272727277, 0.19081249999999905, 0.268267045454544, 0.07221022727272736, 0.014119318181817964, 0.25132386363636405, 0.04316477272727199, 0.2601988636363644, 0.3118352272727264, 0.6353693181818177, 0.25535795454545585, 0.7289602272727272, 0.6684488636363622, 1.386517045454544, 0.960517045454544, 1.0387784090909085, 0.1827443181818168, 0.26423295454545354, 0.21743750000000014, 0.6047102272727263, 0.27794886363636245, 1.5640170454545446, 1.6438920454545438, 0.6474715909090891, 1.0597556818181801, 0.6482784090909086, 0.28278977272727235, 0.12303977272727255, 1.0444261363636351, 1.6487329545454537, 0.24406249999999854, 0.020573863636362703, 0.2674602272727272, 0.0036306818181827604, 0.018153409090909768, 1.6116193181818173, 0.012505681818180436, 1.646312499999998, 0.058494318181817086, 1.646312499999998, 1.58338068181818, 0.3005397727272718, 1.077505681818181, 0.014926136363636058, 0.26503977272727297, 6.5533806818181795, 0.25777840909091015, 6.401698863636363, 1.5736988636363616, 0.26503977272727164, 0.32797159090908956, 0.014926136363636058, 1.666482954545453, 0.7628465909090912, 0.6724829545454555, 0.7999602272727275, 0.7136306818181821, 0.691846590909091, 0.7047556818181817, 0.6926534090909091, 0.7152443181818184, 0.682971590909092, 0.29811931818181747, 0.8120625000000002, 0.7079829545454555, 1.6422784090909075, 1.646312499999998, 0.6676420454545456, 0.697494318181819, 0.8830625000000004, 1.0823465909090908, 1.070244318181818, 1.090414772727273, 1.6559943181818164, 0.46271022727272854, 0.6539261363636366, 1.1614147727272732, 1.0807329545454547, 0.8548238636363644, 0.9548693181818187, 1.403460227272728, 1.0565284090909077, 0.2811761363636348, 0.6119715909090905, 1.2622670454545455, 0.9653579545454554, 0.8951647727272731, 1.0637897727272734, 0.43285795454545367, 0.6765170454545446, 0.501437500000001, 0.5006306818181829, 0.7862443181818185, 0.7095965909090918, 0.5151534090909099, 0.6506988636363629, 0.7031420454545456, 0.020573863636362703, 0.481267045454546, 1.1388238636363641, 0.06898295454545364, 0.29166477272727137, 0.594221590909091, 1.5438465909090897, 0.5611420454545439, 0.6377897727272721, 0.5764715909090916, 2.1061988636363633, 0.8903238636363646, 1.0121534090909075, 0.6426306818181806, 0.6498920454545448, 1.0411988636363627, 0.2723011363636372, 0.40139204545454543, 1.0944488636363636, 0.9403465909090918, 0.9911761363636356, 0.29569886363636316, 0.11255113636363735, 1.5720852272727255, 1.0476534090909073, 0.2521306818181808, 0.6402102272727264, 1.539005681818181, 1.0533011363636355, 0.5482329545454531, 0.5393579545454554, 0.19000568181818098, 0.994403409090908, 0.6256874999999993, 1.5640170454545446, 1.5478806818181798, 0.5708238636363637, 0.16580113636363686, 0.4223693181818185, 0.2472897727272736, 0.24406250000000124, 0.0068579545454537875, 1.1525397727272728, 7.056835227272726, 1.0766988636363641, 1.1388238636363641, 1.216278409090909, 1.0839602272727271, 1.467198863636364, 1.3929715909090914, 0.9403465909090918, 1.4494488636363634, 1.332460227272728, 1.2961534090909095, 1.6309829545454528, 1.5462670454545437, 1.660028409090907, 1.0250624999999982, 0.025414772727273948, 1.0307102272727262, 1.4260511363636346, 0.27633522727272625, 0.31858302583025827, 0.004977859778597242, 0.4430295202952026, 0.09557490774907863, 0.30763173431734436, 0.08362804428044195, 0.02090701107011173, 7.170109225092254, 0.6520996309963099, 0.28373800738007426, 1.6974501845018468, 0.9457933579335803, 0.797453136531366, 0.6710154981549811, 0.9069660516605185, 0.05575202952029408, 1.3201284132841327, 1.21360221402214, 1.4674730627306276, 1.3649291512915127, 0.033849446494466216, 1.8039763837638374, 1.684507749077492, 6.8216590405904105, 0.0, 0.20210110701106956, 0.02090701107011007, 0.9995542435424355, 0.6839579335793355, 0.85619188191882, 0.7765461254612541, 0.6540907749077488, 0.9647092250922514, 1.7044191881918844, 0.9746649446494476, 0.9806383763837643, 0.9418110701107025, 5.893785977859783, 0.9149306273062741, 0.023893726937268416, 0.26183542435424473, 0.013938007380073933, 1.693467896678969, 0.7626081180811803, 0.659068634686346, 0.301658302583026, 1.684507749077492, 0.03882730627306345, 0.4410383763837637, 0.7775416974169754, 0.8014354243542438, 0.6789800738007383, 1.314154981549816, 1.2145977859778596, 1.4774287822878238, 0.6072988929889298, 1.6645963099631014, 0.0398228782287829, 0.3494457564575645, 1.2116110701107012, 0.9149306273062724, 1.3091771217712187, 1.2006597785977855, 0.6232280442804425, 0.018915867158672835, 0.3026538745387454, 0.44701180811808205, 0.6710154981549811, 1.113049446494466, 0.9567446494464942, 1.6835121771217727, 0.022898154981550626, 1.6984457564575661, 1.6665874538745407, 0.9756605166051671, 1.693467896678969, 0.6978959409594112, 0.9915896678966799, 0.9746649446494476, 0.9786472324723254, 0.24491070110701244, 1.6755476014760171, 0.8263247232472333, 0.9577402214022153, 0.46194538745387537, 0.2538708487084875, 0.01991143911439228, 0.00995571955719614, 0.8153734317343176, 0.7058605166051668, 0.7645992619926191, 0.03185830258302566, 0.7745549815498153, 0.6700199261992617, 0.8193557195571955, 0.6341793357933582, 1.6815210332103339, 0.0388273062730618, 1.7024280442804438, 0.9557490774907765, 0.659068634686346, 1.4863889298893003, 0.9786472324723254, 1.603866420664207, 1.5023180811808114, 0.9816339483394854, 0.3544236162361617, 0.8711254612546134, 0.9816339483394854, 0.46294095940959484, 0.01592915129151283, 0.7695771217712182, 0.6630509225092255, 0.18617195571955672, 0.03285387453874511, 0.9398199261992637, 0.5256619926199267, 0.07267675276752636, 0.027876014760147866, 0.9597313653136543, 0.01692472324723228, 0.046791881918819035, 0.6471217712177127, 0.3275431734317333, 0.6013254612546131, 0.10353948339483424, 0.0, 0.6321881918819193, 0.7626081180811803, 0.6431394833948333, 0.46493210332103374, 0.2478974169741708, 0.956744649446496, 0.8910369003690057, 0.10752177121771202, 0.0009955719557194482, 0.6431394833948333, 0.0, 7.590240590405908, 0.9676959409594116, 0.017920295202953386, 0.6282059040590399, 0.9756605166051671, 0.6321881918819193, 0.6730066420664199, 0.008960147601475035, 0.7655948339483402, 0.9348420664206647, 0.04579630996309959, 0.9836250922509243, 7.940681918819193, 0.6311926199261998, 0.4509940959409598, 0.9836250922509243, 0.9487800738007387, 0.6879402214022133, 0.6202413284132843, 0.4480073800738014, 7.374201476014764, 0.9507712177121792, 0.004977859778597242, 1.6297512915129175, 1.6805254612546145, 0.04977859778597905, 0.035840590405905114, 0.00995571955719614, 7.197985239852402, 1.5033136531365328, 0.9846206642066437, 0.02090701107011173, 0.46891439114391154, 0.01991143911439228, 0.9388243542435442, 0.9607269372693736, 0.472896678966791, 0.022898154981548968, 8.03625682656827, 0.9796428044280449, 0.16526494464944666, 0.8004398523985243, 0.6879402214022133, 0.7805284132841336, 1.679529889298895, 0.9607269372693736, 0.9726738007380087, 1.0682487084870858, 0.9557490774907749, 0.002986715867158345, 0.029867158671586767, 0.46891439114391154, 0.02688044280442676, 0.6461261992619932, 0.650108487084871, 1.5710125461254634, 0.6540907749077505, 1.3619424354243561, 1.7014324723247245, 0.9746649446494476, 0.9696870848708503, 0.4519896678966792, 0.5176974169741695, 0.6550863468634682, 0.6411483394833943, 0.32853874538745276, 0.6311926199261998, 1.6486671586715889, 0.7028738007380066, 0.9457933579335785, 1.0393771217712184, 0.9378287822878231, 0.44701180811808205, 0.6978959409594095, 0.6600642066420656, 1.2932479704797057, 1.1897084870848715, 0.7765461254612558, 0.4918125461254605, 0.4709055350553521, 0.9726738007380087, 0.6829623616236161, 0.46692324723247264, 0.32256531365313607, 0.5157062730627306, 0.426104797047972, 0.7108383763837657, 0.8691343173431745, 0.02090701107011173, 0.795461992619927, 0.904974907749078, 0.0786501845018447, 0.02389372693727007, 1.005527675276754, 0.29170258302582985, 0.5943564575645752, 0.7297542435424351, 0.310618450184501, 0.8611697416974189, 0.1174774907749065, 0.8303070110701127, 0.659068634686346, 0.963713653136532, 0.28075129151291595, 0.773559409594096, 0.6759933579335801, 0.10353948339483424, 0.47090553505535043, 0.34645904059040616, 1.3410354243542444, 1.2175845018450195, 0.4360605166051664, 0.0896014760147603, 0.42710036900369136, 0.9438022140221398, 1.5829594095940984, 0.4390472324723264, 0.030862730627306212, 0.027876014760147866, 0.3046450184501843, 0.8661476014760146, 0.6779845018450189, 0.4509940959409598, 0.8303070110701127, 0.9487800738007387, 0.42013136531365364, 0.3434723247232461, 0.2996671586715871, 0.3066361623616232, 0.638161623616236, 1.3898184501845041, 0.4549763837638393, 0.8950191881918818, 0.10851734317343147, 0.006969003690036138, 0.36637047970479675, 1.565039114391145, 0.48086125461254653, 0.00995571955719614, 0.3136051660516594, 1.3022081180811809, 1.097120295202953, 0.9328509225092259, 0.07367232472324746, 0.9218996309963119, 0.030862730627306212, 0.8332937269372711, 0.8571874538745394, 0.7715682656826587, 0.8372760147601489, 0.9497756457564581, 0.034845018450185665, 0.4549763837638393, 0.46194538745387376, 0.34845018450184506, 0.02389372693727007, 0.942806642066422, 0.0019911439114388965, 7.569333579335799, 0.4440250922509237, 0.43008708487084973, 1.6924723247232494, 0.010951291512915589, 0.46493210332103374, 0.05575202952029573, 1.5809682656826578, 4.937091717791411, 0.7204322085889562, 0.7047076687116559, 0.7502260736196318, 1.359345092024539, 1.3610003067484662, 0.7568469325153365, 1.239342024539877, 1.3518966257668708, 0.7626401840490796, 0.245385582822085, 0.304973312883435, 0.24869601226993876, 0.32069785276073526, 0.7560193251533736, 1.1756162576687115, 0.7626401840490796, 0.7378119631901839, 0.13614141104294494, 0.10386472392637994, 0.11131319018404921, 0.045932208588957496, 1.3444481595092017, 0.7353291411042946, 1.3725868098159497, 1.2683082822085883, 1.3576898773006125, 0.32731871165644144, 0.4224935582822088, 0.016965950920246282, 0.34718128834355855, 0.021931595092024875, 0.7436052147239256, 0.34718128834355855, 0.06413957055214706, 6.886934662576686, 0.34635368098159547, 0.3761475460122698, 0.8983677914110431, 0.6128432515337422, 0.5813941717791417, 0.5598763803680984, 1.194651226993864, 0.4142174846625764, 1.093683128834355, 0.6591892638036814, 0.597946319018405, 6.316713190184048, 0.01282791411042941, 0.6062223926380375, 0.6128432515337422, 0.7593297546012259, 0.005379447852760142, 0.6848450920245401, 0.5904978527607357, 0.045932208588957496, 0.1750389570552147, 0.7361567484662578, 5.785389263803681, 0.0004138036809815494, 1.3461033742331276, 1.3758972392638034, 0.35131932515337405, 1.3444481595092017, 0.019448773006135577, 0.5913254601226988, 0.6831898773006139, 0.6219469325153377, 0.3173874233128843, 0.6575340490797551, 0.6004291411042944, 1.1060972392638042, 0.41173466257668717, 1.2037549079754595, 0.13696901840490802, 0.7336739263803671, 0.6773966257668708, 0.022759202453987975, 0.3289739263803676, 0.6633273006134968, 1.3750696319018403, 0.036000920245398936, 0.5962911042944775, 1.1681677914110422, 1.3419653374233123, 0.33725, 1.2095481595092012, 1.3510690184049077, 0.34304325153374166, 1.321275153374232, 0.7692610429447845, 0.3463536809815941, 0.3331119631901831, 0.35794018404907885, 0.040138957055214426, 0.3430432515337431, 0.32649110429447836, 0.06331196319018395, 6.339886196319017, 0.7601573619631904, 0.6509131901840489, 0.3902168711656438, 6.641135276073618, 0.037656134969325135, 0.323180674846626, 0.7551917177914105, 0.3289739263803676, 1.173133435582822, 0.7311911042944778, 0.0442769938650313, 4.9379193251533735, 0.7593297546012259, 5.469243251533741, 0.7527088957055211, 6.3200236196319, 0.039311349693251334, 1.2492733128834355, 1.2741015337423311, 4.963575153374233, 1.3543794478527602, 1.3552070552147233, 0.7138113496932513, 1.3427929447852753, 0.7618125766871167, 1.3576898773006125, 0.4092518404907979, 0.3397328220858893, 6.917556134969324, 0.2867659509202455, 0.29255920245398853, 1.1135457055214721, 0.8470561349693254, 0.7940892638036816, 1.038233435582822, 0.32649110429447836, 0.02689723926380347, 0.6898107361963187, 0.7146389570552144, 1.1847199386503056, 0.2784898773006131, 0.7808475460122692, 1.1789266871165638, 2.176193558282208, 0.5772561349693248, 0.323180674846626, 0.20566042944785348, 0.6964315950920235, 0.7585021472392628, 0.03186288343558344, 0.6575340490797537, 0.6211193251533746, 0.6211193251533746, 0.22800582822085855, 0.2983524539877302, 0.7253978527607361, 0.10634754601226923, 0.7270530674846623, 0.7609849693251535, 0.16096963190184066, 0.06993282208589012, 0.026069631901840373, 6.819070858895704, 6.675894785276071, 0.036828527607362035, 0.5756009202453987, 0.30993895705521496, 0.8925745398773013, 0.5962911042944775, 0.0062070552147246195, 0.34469846625766787, 0.8263659509202452, 0.05255306748466229, 0.26359294478527595, 0.32235306748466286, 0.31904263803681043, 0.32649110429447836, 0.5673248466257677, 0.5863598159509203, 1.2674806748466252, 1.2012720858895702, 1.0953383435582826, 0.3380776073619631, 0.8098138036809819, 0.6716033742331291, 1.0523027607361959, 0.9107819018404909, 0.852021779141104, 0.8611254601226995, 0.8454009202453993, 0.3124217791411043, 0.8329868098159514, 1.271618711656442, 0.3438708588957048, 0.027724846625766568, 0.5971187116564419, 0.6773966257668708, 0.5954634969325159, 0.4009757668711655, 1.3560346625766864, 1.3742420245398772, 0.32731871165644144, 1.0647168711656438, 0.6649825153374229, 0.5954634969325159, 1.0605788343558284, 0.6906383435582817, 0.6285677914110425, 1.367621165644171, 0.109657975460123, 0.19324631901840425, 0.5880150306748465, 0.7187769938650299, 0.7585021472392628, 0.7543641104294473, 0.41918312883435643, 0.6989144171779141, 0.4208383435582826, 2.330128527607361, 0.6194641104294484, 0.41173466257668717, 0.34552607361963233, 0.7502260736196318, 1.3361720858895705, 1.366793558282208, 0.8280211656441713, 0.6053947852760729, 1.1921684049079748, 1.3328616564417166, 0.7808475460122692, 0.8569874233128839, 0.3033180981595088, 0.5904978527607357, 0.5946358895705526, 1.2426524539877295, 0.6293953987730055, 0.6997420245398772, 0.8371248466257668, 0.0004138036809815494, 0.670775766871166, 0.597946319018405, 0.05586349693251606, 1.3361720858895705, 1.3510690184049077, 0.7411223926380364, 0.7278806748466253, 0.6293953987730055, 1.3510690184049077, 0.7510536809815949, 1.3303083927157546, 0.5612822644497212, 0.5452608867775122, 1.3623511480601727, 0.5206947743467943, 1.2170906571654776, 0.5879845605700701, 0.34873198733174854, 1.2192268408551052, 0.550601346001583, 0.44272406967537503, 1.2544738717339647, 2.935650435471099, 0.6082783056215344, 0.34445961995249325, 0.011214964370545075, 0.5249671417260479, 1.3313764845605685, 1.3570106888361035, 1.1156219319081544, 1.350602137767219, 0.5570098970704659, 0.4747668250197949, 0.5847802850356287, 0.6937256532066505, 0.44806452889944587, 0.6082783056215363, 0.4854477434679331, 8.61255859065716, 0.5762355502771164, 0.2077438638163105, 0.589052652414884, 0.5655546318289782, 0.4715625494853517, 1.2811761678543154, 1.1829117181314337, 1.057944972288203, 1.2950613618368951, 1.2032054631828981, 0.05714291369754453, 0.7834453681710217, 0.5303076009501188, 1.3516702296120329, 0.5730312747426749, 1.3431254948535223, 0.016555423594615936, 1.1604817893903399, 1.3687596991290574, 0.7813091844813942, 1.1412561361836895, 1.35594259699129, 2.817092240696753, 1.2170906571654794, 9.520436658749006, 0.32843824228028423, 1.2437929532858267, 9.321771575613614, 1.4403218527315902, 0.43738361045130597, 1.353806413301662, 0.2077438638163105, 1.192524544734758, 1.1626179730799675, 0.011214964370546854, 0.5698269992082335, 0.8186923990498813, 0.23871852731591475, 0.5580779889152797, 1.0429916864608078, 1.221363024544733, 0.39786421219318946, 0.001602137767220725, 0.5388523357086293, 1.1903883610451305, 0.49292438638163155, 1.1722307996832937, 1.3452616785431497, 0.015487331749802121, 0.5570098970704659, 0.4395197941409337, 8.6616908155186, 0.4608816310372135, 9.530049485352329, 0.5602141726049074, 0.5623503562945368, 0.005874505146475991, 1.1465965954077586, 1.3313764845605685, 0.5740993665874888, 1.3698277909738712, 1.1423242280285033, 1.1786393507521766, 0.001602137767220725, 0.5559418052256521, 0.4587454473475841, 0.5303076009501188, 0.0005340459224069084, 8.12337252573238, 1.3377850356294532, 0.045393903404592546, 7.38211678543151, 0.5612822644497212, 0.47263064133016724, 0.506809580364213, 0.4523368962787012, 0.5986654790182101, 0.12656888361045152, 0.02510015835312825, 0.5922569279493272, 0.5730312747426749, 0.5559418052256521, 0.0347129849564526, 0.3743661916072837, 1.353806413301662, 9.03552296120348, 0.5602141726049074, 6.425106492478222, 1.2491334125098974, 1.35594259699129, 6.828845209817892, 0.01975969912905739, 0.009078780680917442, 0.033644893111638784, 1.0194936658749, 0.011214964370545075, 1.2010692794932702, 0.858211797307996, 0.8048072050672997, 0.8058752969121137, 0.19385866983372907, 1.1498008709422, 1.7447280285035616, 0.5377842438638154, 0.3359148851939827, 0.8325775930324626, 1.1850479018210596, 0.5345799683293739, 1.3409893111638946, 0.5057414885193974, 0.012283056215358893, 0.009078780680917442, 0.21949287410926424, 0.04646199524940636, 1.8590138558986526, 1.760749406175771, 0.5271033254156755, 0.21842478226445045, 1.3121508313539179, 0.4363155186064922, 1.7821112430720507, 1.3794406175771972, 1.0611492478226443, 1.333512668250196, 0.9404548693586687, 1.220294932699919, 1.112417656373713, 0.6680914489311172, 0.5794398258115596, 0.5762355502771164, 1.1102814726840833, 7.600007521773549, 0.4715625494853517, 1.3057422802850351, 0.45981353919239787, 0.5687589073634197, 0.5730312747426749, 0.5751674584323025, 0.006942596991289809, 9.051544338875686, 1.3719639746634988, 0.23658234362628708, 0.798398653998417, 0.5698269992082353, 0.4833115597783055, 0.5794398258115596, 0.6809085510688829, 0.5740993665874905, 0.45660926365795823, 0.9660890736342039, 2.9185609659540765, 1.2320439429928747, 1.7554089469517018, 8.87530918448139, 8.98745882818685, 0.8411223277909732, 9.579181710213772, 0.539920427553443, 0.04646199524940636, 1.3666235154394297, 1.3004018210609642, 7.059553048297701, 0.9607486144101349, 0.20560768012668287, 1.1519370546318295, 0.8913226444972279, 0.4352474267616783, 1.5481991290577983, 1.2427248614410127, 1.926303642121932, 1.769294140934283, 2.019227632620743, 1.769294140934283, 0.012283056215358893, 0.05287054631828926, 0.6542062549485357, 1.8707628661916065, 1.4595475059382426, 0.8133519398258121, 0.7887858273950908, 0.42563460015835225, 1.3238998416468717, 0.002670229612034542, 0.4502007125890736, 0.5762355502771164, 0.003738321456848359, 1.3174912905779872, 0.5933250197941411, 4.052874505146474, 0.4448602533650045, 0.4267026920031678, 1.5877185273159147, 0.5740993665874888, 0.5762355502771181, 0.08811757719715056, 1.0002680126682497, 0.868892715756136, 0.030440617577197338, 8.552745447347581, 1.2010692794932702, 1.2245673000791761, 1.1081452889944559, 1.0878515439429914, 1.338853127474267, 0.5698269992082335, 1.2032054631828961, 1.338853127474267, 1.111349564528899, 0.0005340459224069084, 1.3431254948535223, 0.4277707838479817, 0.550601346001583, 0.4715625494853517, 1.3249679334916855, 0.5441927949326983, 1.2459291369754542, 0.5538056215360245, 0.4448602533650027, 0.5388523357086293, 0.5527375296912106, 0.10947941409342866, 1.1220304829770371, 6.806415281076798, 0.49612866191607125, 0.41388558986540025, 1.279039984164686, 1.1626179730799675, 0.4010684877276327, 1.1359156769596186, 0.647797703879651, 0.5612822644497212, 1.117758115597782, 0.5538056215360262, 0.45554117181314263, 0.5516694378463969, 1.3196274742676146, 0.5591460807600935, 0.5174904988123511, 1.2267034837688036, 1.3292403008709408, 1.3484659540775914, 1.1953245948522402, 0.5446153479504284, 0.4931758817921839, 0.1511034318398478, 0.044366539561486486, 1.530967111534794, 0.6037707340324111, 1.3213512869399415, 1.5926944709246889, 0.6436363203050515, 0.7053636796949484, 0.5176096282173502, 0.6423503336510956, 0.7207955195424205, 0.6937897998093422, 1.601696377502383, 0.670642040038132, 1.5811205910390846, 0.6835019065776919, 0.678357959961868, 10.360551477597701, 0.691217826501428, 0.5291835081029542, 0.07008627264060874, 0.6745, 0.07780219256434692, 0.5214675881792181, 1.5618307912297404, 1.447377979027643, 0.007072926596760174, 1.605554337464251, 1.611984270734031, 0.5356134413727364, 1.0397202097235443, 0.41858865586272703, 0.043080552907530476, 1.4718117254528094, 0.012216873212584196, 1.610698284080075, 0.7760929456625352, 0.5716210676835067, 0.47002812202097155, 0.6513522402287897, 0.0032149666348900144, 0.7156515729265964, 1.4332321258341247, 0.5278975214489982, 2.2382597712106747, 0.03665061963775045, 0.02636272640610026, 0.36457721639656837, 0.5381854146806484, 0.6449223069590075, 1.5669747378455665, 0.05979837940896069, 0.08037416587225893, 0.025076739752146398, 0.02636272640610026, 0.007072926596760174, 0.5883388941849369, 1.0127144899904659, 0.6294904671115354, 0.682215919923736, 0.6642121067683499, 0.6719280266920881, 0.016074833174452213, 1.4113703527168704, 1.6132702573879871, 1.4795276453765474, 0.043080552907530476, 8.942108198284071, 2.3694304099142016, 2.191964251668252, 1.9617726406101033, 1.8421758817921794, 0.6745, 0.0032149666348900144, 1.4589518589132493, 0.6487802669208778, 1.0088565300285979, 0.417302669208771, 0.021218779790276237, 1.3766487130600562, 0.0263627264061024, 1.599124404194471, 0.5780510009532867, 1.035862249761676, 0.007072926596760174, 11.133429456625345, 0.5870529075309809, 0.6204885605338413, 0.6590681601525258, 0.6474942802669196, 1.5798346043851288, 1.5618307912297424, 0.7233674928503324, 0.6076286939942791, 0.6513522402287897, 1.5875505243088648, 0.6397783603431836, 1.4692397521448972, 1.5914084842707328, 0.6282044804575795, 0.6899318398474742, 3.1757440419447054, 0.007072926596758031, 0.010930886558626049, 0.6719280266920881, 0.5394714013346044, 8.233529551954234, 0.5921968541468049, 0.5510452812202106, 0.5291835081029542, 1.601696377502383, 1.606840324118207, 0.6114866539561492, 8.193663965681596, 0.6642121067683499, 1.5734046711153467, 0.6474942802669196, 1.1683188751191598, 1.0551520495710185, 1.5798346043851288, 1.437090085795995, 1.3882225929456626, 0.5806229742612009, 0.17553717826501405, 0.04693851286939849, 0.677071973307912, 0.3234256434699697, 0.11766777883698738, 0.6796439466158241, 0.4031568160152528, 0.677071973307912, 0.00835891325071618, 0.7182235462345085, 0.01993279313632023, 0.14338751191610963, 0.03536463298379444, 1.5952664442326008, 1.2750557673975211, 0.4044428026692088, 0.5703350810295507, 0.02893469971401441, 0.6642121067683499, 0.4070147759771208, 0.032792659675882435, 0.08809008579599496, 1.3895085795996185, 1.3380691134413718, 0.6616401334604378, 0.6436363203050515, 0.35043136320305013, 0.5767650142993307, 0.01736081982840822, 0.5754790276453746, 0.02379075309818825, 0.14724547187797765, 0.00450095328884602, 1.609412297426119, 0.6359204003813155, 1.122023355576737, 1.433232125834127, 0.5947688274547169, 1.5901224976167767, 1.4653817921830292, 0.9921387035271676, 0.44688036224976124, 1.5849785510009526, 0.013502859866540203, 0.517609628217348, 1.2133284080076243, 1.4653817921830314, 1.1567449952335558, 0.4597402287893234, 0.5729070543374648, 1.5836925643469968, 1.440948045757863, 0.6654980934223058, 0.5639051477597706, 1.611984270734031, 1.4358040991420389, 1.4872435653002836, 1.521965204957102, 0.6667840800762639, 0.6384923736892275, 0.027648713060058405, 0.52018160152526, 1.4653817921830292, 0.5664771210676826, 0.6719280266920881, 2.3205629170638673, 2.1520986653956116, 0.9779928503336494, 2.164958531935173, 2.1791043851286918, 0.5111796949475701, 0.014788846520496208, 0.6423503336510956, 0.6294904671115354, 0.0032149666348900144, 1.1451711153479496, 0.02379075309818825, 9.874448522402279, 1.02814632983794, 0.68092993326978, 1.3457850333651078, 0.6745, 0.7040776930409903, 0.2719861773117252, 0.9741348903717816, 1.4178002859866528, 1.3946525262154403, 2.252405624404193, 1.4563798856053372, 0.9882807435652996, 2.0942292659675843, 2.1173770257387967, 2.140524785510007, 1.3303531935176358, 2.811809818875115, 2.699928979980932, 1.8267440419447076, 0.5459013346043844, 2.4851692087702553, 2.2652654909437526, 0.6976477597712102, 0.5767650142993307, 1.4718117254528094, 1.5656887511916104, 1.3239232602478537, 1.1477430886558615, 1.5952664442326008, 0.5613331744518586, 1.5451129647283122, 0.25012440419447096, 0.5600471877979026, 1.461523832221161, 0.5819089609151569, 1.5785486177311705, 0.6320624404194454, 0.673214013346044, 1.4923875119161076, 1.3264952335557656, 0.2719861773117252, 0.5613331744518586, 0.6320624404194476, 0.20382888465204832, 0.06880028598665273, 1.5965524308865566, 0.17939513822688208, 0.05851239275500469, 0.6436363203050515, 1.4216582459485207, 0.255268350810295, 0.682215919923736, 0.5703350810295507, 1.1361692087702553, 1.4962454718779776, 0.7002197330791222, 0.009644899904670044, 1.599124404194471, 0.7375133460438507, 0.6179165872259293, 0.5677631077216386, 0.5806229742612009, 1.3020614871305993, 0.7786649189704472, 0.6037707340324111, 0.6140586272640591, 0.6590681601525258, 1.1696048617731158, 1.5682607244995226, 0.7452292659675867, 0.6050567206863671, 1.359930886558626, 1.597838417540513, 1.599124404194471, 0.5716210676835088, 1.4640958055290754, 5.617307599517488, 1.3546954161640525, 0.6745, 1.1683739445114592, 0.762372135102533, 1.3498136308805788, 1.1944101326899874, 0.6679909529553673, 0.7485404101326899, 0.27500723763570506, 0.3482340168878161, 1.3481863691194211, 0.7680675512665854, 0.26361640530759883, 0.0439360675512658, 0.021968033775633576, 1.3237774427020508, 1.3677135102533164, 0.7355223160434258, 0.34253860072376363, 1.357949939686368, 0.322197828709288, 0.1358763570566947, 0.022781664656212494, 0.6745, 0.586627864897467, 0.5980186972255733, 1.2953003618817844, 1.390495174909529, 0.08705850422195402, 0.7778311218335338, 0.0016272617611578417, 1.1879010856453545, 0.2815162846803378, 0.7355223160434258, 0.6688045838359462, 0.5931369119420984, 0.7656266586248486, 0.5931369119420984, 0.16435343787695966, 0.5394372738238842, 0.5581507840772008, 0.28965259348612843, 0.5565235223160429, 0.5345554885404107, 1.3522545235223156, 0.6745, 0.1619125452352229, 0.26280277442701994, 1.3652726176115797, 0.7485404101326899, 7.238060313630878, 0.8225808202653798, 6.648177925211095, 0.2815162846803378, 0.7070452352231609, 0.5402509047044631, 1.2977412545235212, 1.3685271411338955, 0.3482340168878161, 0.30592521109770815, 0.2945343787696019, 0.5492008443908326, 0.005695416164052447, 0.8095627261761158, 0.3360295536791309, 1.070738238841978, 1.3254047044632085, 1.0918926417370325, 1.203360072376357, 0.7583039806996384, 0.17818516284680402, 5.4529541616405295, 0.8730259348612783, 0.3205705669481301, 0.8787213510253309, 0.1684215922798556, 7.382072979493363, 5.88661942098914, 0.008136308805790565, 0.7908492159227979, 0.29372074788902297, 0.28721170084439024, 0.008949939686369486, 0.5768642943305187, 1.0463293124246076, 1.3823588661037383, 0.27826176115802215, 0.8128172496984315, 0.7542358262967424, 1.0748063932448724, 1.3522545235223156, 1.349, 0.7526085645355846, 5.419595295536788, 0.7664402895054275, 0.7631857659831118, 1.3498136308805788, 0.3205705669481301, 0.3726429433051865, 1.2529915560916765, 0.7810856453558495, 1.3530681544028946, 0.3344022919179731, 0.018713510253316534, 0.7639993968636907, 0.31812967430639333, 0.08380398069963833, 0.0024408926417367627, 0.16760796139927667, 0.6020868516284679, 0.3148751507840777, 4.969657418576597, 0.3238250904704458, 0.0, 6.377238841978285, 0.32138419782870903, 6.93294873341375, 0.1985259348612784, 0.06997225572979533, 0.6582273823884203, 0.5809324487334132, 0.5353691194209896, 0.3262659831121839, 0.2994161640530754, 0.440174306393245, 0.3506749095295542, 0.7216905910735828, 0.5313009650180937, 1.1049107358262966, 1.027615802171291, 1.084569963811821, 0.8852303980699636, 1.1350150784077193, 1.054465621230398, 0.7851537997587454, 0.5426917973461999, 1.0984016887816639, 1.0121568154402887, 0.7989855247285884, 1.0015796139927615, 0.3335886610373942, 0.46539686369119426, 1.115487937273824, 1.0194794933655003, 0.5410645355850421, 1.0748063932448724, 0.7566767189384791, 1.2595006031363079, 1.376663449939686, 0.34497949336550043, 1.3677135102533164, 0.5858142340168881, 0.7721357056694813, 0.6679909529553673, 1.258686972255729, 0.7566767189384791, 2.032449939686368, 6.171390229191795, 0.5711688781664648, 0.5898823884197827, 6.769408926417368, 1.0178522316043426, 0.28639806996381134, 0.7705084439083234, 1.0861972255729788, 0.7802720144752706, 0.6956544028950533, 0.7428449939686361, 5.627884800965017, 0.7257587454764775, 0.3246387213510247, 0.3620657418576591, 0.35555669481302776, 0.30104342581423327, 0.021968033775633576, 7.215278648974665, 0.28721170084439024, 0.5784915560916766, 1.0658564535585042, 0.5654734620024123, 1.2643823884197827, 0.6631091676718937, 0.7721357056694813, 0.2538528347406518, 0.011390832328106247, 0.022781664656212494, 0.30836610373944495, 0.307552472858866, 0.2912798552472862, 0.2831435464414957, 0.0008136308805789208, 0.7298268998793721, 0.5939505428226772, 0.5451326899879366, 1.3742225572979492, 1.3677135102533164, 0.6045277442702047, 0.5809324487334132, 0.15052171290711663, 0.29046622436670727, 0.7664402895054275, 0.27337997587454727, 0.614291314837153, 0.7192496984318447, 7.720543425814232, 0.7696948130277446, 0.7639993968636907, 1.37259529553679, 0.8876712907117004, 0.6313775633293117, 1.1122334137515069, 1.0194794933655003, 0.7680675512665868, 0.7794583835946916, 0.34497949336550043, 1.3872406513872135, 0.7802720144752706, 0.30267068757539245, 0.7314541616405312, 0.6305639324487329, 0.0016272617611578417, 0.7379632086851626, 1.300995778045838, 1.2538051869722555, 0.6053413751507836, 0.3579975874547645, 1.1040971049457176, 0.7786447527141127, 0.1407581423401696, 0.04637696019300391, 0.3042979493365503, 1.2489234016887807, 0.12936731001206334, 0.04393606755126715, 1.3823588661037383, 0.31324788902291845, 0.3547430639324488, 0.2652436670687567, 1.1903419782870928, 0.7859674306393243, 1.357136308805789, 0.6167322074788899, 0.7412177322074782, 6.933762364294329, 0.7810856453558495, 0.016272617611579776, 0.022781664656212494, 0.02847708082026494, 0.2766344993968643, 0.5711688781664648, 6.208817249698429, 0.5809324487334132, 0.007322677925211644, 0.5540826296743062, 0.5223510253317255, 0.104958383594693, 0.021154402895054655, 0.7648130277442697, 1.3734089264173703, 0.06915862484921641, 1.244041616405307, 1.3245910735826296, 1.4337278325123142, 0.647088054187191, 0.7475985221674865, 0.7210172413793093, 0.797438423645319, 0.8140517241379308, 0.8389716748768471, 1.244336206896551, 0.030734605911329413, 0.39290455665024565, 0.39207389162561523, 0.6321360837438416, 1.4021625615763544, 0.034887931034483045, 0.8447863300492603, 1.4337278325123142, 0.01329064039408858, 0.8231890394088658, 0.06229987684729066, 0.23923152709359582, 0.36549261083743806, 0.25833682266009894, 0.40121120689655154, 0.36632327586206853, 0.6321360837438416, 0.5565455665024622, 0.5349482758620692, 0.5274722906403938, 0.8439556650246297, 0.3114993842364533, 0.39456588669950654, 7.02742610837438, 0.0, 0.3837672413793107, 0.24255418719211766, 0.5457469211822664, 0.9710474137931024, 0.7525825123152706, 0.8281730295566497, 0.5166736453201966, 0.05233189655172388, 0.01993596059113218, 0.7633811576354678, 0.9959673645320187, 0.6163534482758617, 0.5532229064039405, 0.6504107142857142, 0.5349482758620692, 0.3821059113300498, 0.2766114532019702, 1.3955172413793093, 0.39290455665024565, 1.0615899014778325, 0.054823891625615226, 0.04734790640394118, 0.6745000000000001, 0.35718596059113356, 0.28242610837438475, 0.7525825123152706, 1.0441459359605905, 0.9693860837438415, 7.294069581280784, 0.9951366995073881, 0.7517518472906402, 0.24172352216748721, 0.23341687192118132, 0.2716274630541875, 1.3506613300492594, 0.8314956896551715, 0.8024224137931031, 0.27495012315270934, 0.5391016009852214, 0.3845979064039412, 0.06146921182266021, 1.2609495073891612, 5.823792487684725, 0.4111791871921183, 0.25667549261083805, 1.1803749999999993, 0.9652327586206892, 1.4137918719211806, 1.0375006157635467, 0.8090677339901468, 0.38293657635467887, 0.33974199507389136, 0.8281730295566497, 0.040702586206896194, 0.054823891625615226, 1.0599285714285716, 0.7833171182265999, 0.02907327586206851, 0.5258109605911329, 0.8771822660098519, 0.8098983990147786, 0.46101908866995084, 1.3473386699507377, 0.33558866995073905, 0.5449162561576346, 0.40619519704433427, 0.8173743842364526, 0.3497099753694581, 0.5249802955665024, 1.0657432266009847, 0.8447863300492603, 0.7924544334975363, 0.009137315270936332, 0.3854285714285716, 0.2575061576354685, 0.05150123152709342, 1.0109193349753696, 1.4320665024630534, 0.022427955665024913, 0.25667549261083805, 7.274133620689651, 1.4652931034482755, 1.4420344827586202, 0.6371200738916256, 0.39290455665024565, 0.01827463054187128, 0.3297740147783246, 1.1812056650246299, 0.23590886699507405, 0.010798645320197232, 1.4337278325123142, 0.3862592364532021, 0.29073275862068926, 7.4460812807881736, 0.45105110837438406, 1.2526428571428567, 0.8082370689655162, 0.6196761083743835, 0.5291336206896546, 0.6944359605911322, 0.8273423645320194, 0.42280849753694605, 1.4204371921182255, 0.6603786945812795, 0.05648522167487613, 0.2982087438423647, 0.37546059113300484, 0.5490695812807882, 0.39954987684729065, 0.4103485221674879, 1.1720683497536935, 0.8298343596059107, 0.39622721674876743, 1.3390320197044319, 1.4412038177339894, 0.38875123152709345, 0.05233189655172388, 1.3240800492610822, 0.006645320197043598, 0.5540535714285709, 0.7990997536945813, 0.04983990147783253, 1.4353891625615751, 0.054823891625615226, 5.368588054187188, 0.024089285714285813, 1.2800548029556644, 0.7260012315270935, 0.4120098522167488, 0.36466194581280764, 0.272458128078818, 1.2800548029556644, 0.40951785714285605, 0.14038238916256124, 0.03322660098522214, 0.36881527093595984, 0.2940554187192125, 0.2575061576354685, 0.8314956896551715, 0.7667038177339895, 0.5116896551724138, 0.7617198275862069, 0.48510837438423665, 1.2019722906403938, 1.4495104679802941, 0.3297740147783246, 0.2541834975369453, 0.2766114532019702, 0.39788854679802976, 0.24753817733990172, 1.4204371921182255, 0.8381410098522165, 0.8057450738916249, 0.09137315270935917, 0.819866379310344, 0.8406330049261079, 0.8190357142857135, 0.2707967980295571, 0.5291336206896546, 0.8024224137931031, 0.8306650246305411, 1.321588054187191, 0.15948768472906436, 1.3539839901477826, 5.9674975369458085, 0.26830480295566433, 0.753413177339901, 0.8298343596059107, 0.5249802955665024, 6.8546477832512265, 0.5457469211822664, 0.7525825123152706, 1.0358392857142857, 0.9652327586206892, 0.7309852216748761, 0.8256810344827585, 0.38293657635467887, 0.8464476600985211, 5.004756773399012, 0.27328879310344845, 0.4975683497536948, 0.06229987684729066, 0.00996798029556678, 0.8813355911330042, 0.7658731527093592, 5.7232820197044285, 0.39622721674876743, 0.38708990147783257, 0.5216576354679806, 0.2691354679802962, 0.5307949507389156, 1.1014618226600983, 1.0017820197044331, 1.0898325123152706, 1.0092580049261073, 0.5307949507389156, 1.082356527093595, 1.005104679802955, 1.0815258620689647, 0.9801847290640388, 1.1155831280788173, 0.9876607142857142, 0.8256810344827585, 0.8373103448275862, 0.8489396551724139, 6.940206280788174, 1.3747506157635467, 0.4344378078817737, 0.8514316502463052, 0.3787832512315266, 0.5341176108374388, 0.42530049261083736, 1.2858694581280776, 0.7517518472906402, 0.8946262315270928, 0.38958189655172387, 0.9635714285714283, 1.391363916256157, 0.33891133004926094, 0.24421551724137994, 0.8364796798029557, 0.7650424876847287, 0.2541834975369453, 0.7625504926108374, 1.334048029556649, 0.39290455665024565, 1.174560344827586, 0.12293842364532041, 0.07226785714285744, 0.11629310344827544, 0.19022229064039378, 0.33060467980295505, 0.33974199507389136, 1.3739199507389148, 0.8015917487684726, 0.26830480295566433, 1.068235221674876, 0.9893220443349751, 1.4711077586206884, 1.377242610837438, 1.4237598522167474, 0.29903940886699515, 0.38044458128078756, 0.8447863300492603, 0.8564156403940879, 0.21597290640394048, 0.9236995073891626, 2.0234999999999985, 0.8373103448275862, 1.4179451970443342, 0.39705788177339935, 0.8281730295566497, 0.3472179802955668, 0.27328879310344845, 0.8398023399014775, 1.0391619458128076, 0.2782727832512311, 0.8190357142857135, 0.387920566502463, 1.3257413793103434, 0.7176945812807876, 1.386379926108373, 0.7891317733990145, 0.36632327586206853, 0.8323263546798021, 0.3970578817733979, 1.4495104679802941, 1.4412038177339894, 1.3872105911330035, 1.36478263546798, 0.3926048445408524, 0.6930328994938527, 0.6871804049168468, 0.11070968908170567, 0.5759830079537224, 0.5945159074475775, 0.26482537960954305, 1.4128897324656537, 0.28140744757773123, 0.28335827910339983, 0.2579974692697045, 0.34871113521330516, 0.212152928416487, 0.21800542299349124, 0.5125809833694857, 0.6032946493130864, 0.16533297180043358, 0.5847617498192328, 0.08534887924801034, 0.691082067968184, 0.9924855386840203, 1.3650943600867678, 0.04243058568329578, 0.13411966738973238, 1.320225234996386, 1.3816764280549543, 0.18776753434562435, 0.7027870571221975, 0.974928054953001, 0.16435755603759927, 0.45112979031091927, 0.6793770788141708, 0.5984175704989164, 0.29896493130875046, 1.4089880694143164, 1.307544830079537, 0.23166124367317487, 0.4491789587852506, 0.5925650759219105, 1.3133973246565427, 0.09802928416485801, 1.20902783803326, 0.20532501807664522, 7.258556399132325, 0.5847617498192345, 3.4924761388286356, 0.9164031091829375, 0.05901265365148069, 0.873484815618223, 0.4501543745480849, 1.1261174981923372, 0.17021005061460515, 0.08632429501084464, 6.015876717281277, 0.21410375994215564, 1.6528420101229238, 0.8803127259580632, 0.5057530730296456, 0.2550712219812016, 0.4881955892986262, 0.5428188720173541, 0.3399323933477964, 0.4950234996384664, 0.4306460592913971, 1.0236988430947231, 0.9251818510484464, 0.7027870571221975, 8.272988792480122, 2.383428416485902, 1.290962762111352, 0.18776753434562435, 0.7057133044107003, 0.3399323933477964, 0.6686475054229933, 0.1828904555314528, 0.0824226319595074, 3.212531814895158, 3.129621475054233, 1.0080921908893725, 0.9105506146059301, 0.9856576283441801, 0.9076243673174271, 0.7105903832248736, 1.6479649313087505, 0.9007964569775869, 0.3477357194504709, 0.2599483007953731, 1.3699714389009394, 0.23848915401301668, 0.18581670281995735, 0.9183539407086062, 1.194396601590747, 0.8890914678235736, 0.20825126536514815, 1.432398047722345, 1.2743806941431686, 1.1934211858279111, 1.4294718004338403, 1.4265455531453375, 1.5465216919739708, 1.447029284164861, 0.26775162689804927, 0.6725491684743322, 0.1136359363702086, 0.21312834417932133, 0.24336623282718822, 2.0420328994938557, 1.0939287780188016, 0.21800542299349124, 0.5564746926970361, 0.7447299349240777, 0.8851898047722363, 0.6432866955892996, 1.227560737527117, 1.08710086767896, 0.09315220535068645, 0.06974222704265974, 0.08827512653651327, 0.5077039045553141, 0.2892107736804057, 1.379725596529284, 0.08729971077367896, 0.1799642082429499, 0.19849710773680343, 1.3972830802603031, 0.9212801879971092, 0.2199562545191615, 0.7115657989877078, 0.6949837310195229, 1.3972830802603031, 0.2072758496023122, 0.16338214027476497, 0.5740321764280537, 0.6276800433839473, 0.5564746926970361, 0.5984175704989164, 0.641335864063631, 0.32627657266811444, 0.24531706435285683, 0.0814472161966731, 0.16923463485177084, 0.934936008676791, 8.311030007230665, 0.5740321764280554, 1.189519522776574, 8.300300433839485, 1.1251420824295029, 1.3982584960231377, 0.18679211858279005, 0.6901066522053498, 1.3953322487346345, 0.0034139551699217128, 0.5740321764280537, 0.6764508315256678, 0.7154674620390451, 0.10583261026753411, 3.3032454808387595, 0.2960386840202475, 1.3738731019522783, 0.33895697758496207, 0.25409580621836725, 7.150285249457706, 0.3526127982646425, 0.25897288503253885, 1.0246742588575575, 0.9427393347794655, 8.16666847433117, 1.393381417208966, 1.3485122921185828, 1.3924060014461317, 0.5915896601590747, 0.718393709327548, 0.7018116413593631, 1.1846424439624008, 1.066617136659436, 0.2189808387563256, 1.4060618221258137, 0.7076641359363689, 0.7164428778018794, 0.7057133044107003, 0.3135961677512667, 0.21605459146782424, 0.7086395516992033, 0.7008362255965289, 0.20630043383947788, 0.20532501807664358, 0.7047378886478661, 0.6881558206796811, 6.948374186550982, 0.022922270426609558, 0.23166124367317487, 0.24043998553868529, 0.2219070860448285, 0.8676323210412156, 0.9632230657989894, 1.1817161966738994, 0.6501146059291397, 0.6071963123644268, 1.1856178597252367, 0.8822635574837318, 1.186593275488071, 0.7144920462762124, 0.8929931308749108, 0.19362002892263186, 0.5662288503253793, 0.6520654374548084, 0.5408680404916856, 0.8744602313810572, 1.6684486623282742, 1.4918984092552445, 1.5728579175705004, 1.4684884309472177, 1.9698521330441088, 1.879138467100508, 1.2012245119305873, 0.643286695589298, 0.6803524945770066, 0.003413955169920089, 0.9993134490238621, 1.5494479392624751, 1.463611352133046, 0.01414352856109751, 0.1975216919739691, 0.2072758496023155, 0.8900668835864078, 0.5720813449023868, 0.20239877078814067, 1.4011847433116404, 0.2072758496023122, 0.8490994215473621, 0.7037624728850317, 0.7300986984815614, 0.6862049891540126, 0.5320892986261752, 0.6325571221981189, 0.6569425162689799, 1.4265455531453357, 0.6988853940708601, 0.16143130874909473, 1.3748485177151124, 0.6471883586406352, 1.4060618221258137, 0.7242462039045556, 0.25019414316703004, 0.6988853940708601, 0.24531706435285683, 0.4277198120028941, 0.26677621113521494, 0.5798846710050612, 0.1663083875632679, 0.17118546637743948, 0.19362002892263347, 0.6608441793203171, 0.2492187274041941, 0.6920574837310184, 6.628437816341291, 1.3719222704266079, 0.6403604483007951, 0.6949837310195229, 0.5603763557483717, 0.897850263852242, 0.7065343007915561, 0.9165369393139843, 0.8675956464379943, 1.3472203166226913, 0.9378931398416879, 0.8845026385224266, 0.9022994722955147, 0.2233502638522434, 0.4022084432717681, 0.8960705804749334, 0.04449208443271724, 1.4967137203166228, 1.550104221635884, 0.01512730870712383, 0.07563654353562063, 0.46983641160949896, 0.06317875989445809, 0.4271240105540887, 0.3915303430079155, 0.8916213720316621, 0.45915831134564633, 0.07029749340369362, 0.3879709762532985, 0.6727203166226915, 0.5597104221635891, 1.5180699208443262, 0.11478957783641235, 0.0008898416886542557, 3.7675897097625337, 3.6510204485488145, 0.4093271767810036, 0.3025461741424811, 0.14415435356200573, 0.0649584432717666, 0.44937005277044956, 0.6860679419525068, 0.5721682058047503, 0.25182519788918256, 1.534087071240106, 0.24559630606860275, 0.7643740105540887, 0.8836127968337723, 0.5508120052770451, 0.2714017150395791, 0.8764940633245383, 7.473780343007917, 0.574837730870713, 0.6558133245382591, 0.5481424802110824, 0.522337071240106, 1.334762532981532, 1.2173034300791568, 0.57839709762533, 0.8631464379947229, 0.3221226912928762, 0.4164459102902377, 0.839120712401055, 0.04360224274406298, 0.3879709762532985, 1.529637862796833, 0.5846259894459113, 0.525896437994723, 1.221752638522428, 1.0758186015831137, 0.12368799472295638, 1.3810343007915578, 1.24666820580475, 0.8088660949868075, 1.2822618733509235, 1.5056121372031668, 0.5285659630606871, 0.547252638522428, 0.72166160949868, 0.857807387862796, 0.7732724274406342, 0.7999676781002649, 1.3908225593667545, 1.2911602902374673, 0.8773839050131926, 0.7020850923482863, 0.5997532981530351, 0.6958562005277051, 0.6015329815303436, 1.5287480211081788, 1.5331972295514515, 0.5410237467018468, 0.669160949868073, 0.686957783641161, 0.35949604221635933, 0.41021701846965786, 0.05339050131926128, 0.8925112137203164, 0.8720448548812655, 0.38174208443271723, 1.525188654353562, 1.324974274406332, 0.4244544854881259, 0.8916213720316621, 0.40131860158311233, 0.7403482849604224, 0.8649261213720315, 1.5234089709762533, 1.5670112137203163, 0.06139907651714958, 0.9120877308707115, 0.058729551451186815, 0.4404716358839055, 0.7848403693931411, 0.5944142480211095, 0.6540336411609492, 0.8106457783641159, 5.96193931398417, 0.0569498680738783, 0.27763060686015895, 0.26695250659630637, 0.24381662269129276, 1.5403159630606855, 0.5410237467018483, 0.4039881266490766, 0.5267862796833787, 0.07296701846965638, 1.5429854881266485, 0.5445831134564654, 0.9361134564643807, 0.2544947229551453, 0.8079762532981531, 0.02135620052770362, 1.2964993403693943, 0.016906992084433824, 0.08987401055408874, 0.37106398416886616, 0.3986490765171496, 0.2963172823218998, 0.5374643799472298, 0.40042875989445953, 0.7697130606860156, 0.9049689973614775, 0.4155560686015834, 0.875604221635884, 0.3826319261213715, 0.7145428759894459, 0.988614116094988, 0.7812810026385226, 0.8925112137203164, 0.011567941952505325, 0.8862823218997365, 0.8008575197889176, 1.4878153034300787, 0.574837730870713, 0.45737862796833784, 0.7937387862796835, 0.8987401055408962, 1.5091715039577838, 0.882722955145118, 0.6922968337730866, 0.3612757255936664, 0.8960705804749334, 0.06673812664907659, 0.5534815303430078, 0.5694986807387874, 0.9227658311345656, 1.1728113456464395, 0.7421279683377308, 0.8818331134564639, 0.29275791556728276, 0.7661536939313986, 0.8720448548812655, 1.2511174142480215, 0.2669525065963049, 0.42356464379947173, 1.5323073878627973, 0.40665765171504087, 0.4137763852242749, 0.40576781002638507, 0.29097823218997426, 0.5250065963060687, 0.7786114775725598, 0.8845026385224266, 0.9174267810026385, 0.9272150395778368, 1.501162928759894, 1.4984934036939326, 1.3703562005277052, 0.05783970976253255, 0.25182519788918256, 1.5367565963060688, 0.7483568601583122, 0.5935244063324538, 0.7910692612137195, 0.0355936675461732, 0.4618278364116091, 0.4244544854881259, 0.055170184696569785, 0.8711550131926112, 0.8622565963060687, 0.9183166226912927, 0.389750659630607, 0.2820798153034302, 0.9103080474934029, 0.4253443271767817, 0.4289036939313987, 0.0685178100263851, 0.2687321899736149, 1.330313324538259, 0.3096649076517151, 0.09877242744063425, 0.2722915567282334, 0.5632697889182062, 0.5490323218997365, 0.40131860158311383, 0.5641596306068604, 0.686957783641161, 0.5810666226912943, 1.5492143799472298, 0.04182255936675446, 0.4484802110817938, 0.029364775725593407, 4.983113456464382, 0.8862823218997365, 0.03826319261213596, 0.07029749340369362, 0.2491556728232198, 0.5499221635883909, 0.5339050131926127, 7.292252638522431, 0.5801767810026385, 1.1452262532981532, 1.041114775725595, 1.5234089709762533, 1.3080672823219013, 1.0375554089709764, 1.187048812664909, 1.0500131926121374, 0.04093271767810021, 0.34881794195250676, 0.8053067282321905, 1.0224281002638527, 1.4531114775725598, 1.2066253298153042, 0.14504419525065998, 0.4164459102902377, 0.8871721635883908, 0.9067486807387859, 0.40665765171503937, 0.04538192612137149, 0.18953627968337722, 0.02847493403693915, 0.2633931398416893, 0.5597104221635891, 0.7892895778364123, 0.43335290237467, 0.49475197889182104, 0.8836127968337723, 0.5196675461741431, 0.8088660949868075, 0.43335290237467, 0.7839505277044867, 0.4493700527704481, 1.3418812664907644, 0.5668291556728232, 0.08097559366754617, 0.02669525065963064, 0.4182255936675462, 0.41110686015831066, 0.3568265171503966, 7.218395778364119, 1.1550145118733515, 1.0188687335092357, 0.9005197889182062, 0.2722915567282334, 0.07118733509234787, 0.15839182058047382, 0.7697130606860156, 0.8862823218997365, 0.875604221635884, 0.9120877308707115, 0.8916213720316621, 0.049831134564642776, 0.5125488126649076, 0.2998766490765183, 0.04538192612137149, 1.5474346965699213, 0.5686088390501332, 0.6371266490765168, 0.5935244063324538, 0.05339050131926128, 6.094525725593669, 6.390843007915569, 0.40576781002638507, 7.297591688654356, 0.17618865435356193, 0.4217849604221632, 1.5189597625329823, 1.5527737467018468, 0.024025725593666388, 1.5545534300791553, 0.33725, 0.27318139841688616, 0.0, 7.187251319261216, 0.4262341688654359, 0.10856068601583106, 0.2678423482849606, 0.6922968337730881, 0.5970837730870723, 0.9948430079155677, 1.0250976253298167, 1.0322163588390507, 1.048233509234829, 1.1639129287598955, 0.2429267810026385, 1.2689142480211095, 1.0927255936675477, 1.2448885224274417, 1.5420956464379942, 1.2003964379947245, 0.2722915567282334, 0.42623416886543447, 0.5392440633245383, 0.40042875989445953, 0.01957651715039511, 0.8836127968337723, 7.826157651715044, 0.29898680738786404, 0.882722955145118, 0.9049689973614775, 0.5757275725593672, 0.6682711081794203, 1.324974274406332, 0.41110686015831066, 0.2847493403693945, 0.9556899736147759, 0.8257730870712412, 1.3899327176781018, 1.274253298153035, 1.3472203166226913, 1.184379287598945, 0.07207717678100213, 1.651546174142481, 0.07919591029023766, 0.5339050131926127, 0.9094182058047487, 1.0473436675461747, 1.5821385224274416, 1.4762473614775733, 0.5143284960422176, 0.5534815303430078, 1.534087071240106, 0.5410237467018483, 0.8213238786279684, 0.40576781002638657, 0.29542744063324555, 0.5757275725593672, 0.46093799472295494, 0.8809432717678096, 0.0747467018469649, 0.8186543535620057, 0.22424010554089766, 0.44581068601583107, 0.7821708443271768, 0.05961939313984106, 1.522519129287599, 1.0331062005277052, 1.023317941952507, 0.8079762532981531, 1.2039558047493415, 5.6976563324538265, 1.1799300791556735, 1.0713693931398425, 0.4467005277044853, 1.4353146437994733, 0.9067486807387859, 1.5198496042216363, 0.8097559366754632, 1.218193271767811, 0.9832750659630608, 0.4164459102902377, 0.6024228232189979, 0.3612757255936664, 0.5819564643799485, 0.04271240105540872, 1.1541246701846972, 1.0357757255936677, 1.1576840369393142, 0.5009808707124023, 0.8382308707124008, 0.8987401055408962, 0.6745, 0.9476813984168877, 0.7883997361477566, 0.31589379947229485, 0.01512730870712383, 0.23936741424802, 1.5483245382585755, 0.036483509234827446, 0.0391530343007917, 0.5454729551451195, 0.5517018469656993, 0.27763060686015895, 0.2714017150395791, 0.9022994722955147, 1.5767994722955145, 0.6504742744063337, 0.9129775725593673, 0.8079762532981531, 0.8764940633245383, 0.29720712401055405, 0.40131860158311233, 1.5189597625329823, 1.5349769129287603, 0.35148746701846956, 1.522519129287599, 0.5730580474934044, 1.5331972295514515, 1.5242988126649077, 0.8996299472295504, 0.8809432717678096, 0.897850263852242]",0.9704867959193552,0.6745,1.34129797187198,0.0,11.133429456625345,6596.0,19.0,1.0,0.33
2,"[1.3563279012345693, 0.7601032098765443, 0.18919308641975346, 0.17453728395061816, 0.2284972839506178, 0.5522572839506179, 0.7834192592592601, 0.26780148148148103, 0.20584740740740706, 0.02331604938271683, 1.3829748148148167, 1.354995555555557, 1.229755061728397, 0.7407841975308652, 0.8580306172839521, 0.8766834567901253, 0.8833451851851861, 0.55891901234568, 0.06128790123456785, 0.0046632098765427, 0.05395999999999965, 0.00599555555555601, 1.3783116049382729, 0.2618059259259272, 5.151514567901237, 0.19585481481481448, 0.39170962962962896, 0.5928938271604933, 0.5282750617283961, 0.47165037037036983, 0.559585185185185, 1.14914814814815, 0.8160617283950634, 0.4236859259259273, 0.6794962962962963, 0.6188745679012345, 0.8653585185185192, 0.8860098765432105, 0.20451506172839487, 0.029977777777778932, 1.1564760493827173, 0.0066617283950621085, 0.603552592592592, 0.37372296296296315, 0.19785333333333277, 0.26913382716049433, 0.8813466666666678, 0.8800143209876556, 0.590895308641975, 1.3076972839506185, 0.8733525925925936, 0.751442962962964, 0.7641002469135809, 0.5455955555555568, 1.380310123456792, 0.19918567901234496, 0.19119160493827064, 0.9099920987654334, 0.39637283950617275, 0.5669130864197532, 0.559585185185185, 0.02331604938271683, 0.19585481481481448, 0.6448553086419746, 0.6928197530864194, 0.3803846913580241, 0.6695037037037037, 0.8900069135802483, 0.01732049382716082, 0.944633086419753, 0.8866760493827156, 0.029977777777778932, 1.3370088888888902, 0.7847516049382711, 0.7214651851851851, 0.3024424691358016, 0.3910434567901228, 0.796076543209876, 0.19185777777777785, 1.298370864197532, 0.9046627160493836, 0.19252395061728395, 0.55358962962963, 0.7441150617283947, 1.3723160493827178, 1.18712, 0.03397481481481554, 0.38105086419753026, 1.378977777777779, 0.3883787654320984, 0.6854918518518524, 0.883345185185185, 0.3777199999999997, 0.5289412345679022, 0.40503308641975316, 0.27712790123456865, 1.1244997530864198, 0.8686893827160508, 0.9313096296296297, 0.7481120987654324, 0.2278311111111117, 1.3676528395061742, 0.7694296296296309, 0.8660246913580264, 0.0066617283950621085, 0.029977777777778932, 0.2558103703703701, 0.708807901234568, 0.6122128395061724, 0.7780898765432113, 0.894670123456791, 0.4543298765432101, 0.4023683950617276, 0.7241298765432095, 1.2277565432098776, 0.01732049382716082, 0.39504049382716055, 0.552923456790124, 1.3809762962962981, 0.029977777777776715, 0.47564740740740746, 0.40703160493827145, 0.4370093827160493, 0.06461876543209835, 1.3583264197530878, 0.01132493827160481, 0.944633086419753, 0.8886745679012349, 0.894670123456791, 0.2717985185185198, 0.18652839506172797, 0.4003698765432094, 0.8900069135802483, 0.9965945679012342, 0.9246479012345676, 0.8626938271604948, 0.5429308641975313, 0.8227234567901245, 0.8620276543209888, 0.5569204938271617, 0.5122869135802474, 0.025314567901235128, 0.11924493827160522, 0.31509975308641963, 0.547594074074074, 1.3616572839506194, 0.702812345679012, 0.3770538271604936, 0.851368888888889, 0.27512938271605036, 0.8680232098765436, 0.2304958024691361, 0.019319012345679117, 0.38704641975308735, 0.2591412345679017, 0.6801624691358025, 1.206439012345679, 1.1484819753086417, 0.26846765432098824, 0.009992592592593717, 1.157142222222222, 0.24448543209876641, 1.0725382716049385, 0.584233580246913, 0.8840113580246922, 0.5442632098765424, 0.7427827160493824, 0.16654320987654386, 0.869355555555557, 0.20451506172839487, 0.11724641975308579, 1.2091037037037036, 1.1558098765432099, 0.5609175308641972, 0.541598518518518, 1.3556617283950632, 1.0971866666666665, 1.2930414814814832, 0.39637283950617275, 0.09193185185185178, 0.5362691358024704, 0.5575866666666667, 0.23249432098765552, 1.1837891358024695, 1.1238335802469137, 0.9053288888888897, 0.2225017283950618, 0.7880824691358027, 0.7281269135802472, 1.0105841975308647, 1.323019259259261, 1.3609911111111133, 0.08926716049382738, 0.8846775308641984, 1.3130266666666683, 1.380310123456792, 0.7867501234567906, 0.15788296296296342, 1.0792000000000008, 0.9026641975308654, 1.118504197530865, 1.161805432098766, 0.23649135802469212, 0.03930419753086433, 0.18452987654320965, 0.5036266666666681, 0.43101382716049325, 0.8853437037037033, 0.2797925925925919, 0.22583259259259228, 0.8580306172839521, 0.5515911111111118, 1.3776454320987666, 0.248482469135803, 1.3689851851851862, 1.379643950617285, 0.18253135802469136, 0.540266172839507, 0.5689116049382715, 0.5502587654320984, 0.5575866666666667, 0.7001476543209876, 0.019319012345679117, 1.1384893827160492, 0.5475940740740752, 0.8646923456790132, 0.7347886419753081, 0.628200987654321, 0.5702439506172837, 1.3596587654321008, 0.5442632098765448, 0.21650617283950688, 0.5509249382716056, 0.025314567901235128, 0.8780158024691374, 1.0758691358024692, 1.0152474074074074, 0.8993333333333348, 1.206439012345679, 1.3649881481481496, 0.18186518518518527, 0.43967407407407366, 0.08527012345679078, 0.1372316049382721, 0.8880083950617289, 0.8853437037037045, 1.4336039506172846, 5.112210370370373, 0.003997037037037709, 0.41968888888888956, 0.8906730864197544, 1.1105101234567907, 1.031901728395062, 0.5469279012345691, 0.7094740740740741, 0.8966686419753104, 1.435602469135803, 0.01532197530864252, 0.18985925925925845, 0.6834933333333328, 0.5802365432098763, 0.18519604938271575, 1.3536632098765449, 0.7307916049382716, 0.24515160493827254, 1.3396735802469155, 0.2964469135802478, 1.2071051851851864, 0.5242780246913594, 4.537303209876546, 0.5635822222222227, 0.8853437037037045, 0.5322720987654327, 0.18919308641975235, 0.5429308641975303, 0.8753511111111119, 0.6575125925925928, 0.8433748148148158, 1.3569940740740754, 0.4496666666666663, 1.2064390123456803, 0.5429308641975313, 0.2078459259259265, 0.6062172839506176, 0.30977037037036975, 1.0145812345679013, 0.8933377777777788, 0.46565481481481485, 0.25181333333333467, 0.03797185185185214, 0.8546997530864205, 1.0099180246913586, 0.46565481481481485, 1.2031081481481487, 1.145151111111111, 1.1977787654320986, 1.143152592592593, 0.7141372839506168, 1.1231674074074076, 1.6474454320987661, 1.5921530864197542, 0.5489264197530863, 1.0025901234567902, 0.5182824691358034, 0.88800839506173, 0.9799402469135806, 0.26646913580246995, 1.4262760493827165, 292.98681185185205, 1.1751288888888891, 0.8713540740740753, 0.39570666666666665, 0.547594074074074, 0.7054770370370375, 0.8706879012345692, 0.5689116049382715, 0.2624720987654333, 0.17586962962963035, 0.23316049382716159, 0.870687901234568, 0.4110286419753081, 6.3286419753086465, 0.23782370370370431, 1.378977777777779, 0.460325432098765, 0.8560320987654338, 1.3456691358024706, 0.5649145679012361, 1.354329382716051, 0.5156177777777791, 0.0019985185185194096, 1.3723160493827178, 0.6048849382716053, 0.5296074074074083, 0.10658765432098709, 0.007327901234568209, 1.237082962962964, 0.5955585185185188, 0.447668148148148, 0.07261283950617266, 1.3649881481481496, 0.4976311111111122, 0.019319012345679117, 0.5495925925925924, 0.5622498765432105, 0.36639506172839603, 0.2218355555555546, 0.7794222222222223, 0.4549960493827162, 5.140189629629633, 0.20185037037037049, 0.9299772839506175, 0.8800143209876545, 1.3829748148148167, 0.938637530864198, 0.8746849382716047, 0.5615837037037045, 0.18386370370370467, 0.26313827160493947, 0.19785333333333277, 1.0652103703703704, 1.0112503703703708, 0.0013323456790133093, 1.3823086419753106, 1.2037743209876557, 0.5202809876543218, 0.6854918518518524, 0.7594370370370371, 0.7174681481481484, 0.9872681481481478, 0.995262222222222, 1.3756469135802485, 4.751810864197535, 0.8633600000000009, 1.3723160493827178, 0.894670123456791, 4.384083456790125, 0.0033308641975305, 0.7307916049382716, 0.6974829629629632, 0.022649876543210726, 0.88800839506173, 0.8846775308641984, 1.4462612345679018, 0.28179111111111244, 0.5429308641975303, 0.2284972839506178, 0.010658765432099818, 0.801405925925927, 0.8640261728395071, 0.25314567901234686, 0.8773496296296313, 0.0006661728395061, 1.3729822222222239, 0.26846765432098824, 0.37638765432098753, 0.021317530864198526, 0.9652844444444443, 0.8726864197530864, 1.2424123456790142, 0.2598074074074078, 0.2638044444444455, 0.27979259259259304, 0.28179111111111244, 0.7907471604938272, 0.0099925925925915, 5.074238518518523, 0.3897111111111106, 5.610507654320991, 0.8793481481481485, 0.5449293827160496, 0.8540335802469144, 0.19052543209876455, 0.022649876543210726, 5.641817777777782, 0.5682454320987653, 0.708807901234568, 0.8606953086419755, 6.50184691358025, 0.38238320987654245, 0.9985930864197536, 0.5216133333333328, 0.03330864197530944, 0.37638765432098753, 0.5289412345679022, 0.9093259259259262, 0.19518864197530839, 0.8873422222222239, 0.5562543209876556, 0.7634340740740737, 0.19985185185185106, 0.7094740740740741, 0.8160617283950612, 0.740118024691358, 0.8487041975308646, 0.2171723456790119, 1.2517387654321006, 0.6968167901234571, 0.8480380246913585, 0.5196148148148156, 0.8793481481481497, 0.9979269135802477, 0.8893407407407411, 1.0831970370370372, 1.0279046913580254, 0.4396740740740748, 0.49363407407407556, 0.931975802469136, 1.378977777777779, 0.49296790123456835, 1.5568459259259266, 0.894670123456791, 1.365654320987656, 1.3769792592592605, 0.8200587654321001, 0.8786819753086434, 1.3629896296296313, 0.8307175308641976, 0.8940039506172849, 0.7301254320987655, 0.05129530864197524, 0.0006661728395072093, 0.5775718518518519, 0.969281481481482, 0.8840113580246912, 0.2458177777777786, 0.20185037037037049, 0.540266172839507, 4.874386666666671, 0.8680232098765448, 5.409989629629632, 0.23982222222222263, 0.0019985185185183, 0.0026646913580244, 0.037305679012346035, 0.19518864197530839, 0.2684676543209871, 0.2165061728395058, 0.01665432098765472, 0.17387111111111095, 0.2065135802469132, 6.060840493827166, 0.5395999999999997, 0.864692345679012, 0.16054765432098786, 0.19252395061728395, 0.8906730864197544, 0.8653585185185192, 0.9433007407407407, 0.38438172839506185, 0.8686893827160498, 1.1904508641975315, 0.26513679012345776, 0.26913382716049433, 0.16254617283950726, 0.8606953086419755, 0.10991851851851758, 0.26980000000000043, 0.2604735802469139, 0.2551441975308651, 0.807401481481483, 0.8606953086419765, 0.5902291358024689, 0.5489264197530874, 0.8793481481481497, 0.17187259259259263, 0.0093264197530854, 0.13256839506172943, 0.16188000000000113, 0.21650617283950688, 1.3669866666666681, 0.5555881481481495, 0.020651358024692427, 0.17986666666666584, 0.8660246913580264, 0.8407101234567914, 0.8866760493827177, 0.8966686419753104, 1.3743145679012363, 0.5409323456790132, 1.3470014814814828, 1.3676528395061742, 1.3616572839506194, 1.3609911111111133, 0.4836414814814829, 0.8920054320987666]",1.3326243064357142,0.6745,12.757947210866552,0.0006661728395061,292.98681185185205,526.0,1.0,3.0,1.0
