Cluster,Dist,mean,median,std,min,max,bag_count,day_count,Cluster_Rank,Cluster_perc
0,"[0.31130769230765243, 2.490461538461522, 0.7782692307692175, 2.2829230769230002, 1.2971153846153483, 0.9339230769230437, 0.20753846153847816, 1.2452307692307825, 0.7782692307692175, 1.2971153846153483, 0.7782692307692175, 1.1933461538461305, 0.4150769230769131, 0.9858076923076524, 1.5046538461538261, 0.622615384615348, 1.556538461538435, 55.879730769229745, 55.51653846153744, 55.82784615384514, 0.4150769230769131, 1.7121923076923042, 56.03538461538361, 0.5188461538461737, 0.051884615384608736, 0.1556538461538694, 0.051884615384608736, 0.9858076923076524, 0.8301538461538261, 0.4150769230769131, 1.349, 0.1556538461538694, 1.4527692307691744, 0.3113076923076956, 1.7121923076923042, 0.622615384615348, 0.3631923076923043, 0.6745, 0.4150769230769131, 0.6226153846153912, 55.51653846153744, 54.79015384615283, 0.051884615384608736, 0.7782692307692175, 0.4150769230769131, 0.3631923076923043, 1.556538461538435, 0.8301538461538261, 0.10376923076926067, 0.622615384615348, 1.08957692307687, 0.9858076923076956, 0.4669615384615651, 0.10376923076926067, 0.6226153846153912, 0.31130769230765243, 0.051884615384608736, 0.5707307692307393, 0.9339230769230437, 0.4150769230769131, 0.4150769230769131, 1.6084230769230436, 0.15565384615382621, 0.3631923076923043, 1.08957692307687, 1.5046538461538261, 0.6745, 0.3631923076923043, 1.6084230769230436, 0.6226153846153912, 1.08957692307687, 0.5707307692307825, 0.4150769230769131, 0.8301538461538261, 0.051884615384608736, 0.4150769230769131, 1.297115384615391, 0.8301538461538261, 0.3631923076923043, 0.5707307692307393, 0.25942307692304367, 56.50234615384514, 55.46465384615283, 0.6226153846153912, 0.3113076923076956, 0.9858076923076956, 0.6226153846153912, 1.4527692307692173, 56.606115384614355, 55.153346153845135, 55.257115384614394, 56.45046153846053, 56.13915384615283, 1.6084230769230436, 0.10376923076926067, 1.1933461538461305, 0.25942307692304367, 0.8820384615384782, 1.5046538461538261, 0.9858076923076956, 0.3631923076923043, 0.5188461538461306, 0.4150769230769131, 0.31130769230765243, 0.051884615384608736, 0.7263846153846086, 0.9858076923076524, 0.46696153846152183, 1.2452307692307825, 1.0376923076923044, 0.1556538461538694, 1.6084230769230436, 0.5707307692307825, 0.4669615384615651, 0.46696153846152183, 0.20753846153843494, 1.1933461538461305, 0.3631923076923043, 1.5046538461538261, 1.2452307692307825, 0.3113076923076956, 0.15565384615382621, 0.3631923076923043, 1.1933461538461305, 0.8820384615384782, 1.6603076923076956, 55.98349999999896, 55.101461538460526, 56.657999999998964, 0.25942307692308686, 1.3489999999999567, 0.622615384615348, 0.5188461538461306, 0.7782692307692175, 0.20753846153843494, 1.5046538461538261, 0.3113076923076956, 0.3113076923076956, 0.9858076923076956, 1.4527692307692173, 0.15565384615382621, 56.03538461538361, 0.9339230769230868, 0.6744999999999568, 0.8301538461538261, 0.9339230769230868, 1.4008846153846088, 0.7782692307692175, 2.4385769230768695, 0.5707307692307825, 1.1414615384615217, 0.8301538461538261, 0.46696153846152183, 0.5707307692307393, 0.7782692307692175, 0.5707307692307393, 0.31130769230765243, 0.3631923076923043, 0.6745, 1.4527692307691744, 1.4527692307691744, 0.3113076923076956, 0.8301538461538261, 0.5707307692307393, 1.0376923076922613, 0.7782692307692175, 56.657999999998964, 0.10376923076921747, 0.25942307692308686, 0.7782692307692175, 0.6744999999999568, 0.31130769230765243, 0.20753846153843494, 0.5188461538461737, 0.31130769230765243, 1.297115384615391, 0.3113076923076956, 0.051884615384608736, 0.7782692307692175, 0.3631923076923043, 0.4150769230769131, 0.7782692307692175, 1.0376923076922613, 0.051884615384608736, 0.1556538461538694, 1.0376923076923044, 56.24292307692205, 56.34669230769127, 56.55423076922974, 0.0, 0.9858076923076956, 54.89392307692209, 56.08726923076823, 56.34669230769127, 56.70988461538357, 0.7263846153846086, 0.9858076923076524, 0.9858076923076524, 0.3631923076923043, 0.8301538461538261, 0.25942307692304367, 0.5707307692307825, 0.25942307692308686, 1.7121923076923042, 55.56842307692205, 1.297115384615391, 0.10376923076926067, 0.10376923076921747, 55.51653846153744, 1.556538461538435, 0.31130769230765243, 57.28061538461435, 55.36088461538361, 54.32319230769131, 0.5707307692307825, 55.67219230769131, 54.9458076923067, 55.62030769230665, 0.9339230769230868, 0.4150769230769131, 0.3631923076923043, 54.79015384615283, 56.13915384615283, 56.91742307692205, 56.50234615384514, 1.556538461538435, 0.8301538461538261, 0.25942307692304367, 56.03538461538361, 54.53073076922979, 0.5707307692307393, 55.879730769229745, 0.7782692307692175, 0.4669615384615651, 0.15565384615382621, 0.25942307692308686, 0.25942307692304367, 0.3631923076923043, 54.53073076922979, 0.1556538461538694, 0.5707307692307825, 1.6603076923076956, 0.1556538461538694, 0.20753846153847816, 0.3631923076923043, 0.8301538461538261, 0.5188461538461737, 1.1933461538461305, 0.1556538461538694, 1.297115384615391, 0.882038461538435, 0.3631923076923043, 0.6226153846153912, 2.490461538461522, 0.10376923076926067, 0.31130769230765243, 55.67219230769131, 56.34669230769127, 57.22873076922975, 0.3631923076923043, 0.10376923076926067, 56.24292307692205, 55.879730769229745, 1.0376923076922613, 56.19103846153744, 56.08726923076823, 0.25942307692308686, 2.386692307692261, 0.5188461538461737, 0.4150769230769131, 1.08957692307687, 0.4150769230769131, 0.46696153846152183, 0.20753846153843494, 0.20753846153843494, 0.31130769230765243, 0.8820384615384782, 0.15565384615382621, 0.3631923076923043, 0.6226153846153912, 1.0376923076923044, 0.3631923076923043, 1.349, 1.7121923076923042, 1.6084230769230436, 0.5188461538461737, 0.31130769230765243, 0.15565384615382621, 0.5188461538461306, 0.6226153846153912, 0.9339230769230868, 1.089576923076913, 0.3113076923076956, 1.4008846153846088, 0.7263846153846086, 0.20753846153847816, 0.3631923076923043, 57.43626923076818, 0.051884615384608736, 1.0376923076922613, 0.7782692307692175, 0.9339230769230868, 0.25942307692304367, 1.089576923076913, 0.4150769230769131, 0.10376923076926067, 0.10376923076926067, 1.4527692307692173, 0.6745, 0.3631923076923043, 56.24292307692205, 54.5826153846144, 0.3631923076923043, 56.45046153846053, 54.9458076923067, 0.3631923076923043, 0.10376923076921747, 0.5707307692307825, 55.30899999999901, 55.101461538460526, 0.8820384615384782, 0.9858076923076956, 0.8301538461538261, 0.1556538461538694, 0.4669615384615651, 1.1414615384615217, 1.2452307692307825, 0.7782692307692175, 1.5046538461538261, 0.051884615384608736, 1.1414615384615217, 0.46696153846152183, 0.10376923076926067, 0.5707307692307825, 0.7782692307692175, 0.5707307692307825, 1.1414615384615217, 0.7263846153846086, 0.1556538461538694, 1.0376923076923044, 0.7782692307692175, 0.5188461538461737, 1.8159615384615218, 1.089576923076913, 0.3113076923076956, 0.051884615384608736, 56.34669230769127, 1.5046538461538261, 1.5046538461538261, 0.7263846153846086, 0.882038461538435, 0.8301538461538261, 0.9858076923076956, 0.5707307692307825, 0.5188461538461737, 0.25942307692304367, 56.19103846153744, 57.07307692307592, 55.56842307692205, 56.45046153846053, 1.7121923076923042, 0.8301538461538261, 0.8301538461538261, 0.882038461538435, 55.72407692307592, 0.20753846153847816, 0.051884615384608736, 56.50234615384514, 54.738269230768225, 56.29480769230666, 0.10376923076926067, 0.25942307692308686, 0.1556538461538694, 0.5188461538461737, 0.3631923076923043, 0.7263846153846086, 0.9858076923076956, 0.9339230769230868, 0.1556538461538694, 0.7263846153846086, 0.8820384615384782, 1.6084230769230436, 0.9858076923076956, 0.15565384615382621, 0.3631923076923043, 0.5707307692307825, 0.10376923076926067, 0.3631923076923043, 0.6745, 55.931615384614354, 0.3113076923076956, 0.10376923076921747, 2.075384615384565, 0.4150769230769131, 0.7782692307692175, 56.70988461538357, 56.761769230768174, 1.8678461538460873, 0.6226153846153912, 0.4669615384615651, 0.1556538461538694, 1.4527692307692173, 0.7782692307692175, 0.051884615384608736, 0.051884615384608736, 56.657999999998964, 1.6603076923076956, 55.36088461538361, 54.842038461537435, 0.1556538461538694, 0.8301538461538261, 0.882038461538435, 0.20753846153843494, 0.6744999999999568, 0.051884615384608736, 0.8301538461538261, 0.31130769230765243, 0.15565384615382621, 0.0, 0.6744999999999568, 55.98349999999896, 0.3631923076923043, 0.9339230769230868, 55.56842307692205, 0.20753846153843494, 55.62030769230665, 0.25942307692304367, 56.91742307692205, 0.46696153846152183, 56.03538461538361, 0.9858076923076956, 0.7782692307692175, 0.31130769230765243, 0.10376923076926067, 0.31130769230765243, 0.9858076923076956, 0.3113076923076956, 1.349, 0.9339230769230868, 1.1414615384615217, 0.0, 1.4008846153846088, 0.4150769230769131, 0.46696153846152183, 2.0234999999999568, 55.72407692307592, 0.7263846153846086, 1.4008846153846088, 55.46465384615283, 56.19103846153744, 0.4150769230769131, 56.86553846153744, 0.051884615384608736, 0.8820384615384782, 1.4008846153846088, 0.4669615384615651, 0.051884615384608736, 1.089576923076913, 0.25942307692308686, 0.882038461538435, 0.10376923076926067, 1.1933461538461305, 1.1414615384615217, 0.9858076923076956, 0.20753846153847816, 0.3631923076923043, 0.31130769230765243, 0.3631923076923043, 1.9716153846153481, 0.10376923076921747, 0.46696153846152183, 0.9858076923076524, 0.622615384615348, 1.1933461538461305, 0.46696153846152183, 0.20753846153843494, 0.10376923076926067, 1.1414615384615217, 0.0, 1.5046538461538261, 0.1556538461538694, 0.31130769230765243, 0.4150769230769131, 0.5707307692307393, 0.31130769230765243, 2.179153846153826, 0.3113076923076956, 0.20753846153847816, 0.882038461538435, 0.3631923076923043, 0.31130769230765243, 0.3631923076923043, 0.8301538461538261, 1.089576923076913, 1.3489999999999567, 0.4150769230769131, 1.7121923076923042, 0.7782692307692175, 57.073076923075874, 0.5707307692307393, 2.231038461538392, 0.622615384615348, 55.56842307692205, 56.81365384615283, 0.4669615384615651, 56.08726923076823, 1.1414615384615217, 0.20753846153847816, 0.3631923076923043, 0.5707307692307393, 0.8301538461538261, 0.25942307692304367, 0.4150769230769131, 0.8301538461538261, 1.089576923076913, 1.297115384615391, 0.3113076923076956, 1.089576923076913, 0.7263846153846086, 0.15565384615382621, 0.9339230769230868, 0.8820384615384782, 1.349, 0.20753846153847816, 0.1556538461538694, 1.8159615384615218, 0.20753846153847816, 2.0234999999999568, 0.4150769230769131, 0.8301538461538261, 0.7782692307692175, 0.15565384615382621, 1.6084230769230436, 0.4669615384615651, 0.8301538461538261, 0.9858076923076956, 1.2452307692307825, 0.15565384615382621, 0.4669615384615651, 0.1556538461538694, 0.6745, 0.8301538461538261, 0.4669615384615651, 0.5707307692307825, 0.15565384615382621, 0.622615384615348, 0.8301538461538261, 0.5707307692307825, 0.5707307692307825, 1.089576923076913, 0.4150769230769131, 0.10376923076926067, 1.8159615384614785, 0.9858076923076956, 55.77596153846053, 0.051884615384608736, 55.153346153845135, 56.39857692307587, 0.622615384615348, 0.7782692307692175, 0.6744999999999568, 56.34669230769127, 2.0753846153846087, 0.7782692307692175, 57.747576923075876, 0.8820384615384782, 0.9339230769230868, 0.9339230769230868, 2.594230769230739, 1.08957692307687, 1.1933461538461305, 0.4150769230769131, 0.3113076923076956, 1.4527692307692173, 0.25942307692308686, 0.5188461538461737, 0.3631923076923043, 0.7782692307692175, 0.10376923076921747, 0.4669615384615651, 0.8820384615384782, 0.882038461538435, 0.3631923076923043, 0.4150769230769131, 0.25942307692308686, 0.4150769230769131, 1.2971153846153483, 0.20753846153847816, 1.556538461538435, 1.5046538461538261, 1.089576923076913, 0.25942307692304367, 0.5707307692307825, 0.6744999999999568, 1.2452307692307394, 0.8301538461538261, 0.4669615384615651, 0.6745, 0.9858076923076956, 0.25942307692308686, 0.5188461538461737, 0.5188461538461306, 0.31130769230765243, 0.10376923076926067, 0.3631923076923043, 0.9339230769230437, 0.25942307692308686, 0.1556538461538694, 0.20753846153843494, 0.3113076923076956, 1.349, 0.8301538461538261, 0.1556538461538694, 55.931615384614354, 0.4150769230769131, 0.3113076923076956, 0.3113076923076956, 56.606115384614355, 0.7263846153846086, 0.1556538461538694, 0.9858076923076524, 0.3113076923076956, 0.9339230769230868, 0.8820384615384782, 0.7263846153846086, 0.051884615384608736, 0.5188461538461737, 0.10376923076921747, 0.051884615384608736, 0.0, 0.4150769230769131, 0.0, 0.6226153846153912, 1.9716153846153481, 0.051884615384608736, 0.25942307692308686, 0.8301538461538261, 0.1556538461538694, 1.5046538461538261, 2.179153846153826, 1.0376923076922613, 0.0, 0.31130769230765243, 0.31130769230765243, 1.297115384615391, 0.3631923076923043, 0.3631923076923043, 1.2971153846153483, 0.7782692307692175, 0.4150769230769131, 0.3631923076923043, 0.0, 1.2452307692307825, 1.2452307692307825, 0.8301538461538261, 0.5707307692307825, 54.2713076923067, 1.5046538461538261, 2.179153846153826, 1.1414615384615217, 55.56842307692205, 0.10376923076926067, 0.4150769230769131, 1.1414615384615217, 0.3631923076923043, 0.4150769230769131, 0.7263846153846086, 2.1272692307692176, 1.1933461538461305, 0.4150769230769131, 0.6226153846153912, 0.4669615384615651, 0.5707307692307393, 1.764076923076913, 1.8159615384615218, 0.4150769230769131, 56.29480769230666, 1.1414615384615217, 0.1556538461538694, 0.6744999999999568, 0.9339230769230868, 0.8820384615384782, 0.4669615384615651, 1.1414615384615217, 1.1414615384615217, 0.4150769230769131, 0.7782692307692175, 1.349, 0.25942307692308686, 0.7263846153846086, 0.46696153846152183, 0.6744999999999568, 0.3113076923076956, 1.4008846153845655, 1.1933461538461305, 0.31130769230765243, 0.051884615384608736, 55.879730769229745, 1.4527692307692173, 1.349, 0.4150769230769131, 0.7263846153846086, 0.882038461538435, 1.4008846153846088, 0.6226153846153912, 0.9858076923076956, 0.7782692307692175, 0.8301538461538261, 58.31830769230661, 1.1933461538461305, 0.4669615384615651, 1.1414615384615217, 1.1414615384615217, 1.349, 0.20753846153847816, 1.6603076923076956, 0.7263846153846086, 1.8678461538460873, 0.4150769230769131, 0.25942307692304367, 0.3113076923076956, 1.4008846153845655, 1.297115384615391, 0.051884615384608736, 0.9858076923076956, 1.9197307692307393, 56.13915384615283, 55.931615384614354, 0.20753846153843494, 55.62030769230665, 0.051884615384608736, 56.657999999998964, 0.25942307692308686, 56.19103846153744, 1.0376923076923044, 54.21942307692209, 0.5707307692307393, 0.5707307692307825, 1.7121923076923042, 0.8820384615384782, 0.8301538461538261, 0.5707307692307393, 0.5707307692307393, 1.0376923076922613, 2.438576923076913, 0.5188461538461306, 1.1414615384615217, 0.7782692307692175, 1.4527692307691744, 0.8820384615384782, 0.1556538461538694, 55.30899999999901, 0.3631923076923043, 57.59192307692201, 55.98349999999896, 58.00699999999897, 0.4150769230769131, 1.4008846153846088, 0.4150769230769131, 0.7263846153846086, 0.8820384615384782, 0.9339230769230437, 1.08957692307687, 0.8301538461538261, 0.4150769230769131, 0.20753846153847816, 0.622615384615348, 0.9339230769230868, 0.4150769230769131, 0.3113076923076956, 1.556538461538435, 0.0, 0.15565384615382621, 0.5707307692307825, 1.1414615384615217, 0.3113076923076956, 56.03538461538361, 56.45046153846053, 1.5046538461538261, 1.1933461538461305, 0.7263846153846086, 1.4008846153845655, 1.297115384615391, 0.31130769230765243, 0.1556538461538694, 1.1933461538461305, 0.5188461538461306, 1.3489999999999567, 0.6745, 1.0376923076923044, 1.8159615384615218, 0.46696153846152183, 2.075384615384565, 0.5707307692307825, 56.45046153846053, 55.77596153846053, 0.6745, 55.257115384614394, 0.7782692307692175, 56.24292307692205, 55.72407692307592, 1.349, 0.1556538461538694, 0.6226153846153912, 0.8301538461538261, 56.34669230769127, 55.98349999999896, 56.13915384615283, 0.5707307692307393, 0.5188461538461737, 0.7263846153846086, 0.622615384615348, 0.7782692307692175, 0.4150769230769131, 1.4527692307692173, 0.6745, 0.10376923076921747, 0.7782692307692175, 56.29480769230666, 0.6226153846153912, 1.6084230769230436, 0.25942307692308686, 1.2452307692307394, 0.10376923076921747, 1.2971153846153483, 0.051884615384608736, 0.882038461538435, 1.6603076923076956, 0.0, 0.5707307692307825, 0.10376923076921747, 0.25942307692308686, 0.31130769230765243, 0.20753846153847816, 0.25942307692308686, 1.5046538461538261, 0.4150769230769131, 0.0, 0.10376923076921747, 0.051884615384608736, 0.8820384615384782, 0.7263846153846086, 1.4527692307691744, 1.1933461538461305, 1.089576923076913, 0.1556538461538694, 0.46696153846152183, 0.7782692307692175, 0.6226153846153912, 0.4150769230769131, 56.761769230768174, 0.8820384615384782, 55.879730769229745, 0.6226153846153912, 0.4150769230769131, 56.29480769230666, 0.5188461538461306, 1.2452307692307394, 0.6226153846153912, 0.5188461538461737, 1.297115384615391, 57.54003846153739, 0.8820384615384782, 1.6084230769230436, 0.5188461538461737, 0.25942307692308686, 0.622615384615348, 0.7782692307692175, 0.3113076923076956, 0.8301538461538261, 0.20753846153847816, 0.10376923076926067, 1.2971153846153483, 0.3631923076923043, 0.6226153846153912, 0.46696153846152183, 0.5188461538461737, 0.882038461538435, 0.0, 1.4008846153845655, 1.2452307692307394, 1.0376923076922613, 0.622615384615348, 0.9858076923076524, 0.0, 56.13915384615283, 0.8301538461538261, 55.98349999999896, 0.5707307692307825, 0.20753846153843494, 0.5188461538461737, 0.15565384615382621, 0.051884615384608736, 0.20753846153847816, 1.0376923076923044, 1.9197307692307393, 0.25942307692308686, 0.3631923076923043, 1.2452307692307825, 1.556538461538435, 0.5188461538461737, 0.7263846153846086, 0.46696153846152183, 0.3631923076923043, 0.7782692307692175, 1.1933461538461305, 1.297115384615391, 0.4150769230769131, 0.4150769230769131, 0.8301538461538261, 1.5046538461538261, 0.5188461538461737, 0.9858076923076956, 0.10376923076921747, 0.10376923076926067, 0.25942307692308686, 0.15565384615382621, 0.10376923076926067, 0.1556538461538694, 0.6745, 0.4150769230769131, 0.5188461538461737, 1.297115384615391, 0.051884615384608736, 0.3113076923076956, 1.4527692307691744, 55.879730769229745, 1.9716153846153481, 0.15565384615382621, 0.3631923076923043, 1.2452307692307825, 0.1556538461538694, 0.051884615384608736, 0.7782692307692175, 2.0753846153846087, 1.089576923076913, 0.9339230769230437, 0.6745, 0.051884615384608736, 0.9339230769230868, 0.622615384615348, 0.4150769230769131, 0.46696153846152183, 1.2452307692307825, 0.051884615384608736, 0.25942307692308686, 1.0376923076923044, 0.051884615384608736, 0.4150769230769131, 1.4008846153846088, 1.4008846153846088, 0.20753846153843494, 0.9858076923076956, 0.5707307692307393, 0.051884615384608736, 0.15565384615382621, 0.1556538461538694, 1.764076923076913, 0.10376923076926067, 0.8301538461538261, 0.10376923076921747, 0.25942307692304367, 0.25942307692304367, 0.6226153846153912, 0.20753846153847816, 0.15565384615382621, 0.8301538461538261, 1.2452307692307394, 56.606115384614355, 0.6745, 0.7263846153846086, 1.5046538461538261, 1.0376923076922613, 0.7263846153846086, 55.77596153846053, 55.931615384614354, 56.29480769230666, 1.089576923076913, 56.03538461538361, 0.051884615384608736, 0.20753846153847816, 0.25942307692304367, 0.10376923076921747, 0.46696153846152183, 0.20753846153843494, 0.31130769230765243, 1.556538461538435, 0.25942307692308686, 0.8301538461538261, 1.3489999999999567, 1.4008846153845655, 0.3631923076923043, 0.31130769230765243, 2.0234999999999568, 0.7782692307692175, 1.5046538461538261, 0.5707307692307393, 0.8820384615384782, 0.4150769230769131, 0.25942307692308686, 0.5707307692307825, 0.5707307692307393, 2.0753846153846087, 0.1556538461538694, 0.1556538461538694, 0.4669615384615651, 0.7782692307692175, 0.15565384615382621, 1.297115384615391, 1.9716153846153481, 1.2452307692307394, 0.8301538461538261, 1.1933461538461305, 0.7263846153846086, 0.7263846153846086, 0.25942307692304367, 0.882038461538435, 1.6603076923076523, 1.0376923076923044, 0.31130769230765243, 0.25942307692304367, 56.55423076922974, 0.5188461538461737, 0.9858076923076956, 0.3631923076923043, 2.0753846153846087, 57.95511538461431, 0.8301538461538261, 0.5707307692307825, 56.13915384615283, 56.96930769230666, 0.9339230769230868, 0.8820384615384782, 1.2452307692307825, 1.1414615384615217, 0.3631923076923043, 1.1933461538461305, 0.4150769230769131, 0.3113076923076956, 0.25942307692304367, 0.9858076923076956, 0.6745, 0.5188461538461737, 0.3113076923076956, 0.10376923076926067, 0.9858076923076956, 0.10376923076921747, 0.1556538461538694, 0.1556538461538694, 0.6226153846153912, 1.1933461538461305, 1.764076923076913, 0.10376923076926067, 0.0, 0.4669615384615651, 1.1414615384615217, 0.31130769230765243, 0.6744999999999568, 0.5188461538461306, 0.20753846153843494, 0.3631923076923043, 1.0376923076923044, 1.5046538461538261, 1.2452307692307825, 0.15565384615382621, 0.10376923076921747, 0.31130769230765243, 0.25942307692308686, 1.4008846153846088, 0.5188461538461306, 0.882038461538435, 55.41276923076822, 0.4150769230769131, 1.4008846153845655, 0.1556538461538694, 1.3489999999999567, 0.25942307692304367, 0.46696153846152183, 0.3631923076923043, 0.5707307692307825, 0.46696153846152183, 0.051884615384608736, 1.4527692307692173, 0.31130769230765243, 56.55423076922974, 56.761769230768174, 0.5707307692307393, 0.5707307692307825, 0.5707307692307393, 0.8301538461538261, 0.0, 0.4150769230769131, 0.10376923076921747, 0.3631923076923043, 57.384384615383574, 55.41276923076822, 0.3631923076923043, 0.25942307692308686, 0.0, 56.86553846153744, 56.34669230769127, 0.0, 55.62030769230665, 0.7782692307692175, 0.3631923076923043, 0.25942307692304367, 0.5188461538461737, 1.1414615384615217, 0.4669615384615651, 0.4150769230769131, 0.051884615384608736, 0.9858076923076956, 1.9197307692307393, 0.25942307692304367, 1.4008846153846088, 1.1933461538461305, 0.3113076923076956, 0.3631923076923043, 0.31130769230765243, 56.03538461538361, 55.77596153846053, 0.5188461538461306, 0.3113076923076956, 0.3631923076923043, 1.1414615384615217, 1.764076923076913, 0.15565384615382621, 0.8301538461538261, 56.86553846153744, 56.70988461538357, 1.0376923076923044, 0.9858076923076524, 55.30899999999901, 0.25942307692304367, 0.622615384615348, 1.089576923076913, 0.1556538461538694, 0.3631923076923043, 0.9339230769230437, 1.0376923076923044, 1.4008846153846088, 1.0376923076923044, 1.6603076923076523, 0.5707307692307825, 0.0, 0.7263846153846086, 0.8820384615384782, 1.4008846153846088, 0.31130769230765243, 0.7263846153846086, 0.7263846153846086, 0.3113076923076956, 1.0376923076922613, 0.051884615384608736, 0.3631923076923043, 0.051884615384608736, 0.3113076923076956, 0.3631923076923043, 0.6745, 1.5046538461538261, 1.0376923076923044, 0.5707307692307393, 1.349, 0.9858076923076524, 0.20753846153847816, 1.6603076923076956, 0.46696153846152183, 0.31130769230765243, 0.20753846153843494, 0.20753846153843494, 0.0, 0.8820384615384782, 1.7121923076922612, 0.882038461538435, 0.8301538461538261, 56.606115384614355, 0.051884615384608736, 0.0, 0.8820384615384782, 0.20753846153847816, 0.6226153846153912, 0.10376923076926067, 0.20753846153847816, 1.0376923076923044, 0.20753846153843494, 0.10376923076921747, 1.0376923076923044, 0.4150769230769131, 2.1272692307692176, 0.1556538461538694, 0.7782692307692175, 0.10376923076921747, 0.4150769230769131, 0.9858076923076956, 0.3113076923076956, 1.2452307692307825, 0.6226153846153912, 2.3348076923076526, 1.297115384615391, 0.10376923076921747, 0.20753846153843494, 0.15565384615382621, 1.764076923076913, 0.15565384615382621, 0.20753846153847816, 1.297115384615391, 0.051884615384608736, 1.9197307692307393, 1.4527692307692173, 0.9858076923076524, 0.3113076923076956, 0.10376923076926067, 1.1414615384615217, 0.051884615384608736, 0.051884615384608736, 0.3113076923076956, 0.3631923076923043, 1.0376923076922613, 1.0376923076922613, 1.1933461538461305, 56.34669230769127, 0.8301538461538261, 56.39857692307587, 0.6745, 0.46696153846152183, 1.1933461538461305, 0.7782692307692175, 0.8301538461538261, 0.5707307692307825, 2.594230769230739, 0.15565384615382621, 0.5188461538461306, 0.4150769230769131, 0.7263846153846086, 0.9858076923076956, 0.5707307692307825, 0.9339230769230868, 1.8159615384614785, 0.3113076923076956, 0.7263846153846086, 1.4008846153845655, 1.2971153846153483, 0.0, 0.7782692307692175, 1.089576923076913, 0.4150769230769131, 0.6226153846153912, 0.5188461538461737, 0.3113076923076956, 0.5707307692307393, 0.4150769230769131, 0.4669615384615651, 1.556538461538435, 2.542346153846087, 0.10376923076921747, 1.0376923076923044, 0.10376923076926067, 56.13915384615283, 1.9716153846153481, 1.4008846153845655, 1.2971153846153483, 0.4669615384615651, 0.5707307692307825, 0.31130769230765243, 0.051884615384608736, 1.0376923076923044, 1.0376923076922613, 0.3631923076923043, 0.10376923076926067, 0.0, 0.20753846153843494, 0.25942307692308686, 0.7782692307692175, 0.5707307692307825, 0.3631923076923043, 0.3631923076923043, 0.46696153846152183, 0.051884615384608736, 0.051884615384608736, 0.20753846153847816, 0.46696153846152183, 0.6745, 0.46696153846152183, 0.15565384615382621, 0.8301538461538261, 0.051884615384608736, 1.1414615384615217, 1.08957692307687, 0.6745, 0.7782692307692175, 0.622615384615348, 1.297115384615391, 0.9339230769230437, 0.9858076923076956, 0.10376923076926067, 0.051884615384608736, 0.9339230769230437, 1.4527692307692173, 0.3631923076923043, 0.622615384615348, 0.3631923076923043, 0.051884615384608736, 0.7782692307692175, 0.7782692307692175, 1.2452307692307825, 57.021192307691265, 0.1556538461538694, 1.5046538461538261, 56.70988461538357, 0.25942307692304367, 0.4150769230769131, 0.9339230769230437, 0.20753846153843494, 0.10376923076921747, 0.10376923076921747, 0.4150769230769131, 0.8820384615384782, 1.1414615384615217, 0.3631923076923043, 0.20753846153843494, 1.0376923076923044, 0.15565384615382621, 0.7263846153846086, 0.4150769230769131, 0.3631923076923043, 0.4150769230769131, 0.25942307692304367, 1.3489999999999567, 0.6745, 0.4150769230769131, 0.051884615384608736, 1.5046538461538261, 0.7782692307692175, 0.25942307692308686, 1.4527692307691744, 0.4669615384615651, 56.761769230768174, 0.6226153846153912, 1.556538461538435, 0.20753846153843494, 0.622615384615348, 1.089576923076913, 1.556538461538435, 0.7263846153846086, 56.86553846153744, 0.5188461538461737, 55.257115384614394, 0.7263846153846086, 0.1556538461538694, 0.8301538461538261, 55.46465384615283, 1.5046538461538261, 0.9339230769230868, 1.1933461538461305, 0.6226153846153912, 0.4150769230769131, 0.3113076923076956, 0.4150769230769131, 0.20753846153843494, 1.8159615384615218, 0.7263846153846086, 0.051884615384608736, 0.051884615384608736, 1.4008846153846088, 1.297115384615391, 0.622615384615348, 0.8301538461538261, 0.6745, 0.3631923076923043, 0.5707307692307825, 0.25942307692304367, 0.3631923076923043, 0.7263846153846086, 1.2452307692307825, 1.556538461538435, 1.1933461538461305, 0.6744999999999568, 0.25942307692304367, 1.297115384615391, 0.9339230769230868, 2.075384615384565, 56.19103846153744, 0.051884615384608736, 0.25942307692304367, 0.9858076923076956, 0.0, 0.5188461538461306, 0.4150769230769131, 55.67219230769131, 55.67219230769131, 1.7121923076923042, 1.8678461538460873, 55.36088461538361, 0.7782692307692175, 1.3489999999999567, 0.4150769230769131, 1.0376923076922613, 0.8820384615384782, 0.15565384615382621, 0.20753846153847816, 56.08726923076823, 56.29480769230666, 0.4150769230769131, 55.931615384614354, 56.761769230768174, 0.10376923076921747, 1.6084230769230436, 0.20753846153843494, 55.98349999999896, 55.30899999999901, 0.46696153846152183, 56.55423076922974, 0.8820384615384782, 56.91742307692205, 0.25942307692308686, 1.8159615384614785, 0.10376923076926067, 0.3631923076923043, 0.9339230769230437, 0.3631923076923043, 0.7263846153846086, 0.3631923076923043, 0.9339230769230437, 0.4150769230769131, 0.4150769230769131, 0.4150769230769131, 1.1933461538461305, 0.5188461538461737, 0.4669615384615651, 1.2452307692307394, 0.9858076923076524, 1.4527692307692173, 0.25942307692308686, 0.31130769230765243, 0.5707307692307825, 0.9858076923076956, 1.4008846153846088, 0.8301538461538261, 0.6745, 55.62030769230665, 0.25942307692308686, 0.20753846153847816, 56.91742307692205, 0.4150769230769131, 0.3631923076923043, 0.25942307692308686, 0.3631923076923043, 1.2452307692307825, 0.051884615384608736, 0.8301538461538261, 0.6226153846153912, 0.31130769230765243, 0.1556538461538694, 0.6744999999999568, 55.51653846153744, 1.9197307692307393, 0.8301538461538261, 56.03538461538361, 0.7782692307692175, 1.1414615384615217, 0.20753846153843494, 54.9458076923067, 55.04957692307592, 0.4669615384615651, 55.67219230769131, 1.2452307692307825, 56.55423076922974, 56.24292307692205, 1.5046538461538261, 0.20753846153847816, 1.1414615384615217, 1.6084230769230436, 0.10376923076926067, 0.7263846153846086, 0.5707307692307393, 0.46696153846152183, 0.20753846153847816, 0.882038461538435, 55.51653846153744, 1.2971153846153483, 0.4150769230769131, 0.0, 0.0, 1.556538461538435, 0.9858076923076956, 0.7263846153846086, 0.8301538461538261, 1.297115384615391, 0.10376923076926067, 2.179153846153826, 0.20753846153843494, 0.10376923076926067, 0.20753846153847816, 0.15565384615382621, 0.15565384615382621, 0.6745, 0.7263846153846086, 0.31130769230765243, 0.5188461538461306, 0.25942307692308686, 0.5707307692307825, 56.81365384615283, 0.4150769230769131, 0.6226153846153912, 1.4008846153845655, 0.8301538461538261, 0.20753846153843494, 0.7263846153846086, 0.8820384615384782, 1.2452307692307394, 0.7263846153846086, 0.5188461538461306, 0.051884615384608736, 0.622615384615348, 1.556538461538435, 0.10376923076926067, 0.25942307692304367, 1.1414615384615217, 0.051884615384608736, 1.8159615384615218, 0.622615384615348, 0.3113076923076956, 0.15565384615382621, 1.2452307692307825, 1.5046538461538261, 0.051884615384608736, 0.6226153846153912, 1.1933461538461305, 0.4150769230769131, 1.8678461538460873, 0.3631923076923043, 55.46465384615283, 55.20523076922975, 1.1933461538461305, 0.25942307692304367, 0.25942307692308686, 0.10376923076921747, 56.55423076922974, 57.48815384615279, 0.20753846153843494, 0.46696153846152183, 0.6226153846153912, 55.77596153846053, 55.41276923076822, 0.3631923076923043, 1.1933461538461305, 0.4669615384615651, 57.12496153846048, 56.606115384614355, 56.45046153846053, 1.08957692307687, 0.25942307692304367, 56.03538461538361, 56.34669230769127, 0.9339230769230868, 0.6226153846153912, 57.384384615383574, 56.39857692307587, 0.9858076923076956, 0.5188461538461737, 1.089576923076913, 0.25942307692308686, 56.29480769230666, 1.76407692307687, 0.7782692307692175, 0.20753846153847816, 0.051884615384608736, 0.3631923076923043, 0.5707307692307393, 0.31130769230765243, 1.1933461538461305, 0.8820384615384782, 0.46696153846152183, 0.4150769230769131, 0.1556538461538694, 0.6745, 1.9716153846153481, 1.2452307692307394, 1.2452307692307825, 0.5707307692307393, 0.6226153846153912, 0.051884615384608736, 0.15565384615382621, 1.6603076923076956, 0.5707307692307825, 0.051884615384608736, 0.4150769230769131, 1.1414615384615217, 1.4008846153845655, 55.72407692307592, 55.46465384615283, 55.46465384615283, 56.19103846153744, 0.25942307692304367, 54.9458076923067, 2.386692307692261, 0.5188461538461306, 0.25942307692304367, 0.46696153846152183, 0.9858076923076956, 0.31130769230765243, 0.25942307692308686, 0.4669615384615651, 1.556538461538435, 0.9858076923076956, 0.25942307692308686, 0.10376923076926067, 0.31130769230765243, 0.3631923076923043, 0.9858076923076956, 0.25942307692308686, 1.1933461538461305, 0.5188461538461737, 0.4150769230769131, 1.0376923076923044, 1.764076923076913, 0.5707307692307825, 0.9339230769230868, 0.15565384615382621, 0.7782692307692175, 1.1933461538461305, 1.1414615384615217, 0.051884615384608736, 0.6745, 1.556538461538435, 0.31130769230765243, 0.20753846153843494, 0.622615384615348, 0.9858076923076524, 0.25942307692308686, 0.25942307692304367, 0.46696153846152183, 0.20753846153847816, 1.2452307692307825, 55.62030769230665, 0.15565384615382621, 1.297115384615391, 0.15565384615382621, 2.179153846153783, 1.0376923076923044, 1.1933461538461305, 0.051884615384608736, 56.34669230769127, 0.20753846153843494, 0.622615384615348, 55.77596153846053, 0.6745, 0.7782692307692175, 0.0, 0.7263846153846086, 0.5188461538461737, 0.25942307692308686, 0.4669615384615651, 0.8301538461538261, 0.882038461538435, 1.1933461538461305, 0.8301538461538261, 0.9339230769230437, 0.6226153846153912, 0.5707307692307825, 1.9197307692307393, 0.9339230769230868, 1.089576923076913, 0.3113076923076956, 1.4008846153846088, 0.20753846153847816, 1.349, 1.5046538461538261, 56.29480769230666, 57.17684615384509, 1.1414615384615217, 1.1933461538461305, 0.3113076923076956, 0.31130769230765243, 1.2452307692307825, 0.25942307692304367, 0.0, 0.20753846153847816, 0.20753846153843494, 1.6084230769230436, 56.91742307692205, 0.3631923076923043, 0.25942307692304367, 1.556538461538435, 55.77596153846053, 0.6226153846153912, 55.51653846153744, 0.25942307692308686, 0.1556538461538694, 0.20753846153847816, 0.10376923076926067, 0.31130769230765243, 0.20753846153843494, 0.7263846153846086, 1.1414615384615217, 0.5707307692307825, 55.51653846153744, 0.051884615384608736, 56.91742307692205, 55.77596153846053, 0.4150769230769131, 55.931615384614354, 0.31130769230765243, 0.3631923076923043, 55.56842307692205, 56.29480769230666, 1.1414615384615217, 0.0, 0.15565384615382621, 0.9858076923076956, 57.33249999999896, 55.77596153846053, 1.089576923076913, 1.7121923076923042, 56.657999999998964, 55.98349999999896, 0.9339230769230868, 1.349, 0.7263846153846086, 0.10376923076921747, 0.7782692307692175, 55.879730769229745, 56.657999999998964, 0.3631923076923043, 55.67219230769131, 0.4150769230769131, 0.10376923076921747, 0.1556538461538694, 1.2452307692307825, 1.6603076923076956, 0.7782692307692175, 0.25942307692308686, 0.4150769230769131, 0.5707307692307393, 0.9858076923076524, 0.5188461538461737, 0.25942307692304367, 0.1556538461538694, 0.8301538461538261, 0.4669615384615651, 0.20753846153847816, 0.25942307692308686, 0.25942307692304367, 0.0, 0.0, 0.622615384615348, 0.5188461538461306, 1.2452307692307394, 0.5707307692307393, 0.3631923076923043, 0.31130769230765243, 0.6744999999999568, 0.5188461538461306, 0.0, 0.10376923076926067, 1.4527692307692173, 1.1414615384615217, 0.20753846153843494, 0.20753846153843494, 2.231038461538435, 55.56842307692205, 0.4669615384615651, 56.50234615384514, 0.9339230769230437, 57.073076923075874, 0.7263846153846086, 56.19103846153744, 55.62030769230665, 55.41276923076822, 55.62030769230665, 1.2452307692307394, 56.24292307692205, 0.25942307692304367, 0.8301538461538261, 0.15565384615382621, 0.5188461538461737, 0.051884615384608736, 1.0376923076922613, 0.5188461538461737, 1.089576923076913, 0.20753846153847816, 0.9339230769230437, 0.7782692307692175, 0.31130769230765243, 1.4527692307691744, 1.2452307692307394, 1.089576923076913, 0.051884615384608736, 0.051884615384608736, 0.20753846153847816, 0.1556538461538694, 0.4669615384615651, 0.4669615384615651, 0.5707307692307825, 0.6745, 0.7263846153846086, 55.879730769229745, 57.28061538461435, 0.15565384615382621, 0.3113076923076956, 0.3113076923076956, 56.19103846153744, 0.4150769230769131, 0.20753846153847816, 56.34669230769127, 0.3631923076923043, 56.657999999998964, 0.1556538461538694, 0.6745, 1.1414615384615217, 56.70988461538357, 57.22873076922975, 57.799461538460484, 56.606115384614355, 0.4669615384615651, 1.5046538461538261, 1.0376923076922613, 56.39857692307587, 0.10376923076921747, 56.96930769230666, 1.0376923076923044, 0.1556538461538694, 0.3631923076923043, 0.10376923076921747, 0.15565384615382621, 1.1414615384615217, 0.5188461538461306, 0.7263846153846086, 0.5707307692307393, 1.1933461538461305, 1.556538461538435, 0.5188461538461306, 56.606115384614355, 55.879730769229745, 0.9858076923076956, 1.2452307692307394, 56.29480769230666, 55.257115384614394, 0.0, 57.12496153846048, 55.56842307692205, 0.3631923076923043, 56.70988461538357, 0.5188461538461306, 0.8301538461538261, 0.5707307692307393, 0.10376923076926067, 0.6226153846153912, 55.82784615384514, 0.5188461538461737, 0.9339230769230868, 0.0, 0.1556538461538694, 0.3113076923076956, 0.051884615384608736, 0.8301538461538261, 0.15565384615382621, 0.6744999999999568, 55.20523076922975, 0.10376923076921747, 0.20753846153847816, 0.6226153846153912, 0.4150769230769131, 57.12496153846048, 57.021192307691265, 56.03538461538361, 55.51653846153744, 0.0, 0.20753846153843494, 1.0376923076922613, 0.5188461538461737, 0.15565384615382621, 55.879730769229745, 1.0376923076923044, 0.5188461538461306, 0.4150769230769131, 1.297115384615391, 1.0376923076923044, 0.051884615384608736, 1.9716153846153481, 0.10376923076921747, 56.606115384614355, 0.15565384615382621, 0.0, 0.882038461538435, 0.5707307692307825, 0.051884615384608736, 1.3489999999999567, 1.7121923076923042, 0.1556538461538694, 0.5188461538461306, 0.20753846153847816, 1.4008846153846088, 0.6745, 0.9339230769230868, 0.9339230769230437, 0.5188461538461306, 1.556538461538435, 0.0, 0.25942307692308686, 0.051884615384608736, 0.0, 0.4669615384615651, 0.0, 0.25942307692308686, 0.3113076923076956, 0.25942307692308686, 0.46696153846152183, 1.4008846153846088, 0.051884615384608736, 0.15565384615382621, 0.3631923076923043, 57.17684615384509, 56.34669230769127, 55.36088461538361, 0.051884615384608736, 0.10376923076921747, 0.31130769230765243, 0.25942307692308686, 1.1933461538461305, 0.3631923076923043, 0.10376923076921747, 0.051884615384608736, 0.9858076923076956, 0.6745, 0.051884615384608736, 1.4527692307691744, 0.46696153846152183, 1.089576923076913, 0.5188461538461306, 57.073076923075874, 0.20753846153847816, 0.7782692307692175, 0.20753846153843494, 1.2452307692307394, 0.9339230769230437, 56.29480769230666, 57.073076923075874, 56.13915384615283, 1.3489999999999567, 55.153346153845135, 0.3631923076923043, 1.349, 0.6226153846153912, 0.7782692307692175, 56.45046153846053, 0.9858076923076524, 0.882038461538435, 0.3113076923076956, 0.8301538461538261, 0.20753846153843494, 0.10376923076921747, 1.4527692307692173, 0.7782692307692175, 0.25942307692304367, 1.2452307692307825, 0.051884615384608736, 0.10376923076926067, 0.10376923076921747, 0.9858076923076956, 1.2971153846153483, 0.15565384615382621, 1.0376923076923044, 0.3113076923076956, 1.0376923076922613, 0.6744999999999568, 56.08726923076823, 55.72407692307592, 55.51653846153744, 0.25942307692304367, 1.08957692307687, 1.6603076923076523, 0.3631923076923043, 0.20753846153843494, 56.657999999998964, 0.3631923076923043, 0.7782692307692175, 0.15565384615382621, 0.051884615384608736, 0.25942307692308686, 1.3489999999999567, 0.20753846153843494, 0.4669615384615651, 0.3631923076923043, 0.6744999999999568, 0.051884615384608736, 0.20753846153843494, 0.3631923076923043, 0.3631923076923043, 1.4008846153846088, 0.25942307692304367, 0.7263846153846086, 0.0, 1.3489999999999567, 57.073076923075874, 1.1414615384615217, 0.31130769230765243, 2.7498846153845657, 1.9197307692307393, 0.8820384615384782, 0.3113076923076956, 0.8301538461538261, 0.4669615384615651, 0.7263846153846086, 0.10376923076921747, 0.31130769230765243, 0.4150769230769131, 0.7263846153846086, 0.4150769230769131, 0.9858076923076956, 1.556538461538435, 0.10376923076921747, 0.0, 1.08957692307687, 0.4669615384615651, 0.7263846153846086, 0.8301538461538261, 1.349, 0.25942307692304367, 55.72407692307592, 0.46696153846152183, 0.9339230769230437, 1.2452307692307825, 0.1556538461538694, 0.4669615384615651, 1.3489999999999567, 0.3631923076923043, 0.7782692307692175, 0.6226153846153912, 0.9339230769230437, 0.4150769230769131, 0.6744999999999568, 0.622615384615348, 0.8301538461538261, 0.25942307692304367, 0.7782692307692175, 0.10376923076926067, 0.10376923076926067, 0.25942307692308686, 0.6744999999999568, 0.20753846153843494, 0.5707307692307825, 1.297115384615391, 0.9339230769230437, 0.25942307692304367, 0.31130769230765243, 0.5707307692307825, 0.882038461538435, 1.3489999999999567, 1.2452307692307394, 0.10376923076926067, 0.8820384615384782, 0.5188461538461306, 0.6744999999999568, 0.25942307692308686, 0.8301538461538261, 0.051884615384608736, 1.9716153846153481, 0.1556538461538694, 1.0376923076922613, 1.08957692307687, 1.7121923076923042, 0.7263846153846086, 0.9858076923076956, 0.7263846153846086, 1.297115384615391, 0.3113076923076956, 0.3113076923076956, 0.7263846153846086, 0.1556538461538694, 0.15565384615382621, 0.4669615384615651, 0.25942307692304367, 0.8301538461538261, 0.3631923076923043, 1.4008846153846088, 0.25942307692304367, 1.0376923076923044, 0.25942307692308686, 0.46696153846152183, 0.15565384615382621, 0.20753846153843494, 0.15565384615382621, 0.4150769230769131, 0.3631923076923043, 0.3113076923076956, 0.31130769230765243, 1.1933461538461305, 0.25942307692308686, 0.20753846153847816, 0.20753846153843494, 1.8678461538461306, 0.20753846153843494, 0.3631923076923043, 1.4527692307692173, 0.051884615384608736, 0.3631923076923043, 0.9858076923076524, 1.089576923076913, 0.5707307692307825, 0.20753846153847816, 1.1414615384615217, 0.31130769230765243, 0.3631923076923043, 0.4669615384615651, 0.3113076923076956, 0.7263846153846086, 0.20753846153847816, 56.81365384615283, 55.98349999999896, 56.19103846153744, 0.051884615384608736, 1.9197307692307393, 1.4008846153846088, 0.1556538461538694, 0.051884615384608736, 0.8301538461538261, 0.1556538461538694, 0.9858076923076956, 1.1933461538461305, 0.7263846153846086, 0.20753846153843494, 0.9858076923076956, 0.3631923076923043, 0.7263846153846086, 0.3113076923076956, 1.8159615384615218, 0.15565384615382621, 1.8159615384615218, 0.6745, 0.9339230769230868, 0.4669615384615651, 0.7263846153846086, 1.5046538461538261, 0.5188461538461306, 0.5188461538461737, 0.25942307692308686, 1.08957692307687, 0.3113076923076956, 0.15565384615382621, 0.46696153846152183, 1.4008846153846088, 0.6744999999999568, 1.349, 0.9858076923076524, 0.20753846153843494, 0.4150769230769131, 0.3113076923076956, 0.31130769230765243, 1.1414615384615217, 0.0, 56.03538461538361, 0.10376923076926067, 56.606115384614355, 0.4669615384615651, 0.5707307692307825, 1.1933461538461305, 0.6745, 1.1933461538461305, 0.3631923076923043, 0.15565384615382621, 1.4527692307692173, 1.6603076923076523, 0.10376923076921747, 1.08957692307687, 0.10376923076921747, 0.8301538461538261, 0.25942307692308686, 2.0234999999999568, 0.5707307692307393, 0.3113076923076956, 0.622615384615348, 0.622615384615348, 0.8301538461538261, 1.7121923076923042, 0.3631923076923043, 0.10376923076921747, 0.4150769230769131, 0.9339230769230868, 0.0, 0.7782692307692175, 0.5188461538461737, 0.3631923076923043, 0.5188461538461306, 1.764076923076913, 0.20753846153847816, 0.25942307692308686, 1.1414615384615217, 0.8301538461538261, 0.0, 0.6744999999999568, 0.5188461538461737, 0.10376923076926067, 0.1556538461538694, 1.349, 57.17684615384509, 1.0376923076923044, 55.98349999999896, 0.20753846153843494, 56.13915384615283, 55.101461538460526, 56.606115384614355, 0.8820384615384782, 0.051884615384608736, 0.15565384615382621, 2.1272692307692176, 55.257115384614394, 0.0, 0.4150769230769131, 0.7782692307692175, 56.13915384615283, 0.7263846153846086, 56.81365384615283, 0.10376923076921747, 0.15565384615382621, 0.6226153846153912, 0.9339230769230868, 0.3113076923076956, 0.9858076923076956, 0.6226153846153912, 1.2971153846153483, 1.2971153846153483, 0.10376923076926067, 0.25942307692304367, 0.25942307692308686, 0.5707307692307393, 0.6744999999999568, 0.3631923076923043, 0.10376923076926067, 0.9339230769230437, 0.4150769230769131, 0.25942307692308686, 0.5188461538461737, 0.3631923076923043, 0.31130769230765243, 0.46696153846152183, 1.349, 0.46696153846152183, 0.622615384615348, 0.4150769230769131, 0.4150769230769131, 0.051884615384608736, 0.4150769230769131, 0.1556538461538694, 0.8301538461538261, 0.7263846153846086, 54.89392307692209, 0.6744999999999568, 1.4008846153846088, 0.10376923076926067, 0.10376923076926067, 0.3631923076923043, 0.25942307692304367, 0.7263846153846086, 0.4669615384615651, 0.5707307692307825, 0.4150769230769131, 0.15565384615382621, 0.4150769230769131, 0.0, 1.6603076923076523, 1.4008846153846088, 0.051884615384608736, 0.4150769230769131, 0.0, 0.3113076923076956, 1.2971153846153483, 0.4669615384615651, 57.12496153846048, 0.051884615384608736, 55.67219230769131, 0.20753846153847816, 1.556538461538435, 0.9858076923076524, 0.051884615384608736, 0.20753846153847816, 56.45046153846053, 56.24292307692205, 0.9858076923076524, 0.7782692307692175, 57.073076923075874, 0.46696153846152183, 1.6084230769230436, 0.6745, 1.2971153846153483, 0.20753846153843494, 0.25942307692304367, 0.1556538461538694, 0.7263846153846086, 1.089576923076913, 0.31130769230765243, 0.0, 1.8678461538461306, 1.349, 0.5707307692307825, 1.1414615384615217, 0.622615384615348, 1.4008846153846088, 0.3631923076923043, 0.6744999999999568, 0.3113076923076956, 0.5707307692307393, 56.34669230769127, 55.257115384614394, 56.03538461538361, 56.08726923076823, 56.606115384614355, 0.5707307692307393, 56.81365384615283, 0.0, 0.3113076923076956, 1.7121923076922612, 0.8301538461538261, 1.4008846153846088, 0.15565384615382621, 0.4150769230769131, 0.051884615384608736, 0.9858076923076956, 0.20753846153847816, 1.764076923076913, 0.882038461538435, 0.4150769230769131, 1.1414615384615217, 0.5707307692307393, 57.69569230769127, 56.657999999998964, 56.03538461538361, 1.349, 55.257115384614394, 56.81365384615283, 0.0, 1.7121923076923042, 0.4669615384615651, 55.879730769229745, 56.86553846153744, 1.4527692307691744, 55.56842307692205, 55.77596153846053, 56.50234615384514, 0.051884615384608736, 0.051884615384608736, 56.70988461538357, 55.46465384615283, 0.20753846153847816, 0.4150769230769131, 55.98349999999896, 55.98349999999896, 0.7263846153846086, 0.6226153846153912, 55.51653846153744, 56.657999999998964, 0.46696153846152183, 0.10376923076926067, 0.9858076923076956, 1.1414615384615217, 0.4150769230769131, 0.4150769230769131, 0.4669615384615651, 0.3113076923076956, 0.7782692307692175, 1.08957692307687, 0.7263846153846086, 0.15565384615382621, 0.7782692307692175, 0.051884615384608736, 0.7263846153846086, 1.089576923076913, 1.297115384615391, 0.10376923076921747, 1.0376923076923044, 1.1414615384615217, 0.7263846153846086, 0.8301538461538261, 0.8820384615384782, 0.3113076923076956, 0.3631923076923043, 1.6084230769230436, 0.7782692307692175, 1.1414615384615217, 0.20753846153847816, 0.15565384615382621, 0.15565384615382621, 55.30899999999901, 56.03538461538361, 55.46465384615283, 56.761769230768174, 55.46465384615283, 0.25942307692304367, 55.72407692307592, 0.4150769230769131, 1.9197307692307393, 0.6226153846153912, 0.5707307692307825, 57.28061538461435, 0.6226153846153912, 1.089576923076913, 0.1556538461538694, 1.4008846153845655, 0.5707307692307825, 0.25942307692308686, 0.20753846153843494, 0.10376923076921747, 1.4008846153846088, 0.4669615384615651, 0.10376923076926067, 55.98349999999896, 1.0376923076923044, 0.6745, 1.089576923076913, 1.6084230769230436, 56.81365384615283, 55.41276923076822, 1.1933461538461305, 1.7121923076923042, 0.10376923076921747, 1.1414615384615217, 0.8301538461538261, 1.5046538461538261, 1.349, 0.4669615384615651, 1.2452307692307825, 0.3113076923076956, 0.3631923076923043, 0.6226153846153912, 1.1933461538461305, 0.9858076923076524, 0.0, 0.7263846153846086, 0.20753846153847816, 0.6226153846153912, 0.051884615384608736, 56.91742307692205, 0.4150769230769131, 0.5707307692307825, 0.10376923076921747, 0.4150769230769131, 0.0, 0.4150769230769131, 0.6226153846153912, 0.6745, 1.089576923076913, 54.89392307692209, 56.24292307692205, 56.19103846153744, 0.31130769230765243, 0.9339230769230868, 0.25942307692308686, 0.20753846153847816, 1.8159615384615218, 0.20753846153847816, 0.3631923076923043, 1.2452307692307394, 0.4150769230769131, 0.622615384615348, 0.3631923076923043, 0.9339230769230868, 1.5046538461538261, 55.51653846153744, 56.13915384615283, 0.5188461538461306, 0.1556538461538694, 0.4669615384615651, 0.10376923076921747, 1.2452307692307394, 0.051884615384608736, 0.25942307692308686, 0.3631923076923043, 0.10376923076926067, 1.556538461538435, 0.7782692307692175, 0.622615384615348, 55.46465384615283, 55.82784615384514, 1.2452307692307825, 0.9339230769230437, 0.8820384615384782, 0.6745, 0.9339230769230868, 0.31130769230765243, 0.9858076923076956, 0.31130769230765243, 0.5707307692307393, 0.4150769230769131, 0.051884615384608736, 0.3631923076923043, 0.10376923076926067, 1.0376923076923044, 1.556538461538435, 0.20753846153847816, 0.8820384615384782, 0.051884615384608736, 0.9339230769230868, 1.4527692307692173, 0.1556538461538694, 0.31130769230765243, 56.86553846153744, 0.3631923076923043, 0.3631923076923043, 0.5707307692307825, 0.7263846153846086, 0.5188461538461737, 1.6084230769230436, 0.7782692307692175, 0.051884615384608736, 1.349, 1.1933461538461305, 0.25942307692304367, 0.9339230769230437, 0.3113076923076956, 0.6226153846153912, 0.3631923076923043, 0.25942307692308686, 54.79015384615283, 0.9858076923076956, 0.051884615384608736, 0.5707307692307825, 1.764076923076913, 0.25942307692304367, 0.25942307692308686, 0.051884615384608736, 0.7782692307692175, 1.089576923076913, 0.0, 1.6084230769230436, 0.10376923076926067, 0.4150769230769131, 0.46696153846152183, 1.1414615384615217, 55.41276923076822, 56.70988461538357, 56.13915384615283, 55.30899999999901, 56.39857692307587, 0.1556538461538694, 0.5188461538461306, 0.1556538461538694, 0.10376923076921747, 55.20523076922975, 0.7263846153846086, 1.0376923076923044, 0.6745, 55.101461538460526, 56.86553846153744, 55.04957692307592, 2.1272692307692176, 1.2452307692307825, 0.5707307692307393, 0.6744999999999568, 56.34669230769127, 0.5188461538461737, 1.0376923076923044, 56.70988461538357, 56.55423076922974, 0.25942307692304367, 1.0376923076922613, 55.62030769230665, 0.5707307692307825, 56.29480769230666, 56.55423076922974, 1.764076923076913, 1.2452307692307825, 2.853653846153826, 0.25942307692304367, 0.7782692307692175, 0.4669615384615651, 0.6745, 0.3631923076923043, 0.4150769230769131, 0.6226153846153912, 0.7782692307692175, 0.31130769230765243, 0.10376923076921747, 0.4150769230769131, 0.6745, 0.051884615384608736, 0.4669615384615651, 0.31130769230765243, 0.051884615384608736, 0.6226153846153912, 56.45046153846053, 0.25942307692304367, 1.2452307692307394, 1.2452307692307394, 56.657999999998964, 0.8301538461538261, 0.3631923076923043, 57.12496153846048, 56.50234615384514, 0.3113076923076956, 56.70988461538357, 0.7782692307692175, 55.51653846153744, 55.20523076922975, 0.0, 0.5707307692307825, 0.8820384615384782, 0.6744999999999568, 0.3113076923076956, 1.1414615384615217, 0.6745, 0.4669615384615651, 55.41276923076822, 1.0376923076923044, 1.1414615384615217, 0.9858076923076524, 0.3113076923076956, 55.931615384614354, 0.7263846153846086, 0.5188461538461737, 1.2971153846153483, 0.10376923076926067, 0.7263846153846086, 0.5707307692307825, 56.29480769230666, 57.021192307691265, 0.0, 55.46465384615283, 0.4669615384615651, 56.34669230769127, 0.051884615384608736, 1.3489999999999567, 56.657999999998964, 57.384384615383574, 0.3113076923076956, 54.9458076923067, 0.20753846153843494, 0.6744999999999568, 0.5188461538461306, 0.6226153846153912, 56.45046153846053, 55.41276923076822, 55.82784615384514, 0.3631923076923043, 0.9339230769230868, 1.4008846153846088, 0.0, 0.8301538461538261, 0.5188461538461306, 0.7782692307692175, 56.70988461538357, 55.46465384615283, 56.606115384614355, 0.10376923076921747, 56.81365384615283, 0.9339230769230437, 0.5188461538461306, 0.10376923076921747, 57.12496153846048, 55.82784615384514, 56.50234615384514, 0.0, 55.931615384614354, 56.39857692307587, 55.04957692307592, 56.19103846153744, 56.657999999998964, 55.67219230769131, 0.6745, 0.31130769230765243, 56.19103846153744, 1.2452307692307394, 1.8159615384615218, 0.6226153846153912, 56.55423076922974, 55.82784615384514, 56.606115384614355, 0.31130769230765243, 1.2971153846153483, 57.54003846153739, 55.46465384615283, 56.13915384615283, 0.3631923076923043, 56.81365384615283, 0.7263846153846086, 0.25942307692308686, 56.761769230768174, 55.36088461538361, 55.62030769230665, 55.30899999999901, 1.0376923076923044, 0.4150769230769131, 0.051884615384608736, 0.4150769230769131, 0.25942307692304367, 2.646115384615348, 0.5188461538461306, 0.8301538461538261, 2.179153846153826, 0.25942307692308686, 0.6745, 1.089576923076913, 0.5707307692307393, 0.0, 0.10376923076921747, 0.0, 0.10376923076926067, 1.1414615384615217, 0.8820384615384782, 0.1556538461538694, 0.7782692307692175, 0.3113076923076956, 1.9716153846153481, 0.051884615384608736, 0.3631923076923043, 1.0376923076923044, 0.5188461538461306, 1.5046538461538261, 0.5188461538461737, 0.7263846153846086, 1.0376923076923044, 0.051884615384608736, 0.0, 0.20753846153847816, 1.7121923076923042, 0.3631923076923043, 1.2452307692307394, 0.5707307692307825, 0.1556538461538694, 0.5188461538461306, 0.9339230769230437, 0.7782692307692175, 1.5046538461538261, 0.10376923076926067, 0.20753846153843494, 0.6226153846153912, 55.36088461538361, 56.50234615384514, 0.051884615384608736, 1.297115384615391, 56.13915384615283, 0.8301538461538261, 0.9339230769230437, 1.2452307692307825, 0.10376923076926067, 0.3631923076923043, 1.0376923076922613, 56.29480769230666, 0.5707307692307825, 0.4150769230769131, 0.9858076923076524, 0.5707307692307825, 0.8301538461538261, 0.0, 0.4150769230769131, 0.31130769230765243, 0.3113076923076956, 2.075384615384565, 0.20753846153843494, 0.5188461538461306, 0.7263846153846086, 0.051884615384608736, 0.10376923076921747, 1.9197307692307393, 0.6226153846153912, 0.20753846153847816, 0.1556538461538694, 1.2452307692307825, 0.9858076923076524, 1.3489999999999567, 0.3631923076923043, 55.82784615384514, 57.17684615384509, 55.62030769230665, 1.2452307692307825, 56.70988461538357, 57.747576923075876, 0.46696153846152183, 1.1414615384615217, 1.556538461538435, 0.1556538461538694, 1.8159615384615218, 0.15565384615382621, 1.1414615384615217, 0.6745, 1.556538461538435, 0.7782692307692175, 0.25942307692308686, 1.764076923076913, 0.9339230769230868, 0.0, 1.4008846153846088, 0.31130769230765243, 1.0376923076923044, 0.4669615384615651, 0.882038461538435, 0.10376923076921747, 0.9339230769230868, 0.882038461538435, 56.91742307692205, 0.20753846153843494, 0.9858076923076956, 1.0376923076922613, 1.7121923076923042, 0.6745, 1.2452307692307825, 0.9858076923076524, 0.051884615384608736, 0.25942307692308686, 55.67219230769131, 56.45046153846053, 0.9339230769230437, 56.13915384615283, 0.31130769230765243, 0.10376923076926067, 1.8159615384615218, 0.25942307692304367, 0.10376923076921747, 56.50234615384514, 0.1556538461538694, 0.0, 1.0376923076923044, 0.25942307692308686, 0.9858076923076524, 0.7263846153846086, 0.10376923076926067, 0.25942307692304367, 2.179153846153826, 0.051884615384608736, 0.7263846153846086, 0.8301538461538261, 0.10376923076921747, 1.089576923076913, 0.25942307692304367, 1.4008846153845655, 0.3631923076923043, 0.6745, 1.297115384615391, 0.15565384615382621, 0.10376923076926067, 0.6745, 0.051884615384608736, 0.25942307692308686, 0.8820384615384782, 0.6226153846153912, 0.10376923076926067, 0.8301538461538261, 0.4669615384615651, 0.9858076923076956, 0.882038461538435, 0.3113076923076956, 0.9339230769230868, 0.10376923076921747, 0.7263846153846086, 1.0376923076923044, 0.31130769230765243, 0.5707307692307825, 1.556538461538435, 0.4150769230769131, 0.25942307692308686, 0.10376923076926067, 0.20753846153843494, 0.20753846153843494, 0.10376923076926067, 0.8301538461538261, 0.4669615384615651, 0.3631923076923043, 0.051884615384608736, 0.6745, 0.5707307692307393, 0.20753846153847816, 1.7121923076923042, 0.10376923076926067, 0.4150769230769131, 0.7263846153846086, 0.10376923076926067, 1.1414615384615217, 0.7782692307692175, 0.10376923076921747, 0.46696153846152183, 0.0, 0.31130769230765243, 0.6744999999999568, 1.089576923076913, 1.2971153846153483, 0.31130769230765243, 0.3631923076923043, 0.051884615384608736, 0.10376923076921747, 0.4150769230769131, 0.10376923076926067, 0.4150769230769131, 0.6226153846153912, 1.556538461538435, 1.089576923076913, 1.5046538461538261, 0.1556538461538694, 0.5188461538461737, 0.051884615384608736, 0.3631923076923043, 2.3348076923076526, 0.5707307692307825, 0.9858076923076524, 0.051884615384608736, 1.5046538461538261, 0.46696153846152183, 1.1933461538461305, 0.25942307692308686, 0.15565384615382621, 54.99769230769131, 1.1933461538461305, 0.20753846153847816, 1.3489999999999567, 55.72407692307592, 0.10376923076926067, 55.931615384614354, 56.70988461538357, 56.29480769230666, 55.257115384614394, 0.5707307692307393, 0.882038461538435, 1.297115384615391, 56.19103846153744, 56.86553846153744, 1.3489999999999567, 0.1556538461538694, 0.8820384615384782, 0.10376923076921747, 0.8820384615384782, 1.0376923076923044, 0.3113076923076956, 1.1414615384615217, 0.0, 0.9339230769230437, 0.15565384615382621, 0.4150769230769131, 0.3631923076923043, 0.3631923076923043, 0.7263846153846086, 0.5188461538461737, 0.5707307692307825, 0.9858076923076524, 0.25942307692304367, 0.4150769230769131, 57.69569230769127, 0.3631923076923043, 0.3631923076923043, 0.6744999999999568, 0.5707307692307825, 0.10376923076921747, 0.8301538461538261, 0.4669615384615651, 0.3113076923076956, 0.6744999999999568, 1.6603076923076956, 0.3113076923076956, 0.0, 0.3631923076923043, 0.31130769230765243, 0.3631923076923043, 1.089576923076913, 0.6745, 0.5188461538461737, 0.6226153846153912, 0.20753846153843494, 0.0, 0.15565384615382621, 0.5188461538461306, 0.3631923076923043, 0.4669615384615651, 0.4150769230769131, 0.6745, 0.5188461538461306, 1.349, 0.31130769230765243, 1.556538461538435, 0.5188461538461306, 1.1414615384615217, 0.7782692307692175, 0.882038461538435, 0.4150769230769131, 0.1556538461538694, 0.15565384615382621, 0.20753846153843494, 0.0, 0.0, 0.051884615384608736, 1.5046538461538261, 1.1414615384615217, 1.76407692307687, 0.9858076923076956, 1.297115384615391, 1.297115384615391, 1.089576923076913, 0.25942307692308686, 0.3631923076923043, 0.622615384615348, 1.8678461538461306, 0.46696153846152183, 0.46696153846152183, 0.5188461538461306, 1.4008846153846088, 0.622615384615348, 1.1414615384615217, 0.1556538461538694, 0.051884615384608736, 1.1414615384615217, 0.5188461538461306, 0.6745, 0.8301538461538261, 0.9858076923076956, 0.46696153846152183, 0.20753846153843494, 0.46696153846152183, 1.1414615384615217, 0.25942307692304367, 0.3631923076923043, 1.089576923076913, 55.51653846153744, 0.3631923076923043, 1.4527692307691744, 0.25942307692304367, 0.4150769230769131, 56.29480769230666, 0.4150769230769131, 56.39857692307587, 0.6226153846153912, 0.3113076923076956, 1.556538461538435, 0.10376923076921747, 0.7782692307692175, 55.51653846153744, 1.2971153846153483, 0.5707307692307825, 0.10376923076926067, 1.1933461538461305, 1.297115384615391, 0.7263846153846086, 0.25942307692308686, 0.20753846153847816, 0.7782692307692175, 0.6226153846153912, 0.9339230769230437, 1.4008846153846088, 0.4150769230769131, 0.5188461538461737, 0.7263846153846086, 0.9858076923076956, 1.1933461538461305, 0.8820384615384782, 0.4150769230769131, 1.1414615384615217, 55.46465384615283, 0.25942307692304367, 0.7782692307692175, 0.7782692307692175, 0.051884615384608736, 1.4008846153845655, 0.7782692307692175, 0.6745, 0.8301538461538261, 1.0376923076922613, 0.4669615384615651, 0.4150769230769131, 0.622615384615348, 0.4150769230769131, 0.4150769230769131, 2.1272692307692176, 55.72407692307592, 0.051884615384608736, 0.4669615384615651, 0.8301538461538261, 0.051884615384608736, 0.051884615384608736, 0.4669615384615651, 0.3113076923076956, 0.10376923076921747, 0.0, 0.622615384615348, 56.08726923076823, 0.5188461538461306, 0.5188461538461306, 0.051884615384608736, 0.7263846153846086, 0.8820384615384782, 0.25942307692304367, 0.10376923076926067, 0.1556538461538694, 0.7263846153846086, 1.0376923076922613, 0.15565384615382621, 0.8301538461538261, 0.051884615384608736, 0.7263846153846086, 0.3631923076923043, 0.25942307692304367, 0.25942307692308686, 0.4669615384615651, 0.10376923076921747, 1.2971153846153483, 0.7263846153846086, 0.8820384615384782, 0.9858076923076956, 0.3631923076923043, 0.9858076923076524, 0.10376923076921747, 0.7782692307692175, 0.051884615384608736, 0.6226153846153912, 0.051884615384608736, 1.0376923076923044, 1.5046538461538261, 0.10376923076926067, 0.7263846153846086, 0.6745, 0.46696153846152183, 0.3113076923076956, 0.5188461538461737, 0.4150769230769131, 0.4150769230769131, 1.2452307692307394, 1.349, 0.4150769230769131, 0.10376923076921747, 0.4669615384615651, 0.20753846153847816, 0.051884615384608736, 0.882038461538435, 0.051884615384608736, 0.5188461538461306, 57.69569230769127, 0.5707307692307393, 0.9339230769230437, 55.72407692307592, 0.1556538461538694, 0.5707307692307393, 0.1556538461538694, 0.3631923076923043, 1.764076923076913, 0.15565384615382621, 0.20753846153843494, 0.4669615384615651, 0.0, 0.25942307692308686, 0.3631923076923043, 0.0, 0.25942307692304367, 0.25942307692308686, 0.20753846153843494, 1.8159615384615218, 0.8301538461538261, 0.7263846153846086, 0.4150769230769131, 0.7782692307692175, 1.8678461538461306, 1.5046538461538261, 0.9858076923076956, 0.8301538461538261, 1.1933461538461305, 0.20753846153843494, 0.6226153846153912, 1.089576923076913, 0.8820384615384782, 0.20753846153847816, 0.20753846153847816, 0.0, 0.051884615384608736, 0.10376923076921747, 0.10376923076921747, 1.297115384615391, 0.8820384615384782, 0.051884615384608736, 0.20753846153847816, 0.6745, 1.4008846153845655, 0.4669615384615651, 0.0, 0.8301538461538261, 0.7263846153846086, 0.15565384615382621, 0.10376923076926067, 0.15565384615382621, 0.5188461538461737, 0.7263846153846086, 0.7782692307692175, 0.622615384615348, 0.7782692307692175, 0.25942307692308686, 2.127269230769174, 0.5188461538461306, 0.25942307692304367, 0.10376923076921747, 0.9339230769230437, 1.556538461538435, 1.0376923076923044, 0.3113076923076956, 1.6084230769230436, 0.051884615384608736, 1.5046538461538261, 0.6226153846153912, 0.10376923076921747, 0.25942307692308686, 0.9858076923076956, 0.051884615384608736, 0.25942307692304367, 0.9339230769230437, 1.461416666666651, 1.01175, 60.48016666666492, 61.772958333331545, 59.97429166666494, 0.33724999999999994, 2.360749999999953, 0.28104166666667446, 0.28104166666662767, 0.056208333333325526, 0.786916666666651, 1.0117499999999533, 0.1686249999999766, 1.1803749999999298, 1.6300416666666275, 0.8431249999999766, 61.04224999999822, 60.929833333331565, 61.43570833333155, 59.80566666666492, 60.48016666666492, 0.28104166666667446, 2.5855833333332554, 0.0, 0.3934583333333255, 0.056208333333325526, 0.3934583333333255, 0.3934583333333255, 0.28104166666667446, 0.9555416666666278, 0.3934583333333255, 60.19912499999824, 0.11241666666665105, 0.28104166666667446, 0.3934583333333255, 1.1241666666666044, 0.28104166666667446, 0.28104166666667446, 0.5058749999999766, 1.6862499999999532, 0.5058749999999766, 0.28104166666667446, 1.124166666666651, 0.28104166666667446, 0.5058749999999766, 0.33724999999999994, 0.28104166666662767, 2.4731666666665575, 1.0679583333333256, 0.22483333333334893, 0.1686250000000234, 2.1921249999999297, 0.22483333333334893, 0.5620833333333022, 0.6744999999999531, 0.28104166666662767, 0.7307083333333255, 1.0679583333333256, 1.0679583333333256, 0.44966666666665106, 0.7307083333332788, 1.9672916666666276, 0.786916666666651, 0.33724999999999994, 0.5058749999999766, 0.44966666666665106, 1.01175, 1.3489999999999998, 0.8431249999999766, 0.3372499999999532, 1.9672916666666276, 1.3489999999999998, 0.3934583333333255, 0.3372499999999532, 0.786916666666651, 0.056208333333325526, 1.0679583333332787, 0.786916666666651, 0.3934583333333255, 0.9555416666666745, 0.2248333333333021, 1.2927916666666277, 60.36774999999827, 61.548124999998244, 61.3232916666649, 60.25533333333156, 60.704999999998265, 1.124166666666651, 0.5620833333333489, 0.786916666666651, 0.8993333333333021, 61.82916666666487, 0.8431249999999766, 59.97429166666494, 0.22483333333334893, 0.8993333333333021, 1.6862499999999532, 0.44966666666665106, 0.1686249999999766, 0.3934583333333255, 0.5058749999999766, 0.5620833333333022, 0.2248333333333021, 0.8431249999999766, 0.8993333333333021, 0.5620833333333022, 0.056208333333325526, 0.0, 0.7307083333332788, 3.428708333333232, 1.124166666666651, 1.3489999999999998, 1.6300416666666275, 1.0679583333333256, 1.0679583333333256, 60.704999999998265, 60.25533333333156, 1.3489999999999531, 0.5620833333333022, 0.0, 0.22483333333334893, 0.9555416666666278, 2.5855833333332554, 0.9555416666666745, 0.28104166666667446, 0.6744999999999531, 0.5620833333333489, 0.7307083333332788, 0.8993333333333021, 0.5058749999999766, 0.3934583333333255, 0.3934583333333255, 1.5176249999999767, 60.6487916666649, 0.28104166666667446, 0.7307083333333255, 0.8993333333333021, 1.9110833333332555, 0.11241666666669786, 0.1686250000000234, 1.1803749999999298, 0.8993333333333021, 1.9110833333332555, 0.2248333333333021, 0.5058750000000234, 0.9555416666666745, 0.0, 0.786916666666651, 0.11241666666665105, 60.929833333331565, 2.248333333333302, 0.5620833333333489, 61.60433333333157, 0.9555416666666745, 0.6182916666666745, 61.09845833333154, 60.704999999998265, 0.5620833333333489, 1.124166666666651, 0.0, 0.9555416666666745, 0.1686249999999766, 0.6182916666666745, 0.22483333333334893, 0.6744999999999999, 0.5058750000000234, 0.8993333333333021, 0.3934583333333255, 0.3934583333333255, 0.44966666666665106, 60.03049999999826, 60.761208333331595, 1.5738333333332555, 60.48016666666492, 0.6744999999999999, 2.5293749999999298, 60.48016666666492, 0.5620833333333489, 60.929833333331565, 61.09845833333154, 1.124166666666651, 0.28104166666667446, 0.28104166666667446, 0.8431249999999766, 60.87362499999824, 61.43570833333155, 1.01175, 60.142916666664924, 59.24358333333162, 60.929833333331565, 0.44966666666665106, 60.48016666666492, 59.35599999999827, 0.1686249999999766, 60.87362499999824, 60.761208333331595, 0.1686250000000234, 60.761208333331595, 0.33724999999999994, 60.25533333333156, 60.48016666666492, 0.11241666666669786, 59.861874999998285, 0.22483333333334893, 59.80566666666492, 0.6744999999999999, 1.1241666666666044, 61.26708333333156, 60.986041666664896, 60.311541666664944, 1.0679583333332787, 0.3934583333333255, 0.3372499999999532, 61.09845833333154, 0.9555416666666278, 1.1241666666666044, 0.6744999999999999, 0.44966666666665106, 0.5058749999999766, 0.28104166666667446, 1.01175, 0.8993333333333021, 0.44966666666665106, 0.33724999999999994, 0.3372499999999532, 0.9555416666666745, 0.7307083333333255, 1.6300416666666275, 1.236583333333302, 0.6182916666666277, 0.11241666666669786, 2.135916666666604, 0.33724999999999994, 0.11241666666665105, 1.9110833333333022, 1.236583333333302, 0.5620833333333022, 0.7307083333332788, 0.33724999999999994, 0.8993333333333021, 1.1803749999999764, 0.28104166666662767, 0.7307083333333255, 0.33724999999999994, 0.5058749999999766, 61.04224999999822, 0.1686249999999766, 60.536374999998245, 0.33724999999999994, 1.01175, 61.04224999999822, 0.28104166666667446, 1.6300416666666275, 59.41220833333159, 60.986041666664896, 61.3232916666649, 0.11241666666669786, 0.056208333333325526, 60.59258333333157, 61.21087499999824, 1.01175, 0.1686249999999766, 0.786916666666651, 0.6182916666666277, 0.0, 0.3372499999999532, 0.22483333333334893, 0.2248333333333021, 60.81741666666492, 61.21087499999824, 61.6605416666649, 61.15466666666492, 60.142916666664924, 60.929833333331565, 59.63704166666494, 1.01175, 61.09845833333154, 0.1686249999999766, 60.311541666664944, 0.9555416666666278, 0.3372499999999532, 61.3232916666649, 60.48016666666492, 61.379499999998224, 0.44966666666665106, 61.3232916666649, 0.786916666666651, 0.9555416666666745, 1.124166666666651, 0.9555416666666745, 0.0, 0.786916666666651, 0.2248333333333021, 0.1686249999999766, 0.44966666666665106, 0.6182916666666277, 61.3232916666649, 62.222624999998196, 0.8431249999999766, 2.0234999999999532, 0.3934583333333255, 0.11241666666669786, 1.6300416666666275, 61.997791666664895, 61.772958333331545, 59.861874999998285, 1.4614166666666042, 60.4239583333316, 1.124166666666651, 1.236583333333302, 0.6182916666666277, 0.2248333333333021, 0.44966666666665106, 1.1241666666666044, 0.8993333333333021, 0.6744999999999999, 0.33724999999999994, 0.1686249999999766, 0.1686249999999766, 0.22483333333334893, 0.11241666666665105, 1.4052083333332788, 0.0, 0.44966666666665106, 0.0, 0.6182916666666745, 0.33724999999999994, 59.918083333331616, 0.33724999999999994, 59.18737499999829, 0.7307083333333255, 59.468416666664965, 0.6744999999999999, 0.11241666666669786, 0.6182916666666745, 1.5176249999999298, 0.44966666666665106, 0.11241666666665105, 0.6744999999999531, 0.0, 0.22483333333334893, 0.2248333333333021, 0.9555416666666278, 0.11241666666665105, 0.44966666666665106, 1.461416666666651, 0.28104166666667446, 1.236583333333302, 0.28104166666667446, 1.5176249999999767, 0.11241666666665105, 0.8431249999999766, 0.8993333333333021, 1.01175, 0.9555416666666745, 0.6182916666666277, 0.28104166666667446, 0.7307083333332788, 0.5058750000000234, 0.786916666666651, 0.11241666666665105, 0.6744999999999531, 0.7307083333332788, 60.986041666664896, 59.918083333331616, 1.6300416666666275, 0.056208333333325526, 0.6744999999999999, 1.8548749999999299, 60.59258333333157, 0.3372499999999532, 60.59258333333157, 0.44966666666665106, 0.0, 60.311541666664944, 1.8548749999999765, 0.5058750000000234, 1.2927916666666277, 1.236583333333302, 0.7307083333333255, 0.8431249999999766, 1.461416666666651, 1.8548749999999765, 1.5176249999999767, 1.0117499999999533, 1.9672916666665807, 0.0, 0.6744999999999999, 0.2248333333333021, 0.786916666666651, 0.2248333333333021, 1.4052083333333254, 0.3372499999999532, 0.8993333333333021, 1.0679583333332787, 0.056208333333325526, 1.236583333333302, 0.6744999999999999, 1.0679583333333256, 0.056208333333325526, 0.5620833333333022, 60.19912499999824, 60.536374999998245, 59.97429166666494, 0.11241666666665105, 0.8431249999999766, 1.9672916666665807, 1.01175, 1.0679583333333256, 0.8993333333333021, 1.0679583333332787, 1.573833333333302, 2.135916666666604, 0.8431249999999766, 0.8993333333333021, 0.1686250000000234, 0.33724999999999994, 0.056208333333325526, 0.6182916666666745, 0.44966666666665106, 0.22483333333334893, 60.6487916666649, 60.929833333331565, 0.9555416666666278, 62.05399999999822, 60.536374999998245, 1.7424583333332786, 1.0679583333333256, 1.5176249999999298, 0.8431249999999766, 1.1803749999999764, 1.2927916666666277, 0.6744999999999531, 2.866624999999883, 0.056208333333325526, 0.3934583333333255, 1.1803749999999764, 0.786916666666651, 0.2248333333333021, 0.6182916666666745, 0.22483333333334893, 0.5058749999999766, 0.28104166666662767, 0.3934583333333255, 0.1686249999999766, 0.11241666666669786, 0.056208333333325526, 0.6744999999999999, 1.7986666666666042, 1.7424583333332786, 60.59258333333157, 0.8431249999999766, 0.8431249999999766, 0.11241666666665105, 61.71674999999822, 0.786916666666651, 0.6744999999999999, 0.11241666666665105, 0.3934583333333255, 0.3934583333333255, 60.81741666666492, 59.299791666664945, 0.11241666666665105, 0.8993333333333021, 60.142916666664924, 0.22483333333334893, 61.548124999998244, 0.2248333333333021, 0.786916666666651, 60.48016666666492, 1.0679583333332787, 0.1686249999999766, 1.2927916666666277, 1.9672916666666276, 0.44966666666665106, 0.056208333333325526, 0.22483333333334893, 0.28104166666662767, 0.6182916666666745, 0.33724999999999994, 1.9110833333333022, 0.5620833333333022, 0.3934583333333255, 0.22483333333334893, 0.1686249999999766, 0.5058750000000234, 0.5058750000000234, 0.22483333333334893, 0.8431249999999766, 0.11241666666669786, 1.6300416666666275, 0.2248333333333021, 1.0679583333333256, 1.7424583333332786, 0.6744999999999999, 1.0117499999999533, 0.28104166666662767, 0.6182916666666745, 0.8993333333333021, 2.248333333333302, 0.8431249999999766, 0.3934583333333255, 1.3489999999999998, 0.786916666666651, 0.6744999999999999, 1.4052083333333254, 0.0, 0.786916666666651, 0.1686250000000234, 0.5058749999999766, 0.44966666666665106, 0.28104166666667446, 0.9555416666666745, 0.5058750000000234, 1.461416666666651, 0.6744999999999999, 0.33724999999999994, 1.0679583333333256, 0.056208333333325526, 0.44966666666665106, 0.3934583333333255, 0.5058749999999766, 1.0679583333333256, 0.11241666666669786, 0.2248333333333021, 0.2248333333333021, 1.236583333333302, 1.573833333333302, 0.8431249999999766, 0.1686250000000234, 1.9110833333333022, 0.3934583333333255, 0.0, 0.11241666666665105, 1.01175, 0.22483333333334893, 0.056208333333325526, 0.6182916666666745, 1.5738333333332555, 0.1686250000000234, 0.11241666666665105, 0.9555416666666745, 1.124166666666651, 1.01175, 0.1686250000000234, 0.1686249999999766, 2.248333333333302, 0.056208333333325526, 0.8993333333333021, 0.5620833333333022, 0.33724999999999994, 0.28104166666662767, 1.4614166666666042, 0.44966666666665106, 1.3489999999999998, 1.461416666666651, 0.6182916666666277, 1.5738333333332555, 1.1803749999999298, 0.8431249999999766, 1.0679583333333256, 0.6744999999999999, 0.8431249999999766, 0.1686249999999766, 60.6487916666649, 0.44966666666665106, 0.3934583333333255, 0.056208333333325526, 0.5058750000000234, 2.1921249999999297, 60.929833333331565, 0.5058749999999766, 59.468416666664965, 0.6744999999999999, 0.0, 0.3934583333333255, 60.929833333331565, 60.761208333331595, 1.124166666666651, 59.468416666664965, 60.929833333331565, 0.6182916666666277, 0.056208333333325526, 0.6744999999999531, 0.7307083333333255, 0.056208333333325526, 0.3934583333333255, 1.01175, 2.0234999999999066, 0.1686250000000234, 0.6182916666666745, 0.28104166666667446, 0.0, 1.236583333333302, 2.416958333333232, 0.8431249999999766, 1.461416666666651, 1.2927916666666277, 1.4052083333333254, 0.0, 1.236583333333302, 0.3934583333333255, 0.2248333333333021, 0.44966666666665106, 0.9555416666666278, 0.22483333333334893, 0.8993333333333021, 1.124166666666651, 0.056208333333325526, 0.11241666666669786, 0.8993333333333021, 1.0679583333333256, 0.9555416666666745, 0.5620833333333489, 1.1803749999999764, 1.01175, 0.1686249999999766, 0.1686249999999766, 0.5620833333333489, 2.0797083333332784, 0.22483333333334893, 0.3934583333333255, 0.11241666666669786, 0.3372499999999532, 61.3232916666649, 0.6744999999999531, 0.1686249999999766, 1.9110833333333022, 0.0, 0.056208333333325526, 60.19912499999824, 1.2927916666666277, 0.6744999999999531, 60.761208333331595, 0.22483333333334893, 0.11241666666669786, 2.473166666666604, 0.11241666666669786, 0.1686249999999766, 0.8431249999999766, 0.056208333333325526, 1.236583333333302, 0.33724999999999994, 0.44966666666665106, 1.2927916666666277, 0.6182916666666277, 1.798666666666651, 0.6744999999999999, 0.6744999999999531, 0.22483333333334893, 0.28104166666662767, 0.786916666666651, 1.236583333333302, 1.4052083333332788, 0.6744999999999531, 0.3372499999999532, 0.8993333333333021, 0.056208333333325526, 1.5176249999999767, 1.236583333333302, 0.5620833333333489, 0.1686249999999766, 1.5176249999999298, 0.3372499999999532, 0.3372499999999532, 0.056208333333325526, 0.1686249999999766, 1.6300416666666275, 0.44966666666665106, 1.573833333333302, 0.8431249999999766, 0.056208333333325526, 0.44966666666665106, 0.8993333333333021, 0.056208333333325526, 0.0, 0.786916666666651, 0.6182916666666745, 0.5620833333333489, 0.11241666666669786, 0.3372499999999532, 61.60433333333157, 61.82916666666487, 0.6744999999999999, 61.21087499999824, 1.1803749999999764, 0.1686249999999766, 1.01175, 0.3934583333333255, 0.22483333333334893, 0.5620833333333489, 0.28104166666667446, 0.28104166666667446, 0.786916666666651, 1.5176249999999767, 1.7986666666666042, 0.9555416666666745, 61.71674999999822, 0.5058749999999766, 0.6744999999999999, 61.6605416666649, 60.03049999999826, 61.3232916666649, 60.536374999998245, 1.5176249999999767, 0.6182916666666277, 0.7307083333333255, 0.11241666666669786, 0.5058750000000234, 0.7307083333333255, 1.236583333333302, 0.0, 2.5293749999999298, 0.1686250000000234, 0.11241666666665105, 1.01175, 1.8548749999999765, 60.704999999998265, 1.124166666666651, 0.28104166666662767, 0.44966666666665106, 0.6744999999999531, 1.6862499999999532, 1.798666666666651, 0.11241666666669786, 1.0117499999999533, 0.1686249999999766, 0.1686249999999766, 1.7424583333332786, 1.124166666666651, 2.416958333333232, 1.5738333333332555, 0.11241666666669786, 0.6182916666666745, 0.8431249999999766, 1.1241666666666044, 0.33724999999999994, 0.6182916666666745, 0.2248333333333021, 0.44966666666665106, 1.0117499999999533, 0.9555416666666745, 1.3489999999999998, 61.26708333333156, 60.03049999999826, 0.5058750000000234, 61.09845833333154, 59.58083333333162, 60.704999999998265, 0.056208333333325526, 60.4239583333316, 0.22483333333334893, 1.3489999999999531, 60.36774999999827, 60.36774999999827, 0.5058750000000234, 0.7307083333333255, 1.9672916666666276, 0.0, 0.8431249999999766, 0.6744999999999999, 1.798666666666651, 1.01175, 0.056208333333325526, 0.056208333333325526, 0.5620833333333489, 0.9555416666666278, 0.11241666666665105, 0.056208333333325526, 0.8993333333333021, 0.11241666666669786, 2.1921249999999297, 1.6300416666666275, 0.1686249999999766, 0.8993333333333021, 1.1241666666666044, 0.2248333333333021, 0.786916666666651, 0.44966666666665106, 0.28104166666662767, 1.0117499999999533, 0.786916666666651, 1.0679583333332787, 0.5620833333333489, 0.33724999999999994, 0.6182916666666745, 1.2927916666666277, 0.9555416666666745, 0.6182916666666745, 59.918083333331616, 0.3934583333333255, 0.056208333333325526, 0.5058750000000234, 0.0, 0.1686249999999766, 1.5176249999999767, 61.26708333333156, 0.0, 0.056208333333325526, 0.8431249999999766, 1.0679583333332787, 0.1686250000000234, 0.8993333333333021, 0.28104166666667446, 60.311541666664944, 60.59258333333157, 59.63704166666494, 0.6182916666666745, 0.44966666666665106, 0.28104166666662767, 1.6300416666666275, 0.3934583333333255, 0.28104166666667446, 59.80566666666492, 0.33724999999999994, 59.35599999999827, 0.11241666666669786, 0.7307083333333255, 1.5176249999999298, 0.1686250000000234, 0.3934583333333255, 0.056208333333325526, 1.798666666666651, 0.6182916666666745, 1.124166666666651, 62.05399999999822, 60.761208333331595, 60.704999999998265, 1.461416666666651, 0.9555416666666745, 0.0, 0.3934583333333255, 0.6182916666666277, 1.4052083333333254, 0.44966666666665106, 0.1686249999999766, 1.124166666666651, 0.28104166666662767, 1.5176249999999298, 1.1803749999999764, 0.056208333333325526, 1.01175, 0.056208333333325526, 0.2248333333333021, 0.9555416666666278, 1.8548749999999765, 0.6744999999999531, 1.0679583333333256, 0.3372499999999532, 0.0, 0.056208333333325526, 1.01175, 0.6182916666666745, 0.9555416666666745, 1.2927916666666277, 0.7307083333333255, 0.3934583333333255, 1.6862499999999532, 0.11241666666669786, 1.7424583333332786, 0.056208333333325526, 0.1686249999999766, 61.379499999998224, 0.44966666666665106, 1.124166666666651, 1.2927916666666277, 0.33724999999999994, 0.33724999999999994, 0.8431249999999766, 0.1686250000000234, 60.81741666666492, 1.3489999999999998, 0.5620833333333489, 0.8993333333333021, 0.6182916666666745, 60.19912499999824, 0.28104166666667446, 0.8431249999999766, 0.5620833333333489, 1.0679583333333256, 0.5620833333333022, 59.861874999998285, 0.28104166666667446, 61.15466666666492, 0.7307083333332788, 0.3934583333333255, 0.8993333333333021, 0.11241666666669786, 1.1803749999999764, 0.28104166666662767, 61.772958333331545, 60.704999999998265, 0.11241666666665105, 1.0679583333332787, 1.6300416666666275, 1.7424583333332786, 0.22483333333334893, 1.1803749999999298, 0.33724999999999994, 0.5620833333333489, 61.379499999998224, 0.44966666666665106, 62.11020833333154, 1.2927916666666277, 0.28104166666662767, 0.5620833333333489, 1.0679583333332787, 60.086708333331586, 61.49191666666487, 60.986041666664896, 59.693249999998265, 0.3934583333333255, 62.5598749999982, 61.548124999998244, 1.4052083333333254, 0.6744999999999999, 0.9555416666666745, 60.704999999998265, 60.704999999998265, 59.52462499999829, 61.04224999999822, 0.11241666666665105, 0.056208333333325526, 60.03049999999826, 0.1686249999999766, 0.5058750000000234, 61.15466666666492, 0.3372499999999532, 59.63704166666494, 60.311541666664944, 0.3372499999999532, 0.0, 60.6487916666649, 0.22483333333334893, 0.22483333333334893, 0.1686249999999766, 0.6182916666666745, 1.573833333333302, 0.5058749999999766, 1.0117499999999533, 1.9672916666666276, 0.5058750000000234, 0.5620833333333022, 0.28104166666667446, 1.8548749999999299, 0.5620833333333489, 0.8431249999999766, 0.3372499999999532, 0.5620833333333022, 0.8993333333333021, 1.0679583333332787, 0.28104166666667446, 1.01175, 1.236583333333302, 0.786916666666651, 1.1803749999999764, 0.056208333333325526, 2.4169583333332785, 1.798666666666651, 0.8431249999999766, 0.056208333333325526, 0.0, 1.9672916666666276, 0.28104166666667446, 61.6605416666649, 60.4239583333316, 0.056208333333325526, 0.5620833333333489, 0.6744999999999531, 1.1803749999999764, 1.124166666666651, 0.11241666666669786, 61.548124999998244, 0.8431249999999766, 0.28104166666662767, 0.11241666666665105, 1.0679583333333256, 1.4052083333333254, 0.1686249999999766, 1.2927916666666277, 0.7307083333332788, 1.1803749999999764, 0.056208333333325526, 0.22483333333334893, 0.9555416666666278, 1.3489999999999531, 0.3372499999999532, 1.1803749999999764, 61.548124999998244, 0.3934583333333255, 0.28104166666667446, 0.28104166666667446, 0.786916666666651, 1.1241666666666044, 0.0, 1.7986666666666042, 0.3372499999999532, 0.6182916666666277, 0.3934583333333255, 0.28104166666662767, 0.056208333333325526, 0.2248333333333021, 0.9555416666666745, 0.9555416666666745, 1.0679583333333256, 0.44966666666665106, 0.28104166666662767, 0.786916666666651, 1.1803749999999764, 1.573833333333302, 1.573833333333302, 0.22483333333334893, 1.573833333333302, 1.0679583333333256, 1.798666666666651, 0.056208333333325526, 0.28104166666662767, 0.1686249999999766, 0.8431249999999766, 0.3934583333333255, 0.2248333333333021, 0.3934583333333255, 0.28104166666662767, 0.5620833333333489, 0.28104166666667446, 1.124166666666651, 2.248333333333302, 0.3934583333333255, 0.786916666666651, 0.5058750000000234, 0.11241666666669786, 0.8431249999999766, 0.7307083333333255, 1.0679583333332787, 1.5176249999999298, 0.7307083333333255, 1.6300416666666275, 0.8993333333333021, 2.135916666666604, 0.6182916666666745, 0.6744999999999999, 0.786916666666651, 0.28104166666667446, 0.6182916666666745, 0.6182916666666277, 0.0, 0.28104166666667446, 0.6744999999999531, 0.056208333333325526, 0.9555416666666745, 0.44966666666665106, 0.11241666666669786, 0.33724999999999994, 1.4052083333332788, 0.2248333333333021, 1.0679583333332787, 1.1803749999999298, 1.7424583333332786, 0.1686249999999766, 0.6744999999999999, 0.3934583333333255, 0.8993333333333021, 1.2927916666666277, 0.0, 0.22483333333334893, 1.5176249999999767, 1.1803749999999298, 0.056208333333325526, 0.6744999999999531, 0.1686250000000234, 1.0679583333333256, 1.7424583333332786, 0.5620833333333489, 0.7307083333332788, 1.8548749999999765, 0.5620833333333022, 0.6744999999999999, 0.1686250000000234, 0.056208333333325526, 0.3934583333333255, 0.7307083333332788, 1.8548749999999765, 0.056208333333325526, 0.28104166666662767, 1.0117499999999533, 2.360749999999953, 0.5058750000000234, 0.3372499999999532, 0.8993333333333021, 0.786916666666651, 0.44966666666665106, 0.3372499999999532, 0.0, 1.4052083333332788, 0.28104166666662767, 0.056208333333325526, 0.6182916666666745, 1.0679583333332787, 1.01175, 1.6300416666666275, 0.5620833333333489, 0.44966666666665106, 0.6182916666666745, 1.4052083333333254, 0.056208333333325526, 61.6605416666649, 1.2927916666666277, 0.5058750000000234, 0.6744999999999999, 60.536374999998245, 60.81741666666492, 59.58083333333162, 0.6182916666666745, 60.6487916666649, 0.6744999999999531, 0.6744999999999999, 0.28104166666667446, 1.8548749999999765, 0.2248333333333021, 1.0679583333332787, 1.2927916666666277, 0.1686249999999766, 0.11241666666665105, 0.5620833333333489, 0.5058749999999766, 0.2248333333333021, 0.22483333333334893, 0.8431249999999766, 0.3934583333333255, 1.01175, 0.7307083333332788, 0.5058749999999766, 0.3934583333333255, 0.33724999999999994, 0.6744999999999999, 0.5058749999999766, 0.7307083333333255, 1.1241666666666044, 0.5058749999999766, 0.33724999999999994, 1.7424583333332786, 0.5620833333333489, 0.6744999999999999, 0.6182916666666745, 0.056208333333325526, 0.11241666666665105, 0.5058749999999766, 0.11241666666669786, 1.124166666666651, 0.6182916666666745, 0.2248333333333021, 0.5058749999999766, 0.2248333333333021, 0.056208333333325526, 0.056208333333325526, 0.28104166666662767, 0.056208333333325526, 0.056208333333325526, 0.44966666666665106, 0.5620833333333022, 0.6182916666666745, 0.056208333333325526, 0.056208333333325526, 0.0, 1.4052083333332788, 0.2248333333333021, 60.36774999999827, 0.22483333333334893, 60.36774999999827, 0.6182916666666277, 59.74945833333159, 61.60433333333157, 1.798666666666651, 60.704999999998265, 0.5620833333333489, 60.59258333333157, 0.6744999999999999, 61.6605416666649, 0.3372499999999532, 61.26708333333156, 0.22483333333334893, 60.761208333331595, 0.5058750000000234, 0.8993333333333021, 0.8431249999999766, 0.5620833333333489, 0.786916666666651, 0.056208333333325526, 0.5620833333333489, 0.6182916666666745, 1.7424583333332786, 0.5620833333333022, 60.311541666664944, 0.33724999999999994, 1.01175, 0.5058750000000234, 1.0679583333333256, 1.236583333333302, 0.3934583333333255, 59.468416666664965, 0.11241666666665105, 0.056208333333325526, 0.3934583333333255, 61.04224999999822, 60.03049999999826, 0.3934583333333255, 0.1686250000000234, 61.49191666666487, 0.5620833333333022, 0.9555416666666745, 60.25533333333156, 0.6182916666666745, 60.086708333331586, 0.8993333333333021, 0.8431249999999766, 0.2248333333333021, 1.124166666666651, 62.840916666664874, 61.772958333331545, 0.22483333333334893, 60.36774999999827, 0.3934583333333255, 0.6182916666666745, 61.379499999998224, 60.03049999999826, 0.1686250000000234, 0.28104166666662767, 60.81741666666492, 0.9555416666666745, 0.44966666666665106, 1.3489999999999998, 0.44966666666665106, 0.0, 0.11241666666669786, 0.3934583333333255, 0.1686250000000234, 0.5620833333333022, 0.3934583333333255, 0.5058750000000234, 60.19912499999824, 60.36774999999827, 0.11241666666669786, 0.9555416666666278, 0.056208333333325526, 0.1686249999999766, 0.11241666666665105, 1.2927916666666277, 1.4052083333333254, 1.7424583333332786, 0.6744999999999999, 0.3934583333333255, 1.5176249999999767, 0.33724999999999994, 0.22483333333334893, 0.11241666666669786, 2.0797083333332784, 0.9555416666666278, 0.056208333333325526, 0.28104166666662767, 0.056208333333325526, 1.1803749999999764, 1.0679583333333256, 1.3489999999999531, 0.3372499999999532, 1.124166666666651, 1.573833333333302, 1.0679583333332787, 0.44966666666665106, 2.360749999999953, 0.056208333333325526, 0.1686250000000234, 0.6182916666666745, 0.44966666666665106, 0.786916666666651, 1.1803749999999298, 1.7424583333332786, 0.3372499999999532, 0.33724999999999994, 1.1803749999999764, 0.7307083333333255, 1.4052083333333254, 0.44966666666665106, 0.0, 0.5058750000000234, 0.44966666666665106, 0.2248333333333021, 1.01175, 0.056208333333325526, 0.5620833333333022, 0.056208333333325526, 0.1686250000000234, 0.7307083333333255, 0.5058749999999766, 1.0679583333333256, 0.9555416666666278, 0.3934583333333255, 1.0679583333333256, 0.8993333333333021, 1.9110833333333022, 0.3934583333333255, 0.9555416666666745, 0.3934583333333255, 1.236583333333302, 0.9555416666666745, 0.5058750000000234, 0.44966666666665106, 60.986041666664896, 0.9555416666666745, 0.5620833333333489, 0.2248333333333021, 0.5620833333333022, 0.2248333333333021, 60.87362499999824, 2.0234999999999066, 0.3934583333333255, 0.1686249999999766, 1.124166666666651, 0.28104166666667446, 0.44966666666665106, 0.3372499999999532, 0.33724999999999994, 0.5620833333333489, 0.1686250000000234, 0.8993333333333021, 0.6744999999999531, 0.5058749999999766, 0.056208333333325526, 0.3372499999999532, 1.124166666666651, 0.8993333333333021, 0.1686249999999766, 59.80566666666492, 61.09845833333154, 0.11241666666669786, 0.056208333333325526, 60.142916666664924, 61.26708333333156, 0.22483333333334893, 0.6744999999999999, 0.056208333333325526, 1.1803749999999298, 0.056208333333325526, 59.918083333331616, 0.1686249999999766, 1.1241666666666044, 1.4052083333333254, 0.9555416666666745, 0.8993333333333021, 0.786916666666651, 0.2248333333333021, 0.28104166666662767, 0.6182916666666745, 0.2248333333333021, 0.1686249999999766, 1.0679583333332787, 1.1803749999999764, 1.0679583333332787, 0.22483333333334893, 0.3934583333333255, 0.44966666666665106, 0.11241666666669786, 0.33724999999999994, 0.11241666666665105, 0.056208333333325526, 1.5176249999999767, 0.44966666666665106, 0.5620833333333022, 0.9555416666666278, 60.4239583333316, 0.3934583333333255, 0.11241666666669786, 0.22483333333334893, 0.6744999999999999, 0.1686250000000234, 0.6182916666666745, 1.573833333333302, 1.01175, 1.0679583333333256, 0.6182916666666745, 0.28104166666667446, 0.22483333333334893, 0.44966666666665106, 0.5620833333333489, 0.28104166666667446, 0.2248333333333021, 0.22483333333334893, 0.5058750000000234, 1.1241666666666044, 1.2927916666666277, 0.5620833333333022, 0.9555416666666278, 1.3489999999999998, 0.44966666666665106, 1.1803749999999764, 0.786916666666651, 0.786916666666651, 0.5058750000000234, 1.798666666666651, 0.6744999999999531, 0.11241666666665105, 60.929833333331565, 60.87362499999824, 0.22483333333334893, 0.5058750000000234, 2.360749999999953, 1.6300416666666275, 0.11241666666669786, 1.5176249999999298, 0.056208333333325526, 0.5620833333333489, 0.5620833333333022, 0.7307083333332788, 0.5620833333333489, 1.5738333333332555, 0.5058750000000234, 1.1803749999999764, 0.3934583333333255, 0.7307083333333255, 0.11241666666669786, 0.2248333333333021, 0.28104166666667446, 0.3934583333333255, 0.11241666666669786, 0.33724999999999994, 1.461416666666651, 0.33724999999999994, 1.236583333333302, 0.11241666666665105, 2.248333333333302, 0.7307083333332788, 0.5620833333333489, 0.44966666666665106, 0.28104166666662767, 0.056208333333325526, 0.11241666666665105, 1.3489999999999998, 0.22483333333334893, 0.7307083333333255, 0.1686249999999766, 1.3489999999999998, 0.22483333333334893, 1.8548749999999765, 1.798666666666651, 0.5620833333333489, 1.3489999999999998, 0.3934583333333255, 0.1686249999999766, 1.5176249999999767, 0.1686249999999766, 0.5620833333333489, 0.11241666666669786, 0.786916666666651, 0.6182916666666745, 1.236583333333302, 0.6744999999999999, 2.135916666666604, 0.1686249999999766, 1.0679583333333256, 1.124166666666651, 0.6744999999999999, 1.573833333333302, 0.28104166666667446, 0.8431249999999766, 0.11241666666669786, 0.5620833333333489, 0.056208333333325526, 0.5620833333333022, 0.22483333333334893, 60.986041666664896, 1.4052083333333254, 61.60433333333157, 0.28104166666667446, 60.4239583333316, 0.44966666666665106, 0.7307083333332788, 1.7424583333332786, 61.49191666666487, 0.11241666666669786, 0.9555416666666745, 0.056208333333325526, 61.997791666664895, 0.9555416666666278, 0.28104166666667446, 0.28104166666667446, 0.28104166666662767, 0.9555416666666745, 1.0679583333333256, 60.25533333333156, 0.33724999999999994, 0.1686250000000234, 0.1686249999999766, 1.01175, 1.236583333333302, 2.1921249999999297, 1.3489999999999998, 0.2248333333333021, 60.4239583333316, 0.1686250000000234, 0.1686250000000234, 0.28104166666662767, 0.6182916666666277, 0.5058750000000234, 0.44966666666665106, 1.573833333333302, 0.8993333333333021, 0.3372499999999532, 0.22483333333334893, 0.9555416666666745, 0.3934583333333255, 0.8431249999999766, 0.11241666666665105, 0.11241666666669786, 0.11241666666665105, 0.5620833333333489, 0.28104166666667446, 0.1686249999999766, 0.28104166666662767, 2.3045416666666276, 0.28104166666667446, 0.786916666666651, 59.41220833333159, 0.44966666666665106, 0.8431249999999766, 0.1686249999999766, 0.8993333333333021, 0.22483333333334893, 0.3934583333333255, 1.6300416666666275, 0.0, 0.786916666666651, 0.8431249999999766, 1.4052083333333254, 0.056208333333325526, 0.9555416666666745, 0.3372499999999532, 1.2927916666666277, 0.11241666666669786, 0.28104166666662767, 0.11241666666669786, 0.786916666666651, 2.248333333333302, 0.33724999999999994, 2.248333333333302, 0.11241666666665105, 0.6182916666666745, 0.8431249999999766, 0.6744999999999999, 0.786916666666651, 0.7307083333332788, 0.3372499999999532, 0.056208333333325526, 0.6744999999999531, 0.7307083333332788, 61.09845833333154, 1.461416666666651, 0.5058749999999766, 0.0, 0.28104166666662767, 0.11241666666665105, 1.0679583333333256, 0.3372499999999532, 0.3934583333333255, 60.48016666666492, 0.786916666666651, 1.2927916666666277, 60.81741666666492, 61.09845833333154, 0.44966666666665106, 0.11241666666665105, 0.056208333333325526, 0.8431249999999766, 0.5620833333333489, 0.056208333333325526, 0.44966666666665106, 1.5176249999999298, 60.25533333333156, 0.8993333333333021, 1.9672916666666276, 0.0, 0.33724999999999994, 0.6744999999999999, 0.7307083333333255, 1.01175, 0.7307083333333255, 0.786916666666651, 1.2927916666666277, 0.9555416666666745, 1.1803749999999764, 0.1686249999999766, 61.3232916666649, 59.63704166666494, 0.8431249999999766, 1.573833333333302, 0.0, 1.1803749999999764, 0.3934583333333255, 0.6744999999999999, 0.44966666666665106, 1.5176249999999767, 61.60433333333157, 0.5620833333333489, 0.28104166666667446, 59.918083333331616, 0.5620833333333022, 60.536374999998245, 62.44745833333155, 60.311541666664944, 61.43570833333155, 0.5620833333333489, 60.87362499999824, 1.2927916666666277, 0.5058750000000234, 1.2927916666666277, 0.6182916666666277, 1.4052083333333254, 2.3045416666666276, 0.5620833333333489, 0.5058749999999766, 0.8993333333333021, 0.2248333333333021, 0.056208333333325526, 0.28104166666667446, 0.8431249999999766, 0.6744999999999531, 2.135916666666604, 59.80566666666492, 0.22483333333334893, 0.6182916666666745, 0.0, 1.5176249999999767, 1.0679583333333256, 0.9555416666666745, 1.5738333333332555, 0.28104166666662767, 1.4052083333333254, 0.11241666666665105, 0.11241666666669786, 0.056208333333325526, 0.28104166666667446, 0.7307083333333255, 1.3489999999999998, 1.3489999999999531, 1.2927916666666277, 60.87362499999824, 61.26708333333156, 61.43570833333155, 60.48016666666492, 1.461416666666651, 60.19912499999824, 0.8993333333333021, 1.124166666666651, 1.8548749999999765, 0.28104166666667446, 1.2927916666666277, 0.2248333333333021, 1.5176249999999767, 1.6862499999999532, 0.3934583333333255, 0.8431249999999766, 0.786916666666651, 0.056208333333325526, 61.09845833333154, 61.997791666664895, 0.8993333333333021, 0.1686250000000234, 1.9672916666666276, 0.5620833333333489, 0.0, 0.3934583333333255, 0.0, 60.19912499999824, 60.36774999999827, 0.11241666666669786, 0.11241666666669786, 0.0, 0.5620833333333489, 2.5855833333332554, 0.9555416666666278, 1.1803749999999298, 0.0, 0.5058749999999766, 0.786916666666651, 0.3934583333333255, 0.056208333333325526, 0.44966666666665106, 0.8431249999999766, 0.6744999999999531, 0.1686250000000234, 0.056208333333325526, 1.8548749999999765, 1.1241666666666044, 1.3489999999999998, 60.142916666664924, 1.236583333333302, 0.7307083333332788, 61.04224999999822, 61.09845833333154, 0.8993333333333021, 0.3934583333333255, 1.6862499999999532, 0.8993333333333021, 0.22483333333334893, 1.0679583333332787, 59.97429166666494, 0.11241666666669786, 0.1686250000000234, 0.056208333333325526, 0.786916666666651, 2.3045416666666276, 0.22483333333334893, 0.1686250000000234, 0.056208333333325526, 0.056208333333325526, 0.28104166666662767, 1.5176249999999767, 61.94158333333152, 1.2927916666666277, 1.1241666666666044, 1.0679583333332787, 1.6862499999999532, 0.1686250000000234, 1.2927916666666277, 62.8971249999982, 0.786916666666651, 0.3934583333333255, 0.8431249999999766, 0.3934583333333255, 0.3934583333333255, 2.0234999999999532, 1.4052083333333254, 2.304541666666581, 0.5058749999999766, 60.761208333331595, 60.87362499999824, 61.772958333331545, 0.1686249999999766, 62.27883333333152, 60.086708333331586, 59.41220833333159, 0.3934583333333255, 1.3489999999999998, 0.1686249999999766, 0.2248333333333021, 0.6744999999999999, 0.22483333333334893, 0.8993333333333021, 1.124166666666651, 0.44966666666665106, 0.6744999999999531, 1.461416666666651, 61.8853749999982, 60.929833333331565, 1.5738333333332555, 0.3934583333333255, 1.2927916666666277, 0.6182916666666745, 0.22483333333334893, 0.5058749999999766, 0.786916666666651, 0.33724999999999994, 1.7986666666666042, 60.59258333333157, 59.74945833333159, 0.2248333333333021, 0.28104166666667446, 59.693249999998265, 61.379499999998224, 1.124166666666651, 0.33724999999999994, 60.36774999999827, 60.36774999999827, 60.986041666664896, 1.2927916666666277, 59.63704166666494, 0.11241666666669786, 1.0117499999999533, 1.01175, 0.11241666666669786, 1.01175, 0.5620833333333489, 62.95333333333152, 0.1686250000000234, 0.6744999999999999, 59.35599999999827, 61.49191666666487, 0.3372499999999532, 0.5620833333333489, 60.36774999999827, 0.5058750000000234, 62.05399999999822, 0.8993333333333021, 1.1241666666666044, 60.81741666666492, 1.1803749999999298, 1.2927916666666277, 0.28104166666667446, 1.0117499999999533, 1.4614166666666042, 0.28104166666662767, 0.2248333333333021, 61.49191666666487, 1.3489999999999531, 0.6744999999999999, 61.21087499999824, 1.461416666666651, 61.379499999998224, 62.05399999999822, 3.147666666666604, 0.056208333333325526, 0.3934583333333255, 0.8431249999999766, 1.0679583333332787, 0.44966666666665106, 0.11241666666669786, 0.056208333333325526, 1.5176249999999767, 0.786916666666651, 0.6744999999999999, 0.11241666666669786, 0.0, 0.11241666666669786, 0.8431249999999766, 0.056208333333325526, 0.1686250000000234, 1.0679583333332787, 1.5176249999999767, 0.3934583333333255, 0.1686250000000234, 1.4614166666666042, 0.44966666666665106, 0.5058749999999766, 0.11241666666669786, 0.1686249999999766, 0.5620833333333489, 0.28104166666667446, 0.28104166666667446, 59.861874999998285, 0.2248333333333021, 0.28104166666662767, 0.44966666666665106, 0.7307083333333255, 0.056208333333325526, 1.7986666666666042, 1.1803749999999764, 0.6182916666666277, 0.44966666666665106, 0.9555416666666745, 1.573833333333302, 0.11241666666665105, 0.9555416666666745, 0.786916666666651, 0.0, 0.3934583333333255, 0.28104166666667446, 0.6744999999999999, 0.33724999999999994, 0.33724999999999994, 61.548124999998244, 60.59258333333157, 60.536374999998245, 0.44966666666665106, 60.25533333333156, 0.9555416666666745, 0.28104166666662767, 1.0679583333332787, 0.44966666666665106, 0.056208333333325526, 1.2927916666666277, 0.28104166666667446, 1.1241666666666044, 0.28104166666667446, 1.4052083333332788, 0.3372499999999532, 0.5058749999999766, 60.929833333331565, 61.6605416666649, 61.15466666666492, 0.22483333333334893, 0.44966666666665106, 1.4052083333333254, 0.1686249999999766, 0.33724999999999994, 0.1686250000000234, 0.786916666666651, 1.5176249999999298, 1.1803749999999298, 0.056208333333325526, 0.5058749999999766, 60.704999999998265, 1.124166666666651, 1.01175, 60.36774999999827, 1.5176249999999298, 0.11241666666669786, 1.2927916666666277, 0.7307083333332788, 0.28104166666667446, 0.22483333333334893, 59.693249999998265, 0.6744999999999531, 0.5058749999999766, 0.28104166666662767, 0.1686250000000234, 0.5058749999999766, 59.299791666664945, 61.26708333333156, 60.536374999998245, 60.929833333331565, 61.71674999999822, 60.6487916666649, 61.04224999999822, 0.9555416666666745, 0.7307083333333255, 0.6744999999999999, 0.5058749999999766, 0.22483333333334893, 0.056208333333325526, 0.22483333333334893, 0.056208333333325526, 0.28104166666667446, 1.573833333333302, 0.3934583333333255, 2.6417916666666277, 58.90633333333162, 0.3934583333333255, 61.94158333333152, 0.44966666666665106, 1.1241666666666044, 0.7307083333333255, 0.28104166666662767, 0.786916666666651, 0.6182916666666277, 1.3489999999999998, 1.1803749999999764, 0.7307083333332788, 1.1241666666666044, 0.7307083333332788, 1.2927916666666277, 60.704999999998265, 0.22483333333334893, 0.6182916666666277, 0.33724999999999994, 0.6744999999999531, 0.056208333333325526, 60.59258333333157, 61.60433333333157, 1.124166666666651, 0.11241666666665105, 0.44966666666665106, 0.11241666666665105, 0.8431249999999766, 0.1686249999999766, 0.1686250000000234, 0.056208333333325526, 0.22483333333334893, 0.5058750000000234, 0.11241666666669786, 0.6744999999999999, 0.2248333333333021, 0.6744999999999999, 1.236583333333302, 0.0, 1.4052083333333254, 0.7307083333332788, 0.5058750000000234, 0.2248333333333021, 2.0234999999999532, 0.11241666666665105, 0.11241666666665105, 2.304541666666581, 0.9555416666666745, 0.786916666666651, 0.6182916666666745, 0.33724999999999994, 0.44966666666665106, 61.21087499999824, 0.2248333333333021, 62.72849999999818, 0.056208333333325526, 59.468416666664965, 1.124166666666651, 61.15466666666492, 61.772958333331545, 0.786916666666651, 0.22483333333334893, 1.461416666666651, 0.7307083333333255, 0.11241666666669786, 0.9555416666666745, 0.1686249999999766, 0.11241666666665105, 1.124166666666651, 0.1686250000000234, 0.11241666666669786, 0.6182916666666277, 0.9555416666666278, 0.6182916666666745, 2.5293749999999298, 0.44966666666665106, 0.5058749999999766, 0.33724999999999994, 0.11241666666669786, 1.01175, 0.1686250000000234, 0.5058749999999766, 1.1241666666666044, 0.056208333333325526, 0.8993333333333021, 1.4052083333333254, 0.8431249999999766, 0.0, 1.124166666666651, 0.8431249999999766, 0.056208333333325526, 0.28104166666667446, 0.33724999999999994, 0.8431249999999766, 0.3934583333333255, 0.7307083333333255, 0.6744999999999531, 2.135916666666604, 0.9555416666666745, 0.8993333333333021, 1.9110833333332555, 0.056208333333325526, 0.28104166666667446, 0.7307083333333255, 0.11241666666665105, 1.0679583333333256, 1.0679583333333256, 0.0, 0.33724999999999994, 0.5620833333333489, 0.9555416666666745, 0.056208333333325526, 1.6862499999999532, 62.11020833333154, 60.142916666664924, 1.236583333333302, 1.5176249999999298, 61.548124999998244, 0.9555416666666278, 60.48016666666492, 61.60433333333157, 0.056208333333325526, 61.3232916666649, 0.5620833333333489, 0.7307083333333255, 0.786916666666651, 0.3934583333333255, 0.786916666666651, 0.28104166666662767, 0.1686250000000234, 0.6744999999999999, 0.056208333333325526, 0.44966666666665106, 0.056208333333325526, 0.1686249999999766, 0.22483333333334893, 0.28104166666662767, 0.3934583333333255, 1.1803749999999764, 1.236583333333302, 0.28104166666662767, 0.3372499999999532, 0.056208333333325526, 0.3934583333333255, 0.056208333333325526, 0.1686249999999766, 1.0117499999999533, 1.124166666666651, 61.772958333331545, 1.2927916666666277, 0.3934583333333255, 0.8431249999999766, 1.4614166666666042, 0.5620833333333022, 0.6182916666666745, 0.6182916666666277, 61.8853749999982, 0.056208333333325526, 0.5620833333333489, 0.5058749999999766, 0.2248333333333021, 0.8993333333333021, 0.7307083333332788, 1.124166666666651, 0.0, 0.1686249999999766, 1.4052083333333254, 2.473166666666604, 0.44966666666665106, 0.056208333333325526, 1.461416666666651, 1.0117499999999533, 0.11241666666669786, 0.5620833333333489, 0.6182916666666745, 0.44966666666665106, 0.5620833333333489, 0.5620833333333022, 0.11241666666669786, 1.9110833333333022, 1.9110833333333022, 1.236583333333302, 0.33724999999999994, 0.5058750000000234, 0.7307083333333255, 0.28104166666667446, 2.0234999999999532, 0.1686250000000234, 0.8431249999999766, 1.0117499999999533, 0.3934583333333255, 0.1686249999999766, 1.5738333333332555, 0.6744999999999531, 0.056208333333325526, 1.0117499999999533, 1.1803749999999298, 0.056208333333325526, 1.5176249999999767, 60.59258333333157, 59.918083333331616, 1.0117499999999533, 0.6182916666666277, 0.8431249999999766, 0.9555416666666278, 1.1803749999999764, 0.056208333333325526, 2.1921249999999297, 0.44966666666665106, 1.3489999999999531, 0.8431249999999766, 0.9555416666666278, 0.056208333333325526, 61.548124999998244, 61.21087499999824, 60.142916666664924, 1.3489999999999531, 61.772958333331545, 0.6182916666666745, 1.3489999999999998, 0.3934583333333255, 61.21087499999824, 0.9555416666666278, 1.1241666666666044, 0.3934583333333255, 2.0797083333332784, 1.2927916666666277, 0.6182916666666745, 1.3489999999999998, 0.3934583333333255, 0.2248333333333021, 1.1803749999999298, 2.6979999999999063, 0.44966666666665106, 0.6744999999999531, 0.28104166666667446, 0.33724999999999994, 2.1921249999999297, 1.2927916666666277, 0.9555416666666278, 0.1686249999999766, 0.28104166666662767, 61.49191666666487, 0.44966666666665106, 0.22483333333334893, 1.573833333333302, 0.5058749999999766, 0.0, 0.1686250000000234, 0.7307083333333255, 0.44966666666665106, 0.44966666666665106, 0.3934583333333255, 1.0117499999999533, 0.44966666666665106, 1.4614166666666042, 0.28104166666662767, 0.3934583333333255, 0.8431249999999766, 0.44966666666665106, 0.3934583333333255, 0.1686250000000234, 0.0, 1.6862499999999532, 1.4052083333332788, 0.11241666666665105, 0.8431249999999766, 1.0679583333332787, 1.9672916666665807, 1.1803749999999298, 0.3934583333333255, 0.11241666666669786, 61.8853749999982, 62.05399999999822, 59.35599999999827, 1.1803749999999764, 60.986041666664896, 0.11241666666665105, 1.5176249999999767, 0.8993333333333021, 1.8548749999999765, 0.5620833333333022, 2.360749999999906, 0.1686250000000234, 0.9555416666666745, 1.1803749999999764, 0.6182916666666277, 1.6862499999999532, 0.9555416666666745, 0.0, 0.28104166666667446, 0.1686249999999766, 1.124166666666651, 0.786916666666651, 0.5620833333333022, 0.0, 0.3372499999999532, 1.6862499999999532, 0.28104166666667446, 1.0679583333332787, 1.1803749999999298, 0.28104166666662767, 61.71674999999822, 60.36774999999827, 0.3372499999999532, 0.5620833333333489, 0.8993333333333021, 0.3372499999999532, 2.0234999999999532, 0.1686249999999766, 0.5058750000000234, 1.2927916666666277, 0.11241666666669786, 0.11241666666665105, 0.44966666666665106, 62.222624999998196, 61.15466666666492, 61.772958333331545, 1.5176249999999298, 0.28104166666662767, 0.1686249999999766, 0.0, 0.1686250000000234, 1.0679583333332787, 0.5620833333333022, 0.056208333333325526, 0.11241666666665105, 0.2248333333333021, 0.28104166666662767, 0.7307083333332788, 0.22483333333334893, 0.0, 0.5620833333333489, 0.6182916666666277, 0.33724999999999994, 0.11241666666665105, 0.28104166666662767, 0.44966666666665106, 0.11241666666665105, 0.5058750000000234, 0.28104166666667446, 0.0, 0.056208333333325526, 0.9555416666666745, 0.3934583333333255, 1.461416666666651, 0.9555416666666745, 0.11241666666669786, 0.5620833333333489, 2.360749999999953, 1.461416666666651, 0.28104166666667446, 60.6487916666649, 0.0, 1.0117499999999533, 0.3934583333333255, 0.5620833333333489, 0.056208333333325526, 0.3934583333333255, 0.33724999999999994, 2.0234999999999532, 1.5176249999999298, 1.5176249999999298, 1.236583333333302, 0.28104166666662767, 0.6744999999999999, 1.3489999999999531, 0.0, 0.3934583333333255, 1.2927916666666277, 0.22483333333334893, 0.3372499999999532, 1.461416666666651, 1.6300416666666275, 0.3372499999999532, 0.44966666666665106, 0.5620833333333022, 0.28104166666662767, 1.9110833333333022, 0.6744999999999999, 0.7307083333332788, 0.8431249999999766, 0.5058750000000234, 1.573833333333302, 1.3489999999999531, 0.1686250000000234, 1.461416666666651, 0.5058750000000234, 0.6182916666666745, 2.135916666666604, 60.536374999998245, 0.7307083333333255, 60.59258333333157, 60.761208333331595, 61.04224999999822, 0.33724999999999994, 0.28104166666667446, 1.3489999999999998, 0.056208333333325526, 0.0, 1.7424583333332786, 0.33724999999999994, 0.22483333333334893, 0.6182916666666745, 0.28104166666667446, 1.461416666666651, 0.5620833333333489, 0.0, 0.22483333333334893, 1.01175, 0.11241666666669786, 0.2248333333333021, 0.3934583333333255, 0.1686250000000234, 0.056208333333325526, 0.1686249999999766, 0.0, 0.44966666666665106, 0.5058749999999766, 2.0234999999999532, 0.22483333333334893, 0.8993333333333021, 0.3372499999999532, 0.056208333333325526, 1.01175, 1.4614166666666042, 0.22483333333334893, 0.33724999999999994, 0.1686250000000234, 0.3372499999999532, 0.8993333333333021, 1.5176249999999767, 0.1686249999999766, 0.8993333333333021, 0.5620833333333489, 2.0234999999999532, 0.22483333333334893, 1.1803749999999764, 61.548124999998244, 1.236583333333302, 0.0, 0.8993333333333021, 0.5620833333333489, 0.6182916666666277, 0.11241666666665105, 1.1241666666666044, 0.3372499999999532, 0.8431249999999766, 0.0, 0.9555416666666745, 0.9555416666666745, 0.5058749999999766, 0.6744999999999999, 0.7307083333332788, 1.236583333333302, 0.33724999999999994, 0.1686249999999766, 0.2248333333333021, 0.22483333333334893, 0.8431249999999766, 1.461416666666651, 0.1686249999999766, 1.1241666666666044, 1.4614166666666042, 0.3934583333333255, 0.6744999999999999, 0.1686249999999766, 0.28104166666662767, 1.1241666666666044, 1.6862499999999532, 0.28104166666662767, 0.8431249999999766, 0.3934583333333255, 1.8548749999999299, 0.3934583333333255, 0.44966666666665106, 1.3489999999999998, 61.548124999998244, 0.5058750000000234, 60.761208333331595, 0.7307083333333255, 61.09845833333154, 0.33724999999999994, 0.6182916666666745, 63.51541666666482, 60.704999999998265, 2.5855833333332554, 61.94158333333152, 0.6182916666666277, 2.416958333333232, 0.786916666666651, 0.3934583333333255, 1.0679583333333256, 0.5620833333333022, 1.124166666666651, 0.0, 1.1803749999999764, 0.6744999999999999, 2.304541666666581, 1.5176249999999298, 0.1686249999999766, 0.11241666666669786, 0.1686250000000234, 1.236583333333302, 0.6182916666666277, 1.6300416666666275, 1.9110833333333022, 1.6862499999999532, 0.7307083333332788, 0.056208333333325526, 0.28104166666662767, 0.7307083333332788, 0.7307083333333255, 59.74945833333159, 0.5058749999999766, 0.3934583333333255, 0.7307083333332788, 0.3934583333333255, 61.43570833333155, 0.786916666666651, 0.5058749999999766, 59.35599999999827, 60.03049999999826, 0.9555416666666745, 0.1686249999999766, 0.3372499999999532, 0.1686250000000234, 0.056208333333325526, 0.2248333333333021, 0.5058749999999766, 0.5058750000000234, 1.01175, 0.8993333333333021, 1.2927916666666277, 0.3934583333333255, 0.11241666666669786, 0.6744999999999999, 61.94158333333152, 61.04224999999822, 1.1241666666666044, 61.60433333333157, 0.1686250000000234, 1.573833333333302, 1.1803749999999298, 0.6182916666666277, 1.8548749999999299, 0.786916666666651, 0.5620833333333489, 2.1921249999999297, 0.3372499999999532, 0.8431249999999766, 0.786916666666651, 0.8993333333333021, 60.536374999998245, 1.236583333333302, 0.11241666666669786, 0.5620833333333489, 1.9110833333332555, 62.616083333331524, 1.6862499999999532, 61.379499999998224, 61.21087499999824, 0.6744999999999999, 59.918083333331616, 60.19912499999824, 0.3372499999999532, 61.49191666666487, 60.6487916666649, 1.798666666666651, 0.3372499999999532, 59.63704166666494, 60.311541666664944, 0.8431249999999766, 61.997791666664895, 0.786916666666651, 0.0, 60.142916666664924, 61.04224999999822, 1.3489999999999998, 0.8431249999999766, 62.27883333333152, 0.6744999999999531, 0.1686249999999766, 61.04224999999822, 0.22483333333334893, 59.97429166666494, 0.3934583333333255, 1.01175, 0.2248333333333021, 0.8993333333333021, 0.3934583333333255, 0.28104166666662767, 0.33724999999999994, 0.11241666666665105, 0.3934583333333255, 0.44966666666665106, 0.786916666666651, 1.0679583333333256, 0.28104166666667446, 0.3934583333333255, 0.33724999999999994, 1.8548749999999765, 0.786916666666651, 0.6744999999999531, 0.5058749999999766, 0.5058750000000234, 0.3934583333333255, 0.786916666666651, 0.0, 0.3372499999999532, 1.6300416666666275, 0.11241666666665105, 0.5620833333333022, 0.0, 0.1686249999999766, 0.0, 59.24358333333162, 1.0117499999999533, 1.5176249999999298, 60.03049999999826, 1.4052083333333254, 59.861874999998285, 0.8431249999999766, 1.0679583333333256, 1.1803749999999764, 0.11241666666669786, 0.44966666666665106, 0.28104166666662767, 0.9555416666666745, 0.28104166666667446, 0.8431249999999766, 0.6182916666666277, 0.1686250000000234, 0.5620833333333022, 0.0, 0.6182916666666277, 0.056208333333325526, 1.573833333333302, 0.6744999999999999, 0.1686250000000234, 1.2927916666666277, 59.74945833333159, 0.786916666666651, 1.0679583333333256, 0.33724999999999994, 0.11241666666669786, 1.2927916666666277, 0.5058750000000234, 0.5620833333333489, 0.8431249999999766, 61.997791666664895, 1.6862499999999532, 0.11241666666669786, 1.3489999999999998, 59.13116666666497, 60.142916666664924, 61.49191666666487, 1.573833333333302, 0.2248333333333021, 60.086708333331586, 59.63704166666494, 0.11241666666669786, 0.5620833333333022, 0.2248333333333021, 60.25533333333156, 2.360749999999953, 0.44966666666665106, 0.5058750000000234, 0.28104166666662767, 0.11241666666665105, 0.8431249999999766, 0.8431249999999766, 0.0, 0.44966666666665106, 1.5176249999999767, 0.44966666666665106, 1.1241666666666044, 1.8548749999999765, 0.1686249999999766, 1.236583333333302, 1.2927916666666277, 1.1241666666666044, 0.8431249999999766, 1.4052083333332788, 0.1686250000000234, 0.1686249999999766, 0.1686250000000234, 0.28104166666667446, 0.44966666666665106, 0.7307083333332788, 0.44966666666665106, 0.11241666666669786, 1.124166666666651, 0.8993333333333021, 0.11241666666669786, 1.4052083333333254, 0.786916666666651, 0.11241666666665105, 1.236583333333302, 0.5620833333333489, 0.0, 1.4052083333333254, 0.11241666666669786, 0.5058750000000234, 0.9555416666666745, 1.4052083333332788, 0.44966666666665106, 2.0234999999999066, 0.3934583333333255, 0.44966666666665106, 0.22483333333334893, 0.056208333333325526, 0.3934583333333255, 0.3934583333333255, 0.6182916666666745, 1.461416666666651, 0.1686250000000234, 0.44966666666665106, 1.124166666666651, 0.1686250000000234, 1.3489999999999998, 0.0, 0.33724999999999994, 59.74945833333159, 1.1803749999999298, 62.222624999998196, 58.90633333333162, 0.44966666666665106, 1.2927916666666277, 0.9555416666666745, 0.056208333333325526, 61.82916666666487, 61.04224999999822, 0.056208333333325526, 0.2248333333333021, 1.236583333333302, 0.28104166666662767, 0.11241666666669786, 61.997791666664895, 1.01175, 61.379499999998224, 60.48016666666492, 61.82916666666487, 60.4239583333316, 61.21087499999824, 0.22483333333334893, 0.5620833333333022, 1.236583333333302, 0.8993333333333021, 60.48016666666492, 1.2927916666666277, 61.379499999998224, 61.43570833333155, 2.0797083333332784, 0.1686250000000234, 0.7307083333333255, 0.11241666666669786, 0.0, 0.6182916666666745, 1.6300416666666275, 1.1803749999999298, 0.0, 0.8431249999999766, 0.28104166666667446, 0.786916666666651, 0.1686250000000234, 1.4052083333333254, 0.44966666666665106, 0.0, 0.7307083333333255, 0.33724999999999994, 0.33724999999999994, 0.6182916666666745, 0.9555416666666278, 61.15466666666492, 0.22483333333334893, 0.2248333333333021, 0.44966666666665106, 0.8993333333333021, 0.44966666666665106, 0.3372499999999532, 0.28104166666667446, 1.7424583333332786, 0.2248333333333021, 0.8431249999999766, 0.6182916666666745, 0.056208333333325526, 0.3934583333333255, 0.0, 0.11241666666665105, 0.2248333333333021, 0.6182916666666277, 0.7307083333333255, 60.142916666664924, 0.6744999999999999, 60.311541666664944, 0.22483333333334893, 60.87362499999824, 1.236583333333302, 0.22483333333334893, 0.44966666666665106, 0.7307083333333255, 0.8431249999999766, 0.7307083333332788, 0.5620833333333489, 0.33724999999999994, 0.8431249999999766, 0.22483333333334893, 0.2248333333333021, 1.6862499999999532, 60.03049999999826, 60.761208333331595, 60.761208333331595, 0.3934583333333255, 0.5058749999999766, 0.8993333333333021, 0.3372499999999532, 0.1686249999999766, 0.5058749999999766, 60.81741666666492, 0.28104166666662767, 61.6605416666649, 0.7307083333332788, 61.09845833333154, 0.5620833333333489, 2.4169583333332785, 0.2248333333333021, 1.236583333333302, 60.19912499999824, 0.11241666666669786, 59.63704166666494, 61.43570833333155, 0.5058750000000234, 60.25533333333156, 0.11241666666669786, 1.573833333333302, 60.19912499999824, 61.6605416666649, 0.44966666666665106, 0.3934583333333255, 1.4052083333333254, 1.236583333333302, 0.33724999999999994, 0.44966666666665106, 0.5058750000000234, 0.5058750000000234, 0.28104166666667446, 0.6182916666666745, 0.33724999999999994, 0.056208333333325526, 0.28104166666662767, 0.056208333333325526, 0.33724999999999994, 61.15466666666492, 1.124166666666651, 60.36774999999827, 0.44966666666665106, 0.22483333333334893, 1.1241666666666044, 0.22483333333334893, 0.3934583333333255, 0.33724999999999994, 0.28104166666662767, 60.6487916666649, 1.0679583333333256, 0.1686249999999766, 0.0, 59.74945833333159, 0.5058750000000234, 61.15466666666492, 59.918083333331616, 60.87362499999824, 1.461416666666651, 0.1686250000000234, 60.086708333331586, 0.44966666666665106, 0.056208333333325526, 0.3934583333333255, 1.8548749999999299, 1.1803749999999298, 1.6300416666666275, 0.056208333333325526, 1.7424583333332786, 61.09845833333154, 0.22483333333334893, 0.28104166666662767, 60.03049999999826, 60.48016666666492, 61.82916666666487, 60.704999999998265, 0.0, 0.33724999999999994, 0.3934583333333255, 1.0117499999999533, 1.8548749999999765, 0.5058750000000234, 0.44966666666665106, 0.2248333333333021, 1.6300416666666275, 0.5620833333333022, 1.124166666666651, 0.28104166666662767, 61.21087499999824, 61.772958333331545, 1.573833333333302, 60.6487916666649, 1.0117499999999533, 0.6182916666666277, 0.056208333333325526, 0.5620833333333022, 2.0797083333332784, 2.135916666666604, 0.0, 0.6744999999999999, 0.5620833333333489, 1.0679583333333256, 60.48016666666492, 61.60433333333157, 60.59258333333157, 0.33724999999999994, 0.8431249999999766, 0.28104166666667446, 62.05399999999822, 0.28104166666667446, 1.4052083333333254, 0.1686249999999766, 0.6744999999999531, 0.3372499999999532, 0.8993333333333021, 0.8993333333333021, 0.6182916666666745, 0.44966666666665106, 0.9555416666666745, 1.6300416666666275, 1.0679583333333256, 0.6182916666666745, 0.2248333333333021, 0.1686249999999766, 0.3934583333333255, 0.11241666666669786, 0.8993333333333021, 0.11241666666665105, 1.6300416666666275, 1.7424583333332786, 0.28104166666667446, 61.04224999999822, 0.1686249999999766, 0.786916666666651, 1.5176249999999767, 0.3934583333333255, 0.3934583333333255, 1.4614166666666042, 0.056208333333325526, 0.44966666666665106, 0.6182916666666745, 1.1241666666666044, 0.11241666666665105, 0.2248333333333021, 0.786916666666651, 1.2927916666666277, 0.1686250000000234, 0.3934583333333255, 0.8993333333333021, 0.28104166666667446, 0.8431249999999766, 0.11241666666665105, 0.28104166666667446, 1.124166666666651, 0.44966666666665106, 60.36774999999827, 0.1686249999999766, 0.22483333333334893, 0.5620833333333022, 0.1686249999999766, 1.6862499999999532, 0.6182916666666745, 0.5620833333333489, 1.7424583333332786, 1.236583333333302, 0.28104166666667446, 0.3934583333333255, 2.135916666666604, 0.2248333333333021, 0.22483333333334893, 0.7307083333333255, 0.28104166666667446, 0.1686249999999766, 0.11241666666669786, 0.11241666666669786, 1.4052083333332788, 0.8993333333333021, 0.1686250000000234, 60.311541666664944, 0.8431249999999766, 1.5176249999999767, 0.9555416666666278, 0.9555416666666745, 0.6182916666666277, 0.1686250000000234, 0.2248333333333021, 60.704999999998265, 0.056208333333325526, 0.056208333333325526, 0.5058749999999766, 0.1686249999999766, 0.9555416666666278, 0.056208333333325526, 0.1686249999999766, 60.536374999998245, 2.0234999999999532, 0.6744999999999999, 0.33724999999999994, 0.6744999999999531, 2.135916666666604, 0.6182916666666745, 0.28104166666667446, 0.44966666666665106, 0.0, 0.9555416666666745, 1.7424583333332786, 0.28104166666662767, 0.0, 61.772958333331545, 60.929833333331565, 0.056208333333325526, 60.704999999998265, 1.0679583333332787, 0.3934583333333255, 1.1803749999999298, 0.7307083333333255, 1.4052083333332788, 0.6744999999999999, 0.5620833333333022, 60.4239583333316, 60.929833333331565, 0.786916666666651, 0.6182916666666745, 1.6300416666666275, 0.786916666666651, 0.9555416666666745, 0.7307083333333255, 0.0, 0.3934583333333255, 0.5058749999999766, 2.473166666666604, 0.11241666666665105, 0.11241666666669786, 0.8431249999999766, 0.056208333333325526, 0.786916666666651, 0.28104166666662767, 0.056208333333325526, 0.22483333333334893, 0.11241666666669786, 0.056208333333325526, 0.1686249999999766, 0.9555416666666745, 0.5620833333333489, 1.5176249999999767, 0.786916666666651, 1.2927916666666277, 1.1803749999999764, 0.1686250000000234, 0.2248333333333021, 0.44966666666665106, 1.461416666666651, 0.8993333333333021, 0.3934583333333255, 0.5058750000000234, 0.1686249999999766, 0.28104166666667446, 61.60433333333157, 60.761208333331595, 61.60433333333157, 0.6744999999999999, 0.5620833333333489, 60.311541666664944, 0.11241666666665105, 0.2248333333333021, 0.056208333333325526, 0.6744999999999999, 1.5738333333332555, 1.01175, 0.28104166666667446, 0.11241666666669786, 0.28104166666667446, 62.05399999999822, 0.2248333333333021, 0.056208333333325526, 1.8548749999999765, 0.786916666666651, 1.1803749999999764, 0.8431249999999766, 0.28104166666667446, 0.5058750000000234, 0.1686249999999766, 1.124166666666651, 1.5176249999999767, 0.33724999999999994, 1.9110833333333022, 1.01175, 0.8993333333333021, 0.6744999999999531, 0.1686249999999766, 0.3934583333333255, 0.7307083333332788, 0.8993333333333021, 0.6182916666666277, 1.461416666666651, 0.0, 1.0117499999999533, 0.5620833333333489, 61.26708333333156, 1.236583333333302, 61.379499999998224, 0.0, 1.236583333333302, 59.01874999999832, 1.4052083333333254, 0.0, 0.1686249999999766, 0.2248333333333021, 0.1686250000000234, 0.8993333333333021, 0.44966666666665106, 1.573833333333302, 0.5620833333333489, 61.43570833333155, 0.0, 0.11241666666669786, 0.1686249999999766, 2.0234999999999532, 61.772958333331545, 59.861874999998285, 0.11241666666665105, 60.48016666666492, 0.3372499999999532, 60.929833333331565, 1.573833333333302, 1.1803749999999298, 61.04224999999822, 0.9555416666666278, 1.2927916666666277, 0.0, 0.056208333333325526, 0.1686250000000234, 0.1686249999999766, 0.28104166666667446, 60.704999999998265, 0.8431249999999766, 1.01175, 1.01175, 0.44966666666665106, 61.772958333331545, 0.6744999999999999, 0.8993333333333021, 0.8431249999999766, 1.2927916666666277, 0.8431249999999766, 0.9555416666666278, 0.2248333333333021, 1.9672916666666276, 1.2927916666666277, 0.2248333333333021, 0.28104166666662767, 0.8993333333333021, 0.8431249999999766, 0.5620833333333489, 0.44966666666665106, 0.0, 0.3372499999999532, 0.6182916666666277, 1.3489999999999998, 1.236583333333302, 0.5058749999999766, 0.2248333333333021, 0.33724999999999994, 0.22483333333334893, 0.9555416666666745, 1.4614166666666042, 0.6182916666666277, 0.0, 1.1803749999999298, 0.2248333333333021, 0.22483333333334893, 0.22483333333334893, 0.5058749999999766, 0.056208333333325526, 1.0117499999999533, 1.461416666666651, 1.1803749999999298, 0.5058749999999766, 0.28104166666667446, 0.5058750000000234, 0.5620833333333022, 0.056208333333325526, 1.6862499999999532, 0.6182916666666277, 0.8431249999999766, 0.1686250000000234, 1.236583333333302, 1.6862499999999532, 0.44966666666665106, 0.056208333333325526, 1.6862499999999532, 1.4052083333333254, 0.6182916666666277, 0.5058750000000234, 1.236583333333302, 59.52462499999829, 60.142916666664924, 60.6487916666649, 0.3372499999999532, 1.4052083333333254, 0.22483333333334893, 0.0, 0.5058749999999766, 0.5620833333333022, 0.1686249999999766, 60.311541666664944, 59.97429166666494, 60.36774999999827, 58.625291666664985, 2.4169583333332785, 0.3372499999999532, 0.7307083333333255, 0.8431249999999766, 0.3934583333333255, 0.3934583333333255, 0.28104166666667446, 1.6862499999999532, 1.7424583333332786, 0.5058749999999766, 1.7986666666666042, 1.7424583333332786, 0.6182916666666745, 0.1686250000000234, 1.2927916666666277, 1.1803749999999298, 0.3934583333333255, 0.1686250000000234, 0.22483333333334893, 1.1803749999999298, 1.0117499999999533, 61.26708333333156, 0.3934583333333255, 0.5620833333333022, 0.0, 1.8548749999999765, 60.986041666664896, 60.19912499999824, 1.573833333333302, 0.8431249999999766, 59.97429166666494, 61.71674999999822, 0.11241666666669786, 0.28104166666662767, 0.1686249999999766, 2.4169583333332785, 0.5620833333333022, 1.0117499999999533, 0.5058750000000234, 1.3489999999999998, 0.5058750000000234, 1.236583333333302, 0.9555416666666745, 0.6744999999999531, 1.6300416666666275, 0.6182916666666277, 0.44966666666665106, 0.786916666666651, 0.44966666666665106, 1.5176249999999298, 0.7307083333332788, 1.236583333333302, 1.2927916666666277, 0.3372499999999532, 1.2927916666666277, 0.8431249999999766, 1.236583333333302, 0.7307083333333255, 0.1686250000000234, 1.2927916666666277, 0.056208333333325526, 0.33724999999999994, 1.1803749999999764, 0.7307083333333255, 0.5620833333333022, 0.5058750000000234, 0.44966666666665106, 1.1241666666666044, 1.1241666666666044, 0.7307083333333255, 0.8431249999999766, 0.28104166666667446, 1.3489999999999998, 0.7307083333333255, 0.6182916666666277, 0.22483333333334893, 0.5620833333333022, 0.3934583333333255, 2.135916666666604, 0.0, 0.11241666666665105, 0.6744999999999999, 0.33724999999999994, 0.11241666666669786, 0.056208333333325526, 0.2248333333333021, 0.5620833333333489, 0.3934583333333255, 0.44966666666665106, 0.5620833333333489, 0.1686249999999766, 0.5058749999999766, 0.3934583333333255, 61.997791666664895, 0.7307083333333255, 0.1686249999999766, 0.786916666666651, 0.056208333333325526, 0.6744999999999999, 1.3489999999999531, 0.9555416666666745, 0.11241666666665105, 0.3372499999999532, 0.33724999999999994, 1.236583333333302, 0.056208333333325526, 0.6182916666666745, 1.01175, 0.22483333333334893, 0.22483333333334893, 0.6182916666666745, 1.3489999999999531, 0.5620833333333489, 1.2927916666666277, 0.22483333333334893, 1.461416666666651, 0.5620833333333489, 0.3934583333333255, 0.22483333333334893, 1.8548749999999765, 0.786916666666651, 0.5620833333333022, 0.6744999999999999, 0.33724999999999994, 60.87362499999824, 0.1686249999999766, 0.11241666666669786, 0.7307083333333255, 61.8853749999982, 0.28104166666667446, 1.124166666666651, 0.1686249999999766, 0.28104166666667446, 0.5620833333333489, 0.5058750000000234, 0.28104166666662767, 0.44966666666665106, 0.786916666666651, 1.0679583333333256, 0.6744999999999531, 0.3934583333333255, 0.3372499999999532, 0.6182916666666277, 2.360749999999906, 0.8431249999999766, 0.8431249999999766, 0.44966666666665106, 1.461416666666651, 1.4052083333332788, 0.7307083333332788, 0.056208333333325526, 1.0679583333332787, 0.6182916666666745, 0.11241666666669786, 0.3934583333333255, 0.8993333333333021, 0.11241666666669786, 0.1686250000000234, 0.8993333333333021, 0.6182916666666745, 0.1686250000000234, 1.236583333333302, 1.124166666666651, 0.44966666666665106, 61.15466666666492, 0.7307083333333255, 0.3934583333333255, 0.786916666666651, 0.056208333333325526, 0.44966666666665106, 0.3934583333333255, 1.124166666666651, 1.124166666666651, 0.11241666666669786, 0.3934583333333255, 1.3489999999999998, 0.44966666666665106, 0.5058749999999766, 0.44966666666665106, 0.11241666666665105, 1.5176249999999298, 0.5620833333333489, 1.1803749999999298, 0.8431249999999766, 1.5176249999999767, 1.5176249999999298, 0.22483333333334893, 0.33724999999999994, 0.786916666666651, 0.11241666666669786, 1.5176249999999767, 0.44966666666665106, 0.8993333333333021, 1.0117499999999533, 0.1686250000000234, 0.6182916666666745, 1.0679583333333256, 0.5620833333333489, 0.28104166666662767, 0.7307083333333255, 1.124166666666651, 0.5058750000000234, 1.461416666666651, 0.8993333333333021, 2.135916666666604, 1.236583333333302, 1.573833333333302, 1.7986666666666042, 0.44966666666665106, 0.6744999999999531, 0.44966666666665106, 0.11241666666669786, 0.2248333333333021, 0.1686250000000234, 1.2927916666666277, 0.7307083333332788, 1.2927916666666277, 1.461416666666651, 0.1686249999999766, 0.6744999999999531, 1.6862499999999532, 0.22483333333334893, 0.786916666666651, 0.056208333333325526, 0.786916666666651, 0.2248333333333021, 0.056208333333325526, 0.11241666666665105, 0.5620833333333489, 1.6300416666666275, 0.44966666666665106, 0.9555416666666278, 0.0, 0.11241666666665105, 1.0117499999999533, 0.7307083333332788, 0.11241666666665105, 0.5620833333333489, 0.1686250000000234, 0.6182916666666277, 0.11241666666669786, 1.7424583333332786, 0.33724999999999994, 0.22483333333334893, 0.2248333333333021, 0.056208333333325526, 0.09635714285713139, 0.04817857142856569, 1.01175, 0.5299642857142628, 0.04817857142856569, 0.7708571428571314, 0.1445357142856971, 0.7708571428571314, 0.0, 0.28907142857143425, 0.2890714285713942, 0.2408928571428686, 0.3854285714285657, 0.6263214285714344, 1.3008214285714343, 1.6862499999999598, 0.1445357142857372, 1.4453571428571315, 0.09635714285713139, 0.1927142857143029, 0.04817857142856569, 0.04817857142856569, 0.2408928571428686, 0.5781428571428284, 0.2890714285713942, 0.2890714285713942, 0.2408928571428686, 0.04817857142856569, 0.5781428571428685, 0.2890714285713942, 0.04817857142856569, 0.5781428571428685, 0.09635714285717151, 1.7344285714285657, 52.46646428571382, 0.19271428571426277, 0.04817857142856569, 51.213821428570945, 1.3008214285713942, 0.9635714285713942, 0.09635714285717151, 2.119857142857091, 0.1927142857143029, 0.5781428571428685, 1.2044642857143029, 0.09635714285717151, 1.01175, 0.43360714285713137, 0.04817857142856569, 0.43360714285713137, 0.3854285714285657, 0.33725, 0.8672142857142627, 0.6263214285714344, 0.28907142857143425, 0.04817857142856569, 1.3008214285713942, 0.5781428571428685, 0.4336071428571715, 0.4336071428571715, 1.1081071428571314, 1.6862499999999598, 52.17739285714239, 53.33367857142809, 0.5299642857142628, 0.1927142857143029, 0.2408928571428686, 0.2408928571428285, 0.19271428571426277, 0.4336071428571715, 0.6263214285713943, 0.1445357142856971, 1.156285714285737, 0.19271428571426277, 0.7226785714285657, 0.5781428571428685, 0.2408928571428686, 0.2408928571428686, 0.4817857142856971, 0.8190357142857372, 0.2408928571428686, 0.1927142857143029, 0.4817857142857372, 0.9635714285714343, 0.09635714285717151, 52.85189285714239, 0.04817857142856569, 0.3854285714285657, 0.04817857142856569, 0.3854285714285657, 1.01175, 1.7826071428571313, 51.984678571428084, 0.1927142857143029, 0.9635714285714343, 50.63567857142812, 51.791964285713824, 0.1927142857143029, 0.7708571428571314, 0.33725, 0.8672142857142627, 0.5299642857142628, 52.803714285713816, 0.28907142857143425, 0.04817857142856569, 0.5299642857143029, 52.032857142856685, 50.92474999999951, 0.2890714285713942, 52.46646428571382, 52.75553571428525, 52.273749999999524, 0.2890714285713942, 0.7226785714285657, 51.74378571428525, 0.1445357142856971, 52.418285714285254, 0.7708571428571314, 52.514642857142384, 52.562821428570956, 0.5299642857142628, 52.94824999999952, 0.2408928571428686, 0.3854285714285657, 51.406535714285255, 1.2526428571428687, 50.58749999999956, 51.93649999999951, 52.032857142856685, 0.7226785714285657, 51.74378571428525, 1.2044642857143029, 0.5299642857143029, 0.5781428571428284, 0.4817857142857372, 0.04817857142856569, 53.47821428571378, 0.5299642857142628, 0.19271428571426277, 0.0, 0.43360714285713137, 0.2408928571428285, 0.2408928571428686, 1.4453571428571315, 0.43360714285713137, 0.1445357142856971, 0.8672142857143028, 0.43360714285713137, 1.541714285714303, 1.0599285714285656, 0.5781428571428685, 1.4935357142856969, 1.7826071428571313, 0.4817857142857372, 0.09635714285713139, 0.09635714285717151, 1.3971785714285656, 0.8190357142856971, 0.6745, 0.5299642857142628, 0.6745, 0.7708571428571314, 0.19271428571426277, 0.6263214285713943, 0.04817857142856569, 2.216214285714263, 0.1445357142856971, 1.1081071428571314, 52.273749999999524, 0.1927142857143029, 0.33725, 0.43360714285713137, 0.9635714285714343, 0.1927142857143029, 1.6380714285713942, 1.156285714285737, 1.0599285714285656, 51.984678571428084, 0.5781428571428685, 0.5299642857143029, 1.156285714285737, 0.8190357142857372, 1.2526428571428687, 51.31017857142812, 1.4935357142856969, 1.4935357142856969, 0.33725, 1.156285714285697, 51.64742857142808, 52.273749999999524, 50.92474999999951, 0.5781428571428685, 1.2526428571428687, 0.4817857142856971, 0.8190357142857372, 0.7708571428571314, 0.7226785714285657, 0.6263214285713943, 0.33725, 0.7708571428571314, 0.1445357142856971, 0.1445357142857372, 0.09635714285713139, 51.888321428570954, 51.69560714285669, 1.2044642857143029, 0.5299642857143029, 1.3008214285714343, 1.3971785714285656, 1.01175, 0.3854285714285657, 0.09635714285717151, 0.1445357142857372, 0.28907142857143425, 0.1445357142857372, 1.0599285714285656, 1.01175, 0.0, 0.3854285714285657, 0.5299642857143029, 0.09635714285713139, 0.7226785714285657, 0.19271428571426277, 1.0599285714285656, 0.6263214285713943, 0.8190357142857372, 0.4817857142856971, 0.0, 1.3008214285714343, 0.09635714285713139, 0.6263214285713943, 0.2408928571428285, 0.43360714285713137, 50.82839285714239, 0.6745, 0.6745, 52.65917857142808, 0.33725, 0.5781428571428284, 0.1445357142856971, 0.4336071428571715, 1.2044642857143029, 0.6263214285714344, 0.33725, 1.01174999999996, 0.6263214285713943, 0.4817857142856971, 0.28907142857143425, 0.04817857142856569, 0.04817857142856569, 0.6263214285713943, 1.01175, 0.8190357142856971, 0.7708571428571314, 0.8190357142856971, 0.4817857142857372, 1.0599285714285656, 51.55107142857096, 51.26199999999952, 52.562821428570956, 0.9153928571428687, 1.156285714285737, 1.4453571428571315, 51.84014285714239, 0.04817857142856569, 0.9153928571428687, 1.8307857142856971, 0.7708571428571314, 0.04817857142856569, 0.09635714285717151, 0.4336071428571715, 0.28907142857143425, 0.04817857142856569, 0.1445357142857372, 0.4817857142857372, 0.33725, 1.6380714285714342, 1.0599285714285656, 0.6745, 0.4336071428571715, 0.7708571428571314, 0.9153928571428687, 0.7226785714285657, 51.69560714285669, 51.35835714285669, 0.04817857142856569, 0.7708571428571314, 0.09635714285717151, 0.6745, 0.04817857142856569, 0.5781428571428685, 1.1081071428571314, 0.2408928571428686, 1.156285714285697, 0.9635714285714343, 0.2408928571428686, 0.1927142857143029, 0.9153928571428285, 51.35835714285669, 51.984678571428084, 51.35835714285669, 0.3854285714285657, 2.36074999999996, 0.28907142857143425, 0.2890714285713942, 1.0599285714285656, 0.19271428571426277, 0.04817857142856569, 0.6745, 0.5299642857143029, 0.19271428571426277, 0.0, 1.156285714285697, 0.5299642857143029, 0.43360714285713137, 0.9153928571428687, 0.6745, 0.2408928571428686, 0.6745, 0.6263214285713943, 0.7708571428571314, 1.01175, 51.599249999999515, 52.08103571428526, 52.65917857142808, 0.1927142857143029, 0.1445357142856971, 0.33725, 0.2890714285713942, 52.418285714285254, 52.90007142857095, 0.9635714285713942, 51.74378571428525, 0.2890714285713942, 0.6263214285714344, 0.9635714285714343, 1.0599285714285656, 1.3008214285713942, 0.5299642857143029, 0.2408928571428285, 0.43360714285713137, 0.6745, 0.1445357142856971, 1.2044642857143029, 0.7226785714285657, 0.5781428571428685, 52.17739285714239, 0.5781428571428685, 0.2408928571428285, 0.4817857142857372, 0.5781428571428284, 0.33725, 0.1445357142857372, 51.31017857142812, 52.707357142856644, 0.9153928571428687, 1.4453571428571315, 0.8190357142856971, 0.33725, 0.43360714285713137, 0.1445357142857372, 0.04817857142856569, 1.01175, 0.04817857142856569, 52.37010714285665, 52.17739285714239, 0.6745, 52.61099999999952, 1.7344285714285657, 52.707357142856644, 0.7708571428571314, 0.4817857142857372, 51.599249999999515, 52.32192857142808, 52.22557142857095, 1.1081071428571314, 1.8307857142856971, 0.1445357142857372, 0.2408928571428686, 0.5299642857143029, 0.04817857142856569, 0.28907142857143425, 1.6380714285713942, 1.01175, 1.3971785714285656, 0.5299642857143029, 1.2044642857143029, 0.33725, 1.0599285714285656, 0.5299642857142628, 0.2408928571428285, 1.7344285714285657, 0.1445357142856971, 0.1927142857143029, 1.4935357142856969, 0.2408928571428285, 0.6745, 1.0599285714285656, 0.5781428571428284, 51.213821428570945, 52.418285714285254, 51.69560714285669, 51.213821428570945, 0.0, 0.09635714285713139, 0.0, 0.1445357142856971, 0.1445357142856971, 0.04817857142856569, 1.541714285714303, 1.349, 0.3854285714285657, 0.5781428571428685, 0.4817857142856971, 1.3971785714285656, 0.1927142857143029, 0.5299642857143029, 0.19271428571426277, 0.19271428571426277, 1.0599285714285656, 0.5299642857143029, 52.32192857142808, 50.73203571428525, 0.1445357142856971, 51.213821428570945, 0.2408928571428285, 1.3008214285714343, 0.1445357142856971, 50.780214285713825, 1.4935357142856969, 0.2408928571428285, 53.14096428571382, 0.2890714285713942, 0.1927142857143029, 0.8190357142857372, 0.7708571428571314, 50.780214285713825, 0.09635714285713139, 51.599249999999515, 52.17739285714239, 0.6745, 51.26199999999952, 0.09635714285717151, 0.43360714285713137, 1.541714285714303, 0.2408928571428686, 51.55107142857096, 0.1927142857143029, 52.22557142857095, 51.021107142856685, 51.021107142856685, 51.11746428571382, 51.599249999999515, 52.37010714285665, 1.4935357142856969, 53.14096428571382, 0.5781428571428685, 0.09635714285713139, 0.7226785714285657, 1.3971785714285656, 0.4336071428571715, 0.7226785714285657, 0.8672142857143028, 0.33725, 2.168035714285697, 0.09635714285713139, 1.68625, 1.349, 0.2408928571428686, 1.1081071428571314, 0.3854285714285657, 0.2408928571428686, 0.7226785714285657, 0.28907142857143425, 0.4336071428571715, 0.33725, 1.01175, 0.33725, 0.04817857142856569, 0.09635714285713139, 0.8190357142856971, 0.4336071428571715, 1.5898928571428685, 51.69560714285669, 50.82839285714239, 0.1445357142857372, 0.2408928571428285, 0.1445357142856971, 52.17739285714239, 1.4935357142856969, 0.33725, 0.5299642857142628, 1.349, 0.33725, 0.28907142857143425, 0.5781428571428685, 52.273749999999524, 51.69560714285669, 51.599249999999515, 0.9635714285713942, 0.2408928571428285, 0.6745, 0.19271428571426277, 0.6263214285713943, 0.09635714285713139, 0.7226785714285657, 0.1927142857143029, 0.0, 0.2408928571428686, 51.791964285713824, 0.6263214285714344, 52.22557142857095, 0.1445357142857372, 0.2408928571428285, 0.1927142857143029, 1.1081071428571314, 0.2408928571428285, 0.1445357142857372, 0.8672142857142627, 0.2408928571428285, 51.599249999999515, 0.5299642857142628, 1.5898928571428685, 0.1445357142856971, 0.0, 0.9635714285714343, 0.6745, 0.7708571428571314, 0.7708571428571314, 0.8672142857143028, 1.4935357142856969, 0.09635714285717151, 1.9271428571428284, 52.12921428571382, 52.562821428570956, 51.26199999999952, 1.349, 0.6745, 52.85189285714239, 0.33725, 0.09635714285713139, 0.1445357142857372, 0.1445357142857372, 52.37010714285665, 52.562821428570956, 1.1081071428571314, 0.2408928571428285, 0.8190357142857372, 0.0, 1.3971785714285656, 0.5781428571428284, 1.156285714285697, 0.6745, 0.3854285714285657, 0.9635714285714343, 51.93649999999951, 1.0599285714285656, 1.156285714285737, 0.28907142857143425, 0.33725, 0.2890714285713942, 52.94824999999952, 0.19271428571426277, 52.273749999999524, 0.7226785714285657, 0.1927142857143029, 52.514642857142384, 0.9635714285714343, 52.94824999999952, 0.1927142857143029, 0.6745, 0.5781428571428284, 0.7226785714285657, 0.4817857142856971, 0.09635714285713139, 51.791964285713824, 0.6745, 0.5299642857143029, 51.791964285713824, 52.17739285714239, 0.4817857142856971, 0.5299642857142628, 0.04817857142856569, 0.9635714285714343, 0.09635714285717151, 0.4336071428571715, 0.9635714285714343, 1.2044642857143029, 1.2526428571428283, 51.93649999999951, 0.8672142857143028, 52.996428571428076, 52.803714285713816, 0.6263214285713943, 53.28549999999952, 1.156285714285737, 0.4336071428571715, 50.68385714285669, 51.984678571428084, 0.19271428571426277, 0.1445357142857372, 1.0599285714285656, 0.8190357142857372, 1.4453571428571315, 0.33725, 1.01175, 0.9635714285713942, 0.04817857142856569, 0.3854285714285657, 0.28907142857143425, 1.156285714285697, 0.6263214285714344, 1.1081071428571314, 52.032857142856685, 0.8190357142856971, 0.5299642857142628, 0.9153928571428285, 0.2890714285713942, 0.2408928571428285, 0.09635714285717151, 0.0, 0.7226785714285657, 0.5299642857142628, 0.04817857142856569, 0.4817857142857372, 0.1927142857143029, 1.3971785714285656, 0.7708571428571314, 0.7226785714285657, 51.502892857142385, 51.984678571428084, 0.28907142857143425, 0.19271428571426277, 0.5781428571428284, 0.19271428571426277, 0.6263214285714344, 52.22557142857095, 0.2408928571428686, 0.04817857142856569, 1.156285714285737, 51.599249999999515, 0.6745, 0.04817857142856569, 0.7708571428571314, 51.55107142857096, 0.8190357142857372, 0.8672142857143028, 0.0, 0.1445357142857372, 0.4336071428571715, 51.888321428570954, 51.69560714285669, 52.37010714285665, 0.1445357142856971, 51.31017857142812, 1.3971785714285656, 1.0599285714285656, 1.7826071428571313, 0.8672142857142627, 0.1445357142857372, 0.9153928571428285, 0.09635714285717151, 1.4935357142856969, 0.09635714285717151, 0.3854285714285657, 0.2890714285713942, 0.4336071428571715, 0.8672142857143028, 0.4817857142856971, 0.7708571428571314, 1.1081071428571314, 0.09635714285713139, 0.09635714285713139, 52.707357142856644, 51.213821428570945, 0.6745, 2.0235, 0.43360714285713137, 0.8190357142857372, 0.33725, 0.09635714285713139, 1.3971785714285656, 1.0599285714285656, 1.01175, 0.09635714285713139, 0.28907142857143425, 0.7708571428571314, 0.5299642857143029, 2.0235, 0.5299642857143029, 50.780214285713825, 1.68625, 0.2408928571428686, 51.06928571428526, 0.43360714285713137, 0.33725, 51.599249999999515, 0.2890714285713942, 1.0599285714285656, 0.6263214285713943, 0.6263214285713943, 0.09635714285713139, 0.19271428571426277, 0.1445357142857372, 0.43360714285713137, 0.7708571428571314, 0.2890714285713942, 0.7226785714285657, 0.1927142857143029, 1.4935357142856969, 0.2890714285713942, 0.04817857142856569, 0.1445357142856971, 0.6263214285713943, 1.2044642857143029, 0.8672142857143028, 1.3971785714285656, 0.7708571428571314, 0.5781428571428284, 0.0, 0.2890714285713942, 1.7826071428571313, 0.04817857142856569, 1.3008214285714343, 1.1081071428571314, 0.09635714285717151, 0.33725, 0.1445357142856971, 0.28907142857143425, 1.2044642857143029, 0.28907142857143425, 0.7708571428571314, 0.7708571428571314, 0.09635714285713139, 0.3854285714285657, 52.707357142856644, 0.09635714285713139, 0.1927142857143029, 0.3854285714285657, 0.9153928571428687, 0.7226785714285657, 1.156285714285697, 0.09635714285713139, 52.418285714285254, 52.37010714285665, 51.69560714285669, 0.7226785714285657, 51.64742857142808, 0.8672142857143028, 50.68385714285669, 0.04817857142856569, 0.2408928571428285, 52.90007142857095, 53.09278571428521, 0.5781428571428685, 52.12921428571382, 52.273749999999524, 0.1927142857143029, 50.780214285713825, 51.502892857142385, 0.2408928571428285, 0.5781428571428685, 0.8672142857143028, 0.6745, 0.5781428571428284, 0.6263214285713943, 0.5299642857143029, 0.09635714285717151, 0.5781428571428284, 0.5781428571428685, 0.7226785714285657, 1.0599285714285656, 0.43360714285713137, 0.7226785714285657, 0.19271428571426277, 0.4336071428571715, 0.04817857142856569, 0.8190357142856971, 0.2408928571428285, 2.119857142857131, 0.5781428571428685, 0.2890714285713942, 0.1445357142856971, 0.3854285714285657, 0.09635714285713139, 0.4336071428571715, 0.9153928571428687, 0.5299642857143029, 1.3008214285714343, 0.19271428571426277, 0.6263214285713943, 1.2044642857143029, 0.9635714285713942, 0.1445357142857372, 0.2890714285713942, 1.3971785714285656, 0.4817857142856971, 0.33725, 1.0599285714285656, 0.8190357142857372, 0.2890714285713942, 0.09635714285713139, 0.8190357142857372, 0.4817857142856971, 0.0, 0.33725, 0.33725, 0.1927142857143029, 0.1445357142857372, 0.33725, 1.6380714285714342, 0.4817857142856971, 0.5299642857142628, 0.6263214285714344, 0.2408928571428285, 0.7226785714285657, 1.1081071428571314, 0.7226785714285657, 0.1445357142856971, 0.04817857142856569, 0.8190357142857372, 0.6263214285713943, 0.09635714285717151, 0.04817857142856569, 0.8672142857143028, 0.9153928571428285, 0.19271428571426277, 0.33725, 1.7344285714285657, 0.3854285714285657, 0.33725, 0.3854285714285657, 1.8789642857142628, 0.6745, 0.09635714285717151, 0.5781428571428685, 0.09635714285717151, 0.09635714285717151, 1.4453571428571315, 1.01175, 0.6263214285714344, 0.04817857142856569, 0.5781428571428284, 51.021107142856685, 52.032857142856685, 52.37010714285665, 0.09635714285713139, 51.502892857142385, 0.09635714285713139, 52.22557142857095, 0.5781428571428685, 1.01174999999996, 51.502892857142385, 50.20207142857095, 0.1445357142856971, 0.04817857142856569, 0.3854285714285657, 1.0599285714285656, 1.01175, 0.3854285714285657, 0.09635714285717151, 0.3854285714285657, 0.7226785714285657, 51.35835714285669, 0.28907142857143425, 0.0, 0.28907142857143425, 0.0, 52.65917857142808, 0.6745, 0.6745, 0.33725, 0.4817857142856971, 0.0, 52.94824999999952, 0.1445357142856971, 0.33725, 52.273749999999524, 0.04817857142856569, 52.12921428571382, 0.0, 52.273749999999524, 1.8789642857142628, 0.1927142857143029, 52.65917857142808, 53.43003571428521, 0.8672142857142627, 1.9271428571428686, 52.90007142857095, 0.5781428571428284, 1.1081071428571314, 0.9635714285713942, 0.7708571428571314, 0.04817857142856569, 0.43360714285713137, 1.3008214285714343, 0.7226785714285657, 0.2890714285713942, 0.04817857142856569, 0.8672142857142627, 52.803714285713816, 0.33725, 51.93649999999951, 0.04817857142856569, 1.6380714285714342, 0.9153928571428687, 0.4817857142856971, 0.5299642857143029, 0.3854285714285657, 0.3854285714285657, 0.1445357142856971, 51.55107142857096, 1.01175, 0.5781428571428685, 0.5299642857143029, 50.82839285714239, 51.35835714285669, 52.94824999999952, 0.4817857142857372, 0.9153928571428687, 1.156285714285737, 0.1927142857143029, 51.84014285714239, 52.514642857142384, 51.35835714285669, 0.0, 0.28907142857143425, 0.0, 0.5299642857142628, 0.0, 0.04817857142856569, 0.3854285714285657, 52.22557142857095, 50.780214285713825, 50.92474999999951, 51.11746428571382, 52.32192857142808, 1.0599285714285656, 52.418285714285254, 51.791964285713824, 51.26199999999952, 0.33725, 0.43360714285713137, 51.84014285714239, 1.541714285714303, 0.43360714285713137, 0.28907142857143425, 0.33725, 1.0599285714285656, 1.204464285714263, 52.85189285714239, 0.3854285714285657, 0.3854285714285657, 0.04817857142856569, 0.2408928571428686, 0.33725, 0.8190357142856971, 51.791964285713824, 51.74378571428525, 51.93649999999951, 0.43360714285713137, 1.2526428571428687, 51.69560714285669, 1.3008214285714343, 51.35835714285669, 51.35835714285669, 50.87657142857095, 0.0, 0.2408928571428686, 0.5781428571428284, 0.1927142857143029, 0.33725, 0.5299642857142628, 0.2408928571428686, 0.28907142857143425, 1.3971785714285656, 0.6745, 1.156285714285737, 1.01175, 0.6745, 0.6263214285713943, 0.8672142857142627, 0.1927142857143029, 0.8190357142857372, 52.75553571428525, 50.68385714285669, 51.16564285714239, 52.273749999999524, 0.5299642857142628, 52.37010714285665, 50.68385714285669, 0.8190357142857372, 1.9753214285714342, 0.4817857142857372, 51.888321428570954, 1.156285714285737, 52.08103571428526, 1.34899999999996, 1.204464285714263, 0.09635714285717151, 0.4336071428571715, 1.541714285714303, 51.984678571428084, 52.08103571428526, 0.2890714285713942, 1.9753214285714342, 53.33367857142809, 0.7708571428571314, 1.01175, 52.996428571428076, 52.273749999999524, 0.4336071428571715, 0.09635714285717151, 1.3971785714285656, 0.3854285714285657, 0.04817857142856569, 0.09635714285713139, 1.2044642857143029, 1.349, 0.5781428571428284, 0.6745, 52.562821428570956, 0.8672142857143028, 0.2408928571428285, 51.406535714285255, 0.3854285714285657, 1.2044642857143029, 0.4817857142857372, 52.418285714285254, 0.3854285714285657, 0.04817857142856569, 0.7708571428571314, 0.4336071428571715, 0.9153928571428687, 0.09635714285713139, 1.01175, 0.19271428571426277, 0.09635714285717151, 54.008178571428125, 52.65917857142813, 0.9153928571428687, 0.2408928571428285, 1.1081071428571314, 1.6380714285713942, 0.19271428571426277, 1.1081071428571314, 0.5781428571428685, 0.28907142857143425, 0.9635714285714343, 0.7708571428571314, 0.09635714285713139, 1.7344285714285657, 1.01174999999996, 0.9635714285713942, 1.8307857142856971, 0.33725, 0.8672142857142627, 0.2890714285713942, 0.1927142857143029, 52.273749999999524, 0.09635714285717151, 0.2408928571428285, 0.2890714285713942, 1.3971785714285656, 50.87657142857095, 51.984678571428084, 0.4817857142856971, 50.49114285714239, 0.5299642857143029, 0.1927142857143029, 52.17739285714239, 51.888321428570954, 51.84014285714239, 0.04817857142856569, 0.5781428571428685, 0.09635714285717151, 0.4817857142856971, 0.1927142857143029, 0.1927142857143029, 0.1445357142857372, 51.984678571428084, 0.8190357142857372, 0.5781428571428685, 0.9635714285714343, 0.6745, 0.1445357142857372, 0.8672142857143028, 0.4817857142856971, 1.204464285714263, 52.12921428571382, 0.9153928571428687, 52.37010714285665, 52.12921428571382, 0.5781428571428685, 52.22557142857095, 0.0, 0.5781428571428685, 1.349, 0.1445357142856971, 0.7226785714285657, 0.5299642857142628, 52.032857142856685, 53.71910714285664, 0.7226785714285657, 0.9635714285714343, 0.04817857142856569, 0.3854285714285657, 0.9635714285714343, 0.9635714285714343, 0.28907142857143425, 0.7708571428571314, 1.8307857142856971, 0.2408928571428686, 0.1927142857143029, 0.8190357142857372, 0.6263214285714344, 0.5781428571428284, 0.8672142857143028, 1.2044642857143029, 1.1081071428571314, 0.19271428571426277, 0.5299642857143029, 0.5299642857142628, 0.0, 0.3854285714285657, 0.2408928571428686, 0.2890714285713942, 0.2408928571428686, 52.65917857142808, 52.273749999999524, 50.73203571428525, 0.1445357142856971, 0.7226785714285657, 1.8307857142856971, 1.1081071428571314, 1.2526428571428687, 0.8672142857142627, 0.8672142857143028, 0.09635714285713139, 0.33725, 51.021107142856685, 0.33725, 0.2890714285713942, 51.984678571428084, 1.8307857142856971, 0.4817857142856971, 1.2526428571428687, 1.8789642857142628, 0.6263214285714344, 0.3854285714285657, 1.2044642857143029, 0.4336071428571715, 1.3971785714285656, 0.8672142857143028, 51.64742857142808, 0.2890714285713942, 51.502892857142385, 0.6263214285714344, 0.2890714285713942, 0.4817857142857372, 0.0, 0.3854285714285657, 52.707357142856644, 51.64742857142808, 0.04817857142856569, 51.599249999999515, 0.3854285714285657, 0.2408928571428686, 0.9635714285714343, 1.68625, 0.8190357142857372, 1.4935357142856969, 0.1445357142856971, 0.6263214285714344, 0.2408928571428285, 52.37010714285665, 1.541714285714303, 50.73203571428525, 52.65917857142808, 0.1445357142856971, 0.1445357142857372, 0.2408928571428285, 0.28907142857143425, 0.33725, 0.0, 52.707357142856644, 0.3854285714285657, 0.28907142857143425, 0.9635714285714343, 51.93649999999951, 51.984678571428084, 2.553464285714263, 51.31017857142812, 51.984678571428084, 0.19271428571426277, 0.3854285714285657, 1.4935357142856969, 0.8672142857143028, 1.3971785714285656, 0.5781428571428685, 1.0599285714285656, 1.2526428571428687, 0.09635714285713139, 0.6263214285713943, 0.0, 0.4336071428571715, 1.349, 1.0599285714285656, 1.0599285714285656, 1.0599285714285656, 0.5299642857142628, 0.9635714285714343, 0.09635714285717151, 52.90007142857095, 52.273749999999524, 0.8672142857142627, 1.349, 0.28907142857143425, 0.7226785714285657, 0.2408928571428686, 0.9153928571428285, 1.4453571428571315, 0.1445357142857372, 52.273749999999524, 1.1081071428571314, 0.2408928571428686, 0.4817857142856971, 0.0, 0.04817857142856569, 1.34899999999996, 0.0, 0.09635714285713139, 0.6263214285714344, 0.2408928571428686, 0.2408928571428285, 2.312571428571434, 0.28907142857143425, 0.9635714285714343, 0.3854285714285657, 0.19271428571426277, 0.4817857142856971, 0.5299642857142628, 52.12921428571382, 52.46646428571382, 0.6263214285714344, 1.156285714285697, 0.9635714285713942, 1.2526428571428687, 0.9635714285714343, 0.1445357142857372, 0.6263214285714344, 0.6263214285713943, 0.43360714285713137, 0.0, 0.33725, 52.08103571428526, 51.64742857142808, 0.5781428571428685, 51.599249999999515, 2.0235, 0.1927142857143029, 0.7708571428571314, 53.04460714285665, 0.5299642857143029, 1.2044642857143029, 0.09635714285713139, 1.2044642857143029, 0.2890714285713942, 0.8190357142857372, 0.2408928571428686, 0.28907142857143425, 0.5299642857142628, 0.28907142857143425, 1.9753214285714342, 52.996428571428076, 0.9153928571428687, 51.93649999999951, 1.3971785714285656, 51.502892857142385, 0.2408928571428686, 0.09635714285717151, 0.33725, 1.2526428571428283, 1.4935357142856969, 0.5781428571428685, 0.43360714285713137, 0.8672142857143028, 0.6745, 0.1445357142856971, 0.4336071428571715, 0.04817857142856569, 0.8672142857142627, 0.1927142857143029, 0.9635714285714343, 0.6263214285713943, 1.2044642857143029, 0.6263214285714344, 0.6263214285714344, 1.541714285714303, 0.8672142857142627, 1.9271428571428686, 0.43360714285713137, 1.01175, 0.4336071428571715, 0.33725, 1.0599285714285656, 51.84014285714239, 53.04460714285665, 0.3854285714285657, 0.8672142857143028, 0.4336071428571715, 0.8672142857142627, 0.7708571428571314, 0.09635714285717151, 0.2408928571428285, 0.09635714285717151, 51.16564285714239, 0.28907142857143425, 51.84014285714239, 51.791964285713824, 52.418285714285254, 0.7708571428571314, 0.1927142857143029, 0.1445357142857372, 51.84014285714239, 51.984678571428084, 0.3854285714285657, 51.06928571428526, 0.2408928571428686, 0.8672142857143028, 0.3854285714285657, 0.0, 0.4336071428571715, 0.4336071428571715, 1.3971785714285656, 0.3854285714285657, 0.8190357142857372, 0.5781428571428284, 0.6263214285714344, 0.5781428571428685, 0.1445357142857372, 0.6263214285713943, 0.04817857142856569, 0.33725, 1.1081071428571314, 0.0, 0.3854285714285657, 0.8672142857143028, 0.09635714285717151, 0.8190357142856971, 0.5781428571428685, 0.2408928571428686, 0.7708571428571314, 0.2408928571428686, 0.6263214285714344, 1.01175, 0.5299642857143029, 0.4817857142856971, 1.01175, 0.09635714285713139, 1.4453571428571315, 0.09635714285713139, 0.7708571428571314, 51.45471428571382, 1.01174999999996, 53.09278571428521, 52.514642857142384, 0.8190357142856971, 1.2044642857143029, 0.3854285714285657, 0.1927142857143029, 0.4336071428571715, 0.04817857142856569, 1.2526428571428687, 1.0599285714285656, 0.33725, 0.2408928571428285, 52.37010714285665, 0.6263214285713943, 52.17739285714239, 0.33725, 51.984678571428084, 0.8672142857143028, 51.16564285714239, 0.3854285714285657, 0.2890714285713942, 0.1927142857143029, 1.3008214285714343, 0.2408928571428285, 0.33725, 0.2408928571428686, 51.06928571428526, 1.3008214285714343, 0.7226785714285657, 1.0599285714285656, 1.156285714285697, 0.5299642857143029, 1.2044642857143029, 0.7226785714285657, 0.33725, 0.5781428571428284, 0.09635714285713139, 0.8672142857143028, 1.8789642857142628, 0.5781428571428685, 1.0599285714285656, 1.4453571428571315, 0.04817857142856569, 0.2890714285713942, 0.6263214285714344, 1.5417142857142627, 1.0599285714285656, 0.8672142857142627, 0.8672142857143028, 0.5299642857143029, 0.33725, 0.2408928571428686, 0.5781428571428685, 0.9153928571428285, 1.01175, 0.2408928571428686, 1.2044642857143029, 0.5781428571428284, 0.0, 0.0, 0.5299642857143029, 0.8672142857142627, 0.8190357142857372, 0.5781428571428284, 0.33725, 0.5299642857143029, 0.2890714285713942, 0.04817857142856569, 0.28907142857143425, 1.3008214285714343, 0.1445357142856971, 1.1081071428571314, 0.9153928571428687, 0.6745, 0.1445357142857372, 0.6263214285714344, 0.7708571428571314, 51.31017857142812, 1.0599285714285656, 0.7226785714285657, 51.791964285713824, 0.4336071428571715, 0.2890714285713942, 50.53932142857095, 53.14096428571382, 53.47821428571378, 50.780214285713825, 0.8190357142856971, 1.01175, 2.0716785714285657, 1.2526428571428283, 0.4336071428571715, 0.04817857142856569, 0.19271428571426277, 0.04817857142856569, 0.5781428571428284, 0.5299642857143029, 0.09635714285717151, 0.04817857142856569, 0.9635714285713942, 0.1445357142857372, 0.6745, 1.4453571428571315, 2.6016428571428283, 1.204464285714263, 0.33725, 0.6745, 0.2408928571428285, 1.1081071428571314, 51.45471428571382, 51.599249999999515, 0.7226785714285657, 1.2044642857143029, 0.5299642857142628, 0.1445357142856971, 0.2890714285713942, 1.9271428571428686, 1.01175, 0.5781428571428685, 0.7708571428571314, 0.28907142857143425, 0.1445357142856971, 1.1081071428571314, 0.4817857142857372, 1.0599285714285656, 0.2408928571428686, 0.09635714285717151, 0.5299642857143029, 51.74378571428525, 51.888321428570954, 52.803714285713816, 0.3854285714285657, 0.19271428571426277, 52.46646428571382, 52.17739285714239, 0.1445357142857372, 53.28549999999952, 52.707357142856644, 51.11746428571382, 0.1445357142857372, 0.5781428571428284, 51.502892857142385, 0.04817857142856569, 0.5781428571428685, 0.4336071428571715, 0.8672142857143028, 0.7708571428571314, 0.2890714285713942, 0.3854285714285657, 0.1445357142857372, 0.7708571428571314, 1.541714285714303, 0.9635714285714343, 0.0, 1.7826071428571313, 0.09635714285717151, 0.2408928571428285, 0.04817857142856569, 0.7226785714285657, 0.4336071428571715, 0.19271428571426277, 2.0716785714285657, 0.3854285714285657, 50.82839285714239, 0.5781428571428284, 0.1927142857143029, 51.11746428571382, 51.502892857142385, 0.1445357142856971, 0.6263214285714344, 0.4336071428571715, 0.4336071428571715, 52.12921428571382, 0.9153928571428285, 51.45471428571382, 52.996428571428076, 0.5781428571428685, 1.204464285714263, 52.61099999999952, 52.61099999999952, 1.8789642857142628, 0.28907142857143425, 0.09635714285713139, 0.6263214285713943, 52.273749999999524, 51.984678571428084, 0.5299642857143029, 0.5781428571428685, 0.2408928571428686, 51.984678571428084, 1.01175, 0.1445357142856971, 52.32192857142808, 51.599249999999515, 51.984678571428084, 0.5299642857142628, 1.1081071428571314, 0.7226785714285657, 1.2044642857143029, 0.9153928571428687, 0.6263214285713943, 0.1927142857143029, 0.2890714285713942, 0.09635714285717151, 1.4453571428571315, 0.6263214285714344, 0.4336071428571715, 0.9153928571428687, 0.7708571428571314, 0.8190357142857372, 0.5299642857143029, 1.2526428571428283, 52.17739285714239, 1.4453571428571315, 0.1445357142857372, 1.4935357142856969, 0.7708571428571314, 0.5781428571428284, 0.2408928571428686, 0.33725, 51.93649999999951, 0.0, 0.9153928571428687, 1.975321428571394, 0.3854285714285657, 1.68625, 52.418285714285254, 51.888321428570954, 0.8672142857143028, 52.514642857142384, 0.7226785714285657, 0.4817857142857372, 0.04817857142856569, 0.9635714285714343, 52.17739285714239, 0.04817857142856569, 0.04817857142856569, 0.5299642857143029, 0.2408928571428686, 1.9271428571428686, 0.04817857142856569, 0.09635714285717151, 0.6263214285714344, 0.5299642857143029, 1.1081071428571314, 1.5898928571428685, 1.3008214285714343, 0.5299642857142628, 1.2526428571428687, 0.4336071428571715, 0.28907142857143425, 0.28907142857143425, 0.6745, 1.3971785714285656, 1.2044642857143029, 1.2044642857143029, 0.6263214285713943, 0.1927142857143029, 2.457107142857131, 0.1445357142857372, 0.7708571428571314, 0.04817857142856569, 51.599249999999515, 52.17739285714239, 52.46646428571382, 51.64742857142808, 52.22557142857095, 52.032857142856685, 52.12921428571382, 51.213821428570945, 1.3008214285714343, 0.33725, 52.85189285714239, 1.349, 0.5299642857142628, 0.4817857142856971, 51.599249999999515, 0.2408928571428285, 0.7708571428571314, 1.0599285714285656, 1.0599285714285656, 0.09635714285717151, 0.1927142857143029, 51.64742857142808, 0.7226785714285657, 0.2408928571428285, 0.3854285714285657, 0.28907142857143425, 0.5299642857143029, 0.33725, 0.1927142857143029, 1.0599285714285656, 0.4336071428571715, 52.032857142856685, 1.1081071428571314, 0.09635714285717151, 1.68625, 52.46646428571382, 52.90007142857095, 51.74378571428525, 1.4935357142856969, 51.06928571428526, 1.4453571428571315, 51.791964285713824, 0.8190357142857372, 52.562821428570956, 0.1927142857143029, 0.1445357142857372, 0.04817857142856569, 0.19271428571426277, 1.4453571428571315, 0.0, 0.6263214285714344, 0.3854285714285657, 0.2408928571428285, 0.1445357142856971, 0.19271428571426277, 0.7226785714285657, 0.8190357142857372, 0.8672142857143028, 0.28907142857143425, 0.5299642857142628, 0.43360714285713137, 0.04817857142856569, 1.156285714285737, 0.04817857142856569, 0.2890714285713942, 0.33725, 0.6745, 0.8672142857142627, 0.4817857142856971, 0.3854285714285657, 2.36074999999996, 2.408928571428526, 0.6263214285713943, 0.6745, 0.09635714285717151, 0.4817857142857372, 1.2526428571428283, 0.4817857142856971, 0.6263214285713943, 0.3854285714285657, 1.0599285714285656, 0.33725, 0.19271428571426277, 0.04817857142856569, 1.8789642857142628, 0.5781428571428685, 0.7708571428571314, 0.6263214285713943, 0.4817857142857372, 0.4817857142856971, 0.43360714285713137, 0.5781428571428284, 0.33725, 1.349, 0.43360714285713137, 2.0716785714285657, 0.5299642857142628, 0.6745, 0.19271428571426277, 0.04817857142856569, 0.2408928571428285, 0.3854285714285657, 0.7226785714285657, 0.6745, 51.84014285714239, 52.90007142857095, 0.9635714285714343, 0.2408928571428285, 51.35835714285669, 51.984678571428084, 0.5299642857143029, 51.213821428570945, 0.1445357142856971, 0.1445357142857372, 52.996428571428076, 0.4336071428571715, 0.4817857142856971, 0.3854285714285657, 0.04817857142856569, 0.1927142857143029, 1.5898928571428685, 0.1445357142856971, 0.7708571428571314, 0.9153928571428687, 0.4817857142857372, 0.7226785714285657, 0.6263214285714344, 1.156285714285737, 0.09635714285717151, 51.74378571428525, 52.418285714285254, 1.7344285714285657, 0.5781428571428685, 0.6263214285713943, 51.84014285714239, 1.156285714285697, 0.2408928571428285, 0.8190357142856971, 0.8190357142856971, 0.4817857142856971, 0.28907142857143425, 0.33725, 1.2526428571428687, 0.04817857142856569, 0.28907142857143425, 0.3854285714285657, 1.2526428571428283, 51.984678571428084, 52.90007142857095, 51.406535714285255, 0.04817857142856569, 0.0, 0.9635714285714343, 52.32192857142808, 1.5417142857142627, 0.5299642857143029, 52.17739285714239, 0.33725, 0.43360714285713137, 0.7708571428571314, 0.7226785714285657, 52.08103571428526, 0.1445357142857372, 0.3854285714285657, 53.189142857142386, 1.7344285714285657, 0.6745, 53.43003571428521, 0.5781428571428284, 0.2408928571428686, 0.04817857142856569, 0.5781428571428284, 0.09635714285717151, 0.4817857142856971, 0.2408928571428686, 0.1927142857143029, 1.0599285714285656, 0.5299642857143029, 0.1445357142856971, 0.6263214285714344, 0.8190357142857372, 0.1927142857143029, 2.312571428571434, 52.707357142856644, 52.61099999999952, 1.156285714285737, 1.4453571428571315, 52.65917857142808, 51.406535714285255, 0.19271428571426277, 0.9153928571428687, 1.8307857142856971, 1.7344285714285657, 0.6263214285713943, 1.7826071428571313, 0.4336071428571715, 1.01175, 0.9153928571428285, 0.2890714285713942, 1.349, 51.984678571428084, 0.33725, 52.562821428570956, 52.418285714285254, 0.5299642857143029, 0.6263214285714344, 0.04817857142856569, 51.406535714285255, 0.8190357142857372, 0.2408928571428686, 0.0, 0.6263214285713943, 0.6263214285713943, 50.97292857142812, 52.22557142857095, 1.6380714285714342, 52.514642857142384, 51.11746428571382, 1.1081071428571314, 0.19271428571426277, 1.1081071428571314, 1.156285714285697, 0.09635714285713139, 0.8190357142857372, 0.4336071428571715, 0.8190357142857372, 0.5781428571428685, 0.28907142857143425, 0.8190357142857372, 1.7826071428571313, 0.28907142857143425, 53.09278571428521, 51.984678571428084, 0.28907142857143425, 0.9153928571428687, 1.156285714285737, 0.6745, 53.28549999999952, 52.37010714285665, 0.5781428571428685, 51.84014285714239, 0.3854285714285657, 1.6862499999999598, 0.6263214285713943, 0.1445357142856971, 1.2044642857143029, 0.04817857142856569, 0.7708571428571314, 1.1081071428571314, 1.2044642857143029, 0.8190357142857372, 0.1445357142856971, 0.28907142857143425, 0.7708571428571314, 51.888321428570954, 52.514642857142384, 52.707357142856644, 0.04817857142856569, 0.1445357142857372, 51.599249999999515, 0.7708571428571314, 50.97292857142812, 0.7708571428571314, 53.04460714285665, 51.06928571428526, 0.33725, 0.09635714285713139, 1.3971785714285656, 0.04817857142856569, 0.9153928571428687, 0.9635714285713942, 0.3854285714285657, 0.04817857142856569, 0.04817857142856569, 0.3854285714285657, 0.6263214285713943, 0.8672142857143028, 0.1927142857143029, 0.5299642857142628, 0.4817857142856971, 0.6745, 0.28907142857143425, 0.1445357142857372, 1.9271428571428686, 0.33725, 0.1445357142857372, 0.2408928571428285, 0.28907142857143425, 0.0, 0.09635714285717151, 0.0, 0.4817857142857372, 1.349, 0.1927142857143029, 0.7708571428571314, 0.4817857142856971, 0.6263214285713943, 0.1927142857143029, 0.0, 0.09635714285717151, 0.8190357142857372, 0.0, 0.04817857142856569, 1.01174999999996, 1.3971785714285656, 52.273749999999524, 0.7708571428571314, 51.213821428570945, 52.803714285713816, 51.35835714285669, 52.08103571428526, 52.418285714285254, 0.6745, 0.9635714285713942, 1.3971785714285656, 0.6745, 51.64742857142808, 51.69560714285669, 0.2408928571428285, 1.0599285714285656, 1.3971785714285656, 1.0599285714285656, 0.1445357142857372, 0.2890714285713942, 0.6745, 0.33725, 0.0, 0.5781428571428284, 0.4817857142856971, 0.5299642857142628, 1.0599285714285656, 0.5299642857142628, 0.43360714285713137, 0.09635714285717151, 0.9153928571428285, 0.6745, 1.349, 0.1445357142856971, 0.7226785714285657, 0.6263214285714344, 0.09635714285713139, 0.1927142857143029, 52.17739285714239, 51.502892857142385, 0.2408928571428285, 1.6380714285714342, 52.12921428571382, 0.1445357142856971, 52.37010714285665, 0.04817857142856569, 0.33725, 0.09635714285713139, 0.5781428571428284, 0.1445357142857372, 52.85189285714239, 1.2044642857143029, 0.09635714285717151, 0.7226785714285657, 0.9635714285713942, 0.5781428571428685, 0.7708571428571314, 52.08103571428526, 0.09635714285717151, 1.4935357142856969, 1.2526428571428687, 0.1445357142857372, 0.2890714285713942, 0.7226785714285657, 0.7708571428571314, 0.4817857142857372, 1.2526428571428687, 1.156285714285737, 52.17739285714239, 0.7226785714285657, 0.7708571428571314, 0.8190357142857372, 52.08103571428526, 1.541714285714303, 0.4817857142856971, 52.514642857142384, 0.4817857142857372, 0.5781428571428685, 51.502892857142385, 51.45471428571382, 0.5781428571428685, 0.1445357142856971, 1.156285714285737, 0.19271428571426277, 0.33725, 0.2890714285713942, 0.5781428571428685, 0.04817857142856569, 0.7226785714285657, 0.1927142857143029, 1.7344285714285657, 0.4817857142857372, 1.7826071428571313, 0.8190357142856971, 1.1081071428571314, 0.5299642857142628, 1.349, 0.33725, 1.2526428571428687, 0.33725, 0.7226785714285657, 0.3854285714285657, 0.43360714285713137, 0.8190357142856971, 0.2408928571428686, 52.418285714285254, 52.32192857142808, 51.55107142857096, 52.61099999999952, 53.09278571428521, 1.68625, 0.2890714285713942, 51.26199999999952, 52.562821428570956, 52.32192857142808, 53.62274999999952, 0.6263214285713943, 0.5781428571428685, 0.4817857142856971, 0.1927142857143029, 0.1927142857143029, 0.04817857142856569, 1.01174999999996, 0.5781428571428284, 0.3854285714285657, 0.1445357142856971, 0.8190357142857372, 0.43360714285713137, 0.7226785714285657, 1.0599285714285656, 0.1445357142857372, 0.09635714285713139, 0.3854285714285657, 0.6263214285713943, 51.888321428570954, 51.599249999999515, 0.1445357142856971, 51.74378571428525, 0.28907142857143425, 0.5781428571428685, 0.09635714285717151, 0.3854285714285657, 0.9635714285713942, 0.9153928571428687, 51.45471428571382, 0.09635714285713139, 51.84014285714239, 51.984678571428084, 0.4817857142856971, 0.5299642857143029, 1.2044642857143029, 1.01174999999996, 0.33725, 0.33725, 0.3854285714285657, 0.04817857142856569, 1.01174999999996, 0.2890714285713942, 0.33725, 0.33725, 0.04817857142856569, 0.6745, 0.1445357142857372, 0.09635714285713139, 0.28907142857143425, 1.01175, 50.87657142857095, 50.68385714285669, 52.707357142856644, 1.0599285714285656, 0.33725, 1.3008214285713942, 50.15389285714238, 1.68625, 50.73203571428525, 0.6263214285713943, 0.5781428571428685, 0.33725, 1.1081071428571314, 51.69560714285669, 0.7226785714285657, 0.2408928571428686, 0.1927142857143029, 0.0, 1.204464285714263, 0.33725, 0.04817857142856569, 0.43360714285713137, 0.2408928571428686, 0.1927142857143029, 0.5299642857143029, 0.8190357142856971, 0.6263214285714344, 0.8190357142857372, 0.9153928571428687, 0.28907142857143425, 0.8190357142857372, 0.5299642857142628, 50.97292857142812, 50.92474999999951, 0.3854285714285657, 51.502892857142385, 0.1927142857143029, 0.4336071428571715, 0.4817857142856971, 0.6745, 0.1927142857143029, 0.5299642857142628, 1.4935357142856969, 0.9635714285714343, 0.6745, 1.1081071428571314, 0.9635714285713942, 0.1445357142857372, 0.09635714285713139, 0.7708571428571314, 51.31017857142812, 52.65917857142808, 0.5299642857143029, 52.996428571428076, 0.2408928571428285, 52.418285714285254, 52.85189285714239, 51.69560714285669, 0.2408928571428686, 0.33725, 0.09635714285717151, 0.8672142857142627, 0.6263214285713943, 0.1927142857143029, 0.1445357142856971, 1.349, 0.4817857142856971, 0.04817857142856569, 1.0599285714285656, 1.0599285714285656, 0.0, 51.888321428570954, 0.3854285714285657, 0.43360714285713137, 0.33725, 0.8190357142856971, 0.7226785714285657, 0.33725, 0.9153928571428687, 0.3854285714285657, 1.34899999999996, 0.04817857142856569, 0.4817857142857372, 0.5781428571428685, 1.0599285714285656, 0.8190357142857372, 0.9635714285714343, 0.8190357142857372, 0.4336071428571715, 52.273749999999524, 0.5299642857142628, 1.2526428571428687, 0.09635714285713139, 0.04817857142856569, 1.1081071428571314, 0.6263214285713943, 0.1445357142856971, 1.2526428571428687, 52.61099999999952, 52.707357142856644, 51.599249999999515, 51.06928571428526, 51.888321428570954, 0.4817857142856971, 0.04817857142856569, 0.7226785714285657, 0.7708571428571314, 1.4935357142856969, 0.09635714285717151, 1.01174999999996, 1.5898928571428685, 1.01174999999996, 0.2408928571428686, 0.04817857142856569, 0.09635714285713139, 1.1081071428571314, 0.1927142857143029, 0.5781428571428284, 0.3854285714285657, 51.11746428571382, 51.93649999999951, 1.01174999999996, 0.4817857142856971, 52.707357142856644, 51.11746428571382, 51.93649999999951, 52.032857142856685, 0.1445357142856971, 1.2044642857143029, 52.12921428571382, 0.04817857142856569, 0.1445357142857372, 0.2890714285713942, 0.3854285714285657, 1.01175, 0.3854285714285657, 0.6745, 0.04817857142856569, 1.9753214285714342, 0.09635714285717151, 0.43360714285713137, 0.19271428571426277, 1.3008214285714343, 1.1081071428571314, 0.6263214285714344, 0.04817857142856569, 1.0599285714285656, 0.2408928571428285, 0.33725, 1.541714285714303, 0.1445357142857372, 51.45471428571382, 0.2408928571428686, 52.85189285714239, 0.4817857142857372, 0.3854285714285657, 51.502892857142385, 0.8672142857143028, 51.502892857142385, 0.0, 0.1927142857143029, 0.8672142857142627, 0.09635714285717151, 0.6745, 0.43360714285713137, 1.349, 0.4817857142857372, 0.1927142857143029, 0.19271428571426277, 0.5781428571428685, 0.6263214285713943, 1.4453571428571315, 1.4453571428571315, 51.213821428570945, 1.1081071428571314, 1.2044642857143029, 0.9635714285713942, 0.7226785714285657, 52.08103571428526, 0.9153928571428687, 1.01175, 0.0, 0.9153928571428687, 1.3971785714285656, 1.3008214285714343, 1.2044642857143029, 0.9153928571428285, 0.33725, 1.3971785714285656, 52.22557142857095, 0.33725, 0.19271428571426277, 0.3854285714285657, 51.599249999999515, 0.7226785714285657, 0.1445357142856971, 1.9753214285714342, 0.6745, 0.43360714285713137, 0.4817857142856971, 53.09278571428521, 52.996428571428076, 0.33725, 0.43360714285713137, 0.33725, 0.2408928571428285, 52.22557142857095, 52.803714285713816, 0.1927142857143029, 0.3854285714285657, 0.4336071428571715, 1.1081071428571314, 51.599249999999515, 0.04817857142856569, 51.84014285714239, 0.6263214285714344, 1.3971785714285656, 1.156285714285737, 0.6263214285713943, 50.97292857142812, 50.87657142857095, 0.28907142857143425, 0.1927142857143029, 2.4089285714285658, 0.09635714285713139, 1.541714285714303, 0.1927142857143029, 51.06928571428526, 1.1081071428571314, 0.1445357142856971, 1.0599285714285656, 0.19271428571426277, 0.5781428571428685, 0.4817857142857372, 1.0599285714285656, 0.0, 0.7226785714285657, 0.04817857142856569, 0.1445357142857372, 0.5299642857143029, 1.0599285714285656, 0.4817857142857372, 0.09635714285717151, 1.3971785714285656, 1.4453571428571315, 0.9635714285714343, 0.3854285714285657, 1.34899999999996, 0.8190357142857372, 1.5898928571428286, 52.032857142856685, 52.61099999999952, 0.7708571428571314, 0.0, 51.69560714285669, 0.7226785714285657, 51.021107142856685, 0.04817857142856569, 0.7708571428571314, 0.6263214285714344, 0.6745, 1.2044642857143029, 0.4336071428571715, 1.4453571428571315, 0.2890714285713942, 0.3854285714285657, 0.9153928571428687, 0.7226785714285657, 51.45471428571382, 0.33725, 0.7708571428571314, 51.791964285713824, 52.61099999999952, 0.04817857142856569, 0.3854285714285657, 52.32192857142808, 52.65917857142808, 51.31017857142812, 52.12921428571382, 0.4817857142857372, 0.1445357142857372, 0.04817857142856569, 0.0, 0.1927142857143029, 0.4817857142856971, 52.032857142856685, 0.2408928571428285, 52.514642857142384, 0.4817857142857372, 1.3971785714285656, 0.04817857142856569, 0.1445357142857372, 0.4336071428571715, 0.6745, 0.09635714285717151, 52.273749999999524, 51.84014285714239, 53.43003571428521, 0.0, 0.09635714285717151, 1.1081071428571314, 1.01175, 0.6745, 0.43360714285713137, 1.349, 0.1927142857143029, 0.33725, 0.7708571428571314, 0.1927142857143029, 0.28907142857143425, 0.1445357142857372, 0.04817857142856569, 0.6263214285714344, 1.9271428571428686, 0.4336071428571715, 0.7708571428571314, 0.2408928571428285, 0.2408928571428686, 0.1445357142857372, 0.4817857142856971, 0.4336071428571715, 0.5299642857142628, 0.6263214285713943, 1.349, 2.0716785714285657, 0.8672142857142627, 51.93649999999951, 52.032857142856685, 0.04817857142856569, 53.381857142856646, 50.58749999999956, 0.19271428571426277, 52.803714285713816, 52.562821428570956, 2.119857142857131, 1.3008214285714343, 0.4336071428571715, 0.19271428571426277, 0.33725, 1.0599285714285656, 0.4817857142857372, 0.4336071428571715, 0.2890714285713942, 0.9635714285714343, 0.04817857142856569, 0.8672142857143028, 1.01175, 0.5299642857143029, 0.2408928571428285, 0.2408928571428285, 0.09635714285717151, 1.349, 0.04817857142856569, 1.4453571428571315, 0.2408928571428285, 1.541714285714303, 0.0, 51.502892857142385, 0.2408928571428686, 51.502892857142385, 1.2526428571428687, 1.3008214285714343, 1.4453571428571315, 51.35835714285669, 1.7826071428571313, 0.8672142857143028, 1.349, 1.1081071428571314, 0.7226785714285657, 51.26199999999952, 52.75553571428525, 52.273749999999524, 51.55107142857096, 52.08103571428526, 0.9153928571428687, 52.37010714285665, 51.502892857142385, 0.1445357142856971, 0.09635714285717151, 0.04817857142856569, 0.6745, 1.204464285714263, 0.09635714285717151, 1.3971785714285656, 0.4817857142857372, 0.6745, 52.514642857142384, 0.1927142857143029, 0.3854285714285657, 51.31017857142812, 52.37010714285665, 1.8789642857142628, 52.61099999999952, 0.8672142857142627, 0.8672142857143028, 1.7344285714285657, 50.97292857142812, 51.64742857142808, 0.9153928571428687, 1.156285714285737, 0.5781428571428284, 0.7708571428571314, 0.7226785714285657, 0.28907142857143425, 0.3854285714285657, 0.09635714285717151, 1.156285714285737, 0.2408928571428686, 51.888321428570954, 51.888321428570954, 0.4336071428571715, 1.1081071428571314, 0.5299642857143029, 0.1445357142857372, 0.1445357142856971, 0.8190357142857372, 0.04817857142856569, 52.65917857142808, 1.0599285714285656, 0.1927142857143029, 53.04460714285665, 0.2408928571428285, 1.9271428571428686, 0.9153928571428687, 0.4336071428571715, 1.2044642857143029, 51.84014285714239, 52.562821428570956, 1.349, 52.22557142857095, 0.8672142857142627, 0.2408928571428686, 0.7226785714285657, 0.2408928571428686, 0.43360714285713137, 0.33725, 0.2408928571428686, 0.6745, 0.5299642857143029, 1.156285714285737, 0.5299642857142628, 0.9153928571428687, 1.3971785714285656, 0.1445357142856971, 0.6745, 0.9635714285714343, 0.1927142857143029, 1.1081071428571314, 52.17739285714239, 52.032857142856685, 0.3854285714285657, 52.418285714285254, 0.09635714285717151, 0.7708571428571314, 0.04817857142856569, 52.032857142856685, 51.599249999999515, 0.43360714285713137, 0.28907142857143425, 53.381857142856646, 0.04817857142856569, 0.1445357142857372, 52.75553571428525, 0.04817857142856569, 0.09635714285713139, 0.1445357142856971, 53.189142857142386, 52.90007142857095, 0.1445357142857372, 0.1445357142856971, 0.2890714285713942, 50.68385714285669, 1.349, 0.7226785714285657, 1.0599285714285656, 0.0, 0.1445357142857372, 0.5781428571428685, 0.04817857142856569, 50.63567857142812, 52.61099999999952, 0.8190357142857372, 2.0235, 51.55107142857096, 53.14096428571382, 0.09635714285717151, 1.0599285714285656, 51.93649999999951, 51.502892857142385, 0.09635714285713139, 1.0599285714285656, 0.04817857142856569, 0.1445357142857372, 0.1445357142857372, 0.0, 0.33725, 0.4817857142857372, 0.7226785714285657, 0.6745, 1.34899999999996, 0.6263214285714344, 0.28907142857143425, 1.3971785714285656, 0.04817857142856569, 0.04817857142856569, 1.01174999999996, 0.1445357142856971, 0.2408928571428686, 1.2044642857143029, 0.33725, 0.2890714285713942, 1.3008214285714343, 0.1445357142857372, 0.7226785714285657, 0.09635714285717151, 0.2890714285713942, 0.4336071428571715, 1.349, 51.69560714285669, 1.4935357142856969, 0.9153928571428687, 1.2526428571428687, 0.5781428571428284, 0.33725, 1.2526428571428687, 1.3008214285714343, 0.5781428571428685, 0.7226785714285657, 52.17739285714239, 0.1445357142857372, 1.156285714285737, 0.1927142857143029, 1.4453571428571315, 0.1445357142857372, 0.8190357142857372, 52.17739285714239, 51.93649999999951, 0.6263214285713943, 51.55107142857096, 51.888321428570954, 0.1445357142857372, 0.1445357142857372, 0.1445357142857372, 0.0, 0.0, 1.01175, 0.2408928571428285, 0.1445357142857372, 1.5898928571428685, 1.3008214285714343, 0.9635714285714343, 0.7708571428571314, 0.3854285714285657, 0.6745, 0.8672142857143028, 0.04817857142856569, 0.2408928571428285, 0.4336071428571715, 0.09635714285717151, 1.1081071428571314, 0.09635714285713139, 0.6745, 0.2408928571428285, 0.1927142857143029, 0.8190357142856971, 52.562821428570956, 0.0, 0.3854285714285657, 50.82839285714239, 51.406535714285255, 0.2890714285713942, 50.63567857142812, 0.5299642857142628, 0.28907142857143425, 0.09635714285713139, 0.6263214285713943, 0.09635714285717151, 52.08103571428526, 51.55107142857096, 0.7226785714285657, 0.09635714285713139, 52.273749999999524, 51.64742857142808, 0.28907142857143425, 52.418285714285254, 0.2890714285713942, 0.6263214285714344, 51.984678571428084, 52.08103571428526, 0.28907142857143425, 52.17739285714239, 51.45471428571382, 51.984678571428084, 0.6263214285714344, 0.09635714285713139, 0.3854285714285657, 0.2890714285713942, 1.3008214285714343, 0.8672142857143028, 0.09635714285717151, 1.204464285714263, 0.04817857142856569, 0.9635714285714343, 1.4935357142856969, 0.7708571428571314, 0.9635714285713942, 1.2526428571428283, 51.84014285714239, 1.0599285714285656, 0.3854285714285657, 0.2408928571428686, 52.61099999999952, 51.55107142857096, 1.1081071428571314, 0.2890714285713942, 0.19271428571426277, 0.09635714285717151, 0.7708571428571314, 51.74378571428525, 1.34899999999996, 1.2044642857143029, 52.94824999999952, 52.514642857142384, 54.00817857142808, 0.2890714285713942, 0.33725, 1.349, 0.2408928571428686, 0.4336071428571715, 0.8190357142857372, 0.6263214285714344, 1.2526428571428283, 1.156285714285737, 1.01174999999996, 1.01175, 1.4935357142856969, 0.04817857142856569, 0.19271428571426277, 0.4336071428571715, 0.09635714285717151, 51.31017857142812, 0.7708571428571314, 1.6380714285714342, 0.9153928571428687, 51.984678571428084, 53.04460714285665, 0.8190357142857372, 0.19271428571426277, 51.06928571428526, 53.23732142857095, 0.1445357142857372, 0.1445357142856971, 53.43003571428521, 52.17739285714239, 52.17739285714239, 1.5898928571428685, 0.8190357142857372, 0.0, 0.5299642857143029, 0.0, 1.349, 0.6263214285713943, 0.1927142857143029, 0.33725, 1.349, 0.8672142857143028, 0.19271428571426277, 0.7226785714285657, 0.5781428571428284, 0.7226785714285657, 1.2044642857143029, 0.04817857142856569, 1.3008214285713942, 0.1927142857143029, 0.8190357142857372, 0.04817857142856569, 0.7226785714285657, 0.28907142857143425, 1.541714285714303, 0.33725, 0.3854285714285657, 0.3854285714285657, 0.0, 1.204464285714263, 0.33725, 0.5299642857143029, 0.2890714285713942, 0.4336071428571715, 0.04817857142856569, 1.4453571428571315, 0.6263214285714344, 0.0, 0.6263214285714344, 0.2408928571428686, 0.4336071428571715, 52.08103571428526, 0.6745, 0.0, 1.0599285714285656, 0.6263214285714344, 0.6745, 0.1445357142856971, 1.4453571428571315, 0.7708571428571314, 0.5781428571428685, 0.5781428571428685, 0.7708571428571314, 0.1927142857143029, 0.0, 0.2408928571428686, 0.6745, 0.8190357142857372, 0.7708571428571314, 1.541714285714303, 0.4336071428571715, 0.2890714285713942, 0.5781428571428284, 0.43360714285713137, 0.8672142857143028, 0.5781428571428284, 0.5781428571428685, 0.19271428571426277, 52.22557142857095, 0.7708571428571314, 0.8672142857142627, 0.5781428571428685, 0.9153928571428687, 0.2890714285713942, 1.5898928571428685, 0.09635714285717151, 0.9635714285713942, 0.8672142857143028, 1.156285714285737, 0.4817857142857372, 1.6380714285714342, 0.5781428571428685, 0.3854285714285657, 0.6745, 1.1081071428571314, 0.0, 1.3008214285713942, 0.0, 1.01174999999996, 0.0, 0.04817857142856569, 0.8672142857143028, 2.216214285714263, 0.1927142857143029, 0.3854285714285657, 0.5781428571428685, 0.5299642857143029, 0.1445357142857372, 1.2526428571428283, 0.8672142857143028, 0.0, 0.04817857142856569, 0.19271428571426277, 1.2044642857143029, 0.04817857142856569, 0.7708571428571314, 52.75553571428525, 52.65917857142808, 1.1081071428571314, 51.69560714285669, 0.4817857142857372, 0.1445357142856971, 1.2526428571428687, 0.04817857142856569, 2.5052857142856975, 1.0599285714285656, 2.5052857142856975, 0.19271428571426277, 0.4817857142857372, 0.5299642857143029, 0.19271428571426277, 1.01175, 1.3971785714285656, 0.33725, 0.28907142857143425, 0.4336071428571715, 0.09635714285713139, 1.7344285714285657, 0.09635714285717151, 52.032857142856685, 0.19271428571426277, 0.7708571428571314, 0.09635714285717151, 51.93649999999951, 0.8190357142857372, 50.87657142857095, 0.1927142857143029, 0.8190357142857372, 1.4935357142856969, 0.8672142857143028, 51.502892857142385, 0.7708571428571314, 52.32192857142808, 0.1445357142857372, 0.6263214285714344, 50.53932142857095, 0.04817857142856569, 0.09635714285713139, 0.09635714285713139, 51.791964285713824, 0.04817857142856569, 0.5781428571428685, 1.349, 0.7708571428571314, 1.204464285714263, 0.1927142857143029, 0.6263214285714344, 0.5781428571428284, 51.502892857142385, 52.12921428571382, 0.5781428571428685, 1.4935357142856969, 0.33725, 1.1081071428571314, 0.9153928571428687, 0.1445357142856971, 0.2408928571428686, 0.6745, 0.6745, 1.541714285714303, 0.5299642857142628, 0.28907142857143425, 0.2890714285713942, 0.1445357142856971, 0.28907142857143425, 0.8672142857143028, 0.8672142857143028, 0.33725, 0.2408928571428285, 0.04817857142856569, 0.4336071428571715, 1.8789642857142628, 1.0599285714285656, 0.5299642857143029, 1.1081071428571314, 1.3008214285714343, 0.9635714285713942, 0.6745, 0.09635714285717151, 0.4336071428571715, 0.6263214285714344, 0.5781428571428685, 2.02349999999996, 1.1081071428571314, 0.5781428571428685, 0.5299642857142628, 0.2890714285713942, 0.3854285714285657, 1.8789642857142628, 0.09635714285717151, 0.28907142857143425, 0.04817857142856569, 52.08103571428526, 0.1927142857143029, 1.9753214285714342, 0.6745, 1.2526428571428687, 1.8307857142856971, 0.3854285714285657, 0.4817857142857372, 0.6263214285714344, 0.09635714285713139, 0.4336071428571715, 52.514642857142384, 51.55107142857096, 51.69560714285669, 51.502892857142385, 0.7708571428571314, 0.5299642857143029, 0.9635714285714343, 0.3854285714285657, 0.0, 0.8190357142857372, 0.6263214285713943, 0.8190357142856971, 0.1445357142857372, 0.1445357142857372, 0.6263214285714344, 0.33725, 0.4817857142857372, 1.3008214285713942, 0.5299642857142628, 1.7344285714285657, 0.33725, 0.7226785714285657, 0.09635714285713139, 0.0, 1.2526428571428687, 0.19271428571426277, 0.1445357142856971, 0.5299642857143029, 0.5299642857143029, 0.6745, 1.204464285714263, 1.3971785714285656, 0.6263214285714344, 0.6263214285713943, 0.5781428571428284, 0.3854285714285657, 1.3008214285714343, 0.8190357142857372, 1.1081071428571314, 0.09635714285717151, 0.04817857142856569, 0.5299642857142628, 0.3854285714285657, 0.28907142857143425, 0.5299642857142628, 1.0599285714285656, 1.4453571428571315, 0.5299642857143029, 0.09635714285713139, 0.1445357142856971, 1.3008214285713942, 0.04817857142856569, 0.1927142857143029, 1.1081071428571314, 1.4935357142856969, 1.3008214285713942, 0.5299642857143029, 0.3854285714285657, 0.2408928571428285, 0.09635714285717151, 1.1081071428571314, 1.0599285714285656, 0.6263214285714344, 0.2408928571428285, 0.19271428571426277, 0.0, 0.04817857142856569, 0.28907142857143425, 0.5781428571428284, 0.5299642857142628, 0.1445357142857372, 51.45471428571382, 52.032857142856685, 0.33725, 0.33725, 0.1445357142857372, 0.3854285714285657, 0.09635714285717151, 0.7226785714285657, 1.156285714285737, 0.4336071428571715, 0.3854285714285657, 0.1927142857143029, 0.4336071428571715, 0.5781428571428284, 0.08993333333332335, 1.663766666666669, 48.608966666666625, 48.42909999999994, 47.97943333333328, 48.78883333333327, 48.42909999999994, 0.04496666666666167, 49.10359999999994, 0.7644333333333234, 48.4740666666666, 47.75459999999994, 0.9892666666666691, 47.61969999999995, 49.05863333333328, 0.35973333333333085, 0.4046999999999925, 0.08993333333332335, 0.5395999999999775, 0.2698000000000075, 0.35973333333333085, 0.4046999999999925, 0.4046999999999925, 0.13490000000002245, 0.17986666666668413, 49.013666666666616, 47.7995666666666, 1.3040333333333383, 48.5190333333333, 47.1700333333333, 1.0791999999999926, 0.7644333333333234, 0.4496666666666916, 1.5288666666666841, 0.1798666666666467, 0.539600000000015, 0.13489999999998503, 0.7194666666666617, 0.2698000000000075, 48.923733333333296, 1.1241666666666916, 48.83379999999993, 0.17986666666668413, 1.3939666666666615, 0.17986666666668413, 0.4046999999999925, 0.35973333333333085, 0.9892666666666691, 0.08993333333332335, 49.1935333333333, 1.4389333333333234, 48.02439999999994, 0.6295333333333383, 48.923733333333296, 48.11433333333327, 48.743866666666605, 48.4740666666666, 49.148566666666596, 48.11433333333327, 48.56399999999996, 0.4046999999999925, 48.38413333333328, 48.743866666666605, 48.42909999999994, 0.8543666666666841, 0.13490000000002245, 48.33916666666662, 48.878766666666635, 1.798666666666654, 48.923733333333296, 48.33916666666662, 0.7194666666666617, 0.17986666666668413, 0.44966666666665417, 0.22483333333330838, 0.04496666666666167, 0.2698000000000075, 0.809399999999985, 0.22483333333330838, 0.4946333333333159, 0.08993333333332335, 0.1798666666666467, 0.8993333333333458, 0.31476666666666914, 48.83379999999993, 0.31476666666666914, 1.1691333333333533, 0.4946333333333159, 1.4839000000000224, 49.23849999999996, 48.743866666666605, 48.02439999999994, 0.7644333333333234, 0.17986666666668413, 1.663766666666669, 0.8094000000000224, 0.539600000000015, 48.11433333333327, 48.0693666666666, 0.4946333333333533, 48.5190333333333, 1.5738333333333459, 0.08993333333332335, 1.2590666666666765, 0.31476666666666914, 0.2698000000000075, 0.44966666666665417, 0.7194666666666617, 0.5845666666666767, 0.0, 1.0791999999999926, 0.9443000000000075, 1.9785333333333381, 0.8993333333333458, 0.2698000000000075, 49.46333333333327, 48.11433333333327, 48.743866666666605, 0.5845666666666767, 0.08993333333332335, 1.214100000000015, 1.2590666666666765, 0.2698000000000075, 0.8094000000000224, 0.539600000000015, 0.35973333333333085, 0.5395999999999775, 0.04496666666666167, 0.04496666666666167, 0.04496666666666167, 0.1798666666666467, 0.7194666666666617, 0.08993333333332335, 0.8094000000000224, 0.31476666666666914, 2.068466666666662, 0.8543666666666841, 0.1798666666666467, 0.2698000000000075, 0.17986666666668413, 1.4838999999999851, 0.08993333333332335, 0.4046999999999925, 0.08993333333332335, 0.4946333333333533, 1.2590666666666765, 1.0791999999999926, 0.6295333333333383, 0.9443000000000075, 0.35973333333333085, 0.04496666666666167, 0.539600000000015, 0.17986666666668413, 47.75459999999994, 0.4946333333333533, 1.2590666666666765, 1.0791999999999926, 47.97943333333328, 0.04496666666666167, 0.08993333333332335, 0.539600000000015, 0.44966666666665417, 0.1798666666666467, 0.08993333333332335, 1.1691333333333158, 1.7087333333333308, 0.0, 0.809399999999985, 0.04496666666666167, 48.0693666666666, 0.04496666666666167, 48.83379999999993, 48.249233333333294, 0.8993333333333083, 49.5982333333333, 48.33916666666662, 1.3939666666666615, 0.44966666666665417, 48.249233333333294, 48.15929999999993, 0.13489999999998503, 0.13489999999998503, 1.214100000000015, 1.4839000000000224, 47.889499999999956, 0.0, 0.7194666666666617, 0.2248333333333458, 0.04496666666666167, 0.35973333333333085, 0.4496666666666916, 0.31476666666666914, 0.4946333333333533, 0.4946333333333159, 0.7194666666666617, 48.15929999999993, 49.508299999999934, 48.4740666666666, 0.7644333333333234, 1.663766666666669, 48.56399999999996, 48.294199999999954, 48.11433333333327, 48.743866666666605, 0.7194666666666617, 1.034233333333331, 1.1241666666666916, 0.0, 1.349, 47.21499999999997, 48.11433333333327, 1.1691333333333533, 48.83379999999993, 0.5395999999999775, 47.48479999999993, 0.6295333333333383, 48.968699999999956, 1.9785333333333381, 0.9443000000000075, 1.7536999999999925, 48.653933333333285, 0.35973333333333085, 0.6745, 0.44966666666665417, 0.4946333333333533, 0.2698000000000075, 49.5982333333333, 48.698899999999945, 0.08993333333332335, 48.5190333333333, 49.23849999999996, 48.83379999999993, 0.8993333333333458, 49.013666666666616, 0.4946333333333533, 0.8094000000000224, 49.10359999999994, 48.653933333333285, 0.6295333333333383, 1.349, 1.034233333333331, 0.04496666666666167, 0.35973333333333085, 0.539600000000015, 0.04496666666666167, 1.2140999999999775, 0.4046999999999925, 0.08993333333332335, 0.2248333333333458, 0.0, 0.35973333333333085, 1.5288666666666841, 1.1691333333333533, 0.17986666666668413, 0.2248333333333458, 48.38413333333328, 1.1241666666666916, 0.44966666666665417, 0.22483333333330838, 0.2248333333333458, 0.8993333333333083, 0.35973333333333085, 0.31476666666666914, 1.1691333333333158, 0.2698000000000075, 0.4046999999999925, 0.4496666666666916, 0.9443000000000075, 1.0791999999999926, 0.35973333333333085, 0.7644333333333234, 0.0, 0.9892666666666691, 47.34989999999994, 0.0, 0.31476666666666914, 0.31476666666666914, 1.4389333333333234, 0.8543666666666841, 0.539600000000015, 0.04496666666666167, 0.7644333333333234, 48.20426666666663, 48.83379999999993, 49.013666666666616, 1.5288666666666468, 47.93446666666662, 0.2698000000000075, 48.78883333333327, 0.8993333333333458, 48.653933333333285, 0.35973333333333085, 0.13489999999998503, 0.13490000000002245, 48.15929999999993, 48.608966666666625, 0.35973333333333085, 0.1798666666666467, 48.15929999999993, 0.6295333333333383, 48.923733333333296, 0.4946333333333159, 0.35973333333333085, 0.6295333333333383, 0.4496666666666916, 0.9892666666666691, 0.31476666666666914, 0.6295333333333383, 0.31476666666666914, 0.08993333333332335, 0.22483333333330838, 0.4496666666666916, 1.3939666666666615, 0.2698000000000075, 0.4496666666666916, 0.9443000000000075, 0.04496666666666167, 0.8094000000000224, 0.35973333333333085, 1.4389333333333234, 1.349, 0.2248333333333458, 0.6745, 48.20426666666663, 0.13489999999998503, 0.7194666666666617, 0.22483333333330838, 0.7194666666666617, 48.968699999999956, 48.11433333333327, 48.698899999999945, 48.698899999999945, 0.8094000000000224, 0.4496666666666916, 0.17986666666668413, 1.4839000000000224, 49.28346666666662, 49.55326666666663, 47.97943333333328, 0.4946333333333533, 1.1691333333333533, 48.42909999999994, 0.4496666666666916, 47.08009999999994, 48.923733333333296, 0.13490000000002245, 48.15929999999993, 0.6745, 0.5845666666666767, 0.539600000000015, 0.04496666666666167, 0.0, 0.08993333333332335, 0.35973333333333085, 1.349, 0.1798666666666467, 49.10359999999994, 1.034233333333331, 48.02439999999994, 48.294199999999954, 0.8543666666666841, 0.9443000000000075, 48.56399999999996, 47.93446666666662, 48.56399999999996, 0.4496666666666916, 47.97943333333328, 1.2140999999999775, 0.809399999999985, 0.8993333333333083, 0.4046999999999925, 0.2698000000000075, 0.7194666666666617, 1.3040333333333383, 0.7644333333333234, 0.7194666666666617, 0.4946333333333159, 0.7194666666666617, 0.17986666666668413, 1.9785333333333381, 0.8993333333333458, 0.8094000000000224, 0.1798666666666467, 1.1241666666666916, 0.04496666666666167, 0.809399999999985, 0.44966666666665417, 0.2248333333333458, 0.17986666666668413, 0.04496666666666167, 0.17986666666668413, 0.13490000000002245, 47.52976666666663, 0.31476666666666914, 48.878766666666635, 49.013666666666616, 48.0693666666666, 1.2590666666666765, 49.148566666666596, 50.09286666666661, 0.1798666666666467, 1.1691333333333533, 48.33916666666662, 47.66466666666662, 48.33916666666662, 0.7644333333333234, 49.91299999999996, 0.08993333333332335, 48.653933333333285, 0.7194666666666617, 49.86803333333326, 49.1935333333333, 48.968699999999956, 1.214100000000015, 0.5845666666666767, 0.04496666666666167, 0.17986666666668413, 0.4496666666666916, 1.349, 0.17986666666668413, 1.4839000000000224, 0.08993333333332335, 0.1798666666666467, 0.4946333333333533, 0.08993333333332335, 1.4389333333333234, 2.1134333333333233, 0.08993333333332335, 0.17986666666668413, 1.1241666666666916, 0.6745, 1.1691333333333158, 0.13489999999998503, 0.8993333333333458, 0.6745, 0.4046999999999925, 0.08993333333332335, 1.034233333333331, 0.2698000000000075, 0.9892666666666691, 0.8993333333333458, 0.04496666666666167, 0.31476666666666914, 0.7644333333333234, 1.034233333333331, 48.653933333333285, 48.923733333333296, 0.8543666666666841, 1.6188000000000076, 0.5845666666666767, 0.7644333333333234, 0.5845666666666767, 0.04496666666666167, 0.13490000000002245, 48.4740666666666, 48.20426666666663, 1.0791999999999926, 48.608966666666625, 1.1241666666666916, 1.1241666666666916, 0.0, 0.4496666666666916, 2.2033666666666845, 47.93446666666662, 1.3939666666666615, 49.148566666666596, 0.7194666666666617, 48.02439999999994, 0.35973333333333085, 49.28346666666662, 48.5190333333333, 49.013666666666616, 1.7087333333333308, 0.5845666666666767, 0.2698000000000075, 0.5395999999999775, 2.1584000000000225, 49.10359999999994, 48.78883333333327, 47.93446666666662, 0.35973333333333085, 1.214100000000015, 47.75459999999994, 1.0791999999999926, 48.78883333333327, 49.013666666666616, 47.61969999999995, 0.2248333333333458, 0.08993333333332335, 48.249233333333294, 1.2140999999999775, 48.78883333333327, 48.42909999999994, 0.1798666666666467, 0.5845666666666767, 0.13489999999998503, 0.17986666666668413, 0.4046999999999925, 0.31476666666666914, 0.31476666666666914, 0.13489999999998503, 0.08993333333332335, 0.4496666666666916, 0.539600000000015, 0.04496666666666167, 0.0, 0.9892666666666691, 0.1798666666666467, 1.8436333333333532, 0.31476666666666914, 0.13490000000002245, 0.4946333333333159, 0.31476666666666914, 0.31476666666666914, 48.0693666666666, 0.809399999999985, 0.2248333333333458, 0.2698000000000075, 0.22483333333330838, 0.31476666666666914, 1.1691333333333533, 0.17986666666668413, 0.5845666666666767, 48.968699999999956, 0.9443000000000075, 0.08993333333332335, 49.05863333333328, 48.78883333333327, 0.13489999999998503, 0.44966666666665417, 0.5845666666666767, 0.8543666666666466, 0.0, 49.10359999999994, 0.5845666666666767, 47.57473333333329, 47.61969999999995, 0.4046999999999925, 48.42909999999994, 48.4740666666666, 0.31476666666666914, 0.4046999999999925, 0.7194666666666617, 0.4046999999999925, 0.2698000000000075, 1.034233333333331, 0.13490000000002245, 0.17986666666668413, 1.2140999999999775, 0.0, 0.22483333333330838, 1.1241666666666916, 1.0791999999999926, 1.034233333333331, 0.7644333333333234, 0.8543666666666466, 1.1241666666666916, 0.6295333333333383, 0.4046999999999925, 0.4496666666666916, 0.6745, 0.7194666666666617, 0.5845666666666767, 0.1798666666666467, 48.11433333333327, 48.968699999999956, 0.6745, 0.8543666666666466, 0.0, 0.2698000000000075, 47.52976666666663, 0.7194666666666617, 47.7995666666666, 0.7194666666666617, 0.6295333333333383, 0.6295333333333383, 0.13490000000002245, 0.9443000000000075, 48.83379999999993, 48.0693666666666, 0.2698000000000075, 0.5845666666666767, 49.41836666666661, 47.7995666666666, 48.968699999999956, 0.539600000000015, 1.349, 0.08993333333332335, 0.4946333333333533, 0.8094000000000224, 0.7644333333333234, 0.7644333333333234, 0.9892666666666691, 0.31476666666666914, 0.0, 1.5288666666666841, 0.35973333333333085, 0.31476666666666914, 0.2248333333333458, 0.0, 49.148566666666596, 0.13489999999998503, 0.13490000000002245, 0.7644333333333234, 1.0791999999999926, 0.7194666666666617, 0.04496666666666167, 48.608966666666625, 0.4046999999999925, 0.0, 0.0, 0.4046999999999925, 0.4046999999999925, 49.10359999999994, 47.75459999999994, 47.25996666666663, 0.8993333333333458, 48.698899999999945, 0.4046999999999925, 48.56399999999996, 0.8094000000000224, 1.1241666666666543, 50.22776666666663, 48.0693666666666, 49.013666666666616, 0.6745, 1.9335666666666766, 0.44966666666665417, 49.73313333333328, 1.1241666666666916, 47.70963333333328, 49.5982333333333, 0.4946333333333533, 47.57473333333329, 48.4740666666666, 0.2698000000000075, 0.44966666666665417, 0.35973333333333085, 0.35973333333333085, 0.08993333333332335, 1.034233333333331, 0.04496666666666167, 0.539600000000015, 0.08993333333332335, 0.5845666666666767, 0.35973333333333085, 0.2248333333333458, 48.42909999999994, 1.3939666666666615, 0.539600000000015, 1.5288666666666841, 0.44966666666665417, 0.9443000000000075, 1.3939666666666615, 0.6295333333333383, 0.35973333333333085, 0.0, 1.1691333333333533, 0.31476666666666914, 1.349, 0.17986666666668413, 0.04496666666666167, 0.9892666666666691, 0.9443000000000075, 0.4946333333333159, 0.2248333333333458, 1.4389333333333234, 47.93446666666662, 1.349, 49.23849999999996, 48.653933333333285, 47.61969999999995, 0.31476666666666914, 0.13489999999998503, 1.1241666666666916, 0.8543666666666466, 0.8993333333333458, 47.97943333333328, 48.33916666666662, 0.9443000000000075, 0.8543666666666841, 0.35973333333333085, 49.013666666666616, 1.2590666666666765, 48.294199999999954, 1.2590666666666765, 0.35973333333333085, 0.31476666666666914, 0.13490000000002245, 0.31476666666666914, 0.13490000000002245, 0.8543666666666841, 0.7644333333333234, 48.38413333333328, 0.4046999999999925, 48.11433333333327, 0.4046999999999925, 47.8445333333333, 0.04496666666666167, 49.508299999999934, 48.38413333333328, 47.61969999999995, 0.13490000000002245, 0.0, 0.13489999999998503, 0.539600000000015, 0.13490000000002245, 0.0, 48.743866666666605, 48.923733333333296, 0.08993333333332335, 0.35973333333333085, 48.78883333333327, 49.46333333333327, 0.7194666666666617, 48.5190333333333, 48.38413333333328, 0.1798666666666467, 0.13490000000002245, 0.1798666666666467, 49.1935333333333, 47.97943333333328, 0.539600000000015, 1.034233333333331, 1.5288666666666841, 0.0, 0.35973333333333085, 1.3040333333333383, 0.22483333333330838, 0.7644333333333234, 0.08993333333332335, 0.2698000000000075, 0.1798666666666467, 0.31476666666666914, 47.25996666666663, 48.42909999999994, 49.77809999999994, 48.923733333333296, 48.38413333333328, 48.5190333333333, 1.1241666666666543, 49.05863333333328, 0.4946333333333533, 47.93446666666662, 0.08993333333332335, 0.4496666666666916, 47.889499999999956, 47.75459999999994, 0.22483333333330838, 0.22483333333330838, 0.35973333333333085, 0.9443000000000075, 0.4046999999999925, 0.17986666666668413, 0.8543666666666841, 0.5845666666666767, 0.4946333333333159, 0.7194666666666617, 1.4389333333333234, 0.35973333333333085, 0.4046999999999925, 0.6295333333333383, 0.8094000000000224, 1.1691333333333533, 0.17986666666668413, 0.31476666666666914, 0.17986666666668413, 0.9443000000000075, 0.539600000000015, 0.35973333333333085, 1.1241666666666916, 0.7644333333333234, 47.93446666666662, 48.294199999999954, 49.05863333333328, 47.889499999999956, 0.35973333333333085, 1.8436333333333532, 1.7087333333333308, 0.13489999999998503, 0.6295333333333383, 1.3040333333333383, 49.013666666666616, 47.70963333333328, 48.5190333333333, 0.8993333333333458, 48.698899999999945, 0.13490000000002245, 0.13490000000002245, 0.08993333333332335, 0.8094000000000224, 0.1798666666666467, 1.9785333333333381, 0.22483333333330838, 48.33916666666662, 47.8445333333333, 0.2248333333333458, 48.653933333333285, 1.5288666666666841, 0.4496666666666916, 0.2698000000000075, 0.6295333333333383, 0.8993333333333458, 0.8993333333333458, 0.0, 0.7194666666666617, 0.6295333333333383, 1.3040333333333383, 0.809399999999985, 0.6295333333333383, 1.5288666666666841, 1.5288666666666841, 0.9443000000000075, 1.034233333333331, 0.4496666666666916, 1.3040333333333383, 0.4496666666666916, 0.2698000000000075, 49.05863333333328, 0.4946333333333159, 48.653933333333285, 0.44966666666665417, 48.4740666666666, 47.8445333333333, 0.35973333333333085, 48.78883333333327, 49.013666666666616, 0.04496666666666167, 0.04496666666666167, 1.2590666666666765, 48.968699999999956, 0.08993333333332335, 0.44966666666665417, 0.6745, 48.56399999999996, 0.7194666666666617, 47.52976666666663, 48.56399999999996, 47.93446666666662, 0.7194666666666617, 49.05863333333328, 0.04496666666666167, 0.8993333333333458, 0.9892666666666691, 0.5845666666666767, 0.4046999999999925, 0.4496666666666916, 48.42909999999994, 0.4946333333333533, 0.6295333333333383, 0.13489999999998503, 1.6188000000000076, 47.97943333333328, 48.294199999999954, 47.8445333333333, 0.13489999999998503, 48.20426666666663, 0.5845666666666767, 0.8543666666666841, 0.6745, 48.653933333333285, 0.0, 0.5395999999999775, 1.3939666666666615, 0.8543666666666841, 0.6745, 48.653933333333285, 47.889499999999956, 0.35973333333333085, 47.97943333333328, 0.9892666666666691, 1.1241666666666916, 48.878766666666635, 49.013666666666616, 0.539600000000015, 0.539600000000015, 0.4496666666666916, 0.6295333333333383, 1.3939666666666615, 1.214100000000015, 0.8993333333333458, 0.1798666666666467, 0.8993333333333458, 0.2698000000000075, 1.034233333333331, 0.4946333333333533, 1.034233333333331, 48.698899999999945, 1.1241666666666916, 0.2698000000000075, 0.04496666666666167, 48.15929999999993, 0.2698000000000075, 47.70963333333328, 48.878766666666635, 0.13490000000002245, 0.7194666666666617, 47.61969999999995, 0.6295333333333383, 0.7644333333333234, 1.034233333333331, 1.2140999999999775, 0.0, 0.35973333333333085, 0.2698000000000075, 49.23849999999996, 0.2248333333333458, 47.93446666666662, 0.08993333333332335, 0.13490000000002245, 47.61969999999995, 0.5395999999999775, 0.31476666666666914, 0.7644333333333234, 1.1241666666666916, 1.214100000000015, 0.5845666666666767, 0.31476666666666914, 0.7194666666666617, 48.4740666666666, 0.4046999999999925, 1.3040333333333383, 49.28346666666662, 47.889499999999956, 47.57473333333329, 0.13490000000002245, 0.4946333333333533, 49.508299999999934, 0.4046999999999925, 49.5982333333333, 49.148566666666596, 0.8993333333333083, 0.539600000000015, 48.5190333333333, 47.61969999999995, 0.08993333333332335, 0.7194666666666617, 0.08993333333332335, 49.91299999999996, 48.878766666666635, 1.3040333333333383, 0.35973333333333085, 0.31476666666666914, 1.3040333333333383, 0.6295333333333383, 0.8993333333333083, 0.539600000000015, 48.56399999999996, 0.8993333333333083, 0.13490000000002245, 49.46333333333327, 0.0, 0.4046999999999925, 0.2248333333333458, 0.9892666666666691, 0.04496666666666167, 0.5845666666666767, 0.7194666666666617, 0.13490000000002245, 1.663766666666669, 0.13489999999998503, 0.13490000000002245, 0.7644333333333234, 0.1798666666666467, 0.4046999999999925, 0.31476666666666914, 0.31476666666666914, 48.38413333333328, 0.31476666666666914, 1.3040333333333383, 0.08993333333332335, 0.9892666666666691, 0.4946333333333159, 1.2590666666666765, 0.2698000000000075, 0.08993333333332335, 1.4839000000000224, 0.8993333333333458, 0.9443000000000075, 0.08993333333332335, 0.0, 0.6295333333333383, 1.798666666666654, 1.3939666666666615, 0.08993333333332335, 0.13489999999998503, 49.28346666666662, 1.2590666666666765, 0.5845666666666767, 0.4046999999999925, 0.2248333333333458, 0.7194666666666617, 0.539600000000015, 0.5845666666666767, 0.7194666666666617, 0.17986666666668413, 0.2248333333333458, 0.13490000000002245, 0.08993333333332335, 1.3040333333333383, 48.249233333333294, 0.7194666666666617, 0.539600000000015, 0.2248333333333458, 0.4946333333333533, 0.539600000000015, 0.17986666666668413, 0.2698000000000075, 0.7194666666666617, 48.4740666666666, 47.75459999999994, 0.6295333333333383, 0.9892666666666691, 47.97943333333328, 0.5395999999999775, 0.4046999999999925, 1.349, 47.43983333333327, 48.5190333333333, 0.7644333333333234, 0.8993333333333083, 0.7644333333333234, 0.04496666666666167, 0.7644333333333234, 0.2698000000000075, 0.8993333333333083, 0.7194666666666617, 1.1241666666666916, 0.31476666666666914, 1.1691333333333533, 48.5190333333333, 1.7536999999999925, 48.294199999999954, 0.4496666666666916, 48.923733333333296, 49.55326666666663, 1.1241666666666543, 47.48479999999993, 48.38413333333328, 48.608966666666625, 49.1935333333333, 0.4496666666666916, 0.5845666666666767, 48.78883333333327, 0.2698000000000075, 0.4946333333333533, 1.7087333333333308, 0.7194666666666617, 0.2698000000000075, 48.83379999999993, 47.75459999999994, 0.0, 0.04496666666666167, 0.6295333333333383, 0.0, 0.4496666666666916, 0.0, 0.2248333333333458, 1.349, 0.17986666666668413, 0.2698000000000075, 0.1798666666666467, 0.4946333333333533, 0.08993333333332335, 0.08993333333332335, 0.9443000000000075, 1.214100000000015, 0.4496666666666916, 0.539600000000015, 0.13490000000002245, 0.2698000000000075, 0.08993333333332335, 0.9892666666666691, 0.2698000000000075, 0.13490000000002245, 0.4946333333333533, 1.798666666666654, 0.539600000000015, 0.35973333333333085, 1.3040333333333383, 0.7194666666666617, 0.2698000000000075, 0.13490000000002245, 0.4046999999999925, 1.798666666666654, 1.3939666666666615, 0.9892666666666691, 0.13489999999998503, 0.5845666666666767, 0.8993333333333458, 0.6295333333333383, 0.4496666666666916, 0.08993333333332335, 0.31476666666666914, 0.08993333333332335, 0.8993333333333458, 1.7087333333333308, 0.2698000000000075, 0.04496666666666167, 1.214100000000015, 0.8543666666666841, 0.4946333333333159, 0.04496666666666167, 0.04496666666666167, 0.4046999999999925, 0.08993333333332335, 0.1798666666666467, 1.034233333333331, 0.9443000000000075, 0.31476666666666914, 1.3939666666666615, 0.31476666666666914, 0.4946333333333533, 0.4946333333333533, 0.13489999999998503, 0.08993333333332335, 0.13490000000002245, 0.5395999999999775, 0.13490000000002245, 1.798666666666654, 0.6295333333333383, 0.6745, 1.6188000000000076, 0.22483333333330838, 1.5738333333333459, 1.1241666666666916, 1.3939666666666615, 0.31476666666666914, 47.61969999999995, 0.22483333333330838, 0.5845666666666767, 47.97943333333328, 48.38413333333328, 48.83379999999993, 48.42909999999994, 1.349, 48.83379999999993, 0.1798666666666467, 0.0, 0.2248333333333458, 0.0, 0.2698000000000075, 1.1241666666666916, 0.04496666666666167, 0.4496666666666916, 0.1798666666666467, 0.6295333333333383, 48.20426666666663, 0.08993333333332335, 0.8543666666666841, 49.5982333333333, 47.61969999999995, 0.9892666666666691, 1.2140999999999775, 48.83379999999993, 49.148566666666596, 48.42909999999994, 48.923733333333296, 1.214100000000015, 0.04496666666666167, 1.3939666666666615, 0.35973333333333085, 0.35973333333333085, 0.4046999999999925, 0.8543666666666841, 1.2590666666666765, 0.17986666666668413, 0.7194666666666617, 1.1241666666666916, 0.9892666666666691, 0.0, 0.22483333333330838, 1.0791999999999926, 0.9892666666666691, 1.0791999999999926, 0.539600000000015, 0.04496666666666167, 1.3939666666666615, 0.13490000000002245, 1.3939666666666615, 0.5845666666666767, 0.5395999999999775, 0.5845666666666767, 0.6295333333333383, 0.31476666666666914, 0.08993333333332335, 1.034233333333331, 0.2698000000000075, 0.6745, 48.42909999999994, 0.2248333333333458, 0.4946333333333533, 0.2248333333333458, 0.35973333333333085, 0.35973333333333085, 0.04496666666666167, 0.4046999999999925, 0.13489999999998503, 0.8543666666666841, 0.22483333333330838, 0.4046999999999925, 0.8993333333333458, 0.0, 0.2698000000000075, 0.4046999999999925, 0.17986666666668413, 0.8543666666666841, 0.1798666666666467, 0.2698000000000075, 1.349, 0.2248333333333458, 48.653933333333285, 0.6745, 0.8543666666666466, 0.5845666666666767, 1.1241666666666916, 48.78883333333327, 0.4496666666666916, 0.5395999999999775, 0.7194666666666617, 1.3939666666666615, 0.35973333333333085, 0.6745, 0.6295333333333383, 48.5190333333333, 48.5190333333333, 47.21499999999997, 0.17986666666668413, 48.0693666666666, 0.7644333333333234, 49.013666666666616, 48.11433333333327, 49.73313333333328, 0.08993333333332335, 49.32843333333329, 48.56399999999996, 48.294199999999954, 0.1798666666666467, 0.8543666666666841, 0.4496666666666916, 0.4496666666666916, 0.1798666666666467, 0.9443000000000075, 0.4946333333333159, 0.22483333333330838, 1.7536999999999925, 0.4046999999999925, 0.44966666666665417, 2.2483333333333086, 49.23849999999996, 0.17986666666668413, 0.2248333333333458, 0.5845666666666767, 1.5288666666666841, 0.4046999999999925, 1.5738333333333459, 0.8543666666666841, 48.15929999999993, 48.698899999999945, 0.31476666666666914, 0.5395999999999775, 0.5845666666666767, 48.83379999999993, 0.6745, 49.1935333333333, 47.57473333333329, 47.57473333333329, 0.2248333333333458, 0.4046999999999925, 48.56399999999996, 1.349, 1.4839000000000224, 1.5288666666666468, 0.2248333333333458, 0.809399999999985, 0.13489999999998503, 0.0, 0.5845666666666767, 48.698899999999945, 0.31476666666666914, 0.2698000000000075, 0.4496666666666916, 0.2248333333333458, 0.2248333333333458, 1.4839000000000224, 0.31476666666666914, 0.2698000000000075, 47.75459999999994, 0.7644333333333234, 0.31476666666666914, 0.8543666666666841, 0.1798666666666467, 0.22483333333330838, 0.17986666666668413, 0.04496666666666167, 0.6745, 0.08993333333332335, 0.8094000000000224, 1.5288666666666841, 48.5190333333333, 0.4946333333333533, 0.08993333333332335, 0.31476666666666914, 0.7644333333333234, 0.4046999999999925, 0.2698000000000075, 0.35973333333333085, 0.4496666666666916, 0.4496666666666916, 0.8543666666666841, 0.08993333333332335, 0.2698000000000075, 1.4839000000000224, 0.8543666666666841, 0.4946333333333533, 0.2248333333333458, 1.034233333333331, 0.6295333333333383, 0.2248333333333458, 0.5845666666666767, 0.5845666666666767, 0.9892666666666691, 1.4389333333333234, 0.08993333333332335, 0.6295333333333383, 0.7194666666666617, 1.4389333333333234, 0.2698000000000075, 0.539600000000015, 1.5738333333333459, 0.2698000000000075, 0.6295333333333383, 0.4046999999999925, 0.7194666666666617, 0.8543666666666841, 0.04496666666666167, 0.7644333333333234, 0.2698000000000075, 47.889499999999956, 0.2698000000000075, 1.7087333333333308, 0.9892666666666691, 47.48479999999993, 0.08993333333332335, 0.6295333333333383, 0.4046999999999925, 0.4496666666666916, 0.4946333333333533, 0.5395999999999775, 0.7194666666666617, 0.04496666666666167, 0.0, 0.0, 47.39486666666661, 0.8993333333333083, 0.2698000000000075, 0.6745, 0.13490000000002245, 1.0791999999999926, 0.13490000000002245, 0.17986666666668413, 0.4946333333333533, 0.8993333333333458, 0.4946333333333533, 0.2698000000000075, 0.4946333333333533, 0.04496666666666167, 0.04496666666666167, 0.6745, 0.08993333333332335, 0.17986666666668413, 0.6745, 1.1241666666666916, 0.08993333333332335, 0.08993333333332335, 0.8094000000000224, 0.2698000000000075, 0.08993333333332335, 0.04496666666666167, 49.41836666666661, 1.2590666666666765, 0.7644333333333234, 0.6295333333333383, 0.2248333333333458, 47.8445333333333, 48.02439999999994, 0.0, 47.48479999999993, 48.923733333333296, 0.5845666666666767, 0.2698000000000075, 1.349, 47.75459999999994, 48.698899999999945, 0.08993333333332335, 1.3040333333333383, 0.13489999999998503, 0.04496666666666167, 1.349, 49.73313333333328, 0.04496666666666167, 48.20426666666663, 0.7644333333333234, 48.02439999999994, 48.78883333333327, 0.13490000000002245, 48.15929999999993, 0.0, 0.13489999999998503, 49.013666666666616, 47.21499999999997, 0.17986666666668413, 0.7194666666666617, 48.20426666666663, 0.08993333333332335, 0.8543666666666841, 1.1691333333333158, 0.4046999999999925, 0.04496666666666167, 0.08993333333332335, 0.4046999999999925, 0.8993333333333458, 0.44966666666665417, 0.4946333333333159, 0.5845666666666767, 0.2248333333333458, 1.798666666666654, 0.6745, 0.08993333333332335, 0.0, 0.4046999999999925, 0.13489999999998503, 0.4496666666666916, 0.2248333333333458, 0.17986666666668413, 0.7194666666666617, 0.0, 0.22483333333330838, 0.2248333333333458, 0.0, 1.1691333333333158, 0.6745, 0.7644333333333234, 0.539600000000015, 0.4946333333333159, 0.4946333333333533, 0.6745, 0.2698000000000075, 0.17986666666668413, 0.8993333333333458, 0.22483333333330838, 1.5288666666666841, 0.6745, 0.13490000000002245, 0.539600000000015, 0.6745, 0.31476666666666914, 0.13490000000002245, 48.20426666666663, 48.294199999999954, 0.1798666666666467, 0.17986666666668413, 0.8094000000000224, 0.539600000000015, 0.7644333333333234, 0.8993333333333083, 0.4946333333333159, 0.08993333333332335, 0.31476666666666914, 0.31476666666666914, 0.6745, 0.08993333333332335, 0.08993333333332335, 47.889499999999956, 0.35973333333333085, 0.44966666666665417, 0.2698000000000075, 0.8993333333333083, 0.22483333333330838, 0.13490000000002245, 1.7536999999999925, 0.5395999999999775, 0.5845666666666767, 0.1798666666666467, 0.31476666666666914, 48.78883333333327, 0.7194666666666617, 0.6295333333333383, 47.93446666666662, 49.37339999999995, 48.923733333333296, 48.11433333333327, 47.7995666666666, 0.08993333333332335, 0.13490000000002245, 0.9892666666666691, 1.4838999999999851, 0.17986666666668413, 1.4389333333333234, 0.4496666666666916, 0.4046999999999925, 0.22483333333330838, 0.08993333333332335, 0.4496666666666916, 0.4946333333333533, 0.2698000000000075, 0.8543666666666841, 2.2933000000000074, 0.1798666666666467, 0.7194666666666617, 0.31476666666666914, 0.2698000000000075, 0.5395999999999775, 0.5845666666666767, 0.9443000000000075, 1.034233333333331, 0.44966666666665417, 0.5395999999999775, 0.4046999999999925, 0.4946333333333533, 0.6745, 0.6295333333333383, 0.7194666666666617, 0.8543666666666841, 0.4496666666666916, 48.0693666666666, 1.1241666666666916, 47.7995666666666, 48.0693666666666, 48.78883333333327, 0.2698000000000075, 48.15929999999993, 49.73313333333328, 0.7194666666666617, 0.13490000000002245, 1.1241666666666916, 47.97943333333328, 49.5982333333333, 1.034233333333331, 48.83379999999993, 0.9443000000000075, 48.968699999999956, 49.013666666666616, 49.64319999999996, 49.41836666666661, 47.48479999999993, 1.9785333333333381, 0.5845666666666767, 0.9443000000000075, 0.08993333333332335, 0.04496666666666167, 0.17986666666668413, 0.7644333333333234, 0.13490000000002245, 0.22483333333330838, 0.22483333333330838, 0.7644333333333234, 0.5845666666666767, 0.7194666666666617, 0.7194666666666617, 0.5845666666666767, 0.9443000000000075, 0.7194666666666617, 0.17986666666668413, 1.8436333333333532, 0.1798666666666467, 0.5395999999999775, 0.7194666666666617, 0.9892666666666691, 0.31476666666666914, 0.7194666666666617, 49.32843333333329, 0.13489999999998503, 0.13490000000002245, 0.4046999999999925, 0.04496666666666167, 0.8993333333333458, 1.9785333333333381, 0.22483333333330838, 0.08993333333332335, 0.04496666666666167, 0.0, 0.9892666666666691, 0.04496666666666167, 1.1241666666666543, 0.6295333333333383, 0.31476666666666914, 0.7194666666666617, 0.08993333333332335, 0.6745, 1.1691333333333533, 0.08993333333332335, 0.6745, 0.0, 0.4046999999999925, 0.44966666666665417, 48.5190333333333, 49.91299999999996, 0.8993333333333458, 0.539600000000015, 49.95796666666662, 0.8094000000000224, 0.8543666666666841, 0.5395999999999775, 0.809399999999985, 0.13490000000002245, 0.8993333333333458, 47.57473333333329, 0.2698000000000075, 0.4496666666666916, 0.35973333333333085, 0.4046999999999925, 0.04496666666666167, 0.35973333333333085, 0.4946333333333533, 0.35973333333333085, 0.539600000000015, 0.6295333333333383, 0.5845666666666767, 0.35973333333333085, 47.8445333333333, 1.214100000000015, 49.05863333333328, 0.04496666666666167, 0.4946333333333533, 47.93446666666662, 48.38413333333328, 47.70963333333328, 1.1241666666666916, 48.38413333333328, 49.73313333333328, 49.148566666666596, 1.034233333333331, 47.39486666666661, 48.78883333333327, 47.57473333333329, 47.7995666666666, 1.5288666666666468, 1.3939666666666615, 0.2698000000000075, 50.13783333333327, 0.5845666666666767, 48.38413333333328, 0.04496666666666167, 0.35973333333333085, 0.35973333333333085, 0.6745, 0.31476666666666914, 0.4496666666666916, 0.31476666666666914, 48.38413333333328, 0.08993333333332335, 0.13489999999998503, 48.4740666666666, 0.8094000000000224, 48.743866666666605, 49.41836666666661, 49.28346666666662, 48.78883333333327, 0.4046999999999925, 0.08993333333332335, 0.5845666666666767, 0.5845666666666767, 0.9443000000000075, 0.8993333333333458, 0.809399999999985, 49.1935333333333, 49.37339999999995, 48.83379999999993, 0.9443000000000075, 1.0791999999999926, 0.4046999999999925, 1.4838999999999851, 0.4046999999999925, 0.4946333333333159, 0.8543666666666466, 1.1241666666666916, 1.0791999999999926, 0.8993333333333458, 0.6295333333333383, 49.32843333333329, 48.78883333333327, 0.35973333333333085, 48.83379999999993, 0.4496666666666916, 48.20426666666663, 48.33916666666662, 0.08993333333332335, 0.31476666666666914, 0.8543666666666466, 0.13490000000002245, 0.1798666666666467, 0.04496666666666167, 0.5395999999999775, 0.08993333333332335, 0.2248333333333458, 0.2698000000000075, 0.04496666666666167, 0.22483333333330838, 0.5845666666666767, 48.923733333333296, 0.6745, 49.10359999999994, 0.539600000000015, 0.17986666666668413, 0.31476666666666914, 48.56399999999996, 0.44966666666665417, 0.35973333333333085, 48.38413333333328, 0.7644333333333234, 0.44966666666665417, 48.698899999999945, 49.05863333333328, 0.31476666666666914, 0.8543666666666841, 0.4046999999999925, 0.7194666666666617, 0.08993333333332335, 0.4046999999999925, 0.2698000000000075, 0.7644333333333234, 0.31476666666666914, 0.04496666666666167, 0.35973333333333085, 1.1691333333333158, 0.31476666666666914, 0.2698000000000075, 0.31476666666666914, 0.35973333333333085, 0.2698000000000075, 48.698899999999945, 48.33916666666662, 0.17986666666668413, 0.1798666666666467, 0.31476666666666914, 48.33916666666662, 0.4496666666666916, 0.17986666666668413, 0.7194666666666617, 48.0693666666666, 0.2248333333333458, 0.5845666666666767, 0.08993333333332335, 48.38413333333328, 0.6295333333333383, 0.7194666666666617, 48.608966666666625, 0.0, 0.13490000000002245, 0.0, 0.9443000000000075, 0.4046999999999925, 0.8543666666666841, 0.44966666666665417, 0.0, 0.31476666666666914, 0.7194666666666617, 48.0693666666666, 49.10359999999994, 1.6188000000000076, 48.249233333333294, 0.13490000000002245, 49.013666666666616, 0.8543666666666841, 49.37339999999995, 49.86803333333326, 48.5190333333333, 49.8230666666666, 0.4946333333333159, 0.6295333333333383, 0.17986666666668413, 0.1798666666666467, 0.4046999999999925, 0.31476666666666914, 0.6745, 0.4496666666666916, 0.6295333333333383, 1.6188000000000076, 1.349, 0.4046999999999925, 1.1241666666666543, 0.8993333333333458, 1.0791999999999926, 0.31476666666666914, 0.13489999999998503, 48.11433333333327, 1.1691333333333533, 1.3939666666666615, 0.6295333333333383, 48.653933333333285, 48.33916666666662, 47.97943333333328, 0.22483333333330838, 1.0791999999999926, 48.42909999999994, 48.653933333333285, 0.08993333333332335, 48.923733333333296, 0.809399999999985, 1.5288666666666468, 0.04496666666666167, 0.6745, 0.35973333333333085, 0.13489999999998503, 0.4046999999999925, 1.5738333333333459, 0.809399999999985, 0.13490000000002245, 0.04496666666666167, 0.31476666666666914, 0.08993333333332335, 0.6745, 0.539600000000015, 1.034233333333331, 0.13489999999998503, 0.2698000000000075, 1.4839000000000224, 0.809399999999985, 0.31476666666666914, 0.08993333333332335, 1.1241666666666916, 0.04496666666666167, 0.31476666666666914, 1.0791999999999926, 1.798666666666654, 0.5395999999999775, 0.35973333333333085, 0.7194666666666617, 0.08993333333332335, 0.9892666666666691, 0.2698000000000075, 0.7194666666666617, 0.5845666666666767, 0.4046999999999925, 0.04496666666666167, 0.5845666666666767, 0.17986666666668413, 0.2248333333333458, 0.8094000000000224, 0.7194666666666617, 0.6745, 49.1935333333333, 47.52976666666663, 0.7644333333333234, 0.31476666666666914, 49.77809999999994, 48.878766666666635, 48.653933333333285, 0.539600000000015, 0.5845666666666767, 49.46333333333327, 0.22483333333330838, 0.13489999999998503, 49.64319999999996, 0.08993333333332335, 48.38413333333328, 49.10359999999994, 0.0, 1.1241666666666916, 0.6745, 0.1798666666666467, 49.10359999999994, 49.23849999999996, 1.1691333333333158, 48.608966666666625, 0.7194666666666617, 48.56399999999996, 0.539600000000015, 1.214100000000015, 1.9335666666666766, 0.7644333333333234, 0.6745, 49.05863333333328, 0.4946333333333533, 48.56399999999996, 49.1935333333333, 0.9443000000000075, 0.31476666666666914, 0.35973333333333085, 1.0791999999999926, 1.3040333333333383, 50.22776666666663, 0.2248333333333458, 48.38413333333328, 48.608966666666625, 48.20426666666663, 0.31476666666666914, 1.5288666666666841, 0.4946333333333533, 1.7087333333333308, 0.35973333333333085, 0.2248333333333458, 0.31476666666666914, 1.4389333333333234, 47.97943333333328, 0.04496666666666167, 0.8543666666666841, 48.02439999999994, 48.11433333333327, 48.38413333333328, 0.4496666666666916, 49.37339999999995, 48.923733333333296, 48.878766666666635, 0.08993333333332335, 48.15929999999993, 0.5845666666666767, 0.17986666666668413, 0.1798666666666467, 0.4046999999999925, 0.22483333333330838, 0.6745, 0.2248333333333458, 0.4046999999999925, 0.2698000000000075, 0.9443000000000075, 0.44966666666665417, 0.4946333333333533, 0.8543666666666841, 0.4496666666666916, 0.2698000000000075, 0.35973333333333085, 0.2698000000000075, 0.2698000000000075, 0.0, 47.30493333333328, 47.57473333333329, 0.22483333333330838, 0.539600000000015, 0.08993333333332335, 0.35973333333333085, 0.04496666666666167, 47.70963333333328, 47.7995666666666, 48.11433333333327, 47.889499999999956, 1.034233333333331, 48.42909999999994, 49.013666666666616, 0.2698000000000075, 49.148566666666596, 0.04496666666666167, 0.4496666666666916, 0.7644333333333234, 0.809399999999985, 0.6295333333333383, 0.22483333333330838, 0.08993333333332335, 0.2248333333333458, 0.0, 1.1241666666666543, 49.05863333333328, 0.4946333333333533, 1.1691333333333533, 0.08993333333332335, 0.1798666666666467, 0.8993333333333458, 0.8543666666666841, 1.3040333333333383, 1.8436333333333532, 0.9443000000000075, 49.148566666666596, 48.968699999999956, 47.93446666666662, 48.4740666666666, 0.04496666666666167, 0.08993333333332335, 0.08993333333332335, 0.5845666666666767, 0.4496666666666916, 0.13489999999998503, 1.214100000000015, 1.9335666666666766, 0.2698000000000075, 1.349, 0.44966666666665417, 0.6745, 0.4946333333333159, 0.6295333333333383, 48.878766666666635, 0.6295333333333383, 47.889499999999956, 47.7995666666666, 0.4496666666666916, 48.4740666666666, 48.878766666666635, 0.31476666666666914, 0.7194666666666617, 48.56399999999996, 0.2248333333333458, 1.1691333333333533, 48.38413333333328, 48.653933333333285, 0.08993333333332335, 47.57473333333329, 49.46333333333327, 1.2140999999999775, 0.8094000000000224, 0.7644333333333234, 0.809399999999985, 47.7995666666666, 0.7194666666666617, 0.5845666666666767, 0.08993333333332335, 0.08993333333332335, 48.878766666666635, 0.5845666666666767, 0.5845666666666767, 1.214100000000015, 0.17986666666668413, 0.35973333333333085, 0.5845666666666767, 0.13490000000002245, 0.13489999999998503, 0.2248333333333458, 0.4946333333333533, 0.08993333333332335, 0.9892666666666691, 0.6295333333333383, 0.04496666666666167, 0.5845666666666767, 0.4496666666666916, 1.1691333333333158, 49.23849999999996, 0.04496666666666167, 0.31476666666666914, 0.08993333333332335, 0.4496666666666916, 0.2698000000000075, 1.349, 1.2590666666666765, 1.214100000000015, 0.2698000000000075, 0.8993333333333083, 0.5845666666666767, 0.08993333333332335, 1.1691333333333533, 0.9443000000000075, 0.8993333333333458, 0.1798666666666467, 0.13490000000002245, 0.6295333333333383, 0.0, 0.8094000000000224, 48.20426666666663, 0.5395999999999775, 0.2698000000000075, 0.2698000000000075, 0.8543666666666466, 0.08993333333332335, 0.31476666666666914, 0.5395999999999775, 48.5190333333333, 48.78883333333327, 0.8543666666666841, 0.1798666666666467, 48.878766666666635, 0.2698000000000075, 0.4946333333333159, 48.878766666666635, 49.013666666666616, 48.5190333333333, 1.4389333333333234, 0.6745, 48.653933333333285, 48.0693666666666, 48.4740666666666, 48.878766666666635, 48.698899999999945, 48.11433333333327, 47.70963333333328, 0.08993333333332335, 0.6745, 48.294199999999954, 47.889499999999956, 48.5190333333333, 0.17986666666668413, 49.73313333333328, 0.9443000000000075, 48.653933333333285, 0.8993333333333458, 0.8993333333333458, 0.2248333333333458, 0.8993333333333458, 0.5845666666666767, 0.8993333333333458, 48.42909999999994, 48.4740666666666, 0.809399999999985, 48.878766666666635, 0.5845666666666767, 48.11433333333327, 48.4740666666666, 47.7995666666666, 1.6188000000000076, 48.608966666666625, 0.6745, 47.8445333333333, 48.5190333333333, 0.4496666666666916, 48.923733333333296, 0.08993333333332335, 0.17986666666668413, 0.7644333333333234, 0.7194666666666617, 0.8993333333333083, 0.6745, 0.13489999999998503, 2.068466666666662, 1.5288666666666841, 0.5845666666666767, 0.7644333333333234, 1.034233333333331, 0.8543666666666841, 0.8094000000000224, 0.04496666666666167, 0.6745, 0.4946333333333159, 0.2248333333333458, 0.4046999999999925, 0.4496666666666916, 0.7644333333333234, 49.148566666666596, 0.0, 0.5395999999999775, 0.7644333333333234, 0.35973333333333085, 47.52976666666663, 0.809399999999985, 0.7644333333333234, 1.1691333333333533, 0.31476666666666914, 0.13489999999998503, 0.6745, 0.35973333333333085, 48.78883333333327, 49.10359999999994, 48.02439999999994, 0.31476666666666914, 48.5190333333333, 0.8543666666666841, 0.2698000000000075, 49.32843333333329, 0.08993333333332335, 1.349, 0.35973333333333085, 0.2698000000000075, 0.9892666666666691, 0.6295333333333383, 0.1798666666666467, 0.22483333333330838, 0.04496666666666167, 1.7087333333333308, 0.8094000000000224, 0.6745, 0.6745, 0.8543666666666841, 1.5288666666666841, 1.3939666666666615, 48.56399999999996, 0.4046999999999925, 0.8094000000000224, 0.1798666666666467, 49.1935333333333, 48.02439999999994, 49.55326666666663, 0.08993333333332335, 48.698899999999945, 47.889499999999956, 48.878766666666635, 1.3939666666666615, 0.35973333333333085, 0.4046999999999925, 0.2698000000000075, 0.04496666666666167, 1.3040333333333383, 1.214100000000015, 0.6295333333333383, 0.7644333333333234, 0.7644333333333234, 0.35973333333333085, 0.1798666666666467, 0.2698000000000075, 0.13490000000002245, 0.22483333333330838, 0.9892666666666691, 0.1798666666666467, 0.0, 1.7536999999999925, 0.5395999999999775, 0.17986666666668413, 0.8543666666666466, 0.35973333333333085, 1.349, 0.13490000000002245, 1.349, 0.04496666666666167, 0.13490000000002245, 0.1798666666666467, 0.35973333333333085, 0.04496666666666167, 0.2248333333333458, 0.8094000000000224, 0.809399999999985, 0.31476666666666914, 0.31476666666666914, 48.968699999999956, 0.2698000000000075, 0.22483333333330838, 0.2698000000000075, 48.42909999999994, 0.04496666666666167, 48.11433333333327, 48.78883333333327, 49.148566666666596, 0.5845666666666767, 1.034233333333331, 0.22483333333330838, 48.294199999999954, 1.034233333333331, 1.1241666666666916, 0.22483333333330838, 49.1935333333333, 47.7995666666666, 0.9892666666666691, 49.5982333333333, 0.4496666666666916, 0.13490000000002245, 0.4046999999999925, 0.31476666666666914, 0.7194666666666617, 0.0, 0.7644333333333234, 0.2248333333333458, 0.08993333333332335, 47.48479999999993, 48.83379999999993, 0.5395999999999775, 50.45259999999994, 48.4740666666666, 0.7194666666666617, 0.31476666666666914, 48.4740666666666, 48.968699999999956, 0.5395999999999775, 1.3939666666666615, 0.8543666666666841, 0.5395999999999775, 0.4496666666666916, 0.9443000000000075, 0.8543666666666841, 0.04496666666666167, 0.6295333333333383, 0.9892666666666691, 1.2590666666666765, 0.2248333333333458, 0.5845666666666767, 1.4389333333333234, 0.8094000000000224, 0.8993333333333458, 0.13489999999998503, 1.2590666666666765, 0.08993333333332335, 0.04496666666666167, 0.35973333333333085, 0.8094000000000224, 0.2248333333333458, 0.9892666666666691, 0.8543666666666466, 0.4046999999999925, 1.034233333333331, 0.4496666666666916, 0.08993333333332335, 0.35973333333333085, 0.6295333333333383, 1.0791999999999926, 0.539600000000015, 0.13489999999998503, 0.2698000000000075, 0.1798666666666467, 0.4946333333333533, 48.5190333333333, 48.02439999999994, 0.4496666666666916, 49.55326666666663, 48.15929999999993, 49.46333333333327, 48.698899999999945, 0.6295333333333383, 0.7194666666666617, 49.05863333333328, 1.9335666666666766, 0.44966666666665417, 0.2248333333333458, 1.798666666666654, 0.04496666666666167, 0.809399999999985, 1.1691333333333533, 49.73313333333328, 49.05863333333328, 48.878766666666635, 48.33916666666662, 48.743866666666605, 47.03513333333328, 0.4496666666666916, 0.7644333333333234, 0.6745, 0.6745, 0.31476666666666914, 0.31476666666666914, 0.04496666666666167, 1.034233333333331, 0.4496666666666916, 0.5395999999999775, 0.04496666666666167, 0.13490000000002245, 2.248333333333346, 0.04496666666666167, 0.2698000000000075, 0.4046999999999925, 0.6745, 0.7644333333333234, 0.5845666666666767, 0.2698000000000075, 0.6745, 48.20426666666663, 49.37339999999995, 49.013666666666616, 1.0791999999999926, 0.1798666666666467, 0.17986666666668413, 0.4046999999999925, 0.08993333333332335, 0.6745, 0.6295333333333383, 0.08993333333332335, 0.22483333333330838, 0.4046999999999925, 0.9892666666666691, 0.35973333333333085, 0.22483333333330838, 0.2698000000000075, 0.2248333333333458, 0.22483333333330838, 0.17986666666668413, 0.17986666666668413, 0.17986666666668413, 48.608966666666625, 47.7995666666666, 0.22483333333330838, 47.57473333333329, 0.8543666666666841, 0.4496666666666916, 0.2698000000000075, 0.9443000000000075, 0.5395999999999775, 0.13490000000002245, 0.7194666666666617, 0.2698000000000075, 0.7194666666666617, 0.35973333333333085, 0.08993333333332335, 0.0, 0.04496666666666167, 1.5738333333333459, 0.13490000000002245, 0.04496666666666167, 0.6295333333333383, 0.5845666666666767, 0.4946333333333533, 0.4946333333333159, 0.1798666666666467, 0.2248333333333458, 0.5395999999999775, 0.9892666666666691, 0.2248333333333458, 0.0, 47.97943333333328, 48.4740666666666, 47.48479999999993, 1.3939666666666615, 48.15929999999993, 0.35973333333333085, 0.6295333333333383, 0.08993333333332335, 48.968699999999956, 0.2698000000000075, 0.8543666666666841, 0.04496666666666167, 0.04496666666666167, 0.0, 0.8993333333333458, 0.08993333333332335, 0.4496666666666916, 47.8445333333333, 48.02439999999994, 1.4389333333333234, 50.36266666666661, 1.349, 48.968699999999956, 0.5395999999999775, 0.9443000000000075, 0.04496666666666167, 0.5845666666666767, 0.5845666666666767, 1.0791999999999926, 0.2248333333333458, 0.04496666666666167, 0.31476666666666914, 0.31476666666666914, 1.4839000000000224, 1.3040333333333383, 0.8094000000000224, 0.35973333333333085, 1.5288666666666841, 1.6188000000000076, 1.3040333333333383, 0.4046999999999925, 0.1798666666666467, 0.4496666666666916, 0.0, 0.9892666666666691, 1.214100000000015, 0.6745, 0.1798666666666467, 0.2698000000000075, 0.5395999999999775, 0.31476666666666914, 0.6745, 0.5395999999999775, 0.7194666666666617, 0.2248333333333458, 1.0791999999999926, 0.4496666666666916, 0.13490000000002245, 0.04496666666666167, 0.9892666666666691, 0.9892666666666691, 0.9892666666666691, 0.1798666666666467, 1.349, 0.4946333333333533, 0.22483333333330838, 1.3040333333333383, 47.7995666666666, 0.5845666666666767, 0.2698000000000075, 48.33916666666662, 1.034233333333331, 0.04496666666666167, 47.75459999999994, 0.6295333333333383, 0.6295333333333383, 1.2140999999999775, 0.08993333333332335, 0.04496666666666167, 1.3939666666666615, 0.2698000000000075, 0.7644333333333234, 1.0791999999999926, 0.13490000000002245, 1.1691333333333533, 0.0, 0.4046999999999925, 1.7536999999999925, 0.9443000000000075, 0.6295333333333383, 0.31476666666666914, 0.44966666666665417, 0.13490000000002245, 0.13490000000002245, 0.2248333333333458, 1.0791999999999926, 0.8993333333333458, 1.2590666666666765, 1.1241666666666543, 0.6295333333333383, 0.17986666666668413, 0.35973333333333085, 0.08993333333332335, 0.13490000000002245, 0.31476666666666914, 0.4496666666666916, 1.0791999999999926, 0.9443000000000075, 0.8993333333333458, 0.7644333333333234, 48.878766666666635, 0.5845666666666767, 0.9443000000000075, 0.13490000000002245, 0.5395999999999775, 0.7644333333333234, 47.43983333333327, 1.3040333333333383, 48.11433333333327, 0.539600000000015, 48.02439999999994, 0.8993333333333458, 1.4839000000000224, 0.0, 48.0693666666666, 48.249233333333294, 0.809399999999985, 0.5395999999999775, 47.43983333333327, 0.31476666666666914, 0.35973333333333085, 0.13489999999998503, 0.08993333333332335, 0.6295333333333383, 0.04496666666666167, 0.8993333333333458, 0.2248333333333458, 0.08993333333332335, 0.04496666666666167, 0.8993333333333083, 0.13490000000002245, 1.9335666666666766, 0.539600000000015, 1.2590666666666765, 0.0, 1.0791999999999926, 48.5190333333333, 0.4046999999999925, 49.10359999999994, 49.5982333333333, 0.2698000000000075, 48.294199999999954, 0.2698000000000075, 0.08993333333332335, 0.539600000000015, 0.35973333333333085, 1.214100000000015, 0.22483333333330838, 0.08993333333332335, 0.5845666666666767, 0.7644333333333234, 0.04496666666666167, 1.349, 0.9443000000000075, 0.8993333333333458, 0.6295333333333383, 0.13489999999998503, 0.6745, 0.6295333333333383, 0.08993333333332335, 0.9892666666666691, 0.1798666666666467, 0.2698000000000075, 0.5845666666666767, 0.4046999999999925, 0.04496666666666167, 0.2248333333333458, 0.5845666666666767, 0.4496666666666916, 0.8094000000000224, 0.2698000000000075, 1.1691333333333533, 0.35973333333333085, 0.08993333333332335, 0.4946333333333159, 0.4046999999999925, 0.5395999999999775, 0.31476666666666914, 1.2590666666666765, 0.44966666666665417, 0.35973333333333085, 0.2248333333333458, 1.4839000000000224, 0.22483333333330838, 1.214100000000015, 0.08993333333332335, 0.4496666666666916, 1.1691333333333158, 1.3040333333333383, 0.31476666666666914, 49.05863333333328, 0.13489999999998503, 0.8543666666666841, 0.7194666666666617, 0.9892666666666691, 47.61969999999995, 49.05863333333328, 48.11433333333327, 1.5738333333333083, 1.2590666666666765, 1.4389333333333234, 0.7194666666666617, 0.539600000000015, 0.9892666666666691, 0.9443000000000075, 1.1691333333333533, 0.4946333333333533, 48.42909999999994, 0.08993333333332335, 48.42909999999994, 0.08993333333332335, 0.17986666666668413, 0.5845666666666767, 0.04496666666666167, 48.78883333333327, 0.7194666666666617, 0.7194666666666617, 0.17986666666668413, 0.4046999999999925, 48.33916666666662, 0.7194666666666617, 1.1241666666666916, 48.20426666666663, 47.889499999999956, 0.6295333333333383, 0.04496666666666167, 49.05863333333328, 0.0, 0.4496666666666916, 0.17986666666668413, 49.77809999999994, 48.78883333333327, 1.3040333333333383, 0.04496666666666167, 0.04496666666666167, 0.7644333333333234, 48.20426666666663, 49.41836666666661, 0.13490000000002245, 0.6295333333333383, 1.1241666666666916, 0.13489999999998503, 0.7644333333333234, 0.1798666666666467, 0.08993333333332335, 0.13489999999998503, 0.2248333333333458, 48.923733333333296, 0.5845666666666767, 47.70963333333328, 0.6295333333333383, 0.1798666666666467, 0.7644333333333234, 1.4389333333333234, 0.44966666666665417, 0.1798666666666467, 0.539600000000015, 0.8094000000000224, 47.97943333333328, 48.608966666666625, 1.034233333333331, 47.97943333333328, 0.22483333333330838, 49.55326666666663, 47.66466666666662, 48.11433333333327, 48.923733333333296, 0.08993333333332335, 0.8993333333333083, 0.5395999999999775, 0.8543666666666466, 0.22483333333330838, 0.04496666666666167, 0.4946333333333533, 0.13489999999998503, 0.6295333333333383, 1.6188000000000076, 0.5395999999999775, 0.8094000000000224, 0.7644333333333234, 0.8543666666666841, 0.08993333333332335, 0.31476666666666914, 0.5845666666666767, 0.5845666666666767, 0.5845666666666767, 0.5845666666666767, 48.698899999999945, 0.35973333333333085, 0.7194666666666617, 0.08993333333332335, 0.2248333333333458, 49.46333333333327, 0.4946333333333159, 1.349, 48.20426666666663, 1.7087333333333308, 0.4496666666666916, 0.22483333333330838, 0.8543666666666841, 0.13490000000002245, 49.28346666666662, 1.214100000000015, 48.33916666666662, 0.4046999999999925, 1.034233333333331, 0.44966666666665417, 1.1691333333333533, 1.5288666666666468, 0.44966666666665417, 1.214100000000015, 0.17986666666668413, 0.08993333333332335, 49.05863333333328, 1.3939666666666615, 1.5288666666666841, 0.08993333333332335, 0.539600000000015, 1.349, 0.08993333333332335, 49.28346666666662, 0.22483333333330838, 0.4046999999999925, 0.13489999999998503, 0.5845666666666767, 0.04496666666666167, 0.7644333333333234, 0.9443000000000075, 0.08993333333332335, 1.0791999999999926, 0.13489999999998503, 0.13490000000002245, 0.31476666666666914, 0.2698000000000075, 0.13490000000002245, 0.0, 0.35973333333333085, 0.4496666666666916, 49.508299999999934, 0.6745, 0.7194666666666617, 0.22483333333330838, 0.9443000000000075, 0.13490000000002245, 0.17986666666668413, 0.0, 0.13489999999998503, 0.13489999999998503, 0.04496666666666167, 1.034233333333331, 0.2698000000000075, 1.4839000000000224, 0.35973333333333085, 0.2698000000000075, 0.7194666666666617, 0.13489999999998503, 0.13489999999998503, 1.3939666666666615, 0.4946333333333159, 0.35973333333333085, 1.3939666666666615, 0.08993333333332335, 1.214100000000015, 0.04496666666666167, 0.08993333333332335, 1.6188000000000076, 0.4946333333333159, 0.809399999999985, 1.2140999999999775, 0.9892666666666691, 1.8436333333333532, 49.5982333333333, 48.83379999999993, 48.11433333333327, 48.249233333333294, 0.08993333333332335, 0.6745, 1.349, 0.2698000000000075, 0.6295333333333383, 0.5845666666666767, 0.7644333333333234, 0.31476666666666914, 0.4046999999999925, 0.04496666666666167, 1.2590666666666765, 1.1241666666666916, 0.4046999999999925, 1.1691333333333533, 1.888600000000015, 0.1798666666666467, 0.8543666666666841, 1.2590666666666765, 0.9892666666666691, 0.8543666666666466, 0.2248333333333458, 1.0791999999999926, 1.1691333333333158, 1.0791999999999926, 1.6188000000000076, 0.35973333333333085, 0.0, 1.3040333333333383, 1.214100000000015, 0.0, 0.5395999999999775, 1.214100000000015, 1.0791999999999926, 1.8885999999999776, 0.31476666666666914, 0.7194666666666617, 0.35973333333333085, 1.9335666666666766, 0.7644333333333234, 0.6295333333333383, 0.13490000000002245, 0.04496666666666167, 0.8543666666666466, 0.04496666666666167, 1.1691333333333533, 1.1241666666666916, 0.0, 0.08993333333332335, 0.7644333333333234, 0.22483333333330838, 1.2590666666666765, 2.068466666666662, 1.349, 0.539600000000015, 0.2698000000000075, 0.22483333333330838, 0.13489999999998503, 0.35973333333333085, 0.1798666666666467, 0.8543666666666841, 0.6295333333333383, 0.6295333333333383, 0.2698000000000075, 0.4946333333333533, 1.349, 0.7644333333333234, 0.2248333333333458, 0.35973333333333085, 0.0, 0.22483333333330838, 0.08993333333332335, 52.17739285714239, 52.94824999999952, 53.62274999999952, 0.1927142857143029, 52.418285714285254, 52.562821428570956, 51.84014285714239, 50.82839285714239, 52.032857142856685, 52.90007142857095, 1.3008214285714343, 51.213821428570995, 51.98467857142813, 52.514642857142384, 51.64742857142812, 0.43360714285713137, 52.61099999999952, 52.37010714285669, 50.92474999999956, 51.791964285713824, 0.04817857142856569, 51.59924999999956, 0.5781428571428685, 2.216214285714263, 0.33725, 52.08103571428526, 0.9153928571428285, 1.3971785714285656, 0.19271428571426277, 0.04817857142856569, 0.7226785714285657, 0.1927142857143029, 0.3854285714285657, 1.1081071428571314, 0.0, 0.04817857142856569, 52.17739285714239, 0.19271428571426277, 0.04817857142856569, 0.2408928571428686, 1.2526428571428283, 0.4817857142856971, 51.69560714285669, 0.1445357142856971, 0.28907142857143425, 51.45471428571382, 0.1445357142856971, 0.0, 52.562821428570956, 0.1445357142856971, 1.7826071428571313, 52.12921428571382, 0.04817857142856569, 0.6745, 51.502892857142385, 51.11746428571382, 0.2408928571428686, 53.574571428570955, 52.75553571428525, 0.09635714285713139, 51.31017857142812, 51.35835714285669, 51.69560714285669, 53.28549999999952, 52.90007142857095, 52.17739285714239, 51.93649999999956, 0.04817857142856569, 51.74378571428525, 52.803714285713816, 52.65917857142813, 51.45471428571382, 1.68625, 52.85189285714239, 53.09278571428525, 52.08103571428526, 52.032857142856685, 0.2408928571428686, 52.90007142857095, 51.84014285714239, 50.97292857142812, 51.31017857142812, 51.502892857142385, 0.0, 0.09635714285713139, 0.5781428571428685, 0.7708571428571314, 0.9635714285714343, 0.8190357142856971, 1.4935357142856969, 0.3854285714285657, 0.1445357142856971, 1.01175, 0.09635714285713139, 0.3854285714285657, 0.2408928571428686, 0.9635714285714343, 0.09635714285713139, 0.5781428571428685, 1.4935357142856969, 1.349, 0.33725, 0.3854285714285657, 0.19271428571426277, 0.9635714285714343, 0.04817857142856569, 1.4453571428571315, 1.3971785714285656, 0.1445357142856971, 0.5299642857142628, 1.6380714285714342, 0.2408928571428686, 0.04817857142856569, 1.01175, 0.04817857142856569, 0.2408928571428686, 0.09635714285713139, 1.01175, 0.1445357142856971, 0.33725, 51.406535714285255, 52.37010714285669, 52.321928571428124, 0.5781428571428685, 0.4817857142856971, 0.8190357142856971, 0.8190357142856971, 0.2408928571428686, 0.43360714285713137, 0.28907142857143425, 0.4817857142856971, 1.1081071428571314, 1.3008214285714343, 2.0235, 0.04817857142856569, 0.5299642857142628, 0.09635714285713139, 0.3854285714285657, 51.06928571428526, 51.84014285714239, 0.3854285714285657, 0.7226785714285657, 1.9271428571428284, 1.204464285714263, 0.8672142857142627, 0.3854285714285657, 0.4817857142856971, 0.3854285714285657, 1.3971785714285656, 0.1445357142856971, 51.06928571428526, 0.3854285714285657, 1.3008214285714343, 51.93649999999956, 51.59924999999956, 0.6263214285714344, 53.14096428571382, 0.1445357142856971, 1.1081071428571314, 1.2526428571428687, 0.28907142857143425, 0.1445357142856971, 0.6263214285714344, 50.92474999999956, 51.45471428571382, 0.5781428571428685, 51.791964285713824, 0.1927142857143029, 51.55107142857096, 0.3854285714285657, 1.1081071428571314, 1.3971785714285656, 0.5299642857143029, 0.2408928571428686, 0.6263214285714344, 0.7708571428571314, 0.9153928571428285, 52.22557142857095, 0.33725, 0.33725, 0.09635714285713139, 0.04817857142856569, 1.3971785714285656, 0.04817857142856569, 0.4817857142856971, 0.04817857142856569, 0.09635714285713139, 1.2526428571428283, 0.09635714285713139, 1.01175, 52.707357142856694, 52.46646428571382, 0.7708571428571314, 0.8672142857142627, 51.406535714285255, 52.37010714285669, 0.09635714285713139, 0.09635714285713139, 0.8672142857142627, 0.7708571428571314, 1.4453571428571315, 0.1445357142856971, 1.2526428571428687, 1.4935357142856969, 0.7226785714285657, 0.7708571428571314, 0.0, 0.7708571428571314, 0.4817857142856971, 0.6745, 0.3854285714285657, 0.33725, 1.349, 0.19271428571426277, 1.3971785714285656, 0.2408928571428686, 0.43360714285713137, 0.1927142857143029, 0.9153928571428687, 52.08103571428526, 51.791964285713824, 0.09635714285713139, 1.349, 0.33725, 0.5781428571428685, 0.09635714285713139, 0.5299642857143029, 2.216214285714263, 52.22557142857095, 0.1445357142856971, 0.09635714285713139, 51.69560714285669, 0.28907142857143425, 0.28907142857143425, 0.43360714285713137, 0.7226785714285657, 1.3971785714285656, 1.349, 0.1927142857143029, 50.53932142857099, 0.5781428571428685, 51.406535714285255, 0.09635714285713139, 51.59924999999956, 0.5781428571428685, 52.61099999999952, 0.5299642857143029, 51.98467857142813, 0.6263214285714344, 51.11746428571382, 0.4817857142856971, 0.1445357142856971, 0.43360714285713137, 0.1927142857143029, 0.43360714285713137, 0.7226785714285657, 0.2408928571428686, 51.84014285714239, 53.189142857142386, 51.93649999999956, 0.09635714285713139, 52.17739285714239, 0.8190357142856971, 0.3854285714285657, 0.04817857142856569, 1.204464285714263, 0.9153928571428285, 0.3854285714285657, 1.1081071428571314, 1.01175, 0.4817857142856971, 0.28907142857143425, 1.5417142857142627, 0.1445357142856971, 0.1445357142856971, 0.6263214285714344, 0.28907142857143425, 0.4817857142856971, 0.5299642857143029, 1.3008214285714343, 53.28549999999952, 52.321928571428124, 0.6745, 1.204464285714263, 52.08103571428526, 0.9153928571428687, 0.0, 51.31017857142812, 51.55107142857096, 52.17739285714239, 0.7708571428571314, 51.93649999999956, 0.19271428571426277, 0.09635714285713139, 1.01175, 0.2408928571428686, 0.1445357142856971, 0.8190357142856971, 0.09635714285713139, 50.97292857142812, 0.8190357142856971, 0.3854285714285657, 1.3971785714285656, 0.1445357142856971, 0.6745, 1.1081071428571314, 0.9635714285714343, 0.1927142857143029, 52.17739285714239, 50.876571428571, 51.35835714285669, 51.16564285714239, 1.2526428571428283, 51.69560714285669, 0.8672142857142627, 0.8672142857142627, 0.04817857142856569, 0.33725, 0.7708571428571314, 0.1445357142856971, 1.3008214285714343, 0.09635714285713139, 1.1081071428571314, 0.4817857142856971, 0.33725, 0.33725, 0.3854285714285657, 0.04817857142856569, 0.09635714285713139, 0.5299642857143029, 0.2408928571428686, 0.04817857142856569, 1.3971785714285656, 0.28907142857143425, 0.33725, 1.4453571428571315, 0.6263214285714344, 0.5781428571428685, 0.04817857142856569, 1.204464285714263, 0.5781428571428685, 0.09635714285713139, 0.09635714285713139, 0.8190357142856971, 1.5417142857142627, 0.19271428571426277, 0.1445357142856971, 0.9153928571428687, 0.5781428571428685, 0.19271428571426277, 0.8190357142856971, 0.09635714285713139, 0.1927142857143029, 0.28907142857143425, 0.1927142857143029, 0.7226785714285657, 0.1445357142856971, 2.553464285714263, 0.43360714285713137, 1.3971785714285656, 0.33725, 1.5898928571428286, 0.19271428571426277, 1.01175, 1.5898928571428286, 0.04817857142856569, 0.8190357142856971, 1.156285714285697, 0.1927142857143029, 0.4817857142856971, 0.28907142857143425, 0.1445357142856971, 0.5781428571428685, 0.0, 0.33725, 0.0, 0.1445357142856971, 0.28907142857143425, 52.94824999999952, 52.90007142857095, 0.04817857142856569, 0.2408928571428686, 0.2408928571428686, 0.7708571428571314, 0.09635714285713139, 0.1927142857143029, 0.8190357142856971, 0.28907142857143425, 0.1445357142856971, 0.9635714285714343, 0.1445357142856971, 0.1927142857143029, 0.5299642857143029, 0.6263214285714344, 1.204464285714263, 1.1081071428571314, 1.204464285714263, 0.28907142857143425, 1.3971785714285656, 0.4817857142856971, 0.1445357142856971, 1.1081071428571314, 0.04817857142856569, 0.1927142857143029, 0.19271428571426277, 0.5299642857143029, 0.43360714285713137, 0.04817857142856569, 0.04817857142856569, 1.3971785714285656, 0.9153928571428687, 0.33725, 1.4935357142856969, 0.5781428571428685, 0.6745, 0.8672142857142627, 0.6263214285714344, 1.0599285714285656, 0.5299642857142628, 1.1081071428571314, 0.6745, 0.3854285714285657, 1.9271428571428284, 0.5781428571428685, 0.33725, 0.09635714285713139, 1.975321428571394, 0.2408928571428686, 0.8190357142856971, 0.04817857142856569, 0.28907142857143425, 0.4817857142856971, 0.04817857142856569, 0.7226785714285657, 0.8190357142856971, 0.7708571428571314, 0.9635714285714343, 1.3971785714285656, 1.349, 0.04817857142856569, 0.6745, 1.6380714285713942, 0.43360714285713137, 0.5299642857143029, 1.2526428571428687, 1.3971785714285656, 0.1927142857143029, 0.5781428571428685, 0.5299642857142628, 0.0, 0.6745, 0.6745, 1.8307857142856971, 0.4817857142856971, 0.3854285714285657, 0.5299642857143029, 0.43360714285713137, 0.2408928571428686, 0.5781428571428685, 0.1445357142856971, 0.7226785714285657, 0.0, 1.4935357142856969, 0.7708571428571314, 0.04817857142856569, 1.8307857142856971, 0.6263214285714344, 0.7226785714285657, 0.5299642857143029, 0.7226785714285657, 0.6745, 0.6745, 0.2408928571428686, 0.19271428571426277, 0.0, 0.33725, 0.28907142857143425, 0.1445357142856971, 0.1445357142856971, 0.7226785714285657, 0.04817857142856569, 0.7226785714285657, 1.1081071428571314, 0.8190357142856971, 0.5781428571428685, 1.2526428571428687, 0.2408928571428686, 0.33725, 0.6263214285714344, 0.2408928571428686, 0.33725, 0.33725, 0.0, 0.09635714285713139, 0.04817857142856569, 1.4935357142856969, 0.1927142857143029, 1.156285714285697, 0.43360714285713137, 0.0, 0.04817857142856569, 0.9153928571428285, 1.4935357142856969, 0.9153928571428285, 0.04817857142856569, 0.1927142857143029, 0.0, 1.3008214285714343, 0.8190357142856971, 0.3854285714285657, 0.33725, 0.43360714285713137, 0.9635714285714343, 0.4817857142856971, 0.8190357142856971, 0.2408928571428686, 0.43360714285713137, 1.2526428571428687, 0.09635714285713139, 0.04817857142856569, 0.5299642857142628, 0.7226785714285657, 0.1445357142856971, 0.8672142857142627, 0.43360714285713137, 0.33725, 0.09635714285713139, 0.0, 0.8190357142856971, 0.3854285714285657, 0.04817857142856569, 0.2408928571428686, 0.43360714285713137, 0.28907142857143425, 0.6745, 0.2408928571428686, 0.33725, 0.3854285714285657, 0.28907142857143425, 0.28907142857143425, 0.04817857142856569, 0.33725, 0.2408928571428686, 0.19271428571426277, 0.7708571428571314, 0.19271428571426277, 1.156285714285697, 0.33725, 0.1927142857143029, 0.8672142857142627, 1.1081071428571314, 0.9153928571428285, 0.33725, 1.156285714285697, 0.28907142857143425, 1.5898928571428286, 0.9153928571428285, 0.6745, 0.2408928571428686, 0.09635714285713139, 1.01175, 0.7226785714285657, 1.3971785714285656, 0.5299642857142628, 1.3008214285714343, 0.28907142857143425, 0.09635714285713139, 0.28907142857143425, 0.43360714285713137, 0.0, 1.3971785714285656, 0.28907142857143425, 0.2408928571428686, 0.09635714285713139, 2.3607500000000003, 0.9635714285714343, 0.8672142857142627, 1.7826071428571313, 0.09635714285713139, 2.5052857142856975, 0.4817857142856971, 1.8789642857142628, 0.3854285714285657, 0.6745, 0.6263214285714344, 0.6745, 0.4817857142856971, 0.09635714285713139, 1.0599285714285656, 0.43360714285713137, 0.1445357142856971, 0.04817857142856569, 0.5299642857143029, 0.9635714285714343, 1.8789642857142628, 0.28907142857143425, 51.55107142857096, 0.7708571428571314, 52.803714285713816, 2.119857142857131, 0.43360714285713137, 0.7226785714285657, 50.876571428571, 51.06928571428526, 0.28907142857143425, 1.5417142857142627, 50.49114285714243, 51.74378571428525, 0.28907142857143425, 0.43360714285713137, 0.5299642857143029, 1.1081071428571314, 52.61099999999952, 0.1445357142856971, 52.12921428571382, 0.5781428571428685, 0.6745, 0.5299642857142628, 0.28907142857143425, 51.45471428571382, 0.43360714285713137, 1.3008214285714343, 0.1927142857143029, 0.7226785714285657, 0.43360714285713137, 51.791964285713824, 52.61099999999952, 0.7708571428571314, 52.90007142857095, 51.98467857142813, 0.5781428571428685, 1.0599285714285656, 52.418285714285254, 0.3854285714285657, 1.204464285714263, 0.0, 0.0, 52.514642857142384, 51.06928571428526, 0.9635714285714343, 1.6380714285714342, 0.33725, 53.815464285713816, 1.3008214285714343, 0.43360714285713137, 0.1445357142856971, 52.032857142856685, 0.9153928571428687, 51.98467857142813, 51.26199999999956, 51.84014285714239, 0.0, 0.0, 0.7226785714285657, 0.8672142857142627, 51.16564285714239, 1.349, 52.418285714285254, 0.09635714285713139, 1.68625, 0.19271428571426277, 51.406535714285255, 0.3854285714285657, 0.3854285714285657, 0.2408928571428686, 1.01175, 50.53932142857099, 51.888321428570954, 0.2408928571428686, 0.1445357142856971, 0.19271428571426277, 0.43360714285713137, 0.6745, 51.93649999999956, 51.021107142856685, 0.9153928571428285, 0.04817857142856569, 51.26199999999956, 1.156285714285697, 2.119857142857131, 0.04817857142856569, 52.17739285714239, 51.213821428570995, 52.61099999999952, 1.349, 0.33725, 0.09635714285713139, 51.84014285714239, 50.58749999999956, 0.5299642857143029, 0.3854285714285657, 0.33725, 1.156285714285697, 0.04817857142856569, 0.4817857142856971, 51.31017857142812, 0.6745, 52.85189285714239, 0.6745, 0.3854285714285657, 0.04817857142856569, 1.204464285714263, 52.418285714285254, 1.5898928571428286, 52.37010714285669, 52.61099999999952, 0.19271428571426277, 53.09278571428525, 51.406535714285255, 0.04817857142856569, 1.01175, 0.7708571428571314, 0.7226785714285657, 50.73203571428525, 52.17739285714239, 0.5781428571428685, 0.5781428571428685, 0.2408928571428686, 0.7708571428571314, 0.9153928571428687, 0.9153928571428687, 52.22557142857095, 1.156285714285697, 0.7708571428571314, 1.01175, 1.6380714285714342, 52.321928571428124, 1.6380714285714342, 51.69560714285669, 0.4817857142856971, 52.418285714285254, 51.84014285714239, 51.31017857142812, 51.84014285714239, 52.94824999999952, 0.43360714285713137, 1.1081071428571314, 1.0599285714285656, 0.19271428571426277, 0.09635714285713139, 0.8190357142856971, 0.9635714285714343, 0.8190357142856971, 0.6745, 0.04817857142856569, 1.5898928571428286, 0.6263214285714344, 0.6263214285714344, 52.61099999999952, 0.7226785714285657, 51.26199999999956, 51.98467857142813, 0.0, 51.11746428571382, 0.3854285714285657, 0.5299642857142628, 51.791964285713824, 0.43360714285713137, 0.9635714285714343, 53.43003571428525, 51.502892857142385, 0.09635714285713139, 51.791964285713824, 0.4817857142856971, 0.43360714285713137, 0.43360714285713137, 52.032857142856685, 51.84014285714239, 0.7226785714285657, 0.33725, 1.8307857142856971, 0.9635714285714343, 0.1927142857143029, 0.7226785714285657, 1.01175, 51.213821428570995, 1.204464285714263, 52.17739285714239, 1.3008214285714343, 51.84014285714239, 51.98467857142813, 1.3008214285714343, 0.1445357142856971, 0.1445357142856971, 0.5299642857143029, 0.9153928571428687, 1.68625, 51.213821428570995, 1.2526428571428687, 0.1445357142856971, 1.1081071428571314, 1.204464285714263, 52.90007142857095, 52.562821428570956, 1.01175, 1.3971785714285656, 0.8672142857142627, 1.156285714285697, 0.3854285714285657, 1.156285714285697, 0.4817857142856971, 0.33725, 0.43360714285713137, 0.33725, 52.273749999999524, 0.1927142857143029, 52.418285714285254, 0.5781428571428685, 0.28907142857143425, 0.5299642857142628, 0.43360714285713137, 1.349, 1.4935357142856969, 51.26199999999956, 51.64742857142812, 0.3854285714285657, 52.22557142857095, 51.26199999999956, 0.43360714285713137, 0.09635714285713139, 52.032857142856685, 51.74378571428525, 52.61099999999952, 1.2526428571428283, 51.791964285713824, 50.25024999999955, 1.01175, 0.3854285714285657, 52.37010714285669, 0.09635714285713139, 51.93649999999956, 50.97292857142812, 0.2408928571428686, 51.69560714285669, 53.189142857142386, 1.349, 52.321928571428124, 1.3971785714285656, 0.8190357142856971, 1.7344285714285657, 0.1927142857143029, 0.28907142857143425, 0.8190357142856971, 1.6380714285714342, 0.8672142857142627, 1.156285714285697, 1.2526428571428283, 0.19271428571426277, 0.9635714285714343, 0.9635714285714343, 0.09635714285713139, 1.2526428571428283, 0.3854285714285657, 0.4817857142856971, 1.01175, 0.9635714285714343, 0.1445357142856971, 0.4817857142856971, 2.168035714285697, 0.2408928571428686, 0.04817857142856569, 0.09635714285713139, 0.6263214285714344, 0.43360714285713137, 0.8672142857142627, 0.28907142857143425, 1.5417142857142627, 52.90007142857095, 0.33725, 51.06928571428526, 0.5299642857143029, 0.7226785714285657, 0.04817857142856569, 0.4817857142856971, 0.2408928571428686, 0.9635714285714343, 0.6745, 51.74378571428525, 0.6745, 0.6263214285714344, 51.791964285713824, 0.2408928571428686, 0.28907142857143425, 0.7708571428571314, 0.09635714285713139, 1.01175, 51.64742857142812, 52.12921428571382, 53.04460714285669, 51.45471428571382, 1.156285714285697, 0.9635714285714343, 1.156285714285697, 0.7708571428571314, 51.69560714285669, 51.59924999999956, 0.7226785714285657, 2.5052857142856975, 53.76728571428526, 52.22557142857095, 0.6745, 0.8190357142856971, 0.5781428571428685, 0.43360714285713137, 0.28907142857143425, 0.43360714285713137, 0.7226785714285657, 0.19271428571426277, 0.04817857142856569, 0.2408928571428686, 1.01175, 0.6745, 0.09635714285713139, 0.9635714285714343, 0.5299642857143029, 1.3971785714285656, 0.9635714285714343, 0.2408928571428686, 0.1445357142856971, 0.04817857142856569, 0.43360714285713137, 0.9635714285714343, 52.46646428571382, 52.17739285714239, 0.43360714285713137, 51.26199999999956, 52.61099999999952, 51.93649999999956, 51.74378571428525, 0.3854285714285657, 0.1445357142856971, 0.33725, 51.021107142856685, 1.4935357142856969, 51.791964285713824, 1.8789642857142628, 0.5299642857142628, 51.888321428570954, 52.90007142857095, 50.97292857142812, 51.791964285713824, 52.032857142856685, 51.502892857142385, 0.33725, 51.59924999999956, 52.90007142857095, 0.1445357142856971, 0.5781428571428685, 0.6745, 0.6745, 0.1445357142856971, 0.8672142857142627, 0.43360714285713137, 0.5781428571428685, 0.1927142857143029, 0.6745, 0.09635714285713139, 0.19271428571426277, 0.09635714285713139, 0.43360714285713137, 0.33725, 0.4817857142856971, 0.09635714285713139, 52.75553571428525, 0.4817857142856971, 51.64742857142812, 0.09635714285713139, 0.09635714285713139, 0.6745, 52.46646428571382, 0.4817857142856971, 0.5781428571428685, 0.6745, 0.2408928571428686, 1.2526428571428687, 51.69560714285669, 51.213821428570995, 52.12921428571382, 0.43360714285713137, 52.321928571428124, 53.71910714285664, 0.5299642857143029, 0.2408928571428686, 0.0, 1.3008214285714343, 0.19271428571426277, 0.33725, 0.1927142857143029, 0.04817857142856569, 0.0, 0.6745, 0.1927142857143029, 1.349, 1.6380714285714342, 0.6745, 1.01175, 0.09635714285713139, 0.3854285714285657, 1.3008214285714343, 0.19271428571426277, 1.2526428571428687, 0.6745, 0.3854285714285657, 1.01175, 0.5781428571428685, 0.6263214285714344, 1.3971785714285656, 0.8672142857142627, 0.1445357142856971, 0.04817857142856569, 0.09635714285713139, 0.4817857142856971, 0.2408928571428686, 0.5299642857142628, 1.204464285714263, 0.4817857142856971, 0.5781428571428685, 0.2408928571428686, 0.1927142857143029, 0.1927142857143029, 0.7708571428571314, 1.975321428571394, 0.6263214285714344, 0.19271428571426277, 1.349, 52.85189285714239, 53.09278571428525, 1.5417142857142627, 52.707357142856694, 1.204464285714263, 0.1445357142856971, 1.4935357142856969, 1.5898928571428286, 0.7226785714285657, 0.28907142857143425, 0.5299642857142628, 0.09635714285713139, 0.2408928571428686, 0.0, 0.09635714285713139, 0.2408928571428686, 0.7226785714285657, 1.0599285714285656, 0.5299642857143029, 0.2408928571428686, 1.1081071428571314, 0.9153928571428687, 0.09635714285713139, 0.43360714285713137, 0.8190357142856971, 0.04817857142856569, 0.4817857142856971, 1.2526428571428283, 0.3854285714285657, 1.0599285714285656, 0.09635714285713139, 0.4817857142856971, 0.1445357142856971, 0.2408928571428686, 0.0, 0.04817857142856569, 0.28907142857143425, 0.09635714285713139, 0.33725, 0.1445357142856971, 0.0, 0.6263214285714344, 1.2526428571428687, 0.09635714285713139, 0.9153928571428687, 1.204464285714263, 0.33725, 0.4817857142856971, 1.0599285714285656, 0.09635714285713139, 52.46646428571382, 0.4817857142856971, 0.2408928571428686, 1.4935357142856969, 0.28907142857143425, 51.35835714285669, 51.93649999999956, 0.0, 52.22557142857095, 1.3971785714285656, 0.7708571428571314, 1.4453571428571315, 51.06928571428526, 0.5781428571428685, 51.888321428570954, 51.69560714285669, 0.7708571428571314, 0.4817857142856971, 1.204464285714263, 0.3854285714285657, 1.0599285714285656, 0.43360714285713137, 0.5299642857143029, 0.04817857142856569, 0.04817857142856569, 1.156285714285697, 0.2408928571428686, 52.273749999999524, 51.84014285714239, 0.3854285714285657, 0.43360714285713137, 0.6263214285714344, 50.876571428571, 0.33725, 1.9271428571428284, 51.26199999999956, 0.28907142857143425, 0.2408928571428686, 1.2526428571428687, 50.63567857142812, 0.7226785714285657, 51.93649999999956, 52.22557142857095, 0.4817857142856971, 52.46646428571382, 0.1445357142856971, 0.04817857142856569, 1.1081071428571314, 1.5898928571428286, 0.1445357142856971, 0.6263214285714344, 0.5781428571428685, 51.888321428570954, 52.22557142857095, 0.2408928571428686, 0.9635714285714343, 0.28907142857143425, 1.156285714285697, 0.2408928571428686, 0.5299642857143029, 52.418285714285254, 51.406535714285255, 51.69560714285669, 0.28907142857143425, 0.4817857142856971, 0.33725, 0.28907142857143425, 1.01175, 52.562821428570956, 0.04817857142856569, 1.4935357142856969, 0.09635714285713139, 0.09635714285713139, 0.9635714285714343, 1.1081071428571314, 0.6263214285714344, 0.1445357142856971, 0.33725, 52.08103571428526, 0.3854285714285657, 0.5299642857143029, 0.33725, 0.09635714285713139, 0.28907142857143425, 51.791964285713824, 0.9635714285714343, 0.28907142857143425, 52.562821428570956, 1.01175, 0.43360714285713137, 1.4935357142856969, 50.82839285714239, 51.69560714285669, 0.7226785714285657, 0.7226785714285657, 0.28907142857143425, 0.3854285714285657, 0.5781428571428685, 0.2408928571428686, 0.33725, 0.7708571428571314, 0.8672142857142627, 0.33725, 0.09635714285713139, 0.09635714285713139, 0.9153928571428687, 0.4817857142856971, 0.43360714285713137, 1.1081071428571314, 0.7226785714285657, 1.1081071428571314, 0.5781428571428685, 0.5781428571428685, 0.2408928571428686, 0.8190357142856971, 0.1445357142856971, 52.37010714285669, 0.33725, 0.1445357142856971, 0.3854285714285657, 0.7708571428571314, 0.19271428571426277, 0.33725, 52.61099999999952, 51.59924999999956, 51.69560714285669, 0.43360714285713137, 52.562821428570956, 52.803714285713816, 0.33725, 52.418285714285254, 53.23732142857095, 0.19271428571426277, 0.4817857142856971, 1.5417142857142627, 0.04817857142856569, 0.8190357142856971, 0.09635714285713139, 0.28907142857143425, 0.2408928571428686, 0.4817857142856971, 1.156285714285697, 0.04817857142856569, 0.43360714285713137, 0.4817857142856971, 0.5781428571428685, 0.6745, 0.5781428571428685, 0.8672142857142627, 0.1927142857143029, 0.1927142857143029, 2.216214285714263, 0.43360714285713137, 0.1927142857143029, 51.31017857142812, 1.3008214285714343, 0.19271428571426277, 1.349, 0.5299642857143029, 0.43360714285713137, 0.7226785714285657, 0.28907142857143425, 0.5781428571428685, 0.33725, 0.7708571428571314, 0.9153928571428687, 0.9635714285714343, 0.9635714285714343, 1.156285714285697, 0.7226785714285657, 0.8190357142856971, 1.4935357142856969, 0.5781428571428685, 0.04817857142856569, 0.9635714285714343, 0.9153928571428687, 0.19271428571426277, 0.3854285714285657, 0.8672142857142627, 1.1081071428571314, 1.349, 0.4817857142856971, 0.2408928571428686, 0.28907142857143425, 0.3854285714285657, 0.5299642857143029, 0.43360714285713137, 0.43360714285713137, 0.4817857142856971, 0.28907142857143425, 0.2408928571428686, 0.1445357142856971, 0.2408928571428686, 0.28907142857143425, 0.9153928571428285, 0.0, 0.7708571428571314, 0.28907142857143425, 0.33725, 0.2408928571428686, 0.04817857142856569, 1.0599285714285656, 0.3854285714285657, 0.9635714285714343, 51.021107142856685, 52.65917857142813, 0.6263214285714344, 1.4453571428571315, 0.5781428571428685, 1.4453571428571315, 0.0, 0.28907142857143425, 0.09635714285713139, 0.7708571428571314, 0.4817857142856971, 0.1927142857143029, 1.2526428571428687, 1.6380714285714342, 0.28907142857143425, 52.321928571428124, 0.1927142857143029, 0.8672142857142627, 0.7708571428571314, 0.28907142857143425, 0.04817857142856569, 0.5299642857143029, 0.1445357142856971, 51.35835714285669, 0.5299642857143029, 0.33725, 52.17739285714239, 1.3971785714285656, 0.5781428571428685, 0.33725, 1.0599285714285656, 0.6263214285714344, 0.28907142857143425, 1.4453571428571315, 0.2408928571428686, 0.8190357142856971, 1.1081071428571314, 0.04817857142856569, 0.0, 0.33725, 0.7226785714285657, 0.6263214285714344, 0.1927142857143029, 0.19271428571426277, 1.0599285714285656, 0.8190357142856971, 0.7708571428571314, 51.021107142856685, 0.7708571428571314, 0.28907142857143425, 54.00817857142808, 0.6263214285714344, 1.156285714285697, 0.09635714285713139, 51.64742857142812, 0.5781428571428685, 1.4935357142856969, 0.3854285714285657, 1.1081071428571314, 0.5299642857143029, 0.7226785714285657, 0.33725, 0.4817857142856971, 0.04817857142856569, 52.46646428571382, 1.01175, 51.69560714285669, 0.8672142857142627, 51.16564285714239, 51.69560714285669, 0.04817857142856569, 0.2408928571428686, 0.33725, 0.2408928571428686, 0.4817857142856971, 1.204464285714263, 0.5781428571428685, 0.4817857142856971, 0.43360714285713137, 0.6263214285714344, 0.8190357142856971, 0.3854285714285657, 0.8672142857142627, 52.94824999999952, 0.6263214285714344, 0.9635714285714343, 0.6263214285714344, 0.6745, 2.312571428571394, 0.7226785714285657, 0.19271428571426277, 0.04817857142856569, 0.09635714285713139, 0.5781428571428685, 0.1927142857143029, 1.1081071428571314, 0.19271428571426277, 0.1927142857143029, 0.1445357142856971, 1.8307857142856971, 52.803714285713816, 0.4817857142856971, 0.28907142857143425, 0.3854285714285657, 1.7344285714285657, 0.28907142857143425, 51.45471428571382, 52.17739285714239, 1.1081071428571314, 0.6745, 0.4817857142856971, 1.204464285714263, 0.1445357142856971, 0.5781428571428685, 0.04817857142856569, 0.09635714285713139, 0.5781428571428685, 0.28907142857143425, 0.8672142857142627, 0.8190357142856971, 1.5898928571428286, 0.6263214285714344, 0.7226785714285657, 0.1927142857143029, 0.1445357142856971, 0.9153928571428687, 1.156285714285697, 0.28907142857143425, 0.7708571428571314, 0.1445357142856971, 0.43360714285713137, 0.43360714285713137, 0.2408928571428686, 1.1081071428571314, 0.2408928571428686, 0.43360714285713137, 0.09635714285713139, 0.9635714285714343, 0.6745, 0.1445357142856971, 0.0, 0.4817857142856971, 51.31017857142812, 0.1445357142856971, 51.55107142857096, 0.7226785714285657, 52.996428571428076, 52.65917857142813, 52.08103571428526, 50.780214285713825, 0.8190357142856971, 0.6263214285714344, 0.2408928571428686, 1.3008214285714343, 0.43360714285713137, 0.1445357142856971, 51.93649999999956, 0.09635714285713139, 52.514642857142384, 51.502892857142385, 52.37010714285669, 1.4935357142856969, 52.17739285714239, 1.3008214285714343, 0.9153928571428687, 0.5299642857142628, 1.01175, 0.5299642857142628, 0.5299642857142628, 0.33725, 1.5417142857142627, 0.6745, 0.6263214285714344, 0.33725, 0.3854285714285657, 0.04817857142856569, 0.28907142857143425, 1.2526428571428687, 0.1445357142856971, 0.43360714285713137, 53.28549999999952, 51.888321428570954, 0.43360714285713137, 50.34660714285669, 52.65917857142813, 51.59924999999956, 51.888321428570954, 0.8190357142856971, 52.37010714285669, 0.04817857142856569, 0.7226785714285657, 1.7344285714285657, 51.98467857142813, 51.59924999999956, 51.59924999999956, 52.61099999999952, 2.457107142857131, 0.1927142857143029, 1.156285714285697, 50.97292857142812, 52.37010714285669, 52.418285714285254, 0.0, 51.64742857142812, 51.26199999999956, 51.502892857142385, 1.156285714285697, 51.502892857142385, 0.9153928571428285, 1.3008214285714343, 0.4817857142856971, 0.2408928571428686, 0.8190357142856971, 0.4817857142856971, 0.6745, 1.1081071428571314, 0.6263214285714344, 0.2408928571428686, 0.1445357142856971, 0.33725, 0.5299642857143029, 0.09635714285713139, 0.3854285714285657, 0.4817857142856971, 0.1927142857143029, 1.3008214285714343, 2.0716785714285657, 0.7708571428571314, 1.156285714285697, 0.4817857142856971, 0.09635714285713139, 2.0235, 1.0599285714285656, 1.3971785714285656, 1.204464285714263, 0.6745, 50.82839285714239, 0.04817857142856569, 53.09278571428525, 52.90007142857095, 0.1445357142856971, 0.2408928571428686, 51.93649999999956, 0.04817857142856569, 0.0, 0.5299642857143029, 52.46646428571382, 52.22557142857095, 51.45471428571382, 1.01175, 2.312571428571394, 0.9153928571428285, 0.4817857142856971, 0.3854285714285657, 1.156285714285697, 0.1927142857143029, 0.4817857142856971, 0.6263214285714344, 0.19271428571426277, 0.7226785714285657, 53.670928571428085, 52.22557142857095, 0.7226785714285657, 52.12921428571382, 51.69560714285669, 0.7708571428571314, 52.996428571428076, 51.93649999999956, 51.98467857142813, 0.7226785714285657, 1.156285714285697, 0.5299642857142628, 0.09635714285713139, 0.2408928571428686, 0.6263214285714344, 0.4817857142856971, 0.2408928571428686, 0.2408928571428686, 0.09635714285713139, 0.28907142857143425, 0.9635714285714343, 0.2408928571428686, 0.28907142857143425, 1.5898928571428286, 0.43360714285713137, 0.1927142857143029, 0.28907142857143425, 0.4817857142856971, 0.3854285714285657, 0.43360714285713137, 0.5781428571428685, 0.1445357142856971, 0.6745, 0.3854285714285657, 0.09635714285713139, 1.7344285714285657, 1.4935357142856969, 0.7708571428571314, 0.1445357142856971, 0.1445357142856971, 0.1927142857143029, 0.9153928571428687, 0.43360714285713137, 0.09635714285713139, 0.8672142857142627, 0.2408928571428686, 0.4817857142856971, 1.1081071428571314, 0.28907142857143425, 0.1445357142856971, 0.04817857142856569, 0.3854285714285657, 0.3854285714285657, 0.7226785714285657, 0.19271428571426277, 0.28907142857143425, 51.35835714285669, 50.876571428571, 1.2526428571428687, 51.59924999999956, 0.28907142857143425, 51.888321428570954, 52.032857142856685, 0.33725, 0.6745, 0.1445357142856971, 0.28907142857143425, 1.01175, 0.2408928571428686, 0.04817857142856569, 0.2408928571428686, 0.7226785714285657, 0.09635714285713139, 1.3971785714285656, 0.5299642857142628, 0.09635714285713139, 0.2408928571428686, 0.28907142857143425, 0.1927142857143029, 0.28907142857143425, 0.8672142857142627, 0.7708571428571314, 1.01175, 0.4817857142856971, 1.0599285714285656, 0.4817857142856971, 0.1445357142856971, 0.5781428571428685, 0.1445357142856971, 0.43360714285713137, 0.9635714285714343, 0.1927142857143029, 0.04817857142856569, 52.418285714285254, 0.04817857142856569, 0.1445357142856971, 52.12921428571382, 52.08103571428526, 0.2408928571428686, 0.1445357142856971, 0.43360714285713137, 0.9153928571428687, 52.032857142856685, 0.28907142857143425, 0.04817857142856569, 51.502892857142385, 0.8672142857142627, 0.3854285714285657, 1.3008214285714343, 0.4817857142856971, 0.09635714285713139, 0.43360714285713137, 0.1445357142856971, 51.791964285713824, 0.1445357142856971, 53.09278571428525, 51.84014285714239, 1.6380714285714342, 1.0599285714285656, 1.5417142857142627, 0.3854285714285657, 0.2408928571428686, 0.09635714285713139, 51.84014285714239, 51.84014285714239, 51.45471428571382, 2.119857142857131, 51.59924999999956, 1.204464285714263, 0.04817857142856569, 1.01175, 0.1445357142856971, 0.5299642857143029, 0.4817857142856971, 0.04817857142856569, 1.1081071428571314, 0.6745, 1.4935357142856969, 0.3854285714285657, 0.1927142857143029, 52.08103571428526, 0.5299642857143029, 52.803714285713816, 51.74378571428525, 0.19271428571426277, 0.1445357142856971, 1.4453571428571315, 1.204464285714263, 2.36074999999996, 1.5417142857142627, 0.33725, 0.33725, 0.04817857142856569, 51.791964285713824, 1.349, 0.28907142857143425, 52.17739285714239, 0.33725, 52.08103571428526, 51.888321428570954, 0.3854285714285657, 0.33725, 0.1927142857143029, 0.04817857142856569, 0.5781428571428685, 0.3854285714285657, 1.0599285714285656, 0.4817857142856971, 1.0599285714285656, 0.1445357142856971, 1.204464285714263, 0.33725, 0.8190357142856971, 0.6263214285714344, 0.5299642857142628, 0.9635714285714343, 0.1927142857143029, 0.8190357142856971, 0.43360714285713137, 0.6745, 0.09635714285713139, 0.04817857142856569, 0.3854285714285657, 53.95999999999952, 53.95999999999952, 0.1445357142856971, 50.780214285713825, 0.3854285714285657, 0.4817857142856971, 51.74378571428525, 51.16564285714239, 0.7226785714285657, 0.4817857142856971, 0.3854285714285657, 0.8190357142856971, 0.6745, 1.204464285714263, 0.8190357142856971, 1.156285714285697, 0.33725, 1.156285714285697, 0.09635714285713139, 0.8672142857142627, 0.4817857142856971, 0.3854285714285657, 0.9635714285714343, 0.4817857142856971, 1.01175, 0.33725, 0.3854285714285657, 0.04817857142856569, 0.3854285714285657, 0.28907142857143425, 0.09635714285713139, 1.3971785714285656, 0.6263214285714344, 1.68625, 0.9635714285714343, 1.2526428571428687, 0.5299642857143029, 0.0, 0.6745, 0.3854285714285657, 1.0599285714285656, 0.1445357142856971, 1.3008214285714343, 0.5299642857143029, 1.5417142857142627, 1.3008214285714343, 51.74378571428525, 1.8307857142856971, 0.28907142857143425, 52.46646428571382, 0.33725, 0.33725, 0.8672142857142627, 0.4817857142856971, 0.1445357142856971, 0.1445357142856971, 0.04817857142856569, 0.3854285714285657, 0.28907142857143425, 0.1927142857143029, 0.5299642857143029, 0.3854285714285657, 0.04817857142856569, 0.8672142857142627, 0.6745, 0.09635714285713139, 0.9153928571428687, 0.04817857142856569, 1.156285714285697, 0.3854285714285657, 0.04817857142856569, 52.46646428571382, 1.0599285714285656, 0.33725, 0.1445357142856971, 0.1445357142856971, 0.3854285714285657, 1.4453571428571315, 0.33725, 0.1445357142856971, 0.2408928571428686, 1.0599285714285656, 1.5417142857142627, 0.4817857142856971, 0.2408928571428686, 1.156285714285697, 0.7708571428571314, 0.33725, 0.0, 0.1927142857143029, 0.8190357142856971, 0.3854285714285657, 0.1445357142856971, 0.04817857142856569, 0.3854285714285657, 1.156285714285697, 0.8190357142856971, 0.4817857142856971, 0.7226785714285657, 0.7226785714285657, 0.9635714285714343, 0.6263214285714344, 0.7226785714285657, 1.0599285714285656, 0.04817857142856569, 0.7708571428571314, 0.6745, 52.37010714285669, 0.43360714285713137, 52.46646428571382, 1.204464285714263, 1.349, 0.6263214285714344, 0.04817857142856569, 0.5299642857142628, 0.7226785714285657, 0.09635714285713139, 0.09635714285713139, 0.8190357142856971, 0.8190357142856971, 0.04817857142856569, 0.33725, 52.75553571428525, 51.31017857142812, 0.3854285714285657, 0.7708571428571314, 0.7226785714285657, 52.273749999999524, 52.996428571428076, 52.37010714285669, 52.37010714285669, 0.4817857142856971, 0.04817857142856569, 0.6263214285714344, 0.3854285714285657, 1.204464285714263, 0.5299642857143029, 0.6745, 52.803714285713816, 52.273749999999524, 0.7708571428571314, 0.7226785714285657, 0.5299642857143029, 51.93649999999956, 0.33725, 52.707357142856694, 53.33367857142809, 0.1927142857143029, 1.2526428571428687, 52.08103571428526, 1.156285714285697, 53.09278571428525, 51.06928571428526, 52.032857142856685, 1.3008214285714343, 0.6745, 51.74378571428525, 52.032857142856685, 0.33725, 51.791964285713824, 52.85189285714239, 0.9153928571428687, 0.1445357142856971, 0.3854285714285657, 0.9635714285714343, 52.418285714285254, 1.156285714285697, 0.33725, 0.09635714285713139, 0.2408928571428686, 1.4935357142856969, 0.28907142857143425, 1.4935357142856969, 0.43360714285713137, 0.8190357142856971, 0.09635714285713139, 0.1445357142856971, 0.43360714285713137, 0.6745, 0.8672142857142627, 1.1081071428571314, 1.349, 0.8190357142856971, 0.5781428571428685, 0.04817857142856569, 1.3971785714285656, 0.1445357142856971, 0.09635714285713139, 0.1927142857143029, 0.3854285714285657, 1.01175, 1.0599285714285656, 0.19271428571426277, 0.6263214285714344, 0.1445357142856971, 0.1445357142856971, 1.5898928571428286, 0.1445357142856971, 1.0599285714285656, 0.8190357142856971, 0.19271428571426277, 0.43360714285713137, 0.5299642857143029, 0.6263214285714344, 0.09635714285713139, 0.8190357142856971, 0.6263214285714344, 1.4935357142856969, 1.204464285714263, 0.7226785714285657, 0.6745, 0.28907142857143425, 0.7708571428571314, 0.04817857142856569, 0.3854285714285657, 51.213821428570995, 1.3971785714285656, 51.021107142856685, 0.4817857142856971, 0.6263214285714344, 0.5781428571428685, 0.1445357142856971, 0.19271428571426277, 0.33725, 0.8190357142856971, 0.04817857142856569, 52.85189285714239, 52.12921428571382, 52.08103571428526, 0.6745, 51.74378571428525, 52.90007142857095, 1.68625, 0.09635714285713139, 0.2408928571428686, 0.1927142857143029, 0.6263214285714344, 0.1445357142856971, 0.1445357142856971, 0.28907142857143425, 0.33725, 0.1445357142856971, 52.418285714285254, 0.5299642857143029, 0.2408928571428686, 1.3971785714285656, 0.4817857142856971, 0.5781428571428685, 0.28907142857143425, 0.0, 1.0599285714285656, 0.3854285714285657, 0.7708571428571314, 0.2408928571428686, 0.1445357142856971, 51.31017857142812, 51.35835714285669, 51.74378571428525, 0.8190357142856971, 0.28907142857143425, 0.0, 53.09278571428525, 1.3971785714285656, 51.93649999999956, 0.04817857142856569, 1.3008214285714343, 0.1445357142856971, 1.3971785714285656, 0.5781428571428685, 0.2408928571428686, 0.1445357142856971, 0.4817857142856971, 1.156285714285697, 0.2408928571428686, 0.0, 0.3854285714285657, 0.8190357142856971, 0.09635714285713139, 1.3008214285714343, 0.5299642857143029, 1.7344285714285657, 0.1445357142856971, 52.707357142856694, 51.84014285714239, 0.4817857142856971, 52.22557142857095, 0.0, 1.3971785714285656, 0.6745, 52.12921428571382, 52.273749999999524, 51.84014285714239, 51.021107142856685, 0.4817857142856971, 0.3854285714285657, 0.04817857142856569, 51.406535714285255, 0.6263214285714344, 0.19271428571426277, 0.43360714285713137, 0.8672142857142627, 0.0, 0.1927142857143029, 0.2408928571428686, 0.5299642857142628, 0.7226785714285657, 0.7226785714285657, 1.7344285714285657, 0.7708571428571314, 51.64742857142812, 0.2408928571428686, 1.01175, 0.8672142857142627, 52.12921428571382, 0.1927142857143029, 52.37010714285669, 0.5781428571428685, 51.93649999999956, 52.46646428571382, 0.3854285714285657, 52.22557142857095, 0.09635714285713139, 52.562821428570956, 52.514642857142384, 0.2408928571428686, 52.803714285713816, 0.3854285714285657, 0.9635714285714343, 0.8672142857142627, 0.19271428571426277, 1.2526428571428687, 52.514642857142384, 51.11746428571382, 51.84014285714239, 0.8190357142856971, 51.59924999999956, 51.59924999999956, 0.3854285714285657, 52.514642857142384, 52.46646428571382, 52.75553571428525, 52.273749999999524, 1.01175, 52.46646428571382, 51.021107142856685, 0.4817857142856971, 0.3854285714285657, 1.1081071428571314, 52.514642857142384, 52.37010714285669, 52.321928571428124, 50.68385714285669, 52.996428571428076, 0.0, 0.4817857142856971, 0.5299642857143029, 0.4817857142856971, 0.5299642857143029, 0.6263214285714344, 1.3971785714285656, 1.0599285714285656, 1.4935357142856969, 0.3854285714285657, 0.0, 52.032857142856685, 0.2408928571428686, 53.76728571428526, 51.406535714285255, 52.707357142856694, 52.418285714285254, 51.59924999999956, 52.707357142856694, 52.46646428571382, 53.09278571428525, 51.31017857142812, 0.4817857142856971, 0.0, 52.46646428571382, 52.08103571428526, 52.273749999999524, 0.8190357142856971, 51.31017857142812, 1.204464285714263, 0.1445357142856971, 0.9635714285714343, 2.168035714285697, 0.1927142857143029, 51.74378571428525, 51.59924999999956, 52.707357142856694, 51.45471428571382, 52.032857142856685, 0.09635714285713139, 52.12921428571382, 0.6745, 0.2408928571428686, 0.9635714285714343, 0.2408928571428686, 0.04817857142856569, 0.09635714285713139, 1.2526428571428687, 0.04817857142856569, 0.09635714285713139, 1.8789642857142628, 52.562821428570956, 52.08103571428526, 0.8672142857142627, 0.5781428571428685, 0.19271428571426277, 0.4817857142856971, 0.1445357142856971, 52.85189285714239, 0.0, 51.74378571428525, 0.28907142857143425, 0.6263214285714344, 0.9635714285714343, 0.04817857142856569, 0.1927142857143029, 0.28907142857143425, 53.815464285713816, 1.2526428571428687, 0.2408928571428686, 1.0599285714285656, 0.3854285714285657, 0.1445357142856971, 0.7708571428571314, 52.65917857142813, 1.4453571428571315, 0.8672142857142627, 0.09635714285713139, 1.204464285714263, 1.7826071428571313, 0.6745, 1.2526428571428687, 0.1927142857143029, 52.85189285714239, 0.5781428571428685, 0.4817857142856971, 1.3008214285714343, 0.1445357142856971, 0.3854285714285657, 0.2408928571428686, 52.22557142857095, 0.33725, 0.1927142857143029, 52.17739285714239, 52.46646428571382, 51.69560714285669, 0.28907142857143425, 0.43360714285713137, 0.5299642857143029, 0.2408928571428686, 0.8672142857142627, 0.28907142857143425, 0.0, 0.6745, 52.75553571428525, 52.803714285713816, 1.8307857142856971, 51.45471428571382, 0.3854285714285657, 0.1445357142856971, 1.1081071428571314, 0.33725, 0.33725, 0.8190357142856971, 0.3854285714285657, 51.791964285713824, 0.1445357142856971, 0.6263214285714344, 52.12921428571382, 52.032857142856685, 0.1445357142856971, 52.707357142856694, 0.7226785714285657, 51.16564285714239, 51.55107142857096, 0.3854285714285657, 0.7226785714285657, 51.31017857142812, 0.09635714285713139, 0.0, 0.5781428571428685, 1.8789642857142628, 0.8190357142856971, 52.22557142857095, 52.17739285714239, 0.28907142857143425, 0.33725, 0.3854285714285657, 0.9635714285714343, 0.4817857142856971, 0.6263214285714344, 0.19271428571426277, 0.5299642857143029, 0.2408928571428686, 0.19271428571426277, 0.4817857142856971, 0.1445357142856971, 0.6745, 0.5781428571428685, 0.09635714285713139, 0.6745, 0.3854285714285657, 0.4817857142856971, 52.17739285714239, 0.6745, 52.032857142856685, 53.09278571428525, 52.418285714285254, 0.28907142857143425, 53.381857142856646, 51.791964285713824, 0.9153928571428687, 52.321928571428124, 0.09635714285713139, 0.4817857142856971, 0.43360714285713137, 0.9153928571428687, 51.74378571428525, 0.9635714285714343, 0.5781428571428685, 51.74378571428525, 0.5781428571428685, 0.4817857142856971, 1.3008214285714343, 1.1081071428571314, 0.7226785714285657, 0.5781428571428685, 1.5417142857142627, 1.3008214285714343, 0.43360714285713137, 1.4453571428571315, 0.1927142857143029, 1.5898928571428286, 1.5898928571428286, 0.1445357142856971, 2.216214285714263, 0.5781428571428685, 0.1927142857143029, 51.888321428570954, 1.349, 1.8789642857142628, 51.06928571428526, 52.514642857142384, 52.61099999999952, 51.98467857142813, 0.43360714285713137, 0.8190357142856971, 0.28907142857143425, 1.204464285714263, 51.213821428570995, 1.204464285714263, 0.7226785714285657, 0.04817857142856569, 52.37010714285669, 1.01175, 0.7226785714285657, 0.5781428571428685, 0.9153928571428687, 1.349, 0.6745, 1.5417142857142627, 0.09635714285713139, 1.349, 1.8307857142856971, 1.975321428571394, 0.04817857142856569, 0.6263214285714344, 51.93649999999956, 50.73203571428525, 0.2408928571428686, 51.35835714285669, 0.4817857142856971, 0.4817857142856971, 0.4817857142856971, 0.3854285714285657, 1.01175, 0.1445357142856971, 1.3008214285714343, 0.04817857142856569, 0.9153928571428285, 0.04817857142856569, 0.4817857142856971, 0.5299642857143029, 0.9153928571428687, 0.33725, 0.09635714285713139, 0.43360714285713137, 1.6380714285714342, 1.6380714285714342, 0.6263214285714344, 1.349, 0.09635714285713139, 0.2408928571428686, 1.5898928571428286, 0.3854285714285657, 1.01175, 0.28907142857143425, 2.216214285714263, 0.28907142857143425, 0.1445357142856971, 1.4453571428571315, 0.5781428571428685, 1.156285714285697, 0.3854285714285657, 0.1445357142856971, 0.6745, 0.7226785714285657, 52.22557142857095, 50.49114285714243, 0.1927142857143029, 0.33725, 0.5299642857143029, 0.1927142857143029, 1.1081071428571314, 0.7708571428571314, 0.09635714285713139, 0.04817857142856569, 52.90007142857095, 52.46646428571382, 51.98467857142813, 51.84014285714239, 1.0599285714285656, 0.6263214285714344, 0.09635714285713139, 0.19271428571426277, 51.84014285714239, 52.61099999999952, 0.9153928571428687, 0.3854285714285657, 52.562821428570956, 1.1081071428571314, 0.33725, 0.33725, 0.09635714285713139, 0.5299642857142628, 1.156285714285697, 0.1445357142856971, 0.19271428571426277, 51.213821428570995, 1.3008214285714343, 0.9635714285714343, 0.0, 0.3854285714285657, 1.0599285714285656, 0.43360714285713137, 0.09635714285713139, 1.2526428571428687, 0.6263214285714344, 0.9635714285714343, 1.1081071428571314, 0.7226785714285657, 0.19271428571426277, 1.3971785714285656, 1.1081071428571314, 52.12921428571382, 0.7708571428571314, 0.1927142857143029, 0.9635714285714343, 0.3854285714285657, 52.032857142856685, 50.97292857142812, 1.349, 0.4817857142856971, 0.0, 0.9153928571428687, 0.09635714285713139, 0.8672142857142627, 0.19271428571426277, 0.4817857142856971, 51.84014285714239, 0.5299642857143029, 0.43360714285713137, 52.90007142857095, 0.43360714285713137, 1.0599285714285656, 52.032857142856685, 52.562821428570956, 51.69560714285669, 0.4817857142856971, 52.562821428570956, 0.7708571428571314, 52.75553571428525, 0.6745, 1.0599285714285656, 51.06928571428526, 0.33725, 53.95999999999952, 0.1927142857143029, 0.7226785714285657, 1.0599285714285656, 51.888321428570954, 0.6263214285714344, 0.8190357142856971, 51.26199999999956, 52.17739285714239, 51.74378571428525, 0.1927142857143029, 1.7344285714285657, 0.3854285714285657, 0.7226785714285657, 0.3854285714285657, 1.156285714285697, 0.3854285714285657, 0.5781428571428685, 52.418285714285254, 0.09635714285713139, 0.43360714285713137, 1.3008214285714343, 0.4817857142856971, 0.8672142857142627, 0.09635714285713139, 0.2408928571428686, 0.2408928571428686, 0.19271428571426277, 0.04817857142856569, 0.5781428571428685, 0.1927142857143029, 0.6745, 0.28907142857143425, 0.43360714285713137, 0.43360714285713137, 0.09635714285713139, 0.1445357142856971, 1.156285714285697, 0.09635714285713139, 1.349, 0.28907142857143425, 0.43360714285713137, 0.3854285714285657, 0.6263214285714344, 0.2408928571428686, 1.7344285714285657, 1.9271428571428284, 0.19271428571426277, 0.7708571428571314, 0.5299642857143029, 1.1081071428571314, 1.5417142857142627, 1.3971785714285656, 0.28907142857143425, 0.4817857142856971, 1.7344285714285657, 0.8190357142856971, 0.5299642857143029, 0.09635714285713139, 0.19271428571426277, 0.19271428571426277, 0.1445357142856971, 0.5299642857142628, 0.9635714285714343, 0.2408928571428686, 0.1445357142856971, 0.7226785714285657, 0.7226785714285657, 0.09635714285713139, 0.3854285714285657, 0.33725, 0.2408928571428686, 0.09635714285713139, 1.1081071428571314, 0.5781428571428685, 0.5781428571428685, 0.0, 0.2408928571428686, 1.4453571428571315, 0.1445357142856971, 0.6263214285714344, 1.4453571428571315, 51.213821428570995, 52.12921428571382, 1.156285714285697, 0.28907142857143425, 52.032857142856685, 51.59924999999956, 0.6263214285714344, 0.9635714285714343, 0.1927142857143029, 0.6745, 52.90007142857095, 0.04817857142856569, 0.28907142857143425, 0.28907142857143425, 0.2408928571428686, 0.04817857142856569, 0.5299642857142628, 0.09635714285713139, 0.09635714285713139, 0.7708571428571314, 0.5781428571428685, 0.8672142857142627, 0.9153928571428285, 0.43360714285713137, 0.5781428571428685, 0.2408928571428686, 0.5781428571428685, 0.28907142857143425, 0.8190357142856971, 0.8190357142856971, 0.43360714285713137, 0.2408928571428686, 0.8190357142856971, 1.3008214285714343, 0.0, 1.0599285714285656, 1.156285714285697, 0.33725, 0.8672142857142627, 0.3854285714285657, 0.7226785714285657, 0.43360714285713137, 0.1445357142856971, 0.3854285714285657, 0.2408928571428686, 0.43360714285713137, 0.5781428571428685, 0.1445357142856971, 0.4817857142856971, 1.2526428571428687, 0.5781428571428685, 0.33725, 0.33725, 0.09635714285713139, 0.19271428571426277, 0.5781428571428685, 0.1445357142856971, 0.1927142857143029, 1.6380714285714342, 0.2408928571428686, 1.0599285714285656, 0.04817857142856569, 0.5781428571428685, 0.09635714285713139, 0.9635714285714343, 0.28907142857143425, 52.12921428571382, 0.7226785714285657, 52.08103571428526, 0.2408928571428686, 0.6745, 1.204464285714263, 51.31017857142812, 0.1445357142856971, 52.75553571428525, 0.4817857142856971, 1.156285714285697, 0.5781428571428685, 0.43360714285713137, 0.33725, 0.5781428571428685, 1.0599285714285656, 0.8672142857142627, 0.8672142857142627, 0.1927142857143029, 0.3854285714285657, 1.2526428571428687, 0.5299642857143029, 0.43360714285713137, 0.33725, 0.6263214285714344, 0.43360714285713137, 1.6380714285713942, 0.2408928571428686, 0.6745, 0.6745, 0.9635714285714343, 0.1927142857143029, 1.3971785714285656, 1.0599285714285656, 1.0599285714285656, 0.3854285714285657, 1.0599285714285656, 0.9153928571428285, 0.09635714285713139, 0.04817857142856569, 1.7344285714285657, 0.2408928571428686, 0.3854285714285657, 0.3854285714285657, 0.28907142857143425, 0.2408928571428686, 0.28907142857143425, 0.43360714285713137, 0.8672142857142627, 0.28907142857143425, 0.04817857142856569, 0.3854285714285657, 0.6745, 0.9153928571428285, 0.2408928571428686, 1.156285714285697, 0.9153928571428687, 0.4817857142856971, 0.5299642857142628, 0.1927142857143029, 0.6263214285714344, 0.33725, 0.2408928571428686, 0.09635714285713139, 1.0599285714285656, 0.43360714285713137, 0.43360714285713137, 0.4817857142856971, 0.28907142857143425, 0.8672142857142627, 0.8672142857142627, 0.1927142857143029, 0.04817857142856569, 1.2526428571428687, 0.7708571428571314, 0.5781428571428685, 0.09635714285713139, 0.7708571428571314, 0.5299642857142628, 0.6263214285714344, 0.6745, 1.1081071428571314, 1.0599285714285656, 0.09635714285713139, 0.9635714285714343, 1.0599285714285656, 0.6745, 0.4817857142856971, 0.5781428571428685, 53.09278571428525, 51.69560714285669, 52.514642857142384, 51.502892857142385, 52.12921428571382, 51.69560714285669, 52.85189285714239, 52.90007142857095, 52.90007142857095, 37.84300000000085, 38.837000000000884, 37.275000000000844, 38.198000000000874, 38.766000000000886, 37.80750000000085, 38.55300000000088, 38.51750000000088, 38.872500000000876, 38.48200000000089, 37.84300000000085, 0.7099999999999969, 0.03549999999999689, 1.2425000000000093, 1.0650000000000248, 0.07100000000002334, 0.14199999999998755, 0.6390000000000031, 1.4910000000000172, 0.28400000000000464, 0.6745, 37.48800000000085, 38.58850000000088, 0.14199999999998755, 1.562000000000011, 0.14199999999998755, 0.5325000000000124, 37.52350000000085, 38.48200000000089, 0.5325000000000124, 0.28400000000000464, 38.58850000000088, 37.55900000000084, 39.0145000000009, 0.4259999999999922, 38.51750000000088, 37.84300000000085, 37.63000000000087, 37.73650000000086, 38.30450000000087, 37.914000000000875, 39.0145000000009, 38.55300000000088, 38.62400000000087, 39.12100000000088, 38.695000000000896, 38.44650000000088, 0.6035000000000063, 39.08550000000089, 37.80750000000085, 0.0, 0.07099999999999378, 0.5680000000000093, 0.8165000000000171, 0.6035000000000063, 0.10650000000002022, 1.1005000000000218, 0.0, 0.49700000000001554, 1.1005000000000218, 0.4259999999999922, 0.39049999999999535, 0.9230000000000077, 0.03549999999999689, 0.4259999999999922, 38.34000000000086, 39.33400000000089, 0.5680000000000093, 0.28400000000000464, 38.62400000000087, 37.77200000000086, 38.837000000000884, 0.6390000000000031, 0.07100000000002334, 0.4259999999999922, 0.6035000000000063, 38.198000000000874, 37.985000000000866, 0.46149999999998914, 38.695000000000896, 1.1005000000000218, 38.34000000000086, 38.020500000000865, 0.887500000000011, 0.03549999999999689, 0.5325000000000124, 1.1715000000000155, 0.24850000000000777, 0.7455000000000233, 0.46149999999998914, 0.10650000000002022, 0.6035000000000358, 0.14199999999998755, 0.9940000000000015, 0.3905000000000249, 0.9230000000000373, 0.24850000000000777, 39.582500000000906, 0.07099999999999378, 0.1420000000000171, 0.07099999999999378, 0.887500000000011, 0.5325000000000124, 0.07099999999999378, 0.39049999999999535, 0.0, 0.49700000000001554, 0.31950000000003115, 0.10650000000002022, 0.31950000000000156, 37.73650000000086, 0.03549999999999689, 38.41100000000086, 38.41100000000086, 0.887500000000011, 38.48200000000089, 37.84300000000085, 0.35500000000002796, 0.1420000000000171, 1.0650000000000248, 0.5325000000000124, 0.5680000000000093, 0.6035000000000063, 0.5680000000000093, 0.39049999999999535, 0.28400000000000464, 37.63000000000087, 37.70100000000087, 0.9585000000000047, 38.62400000000087, 36.77800000000082, 1.2425000000000093, 0.03549999999999689, 0.10650000000002022, 0.17750000000001398, 0.03549999999999689, 0.5680000000000093, 1.2425000000000093, 0.852000000000014, 1.2070000000000125, 38.73050000000089, 37.914000000000875, 0.0, 39.15650000000088, 38.34000000000086, 0.10650000000002022, 0.24850000000000777, 0.03549999999999689, 0.42600000000002175, 39.12100000000088, 38.766000000000886, 0.49700000000001554, 37.63000000000087, 37.70100000000087, 0.5325000000000124, 0.10649999999999067, 0.35499999999999843, 38.020500000000865, 37.52350000000085, 37.985000000000866, 0.17749999999998445, 0.7810000000000201, 37.70100000000087, 38.056000000000864, 38.766000000000886, 0.5680000000000093, 0.14199999999998755, 0.5680000000000093, 0.5325000000000124, 0.39049999999999535, 0.14199999999998755, 0.17749999999998445, 1.1005000000000218, 0.28400000000000464, 0.14199999999998755, 0.07099999999999378, 0.6390000000000327, 0.28400000000000464, 38.58850000000088, 0.17749999999998445, 0.14199999999998755, 0.07100000000002334, 0.6745, 0.35499999999999843, 0.5325000000000124, 0.39049999999999535, 38.837000000000884, 0.07100000000002334, 0.7810000000000201, 0.39049999999999535, 38.51750000000088, 38.127000000000855, 1.6330000000000342, 38.41100000000086, 38.55300000000088, 38.30450000000087, 0.28400000000000464, 1.4200000000000232, 0.07100000000002334, 0.03549999999999689, 37.59450000000084, 0.5680000000000093, 0.7099999999999969, 0.10650000000002022, 0.31950000000000156, 0.21299999999998134, 0.03549999999999689, 1.1360000000000186, 38.091500000000856, 37.48800000000085, 0.3905000000000249, 0.7454999999999937, 0.03549999999999689, 38.30450000000087, 37.77200000000086, 0.5680000000000093, 0.1420000000000171, 0.31950000000000156, 0.17750000000001398, 0.07099999999999378, 0.7455000000000233, 0.10649999999999067, 0.42600000000002175, 37.52350000000085, 0.21300000000001088, 38.34000000000086, 1.1715000000000155, 0.21299999999998134, 38.16250000000088, 0.31950000000003115, 0.28400000000000464, 0.03549999999999689, 0.5680000000000093, 0.07099999999999378, 0.6745, 38.020500000000865, 37.77200000000086, 0.07100000000002334, 0.5325000000000124, 1.1005000000000218, 37.66550000000086, 37.985000000000866, 38.65950000000087, 1.1360000000000186, 38.26900000000087, 0.7099999999999969, 0.5325000000000124, 38.48200000000089, 0.17750000000001398, 1.171500000000045, 0.9230000000000077, 0.35499999999999843, 0.5325000000000124, 0.07099999999999378, 0.887500000000011, 1.0650000000000248, 1.029500000000028, 0.39049999999999535, 0.10649999999999067, 1.0650000000000248, 0.5325000000000124, 0.7454999999999937, 0.4259999999999922, 0.42600000000002175, 0.03549999999999689, 0.35499999999999843, 37.55900000000084, 0.852000000000014, 0.10649999999999067, 0.8165000000000171, 0.21299999999998134, 38.48200000000089, 37.84300000000085, 38.37550000000086, 0.887500000000011, 0.03549999999999689, 38.198000000000874, 37.985000000000866, 1.2425000000000093, 0.9230000000000077, 0.31950000000000156, 0.07099999999999378, 0.10649999999999067, 0.49700000000001554, 0.31950000000000156, 0.35499999999999843, 38.766000000000886, 0.6745, 1.0650000000000248, 0.24850000000000777, 38.837000000000884, 0.4615000000000187, 38.943500000000874, 37.949500000000874, 38.16250000000088, 38.26900000000087, 0.21300000000001088, 0.852000000000014, 0.9940000000000015, 0.14199999999998755, 0.07099999999999378, 0.28400000000000464, 0.31950000000003115, 38.091500000000856, 0.10650000000002022, 0.14199999999998755, 0.6745, 0.21299999999998134, 0.24850000000000777, 0.31950000000000156, 0.852000000000014, 38.056000000000864, 38.801500000000885, 0.1420000000000171, 0.21299999999998134, 0.35499999999999843, 0.10649999999999067, 0.31950000000003115, 0.9230000000000077, 38.44650000000088, 0.03549999999999689, 38.62400000000087, 0.03549999999999689, 0.21300000000001088, 0.03549999999999689, 38.26900000000087, 0.6745, 0.03549999999999689, 0.7099999999999969, 38.34000000000086, 1.1005000000000218, 0.7810000000000201, 0.10650000000002022, 0.5325000000000124, 38.62400000000087, 38.65950000000087, 37.84300000000085, 39.760000000000886, 0.0, 0.5680000000000093, 0.35499999999999843, 0.6035000000000063, 0.10650000000002022, 0.6745, 1.1360000000000186, 38.44650000000088, 0.7810000000000201, 38.16250000000088, 38.34000000000086, 0.4259999999999922, 37.239500000000845, 38.23350000000087, 0.39049999999999535, 0.03549999999999689, 38.62400000000087, 0.21299999999998134, 38.127000000000855, 0.6390000000000327, 1.029500000000028, 0.5680000000000093, 0.07100000000002334, 0.5680000000000093, 37.949500000000874, 38.091500000000856, 0.31950000000000156, 38.30450000000087, 38.51750000000088, 1.5975000000000374, 38.872500000000876, 38.943500000000874, 0.21299999999998134, 37.59450000000084, 0.46149999999998914, 0.46149999999998914, 37.949500000000874, 38.056000000000864, 0.7455000000000233, 0.6745, 1.3135000000000325, 0.10649999999999067, 0.17749999999998445, 0.21300000000001088, 1.029500000000028, 0.10649999999999067, 0.21299999999998134, 0.21300000000001088, 0.28400000000000464, 0.10650000000002022, 0.6390000000000031, 37.70100000000087, 0.6035000000000063, 37.84300000000085, 38.16250000000088, 0.17749999999998445, 0.6745, 0.17749999999998445, 0.7454999999999937, 1.1715000000000155, 0.17749999999998445, 0.1420000000000171, 37.41700000000086, 37.63000000000087, 37.52350000000085, 0.10649999999999067, 37.41700000000086, 0.17749999999998445, 0.24850000000000777, 0.5325000000000124, 0.35500000000002796, 0.9230000000000077, 0.6390000000000031, 37.062000000000836, 0.21299999999998134, 0.4615000000000187, 0.28400000000000464, 0.6390000000000031, 38.48200000000089, 38.55300000000088, 38.55300000000088, 37.41700000000086, 37.062000000000836, 0.49700000000001554, 37.38150000000086, 0.10650000000002022, 1.4555000000000202, 0.5680000000000093, 37.949500000000874, 39.08550000000089, 38.37550000000086, 0.24850000000000777, 0.49700000000001554, 0.6745, 0.852000000000014, 0.17749999999998445, 1.4200000000000232, 0.24850000000000777, 1.3490000000000295, 0.21299999999998134, 0.14199999999998755, 0.14199999999998755, 0.03549999999999689, 0.21299999999998134, 0.42600000000002175, 38.23350000000087, 37.55900000000084, 38.091500000000856, 1.1715000000000155, 37.949500000000874, 0.887500000000011, 0.6745, 38.198000000000874, 38.091500000000856, 38.30450000000087, 1.1360000000000186, 0.4259999999999922, 1.0650000000000248, 0.0, 38.51750000000088, 38.37550000000086, 0.07099999999999378, 0.14199999999998755, 37.914000000000875, 37.13300000000085, 38.943500000000874, 37.239500000000845, 38.55300000000088, 37.63000000000087, 0.24850000000000777, 37.275000000000844, 0.6035000000000358, 0.03549999999999689, 0.10650000000002022, 0.28400000000000464, 0.31950000000003115, 38.127000000000855, 0.21299999999998134, 1.029500000000028, 0.5325000000000124, 0.49700000000001554, 0.39049999999999535, 0.28400000000000464, 0.07099999999999378, 38.872500000000876, 38.020500000000865, 38.48200000000089, 38.51750000000088, 0.4615000000000187, 0.7099999999999969, 0.7099999999999969, 0.46149999999998914, 0.07099999999999378, 0.8165000000000171, 0.6035000000000358, 0.1420000000000171, 38.34000000000086, 38.16250000000088, 0.17750000000001398, 38.30450000000087, 38.16250000000088, 0.1420000000000171, 38.020500000000865, 1.029500000000028, 38.51750000000088, 0.49700000000001554, 0.03549999999999689, 0.07099999999999378, 1.0650000000000248, 0.9230000000000077, 0.10650000000002022, 0.887500000000011, 0.9230000000000077, 0.39049999999999535, 0.14199999999998755, 0.17749999999998445, 38.020500000000865, 0.31950000000000156, 0.14199999999998755, 0.28400000000000464, 0.31950000000000156, 1.2070000000000125, 38.44650000000088, 1.2070000000000125, 38.73050000000089, 38.55300000000088, 37.38150000000086, 0.6035000000000063, 0.42600000000002175, 0.8165000000000171, 37.77200000000086, 0.10650000000002022, 37.949500000000874, 38.58850000000088, 38.34000000000086, 37.80750000000085, 0.9940000000000015, 0.28400000000000464, 0.10649999999999067, 0.9230000000000077, 0.5325000000000124, 0.1420000000000171, 0.852000000000014, 0.28400000000000464, 0.39049999999999535, 0.39049999999999535, 0.31950000000000156, 37.66550000000086, 0.28400000000000464, 0.7455000000000233, 0.35499999999999843, 0.24850000000000777, 0.5325000000000124, 38.801500000000885, 37.59450000000084, 0.4259999999999922, 0.28400000000000464, 37.949500000000874, 38.65950000000087, 37.914000000000875, 1.2425000000000093, 0.852000000000014, 2.1300000000000496, 0.6390000000000031, 0.10649999999999067, 0.49700000000001554, 0.42600000000002175, 0.21299999999998134, 37.84300000000085, 37.63000000000087, 0.4259999999999922, 1.029500000000028, 0.5325000000000124, 38.091500000000856, 39.22750000000087, 0.4259999999999922, 37.949500000000874, 38.908000000000875, 37.914000000000875, 0.17749999999998445, 0.35500000000002796, 38.48200000000089, 0.5325000000000124, 0.7810000000000201, 0.07099999999999378, 0.07099999999999378, 0.24850000000000777, 0.9940000000000015, 0.03549999999999689, 0.852000000000014, 0.5325000000000124, 0.49700000000001554, 0.5680000000000093, 0.28400000000000464, 1.4910000000000172, 0.9230000000000077, 0.6745, 0.6035000000000063, 0.28400000000000464, 0.03549999999999689, 0.03549999999999689, 0.887500000000011, 0.0, 0.5680000000000093, 0.46149999999998914, 0.9585000000000047, 0.10650000000002022, 0.10650000000002022, 38.198000000000874, 38.127000000000855, 37.63000000000087, 0.21299999999998134, 38.23350000000087, 37.70100000000087, 37.949500000000874, 0.24850000000000777, 1.3135000000000325, 0.17749999999998445, 0.24850000000000777, 0.07100000000002334, 0.3905000000000249, 0.24850000000000777, 1.2425000000000093, 37.310500000000836, 38.41100000000086, 37.55900000000084, 1.2780000000000062, 38.55300000000088, 0.07100000000002334, 0.10650000000002022, 37.80750000000085, 0.24850000000000777, 0.5680000000000093, 0.21299999999998134, 0.17749999999998445, 0.6390000000000327, 37.985000000000866, 38.943500000000874, 38.48200000000089, 0.03549999999999689, 1.029500000000028, 0.9940000000000015, 0.4259999999999922, 0.46149999999998914, 0.21299999999998134, 0.24850000000000777, 0.21299999999998134, 1.2425000000000093, 0.31950000000000156, 0.14199999999998755, 0.49700000000001554, 0.9585000000000047, 0.14199999999998755, 0.6745, 0.39049999999999535, 0.24850000000000777, 0.03549999999999689, 0.10650000000002022, 0.9230000000000077, 0.4259999999999922, 1.562000000000011, 0.10650000000002022, 0.3905000000000249, 0.21299999999998134, 0.1420000000000171, 38.16250000000088, 37.48800000000085, 37.63000000000087, 37.84300000000085, 1.1005000000000218, 37.77200000000086, 0.31950000000000156, 38.908000000000875, 0.5325000000000124, 0.39049999999999535, 1.1360000000000186, 37.73650000000086, 0.7099999999999969, 38.48200000000089, 0.24850000000000777, 0.03549999999999689, 0.24850000000000777, 1.4200000000000232, 0.10649999999999067, 38.65950000000087, 37.48800000000085, 0.46149999999998914, 38.37550000000086, 38.30450000000087, 38.65950000000087, 38.056000000000864, 38.26900000000087, 0.07100000000002334, 0.31950000000000156, 37.55900000000084, 0.10650000000002022, 0.24850000000000777, 0.39049999999999535, 0.35499999999999843, 0.7454999999999937, 1.4555000000000202, 1.029500000000028, 0.10649999999999067, 0.5680000000000093, 37.80750000000085, 38.16250000000088, 0.7100000000000264, 0.14199999999998755, 0.6745, 0.7810000000000201, 0.7455000000000233, 0.6745, 38.091500000000856, 37.73650000000086, 0.24850000000000777, 38.51750000000088, 37.914000000000875, 0.6745, 0.35499999999999843, 0.4259999999999922, 1.2425000000000093, 0.24850000000000777, 0.10649999999999067, 0.6035000000000063, 0.7454999999999937, 0.6745, 0.1420000000000171, 37.985000000000866, 0.6745, 0.8165000000000171, 0.49700000000001554, 0.5680000000000093, 0.35499999999999843, 0.4615000000000187, 0.6745000000000296, 37.63000000000087, 1.3135000000000325, 37.949500000000874, 0.17750000000001398, 0.5325000000000124, 38.48200000000089, 0.28400000000000464, 37.985000000000866, 1.1005000000000218, 38.58850000000088, 38.23350000000087, 0.6035000000000063, 38.51750000000088, 0.31950000000000156, 1.0650000000000248, 0.4259999999999922, 0.7099999999999969, 0.24850000000000777, 0.07100000000002334, 0.17749999999998445, 0.31950000000000156, 0.5680000000000093, 1.1005000000000218, 0.39049999999999535, 0.7454999999999937, 0.03549999999999689, 0.17749999999998445, 0.1420000000000171, 0.4615000000000187, 0.7810000000000201, 0.6745, 0.31950000000000156, 38.766000000000886, 0.14199999999998755, 0.24850000000000777, 0.21299999999998134, 38.23350000000087, 1.3845000000000265, 37.73650000000086, 38.23350000000087, 0.03549999999999689, 38.41100000000086, 38.16250000000088, 0.5680000000000093, 38.48200000000089, 0.17749999999998445, 0.0, 0.6390000000000031, 38.198000000000874, 0.21299999999998134, 1.3845000000000265, 37.45250000000085, 0.28400000000000464, 0.5680000000000093, 39.19200000000088, 0.21300000000001088, 0.28400000000000464, 38.41100000000086, 37.310500000000836, 0.21299999999998134, 38.55300000000088, 0.5325000000000124, 37.87850000000085, 0.3905000000000249, 37.84300000000085, 38.23350000000087, 38.16250000000088, 38.091500000000856, 38.198000000000874, 38.872500000000876, 37.73650000000086, 38.801500000000885, 38.908000000000875, 0.24850000000000777, 0.0, 37.02650000000083, 37.87850000000085, 0.03549999999999689, 0.10649999999999067, 0.49700000000001554, 0.17749999999998445, 0.3905000000000249, 0.35499999999999843, 0.0, 37.73650000000086, 38.16250000000088, 0.852000000000014, 37.55900000000084, 0.10649999999999067, 0.07100000000002334, 38.30450000000087, 0.7454999999999937, 38.26900000000087, 38.26900000000087, 38.766000000000886, 0.24850000000000777, 0.10650000000002022, 38.73050000000089, 0.852000000000014, 38.30450000000087, 37.949500000000874, 0.7099999999999969, 37.55900000000084, 38.37550000000086, 0.4259999999999922, 37.13300000000085, 1.1360000000000186, 0.7810000000000201, 38.62400000000087, 38.65950000000087, 0.7810000000000201, 0.31950000000000156, 0.31950000000000156, 0.6035000000000358, 0.46149999999998914, 0.5325000000000124, 0.35499999999999843, 0.17750000000001398, 1.3490000000000295, 0.0, 1.2070000000000125, 0.10649999999999067, 0.21299999999998134, 0.6035000000000358, 0.7455000000000233, 0.4259999999999922, 0.10650000000002022, 0.5325000000000124, 0.7454999999999937, 0.24850000000000777, 37.985000000000866, 37.985000000000866, 37.52350000000085, 38.37550000000086, 0.7810000000000201, 38.020500000000865, 0.28400000000000464, 0.7099999999999969, 0.6745000000000296, 38.48200000000089, 37.914000000000875, 0.49700000000001554, 0.852000000000014, 0.03549999999999689, 0.6035000000000063, 37.87850000000085, 0.7099999999999969, 37.80750000000085, 37.239500000000845, 0.10650000000002022, 0.17749999999998445, 0.49700000000001554, 0.5680000000000093, 0.9230000000000077, 0.03549999999999689, 37.80750000000085, 1.3490000000000295, 37.52350000000085, 38.58850000000088, 0.10649999999999067, 1.1360000000000186, 0.21299999999998134, 0.03549999999999689, 0.21299999999998134, 37.914000000000875, 39.19200000000088, 38.30450000000087, 37.985000000000866, 0.39049999999999535, 0.9230000000000077, 0.24850000000000777, 0.14199999999998755, 37.77200000000086, 0.5680000000000093, 38.979000000000894, 38.65950000000087, 38.30450000000087, 37.275000000000844, 37.70100000000087, 0.03549999999999689, 0.28400000000000464, 37.985000000000866, 0.6745, 0.28400000000000464, 39.689000000000895, 0.5680000000000093, 0.21299999999998134, 0.6390000000000031, 38.695000000000896, 37.63000000000087, 0.6745, 0.17750000000001398, 0.7099999999999969, 0.8165000000000171, 38.41100000000086, 0.24850000000000777, 0.6745, 0.9940000000000015, 0.4259999999999922, 0.31950000000000156, 0.24850000000000777, 0.31950000000000156, 1.2780000000000062, 0.7454999999999937, 0.24850000000000777, 0.42600000000002175, 37.77200000000086, 38.65950000000087, 1.2070000000000125, 0.7099999999999969, 1.029500000000028, 0.6035000000000063, 0.14199999999998755, 1.562000000000011, 0.35499999999999843, 0.49700000000001554, 0.4615000000000187, 0.0, 0.49700000000001554, 0.03549999999999689, 0.35499999999999843, 37.59450000000084, 38.872500000000876, 0.17749999999998445, 0.17750000000001398, 0.03549999999999689, 0.7454999999999937, 0.10649999999999067, 0.8875000000000404, 37.70100000000087, 37.097500000000856, 0.852000000000014, 0.6390000000000031, 0.10649999999999067, 1.2070000000000125, 0.3905000000000249, 0.8165000000000171, 38.020500000000865, 38.020500000000865, 0.1420000000000171, 1.2070000000000125, 0.24850000000000777, 0.4259999999999922, 0.35500000000002796, 0.1420000000000171, 0.4615000000000187, 0.6035000000000063, 0.35499999999999843, 0.6745000000000296, 0.17749999999998445, 37.949500000000874, 38.34000000000086, 1.3135000000000325, 0.7454999999999937, 38.62400000000087, 0.17749999999998445, 38.34000000000086, 0.5680000000000093, 0.7099999999999969, 0.887500000000011, 1.0650000000000248, 0.6035000000000063, 1.1715000000000155, 0.35500000000002796, 0.4259999999999922, 1.5975000000000374, 0.10649999999999067, 0.7099999999999969, 1.1005000000000218, 37.77200000000086, 0.17750000000001398, 0.5325000000000124, 38.41100000000086, 38.26900000000087, 0.14199999999998755, 36.88450000000085, 0.49700000000001554, 0.5680000000000093, 0.6035000000000063, 38.58850000000088, 0.1420000000000171, 38.801500000000885, 37.55900000000084, 37.66550000000086, 0.4259999999999922, 38.73050000000089, 1.1715000000000155, 37.63000000000087, 0.07099999999999378, 38.695000000000896, 38.37550000000086, 0.7454999999999937, 0.9585000000000047, 0.0, 0.6745, 1.1005000000000218, 37.52350000000085, 37.204000000000846, 0.21299999999998134, 38.51750000000088, 0.7810000000000201, 0.24850000000000777, 0.9585000000000047, 0.24850000000000777, 38.41100000000086, 0.03549999999999689, 0.5680000000000093, 0.35499999999999843, 0.28400000000000464, 0.03549999999999689, 37.310500000000836, 37.985000000000866, 0.31950000000000156, 38.48200000000089, 1.562000000000011, 37.52350000000085, 38.55300000000088, 0.7099999999999969, 0.7810000000000201, 38.37550000000086, 0.28400000000000464, 0.42600000000002175, 0.31950000000000156, 37.63000000000087, 38.37550000000086, 38.198000000000874, 1.6330000000000342, 38.091500000000856, 0.14199999999998755, 0.17749999999998445, 38.37550000000086, 38.198000000000874, 0.46149999999998914, 37.914000000000875, 0.17749999999998445, 0.28400000000000464, 0.9230000000000077, 0.4259999999999922, 38.091500000000856, 0.28400000000000464, 0.0, 0.49700000000001554, 0.9940000000000015, 0.03549999999999689, 0.10650000000002022, 0.42600000000002175, 0.7810000000000201, 1.4910000000000172, 0.49700000000001554, 38.41100000000086, 0.9940000000000015, 0.35499999999999843, 37.45250000000085, 0.10650000000002022, 0.42600000000002175, 0.0, 0.17750000000001398, 1.526500000000014, 0.7454999999999937, 0.6745, 0.14199999999998755, 0.6745, 0.4259999999999922, 0.7454999999999937, 0.852000000000014, 37.73650000000086, 38.801500000000885, 0.17750000000001398, 0.7099999999999969, 38.41100000000086, 38.41100000000086, 0.10650000000002022, 0.17750000000001398, 0.24850000000000777, 0.10649999999999067, 0.3905000000000249, 37.41700000000086, 37.48800000000085, 0.14199999999998755, 0.7454999999999937, 0.852000000000014, 38.48200000000089, 0.46149999999998914, 38.73050000000089, 37.45250000000085, 0.07100000000002334, 0.5325000000000124, 0.0, 0.10649999999999067, 0.07099999999999378, 0.03549999999999689, 38.16250000000088, 0.42600000000002175, 0.10649999999999067, 0.03549999999999689, 0.6390000000000327, 0.7454999999999937, 0.10649999999999067, 38.51750000000088, 37.70100000000087, 0.9230000000000077, 38.695000000000896, 0.5325000000000124, 0.24850000000000777, 0.6035000000000358, 39.33400000000089, 0.6035000000000063, 38.51750000000088, 0.28400000000000464, 38.30450000000087, 38.48200000000089, 37.84300000000085, 0.9230000000000077, 0.49700000000001554, 0.9230000000000373, 1.2780000000000062, 1.2070000000000125, 0.42600000000002175, 0.31950000000000156, 0.17749999999998445, 38.34000000000086, 0.17750000000001398, 0.6035000000000358, 37.73650000000086, 37.985000000000866, 37.41700000000086, 37.310500000000836, 37.87850000000085, 37.239500000000845, 0.5325000000000124, 1.1005000000000218, 0.14199999999998755, 1.526500000000014, 0.5325000000000124, 38.65950000000087, 37.77200000000086, 37.84300000000085, 38.34000000000086, 0.35499999999999843, 0.5680000000000093, 38.44650000000088, 38.198000000000874, 38.58850000000088, 0.5325000000000124, 0.49700000000001554, 0.852000000000014, 38.020500000000865, 39.2630000000009, 0.07099999999999378, 0.35499999999999843, 0.5325000000000124, 0.3905000000000249, 0.03549999999999689, 1.1715000000000155, 0.49700000000001554, 0.4259999999999922, 37.70100000000087, 0.5325000000000124, 0.852000000000014, 0.6390000000000031, 38.58850000000088, 38.943500000000874, 38.198000000000874, 37.80750000000085, 38.26900000000087, 0.6745000000000296, 1.562000000000011, 38.51750000000088, 38.056000000000864, 1.1360000000000186, 38.44650000000088, 37.59450000000084, 0.07100000000002334, 0.17749999999998445, 0.7099999999999969, 0.7455000000000233, 1.1715000000000155, 0.6745, 0.35499999999999843, 0.24850000000000777, 0.10649999999999067, 0.28400000000000464, 1.7395000000000247, 38.020500000000865, 1.0650000000000248, 38.198000000000874, 38.198000000000874, 0.21300000000001088, 37.84300000000085, 38.695000000000896, 0.4615000000000187, 1.3845000000000265, 1.0650000000000248, 0.887500000000011, 0.17749999999998445, 0.03549999999999689, 0.5325000000000124, 0.21299999999998134, 38.695000000000896, 0.10650000000002022, 38.16250000000088, 38.16250000000088, 0.4259999999999922, 1.775000000000022, 1.0650000000000248, 0.6390000000000031, 0.6390000000000031, 0.9940000000000015, 0.03549999999999689, 0.4259999999999922, 0.5680000000000093, 0.10649999999999067, 0.17749999999998445, 38.766000000000886, 0.03549999999999689, 0.35500000000002796, 0.8520000000000435, 0.31950000000000156, 0.21299999999998134, 0.46149999999998914, 38.58850000000088, 1.1005000000000218, 0.3905000000000249, 0.9585000000000047, 38.766000000000886, 38.48200000000089, 38.198000000000874, 0.10649999999999067, 37.66550000000086, 0.28400000000000464, 0.6035000000000063, 0.6390000000000031, 0.28400000000000464, 0.07099999999999378, 0.5325000000000124, 0.14199999999998755, 0.39049999999999535, 38.73050000000089, 38.091500000000856, 0.6390000000000031, 0.6035000000000063, 0.10650000000002022, 0.7454999999999937, 0.21300000000001088, 37.914000000000875, 0.07100000000002334, 37.73650000000086, 38.127000000000855, 38.16250000000088, 0.852000000000014, 0.9230000000000077, 39.12100000000088, 37.73650000000086, 0.24850000000000777, 0.03549999999999689, 38.091500000000856, 0.6035000000000358, 0.14199999999998755, 0.4259999999999922, 0.28400000000000464, 0.4259999999999922, 0.6035000000000063, 0.17750000000001398, 0.49700000000001554, 0.4259999999999922, 37.949500000000874, 0.9940000000000015, 0.24850000000000777, 1.029500000000028, 0.31950000000003115, 38.30450000000087, 0.4259999999999922, 0.07099999999999378, 0.35499999999999843, 0.9230000000000373, 0.7810000000000201, 0.5680000000000093, 0.24850000000000777, 0.17749999999998445, 0.46149999999998914, 0.39049999999999535, 0.7810000000000201, 0.6745, 0.852000000000014, 38.127000000000855, 38.26900000000087, 38.695000000000896, 38.26900000000087, 37.87850000000085, 38.16250000000088, 0.6745, 0.14199999999998755, 0.0, 38.65950000000087, 0.24850000000000777, 0.7454999999999937, 0.4259999999999922, 0.887500000000011, 0.9585000000000047, 0.17750000000001398, 0.4259999999999922, 1.775000000000022, 38.55300000000088, 38.48200000000089, 0.49700000000001554, 38.30450000000087, 0.35499999999999843, 0.10649999999999067, 0.6745, 1.3135000000000325, 0.24850000000000777, 1.3490000000000295, 0.10649999999999067, 0.39049999999999535, 0.24850000000000777, 0.17749999999998445, 0.17750000000001398, 0.39049999999999535, 0.03549999999999689, 38.091500000000856, 38.979000000000894, 0.14199999999998755, 0.21299999999998134, 38.34000000000086, 37.59450000000084, 1.2070000000000125, 0.42600000000002175, 0.6035000000000063, 38.34000000000086, 38.837000000000884, 0.14199999999998755, 0.31950000000003115, 0.1420000000000171, 0.28400000000000464, 0.9940000000000015, 0.49700000000001554, 0.35499999999999843, 38.58850000000088, 0.03549999999999689, 37.55900000000084, 0.49700000000001554, 1.1715000000000155, 0.10650000000002022, 0.0, 0.07100000000002334, 0.8520000000000435, 0.5680000000000093, 0.8875000000000404, 38.44650000000088, 0.35499999999999843, 0.7099999999999969, 0.10650000000002022, 0.17749999999998445, 1.1360000000000186, 0.6035000000000063, 37.52350000000085, 37.097500000000856, 37.346000000000835, 0.7810000000000201, 38.30450000000087, 38.58850000000088, 37.66550000000086, 38.41100000000086, 0.49700000000001554, 0.1420000000000171, 39.15650000000088, 37.914000000000875, 0.14199999999998755, 37.73650000000086, 0.7099999999999969, 0.35500000000002796, 1.3490000000000295, 37.84300000000085, 38.55300000000088, 38.26900000000087, 38.65950000000087, 38.127000000000855, 37.52350000000085, 0.07099999999999378, 38.127000000000855, 0.4259999999999922, 38.198000000000874, 1.7395000000000247, 0.24850000000000777, 0.07099999999999378, 0.49700000000001554, 0.852000000000014, 0.07100000000002334, 0.17750000000001398, 0.17749999999998445, 0.6390000000000031, 0.852000000000014, 1.3490000000000295, 0.07100000000002334, 0.46149999999998914, 37.63000000000087, 37.59450000000084, 38.127000000000855, 0.6390000000000031, 1.6330000000000342, 37.84300000000085, 0.21300000000001088, 0.31950000000003115, 0.35499999999999843, 1.4200000000000528, 0.28400000000000464, 37.949500000000874, 0.07099999999999378, 0.42600000000002175, 0.4615000000000187, 0.9940000000000015, 0.03549999999999689, 0.14199999999998755, 38.62400000000087, 0.49700000000001554, 38.30450000000087, 38.020500000000865, 37.38150000000086, 0.24850000000000777, 37.38150000000086, 38.65950000000087, 0.9585000000000047, 0.21299999999998134, 38.23350000000087, 39.15650000000088, 38.198000000000874, 0.6035000000000063, 39.19200000000088, 37.914000000000875, 1.1005000000000218, 38.65950000000087, 38.41100000000086, 0.21299999999998134, 38.127000000000855, 0.03549999999999689, 38.091500000000856, 37.87850000000085, 0.10650000000002022, 0.07100000000002334, 0.17750000000001398, 0.24850000000000777, 0.1420000000000171, 0.6745, 0.6390000000000327, 0.39049999999999535, 0.6745, 0.35499999999999843, 0.7810000000000201, 0.0, 0.5680000000000093, 0.1420000000000171, 0.7810000000000201, 0.03549999999999689, 0.24850000000000777, 0.17750000000001398, 0.28400000000000464, 0.21299999999998134, 0.14199999999998755, 38.695000000000896, 37.55900000000084, 0.10650000000002022, 1.1005000000000218, 38.979000000000894, 0.17750000000001398, 37.48800000000085, 38.020500000000865, 38.020500000000865, 0.5680000000000093, 1.2780000000000062, 0.17749999999998445, 0.49700000000001554, 0.03549999999999689, 0.7454999999999937, 0.6745, 0.7099999999999969, 38.23350000000087, 38.37550000000086, 0.8165000000000171, 0.24850000000000777, 0.0, 1.0650000000000248, 0.6035000000000063, 0.46149999999998914, 0.03549999999999689, 0.03549999999999689, 0.03549999999999689, 0.4615000000000187, 0.852000000000014, 0.6035000000000358, 0.35499999999999843, 38.198000000000874, 0.31950000000000156, 0.9585000000000047, 0.14199999999998755, 0.14199999999998755, 0.887500000000011, 0.852000000000014, 0.17749999999998445, 37.84300000000085, 37.949500000000874, 0.46149999999998914, 1.029500000000028, 37.48800000000085, 38.020500000000865, 38.30450000000087, 38.020500000000865, 38.41100000000086, 38.091500000000856, 38.23350000000087, 0.03549999999999689, 38.056000000000864, 1.526500000000014, 38.056000000000864, 0.42600000000002175, 37.66550000000086, 1.3490000000000295, 38.58850000000088, 37.914000000000875, 0.28400000000000464, 0.7810000000000201, 38.51750000000088, 0.21300000000001088, 0.8520000000000435, 0.24850000000000777, 0.7099999999999969, 38.695000000000896, 38.908000000000875, 38.58850000000088, 38.801500000000885, 38.58850000000088, 38.48200000000089, 37.87850000000085, 0.7810000000000201, 38.65950000000087, 0.8875000000000404, 38.943500000000874, 0.5680000000000093, 38.44650000000088, 38.62400000000087, 37.914000000000875, 37.45250000000085, 0.887500000000011, 0.07100000000002334, 38.73050000000089, 37.914000000000875, 1.0650000000000248, 0.24850000000000777, 0.17750000000001398, 0.5325000000000124, 0.0, 0.7454999999999937, 1.2780000000000062, 0.6745, 0.31950000000000156, 0.7099999999999969, 1.1005000000000218, 0.21299999999998134, 0.6035000000000063, 0.35499999999999843, 0.17750000000001398, 0.0, 0.17750000000001398, 0.4259999999999922, 0.7454999999999937, 0.6745, 0.6745000000000296, 0.39049999999999535, 0.7810000000000201, 0.21300000000001088, 0.9940000000000015, 38.37550000000086, 38.26900000000087, 0.6745000000000296, 37.70100000000087, 38.37550000000086, 1.1005000000000218, 38.48200000000089, 38.37550000000086, 38.091500000000856, 0.9230000000000077, 0.6390000000000031, 0.7455000000000233, 0.1420000000000171, 38.44650000000088, 0.28400000000000464, 0.39049999999999535, 1.1715000000000155, 0.39049999999999535, 37.66550000000086, 38.908000000000875, 38.73050000000089, 1.3845000000000265, 1.1005000000000218, 0.5325000000000124, 0.7455000000000233, 0.10649999999999067, 0.17750000000001398, 0.17749999999998445, 0.35499999999999843, 0.46149999999998914, 1.668500000000031, 0.14199999999998755, 0.9585000000000047, 0.3905000000000249, 0.5325000000000124, 1.2780000000000062, 1.4910000000000172, 0.5325000000000124, 1.2070000000000125, 38.37550000000086, 39.40500000000089, 38.62400000000087, 39.19200000000088, 39.05000000000089, 37.84300000000085, 0.14199999999998755, 37.914000000000875, 0.5680000000000093, 0.9230000000000077, 0.21299999999998134, 0.887500000000011, 0.03549999999999689, 0.31950000000000156, 0.31950000000000156, 0.4259999999999922, 0.49700000000001554, 0.28400000000000464, 38.58850000000088, 38.55300000000088, 38.198000000000874, 38.30450000000087, 0.03549999999999689, 0.10649999999999067, 0.03549999999999689, 0.4615000000000187, 0.10650000000002022, 0.07100000000002334, 0.21300000000001088, 0.852000000000014, 0.10649999999999067, 0.4259999999999922, 0.5680000000000093, 0.42600000000002175, 38.16250000000088, 0.35500000000002796, 0.14199999999998755, 0.03549999999999689, 0.07099999999999378, 0.10650000000002022, 38.55300000000088, 37.914000000000875, 1.704000000000028, 0.35499999999999843, 0.35499999999999843, 0.6035000000000358, 1.2425000000000093, 1.029500000000028, 0.5680000000000093, 0.10649999999999067, 0.6035000000000063, 38.55300000000088, 0.21300000000001088, 37.949500000000874, 0.35499999999999843, 0.1420000000000171, 0.24850000000000777, 37.80750000000085, 38.62400000000087, 0.31950000000003115, 0.17749999999998445, 1.1360000000000186, 0.6390000000000031, 0.4259999999999922, 0.887500000000011, 1.2425000000000093, 38.766000000000886, 38.30450000000087, 38.198000000000874, 0.39049999999999535, 0.5325000000000124, 37.275000000000844, 0.7810000000000201, 37.45250000000085, 38.091500000000856, 0.21299999999998134, 39.2985000000009, 0.7099999999999969, 0.03549999999999689, 37.41700000000086, 0.5680000000000093, 0.46149999999998914, 0.35499999999999843, 38.34000000000086, 39.22750000000087, 38.091500000000856, 37.48800000000085, 0.9230000000000077, 0.35499999999999843, 0.4259999999999922, 0.6390000000000327, 0.31950000000000156, 37.63000000000087, 38.091500000000856, 0.0, 0.07100000000002334, 0.14199999999998755, 0.24850000000000777, 0.39049999999999535, 0.14199999999998755, 0.7099999999999969, 0.5680000000000093, 0.35499999999999843, 1.8105000000000186, 0.28400000000000464, 0.28400000000000464, 0.21299999999998134, 0.7455000000000233, 37.80750000000085, 38.30450000000087, 38.127000000000855, 37.41700000000086, 38.127000000000855, 37.55900000000084, 0.39049999999999535, 37.87850000000085, 38.51750000000088, 0.7099999999999969, 0.03549999999999689, 0.0, 38.44650000000088, 38.056000000000864, 38.127000000000855, 0.35499999999999843, 1.1360000000000186, 0.03549999999999689, 0.24850000000000777, 38.23350000000087, 0.31950000000000156, 38.30450000000087, 0.6390000000000031, 0.0, 37.52350000000085, 37.84300000000085, 38.26900000000087, 0.7099999999999969, 0.0, 38.127000000000855, 38.16250000000088, 0.35499999999999843, 0.9230000000000077, 38.23350000000087, 38.056000000000864, 38.979000000000894, 37.84300000000085, 0.1420000000000171, 0.10650000000002022, 1.3845000000000265, 0.46149999999998914, 0.9585000000000047, 0.24850000000000777, 0.10650000000002022, 0.17749999999998445, 0.24850000000000777, 0.07100000000002334, 1.0650000000000248, 37.84300000000085, 0.7099999999999969, 38.34000000000086, 38.16250000000088, 0.21299999999998134, 37.73650000000086, 1.0650000000000248, 0.10650000000002022, 0.46149999999998914, 0.6745, 0.03549999999999689, 0.21299999999998134, 0.10649999999999067, 37.66550000000086, 0.14199999999998755, 38.55300000000088, 0.03549999999999689, 37.55900000000084, 0.39049999999999535, 39.0145000000009, 0.7099999999999969, 0.35499999999999843, 0.07099999999999378, 1.2780000000000062, 38.23350000000087, 38.73050000000089, 1.3490000000000295, 0.21299999999998134, 0.49700000000001554, 38.41100000000086, 38.091500000000856, 37.275000000000844, 38.837000000000884, 0.39049999999999535, 0.03549999999999689, 0.14199999999998755, 0.21300000000001088, 0.9585000000000047, 0.8165000000000171, 0.1420000000000171, 0.6745, 0.4259999999999922, 0.7810000000000201, 0.7100000000000264, 0.5325000000000124, 37.52350000000085, 39.2630000000009, 38.056000000000864, 0.03549999999999689, 0.6035000000000063, 0.4259999999999922, 1.029500000000028, 38.837000000000884, 0.21300000000001088, 0.03549999999999689, 0.17750000000001398, 0.24850000000000777, 0.10650000000002022, 1.3845000000000265, 0.0, 0.0, 0.7810000000000201, 0.7455000000000233, 37.914000000000875, 37.48800000000085, 37.55900000000084, 0.17749999999998445, 0.6745, 0.07099999999999378, 37.168500000000854, 38.34000000000086, 37.87850000000085, 1.3135000000000325, 0.35499999999999843, 0.10649999999999067, 0.1420000000000171, 0.9230000000000077, 38.020500000000865, 0.5325000000000124, 0.03549999999999689, 0.1420000000000171, 1.3135000000000325, 37.48800000000085, 38.020500000000865, 38.16250000000088, 38.73050000000089, 38.198000000000874, 0.6745, 0.5680000000000093, 0.9230000000000077, 38.020500000000865, 37.73650000000086, 38.44650000000088, 37.48800000000085, 37.346000000000835, 0.9585000000000047, 38.695000000000896, 0.0, 37.985000000000866, 37.204000000000846, 0.35499999999999843, 0.46149999999998914, 0.9940000000000015, 0.31950000000000156, 0.31950000000003115, 0.8165000000000171, 37.70100000000087, 38.37550000000086, 0.4259999999999922, 0.21300000000001088, 0.24850000000000777, 37.275000000000844, 38.056000000000864, 38.58850000000088, 1.2070000000000125, 0.28400000000000464, 38.127000000000855, 0.39049999999999535, 0.49700000000001554, 1.2070000000000125, 38.26900000000087, 0.5680000000000093, 0.10649999999999067, 0.8165000000000171, 0.07099999999999378, 0.31950000000000156, 0.6035000000000063, 37.204000000000846, 1.2780000000000062, 0.4259999999999922, 1.5975000000000374, 0.24850000000000777, 0.5680000000000093, 1.3490000000000295, 0.7810000000000201, 38.58850000000088, 0.0, 0.5680000000000093, 1.2425000000000093, 0.24850000000000777, 0.4259999999999922, 0.28400000000000464, 0.31950000000000156, 0.14199999999998755, 38.16250000000088, 37.985000000000866, 0.03549999999999689, 38.51750000000088, 38.23350000000087, 38.58850000000088, 0.10649999999999067, 0.852000000000014, 0.5325000000000124, 38.127000000000855, 0.4259999999999922, 0.17750000000001398, 0.9585000000000343, 0.35499999999999843, 0.39049999999999535, 0.03549999999999689, 1.4910000000000172, 0.6390000000000031, 0.0, 0.28400000000000464, 0.03549999999999689, 1.1715000000000155, 0.49700000000001554, 0.6390000000000031, 0.1420000000000171, 0.35499999999999843, 37.949500000000874, 0.4259999999999922, 37.949500000000874, 38.55300000000088, 37.59450000000084, 0.7810000000000201, 0.7455000000000233, 38.198000000000874, 38.056000000000864, 0.07099999999999378, 38.127000000000855, 37.77200000000086, 38.766000000000886, 38.198000000000874, 37.949500000000874, 38.127000000000855, 38.766000000000886, 38.65950000000087, 38.30450000000087, 37.84300000000085, 0.28400000000000464, 38.34000000000086, 38.056000000000864, 38.766000000000886, 39.05000000000089, 0.21300000000001088, 0.9230000000000077, 1.029500000000028, 38.801500000000885, 0.6390000000000031, 38.127000000000855, 39.12100000000088, 1.1360000000000186, 0.7810000000000201, 0.39049999999999535, 0.24850000000000777, 38.51750000000088, 37.52350000000085, 0.03549999999999689, 0.3905000000000249, 0.07100000000002334, 37.949500000000874, 0.17750000000001398, 0.7099999999999969, 38.16250000000088, 38.65950000000087, 38.30450000000087, 0.4259999999999922, 0.5325000000000124, 0.28400000000000464, 0.6035000000000063, 0.42600000000002175, 0.7455000000000233, 0.1420000000000171, 1.2780000000000062, 1.3490000000000295, 1.1715000000000155, 0.10650000000002022, 0.6745, 0.03549999999999689, 0.7455000000000233, 38.41100000000086, 0.10649999999999067, 38.872500000000876, 38.37550000000086, 38.908000000000875, 38.16250000000088, 1.3845000000000265, 37.84300000000085, 37.77200000000086, 0.35499999999999843, 0.21299999999998134, 38.766000000000886, 39.0145000000009, 0.17749999999998445, 1.2070000000000125, 0.46149999999998914, 0.46149999999998914, 1.0650000000000248, 0.5680000000000093, 0.6745, 1.0650000000000248, 0.17749999999998445, 0.4259999999999922, 0.24850000000000777, 0.5325000000000124, 0.8520000000000435, 38.056000000000864, 38.091500000000856, 38.48200000000089, 37.914000000000875, 0.28400000000000464, 0.39049999999999535, 0.0, 0.6035000000000063, 38.127000000000855, 37.63000000000087, 0.49700000000001554, 37.45250000000085, 0.852000000000014, 38.26900000000087, 0.17749999999998445, 0.7100000000000264, 0.6745, 1.881500000000042, 0.14199999999998755, 0.28400000000000464, 0.21299999999998134, 0.3905000000000249, 0.4259999999999922, 0.21300000000001088, 0.31950000000000156, 0.24850000000000777, 37.41700000000086, 37.73650000000086, 0.28400000000000464, 0.17749999999998445, 0.17750000000001398, 0.8165000000000171, 37.63000000000087, 0.07100000000002334, 0.6745, 1.0650000000000248, 0.8520000000000435, 1.029500000000028, 0.24850000000000777, 0.6035000000000358, 0.28400000000000464, 0.5680000000000093, 0.07100000000002334, 0.14199999999998755, 38.198000000000874, 0.07100000000002334, 38.41100000000086, 0.28400000000000464, 0.03549999999999689, 38.908000000000875, 0.0, 0.31950000000003115, 0.9585000000000047, 0.10649999999999067, 38.55300000000088, 1.1360000000000186, 38.48200000000089, 0.6745, 0.5680000000000093, 0.7099999999999969, 0.4259999999999922, 1.0650000000000248, 0.1420000000000171, 0.4259999999999922, 0.17750000000001398, 0.31950000000000156, 0.21299999999998134, 0.49700000000001554, 0.4615000000000187, 0.35500000000002796, 0.6390000000000327, 0.24850000000000777, 1.2425000000000093, 0.14199999999998755, 0.28400000000000464, 0.4259999999999922, 0.35499999999999843, 0.6390000000000031, 0.9585000000000047, 0.07100000000002334, 38.695000000000896, 0.24850000000000777, 37.41700000000086, 38.23350000000087, 37.52350000000085, 38.44650000000088, 0.24850000000000777, 38.127000000000855, 38.30450000000087, 0.31950000000000156, 38.51750000000088, 0.5325000000000124, 37.239500000000845, 37.80750000000085, 38.091500000000856, 0.6390000000000327, 38.23350000000087, 0.10649999999999067, 0.46149999999998914, 0.1420000000000171, 0.31950000000000156, 0.10650000000002022, 37.77200000000086, 0.28400000000000464, 37.914000000000875, 38.26900000000087, 0.14199999999998755, 0.6390000000000327, 38.37550000000086, 38.37550000000086, 1.3845000000000265, 37.02650000000083, 1.3135000000000325, 0.49700000000001554, 38.943500000000874, 0.7099999999999969, 0.21300000000001088, 1.029500000000028, 38.127000000000855, 37.73650000000086, 0.6745000000000296, 0.3905000000000249, 0.5325000000000124, 0.49700000000001554, 0.39049999999999535, 0.6390000000000327, 0.10650000000002022, 0.6390000000000327, 0.5680000000000093, 0.6035000000000063, 37.55900000000084, 0.28400000000000464, 0.7100000000000264, 0.6390000000000031, 0.6745, 0.9230000000000077, 0.31950000000000156, 0.21299999999998134, 0.5325000000000124, 0.7454999999999937, 0.3905000000000249, 0.8165000000000171, 38.44650000000088, 0.0, 0.24850000000000777, 38.020500000000865, 0.7454999999999937, 0.5325000000000124, 0.24850000000000777, 38.48200000000089, 0.39049999999999535, 38.51750000000088, 0.28400000000000464, 0.07100000000002334, 0.14199999999998755, 0.6035000000000063, 0.35499999999999843, 0.6390000000000327, 37.84300000000085, 38.37550000000086, 37.70100000000087, 38.48200000000089, 0.6035000000000358, 1.4555000000000202, 0.24850000000000777, 0.07099999999999378, 0.7454999999999937, 0.24850000000000777, 0.5680000000000093, 0.4259999999999922, 0.14199999999998755, 0.6745, 0.31950000000003115, 0.7099999999999969, 37.914000000000875, 37.55900000000084, 0.4259999999999922, 37.73650000000086, 0.07099999999999378, 37.949500000000874, 39.05000000000089, 0.3905000000000249, 0.4259999999999922, 38.056000000000864, 0.8165000000000171, 0.07099999999999378, 0.887500000000011, 0.35500000000002796, 0.03549999999999689, 0.5325000000000124, 0.7810000000000201, 0.6390000000000031, 38.056000000000864, 0.21299999999998134, 0.5680000000000093, 0.49700000000001554, 0.7810000000000201, 37.73650000000086, 38.26900000000087, 37.84300000000085, 0.10649999999999067, 38.58850000000088, 1.0650000000000248, 38.65950000000087, 37.73650000000086, 1.0650000000000248, 38.979000000000894, 0.6035000000000063, 0.10650000000002022, 0.852000000000014, 0.6390000000000031, 0.10649999999999067, 0.46149999999998914, 0.46149999999998914, 1.1715000000000155, 0.6390000000000031, 0.1420000000000171, 0.6745000000000296, 0.17749999999998445, 0.1420000000000171, 0.6745000000000296, 0.24850000000000777, 38.37550000000086, 0.35499999999999843, 0.6035000000000063, 38.020500000000865, 0.49700000000001554, 0.07100000000002334, 38.48200000000089, 1.2070000000000125, 39.0145000000009, 0.31950000000000156, 38.198000000000874, 38.44650000000088, 0.03549999999999689, 37.55900000000084, 38.23350000000087, 38.695000000000896, 38.198000000000874, 37.84300000000085, 37.63000000000087, 0.07100000000002334, 0.0, 0.07099999999999378, 0.31950000000000156, 0.852000000000014, 0.9230000000000077, 1.1360000000000186, 0.1420000000000171, 0.31950000000000156, 1.1715000000000155, 0.07100000000002334, 0.5325000000000124, 0.10650000000002022, 0.6390000000000031, 38.48200000000089, 0.5680000000000093, 38.23350000000087, 39.05000000000089, 0.28400000000000464, 0.07100000000002334, 0.17749999999998445, 0.31950000000003115, 0.31950000000000156, 0.28400000000000464, 0.6390000000000031, 0.31950000000000156, 0.9940000000000015, 0.49700000000001554, 0.17749999999998445, 0.10650000000002022, 1.2780000000000062, 0.03549999999999689, 0.6035000000000063, 0.17750000000001398, 0.1420000000000171, 0.10650000000002022, 0.4259999999999922, 0.6035000000000063, 0.7810000000000201, 38.23350000000087, 0.7099999999999969, 0.9230000000000077, 0.1420000000000171, 0.39049999999999535, 0.6390000000000031, 0.31950000000000156, 38.62400000000087, 0.9230000000000077, 0.17749999999998445, 0.4259999999999922, 0.5325000000000124, 39.2630000000009, 0.49700000000001554, 0.0, 0.8165000000000171, 1.1109411764706114, 1.2696470588235371, 0.952235294117653, 1.3886764705882644, 0.6745, 0.5951470588235372, 0.6348235294117686, 0.87288235294119, 0.5157941176470744, 0.43644117647061154, 0.8332058823529586, 42.731558823529944, 43.44573529411818, 42.215764705882876, 41.858676470588755, 41.93802941176522, 43.1283235294123, 42.850588235294644, 0.23805882352942145, 0.39676470588234714, 0.19838235294119005, 0.4761176470588429, 0.5951470588235372, 0.5951470588235372, 43.088647058824066, 43.287029411765225, 0.39676470588234714, 0.5157941176470744, 42.92994117647111, 41.977705882353455, 42.652205882353456, 43.00929411764757, 0.5157941176470744, 0.6745, 0.19838235294119005, 0.3570882352941157, 0.7538529411764959, 0.6348235294117686, 0.3174117647058843, 42.41414705882403, 0.87288235294119, 42.89026470588288, 0.07935294117646281, 42.771235294118185, 42.652205882353456, 1.1902941176470745, 1.4680294117647272, 42.05705882352992, 42.652205882353456, 43.00929411764757, 0.5157941176470744, 43.088647058824066, 42.850588235294644, 0.11902941176469423, 0.19838235294119005, 0.87288235294119, 43.24735294117699, 0.8332058823529586, 0.15870588235295868, 0.07935294117646281, 0.15870588235292563, 0.11902941176469423, 42.81091176470641, 0.5554705882353057, 0.07935294117646281, 42.61252941176522, 43.04897058823583, 43.723470588235834, 0.43644117647061154, 0.4761176470588429, 0.6348235294117686, 0.19838235294119005, 0.7141764705882314, 0.8332058823529586, 0.19838235294119005, 42.850588235294644, 41.93802941176522, 0.039676470588231406, 0.23805882352942145, 43.32670588235349, 0.5157941176470744, 0.15870588235292563, 0.39676470588234714, 0.19838235294119005, 0.23805882352942145, 0.07935294117646281, 42.81091176470641, 43.04897058823583, 41.93802941176522, 0.5951470588235372, 0.4761176470588429, 0.7935294117647272, 1.5870588235294214, 0.07935294117646281, 1.150617647058843, 0.039676470588231406, 0.23805882352942145, 0.039676470588231406, 0.39676470588234714, 0.5951470588235372, 0.11902941176469423, 0.039676470588231406, 0.15870588235292563, 0.19838235294119005, 1.3093235294117687, 0.039676470588231406, 0.8332058823529586, 0.5554705882353057, 0.5554705882353057, 0.8332058823529586, 0.039676470588231406, 0.5951470588235372, 0.8332058823529586, 1.428352941176496, 0.7538529411764959, 1.3886764705882644, 0.3174117647058843, 0.7538529411764627, 0.19838235294119005, 0.039676470588231406, 0.3174117647058843, 0.5951470588235372, 0.952235294117653, 0.5157941176470744, 0.7141764705882314, 0.7538529411764627, 42.69188235294169, 0.952235294117653, 0.8332058823529586, 0.39676470588234714, 0.07935294117646281, 42.771235294118185, 0.15870588235295868, 0.5157941176470744, 0.11902941176469423, 0.5951470588235372, 0.39676470588234714, 42.850588235294644, 42.92994117647111, 1.0315882352941157, 1.2696470588235371, 0.7141764705882314, 0.7141764705882314, 1.5870588235294214, 0.3570882352941157, 0.6348235294117686, 0.39676470588234714, 0.8332058823529586, 0.8332058823529586, 0.8332058823529586, 42.771235294118185, 0.7141764705882314, 0.3174117647058843, 0.23805882352942145, 0.5157941176470744, 0.11902941176469423, 0.4364411764705785, 0.27773529411765285, 0.4761176470588429, 0.11902941176469423, 0.0, 0.5951470588235372, 0.39676470588234714, 0.9125588235294214, 0.039676470588231406, 0.39676470588234714, 1.2299705882353056, 0.23805882352942145, 1.150617647058843, 0.39676470588234714, 0.3174117647058843, 0.5951470588235372, 0.5554705882353057, 42.4538235294123, 0.5157941176470744, 0.039676470588231406, 43.1283235294123, 43.36638235294172, 0.8332058823529586, 0.87288235294119, 0.19838235294119005, 42.49350000000052, 42.92994117647111, 43.40605882352995, 1.150617647058843, 43.088647058824066, 0.15870588235292563, 0.5554705882353057, 42.29511764705934, 42.771235294118185, 42.731558823529944, 0.4761176470588429, 42.850588235294644, 1.1109411764706114, 0.3570882352941157, 0.4364411764705785, 0.07935294117646281, 0.7141764705882314, 42.57285294117699, 42.92994117647111, 42.771235294118185, 43.00929411764757, 43.24735294117699, 0.8332058823529586, 0.6348235294117686, 42.136411764706416, 0.6745, 0.27773529411765285, 0.15870588235292563, 42.29511764705934, 0.3570882352941157, 42.731558823529944, 0.39676470588234714, 43.76314705882407, 42.57285294117699, 0.11902941176469423, 0.3174117647058843, 0.5554705882353057, 0.7538529411764959, 0.7538529411764627, 0.6745, 0.87288235294119, 0.7141764705882314, 0.4761176470588429, 0.23805882352942145, 0.39676470588234714, 41.977705882353455, 42.05705882352992, 43.1283235294123, 43.16800000000053, 42.17608823529464, 0.5157941176470744, 0.19838235294119005, 0.4761176470588429, 0.7141764705882314, 0.0, 0.7141764705882314, 0.39676470588234714, 0.23805882352942145, 0.5157941176470744, 0.07935294117646281, 0.3570882352941157, 42.05705882352992, 1.0315882352941157, 0.39676470588234714, 0.27773529411765285, 0.39676470588234714, 0.19838235294119005, 0.7538529411764627, 0.43644117647061154, 0.27773529411765285, 0.8332058823529586, 0.43644117647061154, 40.82708823529461, 42.81091176470641, 1.1109411764706114, 0.6348235294117686, 0.23805882352942145, 0.15870588235292563, 0.039676470588231406, 1.0315882352941157, 0.27773529411765285, 0.3570882352941157, 0.6745, 0.23805882352942145, 0.5951470588235372, 0.9125588235294214, 43.32670588235349, 42.533176470588764, 0.952235294117653, 0.3174117647058843, 0.3570882352941157, 42.49350000000052, 0.0, 0.07935294117646281, 42.652205882353456, 42.96961764705934, 42.96961764705934, 0.3174117647058843, 43.1283235294123, 0.7935294117647272, 42.17608823529464, 0.07935294117646281, 42.731558823529944, 0.9919117647058844, 0.6745, 0.5951470588235372, 43.24735294117699, 41.50158823529461, 0.952235294117653, 43.36638235294172, 0.3174117647058843, 0.8332058823529586, 42.850588235294644, 0.27773529411765285, 0.07935294117646281, 1.1109411764706114, 41.660294117647574, 0.39676470588234714, 0.6348235294117686, 43.48541176470641, 43.16800000000053, 0.0, 0.6745, 1.1109411764706114, 0.43644117647061154, 0.23805882352942145, 0.11902941176469423, 43.04897058823583, 43.16800000000053, 42.533176470588764, 0.039676470588231406, 0.5951470588235372, 0.3174117647058843, 0.3570882352941157, 42.731558823529944, 43.20767647058876, 42.652205882353456, 0.11902941176469423, 1.1109411764706114, 0.3174117647058843, 42.92994117647111, 0.07935294117646281, 0.23805882352942145, 42.05705882352992, 42.05705882352992, 1.150617647058843, 0.5157941176470744, 0.23805882352942145, 0.07935294117646281, 0.3174117647058843, 1.0315882352941157, 43.088647058824066, 1.150617647058843, 42.771235294118185, 43.644117647059375, 0.6745, 42.41414705882403, 0.5157941176470744, 0.07935294117646281, 42.771235294118185, 42.33479411764757, 42.81091176470641, 42.771235294118185, 0.15870588235295868, 0.07935294117646281, 0.23805882352942145, 0.4761176470588429, 1.0315882352941157, 0.5951470588235372, 0.5157941176470744, 0.7538529411764959, 0.9919117647058844, 0.19838235294119005, 0.15870588235295868, 0.07935294117646281, 43.16800000000053, 42.850588235294644, 0.6348235294117686, 0.7141764705882314, 42.17608823529464, 0.6348235294117686, 42.771235294118185, 1.3886764705882644, 0.6348235294117686, 0.27773529411765285, 0.11902941176469423, 0.6745, 0.15870588235292563, 0.27773529411765285, 0.6745, 0.039676470588231406, 0.23805882352942145, 0.6745, 43.921852941176994, 0.0, 0.039676470588231406, 42.81091176470641, 0.11902941176469423, 1.2696470588235371, 0.6348235294117686, 0.23805882352942145, 0.87288235294119, 42.533176470588764, 43.44573529411818, 42.69188235294169, 1.2696470588235371, 0.5951470588235372, 0.5554705882353057, 0.11902941176469423, 0.19838235294119005, 0.7538529411764627, 1.5870588235294214, 0.3174117647058843, 0.15870588235292563, 42.61252941176522, 0.3174117647058843, 0.0, 42.215764705882876, 42.01738235294168, 0.6348235294117686, 0.87288235294119, 0.07935294117646281, 0.3570882352941157, 0.952235294117653, 0.3174117647058843, 0.11902941176469423, 42.01738235294168, 0.952235294117653, 42.850588235294644, 43.1283235294123, 0.19838235294119005, 1.07126470588238, 0.7935294117647272, 0.11902941176469423, 0.7141764705882314, 0.27773529411765285, 0.5554705882353057, 0.4364411764705785, 0.4761176470588429, 0.9919117647058844, 0.7935294117647272, 0.039676470588231406, 0.9919117647058844, 43.40605882352995, 42.771235294118185, 0.4364411764705785, 0.039676470588231406, 0.3174117647058843, 0.07935294117646281, 0.23805882352942145, 43.44573529411818, 41.62061764705933, 0.039676470588231406, 0.15870588235292563, 0.19838235294119005, 1.1109411764706114, 0.7538529411764959, 0.7538529411764959, 0.15870588235292563, 0.39676470588234714, 43.20767647058876, 0.43644117647061154, 0.0, 0.39676470588234714, 0.5157941176470744, 42.771235294118185, 0.039676470588231406, 0.7141764705882314, 42.69188235294169, 43.088647058824066, 0.39676470588234714, 0.039676470588231406, 42.533176470588764, 42.81091176470641, 43.921852941176994, 0.3570882352941157, 0.19838235294119005, 42.41414705882403, 42.215764705882876, 0.9125588235294214, 42.136411764706416, 0.3174117647058843, 1.6664117647058843, 0.7935294117647272, 0.23805882352942145, 0.15870588235292563, 1.5077058823529585, 0.952235294117653, 43.32670588235349, 0.15870588235292563, 0.87288235294119, 43.16800000000053, 43.32670588235349, 0.9125588235294214, 0.6348235294117686, 0.43644117647061154, 0.7141764705882314, 0.87288235294119, 0.3570882352941157, 0.23805882352942145, 42.850588235294644, 1.1902941176470745, 42.69188235294169, 0.23805882352942145, 0.11902941176469423, 0.11902941176469423, 0.5554705882353057, 0.19838235294119005, 0.7141764705882314, 0.15870588235295868, 0.0, 1.0315882352941157, 42.850588235294644, 1.1902941176470745, 0.039676470588231406, 42.05705882352992, 42.57285294117699, 43.525088235294646, 42.89026470588288, 0.39676470588234714, 43.36638235294172, 0.5554705882353057, 42.33479411764757, 42.652205882353456, 42.81091176470641, 0.6348235294117686, 0.11902941176469423, 42.2554411764711, 43.32670588235349, 42.850588235294644, 42.215764705882876, 42.92994117647111, 0.3174117647058843, 0.19838235294119005, 1.07126470588238, 0.23805882352942145, 42.17608823529464, 1.6664117647058843, 0.5554705882353057, 0.07935294117646281, 0.07935294117646281, 0.7538529411764627, 1.3093235294117687, 0.23805882352942145, 0.11902941176469423, 43.44573529411818, 42.05705882352992, 0.952235294117653, 0.43644117647061154, 0.15870588235295868, 0.9919117647058844, 42.3744705882358, 0.15870588235292563, 0.6745, 0.7141764705882314, 0.7538529411764627, 0.7935294117647272, 0.5157941176470744, 0.07935294117646281, 0.0, 1.3886764705882644, 0.11902941176469423, 0.6745, 0.0, 0.07935294117646281, 1.8251176470588428, 0.23805882352942145, 0.7935294117647272, 0.5554705882353057, 0.7935294117647272, 0.7141764705882314, 0.19838235294119005, 43.56476470588287, 42.850588235294644, 0.39676470588234714, 42.57285294117699, 43.20767647058876, 0.0, 0.039676470588231406, 42.49350000000052, 42.17608823529464, 41.977705882353455, 0.15870588235292563, 0.5157941176470744, 0.039676470588231406, 0.7538529411764627, 0.9125588235294214, 0.9919117647058844, 0.7935294117647272, 0.87288235294119, 0.952235294117653, 42.771235294118185, 41.22385294117696, 0.952235294117653, 0.07935294117646281, 0.6348235294117686, 0.23805882352942145, 43.1283235294123, 1.3093235294117687, 1.07126470588238, 0.5554705882353057, 0.5554705882353057, 0.11902941176469423, 0.5157941176470744, 43.20767647058876, 0.6348235294117686, 0.952235294117653, 0.11902941176469423, 0.3570882352941157, 0.15870588235292563, 0.27773529411765285, 0.3570882352941157, 0.039676470588231406, 42.850588235294644, 0.3174117647058843, 0.6745, 42.01738235294168, 0.11902941176469423, 43.04897058823583, 42.81091176470641, 0.23805882352942145, 43.1283235294123, 0.5951470588235372, 42.652205882353456, 1.8251176470588428, 42.89026470588288, 0.39676470588234714, 0.23805882352942145, 0.8332058823529586, 43.088647058824066, 0.7538529411764627, 42.33479411764757, 0.19838235294119005, 42.215764705882876, 0.3570882352941157, 0.43644117647061154, 0.4761176470588429, 0.23805882352942145, 0.5157941176470744, 0.39676470588234714, 0.4364411764705785, 42.17608823529464, 44.23926470588291, 42.92994117647111, 1.9838235294118016, 43.44573529411818, 1.4680294117647272, 43.1283235294123, 42.215764705882876, 42.69188235294169, 43.20767647058876, 42.61252941176522, 42.136411764706416, 42.850588235294644, 43.16800000000053, 0.23805882352942145, 0.11902941176469423, 42.69188235294169, 0.039676470588231406, 43.44573529411818, 42.69188235294169, 42.771235294118185, 0.23805882352942145, 0.23805882352942145, 0.3570882352941157, 0.3570882352941157, 41.858676470588755, 42.09673529411815, 0.23805882352942145, 1.150617647058843, 0.4364411764705785, 0.3174117647058843, 43.287029411765225, 0.07935294117646281, 42.771235294118185, 42.731558823529944, 43.723470588235834, 0.952235294117653, 1.150617647058843, 0.43644117647061154, 0.23805882352942145, 0.15870588235295868, 0.0, 0.4364411764705785, 0.5157941176470744, 0.039676470588231406, 0.3174117647058843, 1.7060882352941487, 42.652205882353456, 0.15870588235292563, 0.15870588235292563, 42.533176470588764, 42.533176470588764, 1.54738235294119, 0.27773529411765285, 0.39676470588234714, 0.7538529411764627, 0.27773529411765285, 1.0315882352941488, 0.5554705882353057, 0.7538529411764959, 0.07935294117646281, 0.19838235294119005, 0.15870588235292563, 42.4538235294123, 1.428352941176496, 0.27773529411765285, 43.1283235294123, 43.24735294117699, 0.3174117647058843, 1.2696470588235371, 43.36638235294172, 0.23805882352942145, 0.039676470588231406, 42.850588235294644, 0.7141764705882314, 1.1109411764706114, 0.19838235294119005, 1.07126470588238, 0.4761176470588429, 0.07935294117646281, 0.7538529411764627, 0.07935294117646281, 0.07935294117646281, 0.7538529411764627, 0.39676470588234714, 1.1109411764706114, 0.11902941176469423, 0.6348235294117686, 0.4761176470588429, 42.89026470588288, 0.3174117647058843, 42.96961764705934, 43.04897058823583, 0.3174117647058843, 0.8332058823529586, 0.3174117647058843, 0.5157941176470744, 0.8332058823529586, 2.380588235294149, 0.11902941176469423, 0.5951470588235372, 42.49350000000052, 43.644117647059375, 43.44573529411818, 0.27773529411765285, 0.5951470588235372, 42.533176470588764, 0.3174117647058843, 44.00120588235349, 41.8190000000005, 0.4364411764705785, 1.1109411764706114, 0.5157941176470744, 41.858676470588755, 43.32670588235349, 0.23805882352942145, 0.87288235294119, 0.3174117647058843, 42.652205882353456, 0.5951470588235372, 0.23805882352942145, 0.3174117647058843, 0.7538529411764627, 0.11902941176469423, 0.07935294117646281, 42.69188235294169, 1.3093235294117687, 42.57285294117699, 0.3570882352941157, 1.07126470588238, 42.57285294117699, 0.6348235294117686, 0.27773529411765285, 0.5157941176470744, 0.5951470588235372, 0.4364411764705785, 0.3570882352941157, 0.7935294117647272, 0.87288235294119, 0.39676470588234714, 0.39676470588234714, 0.07935294117646281, 0.11902941176469423, 42.652205882353456, 42.49350000000052, 44.596352941177024, 0.7141764705882314, 0.6348235294117686, 42.533176470588764, 0.9125588235294214, 42.771235294118185, 42.61252941176522, 0.5554705882353057, 43.48541176470641, 0.11902941176469423, 1.5870588235294214, 0.11902941176469423, 0.15870588235295868, 0.039676470588231406, 0.5951470588235372, 0.19838235294119005, 1.626735294117653, 41.898352941176995, 1.07126470588238, 42.81091176470641, 43.20767647058876, 42.771235294118185, 43.20767647058876, 42.09673529411815, 0.4761176470588429, 0.23805882352942145, 42.136411764706416, 42.81091176470641, 1.74576470588238, 0.039676470588231406, 42.89026470588288, 0.3570882352941157, 42.92994117647111, 43.287029411765225, 43.287029411765225, 0.07935294117646281, 0.07935294117646281, 0.11902941176469423, 0.3570882352941157, 42.29511764705934, 1.07126470588238, 42.17608823529464, 42.92994117647111, 0.3570882352941157, 42.17608823529464, 0.8332058823529586, 0.7935294117647272, 0.87288235294119, 0.23805882352942145, 42.61252941176522, 41.50158823529461, 0.6745, 0.039676470588231406, 0.11902941176469423, 0.6348235294117686, 0.11902941176469423, 0.3174117647058843, 0.039676470588231406, 0.5554705882353057, 0.5951470588235372, 42.41414705882403, 0.5157941176470744, 0.5157941176470744, 0.39676470588234714, 0.5554705882353057, 0.7538529411764627, 1.2299705882353056, 0.3174117647058843, 0.19838235294119005, 42.2554411764711, 42.33479411764757, 0.23805882352942145, 0.3570882352941157, 43.16800000000053, 0.5157941176470744, 0.87288235294119, 42.652205882353456, 43.36638235294172, 0.4761176470588429, 43.24735294117699, 0.039676470588231406, 0.3570882352941157, 42.81091176470641, 43.44573529411818, 1.1902941176470745, 0.4761176470588429, 0.5554705882353057, 0.5951470588235372, 0.039676470588231406, 42.69188235294169, 0.6745, 0.3174117647058843, 42.41414705882403, 42.3744705882358, 0.15870588235292563, 1.07126470588238, 1.2696470588235371, 0.0, 0.6745, 0.39676470588234714, 42.92994117647111, 43.20767647058876, 0.15870588235295868, 0.4761176470588429, 0.039676470588231406, 0.3174117647058843, 0.07935294117646281, 1.1109411764706114, 42.731558823529944, 43.16800000000053, 0.15870588235292563, 0.39676470588234714, 0.5554705882353057, 0.952235294117653, 0.3174117647058843, 43.00929411764757, 0.43644117647061154, 0.23805882352942145, 43.00929411764757, 1.07126470588238, 0.952235294117653, 43.1283235294123, 0.4761176470588429, 0.7141764705882314, 43.04897058823583, 0.15870588235292563, 42.49350000000052, 0.39676470588234714, 1.1109411764706114, 0.11902941176469423, 0.3570882352941157, 41.62061764705933, 42.89026470588288, 43.44573529411818, 0.39676470588234714, 0.07935294117646281, 0.8332058823529586, 0.5554705882353057, 42.41414705882403, 0.7141764705882314, 0.15870588235292563, 42.61252941176522, 43.40605882352995, 43.088647058824066, 0.7935294117647272, 1.150617647058843, 41.898352941176995, 42.61252941176522, 1.150617647058843, 0.19838235294119005, 0.0, 0.07935294117646281, 0.5951470588235372, 0.5951470588235372, 42.652205882353456, 41.93802941176522, 0.3570882352941157, 0.7538529411764627, 0.3174117647058843, 43.40605882352995, 42.850588235294644, 0.039676470588231406, 42.81091176470641, 0.3570882352941157, 0.3174117647058843, 42.81091176470641, 0.15870588235292563, 0.7141764705882314, 0.0, 0.3174117647058843, 43.16800000000053, 0.27773529411765285, 0.87288235294119, 0.3570882352941157, 0.6348235294117686, 1.428352941176496, 41.8190000000005, 0.19838235294119005, 44.23926470588291, 0.0, 0.7935294117647272, 0.5554705882353057, 0.4761176470588429, 0.7935294117647272, 42.81091176470641, 42.29511764705934, 0.4761176470588429, 0.5157941176470744, 41.46191176470638, 0.87288235294119, 0.3570882352941157, 0.7935294117647272, 0.11902941176469423, 1.1109411764706114, 1.0315882352941488, 1.2299705882353056, 0.19838235294119005, 43.00929411764757, 0.4364411764705785, 42.96961764705934, 42.92994117647111, 41.977705882353455, 1.1902941176470745, 1.8647941176470741, 0.3174117647058843, 0.7935294117647272, 0.4761176470588429, 0.952235294117653, 0.4364411764705785, 0.07935294117646281, 0.39676470588234714, 0.5157941176470744, 0.9125588235294214, 0.039676470588231406, 41.8190000000005, 0.87288235294119, 43.6837941176476, 43.723470588235834, 0.15870588235292563, 0.952235294117653, 0.8332058823529586, 0.11902941176469423, 41.8190000000005, 42.49350000000052, 0.3174117647058843, 0.3570882352941157, 42.57285294117699, 0.0, 1.07126470588238, 1.07126470588238, 43.00929411764757, 0.3570882352941157, 0.7141764705882314, 0.15870588235295868, 1.6664117647059171, 0.39676470588234714, 0.3174117647058843, 0.5951470588235372, 0.4761176470588429, 0.11902941176469423, 0.3174117647058843, 0.07935294117646281, 0.23805882352942145, 0.7141764705882314, 43.723470588235834, 0.43644117647061154, 41.898352941176995, 0.11902941176469423, 0.039676470588231406, 0.87288235294119, 0.3570882352941157, 0.5157941176470744, 0.15870588235295868, 0.7538529411764627, 0.5157941176470744, 42.17608823529464, 43.6837941176476, 42.92994117647111, 0.15870588235292563, 0.9919117647058844, 0.11902941176469423, 42.96961764705934, 42.57285294117699, 42.33479411764757, 0.8332058823529586, 0.5951470588235372, 0.6745, 0.15870588235292563, 0.19838235294119005, 1.2696470588235371, 43.16800000000053, 0.3570882352941157, 0.7141764705882314, 0.9919117647058844, 42.136411764706416, 0.5157941176470744, 0.5554705882353057, 0.8332058823529586, 42.29511764705934, 43.16800000000053, 0.6745, 0.7141764705882314, 1.349, 0.7141764705882314, 0.27773529411765285, 0.27773529411765285, 0.07935294117646281, 0.23805882352942145, 1.1902941176470745, 0.0, 0.07935294117646281, 0.8332058823529586, 0.6348235294117686, 0.23805882352942145, 42.41414705882403, 41.184176470588724, 1.1109411764706114, 1.349000000000033, 0.3174117647058843, 0.952235294117653, 0.19838235294119005, 0.039676470588231406, 1.0315882352941157, 0.11902941176469423, 0.039676470588231406, 1.07126470588238, 0.6348235294117686, 0.6745, 0.6348235294117686, 0.15870588235292563, 0.3174117647058843, 0.5157941176470744, 0.039676470588231406, 0.7538529411764627, 0.23805882352942145, 0.7141764705882314, 1.1902941176470745, 0.5554705882353057, 0.0, 0.6348235294117686, 0.11902941176469423, 0.15870588235295868, 0.07935294117646281, 1.428352941176496, 0.5951470588235372, 0.27773529411765285, 0.5951470588235372, 0.11902941176469423, 43.76314705882407, 0.19838235294119005, 0.8332058823529586, 42.92994117647111, 1.2696470588235371, 0.039676470588231406, 0.4364411764705785, 42.81091176470641, 43.723470588235834, 0.87288235294119, 0.27773529411765285, 0.4364411764705785, 0.7141764705882314, 42.850588235294644, 0.19838235294119005, 0.9125588235294214, 0.5951470588235372, 0.15870588235295868, 0.43644117647061154, 0.4761176470588429, 0.3174117647058843, 43.088647058824066, 0.4761176470588429, 0.27773529411765285, 0.3174117647058843, 0.9919117647058844, 0.5554705882353057, 42.4538235294123, 0.27773529411765285, 0.19838235294119005, 42.81091176470641, 0.9125588235294214, 1.349, 43.00929411764757, 0.3570882352941157, 1.150617647058843, 0.07935294117646281, 0.5951470588235372, 0.15870588235295868, 42.96961764705934, 0.0, 0.7141764705882314, 0.15870588235295868, 0.9125588235294214, 42.652205882353456, 0.0, 0.23805882352942145, 0.3174117647058843, 0.23805882352942145, 0.27773529411765285, 0.39676470588234714, 0.19838235294119005, 0.3174117647058843, 0.15870588235292563, 43.287029411765225, 1.349, 1.2299705882353056, 0.3570882352941157, 0.23805882352942145, 0.5157941176470744, 0.3174117647058843, 43.00929411764757, 0.4364411764705785, 0.3570882352941157, 0.3174117647058843, 42.3744705882358, 0.39676470588234714, 42.96961764705934, 0.9125588235294214, 0.039676470588231406, 0.27773529411765285, 0.39676470588234714, 0.9919117647058844, 0.952235294117653, 0.4761176470588429, 0.19838235294119005, 0.3174117647058843, 0.11902941176469423, 0.7538529411764627, 42.92994117647111, 42.57285294117699, 1.944147058823537, 41.858676470588755, 0.87288235294119, 0.23805882352942145, 1.2696470588235371, 43.088647058824066, 0.4761176470588429, 0.5951470588235372, 0.11902941176469423, 43.525088235294646, 0.7538529411764627, 0.19838235294119005, 0.07935294117646281, 0.039676470588231406, 41.541264705882874, 0.19838235294119005, 43.36638235294172, 43.00929411764757, 0.27773529411765285, 0.15870588235292563, 1.3886764705882644, 0.11902941176469423, 44.159911764706415, 0.8332058823529586, 0.9125588235294214, 0.6348235294117686, 42.533176470588764, 0.11902941176469423, 42.92994117647111, 1.3093235294117687, 0.19838235294119005, 0.7538529411764627, 42.533176470588764, 42.29511764705934, 0.11902941176469423, 0.39676470588234714, 0.4364411764705785, 0.5554705882353057, 0.23805882352942145, 0.9125588235294214, 43.04897058823583, 41.977705882353455, 43.48541176470641, 42.57285294117699, 42.57285294117699, 42.850588235294644, 42.29511764705934, 43.723470588235834, 1.1109411764706114, 0.87288235294119, 0.3570882352941157, 1.150617647058843, 1.0315882352941157, 0.5554705882353057, 43.1283235294123, 0.4364411764705785, 0.39676470588234714, 0.15870588235292563, 42.96961764705934, 42.4538235294123, 42.850588235294644, 0.5157941176470744, 41.06514705882403, 0.5554705882353057, 0.4761176470588429, 0.5554705882353057, 42.57285294117699, 0.5951470588235372, 43.40605882352995, 0.7935294117647272, 0.8332058823529586, 0.15870588235292563, 0.5157941176470744, 43.6837941176476, 0.27773529411765285, 43.644117647059375, 41.38255882352991, 0.27773529411765285, 0.3570882352941157, 43.00929411764757, 43.24735294117699, 43.20767647058876, 42.81091176470641, 43.921852941176994, 0.23805882352942145, 0.39676470588234714, 1.0315882352941157, 0.7538529411764627, 41.8190000000005, 0.039676470588231406, 42.3744705882358, 42.17608823529464, 42.57285294117699, 1.3886764705882644, 42.850588235294644, 1.2299705882353056, 0.952235294117653, 0.4364411764705785, 0.9125588235294214, 0.4364411764705785, 42.69188235294169, 43.1283235294123, 0.7141764705882314, 42.92994117647111, 0.0, 0.27773529411765285, 0.6745, 0.039676470588231406, 0.39676470588234714, 1.0315882352941157, 42.89026470588288, 0.4761176470588429, 0.27773529411765285, 42.57285294117699, 0.39676470588234714, 0.27773529411765285, 0.7141764705882314, 0.4761176470588429, 42.81091176470641, 1.1109411764706114, 0.5157941176470744, 42.96961764705934, 43.24735294117699, 1.3093235294117687, 43.921852941176994, 0.6745, 1.2696470588235371, 0.039676470588231406, 0.07935294117646281, 41.898352941176995, 0.4761176470588429, 0.07935294117646281, 0.4364411764705785, 1.2299705882353056, 42.41414705882403, 41.30320588235345, 0.5157941176470744, 0.9919117647058844, 1.2299705882353056, 43.44573529411818, 42.4538235294123, 0.3570882352941157, 0.11902941176469423, 0.8332058823529586, 0.19838235294119005, 42.731558823529944, 1.2696470588235371, 0.4364411764705785, 42.17608823529464, 42.2554411764711, 0.23805882352942145, 0.4761176470588429, 0.7538529411764959, 0.7538529411764627, 42.81091176470641, 0.5554705882353057, 0.5554705882353057, 43.16800000000053, 43.1283235294123, 43.088647058824066, 0.039676470588231406, 0.3174117647058843, 0.23805882352942145, 0.07935294117646281, 42.96961764705934, 42.09673529411815, 0.952235294117653, 41.541264705882874, 42.49350000000052, 0.15870588235295868, 0.7935294117647272, 0.4364411764705785, 0.6348235294117686, 0.11902941176469423, 0.039676470588231406, 0.39676470588234714, 0.8332058823529586, 0.11902941176469423, 0.7935294117647272, 0.27773529411765285, 0.6745, 0.6745, 0.3174117647058843, 41.77932352941226, 0.3570882352941157, 0.5554705882353057, 42.771235294118185, 42.731558823529944, 0.952235294117653, 0.5554705882353057, 41.977705882353455, 42.850588235294644, 0.5951470588235372, 43.644117647059375, 42.96961764705934, 0.3570882352941157, 42.33479411764757, 0.9919117647058844, 42.652205882353456, 0.039676470588231406, 0.9919117647058844, 0.27773529411765285, 43.48541176470641, 0.11902941176469423, 0.19838235294119005, 0.7935294117647272, 42.96961764705934, 0.5157941176470744, 0.19838235294119005, 41.50158823529461, 42.81091176470641, 1.54738235294119, 43.287029411765225, 0.3570882352941157, 0.952235294117653, 43.16800000000053, 0.5554705882353057, 0.7935294117647272, 0.6745, 0.27773529411765285, 1.54738235294119, 42.850588235294644, 42.33479411764757, 42.09673529411815, 2.0631764705882647, 43.24735294117699, 0.23805882352942145, 42.69188235294169, 0.7935294117647272, 0.87288235294119, 42.3744705882358, 42.69188235294169, 0.4364411764705785, 0.11902941176469423, 0.27773529411765285, 0.9919117647058844, 0.6745, 0.4364411764705785, 0.27773529411765285, 42.89026470588288, 43.20767647058876, 43.287029411765225, 42.4538235294123, 42.17608823529464, 43.84250000000053, 1.349, 0.39676470588234714, 42.96961764705934, 0.87288235294119, 0.23805882352942145, 0.7935294117647272, 0.4761176470588429, 1.1109411764706114, 42.96961764705934, 42.771235294118185, 41.6999705882358, 0.0, 0.3570882352941157, 41.898352941176995, 0.43644117647061154, 0.952235294117653, 0.15870588235295868, 0.4761176470588429, 0.8332058823529586, 0.27773529411765285, 1.0315882352941488, 0.11902941176469423, 43.525088235294646, 0.23805882352942145, 0.23805882352942145, 0.15870588235295868, 0.11902941176469423, 0.5554705882353057, 0.6745, 1.07126470588238, 0.23805882352942145, 0.6348235294117686, 0.8332058823529586, 0.3570882352941157, 1.5077058823529585, 0.9125588235294214, 42.57285294117699, 0.23805882352942145, 43.04897058823583, 1.1902941176470745, 43.287029411765225, 1.6664117647058843, 42.850588235294644, 0.23805882352942145, 0.039676470588231406, 0.5554705882353057, 43.723470588235834, 0.3570882352941157, 0.19838235294119005, 0.5554705882353057, 42.533176470588764, 0.19838235294119005, 42.17608823529464, 0.11902941176469423, 42.92994117647111, 0.87288235294119, 42.96961764705934, 0.19838235294119005, 0.7935294117647272, 0.7141764705882314, 0.4761176470588429, 43.1283235294123, 0.23805882352942145, 42.771235294118185, 0.11902941176469423, 42.3744705882358, 1.07126470588238, 0.9919117647058844, 43.921852941176994, 42.81091176470641, 0.6745, 0.39676470588234714, 42.652205882353456, 42.771235294118185, 0.7935294117647272, 42.533176470588764, 1.3093235294117687, 42.29511764705934, 0.9919117647058844, 0.5554705882353057, 0.8332058823529586, 0.5157941176470744, 0.11902941176469423, 0.07935294117646281, 0.6745, 0.3570882352941157, 0.7141764705882314, 0.039676470588231406, 0.3174117647058843, 0.11902941176469423, 0.039676470588231406, 0.6745, 0.9125588235294214, 0.3570882352941157, 0.27773529411765285, 42.49350000000052, 0.5951470588235372, 0.039676470588231406, 1.3886764705882644, 1.07126470588238, 0.0, 0.15870588235295868, 0.9125588235294214, 1.428352941176496, 42.05705882352992, 0.952235294117653, 42.3744705882358, 1.150617647058843, 0.5157941176470744, 0.5157941176470744, 0.5157941176470744, 0.19838235294119005, 0.19838235294119005, 0.27773529411765285, 43.00929411764757, 42.96961764705934, 0.3174117647058843, 0.39676470588234714, 1.0315882352941157, 0.6348235294117686, 0.5554705882353057, 42.89026470588288, 0.11902941176469423, 0.15870588235292563, 0.7935294117647272, 0.11902941176469423, 1.07126470588238, 0.7141764705882314, 42.81091176470641, 42.850588235294644, 1.2299705882353056, 0.07935294117646281, 0.6348235294117686, 0.07935294117646281, 0.7935294117647272, 0.11902941176469423, 0.07935294117646281, 0.3174117647058843, 43.32670588235349, 1.1902941176470745, 42.33479411764757, 0.11902941176469423, 0.3174117647058843, 42.49350000000052, 0.27773529411765285, 43.44573529411818, 0.39676470588234714, 0.6745, 0.039676470588231406, 0.7141764705882314, 0.4761176470588429, 42.89026470588288, 0.039676470588231406, 0.07935294117646281, 1.2299705882353056, 0.07935294117646281, 1.2696470588235371, 42.4538235294123, 0.11902941176469423, 0.19838235294119005, 0.6348235294117686, 44.278941176471136, 0.3570882352941157, 0.27773529411765285, 42.17608823529464, 0.3174117647058843, 0.952235294117653, 41.93802941176522, 43.04897058823583, 0.5157941176470744, 0.039676470588231406, 0.3174117647058843, 0.952235294117653, 0.4761176470588429, 0.43644117647061154, 0.11902941176469423, 0.11902941176469423, 43.24735294117699, 41.8190000000005, 0.0, 0.039676470588231406, 0.39676470588234714, 0.39676470588234714, 0.19838235294119005, 0.5554705882353057, 0.3570882352941157, 0.7141764705882314, 0.11902941176469423, 0.8332058823529586, 42.17608823529464, 0.23805882352942145, 43.04897058823583, 0.5157941176470744, 42.136411764706416, 0.039676470588231406, 0.0, 0.19838235294119005, 0.5951470588235372, 0.43644117647061154, 42.29511764705934, 0.39676470588234714, 0.6348235294117686, 0.39676470588234714, 1.3093235294117687, 43.088647058824066, 0.9919117647058844, 0.952235294117653, 43.20767647058876, 42.69188235294169, 43.088647058824066, 42.09673529411815, 42.69188235294169, 43.287029411765225, 43.04897058823583, 0.4761176470588429, 41.977705882353455, 42.61252941176522, 0.5951470588235372, 1.150617647058843, 0.4364411764705785, 42.4538235294123, 43.6837941176476, 0.4364411764705785, 0.6348235294117686, 0.87288235294119, 43.84250000000053, 43.525088235294646, 0.5157941176470744, 42.850588235294644, 0.3570882352941157, 42.49350000000052, 0.5157941176470744, 41.858676470588755, 41.858676470588755, 0.3174117647058843, 0.15870588235292563, 0.15870588235295868, 43.04897058823583, 0.15870588235295868, 42.731558823529944, 42.771235294118185, 42.01738235294168, 42.49350000000052, 0.039676470588231406, 43.56476470588287, 42.69188235294169, 42.92994117647111, 0.23805882352942145, 42.2554411764711, 42.01738235294168, 0.11902941176469423, 42.49350000000052, 41.77932352941226, 0.11902941176469423, 0.3570882352941157, 0.5951470588235372, 42.3744705882358, 42.96961764705934, 42.215764705882876, 0.19838235294119005, 0.23805882352942145, 0.07935294117646281, 1.1109411764706114, 0.15870588235292563, 0.5554705882353057, 42.731558823529944, 0.3570882352941157, 43.16800000000053, 0.23805882352942145, 42.3744705882358, 0.039676470588231406, 0.43644117647061154, 0.7141764705882314, 42.57285294117699, 0.5554705882353057, 42.771235294118185, 0.3174117647058843, 0.4761176470588429, 43.00929411764757, 42.652205882353456, 43.88217647058876, 1.07126470588238, 42.3744705882358, 42.57285294117699, 41.93802941176522, 0.19838235294119005, 43.36638235294172, 43.00929411764757, 42.29511764705934, 0.7935294117647272, 42.4538235294123, 43.921852941176994, 0.07935294117646281, 0.039676470588231406, 0.11902941176469423, 0.0, 0.039676470588231406, 0.0, 0.39676470588234714, 0.07935294117646281, 43.24735294117699, 42.652205882353456, 0.15870588235292563, 43.40605882352995, 42.61252941176522, 42.69188235294169, 43.088647058824066, 43.088647058824066, 42.49350000000052, 0.07935294117646281, 42.4538235294123, 41.77932352941226, 0.39676470588234714, 0.87288235294119, 0.9125588235294214, 43.04897058823583, 1.54738235294119, 41.93802941176522, 0.11902941176469423, 43.20767647058876, 42.17608823529464, 43.00929411764757, 42.89026470588288, 1.1109411764706114, 42.2554411764711, 42.850588235294644, 0.07935294117646281, 0.4761176470588429, 0.11902941176469423, 42.05705882352992, 0.5554705882353057, 0.0, 0.4761176470588429, 0.6348235294117686, 0.7141764705882314, 0.07935294117646281, 0.07935294117646281, 42.731558823529944, 42.771235294118185, 0.11902941176469423, 0.952235294117653, 0.15870588235295868, 0.039676470588231406, 0.5951470588235372, 0.07935294117646281, 0.43644117647061154, 0.39676470588234714, 0.15870588235292563, 0.7141764705882314, 0.11902941176469423, 0.4761176470588429, 0.7935294117647272, 0.27773529411765285, 0.5157941176470744, 0.039676470588231406, 0.23805882352942145, 0.7538529411764627, 0.87288235294119, 0.4364411764705785, 0.5157941176470744, 43.00929411764757, 42.49350000000052, 0.19838235294119005, 0.15870588235292563, 0.3570882352941157, 43.00929411764757, 43.1283235294123, 42.69188235294169, 0.4364411764705785, 42.89026470588288, 1.150617647058843, 1.07126470588238, 0.19838235294119005, 0.11902941176469423, 0.9919117647058844, 0.952235294117653, 42.09673529411815, 0.3570882352941157, 0.4761176470588429, 0.5157941176470744, 0.3174117647058843, 0.4364411764705785, 1.07126470588238, 0.4761176470588429, 0.19838235294119005, 0.3174117647058843, 0.23805882352942145, 1.349, 0.3570882352941157, 0.3174117647058843, 0.39676470588234714, 0.5554705882353057, 0.19838235294119005, 0.39676470588234714, 0.87288235294119, 0.11902941176469423, 0.27773529411765285, 0.23805882352942145, 0.3570882352941157, 0.15870588235292563, 0.3174117647058843, 0.5554705882353057, 0.15870588235295868, 0.27773529411765285, 1.7060882352941487, 0.87288235294119, 1.428352941176496, 0.039676470588231406, 0.23805882352942145, 0.4761176470588429, 0.039676470588231406, 0.3570882352941157, 1.54738235294119, 0.9919117647058844, 0.27773529411765285, 1.5870588235294214, 0.039676470588231406, 0.5157941176470744, 0.11902941176469423, 1.3093235294117687, 1.6664117647058843, 0.3570882352941157, 0.8332058823529586, 0.19838235294119005, 0.039676470588231406, 1.349, 1.428352941176496, 1.74576470588238, 1.4680294117647272, 0.952235294117653, 0.87288235294119, 0.5951470588235372, 0.7935294117647272, 0.7538529411764959, 43.802823529412294, 42.96961764705934, 0.3570882352941157, 0.23805882352942145, 0.9919117647058844, 1.150617647058843, 42.92994117647111, 41.104823529412265, 0.5157941176470744, 0.3174117647058843, 0.07935294117646281, 0.11902941176469423, 0.7935294117647272, 0.6348235294117686, 41.6999705882358, 42.49350000000052, 0.6348235294117686, 1.349, 0.07935294117646281, 43.40605882352995, 42.850588235294644, 0.87288235294119, 0.3570882352941157, 0.8332058823529586, 42.850588235294644, 0.6348235294117686, 1.0315882352941157, 0.3570882352941157, 0.8332058823529586, 0.3570882352941157, 0.5157941176470744, 43.36638235294172, 0.4761176470588429, 42.3744705882358, 0.23805882352942145, 0.0, 0.43644117647061154, 0.7935294117647272, 0.27773529411765285, 0.23805882352942145, 43.32670588235349, 42.29511764705934, 42.89026470588288, 43.56476470588287, 43.723470588235834, 42.4538235294123, 0.15870588235295868, 1.1902941176470745, 0.23805882352942145, 0.5554705882353057, 0.3570882352941157, 43.20767647058876, 42.09673529411815, 1.1109411764706114, 42.533176470588764, 43.644117647059375, 42.850588235294644, 1.428352941176496, 42.850588235294644, 0.7141764705882314, 0.11902941176469423, 42.533176470588764, 0.07935294117646281, 43.802823529412294, 0.11902941176469423, 0.07935294117646281, 0.39676470588234714, 43.6837941176476, 0.3174117647058843, 42.81091176470641, 0.15870588235295868, 0.6745, 43.604441176471106, 0.87288235294119, 0.07935294117646281, 42.69188235294169, 42.69188235294169, 1.74576470588238, 0.23805882352942145, 1.3886764705882644, 1.07126470588238, 0.11902941176469423, 0.039676470588231406, 42.61252941176522, 43.20767647058876, 1.3093235294117687, 0.15870588235292563, 42.92994117647111, 42.92994117647111, 0.039676470588231406, 0.19838235294119005, 43.04897058823583, 0.7935294117647272, 42.57285294117699, 0.7935294117647272, 0.23805882352942145, 0.07935294117646281, 0.039676470588231406, 43.36638235294172, 0.5157941176470744, 43.00929411764757, 42.69188235294169, 0.11902941176469423, 0.8332058823529586, 1.2299705882353056, 1.7854411764706115, 0.87288235294119, 1.0315882352941157, 0.19838235294119005, 1.904470588235306, 42.81091176470641, 1.1109411764706114, 0.5157941176470744, 0.3174117647058843, 0.87288235294119, 1.1902941176470745, 42.652205882353456, 1.54738235294119, 0.4761176470588429, 0.39676470588234714, 0.3570882352941157, 0.3174117647058843, 42.57285294117699, 0.0, 41.898352941176995, 1.428352941176496, 0.7141764705882314, 0.3570882352941157, 1.349, 41.8190000000005, 0.6348235294117686, 0.039676470588231406, 41.93802941176522, 0.9125588235294214, 41.977705882353455, 0.5951470588235372, 0.23805882352942145, 0.43644117647061154, 42.61252941176522, 0.27773529411765285, 0.6745, 0.3174117647058843, 42.69188235294169, 0.15870588235295868, 0.5554705882353057, 40.98579411764757, 1.1109411764706114, 0.07935294117646281, 0.3570882352941157, 0.39676470588234714, 0.3174117647058843, 1.2696470588235371, 43.088647058824066, 42.05705882352992, 0.5157941176470744, 0.15870588235292563, 0.07935294117646281, 0.039676470588231406, 0.27773529411765285, 42.3744705882358, 0.6348235294117686, 0.15870588235292563, 0.15870588235295868, 42.69188235294169, 43.32670588235349, 0.15870588235295868, 0.39676470588234714, 1.349, 0.0, 0.43644117647061154, 0.4761176470588429, 1.3886764705882644, 0.5157941176470744, 42.2554411764711, 43.16800000000053, 1.07126470588238, 0.11902941176469423, 42.731558823529944, 42.49350000000052, 0.5157941176470744, 42.3744705882358, 0.23805882352942145, 42.29511764705934, 0.039676470588231406, 0.7141764705882314, 43.40605882352995, 43.84250000000053, 0.6745, 43.84250000000053, 41.184176470588724, 42.41414705882403, 0.039676470588231406, 0.43644117647061154, 0.39676470588234714, 41.898352941176995, 0.07935294117646281, 42.215764705882876, 0.39676470588234714, 0.952235294117653, 0.3570882352941157, 0.5951470588235372, 0.4364411764705785, 0.23805882352942145, 42.81091176470641, 0.19838235294119005, 0.6745, 0.39676470588234714, 41.858676470588755, 42.89026470588288, 42.3744705882358, 42.136411764706416, 43.40605882352995, 43.76314705882407, 42.96961764705934, 0.3570882352941157, 42.2554411764711, 41.50158823529461, 42.89026470588288, 0.9919117647058844, 42.96961764705934, 0.19838235294119005, 42.92994117647111, 0.15870588235292563, 42.850588235294644, 42.33479411764757, 0.5157941176470744, 0.3570882352941157, 43.04897058823583, 42.652205882353456, 0.0, 42.69188235294169, 42.29511764705934, 0.07935294117646281, 42.850588235294644, 43.00929411764757, 43.604441176471106, 42.57285294117699, 1.0315882352941157, 1.4680294117647272, 42.92994117647111, 42.69188235294169, 0.5554705882353057, 0.5951470588235372, 43.36638235294172, 0.5951470588235372, 1.1109411764706114, 42.731558823529944, 43.525088235294646, 43.56476470588287, 0.0, 42.81091176470641, 42.33479411764757, 0.19838235294119005, 0.5157941176470744, 0.039676470588231406, 1.150617647058843, 0.5951470588235372, 42.69188235294169, 42.61252941176522, 43.32670588235349, 0.5554705882353057, 0.039676470588231406, 0.3174117647058843, 43.1283235294123, 0.7935294117647272, 42.61252941176522, 42.92994117647111, 42.92994117647111, 0.11902941176469423, 42.92994117647111, 43.48541176470641, 1.150617647058843, 0.15870588235295868, 42.652205882353456, 0.5554705882353057, 41.858676470588755, 41.93802941176522, 42.731558823529944, 0.39676470588234714, 42.57285294117699, 43.00929411764757, 42.61252941176522, 41.858676470588755, 0.4761176470588429, 42.41414705882403, 42.771235294118185, 0.3570882352941157, 43.16800000000053, 42.69188235294169, 0.7935294117647272, 0.19838235294119005, 42.731558823529944, 42.731558823529944, 0.19838235294119005, 42.652205882353456, 42.215764705882876, 0.7935294117647272, 0.5157941176470744, 0.15870588235292563, 0.039676470588231406, 0.19838235294119005, 0.07935294117646281, 0.39676470588234714, 42.49350000000052, 0.3174117647058843, 0.23805882352942145, 0.23805882352942145, 1.904470588235306, 1.54738235294119, 0.11902941176469423, 43.04897058823583, 0.5951470588235372, 42.09673529411815, 0.3174117647058843, 0.87288235294119, 0.19838235294119005, 0.11902941176469423, 0.6745, 0.11902941176469423, 42.89026470588288, 0.39676470588234714, 0.6348235294117686, 0.15870588235295868, 0.6348235294117686, 0.3570882352941157, 0.9125588235294214, 0.039676470588231406, 42.09673529411815, 0.27773529411765285, 1.07126470588238, 1.1902941176470745, 0.11902941176469423, 1.1109411764706114, 0.039676470588231406, 0.11902941176469423, 0.952235294117653, 42.850588235294644, 1.4680294117647272, 1.2299705882353056, 42.652205882353456, 42.01738235294168, 43.088647058824066, 0.3174117647058843, 1.3093235294117687, 42.41414705882403, 0.039676470588231406, 0.5157941176470744, 43.36638235294172, 0.07935294117646281, 0.5554705882353057, 0.19838235294119005, 44.278941176471136, 42.17608823529464, 1.4680294117647272, 0.15870588235295868, 0.952235294117653, 42.850588235294644, 0.4761176470588429, 0.3174117647058843, 42.61252941176522, 42.92994117647111, 1.7060882352941487, 0.23805882352942145, 42.850588235294644, 0.039676470588231406, 0.7141764705882314, 0.07935294117646281, 0.6348235294117686, 0.15870588235292563, 1.5870588235294214, 42.771235294118185, 42.17608823529464, 0.19838235294119005, 0.952235294117653, 43.04897058823583, 0.3570882352941157, 1.7060882352941487, 0.23805882352942145, 0.5554705882353057, 0.11902941176469423, 0.15870588235295868, 0.5951470588235372, 0.27773529411765285, 0.5554705882353057, 0.6745, 0.7538529411764627, 0.3174117647058843, 1.1902941176470745, 0.15870588235292563, 0.7935294117647272, 0.7538529411764627, 0.4761176470588429, 42.57285294117699, 1.54738235294119, 0.11902941176469423, 0.039676470588231406, 0.11902941176469423, 0.6348235294117686, 1.1902941176470745, 0.6745, 0.9125588235294214, 0.5951470588235372, 0.5157941176470744, 0.39676470588234714, 0.7538529411764959, 0.6745, 0.3174117647058843, 0.15870588235295868, 0.39676470588234714, 0.9125588235294214, 0.07935294117646281, 0.15870588235292563, 0.27773529411765285, 41.8190000000005, 0.23805882352942145, 0.3570882352941157, 42.96961764705934, 0.3174117647058843, 0.5951470588235372, 0.07935294117646281, 42.771235294118185, 0.5554705882353057, 41.977705882353455, 42.41414705882403, 0.039676470588231406, 0.3570882352941157, 0.4761176470588429, 0.15870588235292563, 1.0315882352941157, 0.9919117647058844, 0.07935294117646281, 0.7935294117647272, 0.23805882352942145, 0.6348235294117686, 42.81091176470641, 0.5951470588235372, 42.49350000000052, 0.9125588235294214, 0.19838235294119005, 0.15870588235295868, 0.6348235294117686, 43.088647058824066, 42.49350000000052, 0.039676470588231406, 0.11902941176469423, 1.2696470588235371, 42.4538235294123, 0.3570882352941157, 0.7538529411764627, 0.952235294117653, 0.3174117647058843, 42.3744705882358, 42.731558823529944, 0.15870588235292563, 0.27773529411765285, 41.898352941176995, 0.5951470588235372, 1.1902941176470745, 42.652205882353456, 41.93802941176522, 42.215764705882876, 0.19838235294119005, 0.4364411764705785, 1.150617647058843, 0.5951470588235372, 0.3174117647058843, 0.5157941176470744, 42.61252941176522, 0.039676470588231406, 1.349000000000033, 1.150617647058843, 0.19838235294119005, 0.5157941176470744, 42.771235294118185, 0.19838235294119005, 41.898352941176995, 0.8332058823529586, 0.3570882352941157, 42.61252941176522, 0.039676470588231406, 0.6348235294117686, 42.136411764706416, 0.3174117647058843, 42.4538235294123, 0.07935294117646281, 0.4761176470588429, 1.904470588235306, 43.16800000000053, 0.952235294117653, 1.3886764705882644, 0.3174117647058843, 0.4761176470588429, 0.43644117647061154, 0.07935294117646281, 0.3570882352941157, 0.9919117647058844, 42.96961764705934, 0.11902941176469423, 0.039676470588231406, 0.87288235294119, 43.04897058823583, 1.5077058823529585, 42.61252941176522, 0.43644117647061154, 0.3570882352941157, 0.4364411764705785, 1.349, 0.4761176470588429, 0.6348235294117686, 1.3886764705882644, 0.39676470588234714, 0.5554705882353057, 42.4538235294123, 0.5157941176470744, 0.39676470588234714, 0.11902941176469423, 0.3174117647058843, 43.84250000000053, 0.39676470588234714, 43.24735294117699, 43.1283235294123, 0.9125588235294214, 0.6348235294117686, 0.15870588235292563, 42.41414705882403, 42.771235294118185, 0.3570882352941157, 0.3570882352941157, 43.32670588235349, 43.16800000000053, 43.88217647058876, 41.858676470588755, 0.8332058823529586, 42.533176470588764, 42.49350000000052, 0.6745, 0.39676470588234714, 0.0, 1.150617647058843, 42.3744705882358, 1.349, 41.77932352941226, 42.731558823529944, 0.11902941176469423, 1.1902941176470745, 0.5951470588235372, 0.3570882352941157, 0.3174117647058843, 0.3570882352941157, 1.07126470588238, 0.19838235294119005, 0.19838235294119005, 42.57285294117699, 42.652205882353456, 0.23805882352942145, 41.977705882353455, 0.07935294117646281, 42.850588235294644, 1.0315882352941157, 0.7935294117647272, 2.2615588235294215, 0.5951470588235372, 0.4364411764705785, 0.07935294117646281, 0.07935294117646281, 0.3174117647058843, 0.5157941176470744, 0.27773529411765285, 0.5157941176470744, 42.41414705882403, 43.287029411765225, 0.87288235294119, 0.3570882352941157, 0.11902941176469423, 42.850588235294644, 43.1283235294123, 42.850588235294644, 0.19838235294119005, 42.771235294118185, 42.3744705882358, 43.32670588235349, 42.61252941176522, 1.2696470588235371, 0.039676470588231406, 0.7538529411764959, 0.07935294117646281, 0.19838235294119005, 1.07126470588238, 0.5951470588235372, 0.23805882352942145, 42.41414705882403, 43.04897058823583, 41.660294117647574, 0.87288235294119, 0.15870588235292563, 1.4680294117647272, 0.15870588235292563, 42.136411764706416, 42.2554411764711, 41.858676470588755, 0.7141764705882314, 1.07126470588238, 0.3174117647058843, 0.15870588235295868, 0.11902941176469423, 0.11902941176469423, 42.771235294118185, 0.19838235294119005, 42.850588235294644, 0.7538529411764627, 41.660294117647574, 0.27773529411765285, 0.27773529411765285, 43.6837941176476, 0.3174117647058843, 1.0315882352941157, 0.87288235294119, 43.44573529411818, 0.27773529411765285, 42.01738235294168, 0.23805882352942145, 0.9919117647058844, 0.9125588235294214, 41.62061764705933, 0.7935294117647272, 1.2696470588235371, 41.93802941176522, 43.44573529411818, 0.6348235294117686, 0.15870588235292563, 42.2554411764711, 0.6348235294117686, 1.0315882352941488, 0.11902941176469423, 0.7141764705882314, 0.15870588235292563, 0.23805882352942145, 42.652205882353456, 0.43644117647061154, 0.11902941176469423, 0.3174117647058843, 42.01738235294168, 43.604441176471106, 0.39676470588234714, 42.771235294118185, 0.5157941176470744, 1.6664117647058843, 43.44573529411818, 42.92994117647111, 42.771235294118185, 0.5157941176470744, 1.626735294117653, 43.88217647058876, 42.731558823529944, 42.771235294118185, 1.7060882352941487, 41.8190000000005, 43.00929411764757, 43.36638235294172, 42.850588235294644, 0.9125588235294214, 42.41414705882403, 0.0, 42.49350000000052, 0.6745, 43.48541176470641, 0.8332058823529586, 42.49350000000052, 0.3174117647058843, 0.9919117647058844, 1.2299705882353056, 0.19838235294119005, 1.0315882352941488, 1.2299705882353056, 0.23805882352942145, 0.19838235294119005, 41.62061764705933, 42.69188235294169, 0.39676470588234714, 0.9125588235294214, 0.15870588235292563, 43.36638235294172, 41.77932352941226, 1.07126470588238, 0.4364411764705785, 1.428352941176496, 0.4761176470588429, 0.6745, 42.92994117647111, 42.850588235294644, 0.3174117647058843, 0.039676470588231406, 0.19838235294119005, 0.19838235294119005, 0.4761176470588429, 42.771235294118185, 0.5157941176470744, 0.5554705882353057, 42.81091176470641, 0.5157941176470744, 0.19838235294119005, 0.43644117647061154, 0.23805882352942145, 0.6348235294117686, 0.7935294117647272, 0.27773529411765285, 0.23805882352942145, 0.23805882352942145, 42.96961764705934, 0.23805882352942145, 0.3570882352941157, 42.652205882353456, 0.9919117647058844, 42.05705882352992, 42.2554411764711, 0.23805882352942145, 0.039676470588231406, 0.07935294117646281, 0.039676470588231406, 0.6348235294117686, 42.61252941176522, 0.23805882352942145, 42.3744705882358, 0.8332058823529586, 43.723470588235834, 43.40605882352995, 0.952235294117653, 0.7935294117647272, 41.46191176470638, 43.40605882352995, 0.23805882352942145, 0.23805882352942145, 43.6837941176476, 42.49350000000052, 0.11902941176469423, 0.7935294117647272, 0.11902941176469423, 0.039676470588231406, 0.5157941176470744, 0.8332058823529586, 42.850588235294644, 0.39676470588234714, 0.5554705882353057, 0.3570882352941157, 0.07935294117646281, 0.07935294117646281, 0.39676470588234714, 0.5157941176470744, 0.3570882352941157, 0.3174117647058843, 43.44573529411818, 0.27773529411765285, 0.15870588235292563, 42.4538235294123, 41.62061764705933, 1.5870588235294214, 0.11902941176469423, 0.5157941176470744, 0.5157941176470744, 1.626735294117653, 0.4364411764705785, 42.61252941176522, 0.07935294117646281, 1.2299705882353056, 0.7141764705882314, 0.19838235294119005, 1.2696470588235371, 0.27773529411765285, 0.3570882352941157, 0.19838235294119005, 0.6348235294117686, 0.0, 42.17608823529464, 0.15870588235292563, 0.4761176470588429, 0.19838235294119005, 0.7538529411764627, 0.19838235294119005, 0.27773529411765285, 0.27773529411765285, 0.39676470588234714, 0.5157941176470744, 1.3093235294117687, 0.39676470588234714, 43.04897058823583, 42.41414705882403, 0.87288235294119, 0.4364411764705785, 0.6348235294117686, 0.6745, 0.23805882352942145, 0.039676470588231406, 0.5554705882353057, 0.11902941176469423, 0.5554705882353057, 0.7141764705882314, 0.7935294117647272, 0.87288235294119, 1.1109411764706114, 42.96961764705934, 42.29511764705934, 0.5554705882353057, 1.1902941176470745, 0.7141764705882314, 0.7935294117647272, 0.23805882352942145, 0.9125588235294214, 0.39676470588234714, 1.0315882352941157, 0.27773529411765285, 0.19838235294119005, 0.039676470588231406, 0.039676470588231406, 0.27773529411765285, 1.2696470588235371, 0.7141764705882314, 0.5554705882353057, 0.27773529411765285, 0.952235294117653, 42.731558823529944, 42.4538235294123, 0.15870588235295868, 0.19838235294119005, 0.15870588235292563, 0.6348235294117686, 0.3174117647058843, 0.5157941176470744, 42.850588235294644, 42.3744705882358, 0.39676470588234714, 43.00929411764757, 0.039676470588231406, 0.6745, 0.07935294117646281, 0.8332058823529586, 0.23805882352942145, 42.92994117647111, 0.87288235294119, 0.8332058823529586, 0.3570882352941157, 1.0315882352941157, 42.09673529411815, 0.7538529411764627, 0.3174117647058843, 1.7854411764706115, 0.9919117647058844, 0.5554705882353057, 0.6348235294117686, 0.11902941176469423, 0.0, 0.07935294117646281, 42.771235294118185, 0.15870588235295868, 0.4364411764705785, 0.4364411764705785, 0.3174117647058843, 0.4761176470588429, 0.23805882352942145, 1.1109411764706114, 0.39676470588234714, 0.6745, 0.19838235294119005, 0.5951470588235372, 0.3174117647058843, 1.6664117647058843, 42.92994117647111, 43.04897058823583, 0.3570882352941157, 0.6745, 0.27773529411765285, 42.3744705882358, 1.2299705882353056, 0.0, 0.5157941176470744, 0.8332058823529586, 0.3174117647058843, 1.1109411764706114, 0.23805882352942145, 0.27773529411765285, 0.4761176470588429, 41.660294117647574, 0.9125588235294214, 0.5554705882353057, 0.39676470588234714, 0.9125588235294214, 0.952235294117653, 42.136411764706416, 42.652205882353456, 0.7141764705882314, 0.7935294117647272, 0.11902941176469423, 43.04897058823583, 42.49350000000052, 43.44573529411818, 0.7538529411764959, 42.57285294117699, 0.039676470588231406, 0.3174117647058843, 0.8332058823529586, 0.15870588235295868, 0.039676470588231406, 42.29511764705934, 42.33479411764757, 42.215764705882876, 0.9919117647058844, 0.27773529411765285, 0.6745, 1.3886764705882644, 43.20767647058876, 43.20767647058876, 42.92994117647111, 0.6745, 0.4761176470588429, 0.039676470588231406, 42.57285294117699, 42.771235294118185, 0.8332058823529586, 42.652205882353456, 0.23805882352942145, 0.6745, 42.731558823529944, 0.5951470588235372, 0.07935294117646281, 1.1902941176470745, 0.39676470588234714, 0.4364411764705785, 43.287029411765225, 0.9919117647058844, 0.5554705882353057, 0.4364411764705785, 0.8332058823529586, 0.3570882352941157, 0.23805882352942145, 0.3174117647058843, 42.09673529411815, 0.9919117647058844, 41.858676470588755, 0.3174117647058843, 0.5951470588235372, 0.3570882352941157, 0.11902941176469423, 0.3570882352941157, 1.2696470588235371, 0.5157941176470744, 0.5951470588235372, 0.4364411764705785, 0.15870588235292563, 0.19838235294119005, 0.19838235294119005, 42.731558823529944, 43.48541176470641, 0.039676470588231406, 0.3570882352941157, 42.96961764705934, 1.150617647058843, 0.27773529411765285, 0.87288235294119, 1.349000000000033, 0.6348235294117686, 0.4761176470588429, 42.89026470588288, 43.1283235294123, 42.850588235294644, 0.6745, 0.9125588235294214, 0.07935294117646281, 0.23805882352942145, 42.136411764706416, 1.0315882352941488, 0.7935294117647272, 42.92994117647111, 42.41414705882403, 0.87288235294119, 1.2299705882353056, 0.6348235294117686, 1.1109411764706114, 0.6745, 0.87288235294119, 1.54738235294119, 0.6348235294117686, 1.3886764705882644, 43.48541176470641, 42.92994117647111, 1.5870588235294214, 0.3570882352941157, 0.4364411764705785, 0.5157941176470744, 0.4364411764705785, 43.16800000000053, 0.6348235294117686, 42.69188235294169, 0.039676470588231406, 0.6348235294117686, 0.19838235294119005, 0.15870588235292563, 0.9919117647058844, 43.088647058824066, 43.56476470588287, 0.9125588235294214, 0.039676470588231406, 0.6745, 0.3174117647058843, 0.07935294117646281, 43.04897058823583, 0.039676470588231406, 0.5157941176470744, 42.09673529411815, 43.56476470588287, 0.3570882352941157, 0.7935294117647272, 0.15870588235292563, 0.6348235294117686, 0.87288235294119, 0.11902941176469423, 1.3093235294117687, 42.09673529411815, 0.7935294117647272, 1.0315882352941157, 1.0315882352941157, 0.19838235294119005, 0.039676470588231406, 0.7935294117647272, 0.11902941176469423, 42.850588235294644, 0.4364411764705785, 41.6999705882358, 1.07126470588238, 0.5157941176470744, 0.15870588235292563, 0.5951470588235372, 1.07126470588238, 43.04897058823583, 0.5951470588235372, 0.4761176470588429, 1.2696470588235371, 0.39676470588234714, 42.69188235294169, 0.5157941176470744, 1.7854411764706115, 0.3570882352941157, 0.9125588235294214, 0.5951470588235372, 42.61252941176522, 0.8332058823529586, 0.3570882352941157, 42.81091176470641, 42.81091176470641, 0.952235294117653, 0.9125588235294214, 0.27773529411765285, 0.5157941176470744, 0.11902941176469423, 42.533176470588764, 0.7935294117647272, 43.1283235294123, 0.7141764705882314, 42.49350000000052, 0.43644117647061154, 1.54738235294119, 0.7935294117647272, 0.19838235294119005, 0.039676470588231406, 42.731558823529944, 42.61252941176522, 0.23805882352942145, 1.150617647058843, 0.6745, 43.525088235294646, 0.0, 0.3570882352941157, 1.0315882352941157, 43.20767647058876, 43.1283235294123, 0.07935294117646281, 0.5951470588235372, 41.977705882353455, 42.61252941176522, 0.23805882352942145, 0.07935294117646281, 42.41414705882403, 42.81091176470641, 0.15870588235295868, 0.19838235294119005, 1.3093235294117687, 1.1902941176470745, 1.2696470588235371, 0.3174117647058843, 0.07935294117646281, 0.4364411764705785, 1.3886764705882644, 1.07126470588238, 0.6745, 0.4761176470588429, 0.4364411764705785, 0.15870588235292563, 0.952235294117653, 42.771235294118185, 0.23805882352942145, 43.32670588235349, 1.0315882352941157, 42.89026470588288, 0.6745, 0.3174117647058843, 1.349, 0.039676470588231406, 0.7538529411764627, 0.7141764705882314, 0.0, 0.6348235294117686, 0.3570882352941157, 1.349, 1.428352941176496, 0.87288235294119, 0.7141764705882314, 1.5870588235294214, 42.4538235294123, 0.5951470588235372, 0.7538529411764627, 0.4761176470588429, 42.89026470588288, 42.81091176470641, 1.2696470588235371, 0.4364411764705785, 0.87288235294119, 0.15870588235292563, 0.39676470588234714, 1.349, 0.0, 0.39676470588234714, 0.4761176470588429, 0.3570882352941157, 0.11902941176469423, 1.1902941176470745, 43.32670588235349, 42.533176470588764, 0.87288235294119, 1.150617647058843, 0.6745, 0.15870588235295868, 42.41414705882403, 42.3744705882358, 0.19838235294119005, 1.1902941176470745, 0.07935294117646281, 0.15870588235295868, 41.93802941176522, 42.61252941176522, 0.23805882352942145, 0.7141764705882314, 0.8332058823529586, 0.23805882352942145, 0.39676470588234714, 0.23805882352942145, 0.15870588235292563, 43.32670588235349, 0.43644117647061154, 0.07935294117646281, 0.7141764705882314, 0.8332058823529586, 42.61252941176522, 0.8332058823529586, 1.74576470588238, 0.6348235294117686, 0.3174117647058843, 0.5157941176470744, 0.9125588235294214, 0.039676470588231406, 0.23805882352942145, 42.3744705882358, 41.858676470588755, 42.771235294118185, 0.7141764705882314, 0.87288235294119, 0.6348235294117686, 0.5554705882353057, 0.5951470588235372, 0.7538529411764627, 0.11902941176469423, 43.1283235294123, 0.19838235294119005, 42.41414705882403, 0.23805882352942145, 0.15870588235295868, 1.1902941176470745, 1.428352941176496, 43.088647058824066, 0.9125588235294214, 0.7538529411764959, 1.349, 0.5157941176470744, 0.7141764705882314, 41.977705882353455, 42.33479411764757, 0.9125588235294214, 1.349, 0.39676470588234714, 0.5951470588235372, 0.6348235294117686, 42.49350000000052, 42.850588235294644, 0.7935294117647272, 42.81091176470641, 1.4680294117647272, 0.39676470588234714, 0.19838235294119005, 0.6745, 0.039676470588231406, 0.4761176470588429, 1.4680294117647272, 43.287029411765225, 42.731558823529944, 0.4761176470588429, 42.33479411764757, 0.11902941176469423, 0.07935294117646281, 0.39676470588234714, 0.15870588235292563, 42.2554411764711, 41.93802941176522, 1.150617647058843, 1.626735294117653, 0.6745, 0.23805882352942145, 42.57285294117699, 0.039676470588231406, 0.5554705882353057, 42.136411764706416, 42.136411764706416, 0.952235294117653, 43.48541176470641, 42.61252941176522, 0.23805882352942145, 0.43644117647061154, 0.23805882352942145, 0.3174117647058843, 42.17608823529464, 42.01738235294168, 1.1902941176470745, 0.39676470588234714, 0.11902941176469423, 43.48541176470641, 1.07126470588238, 0.3570882352941157, 0.15870588235292563, 0.15870588235295868, 0.15870588235295868, 41.541264705882874, 41.8190000000005, 1.54738235294119, 0.5554705882353057, 0.5554705882353057, 0.23805882352942145, 42.652205882353456, 0.5951470588235372, 0.7935294117647272, 0.19838235294119005, 0.6348235294117686, 0.7141764705882314, 0.39676470588234714, 0.15870588235292563, 0.6348235294117686, 1.74576470588238, 0.07935294117646281, 1.07126470588238, 0.11902941176469423, 1.150617647058843, 42.4538235294123, 42.2554411764711, 0.3174117647058843, 43.56476470588287, 0.27773529411765285, 0.7935294117647272, 1.428352941176496, 0.6348235294117686, 0.9919117647058844, 42.731558823529944, 43.1283235294123, 0.27773529411765285, 0.8332058823529586, 0.8332058823529586, 0.11902941176469423, 0.4364411764705785, 42.05705882352992, 0.7141764705882314, 1.3093235294117687, 0.6348235294117686, 0.15870588235292563, 42.3744705882358, 0.23805882352942145, 0.23805882352942145, 0.3174117647058843, 0.27773529411765285, 0.039676470588231406, 0.4364411764705785, 0.19838235294119005, 0.5951470588235372, 0.19838235294119005, 0.11902941176469423, 0.3570882352941157, 1.7060882352941487, 1.5870588235294214, 0.15870588235295868, 0.4364411764705785, 0.039676470588231406, 1.349, 0.11902941176469423, 0.19838235294119005, 0.39676470588234714, 0.23805882352942145, 0.4761176470588429, 0.039676470588231406, 0.5951470588235372, 0.4761176470588429, 0.039676470588231406, 0.11902941176469423, 0.15870588235292563, 0.5951470588235372, 1.3093235294117687, 0.19838235294119005, 0.7538529411764627, 0.4364411764705785, 0.039676470588231406, 0.8332058823529586, 0.039676470588231406, 0.4364411764705785, 0.5554705882353057, 0.6745, 0.5554705882353057, 0.23805882352942145, 0.5554705882353057, 0.7935294117647272, 0.15870588235292563, 0.23805882352942145, 0.07935294117646281, 1.2696470588235371, 0.6745, 0.23805882352942145, 0.8332058823529586, 0.43644117647061154, 1.07126470588238, 0.5951470588235372, 0.23805882352942145, 0.7141764705882314, 0.07935294117646281, 0.3174117647058843, 0.6348235294117686, 1.07126470588238, 43.088647058824066, 0.952235294117653, 0.6745, 0.6745, 0.15870588235292563, 0.5951470588235372, 0.87288235294119, 43.44573529411818, 42.17608823529464, 0.23805882352942145, 1.6664117647058843, 0.07935294117646281, 0.039676470588231406, 0.39676470588234714, 0.4761176470588429, 0.7538529411764627, 1.944147058823537, 1.4680294117647272, 1.1902941176470745, 1.54738235294119, 41.977705882353455, 0.39676470588234714, 0.952235294117653, 42.81091176470641, 1.0315882352941157, 1.54738235294119, 0.039676470588231406, 0.19838235294119005, 1.0315882352941157, 0.23805882352942145, 1.07126470588238, 0.27773529411765285, 0.4364411764705785, 43.44573529411818, 0.7141764705882314, 0.3570882352941157, 1.3093235294117687, 0.19838235294119005, 0.5157941176470744, 0.23805882352942145, 1.150617647058843, 0.039676470588231406, 0.3174117647058843, 0.0, 0.27773529411765285, 0.23805882352942145, 42.05705882352992, 0.23805882352942145, 0.07935294117646281, 0.6745, 0.3174117647058843, 1.0315882352941157, 0.3174117647058843, 43.84250000000053, 0.4761176470588429, 1.150617647058843, 0.27773529411765285, 0.27773529411765285, 0.11902941176469423, 0.19838235294119005, 0.23805882352942145, 0.11902941176469423, 0.3174117647058843, 0.19838235294119005, 0.19838235294119005, 0.039676470588231406, 0.15870588235292563, 0.4761176470588429, 42.215764705882876, 0.15870588235292563, 0.7935294117647272, 42.69188235294169, 0.039676470588231406, 0.5951470588235372, 1.2299705882353056, 0.23805882352942145, 0.19838235294119005, 0.19838235294119005, 0.07935294117646281, 0.4761176470588429, 0.5157941176470744, 41.38255882352991, 42.89026470588288, 0.039676470588231406, 0.7538529411764627, 0.3570882352941157, 0.0, 42.41414705882403, 0.5951470588235372, 0.3570882352941157, 1.07126470588238, 0.11902941176469423, 0.23805882352942145, 42.533176470588764, 42.81091176470641, 41.8190000000005, 43.6837941176476, 1.150617647058843, 42.731558823529944, 0.19838235294119005, 42.89026470588288, 0.5951470588235372, 0.3174117647058843, 0.039676470588231406, 0.39676470588234714, 0.5554705882353057, 0.43644117647061154, 42.96961764705934, 0.7538529411764627, 0.7538529411764959, 0.039676470588231406, 0.15870588235292563, 1.07126470588238, 42.533176470588764, 0.5554705882353057, 0.7538529411764959, 0.39676470588234714, 0.5554705882353057, 0.11902941176469423, 0.07935294117646281, 0.39676470588234714, 0.07935294117646281, 0.5951470588235372, 42.850588235294644, 42.652205882353456, 0.0, 0.15870588235295868, 0.0, 2.1425294117647273, 0.4364411764705785, 0.5554705882353057, 0.0, 0.4761176470588429, 0.19838235294119005, 0.15870588235295868, 0.19838235294119005, 43.00929411764757, 0.6745, 0.3570882352941157, 43.00929411764757, 0.43644117647061154, 0.39676470588234714, 0.11902941176469423, 0.19838235294119005, 0.27773529411765285, 0.3174117647058843, 0.039676470588231406, 0.87288235294119, 0.07935294117646281, 0.07935294117646281, 0.3174117647058843, 42.850588235294644, 0.3174117647058843, 0.3570882352941157, 42.57285294117699, 1.1109411764706114, 42.69188235294169, 0.3174117647058843, 0.23805882352942145, 0.07935294117646281, 1.349, 1.944147058823537, 0.39676470588234714, 0.3174117647058843, 0.39676470588234714, 0.7538529411764959, 0.0, 0.9919117647058844, 0.039676470588231406, 0.07935294117646281, 42.29511764705934, 0.11902941176469423, 42.4538235294123, 42.96961764705934, 0.0, 0.0, 0.5157941176470744, 0.3570882352941157, 0.23805882352942145, 0.23805882352942145, 1.1902941176470745, 0.4761176470588429, 0.87288235294119, 0.11902941176469423, 43.287029411765225, 0.5157941176470744, 1.428352941176496, 0.4761176470588429, 43.604441176471106, 0.19838235294119005, 43.1283235294123, 0.43644117647061154, 0.39676470588234714, 0.7141764705882314, 43.20767647058876, 42.69188235294169, 0.5554705882353057, 1.0315882352941157, 0.4364411764705785, 0.19838235294119005, 0.5951470588235372, 0.039676470588231406, 0.11902941176469423, 43.48541176470641, 42.17608823529464, 42.92994117647111, 0.5951470588235372, 0.07935294117646281, 0.23805882352942145, 0.6348235294117686, 0.7935294117647272, 0.039676470588231406, 0.07935294117646281, 0.15870588235292563, 0.039676470588231406, 0.15870588235292563, 0.6745, 43.44573529411818, 0.11902941176469423, 0.39676470588234714, 42.850588235294644, 42.136411764706416, 1.904470588235306, 0.9919117647058844, 0.5554705882353057, 1.2299705882353056, 1.150617647058843, 0.3570882352941157, 0.5157941176470744, 1.349, 1.07126470588238, 43.24735294117699, 41.977705882353455, 0.5951470588235372, 0.952235294117653, 1.1109411764706114, 0.19838235294119005, 0.07935294117646281, 0.07935294117646281, 0.27773529411765285, 0.6348235294117686, 0.6745, 0.11902941176469423, 0.3174117647058843, 0.5554705882353057, 0.039676470588231406, 0.23805882352942145, 0.07935294117646281, 0.11902941176469423, 0.952235294117653, 1.1109411764706114, 0.27773529411765285, 0.27773529411765285, 0.0, 0.11902941176469423, 0.7141764705882314, 1.349, 0.4761176470588429, 0.19838235294119005, 0.4364411764705785, 0.11902941176469423, 1.2696470588235371, 0.8332058823529586, 0.3174117647058843, 0.19838235294119005, 0.23805882352942145, 0.039676470588231406, 0.4364411764705785, 0.3570882352941157, 1.2696470588235371, 0.6745, 0.4364411764705785, 0.7538529411764627, 0.7141764705882314, 0.4761176470588429, 0.9125588235294214, 0.9125588235294214, 0.5951470588235372, 0.3174117647058843, 0.7935294117647272, 0.87288235294119, 0.3174117647058843, 0.3570882352941157, 0.6348235294117686, 0.27773529411765285, 0.039676470588231406, 42.215764705882876, 0.5554705882353057, 0.039676470588231406, 0.7141764705882314, 0.3174117647058843, 0.7935294117647272, 1.1902941176470745, 1.428352941176496, 0.39676470588234714, 0.39676470588234714, 1.1109411764706114, 0.5951470588235372, 0.5157941176470744, 0.6348235294117686, 0.39676470588234714, 0.7935294117647272, 0.6348235294117686, 0.7935294117647272, 0.7538529411764627, 0.39676470588234714, 0.6745, 0.07935294117646281, 0.27773529411765285, 0.9919117647058844, 1.1109411764706114, 0.39676470588234714, 0.15870588235295868, 0.23805882352942145, 0.5157941176470744, 0.8672142857142627, 0.9153928571428285, 0.3854285714285657, 0.4817857142856971, 1.5417142857142627, 0.33725, 1.349, 0.04817857142856569, 52.65917857142808, 0.6263214285714344, 0.4817857142856971, 0.28907142857143425, 1.6380714285714342, 0.3854285714285657, 52.46646428571382, 51.64742857142812, 0.5781428571428284, 0.9153928571428687, 52.08103571428526, 51.55107142857096, 0.1927142857143029, 1.01175, 52.707357142856694, 52.562821428570956, 52.12921428571382, 0.1445357142857372, 0.33725, 1.01175, 0.2408928571428285, 0.0, 0.04817857142856569, 0.09635714285713139, 0.1927142857143029, 1.156285714285697, 0.7226785714285657, 0.6263214285714344, 0.28907142857143425, 0.8672142857143028, 0.09635714285713139, 0.5781428571428685, 0.33725, 2.0235, 0.04817857142856569, 0.43360714285713137, 1.01175, 0.6745, 0.1445357142857372, 1.1081071428571314, 0.2408928571428686, 1.5417142857142627, 0.33725, 0.7708571428571314, 0.1445357142857372, 1.0599285714285656, 1.2044642857143029, 1.4453571428571315, 0.3854285714285657, 51.74378571428525, 1.1081071428571314, 0.28907142857143425, 1.01175, 1.01175, 1.2044642857143029, 0.28907142857143425, 0.6263214285714344, 0.33725, 0.28907142857143425, 1.349, 0.7708571428571314, 0.09635714285713139, 1.156285714285697, 0.04817857142856569, 0.1445357142857372, 0.1445357142856971, 1.1081071428571314, 0.4817857142856971, 0.09635714285713139, 1.1081071428571314, 0.0, 0.5299642857142628, 0.3854285714285657, 0.33725, 0.0, 0.1927142857143029, 0.28907142857143425, 0.7708571428571314, 0.6745, 1.4453571428571315, 0.7226785714285657, 0.2408928571428285, 0.5299642857143029, 0.09635714285713139, 1.0599285714285656, 0.5781428571428685, 0.5781428571428685, 0.2408928571428285, 0.09635714285713139, 52.562821428570956, 51.06928571428526, 2.02349999999996, 0.6263214285714344, 0.8190357142856971, 0.33725, 0.5299642857142628, 0.19271428571426277, 0.3854285714285657, 51.406535714285255, 0.5299642857142628, 0.43360714285713137, 0.43360714285713137, 0.3854285714285657, 0.4817857142856971, 0.2408928571428686, 0.4817857142856971, 1.1081071428571314, 0.6745, 0.19271428571426277, 0.2408928571428285, 0.8190357142856971, 0.09635714285713139, 0.1445357142857372, 1.4453571428571315, 1.2526428571428687, 0.2408928571428285, 0.1445357142857372, 1.156285714285697, 1.7344285714285657, 1.0599285714285656, 1.1081071428571314, 0.1445357142857372, 0.5299642857143029, 0.6263214285714344, 1.0599285714285656, 1.6380714285714342, 1.349, 0.5781428571428284, 0.2408928571428285, 0.5781428571428685, 0.19271428571426277, 0.6745, 0.9635714285714343, 0.04817857142856569, 52.562821428570956, 0.6263214285714344, 0.1927142857143029, 0.09635714285713139, 0.7226785714285657, 0.1445357142857372, 0.5299642857143029, 50.87657142857095, 0.9635714285714343, 0.9153928571428687, 0.7708571428571314, 1.3008214285714343, 0.5299642857143029, 0.43360714285713137, 0.33725, 0.33725, 0.3854285714285657, 0.09635714285713139, 0.7226785714285657, 0.6263214285714344, 0.7226785714285657, 0.1445357142856971, 51.55107142857096, 0.8190357142856971, 0.28907142857143425, 0.2408928571428686, 0.3854285714285657, 0.33725, 0.6745, 0.6263214285714344, 0.1445357142856971, 0.7708571428571314, 0.8672142857143028, 0.9153928571428285, 0.33725, 0.2408928571428686, 0.5781428571428284, 0.28907142857143425, 0.1445357142857372, 0.09635714285713139, 0.1445357142857372, 1.3008214285714343, 0.1445357142856971, 0.3854285714285657, 0.2408928571428686, 0.09635714285713139, 2.119857142857131, 0.43360714285713137, 0.8190357142856971, 0.33725, 0.9635714285713942, 0.6263214285714344, 0.7226785714285657, 0.2408928571428686, 0.9153928571428687, 0.3854285714285657, 1.3008214285714343, 0.09635714285713139, 0.5781428571428284, 0.3854285714285657, 0.5781428571428284, 1.01175, 0.9635714285713942, 0.9635714285713942, 0.3854285714285657, 0.9153928571428687, 1.156285714285697, 0.7226785714285657, 0.04817857142856569, 0.1927142857143029, 1.3971785714285656, 0.3854285714285657, 0.7226785714285657, 0.8190357142856971, 0.2408928571428285, 0.8190357142856971, 0.8190357142856971, 0.0, 0.28907142857143425, 0.09635714285713139, 0.7708571428571314, 0.09635714285713139, 52.37010714285669, 0.1445357142856971, 0.43360714285713137, 0.5781428571428685, 1.01175, 0.7708571428571314, 0.6745, 51.213821428570945, 51.74378571428525, 0.1445357142856971, 51.31017857142812, 0.4817857142856971, 0.1445357142856971, 51.93649999999951, 51.791964285713824, 0.8190357142856971, 53.28549999999952, 1.7344285714285657, 0.4817857142856971, 0.9635714285714343, 0.09635714285713139, 0.0, 0.4817857142857372, 0.09635714285713139, 0.04817857142856569, 0.8190357142856971, 0.09635714285713139, 0.0, 0.7708571428571314, 1.3971785714285656, 0.9153928571428687, 52.94824999999952, 51.888321428570954, 52.37010714285669, 52.65917857142808, 0.2408928571428686, 51.35835714285669, 0.6745, 51.213821428570945, 52.032857142856685, 0.2408928571428686, 0.5299642857143029, 0.04817857142856569, 0.9635714285713942, 1.2526428571428687, 0.3854285714285657, 0.5781428571428685, 1.1081071428571314, 0.7708571428571314, 0.28907142857143425, 0.19271428571426277, 52.22557142857095, 1.2044642857143029, 1.3008214285714343, 0.9635714285714343, 0.28907142857143425, 0.8672142857142627, 1.156285714285697, 0.8672142857143028, 0.33725, 0.6745, 0.6263214285714344, 0.28907142857143425, 0.2408928571428686, 0.7226785714285657, 0.43360714285713137, 0.6263214285714344, 0.9635714285714343, 0.9635714285714343, 0.6745, 51.31017857142812, 1.01175, 0.4817857142857372, 0.43360714285713137, 0.0, 0.6263214285714344, 0.5781428571428685, 0.28907142857143425, 0.28907142857143425, 0.5299642857142628, 0.8190357142856971, 0.33725, 0.5781428571428685, 0.0, 0.7226785714285657, 1.01175, 52.996428571428076, 0.28907142857143425, 0.1927142857143029, 0.5781428571428685, 0.4817857142856971, 0.6263214285714344, 51.93649999999951, 0.1927142857143029, 52.37010714285669, 0.8672142857142627, 0.04817857142856569, 50.82839285714239, 0.1927142857143029, 0.8672142857142627, 0.3854285714285657, 0.09635714285713139, 0.9635714285714343, 52.90007142857095, 52.75553571428525, 1.5898928571428685, 0.7226785714285657, 0.3854285714285657, 52.514642857142384, 52.514642857142384, 0.4817857142857372, 0.09635714285713139, 0.6263214285714344, 0.28907142857143425, 0.7226785714285657, 0.6745, 53.28549999999952, 51.69560714285669, 52.418285714285254, 0.1445357142856971, 0.2408928571428285, 0.04817857142856569, 0.9635714285714343, 0.4817857142856971, 0.5299642857142628, 0.43360714285713137, 0.9153928571428687, 0.0, 0.5781428571428284, 0.04817857142856569, 0.43360714285713137, 51.406535714285255, 1.5417142857142627, 52.707357142856694, 0.3854285714285657, 0.1927142857143029, 1.4453571428571315, 0.4817857142856971, 0.5299642857143029, 0.6263214285714344, 1.1081071428571314, 0.1927142857143029, 0.6263214285714344, 50.97292857142812, 0.1445357142857372, 52.22557142857095, 51.74378571428525, 51.64742857142812, 1.9271428571428284, 0.6263214285714344, 1.01175, 51.791964285713824, 53.09278571428525, 51.35835714285669, 0.8672142857143028, 52.37010714285669, 52.32192857142808, 52.22557142857095, 0.7226785714285657, 51.55107142857096, 0.6263214285714344, 52.32192857142808, 0.1927142857143029, 0.3854285714285657, 0.3854285714285657, 0.33725, 0.09635714285713139, 1.156285714285697, 1.2044642857143029, 0.8190357142856971, 1.4453571428571315, 0.43360714285713137, 0.7226785714285657, 0.6263214285714344, 0.43360714285713137, 0.4817857142856971, 0.1445357142857372, 0.04817857142856569, 0.09635714285713139, 0.43360714285713137, 0.2408928571428686, 0.2408928571428686, 0.28907142857143425, 0.28907142857143425, 1.0599285714285656, 0.04817857142856569, 0.2408928571428285, 0.33725, 0.3854285714285657, 0.19271428571426277, 0.8190357142856971, 0.7708571428571314, 0.09635714285713139, 0.2408928571428285, 0.7708571428571314, 52.46646428571382, 52.90007142857095, 1.2044642857143029, 53.574571428570955, 0.28907142857143425, 52.418285714285254, 0.2408928571428285, 0.2408928571428285, 1.8789642857142628, 51.213821428570945, 0.2408928571428686, 0.09635714285713139, 1.4935357142856969, 1.7826071428571313, 1.2526428571428283, 0.09635714285713139, 1.01175, 0.0, 0.1927142857143029, 0.6263214285714344, 0.5781428571428284, 0.09635714285713139, 0.09635714285713139, 1.204464285714263, 0.8190357142856971, 0.4817857142856971, 0.04817857142856569, 0.5781428571428284, 0.4817857142857372, 0.3854285714285657, 1.2526428571428687, 0.9153928571428687, 0.04817857142856569, 0.04817857142856569, 0.2408928571428686, 51.599249999999515, 50.58749999999956, 0.33725, 52.37010714285669, 0.1445357142856971, 0.09635714285713139, 1.5898928571428685, 0.8672142857143028, 0.9635714285714343, 0.6263214285714344, 0.4817857142856971, 0.1445357142856971, 0.28907142857143425, 0.5299642857143029, 0.09635714285713139, 51.502892857142385, 51.35835714285669, 52.22557142857095, 51.888321428570954, 0.5781428571428685, 0.3854285714285657, 0.9635714285713942, 0.09635714285713139, 0.19271428571426277, 0.1927142857143029, 1.6380714285714342, 0.33725, 0.5781428571428284, 53.62274999999952, 1.1081071428571314, 51.64742857142812, 0.7226785714285657, 0.8190357142856971, 1.9271428571428284, 0.6745, 0.6745, 0.9153928571428687, 0.4817857142857372, 0.33725, 50.82839285714239, 0.7226785714285657, 0.2408928571428686, 52.61099999999952, 52.32192857142808, 0.1445357142857372, 50.63567857142812, 1.4453571428571315, 0.04817857142856569, 0.5299642857143029, 0.1445357142857372, 0.7708571428571314, 0.8672142857142627, 0.2408928571428285, 0.4817857142857372, 52.514642857142384, 52.803714285713816, 0.5781428571428685, 0.7708571428571314, 0.8190357142856971, 0.0, 0.09635714285713139, 51.98467857142813, 51.64742857142812, 0.5299642857142628, 51.021107142856685, 1.5417142857142627, 0.1927142857143029, 0.2408928571428686, 51.791964285713824, 51.74378571428525, 0.6263214285714344, 52.803714285713816, 1.4935357142856969, 0.4817857142857372, 0.4817857142857372, 0.8672142857142627, 0.7226785714285657, 0.33725, 0.04817857142856569, 0.9635714285713942, 0.1445357142856971, 1.0599285714285656, 1.68625, 0.33725, 1.0599285714285656, 0.2408928571428686, 0.8190357142856971, 0.7708571428571314, 1.0599285714285656, 0.6263214285714344, 0.33725, 0.09635714285713139, 0.43360714285713137, 0.9153928571428687, 0.5299642857143029, 1.975321428571394, 0.6263214285714344, 0.5781428571428284, 0.6745, 0.6263214285714344, 1.5417142857142627, 1.349, 1.7826071428571313, 1.156285714285697, 1.349, 0.6745, 1.3008214285714343, 0.0, 0.5299642857143029, 51.45471428571382, 1.2044642857143029, 0.6745, 51.45471428571382, 52.22557142857095, 52.032857142856685, 0.9153928571428687, 0.04817857142856569, 1.4453571428571315, 0.6263214285714344, 0.4817857142857372, 0.0, 0.04817857142856569, 0.19271428571426277, 0.09635714285713139, 0.9635714285714343, 0.8672142857143028, 1.3971785714285656, 0.1445357142857372, 0.19271428571426277, 52.418285714285254, 0.6263214285714344, 52.46646428571382, 0.4817857142857372, 1.6380714285714342, 52.803714285713816, 0.19271428571426277, 0.09635714285713139, 51.35835714285669, 1.4935357142856969, 0.04817857142856569, 51.98467857142813, 0.33725, 0.19271428571426277, 1.01175, 0.1445357142857372, 0.5781428571428284, 0.33725, 0.0, 0.8190357142856971, 0.19271428571426277, 0.7226785714285657, 0.4817857142857372, 0.4817857142856971, 0.43360714285713137, 0.3854285714285657, 0.3854285714285657, 0.04817857142856569, 0.1927142857143029, 0.28907142857143425, 0.5781428571428685, 1.5898928571428286, 0.6263214285714344, 0.33725, 0.3854285714285657, 0.5299642857143029, 0.1445357142857372, 0.3854285714285657, 52.85189285714239, 52.12921428571382, 0.33725, 1.204464285714263, 0.5299642857143029, 1.5417142857142627, 0.1445357142857372, 0.3854285714285657, 0.28907142857143425, 0.4817857142857372, 0.28907142857143425, 0.7226785714285657, 1.3008214285714343, 0.5781428571428284, 0.04817857142856569, 0.33725, 0.8672142857143028, 0.33725, 0.2408928571428285, 0.6263214285714344, 0.3854285714285657, 0.43360714285713137, 0.1445357142857372, 1.4453571428571315, 0.3854285714285657, 0.8672142857143028, 0.7226785714285657, 0.1445357142857372, 0.04817857142856569, 0.09635714285713139, 1.156285714285697, 1.3971785714285656, 0.3854285714285657, 0.09635714285713139, 52.08103571428526, 0.6263214285714344, 0.33725, 0.9153928571428687, 0.33725, 1.4935357142856969, 0.28907142857143425, 0.1445357142857372, 51.502892857142385, 52.803714285713816, 51.69560714285669, 51.84014285714239, 0.3854285714285657, 53.33367857142809, 50.58749999999956, 52.37010714285669, 0.8672142857142627, 0.7226785714285657, 52.22557142857095, 52.12921428571382, 0.7708571428571314, 0.04817857142856569, 51.35835714285669, 0.09635714285713139, 0.09635714285713139, 0.9635714285714343, 51.45471428571382, 52.75553571428525, 0.9153928571428687, 53.33367857142809, 0.2408928571428686, 0.9153928571428687, 1.7826071428571313, 52.273749999999524, 52.32192857142808, 0.43360714285713137, 0.4817857142857372, 52.996428571428076, 0.3854285714285657, 0.3854285714285657, 0.6745, 0.09635714285713139, 1.01175, 52.514642857142384, 51.55107142857096, 0.43360714285713137, 0.09635714285713139, 0.8190357142856971, 0.0, 0.33725, 52.75553571428525, 0.6745, 1.349, 0.28907142857143425, 0.6745, 0.2408928571428686, 0.6263214285714344, 0.2408928571428285, 52.707357142856694, 1.7826071428571313, 0.0, 0.4817857142857372, 51.11746428571382, 51.45471428571382, 0.5781428571428284, 0.1445357142856971, 1.2526428571428283, 0.4817857142857372, 0.19271428571426277, 0.09635714285713139, 0.8190357142856971, 0.4817857142857372, 0.33725, 0.43360714285713137, 52.37010714285669, 0.2408928571428285, 0.5299642857142628, 0.9635714285713942, 51.791964285713824, 53.09278571428525, 0.1927142857143029, 0.1445357142857372, 1.4453571428571315, 0.43360714285713137, 0.8190357142856971, 0.5299642857142628, 0.5781428571428284, 0.2408928571428285, 0.6745, 0.3854285714285657, 0.28907142857143425, 0.2408928571428686, 0.33725, 0.8672142857142627, 51.98467857142813, 51.26199999999956, 0.5299642857143029, 52.22557142857095, 1.156285714285697, 0.6745, 0.9635714285713942, 1.1081071428571314, 0.28907142857143425, 50.780214285713825, 52.22557142857095, 0.9635714285714343, 51.791964285713824, 0.04817857142856569, 0.5781428571428685, 0.4817857142856971, 0.3854285714285657, 51.06928571428526, 0.1927142857143029, 0.9635714285714343, 0.3854285714285657, 52.75553571428525, 52.996428571428076, 0.2408928571428285, 0.5781428571428685, 0.28907142857143425, 52.996428571428076, 52.37010714285669, 52.37010714285669, 0.2408928571428285, 0.8190357142856971, 0.8672142857142627, 0.3854285714285657, 51.35835714285669, 51.888321428570954, 0.7708571428571314, 51.64742857142812, 52.273749999999524, 0.43360714285713137, 51.888321428570954, 0.5781428571428685, 0.6263214285714344, 0.9635714285714343, 0.2408928571428686, 0.2408928571428686, 0.04817857142856569, 0.8190357142856971, 0.04817857142856569, 0.09635714285713139, 0.43360714285713137, 0.3854285714285657, 51.502892857142385, 51.74378571428525, 51.31017857142812, 0.04817857142856569, 1.2044642857143029, 0.28907142857143425, 0.6263214285714344, 52.90007142857095, 1.4453571428571315, 0.2408928571428686, 0.2408928571428686, 52.94824999999952, 51.213821428570945, 52.37010714285669, 1.156285714285697, 1.4453571428571315, 51.11746428571382, 0.4817857142856971, 52.22557142857095, 52.37010714285669, 52.90007142857095, 0.1445357142856971, 1.2526428571428687, 1.5898928571428685, 1.4453571428571315, 0.28907142857143425, 51.69560714285669, 0.9635714285714343, 1.0599285714285656, 0.28907142857143425, 0.7708571428571314, 52.514642857142384, 51.31017857142812, 0.5781428571428284, 53.14096428571382, 1.3008214285714343, 0.9635714285713942, 1.3971785714285656, 0.6745, 1.0599285714285656, 1.3008214285713942, 0.6263214285714344, 52.032857142856685, 52.12921428571382, 1.0599285714285656, 0.7226785714285657, 52.22557142857095, 52.12921428571382, 0.6745, 0.28907142857143425, 52.418285714285254, 52.94824999999952, 1.01175, 1.0599285714285656, 0.6745, 0.43360714285713137, 1.3971785714285656, 0.09635714285713139, 1.0599285714285656, 0.7226785714285657, 0.5781428571428685, 0.33725, 1.3971785714285656, 0.3854285714285657, 0.6263214285714344, 0.7226785714285657, 0.43360714285713137, 0.7708571428571314, 0.2408928571428285, 0.43360714285713137, 0.04817857142856569, 1.2526428571428687, 0.6745, 0.9153928571428285, 0.3854285714285657, 50.394785714285256, 0.7226785714285657, 0.3854285714285657, 0.1445357142856971, 1.3971785714285656, 0.33725, 51.69560714285669, 0.8190357142856971, 0.4817857142857372, 0.5781428571428685, 0.3854285714285657, 0.8672142857142627, 0.0, 0.28907142857143425, 51.64742857142812, 0.5781428571428685, 1.156285714285697, 0.28907142857143425, 0.4817857142857372, 0.04817857142856569, 0.9635714285713942, 0.43360714285713137, 0.2408928571428285, 51.11746428571382, 52.707357142856694, 51.45471428571382, 0.9635714285714343, 51.64742857142812, 0.6263214285714344, 0.4817857142856971, 0.9153928571428687, 0.4817857142856971, 1.0599285714285656, 1.0599285714285656, 0.6263214285714344, 1.156285714285697, 0.28907142857143425, 0.7226785714285657, 0.33725, 1.2526428571428687, 52.22557142857095, 52.032857142856685, 0.5781428571428685, 0.7226785714285657, 0.8672142857142627, 0.9153928571428285, 0.0, 0.5781428571428284, 0.1445357142857372, 0.09635714285713139, 0.28907142857143425, 0.28907142857143425, 0.7226785714285657, 51.31017857142812, 0.1445357142857372, 0.7226785714285657, 0.9635714285714343, 0.4817857142857372, 0.8190357142856971, 0.1927142857143029, 0.09635714285713139, 0.1445357142857372, 0.09635714285713139, 0.09635714285713139, 0.1445357142857372, 0.3854285714285657, 0.6745, 0.1927142857143029, 0.4817857142856971, 0.6745, 0.3854285714285657, 0.09635714285713139, 0.2408928571428285, 0.04817857142856569, 1.6380714285714342, 1.4935357142856969, 1.6380714285714342, 0.5781428571428284, 0.0, 0.6745, 0.28907142857143425, 1.2044642857143029, 0.5299642857143029, 0.8672142857143028, 0.9153928571428687, 0.19271428571426277, 1.01175, 52.65917857142808, 51.93649999999951, 51.74378571428525, 0.8672142857143028, 0.09635714285713139, 1.2526428571428283, 0.1927142857143029, 52.273749999999524, 0.1445357142857372, 0.33725, 0.43360714285713137, 0.6263214285714344, 0.1445357142857372, 0.8190357142856971, 0.28907142857143425, 0.9635714285714343, 0.1445357142857372, 0.4817857142857372, 52.22557142857095, 52.12921428571382, 50.87657142857095, 0.09635714285713139, 1.1081071428571314, 52.22557142857095, 0.04817857142856569, 1.156285714285697, 0.5781428571428284, 0.9153928571428687, 1.01175, 0.09635714285713139, 0.7226785714285657, 1.1081071428571314, 0.2408928571428686, 0.1927142857143029, 0.1445357142856971, 0.6263214285714344, 0.7226785714285657, 0.0, 1.0599285714285656, 0.33725, 52.273749999999524, 0.43360714285713137, 0.28907142857143425, 0.43360714285713137, 0.19271428571426277, 0.2408928571428285, 0.7226785714285657, 0.8672142857143028, 0.33725, 0.33725, 0.4817857142857372, 0.09635714285713139, 0.5781428571428284, 1.0599285714285656, 52.707357142856694, 0.2408928571428285, 0.8672142857143028, 0.43360714285713137, 0.3854285714285657, 0.43360714285713137, 1.1081071428571314, 0.7708571428571314, 0.09635714285713139, 0.04817857142856569, 0.7708571428571314, 1.5417142857142627, 0.8672142857143028, 0.28907142857143425, 0.6263214285714344, 0.4817857142857372, 0.0, 0.33725, 0.28907142857143425, 0.9635714285713942, 1.0599285714285656, 0.3854285714285657, 51.021107142856685, 0.1927142857143029, 51.502892857142385, 0.2408928571428686, 0.2408928571428285, 0.4817857142856971, 1.4453571428571315, 52.37010714285669, 51.64742857142812, 0.3854285714285657, 0.3854285714285657, 0.09635714285713139, 0.4817857142856971, 1.8307857142856971, 53.52639285714238, 52.12921428571382, 0.2408928571428686, 52.08103571428526, 52.17739285714239, 0.1445357142857372, 0.0, 0.43360714285713137, 0.3854285714285657, 0.6263214285714344, 0.2408928571428686, 1.5898928571428685, 0.1445357142857372, 0.9153928571428285, 1.4935357142856969, 0.09635714285713139, 0.2408928571428285, 0.0, 0.2408928571428686, 0.09635714285713139, 1.01175, 0.43360714285713137, 0.33725, 0.7226785714285657, 1.01175, 0.1445357142857372, 52.032857142856685, 51.74378571428525, 51.791964285713824, 0.0, 0.6745, 52.514642857142384, 0.1445357142856971, 0.7226785714285657, 51.06928571428526, 0.6263214285714344, 0.04817857142856569, 1.4935357142856969, 51.69560714285669, 52.22557142857095, 0.04817857142856569, 53.189142857142386, 0.5299642857142628, 0.1445357142857372, 0.6263214285714344, 0.09635714285713139, 0.09635714285713139, 1.156285714285697, 0.8190357142856971, 0.5781428571428284, 0.8190357142856971, 0.28907142857143425, 0.6745, 1.01175, 0.28907142857143425, 1.6380714285714342, 0.6745, 0.8672142857143028, 0.4817857142856971, 0.1445357142857372, 0.6263214285714344, 53.04460714285665, 0.0, 1.2526428571428687, 51.69560714285669, 52.17739285714239, 0.5781428571428685, 1.156285714285697, 1.01175, 0.5299642857143029, 0.43360714285713137, 0.43360714285713137, 0.09635714285713139, 0.28907142857143425, 0.3854285714285657, 0.33725, 0.8190357142856971, 0.7708571428571314, 0.28907142857143425, 1.5417142857142627, 0.04817857142856569, 0.0, 0.7708571428571314, 0.8190357142856971, 0.33725, 0.1445357142857372, 0.0, 0.2408928571428686, 0.9153928571428285, 0.43360714285713137, 0.43360714285713137, 50.97292857142812, 0.8190357142856971, 0.43360714285713137, 52.032857142856685, 51.31017857142812, 1.156285714285697, 0.5781428571428685, 0.6263214285714344, 0.19271428571426277, 52.17739285714239, 51.69560714285669, 0.28907142857143425, 51.406535714285255, 0.9153928571428687, 1.1081071428571314, 0.5781428571428284, 0.28907142857143425, 0.33725, 0.28907142857143425, 0.33725, 0.28907142857143425, 51.98467857142813, 0.6745, 51.55107142857096, 51.791964285713824, 0.43360714285713137, 1.156285714285697, 1.4935357142856969, 0.09635714285713139, 1.2526428571428687, 0.43360714285713137, 0.3854285714285657, 51.213821428570945, 0.7708571428571314, 0.1445357142856971, 52.85189285714239, 52.37010714285669, 0.3854285714285657, 0.33725, 0.7226785714285657, 52.418285714285254, 0.9635714285714343, 0.5781428571428685, 0.1445357142856971, 0.28907142857143425, 0.3854285714285657, 0.1927142857143029, 0.19271428571426277, 0.6263214285714344, 0.09635714285713139, 1.1081071428571314, 0.0, 0.43360714285713137, 0.6263214285714344, 0.1445357142857372, 52.37010714285669, 0.7708571428571314, 51.11746428571382, 0.43360714285713137, 1.01175, 1.349, 0.3854285714285657, 0.33725, 0.4817857142857372, 0.04817857142856569, 0.09635714285713139, 0.28907142857143425, 51.55107142857096, 51.502892857142385, 0.9635714285713942, 0.6745, 1.204464285714263, 0.19271428571426277, 0.2408928571428686, 1.9271428571428284, 0.43360714285713137, 0.8672142857143028, 1.8307857142856971, 0.43360714285713137, 0.1445357142857372, 0.28907142857143425, 0.2408928571428686, 2.4089285714285658, 1.2526428571428687, 0.1927142857143029, 0.28907142857143425, 0.0, 0.5299642857142628, 0.1927142857143029, 52.17739285714239, 52.08103571428526, 53.86364285714239, 51.791964285713824, 0.28907142857143425, 0.04817857142856569, 0.1927142857143029, 51.84014285714239, 52.08103571428526, 0.1927142857143029, 0.04817857142856569, 0.09635714285713139, 0.4817857142857372, 0.7226785714285657, 0.43360714285713137, 0.8190357142856971, 0.8190357142856971, 0.04817857142856569, 0.43360714285713137, 1.01175, 1.01175, 0.9153928571428687, 0.33725, 0.04817857142856569, 0.6263214285714344, 0.28907142857143425, 0.6745, 0.9153928571428687, 1.204464285714263, 0.3854285714285657, 1.0599285714285656, 0.8672142857142627, 0.8672142857143028, 0.04817857142856569, 0.7708571428571314, 0.9153928571428687, 0.43360714285713137, 52.12921428571382, 51.74378571428525, 53.14096428571382, 0.8190357142856971, 50.298428571428126, 51.31017857142812, 0.0, 0.6263214285714344, 51.06928571428526, 0.33725, 0.8190357142856971, 0.6745, 0.7226785714285657, 0.4817857142856971, 0.7708571428571314, 0.3854285714285657, 0.9153928571428285, 0.6745, 0.8190357142856971, 0.04817857142856569, 0.9153928571428285, 0.28907142857143425, 0.4817857142857372, 0.9635714285713942, 0.2408928571428285, 52.61099999999952, 0.19271428571426277, 1.5417142857142627, 0.43360714285713137, 0.6745, 0.09635714285713139, 0.7708571428571314, 52.273749999999524, 0.1927142857143029, 0.19271428571426277, 0.8672142857143028, 1.349, 1.156285714285697, 1.156285714285697, 53.47821428571382, 52.22557142857095, 1.01175, 1.01175, 52.17739285714239, 0.8190357142856971, 1.349, 2.457107142857131, 1.349, 1.01175, 0.8190357142856971, 0.1927142857143029, 0.19271428571426277, 0.19271428571426277, 0.6263214285714344, 0.5781428571428284, 0.43360714285713137, 1.0599285714285656, 1.3008214285713942, 0.33725, 0.5299642857143029, 0.7226785714285657, 1.2526428571428687, 0.19271428571426277, 0.5299642857143029, 0.2408928571428285, 0.3854285714285657, 0.3854285714285657, 0.28907142857143425, 0.1927142857143029, 0.1445357142857372, 1.349, 0.6745, 1.0599285714285656, 0.43360714285713137, 0.8190357142856971, 1.1081071428571314, 0.28907142857143425, 0.2408928571428686, 0.1445357142857372, 0.8672142857142627, 1.0599285714285656, 1.6380714285713942, 1.204464285714263, 0.33725, 0.7226785714285657, 0.8190357142856971, 1.01175, 0.4817857142857372, 0.9635714285713942, 0.04817857142856569, 0.0, 1.8307857142856971, 1.0599285714285656, 0.6745, 0.33725, 0.43360714285713137, 0.6745, 0.04817857142856569, 1.2526428571428687, 0.7708571428571314, 0.5299642857142628, 51.888321428570954, 1.01175, 0.7708571428571314, 0.04817857142856569, 0.6263214285714344, 0.6745, 0.09635714285713139, 2.0716785714285657, 0.1445357142857372, 0.09635714285713139, 1.7344285714285657, 0.33725, 0.2408928571428285, 0.8190357142856971, 0.9153928571428285, 1.2526428571428687, 0.33725, 0.3854285714285657, 1.156285714285697, 0.1445357142857372, 0.5781428571428284, 0.33725, 0.8190357142856971, 0.33725, 0.5781428571428685, 0.0, 1.3971785714285656, 0.2408928571428686, 52.75553571428525, 52.08103571428526, 52.08103571428526, 0.7708571428571314, 1.156285714285697, 0.3854285714285657, 0.28907142857143425, 0.3854285714285657, 0.09635714285713139, 0.2408928571428686, 0.43360714285713137, 0.04817857142856569, 0.6745, 0.9635714285714343, 0.6263214285714344, 0.8672142857142627, 0.33725, 0.09635714285713139, 0.5781428571428685, 0.3854285714285657, 1.349, 0.9635714285713942, 0.4817857142857372, 0.8190357142856971, 0.5781428571428284, 0.1927142857143029, 2.0716785714285657, 0.7708571428571314, 1.3971785714285656, 1.68625, 1.1081071428571314, 0.1445357142856971, 0.0, 0.33725, 52.273749999999524, 0.09635714285713139, 0.6745, 0.1445357142857372, 1.9271428571428284, 1.3008214285714343, 0.9153928571428687, 0.33725, 1.349, 0.28907142857143425, 0.5299642857143029, 0.6263214285714344, 0.33725, 0.5299642857142628, 1.7344285714285657, 0.7226785714285657, 0.1445357142856971, 0.9153928571428687, 51.599249999999515, 0.1445357142857372, 52.12921428571382, 1.2526428571428687, 1.2526428571428687, 0.0, 0.5781428571428685, 0.33725, 2.0235, 52.37010714285669, 52.418285714285254, 0.43360714285713137, 0.19271428571426277, 0.6263214285714344, 0.43360714285713137, 1.6380714285714342, 0.33725, 0.8672142857143028, 1.1081071428571314, 1.0599285714285656, 0.04817857142856569, 52.17739285714239, 0.28907142857143425, 51.74378571428525, 0.6745, 0.2408928571428686, 0.04817857142856569, 0.7708571428571314, 0.7708571428571314, 0.33725, 0.9153928571428285, 0.43360714285713137, 0.4817857142857372, 0.5299642857143029, 0.28907142857143425, 1.4935357142856969, 0.7708571428571314, 51.84014285714239, 1.8307857142856971, 0.7708571428571314, 1.2526428571428687, 0.6745, 50.97292857142812, 52.17739285714239, 0.04817857142856569, 0.7708571428571314, 51.84014285714239, 0.0, 51.98467857142813, 0.43360714285713137, 0.09635714285713139, 2.0235, 0.5781428571428284, 51.502892857142385, 52.61099999999952, 0.4817857142857372, 1.5898928571428685, 0.7226785714285657, 1.3971785714285656, 0.1927142857143029, 0.5299642857143029, 0.19271428571426277, 0.43360714285713137, 52.65917857142808, 1.1081071428571314, 0.09635714285713139, 0.04817857142856569, 0.1927142857143029, 0.4817857142856971, 0.5781428571428284, 0.33725, 0.5781428571428284, 0.19271428571426277, 0.33725, 0.09635714285713139, 1.5417142857142627, 0.43360714285713137, 0.2408928571428686, 0.1445357142856971, 1.3971785714285656, 0.09635714285713139, 0.33725, 0.5299642857143029, 0.28907142857143425, 0.43360714285713137, 0.1445357142856971, 0.8190357142856971, 0.4817857142856971, 0.8672142857142627, 0.6263214285714344, 0.5299642857142628, 51.791964285713824, 1.4453571428571315, 0.04817857142856569, 0.1445357142856971, 0.3854285714285657, 0.19271428571426277, 0.04817857142856569, 0.28907142857143425, 51.502892857142385, 0.7226785714285657, 0.1445357142857372, 0.19271428571426277, 0.1927142857143029, 0.6745, 1.1081071428571314, 0.33725, 0.2408928571428686, 51.599249999999515, 0.5781428571428685, 0.33725, 0.43360714285713137, 0.19271428571426277, 52.37010714285669, 0.3854285714285657, 0.1445357142857372, 0.7708571428571314, 51.791964285713824, 52.75553571428525, 0.5299642857143029, 0.1445357142856971, 0.3854285714285657, 0.04817857142856569, 0.7226785714285657, 52.562821428570956, 0.04817857142856569, 0.33725, 52.803714285713816, 52.32192857142808, 1.1081071428571314, 0.8190357142856971, 0.9635714285714343, 51.11746428571382, 0.9635714285713942, 0.0, 0.43360714285713137, 1.1081071428571314, 51.84014285714239, 0.3854285714285657, 0.09635714285713139, 0.6263214285714344, 0.7226785714285657, 0.6745, 1.1081071428571314, 51.26199999999956, 0.7708571428571314, 0.43360714285713137, 52.418285714285254, 1.349, 0.8190357142856971, 0.7226785714285657, 1.3008214285714343, 0.1445357142857372, 51.64742857142812, 51.64742857142812, 0.1927142857143029, 51.69560714285669, 0.04817857142856569, 0.33725, 51.84014285714239, 0.2408928571428686, 0.6745, 1.4453571428571315, 0.1445357142857372, 0.1927142857143029, 0.7226785714285657, 0.6263214285714344, 1.2526428571428283, 0.3854285714285657, 0.6745, 0.5299642857143029, 0.1927142857143029, 0.4817857142856971, 0.0, 0.5781428571428685, 51.98467857142813, 0.28907142857143425, 0.04817857142856569, 0.8190357142856971, 52.562821428570956, 51.64742857142812, 0.8672142857143028, 0.8190357142856971, 0.1445357142856971, 1.156285714285697, 0.8672142857142627, 0.6263214285714344, 0.04817857142856569, 0.3854285714285657, 1.2526428571428687, 0.4817857142856971, 0.5299642857143029, 1.1081071428571314, 0.1445357142857372, 0.8190357142856971, 0.2408928571428686, 51.213821428570945, 52.90007142857095, 0.9635714285714343, 52.90007142857095, 0.33725, 0.7226785714285657, 0.19271428571426277, 0.28907142857143425, 51.84014285714239, 51.791964285713824, 1.0599285714285656, 52.514642857142384, 52.37010714285669, 0.6745, 0.4817857142856971, 0.19271428571426277, 0.43360714285713137, 1.2044642857143029, 0.8672142857143028, 0.9153928571428687, 0.1927142857143029, 0.33725, 0.6263214285714344, 0.3854285714285657, 0.6745, 1.3971785714285656, 0.43360714285713137, 0.04817857142856569, 50.87657142857095, 51.69560714285669, 0.19271428571426277, 0.4817857142856971, 1.3008214285713942, 0.0, 53.04460714285665, 0.4817857142856971, 51.502892857142385, 0.0, 0.3854285714285657, 0.7708571428571314, 52.08103571428526, 51.84014285714239, 0.33725, 51.55107142857096, 1.01175, 51.74378571428525, 0.6745, 0.2408928571428686, 0.04817857142856569, 53.47821428571382, 0.33725, 0.2408928571428686, 0.09635714285713139, 0.33725, 0.3854285714285657, 0.3854285714285657, 0.28907142857143425, 0.0, 0.5781428571428685, 51.599249999999515, 0.04817857142856569, 53.43003571428521, 1.4935357142856969, 51.55107142857096, 0.43360714285713137, 53.189142857142386, 52.22557142857095, 0.04817857142856569, 0.04817857142856569, 51.98467857142813, 0.6745, 0.8190357142856971, 0.43360714285713137, 51.74378571428525, 1.1081071428571314, 51.64742857142812, 1.349, 0.04817857142856569, 52.514642857142384, 52.707357142856694, 0.7708571428571314, 51.406535714285255, 0.3854285714285657, 0.5781428571428685, 53.91182142857095, 0.1445357142857372, 0.04817857142856569, 53.52639285714238, 1.3971785714285656, 51.45471428571382, 0.2408928571428686, 0.7226785714285657, 51.791964285713824, 52.996428571428076, 0.4817857142856971, 52.22557142857095, 52.17739285714239, 51.406535714285255, 0.04817857142856569, 0.6263214285714344, 51.599249999999515, 51.93649999999951, 0.04817857142856569, 1.2044642857143029, 0.09635714285713139, 0.3854285714285657, 0.9153928571428687, 1.0599285714285656, 0.1445357142857372, 0.6263214285714344, 0.28907142857143425, 0.2408928571428285, 0.6263214285714344, 0.6263214285714344, 0.6745, 0.8672142857143028, 0.43360714285713137, 0.7226785714285657, 0.2408928571428285, 1.4935357142856969, 0.33725, 0.6745, 0.7708571428571314, 0.1445357142856971, 1.0599285714285656, 0.33725, 51.791964285713824, 0.6263214285714344, 51.599249999999515, 0.1445357142857372, 52.17739285714239, 51.93649999999951, 51.888321428570954, 0.09635714285713139, 0.9153928571428687, 0.1445357142856971, 0.3854285714285657, 0.1445357142856971, 1.01175, 0.7226785714285657, 0.28907142857143425, 0.7226785714285657, 0.28907142857143425, 0.1445357142857372, 0.8190357142856971, 1.01175, 1.6862499999999598, 0.7226785714285657, 0.1927142857143029, 1.68625, 52.37010714285669, 0.6263214285714344, 1.349, 52.65917857142808, 51.888321428570954, 51.98467857142813, 0.19271428571426277, 0.1445357142856971, 0.0, 51.84014285714239, 52.803714285713816, 0.28907142857143425, 0.5781428571428284, 0.2408928571428285, 51.35835714285669, 52.17739285714239, 51.406535714285255, 1.6380714285714342, 0.4817857142857372, 0.43360714285713137, 0.0, 53.43003571428521, 1.2526428571428687, 0.7226785714285657, 50.82839285714239, 0.7708571428571314, 53.23732142857095, 51.26199999999956, 0.09635714285713139, 50.87657142857095, 0.3854285714285657, 0.09635714285713139, 1.1081071428571314, 0.04817857142856569, 52.996428571428076, 52.32192857142808, 0.5781428571428685, 1.6380714285714342, 52.996428571428076, 0.7708571428571314, 52.94824999999952, 0.43360714285713137, 1.4935357142856969, 0.7708571428571314, 0.1445357142857372, 1.2044642857143029, 0.19271428571426277, 0.6745, 0.9153928571428687, 1.3008214285714343, 0.5781428571428284, 51.69560714285669, 53.14096428571382, 0.5299642857142628, 51.98467857142813, 51.888321428570954, 51.406535714285255, 52.08103571428526, 0.7708571428571314, 51.45471428571382, 52.17739285714239, 0.5781428571428685, 1.1081071428571314, 0.28907142857143425, 51.16564285714239, 1.6380714285713942, 51.69560714285669, 52.418285714285254, 51.26199999999956, 0.09635714285713139, 52.803714285713816, 52.65917857142808, 1.3008214285713942, 0.7708571428571314, 0.28907142857143425, 0.4817857142856971, 0.6263214285714344, 1.3971785714285656, 0.33725, 0.43360714285713137, 0.19271428571426277, 0.5299642857143029, 0.28907142857143425, 1.2044642857143029, 0.09635714285713139, 0.09635714285713139, 52.46646428571382, 0.04817857142856569, 0.4817857142857372, 0.5299642857142628, 0.1445357142856971, 52.22557142857095, 0.28907142857143425, 51.64742857142812, 0.8190357142856971, 0.2408928571428285, 50.58749999999956, 51.93649999999951, 51.74378571428525, 0.3854285714285657, 0.2408928571428285, 0.9635714285714343, 0.2408928571428686, 0.33725, 0.8190357142856971, 0.7226785714285657, 0.04817857142856569, 0.2408928571428285, 0.7226785714285657, 0.0, 0.9635714285714343, 0.19271428571426277, 0.1927142857143029, 0.4817857142857372, 0.19271428571426277, 0.19271428571426277, 0.5781428571428685, 52.32192857142808, 52.707357142856694, 52.17739285714239, 51.45471428571382, 0.3854285714285657, 0.8190357142856971, 1.1081071428571314, 0.9635714285714343, 1.68625, 0.5299642857143029, 0.5781428571428284, 0.4817857142856971, 1.2526428571428687, 1.2526428571428283, 0.04817857142856569, 52.418285714285254, 0.7226785714285657, 52.996428571428076, 52.65917857142808, 52.32192857142808, 0.6263214285714344, 1.01175, 0.04817857142856569, 1.68625, 0.33725, 0.9153928571428285, 0.1445357142857372, 0.04817857142856569, 1.5417142857142627, 1.1081071428571314, 0.5781428571428685, 0.33725, 0.5781428571428685, 0.6263214285714344, 0.33725, 1.5898928571428685, 0.33725, 0.19271428571426277, 1.5417142857142627, 0.3854285714285657, 1.156285714285697, 0.9635714285714343, 1.2526428571428687, 0.1445357142856971, 0.19271428571426277, 0.5299642857142628, 0.7708571428571314, 0.09635714285713139, 52.514642857142384, 0.5299642857142628, 0.4817857142856971, 0.43360714285713137, 0.43360714285713137, 0.9635714285713942, 0.8672142857142627, 0.43360714285713137, 0.28907142857143425, 0.43360714285713137, 51.11746428571382, 0.7226785714285657, 51.45471428571382, 1.204464285714263, 51.84014285714239, 1.0599285714285656, 52.90007142857095, 54.24907142857095, 52.17739285714239, 51.021107142856685, 0.3854285714285657, 1.349, 0.8190357142856971, 0.04817857142856569, 0.1445357142856971, 0.1445357142857372, 0.3854285714285657, 0.2408928571428285, 0.9153928571428687, 1.0599285714285656, 0.04817857142856569, 0.09635714285713139, 1.4453571428571315, 0.04817857142856569, 0.1445357142856971, 0.8672142857142627, 0.43360714285713137, 0.7226785714285657, 52.032857142856685, 51.35835714285669, 1.01175, 52.22557142857095, 0.8672142857143028, 0.1927142857143029, 0.5781428571428685, 0.28907142857143425, 0.9635714285713942, 0.6745, 51.213821428570945, 0.19271428571426277, 51.45471428571382, 0.6263214285714344, 0.7708571428571314, 0.09635714285713139, 52.75553571428525, 51.888321428570954, 0.5781428571428284, 1.01175, 0.04817857142856569, 0.4817857142857372, 0.9153928571428687, 51.74378571428525, 52.514642857142384, 52.032857142856685, 0.3854285714285657, 0.4817857142856971, 0.4817857142856971, 0.5781428571428685, 52.65917857142808, 0.5781428571428284, 52.46646428571382, 0.2408928571428285, 0.6263214285714344, 0.8672142857142627, 0.1927142857143029, 1.8307857142856971, 0.3854285714285657, 0.43360714285713137, 0.7708571428571314, 0.04817857142856569, 0.09635714285713139, 0.1445357142857372, 0.7226785714285657, 51.213821428570945, 0.28907142857143425, 0.8672142857142627, 0.09635714285713139, 0.8190357142856971, 0.5299642857142628, 0.4817857142857372, 1.349, 1.0599285714285656, 52.61099999999952, 0.5781428571428284, 51.213821428570945, 0.8672142857142627, 1.2044642857143029, 2.0716785714285657, 0.43360714285713137, 0.7226785714285657, 51.502892857142385, 51.93649999999951, 0.04817857142856569, 50.87657142857095, 52.996428571428076, 0.6745, 0.04817857142856569, 0.0, 0.6263214285714344, 51.26199999999956, 1.3008214285714343, 0.5781428571428685, 0.28907142857143425, 0.6263214285714344, 0.19271428571426277, 0.7226785714285657, 0.8672142857142627, 0.19271428571426277, 0.4817857142856971, 0.28907142857143425, 0.6745, 0.5781428571428284, 0.9153928571428285, 0.09635714285713139, 0.8190357142856971, 0.6745, 0.6745, 0.1445357142856971, 1.349, 0.5781428571428284, 51.84014285714239, 0.04817857142856569, 0.9153928571428687, 52.996428571428076, 52.37010714285669, 0.2408928571428285, 52.61099999999952, 51.406535714285255, 52.61099999999952, 0.5299642857143029, 0.6745, 0.28907142857143425, 0.1445357142856971, 1.1081071428571314, 1.5417142857142627, 0.2408928571428285, 0.2408928571428285, 0.6263214285714344, 0.43360714285713137, 0.0, 0.04817857142856569, 0.1445357142857372, 50.68385714285669, 51.98467857142813, 0.4817857142857372, 52.12921428571382, 51.98467857142813, 0.43360714285713137, 0.04817857142856569, 52.65917857142808, 0.1445357142856971, 52.85189285714239, 0.43360714285713137, 0.33725, 1.156285714285697, 50.63567857142812, 0.33725, 0.43360714285713137, 1.2044642857143029, 52.562821428570956, 0.9153928571428687, 0.43360714285713137, 0.7226785714285657, 1.204464285714263, 52.418285714285254, 0.09635714285713139, 51.74378571428525, 51.406535714285255, 0.1445357142856971, 1.01175, 51.502892857142385, 1.156285714285697, 0.5299642857142628, 0.3854285714285657, 51.64742857142812, 0.28907142857143425, 51.021107142856685, 50.97292857142812, 1.8307857142856971, 1.0599285714285656, 52.08103571428526, 52.12921428571382, 0.2408928571428285, 50.58749999999956, 0.8190357142856971, 0.04817857142856569, 1.01175, 50.394785714285256, 53.189142857142386, 0.6745, 0.04817857142856569, 1.156285714285697, 0.3854285714285657, 1.975321428571394, 0.5781428571428284, 0.4817857142856971, 1.1081071428571314, 0.5781428571428685, 1.0599285714285656, 0.28907142857143425, 0.33725, 51.74378571428525, 50.97292857142812, 0.1445357142857372, 1.7826071428571313, 0.1445357142856971, 51.502892857142385, 1.3008214285714343, 0.09635714285713139, 52.75553571428525, 52.08103571428526, 52.273749999999524, 1.1081071428571314, 0.04817857142856569, 0.28907142857143425, 0.09635714285713139, 1.349, 0.4817857142856971, 0.04817857142856569, 1.5417142857142627, 51.11746428571382, 51.93649999999951, 51.84014285714239, 1.349, 1.2044642857143029, 53.09278571428525, 52.08103571428526, 52.94824999999952, 52.707357142856694, 0.04817857142856569, 0.4817857142857372, 0.5781428571428284, 0.9153928571428687, 0.3854285714285657, 52.514642857142384, 51.55107142857096, 0.5299642857143029, 0.6263214285714344, 0.1445357142857372, 0.9153928571428687, 52.37010714285669, 0.19271428571426277, 0.28907142857143425, 53.28549999999952, 0.5781428571428685, 51.213821428570945, 51.599249999999515, 1.156285714285697, 1.2526428571428687, 51.888321428570954, 0.7226785714285657, 0.43360714285713137, 0.19271428571426277, 0.9635714285713942, 0.04817857142856569, 0.5781428571428685, 0.5299642857142628, 0.19271428571426277, 0.19271428571426277, 0.9635714285713942, 0.1927142857143029, 0.0, 0.7708571428571314, 0.04817857142856569, 0.3854285714285657, 0.7226785714285657, 1.2044642857143029, 0.19271428571426277, 1.2044642857143029, 1.3008214285714343, 1.9271428571428284, 0.7708571428571314, 52.418285714285254, 51.599249999999515, 0.43360714285713137, 0.1445357142856971, 51.74378571428525, 0.1445357142856971, 0.5781428571428284, 51.502892857142385, 0.1927142857143029, 0.2408928571428686, 0.5299642857142628, 0.09635714285713139, 1.204464285714263, 0.5781428571428685, 0.1445357142856971, 0.3854285714285657, 0.33725, 52.562821428570956, 51.791964285713824, 51.888321428570954, 0.1445357142857372, 52.12921428571382, 50.92474999999956, 0.2408928571428285, 0.09635714285713139, 0.1445357142856971, 1.5417142857142627, 0.0, 0.9153928571428687, 0.9153928571428687, 0.5299642857142628, 1.2526428571428283, 0.33725, 0.09635714285713139, 1.68625, 0.6263214285714344, 0.5299642857143029, 0.33725, 51.213821428570945, 0.4817857142856971, 0.6263214285714344, 1.0599285714285656, 0.8672142857142627, 0.5781428571428284, 0.33725, 0.5299642857142628, 0.1445357142856971, 0.1927142857143029, 51.64742857142812, 51.791964285713824, 0.19271428571426277, 52.08103571428526, 0.5781428571428685, 0.28907142857143425, 1.2526428571428687, 0.43360714285713137, 1.1081071428571314, 0.8190357142856971, 1.156285714285697, 0.5781428571428284, 52.17739285714239, 0.43360714285713137, 51.599249999999515, 0.1445357142856971, 0.5781428571428685, 1.2044642857143029, 0.04817857142856569, 0.6263214285714344, 0.19271428571426277, 0.1445357142856971, 1.3971785714285656, 0.04817857142856569, 0.43360714285713137, 0.6745, 0.9153928571428687, 0.09635714285713139, 0.04817857142856569, 0.3854285714285657, 0.3854285714285657, 0.4817857142857372, 52.12921428571382, 0.3854285714285657, 52.32192857142808, 1.0599285714285656, 52.707357142856694, 0.3854285714285657, 0.1445357142857372, 0.8190357142856971, 1.5898928571428286, 0.04817857142856569, 0.04817857142856569, 0.4817857142857372, 51.84014285714239, 51.98467857142813, 1.9753214285714342, 0.7226785714285657, 0.43360714285713137, 0.4817857142857372, 1.3008214285714343, 51.502892857142385, 0.8190357142856971, 0.7226785714285657, 50.97292857142812, 52.514642857142384, 0.04817857142856569, 52.22557142857095, 50.92474999999956, 51.888321428570954, 0.8190357142856971, 0.5299642857142628, 0.28907142857143425, 0.3854285714285657, 0.8672142857143028, 0.09635714285713139, 0.5299642857143029, 0.8672142857143028, 52.12921428571382, 51.45471428571382, 0.6263214285714344, 1.4453571428571315, 52.17739285714239, 1.4935357142856969, 0.6263214285714344, 52.12921428571382, 52.08103571428526, 0.5781428571428685, 50.97292857142812, 0.5781428571428284, 0.33725, 0.3854285714285657, 0.6745, 0.7226785714285657, 0.9153928571428285, 50.92474999999956, 51.98467857142813, 0.1445357142857372, 0.43360714285713137, 50.49114285714239, 1.3971785714285656, 0.09635714285713139, 1.349, 0.5299642857143029, 1.1081071428571314, 0.1445357142857372, 0.09635714285713139, 0.09635714285713139, 0.6745, 0.8190357142856971, 1.2526428571428283, 0.6263214285714344, 1.2526428571428283, 0.33725, 1.5898928571428685, 52.12921428571382, 50.780214285713825, 0.6745, 51.45471428571382, 0.28907142857143425, 0.7226785714285657, 1.156285714285697, 1.6380714285714342, 0.9153928571428285, 52.22557142857095, 51.84014285714239, 51.888321428570954, 1.4935357142856969, 0.0, 1.01175, 0.7708571428571314, 0.6263214285714344, 52.418285714285254, 0.8190357142856971, 0.4817857142857372, 0.1445357142856971, 0.8672142857143028, 52.707357142856694, 52.46646428571382, 52.37010714285669, 52.08103571428526, 0.7226785714285657, 0.7708571428571314, 1.0599285714285656, 0.8190357142856971, 0.43360714285713137, 51.84014285714239, 0.28907142857143425, 0.5299642857143029, 51.98467857142813, 0.1927142857143029, 0.28907142857143425, 0.6263214285714344, 1.0599285714285656, 51.31017857142812, 53.28549999999952, 0.6745, 1.2526428571428283, 0.04817857142856569, 0.5781428571428284, 0.4817857142856971, 1.2044642857143029, 0.1445357142856971, 0.1445357142856971, 0.3854285714285657, 0.2408928571428285, 51.599249999999515, 1.0599285714285656, 0.28907142857143425, 0.9153928571428687, 51.55107142857096, 0.1445357142857372, 51.11746428571382, 0.19271428571426277, 0.7226785714285657, 0.4817857142856971, 0.6745, 1.3008214285714343, 0.33725, 0.43360714285713137, 1.9753214285714342, 0.33725, 0.28907142857143425, 0.4817857142857372, 0.09635714285713139, 1.01175, 0.6263214285714344, 0.2408928571428686, 0.43360714285713137, 0.7708571428571314, 0.7708571428571314, 0.04817857142856569, 1.01175, 0.6263214285714344, 51.31017857142812, 51.31017857142812, 0.4817857142857372, 0.4817857142856971, 51.31017857142812, 50.92474999999956, 0.8672142857143028, 51.55107142857096, 0.7226785714285657, 0.7708571428571314, 0.1445357142857372, 0.19271428571426277, 1.1081071428571314, 52.90007142857095, 0.09635714285713139, 52.514642857142384, 0.7708571428571314, 52.37010714285669, 0.1927142857143029, 50.58749999999956, 0.9153928571428687, 50.97292857142812, 0.4817857142856971, 0.5781428571428685, 0.9635714285714343, 0.0, 51.888321428570954, 51.791964285713824, 0.8190357142856971, 0.1445357142857372, 0.28907142857143425, 52.37010714285669, 51.55107142857096, 0.7226785714285657, 50.82839285714239, 0.3854285714285657, 0.04817857142856569, 0.1445357142856971, 0.04817857142856569, 1.3008214285713942, 1.2044642857143029, 51.791964285713824, 0.5299642857142628, 52.85189285714239, 0.8190357142856971, 1.8307857142856971, 1.4453571428571315, 0.5781428571428685, 51.16564285714239, 51.64742857142812, 52.418285714285254, 0.8672142857142627, 1.3008214285714343, 1.8307857142856971, 0.9153928571428687, 0.19271428571426277, 52.032857142856685, 52.46646428571382, 50.97292857142812, 0.9635714285714343, 0.8672142857143028, 0.9635714285714343, 1.4453571428571315, 0.9153928571428687, 0.33725, 0.9635714285714343, 1.5898928571428685, 1.1081071428571314, 0.7226785714285657, 0.43360714285713137, 0.33725, 0.9153928571428687, 1.349, 0.1445357142857372, 0.6263214285714344, 0.9153928571428285, 0.04817857142856569, 52.562821428570956, 52.94824999999952, 52.17739285714239, 1.1081071428571314, 0.1445357142857372, 51.98467857142813, 0.7226785714285657, 51.26199999999956, 0.5299642857142628, 0.6745, 51.06928571428526, 51.55107142857096, 1.5898928571428685, 0.0, 0.9635714285714343, 0.6263214285714344, 0.19271428571426277, 51.84014285714239, 52.08103571428526, 1.3008214285714343, 0.9635714285713942, 0.09635714285713139, 51.888321428570954, 1.4935357142856969, 1.1081071428571314, 0.9153928571428285, 0.6263214285714344, 0.8672142857142627, 0.1445357142857372, 51.69560714285669, 51.16564285714239, 53.33367857142809, 0.9153928571428687, 1.7344285714285657, 0.7708571428571314, 1.1081071428571314, 1.2526428571428687, 50.68385714285669, 1.5898928571428685, 0.5781428571428685, 0.2408928571428686, 0.33725, 0.9153928571428285, 0.5299642857142628, 1.4453571428571315, 0.6263214285714344, 0.6745, 0.09635714285713139, 1.156285714285697, 1.156285714285697, 0.28907142857143425, 0.9635714285714343, 0.7708571428571314, 0.0, 52.65917857142808, 52.12921428571382, 1.3971785714285656, 1.156285714285697, 0.04817857142856569, 0.09635714285713139, 0.2408928571428285, 0.5781428571428284, 0.28907142857143425, 0.8190357142856971, 0.9153928571428687, 0.6263214285714344, 0.0, 0.0, 51.791964285713824, 51.84014285714239, 51.84014285714239, 1.1081071428571314, 52.803714285713816, 52.032857142856685, 0.4817857142856971, 0.0, 0.43360714285713137, 52.17739285714239, 0.04817857142856569, 0.7708571428571314, 0.0, 1.1081071428571314, 0.3854285714285657, 0.19271428571426277, 0.1445357142857372, 1.349, 0.5781428571428685, 0.4817857142856971, 0.1445357142857372, 1.156285714285697, 0.09635714285713139, 1.0599285714285656, 52.65917857142808, 0.04817857142856569, 1.01175, 0.43360714285713137, 0.9635714285713942, 0.7226785714285657, 0.3854285714285657, 1.01175, 0.7226785714285657, 0.28907142857143425, 0.5299642857143029, 0.3854285714285657, 0.7226785714285657, 1.01175, 1.4935357142856969, 52.17739285714239, 0.5299642857143029, 1.156285714285697, 0.04817857142856569, 0.3854285714285657, 0.28907142857143425, 0.8190357142856971, 51.74378571428525, 1.7344285714285657, 1.5898928571428685, 0.2408928571428686, 0.6263214285714344, 0.8190357142856971, 51.502892857142385, 52.273749999999524, 1.204464285714263, 0.6745, 0.1927142857143029, 1.2044642857143029, 0.33725, 51.55107142857096, 0.04817857142856569, 0.5299642857142628, 1.3971785714285656, 1.6380714285714342, 0.33725, 0.9635714285714343, 50.82839285714239, 0.1445357142856971, 52.22557142857095, 0.2408928571428285, 1.4453571428571315, 0.1445357142856971, 0.5299642857142628, 51.55107142857096, 0.1445357142857372, 0.33725, 1.4935357142856969, 51.791964285713824, 0.5299642857143029, 51.84014285714239, 0.33725, 1.4453571428571315, 0.43360714285713137, 0.2408928571428285, 0.0, 1.2526428571428283, 1.349, 0.7708571428571314, 52.17739285714239, 0.7226785714285657, 1.4935357142856969, 0.09635714285713139, 0.33725, 52.46646428571382, 1.9271428571428284, 0.28907142857143425, 0.8190357142856971, 0.9153928571428687, 0.8190357142856971, 0.33725, 0.4817857142857372, 51.93649999999951, 51.502892857142385, 0.5299642857143029, 52.90007142857095, 0.28907142857143425, 0.04817857142856569, 0.7226785714285657, 0.4817857142857372, 52.08103571428526, 1.4935357142856969, 51.64742857142812, 1.3008214285714343, 51.06928571428526, 0.04817857142856569, 1.3971785714285656, 0.33725, 0.5299642857142628, 0.4817857142857372, 0.2408928571428686, 0.7708571428571314, 51.888321428570954, 0.6745, 53.04460714285665, 52.22557142857095, 0.09635714285713139, 50.82839285714239, 51.98467857142813, 51.64742857142812, 0.1445357142856971, 52.32192857142808, 0.3854285714285657, 0.28907142857143425, 1.6380714285714342, 52.562821428570956, 51.93649999999951, 0.9635714285714343, 0.33725, 0.5781428571428284, 0.28907142857143425, 0.7226785714285657, 0.8672142857142627, 0.28907142857143425, 0.0, 1.349, 0.09635714285713139, 0.7708571428571314, 0.3854285714285657, 1.156285714285697, 0.4817857142856971, 0.7226785714285657, 0.6745, 0.6745, 51.64742857142812, 0.7708571428571314, 50.009357142856686, 1.4453571428571315, 0.43360714285713137, 0.43360714285713137, 52.707357142856694, 52.803714285713816, 53.47821428571382, 0.43360714285713137, 51.45471428571382, 0.8190357142856971, 50.49114285714239, 0.6263214285714344, 0.8672142857143028, 0.43360714285713137, 52.032857142856685, 51.502892857142385, 0.43360714285713137, 0.43360714285713137, 1.4935357142856969, 0.43360714285713137, 51.98467857142813, 0.6263214285714344, 1.1081071428571314, 0.19271428571426277, 0.8190357142856971, 0.8190357142856971, 0.33725, 0.5781428571428685, 52.08103571428526, 51.84014285714239, 0.2408928571428686, 1.156285714285697, 0.33725, 0.1445357142856971, 0.4817857142856971, 0.9635714285714343, 0.28907142857143425, 1.3008214285713942, 0.4817857142856971, 0.4817857142857372, 0.7226785714285657, 0.5299642857143029, 0.3854285714285657, 0.5299642857143029, 0.1445357142856971, 0.5299642857143029, 1.2044642857143029, 0.43360714285713137, 0.5299642857143029, 0.9153928571428687, 0.28907142857143425, 0.0, 1.6380714285714342, 0.9153928571428285, 0.4817857142857372, 52.418285714285254, 0.5299642857143029, 1.2044642857143029, 52.12921428571382, 51.98467857142813, 0.1445357142857372, 0.9635714285714343, 0.09635714285713139, 0.7226785714285657, 2.312571428571434, 0.8672142857142627, 0.3854285714285657, 0.3854285714285657, 0.28907142857143425, 0.5781428571428685, 0.9635714285713942, 1.5898928571428685, 1.68625, 1.3008214285714343, 0.19271428571426277, 0.7226785714285657, 0.2408928571428285, 0.1445357142856971, 50.73203571428525, 51.84014285714239, 0.09635714285713139, 52.514642857142384, 51.406535714285255, 1.4453571428571315, 1.3971785714285656, 0.8190357142856971, 0.3854285714285657, 0.04817857142856569, 0.1927142857143029, 0.0, 0.04817857142856569, 0.8672142857143028, 1.01175, 0.04817857142856569, 0.1927142857143029, 0.33725, 0.09635714285713139, 1.01175, 0.09635714285713139, 0.19271428571426277, 1.8307857142856971, 0.5299642857143029, 0.8190357142856971, 0.9153928571428285, 0.4817857142856971, 0.1927142857143029, 0.04817857142856569, 51.55107142857096, 51.406535714285255, 51.35835714285669, 0.6263214285714344, 0.2408928571428285, 0.04817857142856569, 52.514642857142384, 0.33725, 52.562821428570956, 0.28907142857143425, 1.7826071428571313, 0.4817857142856971, 1.0599285714285656, 1.68625, 0.4817857142856971, 1.7826071428571313, 1.4453571428571315, 0.7226785714285657, 1.156285714285697, 0.04817857142856569, 0.0, 52.65917857142808, 1.4935357142856969, 0.5299642857143029, 51.74378571428525, 51.74378571428525, 1.01175, 0.28907142857143425, 0.19271428571426277, 0.3854285714285657, 52.61099999999952, 0.8672142857143028, 0.04817857142856569, 0.43360714285713137, 51.31017857142812, 1.2526428571428687, 1.5417142857142627, 1.1081071428571314, 0.4817857142857372, 52.273749999999524, 1.01175, 0.7708571428571314, 50.53932142857099, 0.6745, 1.1081071428571314, 1.7344285714285657, 52.273749999999524, 52.85189285714239, 0.43360714285713137, 0.1445357142856971, 52.273749999999524, 0.33725, 0.9635714285714343, 0.5299642857143029, 0.28907142857143425, 0.43360714285713137, 0.33725, 0.28907142857143425, 0.1445357142857372, 0.0, 0.3854285714285657, 0.4817857142856971, 0.1445357142856971, 0.1445357142857372, 0.09635714285713139, 52.562821428570956, 52.37010714285669, 0.2408928571428285, 0.28907142857143425, 1.8307857142856971, 52.22557142857095, 1.0599285714285656, 52.90007142857095, 0.1445357142857372, 0.6745, 0.1445357142857372, 0.7708571428571314, 0.8672142857143028, 0.1445357142857372, 0.19271428571426277, 1.4453571428571315, 1.5417142857142627, 0.7226785714285657, 51.84014285714239, 51.406535714285255, 1.3008214285714343, 0.4817857142857372, 0.1927142857143029, 1.01175, 0.3854285714285657, 0.2408928571428285, 0.5781428571428284, 51.502892857142385, 0.7226785714285657, 0.2408928571428285, 0.6745, 1.4935357142856969, 1.2526428571428283, 52.273749999999524, 51.31017857142812, 0.6263214285714344, 0.28907142857143425, 51.84014285714239, 0.5299642857143029, 0.6745, 1.4453571428571315, 0.5781428571428685, 51.599249999999515, 0.4817857142856971, 0.7226785714285657, 50.34660714285669, 0.2408928571428686, 52.562821428570956, 0.7708571428571314, 0.19271428571426277, 50.92474999999956, 0.43360714285713137, 0.3854285714285657, 1.1081071428571314, 1.2044642857143029, 52.12921428571382, 52.32192857142808, 0.8672142857142627, 50.92474999999956, 0.5299642857142628, 0.2408928571428686, 0.5781428571428685, 2.119857142857131, 1.5898928571428685, 1.0599285714285656, 1.349, 0.19271428571426277, 0.7226785714285657, 0.1445357142857372, 0.6263214285714344, 0.3854285714285657, 0.09635714285713139, 0.3854285714285657, 0.04817857142856569, 1.2526428571428687, 51.31017857142812, 50.87657142857095, 0.0, 0.6263214285714344, 0.9153928571428687, 52.61099999999952, 52.17739285714239, 52.37010714285669, 0.1445357142856971, 52.32192857142808, 51.888321428570954, 51.93649999999951, 1.156285714285697, 50.92474999999956, 1.349, 0.19271428571426277, 0.09635714285713139, 52.32192857142808, 51.791964285713824, 0.28907142857143425, 53.09278571428525, 0.8672142857143028, 52.418285714285254, 52.273749999999524, 0.5299642857143029, 0.9153928571428687, 0.28907142857143425, 0.5299642857143029, 0.5781428571428685, 0.09635714285713139, 0.04817857142856569, 51.55107142857096, 0.1445357142856971, 0.09635714285713139, 51.35835714285669, 1.349, 51.502892857142385, 1.3008214285714343, 0.09635714285713139, 2.216214285714263, 0.28907142857143425, 52.32192857142808, 0.5299642857143029, 0.28907142857143425, 0.9635714285714343, 0.7226785714285657, 52.514642857142384, 0.43360714285713137, 50.53932142857099, 52.17739285714239, 0.3854285714285657, 1.68625, 1.0599285714285656, 0.4817857142856971, 52.37010714285669, 1.7826071428571313, 0.8672142857143028, 0.43360714285713137, 0.4817857142856971, 0.4817857142857372, 0.7708571428571314, 0.43360714285713137, 0.9635714285713942, 52.707357142856694, 0.9635714285713942, 0.04817857142856569, 0.6263214285714344, 0.5299642857142628, 51.98467857142813, 0.04817857142856569, 1.68625, 1.4935357142856969, 1.5417142857142627, 0.33725, 52.514642857142384, 51.213821428570945, 0.04817857142856569, 0.6745, 0.7226785714285657, 0.09635714285713139, 0.8190357142856971, 1.0599285714285656, 0.8190357142856971, 0.3854285714285657, 53.62274999999952, 51.599249999999515, 50.92474999999956, 0.43360714285713137, 1.3008214285713942, 0.33725, 0.19271428571426277, 51.84014285714239, 0.7226785714285657, 51.74378571428525, 1.3971785714285656, 0.1445357142856971, 52.032857142856685, 0.3854285714285657, 1.349, 0.5299642857142628, 1.01175, 0.28907142857143425, 0.43360714285713137, 1.0599285714285656, 0.43360714285713137, 0.8190357142856971, 0.09635714285713139, 1.7826071428571313, 0.04817857142856569, 0.09635714285713139, 0.09635714285713139, 1.1081071428571314, 0.19271428571426277, 0.1445357142856971, 52.22557142857095, 0.3854285714285657, 1.349, 0.28907142857143425, 1.1081071428571314, 0.2408928571428285, 1.3008214285714343, 0.33725, 52.418285714285254, 53.33367857142809, 1.156285714285697, 0.3854285714285657, 51.74378571428525, 0.28907142857143425, 51.35835714285669, 0.6263214285714344, 0.5299642857143029, 52.562821428570956, 52.707357142856694, 0.2408928571428686, 52.08103571428526, 0.0, 0.1927142857143029, 1.2526428571428687, 0.8190357142856971, 51.213821428570945, 51.69560714285669, 1.3008214285714343, 0.7226785714285657, 51.98467857142813, 0.3854285714285657, 0.1927142857143029, 0.9153928571428687, 51.64742857142812, 52.514642857142384, 1.3008214285714343, 0.7226785714285657, 0.04817857142856569, 51.84014285714239, 52.032857142856685, 0.3854285714285657, 52.22557142857095, 0.04817857142856569, 51.93649999999951, 51.64742857142812, 0.8672142857143028, 50.53932142857099, 0.28907142857143425, 0.3854285714285657, 0.1445357142856971, 0.2408928571428285, 53.09278571428525, 0.3854285714285657, 51.502892857142385, 52.12921428571382, 51.74378571428525, 0.8672142857143028, 0.1445357142857372, 0.09635714285713139, 0.09635714285713139, 0.33725, 0.5299642857143029, 1.0599285714285656, 0.09635714285713139, 0.7226785714285657, 0.9153928571428687, 0.5781428571428284, 0.1445357142856971, 0.1445357142857372, 0.1927142857143029, 0.6263214285714344, 0.2408928571428686, 0.2408928571428285, 1.1081071428571314, 0.6263214285714344, 0.2408928571428686, 0.6263214285714344, 0.8672142857143028, 0.5299642857142628, 0.6745, 0.6745, 0.33725, 0.6263214285714344, 0.09635714285713139, 0.1927142857143029, 0.43360714285713137, 1.1081071428571314, 52.46646428571382, 0.28907142857143425, 0.4817857142857372, 0.1445357142857372, 1.4935357142856969, 0.8672142857142627, 0.8672142857143028, 51.74378571428525, 50.73203571428525, 1.2044642857143029, 0.5781428571428685, 0.0, 0.04817857142856569, 0.3854285714285657, 1.8307857142856971, 0.8190357142856971, 1.01175, 1.2044642857143029, 0.5299642857142628, 50.53932142857099, 0.7708571428571314, 51.64742857142812, 1.8789642857142628, 1.4453571428571315, 0.2408928571428285, 0.09635714285713139, 0.6745, 0.6263214285714344, 51.98467857142813, 0.8190357142856971, 0.6745, 0.9153928571428285, 51.98467857142813, 0.09635714285713139, 0.1927142857143029, 0.4817857142857372, 1.1081071428571314, 0.2408928571428686, 0.28907142857143425, 1.0599285714285656, 0.5299642857143029, 0.7708571428571314, 1.4935357142856969, 0.43360714285713137, 2.119857142857131, 0.43360714285713137, 0.1445357142857372, 0.8672142857143028, 0.6263214285714344, 0.1927142857143029, 0.28907142857143425, 1.3008214285713942, 0.4817857142857372, 0.33725, 0.04817857142856569, 0.33725, 0.0, 0.8672142857142627, 0.7708571428571314, 1.01175, 52.12921428571382, 1.68625, 1.3008214285714343, 0.4817857142856971, 1.349, 0.09635714285713139, 1.1081071428571314, 0.5299642857143029, 52.94824999999952, 51.84014285714239, 0.2408928571428686, 0.5299642857143029, 0.1927142857143029, 1.3008214285714343, 51.791964285713824, 1.349, 0.8190357142856971, 52.46646428571382, 51.888321428570954, 0.8190357142856971, 0.2408928571428686, 0.43360714285713137, 0.04817857142856569, 0.43360714285713137, 0.6263214285714344, 0.7708571428571314, 0.6745, 0.1927142857143029, 52.61099999999952, 51.06928571428526, 0.6745, 0.9635714285714343, 0.5781428571428685, 0.5781428571428685, 0.28907142857143425, 1.2526428571428687, 1.4935357142856969, 0.09635714285713139, 52.08103571428526, 52.273749999999524, 52.032857142856685, 0.3854285714285657, 1.0599285714285656, 0.0, 50.73203571428525, 0.9153928571428687, 1.4453571428571315, 51.26199999999956, 1.8307857142856971, 0.0, 51.26199999999956, 0.4817857142857372, 0.2408928571428686, 0.9635714285714343, 0.28907142857143425, 52.514642857142384, 51.98467857142813, 0.1445357142856971, 0.4817857142857372, 1.204464285714263, 51.599249999999515, 51.26199999999956, 51.55107142857096, 0.5781428571428685, 0.8190357142856971, 52.273749999999524, 51.06928571428526, 0.8672142857143028, 51.64742857142812, 0.8672142857143028, 1.3008214285714343, 0.09635714285713139, 52.032857142856685, 1.9271428571428284, 50.82839285714239, 51.35835714285669, 53.23732142857095, 0.33725, 1.2526428571428687, 51.888321428570954, 52.08103571428526, 1.8789642857142628, 0.1927142857143029, 0.33725, 0.6263214285714344, 1.68625, 0.5299642857143029, 0.6263214285714344, 0.5781428571428685, 0.4817857142857372, 0.43360714285713137, 1.4453571428571315, 0.0, 0.33725, 0.8672142857143028, 51.74378571428525, 51.69560714285669, 51.599249999999515, 0.43360714285713137, 0.28907142857143425, 0.1927142857143029, 0.6263214285714344, 0.28907142857143425, 0.3854285714285657, 0.33725, 0.8190357142856971, 0.5299642857143029, 0.0, 0.7226785714285657, 0.04817857142856569, 0.8190357142856971, 50.58749999999956, 52.32192857142808, 0.3854285714285657, 51.45471428571382, 0.28907142857143425, 0.6263214285714344, 0.1445357142856971, 0.2408928571428285, 0.2408928571428285, 52.273749999999524, 51.599249999999515, 0.43360714285713137, 1.1081071428571314, 0.6263214285714344, 52.17739285714239, 52.22557142857095, 0.43360714285713137, 0.0, 1.7344285714285657, 51.64742857142812, 52.37010714285669, 0.43360714285713137, 0.3854285714285657, 0.04817857142856569, 0.09635714285713139, 0.04817857142856569, 0.33725, 0.9153928571428687, 51.45471428571382, 51.93649999999951, 0.04817857142856569, 1.2526428571428687, 1.1081071428571314, 52.273749999999524, 52.418285714285254, 0.5781428571428685, 51.69560714285669, 0.5299642857142628, 51.84014285714239, 52.032857142856685, 0.6745, 0.4817857142857372, 0.7708571428571314, 0.2408928571428686, 0.04817857142856569, 0.04817857142856569, 0.7226785714285657, 0.04817857142856569, 1.01175, 0.04817857142856569, 0.5299642857143029, 0.28907142857143425, 0.43360714285713137, 0.9635714285714343, 0.04817857142856569, 0.2408928571428285, 51.84014285714239, 0.9635714285714343, 0.09635714285713139, 0.3854285714285657, 52.418285714285254, 51.35835714285669, 51.45471428571382, 51.93649999999951, 51.93649999999951, 1.8789642857142628, 0.2408928571428285, 52.17739285714239, 51.98467857142813, 1.156285714285697, 1.2044642857143029, 0.1445357142856971, 0.33725, 0.43360714285713137, 0.33725, 0.9153928571428285, 0.9153928571428687, 0.04817857142856569, 0.04817857142856569, 0.28907142857143425, 0.19271428571426277, 1.1081071428571314, 0.0, 0.2408928571428285, 0.9153928571428687, 0.4817857142857372, 0.7226785714285657, 51.599249999999515, 0.09635714285713139, 0.19271428571426277, 1.349, 0.19271428571426277, 0.1445357142857372, 0.8190357142856971, 0.04817857142856569, 0.2408928571428686, 0.7708571428571314, 0.09635714285713139, 1.0599285714285656, 1.2526428571428687, 1.1081071428571314, 0.1445357142856971, 0.8190357142856971, 0.28907142857143425, 0.0, 0.1445357142857372, 0.4817857142857372, 0.28907142857143425, 0.1445357142857372, 0.0, 1.5417142857142627, 0.9153928571428687, 0.8190357142856971, 1.349, 0.2408928571428285, 0.0, 0.04817857142856569, 0.4817857142857372, 0.1927142857143029, 51.213821428570945, 0.33725, 0.2408928571428686, 51.021107142856685, 0.6745, 53.189142857142386, 51.31017857142812, 0.5781428571428685, 0.6745, 1.0599285714285656, 0.2408928571428686, 0.1445357142857372, 0.2408928571428686, 0.1445357142857372, 51.16564285714239, 0.4817857142857372, 1.4935357142856969, 53.14096428571382, 0.7708571428571314, 0.1445357142856971, 0.33725, 0.3854285714285657, 0.09635714285713139, 1.1081071428571314, 52.46646428571382, 0.4817857142857372, 0.33725, 0.6745, 0.5299642857143029, 0.1445357142856971, 0.6263214285714344, 0.3854285714285657, 52.514642857142384, 2.216214285714263, 0.43360714285713137, 0.04817857142856569, 52.37010714285669, 0.9153928571428687, 52.17739285714239, 0.0, 0.28907142857143425, 0.04817857142856569, 1.349, 0.7226785714285657, 0.4817857142856971, 1.2526428571428283, 51.74378571428525, 0.33725, 52.17739285714239, 0.04817857142856569, 1.349, 0.7708571428571314, 52.514642857142384, 0.2408928571428686, 1.01175, 0.1927142857143029, 0.43360714285713137, 0.7226785714285657, 1.156285714285697, 0.8190357142856971, 1.156285714285697, 51.888321428570954, 0.7226785714285657, 0.43360714285713137, 0.43360714285713137, 51.93649999999951, 51.98467857142813, 0.8190357142856971, 51.31017857142812, 0.5781428571428685, 0.0, 1.349, 51.406535714285255, 51.98467857142813, 0.4817857142857372, 0.28907142857143425, 0.1445357142856971, 0.5299642857143029, 51.888321428570954, 52.46646428571382, 1.204464285714263, 0.7226785714285657, 0.9635714285714343, 51.16564285714239, 51.06928571428526, 0.6745, 1.1081071428571314, 1.4935357142856969, 1.5417142857142627, 51.406535714285255, 52.032857142856685, 0.28907142857143425, 0.1927142857143029, 0.33725, 0.8190357142856971, 51.69560714285669, 51.69560714285669, 0.1927142857143029, 52.32192857142808, 51.69560714285669, 0.04817857142856569, 1.8789642857142628, 0.5781428571428685, 52.514642857142384, 0.28907142857143425, 0.5781428571428284, 0.9635714285714343, 0.33725, 0.33725, 1.0599285714285656, 52.562821428570956, 52.514642857142384, 1.156285714285697, 51.45471428571382, 51.64742857142812, 1.01175, 52.65917857142808, 0.1445357142856971, 0.6745, 1.156285714285697, 0.09635714285713139, 51.55107142857096, 0.1927142857143029, 53.381857142856646, 52.94824999999952, 0.09635714285713139, 0.3854285714285657, 0.7226785714285657, 0.28907142857143425, 53.33367857142809, 51.74378571428525, 52.418285714285254, 0.43360714285713137, 51.599249999999515, 1.9271428571428284, 0.6745, 1.01175, 0.7708571428571314, 1.7826071428571313, 0.1927142857143029, 0.1445357142857372, 0.09635714285713139, 0.3854285714285657, 1.5417142857142627, 0.09635714285713139, 0.19271428571426277, 0.5781428571428685, 52.46646428571382, 0.7708571428571314, 52.46646428571382, 52.08103571428526, 1.5898928571428685, 1.2044642857143029, 1.5898928571428685, 1.01175, 52.46646428571382, 0.1927142857143029, 0.1445357142857372, 50.58749999999956, 51.021107142856685, 0.19271428571426277, 0.6263214285714344, 0.19271428571426277, 1.3008214285714343, 0.2408928571428285, 0.5299642857143029, 0.4817857142857372, 0.7708571428571314, 0.43360714285713137, 52.418285714285254, 1.349, 1.1081071428571314, 52.418285714285254, 53.33367857142809, 51.55107142857096, 1.9271428571428284, 0.04817857142856569, 0.04817857142856569, 0.1445357142856971, 0.7226785714285657, 52.17739285714239, 0.2408928571428686, 0.33725, 0.6263214285714344, 0.0, 1.2044642857143029, 1.7826071428571313, 0.5299642857143029, 0.9635714285713942, 1.7344285714285657, 0.5781428571428685, 1.1081071428571314, 0.1445357142856971, 0.19271428571426277, 0.0, 0.1445357142856971, 0.7226785714285657, 0.09635714285713139, 0.04817857142856569, 0.2408928571428686, 0.3854285714285657, 0.0, 1.01175, 0.33725, 0.4817857142857372, 0.8672142857142627, 1.4453571428571315, 52.17739285714239, 52.08103571428526, 1.8307857142856971, 51.93649999999951, 0.04817857142856569, 0.3854285714285657, 1.0599285714285656, 0.4817857142856971, 1.156285714285697, 0.1445357142856971, 0.6745, 51.74378571428525, 52.22557142857095, 0.33725, 53.04460714285665, 52.17739285714239, 0.2408928571428285, 0.6745, 52.08103571428526, 0.6263214285714344, 51.45471428571382, 0.3854285714285657, 1.349, 1.975321428571394, 0.09635714285713139, 1.4453571428571315, 0.7708571428571314, 0.43360714285713137, 0.33725, 51.84014285714239, 0.5299642857142628, 0.4817857142857372, 0.2408928571428285, 0.7226785714285657, 0.9153928571428687, 51.84014285714239, 0.6745, 0.1445357142856971, 0.8672142857143028, 0.8190357142856971, 1.8789642857142628, 0.8190357142856971, 0.1445357142856971, 1.349, 0.7708571428571314, 0.43360714285713137, 0.1445357142857372, 52.12921428571382, 1.1081071428571314, 0.43360714285713137, 0.2408928571428686, 52.803714285713816, 51.55107142857096, 0.6745, 51.791964285713824, 1.156285714285697, 1.2526428571428687, 0.3854285714285657, 0.8190357142856971, 1.5898928571428685, 0.1445357142856971, 0.1445357142857372, 0.2408928571428686, 0.4817857142856971, 0.09635714285713139, 0.33725, 0.33725, 1.0599285714285656, 0.1927142857143029, 0.0, 0.33725, 0.5781428571428685, 1.3008214285714343, 0.28907142857143425, 52.08103571428526, 1.1081071428571314, 0.3854285714285657, 0.3854285714285657, 0.33725, 0.4817857142857372, 1.4935357142856969, 1.1081071428571314, 51.31017857142812, 0.09635714285713139, 0.8672142857143028, 0.7708571428571314, 51.69560714285669, 51.55107142857096, 1.01175, 0.28907142857143425, 51.84014285714239, 1.68625, 0.04817857142856569, 1.8789642857142628, 0.2408928571428686, 0.33725, 0.33725, 0.7226785714285657, 2.216214285714263, 1.156285714285697, 0.28907142857143425, 0.8190357142856971, 0.2408928571428285, 1.3971785714285656, 0.8672142857143028, 0.5299642857143029, 1.3971785714285656, 1.1081071428571314, 0.28907142857143425, 0.2408928571428285, 1.349, 1.2526428571428283, 0.5299642857142628, 1.204464285714263, 0.33725, 0.2408928571428686, 0.1927142857143029, 1.6380714285714342, 1.2044642857143029, 0.0, 0.33725, 0.5299642857142628, 0.5781428571428284, 1.1081071428571314, 0.5299642857143029, 1.5898928571428685, 0.43360714285713137, 0.4817857142856971, 0.04817857142856569, 0.1927142857143029, 0.04817857142856569, 0.04817857142856569, 0.9635714285714343, 0.6263214285714344, 0.2408928571428285, 1.01175, 0.2408928571428285, 1.156285714285697, 1.2044642857143029, 2.168035714285697, 0.09635714285713139, 0.5299642857143029, 0.0, 0.0, 1.1081071428571314, 0.6263214285714344, 1.9271428571428284, 0.28907142857143425, 0.7708571428571314, 0.09635714285713139, 0.1445357142857372, 50.73203571428525, 0.28907142857143425, 2.0716785714285657, 0.33725, 1.01175, 1.1081071428571314, 1.8789642857142628, 0.5299642857143029, 51.45471428571382, 0.5299642857142628, 0.19271428571426277, 1.01175, 0.7708571428571314, 1.1081071428571314, 1.1081071428571314, 0.1927142857143029, 0.9635714285713942, 0.33725, 1.5898928571428685, 0.4817857142857372, 0.1445357142857372, 0.1445357142857372, 0.43360714285713137, 1.0599285714285656, 0.4817857142856971, 0.1927142857143029, 0.28907142857143425, 0.33725, 1.8789642857142628, 0.09635714285713139, 0.8672142857142627, 52.61099999999952, 52.08103571428526, 0.04817857142856569, 0.8190357142856971, 0.28907142857143425, 50.49114285714239, 51.35835714285669, 0.28907142857143425, 52.08103571428526, 0.4817857142856971, 0.0, 1.2044642857143029, 53.04460714285665, 0.3854285714285657, 0.4817857142857372, 0.09635714285713139, 0.4817857142856971, 0.3854285714285657, 0.33725, 0.6745, 0.33725, 51.11746428571382, 52.90007142857095, 0.33725, 50.68385714285669, 0.9635714285714343, 0.04817857142856569, 0.28907142857143425, 1.2044642857143029, 52.273749999999524, 52.418285714285254, 0.1927142857143029, 0.09635714285713139, 0.1927142857143029, 50.73203571428525, 1.4453571428571315, 52.08103571428526, 1.3008214285713942, 0.1927142857143029, 51.35835714285669, 0.6263214285714344, 51.791964285713824, 0.33725, 0.3854285714285657, 52.803714285713816, 51.599249999999515, 0.09635714285713139, 1.3971785714285656, 0.7708571428571314, 0.8672142857142627, 1.3008214285714343, 52.514642857142384, 0.09635714285713139, 0.6745, 52.22557142857095, 51.888321428570954, 0.28907142857143425, 0.1927142857143029, 0.1445357142857372, 0.1445357142856971, 0.3854285714285657, 1.2044642857143029, 1.3971785714285656, 51.98467857142813, 51.45471428571382, 0.1445357142857372, 0.8672142857143028, 0.5781428571428284, 52.61099999999952, 0.04817857142856569, 0.5781428571428685, 1.3008214285714343, 52.996428571428076, 53.09278571428525, 1.204464285714263, 0.04817857142856569, 52.75553571428525, 0.28907142857143425, 51.31017857142812, 51.06928571428526, 0.9153928571428687, 1.3008214285714343, 0.28907142857143425, 0.09635714285713139, 0.7226785714285657, 0.2408928571428285, 1.6862499999999598, 1.1081071428571314, 0.7708571428571314, 1.349, 0.3854285714285657, 1.2526428571428687, 0.09635714285713139, 0.19271428571426277, 0.09635714285713139, 0.8190357142856971, 0.33725, 0.43360714285713137, 0.5299642857143029, 0.09635714285713139, 0.19271428571426277, 0.4817857142857372, 0.2408928571428285, 0.04817857142856569, 1.1081071428571314, 0.9153928571428687, 0.1445357142857372, 0.5299642857143029, 0.6263214285714344, 0.7708571428571314, 1.349, 0.3854285714285657, 0.19271428571426277, 1.5898928571428685, 0.7226785714285657, 0.04817857142856569, 1.8307857142856971, 1.1081071428571314, 0.2408928571428686, 52.273749999999524, 1.68625, 1.2044642857143029, 0.2408928571428686, 0.43360714285713137, 0.33725, 0.5299642857143029, 0.04817857142856569, 51.74378571428525, 0.4817857142857372, 0.28907142857143425, 1.3008214285713942, 0.6745, 53.14096428571382, 52.12921428571382, 52.90007142857095, 51.599249999999515, 53.23732142857095, 0.5781428571428685, 0.1445357142857372, 51.69560714285669, 52.273749999999524, 0.6745, 0.3854285714285657, 51.021107142856685, 0.3854285714285657, 0.19271428571426277, 0.6263214285714344, 0.33725, 0.7226785714285657, 52.37010714285669, 0.3854285714285657, 0.2408928571428285, 0.9153928571428285, 1.204464285714263, 52.08103571428526, 52.37010714285669, 0.4817857142857372, 0.33725, 0.33725, 0.5299642857143029, 0.33725, 1.156285714285697, 52.75553571428525, 0.9635714285714343, 0.4817857142856971, 0.19271428571426277, 51.26199999999956, 51.74378571428525, 0.4817857142856971, 0.5781428571428685, 0.6263214285714344, 0.0, 0.33725, 0.6263214285714344, 0.3854285714285657, 0.04817857142856569, 1.3971785714285656, 51.599249999999515, 51.791964285713824, 0.09635714285713139, 51.74378571428525, 0.5781428571428284, 52.08103571428526, 0.4817857142857372, 51.213821428570945, 0.1445357142856971, 0.6745, 0.9153928571428687, 0.6745, 0.28907142857143425, 52.65917857142808, 51.888321428570954, 52.273749999999524, 0.8190357142856971, 0.9635714285713942, 0.3854285714285657, 51.45471428571382, 1.1081071428571314, 0.33725, 0.7226785714285657, 0.2408928571428285, 51.64742857142812, 52.418285714285254, 0.6745, 0.04817857142856569, 0.8672142857143028, 0.8190357142856971, 0.8672142857142627, 51.888321428570954, 0.9153928571428687, 0.33725, 0.28907142857143425, 52.418285714285254, 0.1927142857143029, 1.68625, 0.19271428571426277, 0.28907142857143425, 0.8190357142856971, 52.273749999999524, 53.09278571428525, 1.156285714285697, 52.707357142856694, 0.1445357142857372, 0.0, 50.97292857142812, 51.93649999999951, 0.3854285714285657, 1.01175, 0.9153928571428285, 0.1927142857143029, 0.3854285714285657, 0.0, 0.0, 0.4817857142857372, 0.1445357142856971, 0.43360714285713137, 0.1445357142857372, 0.8190357142856971, 0.7708571428571314, 0.1445357142857372, 1.5898928571428286, 0.19271428571426277, 0.5781428571428284, 0.9635714285714343, 0.6263214285714344, 0.33725, 0.5299642857142628, 0.0, 1.4935357142856969, 0.2408928571428285, 0.3854285714285657, 1.01175, 0.7226785714285657, 0.04817857142856569, 0.43360714285713137, 51.84014285714239, 52.562821428570956, 1.3971785714285656, 0.28907142857143425, 53.28549999999952, 1.2526428571428687, 1.0599285714285656, 0.8190357142856971, 0.9153928571428687, 0.43360714285713137, 0.5299642857143029, 1.2044642857143029, 0.7226785714285657, 53.09278571428525, 0.1927142857143029, 1.6380714285714342, 0.1445357142856971, 1.4935357142856969, 1.3971785714285656, 1.3008214285714343, 1.2526428571428687, 0.1445357142857372, 0.1445357142856971, 0.1445357142856971, 51.502892857142385, 52.65917857142808, 0.1445357142857372, 0.04817857142856569, 0.09635714285713139, 1.01175, 1.0599285714285656, 0.8672142857142627, 0.28907142857143425, 0.4817857142857372, 0.8190357142856971, 0.04817857142856569, 1.1081071428571314, 0.8672142857143028, 0.0, 0.09635714285713139, 0.33725, 0.8672142857143028, 1.6380714285713942, 0.43360714285713137, 0.6263214285714344, 0.04817857142856569, 0.04817857142856569, 0.28907142857143425, 0.04817857142856569, 0.1445357142857372, 0.5299642857142628, 0.28907142857143425, 1.4935357142856969, 0.19271428571426277, 0.2408928571428686, 0.7226785714285657, 0.1927142857143029, 0.04817857142856569, 0.4817857142856971, 0.1445357142857372, 0.7708571428571314, 0.6263214285714344, 0.1445357142857372, 0.28907142857143425, 0.5299642857143029, 0.04817857142856569, 1.3971785714285656, 0.3854285714285657, 0.33725, 0.3854285714285657, 0.5781428571428685, 0.43360714285713137, 0.09635714285713139, 51.888321428570954, 0.3854285714285657, 0.1445357142857372, 0.1445357142856971, 0.0, 52.12921428571382, 52.17739285714239, 52.32192857142808, 51.26199999999956, 0.0, 1.4453571428571315, 0.1927142857143029, 52.032857142856685, 51.64742857142812, 51.98467857142813, 0.33725, 51.31017857142812, 52.803714285713816, 51.31017857142812, 52.37010714285669, 52.08103571428526, 1.01175, 0.33725, 51.84014285714239, 0.43360714285713137, 0.28907142857143425, 51.791964285713824, 51.45471428571382, 1.4935357142856969, 52.65917857142808, 51.74378571428525, 0.43360714285713137, 0.7708571428571314, 52.707357142856694, 0.1445357142857372, 0.3854285714285657, 1.2526428571428687, 0.0, 1.01175, 0.09635714285713139, 0.19271428571426277, 1.2044642857143029, 1.0599285714285656, 0.19271428571426277, 1.2526428571428687, 0.43360714285713137, 0.2408928571428285, 0.4817857142857372, 0.3372499999999532, 0.6182916666666745, 60.704999999998265, 0.5058749999999766, 0.9555416666666745, 0.33724999999999994, 0.6182916666666277, 0.786916666666651, 1.461416666666651, 0.9555416666666278, 0.5620833333333489, 0.1686249999999766, 0.0, 0.3934583333333255, 2.0234999999999066, 0.44966666666665106, 1.124166666666651, 0.056208333333325526, 1.1241666666666044, 1.0117499999999533, 0.1686249999999766, 0.44966666666665106, 1.1803749999999298, 1.4052083333332788, 0.7307083333332788, 1.4052083333333254, 0.44966666666665106, 0.6182916666666745, 0.28104166666662767, 60.929833333331565, 0.6744999999999531, 0.9555416666666278, 0.11241666666665105, 1.461416666666651, 0.1686250000000234, 1.1803749999999298, 0.8431249999999766, 1.3489999999999531, 60.929833333331565, 60.81741666666492, 59.468416666664965, 2.0797083333332784, 60.59258333333157, 59.80566666666492, 61.8853749999982, 0.1686250000000234, 0.44966666666665106, 1.0117499999999533, 60.25533333333156, 1.236583333333302, 0.3934583333333255, 1.236583333333302, 0.5058749999999766, 0.9555416666666278, 0.3934583333333255, 0.5620833333333489, 0.8431249999999766, 1.0117499999999533, 1.7424583333332786, 0.28104166666662767, 0.5620833333333489, 1.6300416666666275, 1.124166666666651, 0.1686249999999766, 0.44966666666665106, 0.7307083333332788, 0.6182916666666745, 0.1686250000000234, 1.1803749999999764, 0.6182916666666277, 1.4052083333333254, 1.461416666666651, 1.9672916666666276, 0.3934583333333255, 0.5620833333333022, 0.44966666666665106, 0.056208333333325526, 60.311541666664944, 2.5855833333332554, 0.1686249999999766, 61.71674999999822, 0.5058750000000234, 60.086708333331586, 1.3489999999999531, 0.7307083333332788, 0.11241666666665105, 0.5058750000000234, 1.4052083333333254, 0.0, 0.8993333333333021, 0.3934583333333255, 0.11241666666665105, 60.19912499999824, 1.01175, 0.056208333333325526, 0.8993333333333021, 0.9555416666666745, 1.2927916666666277, 0.1686249999999766, 0.6744999999999531, 0.2248333333333021, 0.44966666666665106, 0.8431249999999766, 0.0, 1.1803749999999764, 0.11241666666669786, 0.7307083333333255, 0.3934583333333255, 2.0234999999999532, 0.6744999999999531, 61.379499999998224, 59.693249999998265, 61.60433333333157, 61.09845833333154, 0.3372499999999532, 0.6744999999999999, 1.3489999999999998, 0.44966666666665106, 1.5738333333332555, 0.2248333333333021, 0.5620833333333489, 0.5058750000000234, 0.28104166666667446, 0.1686249999999766, 0.8431249999999766, 1.236583333333302, 0.5620833333333022, 0.22483333333334893, 0.44966666666665106, 0.1686249999999766, 1.798666666666651, 0.28104166666662767, 1.0117499999999533, 2.5293749999999298, 0.056208333333325526, 62.16641666666487, 0.0, 61.09845833333154, 60.87362499999824, 60.4239583333316, 0.7307083333333255, 0.8993333333333021, 0.11241666666669786, 0.22483333333334893, 0.6744999999999999, 0.2248333333333021, 0.6744999999999531, 1.8548749999999765, 0.0, 1.8548749999999765, 0.056208333333325526, 0.056208333333325526, 0.6744999999999531, 1.236583333333302, 2.0234999999999532, 1.01175, 1.236583333333302, 0.8431249999999766, 0.5620833333333489, 1.0117499999999533, 0.28104166666667446, 0.786916666666651, 0.3934583333333255, 0.8993333333333021, 1.6300416666666275, 1.2927916666666277, 0.6744999999999531, 0.3372499999999532, 0.5620833333333489, 0.1686249999999766, 0.28104166666667446, 0.6744999999999999, 1.0117499999999533, 0.33724999999999994, 1.8548749999999765, 1.236583333333302, 60.36774999999827, 60.03049999999826, 0.28104166666667446, 0.22483333333334893, 0.22483333333334893, 0.28104166666667446, 0.0, 0.1686250000000234, 0.11241666666669786, 0.1686250000000234, 61.772958333331545, 61.09845833333154, 0.11241666666665105, 0.0, 0.5058750000000234, 0.1686249999999766, 0.44966666666665106, 0.44966666666665106, 1.4052083333332788, 0.44966666666665106, 0.3934583333333255, 0.1686249999999766, 0.11241666666665105, 0.8431249999999766, 0.3372499999999532, 0.3934583333333255, 0.22483333333334893, 0.44966666666665106, 0.11241666666669786, 0.786916666666651, 0.1686250000000234, 0.5620833333333489, 0.5058750000000234, 0.786916666666651, 0.28104166666662767, 1.461416666666651, 0.6182916666666745, 0.0, 0.44966666666665106, 61.26708333333156, 60.81741666666492, 60.6487916666649, 1.461416666666651, 59.58083333333162, 0.28104166666662767, 0.11241666666665105, 0.8993333333333021, 0.6744999999999999, 0.1686249999999766, 0.6744999999999999, 1.1241666666666044, 0.11241666666669786, 61.60433333333157, 60.36774999999827, 0.7307083333333255, 0.1686249999999766, 0.5058749999999766, 0.3934583333333255, 61.21087499999824, 60.87362499999824, 0.28104166666662767, 59.63704166666494, 0.1686250000000234, 0.8431249999999766, 0.8431249999999766, 0.3934583333333255, 0.8431249999999766, 2.0234999999999532, 0.5058750000000234, 0.0, 0.22483333333334893, 0.33724999999999994, 1.6300416666666275, 0.1686250000000234, 0.2248333333333021, 0.0, 61.379499999998224, 60.59258333333157, 60.48016666666492, 1.2927916666666277, 1.9110833333333022, 1.1241666666666044, 0.8431249999999766, 0.0, 0.6182916666666745, 0.0, 0.11241666666665105, 0.3934583333333255, 0.056208333333325526, 0.1686249999999766, 1.0679583333333256, 0.1686249999999766, 0.5620833333333022, 0.6744999999999531, 0.11241666666669786, 0.6182916666666745, 0.28104166666662767, 0.11241666666669786, 0.22483333333334893, 0.6744999999999531, 1.7424583333332786, 0.11241666666669786, 0.6182916666666745, 0.2248333333333021, 1.6300416666666275, 1.9110833333332555, 1.236583333333302, 0.44966666666665106, 0.8993333333333021, 0.6744999999999531, 0.1686249999999766, 0.786916666666651, 0.28104166666667446, 1.01175, 0.44966666666665106, 1.0679583333333256, 1.6300416666666275, 0.6744999999999999, 0.6182916666666277, 0.44966666666665106, 0.5620833333333022, 1.8548749999999299, 1.573833333333302, 0.7307083333333255, 1.236583333333302, 1.8548749999999299, 0.44966666666665106, 0.6744999999999999, 0.056208333333325526, 0.33724999999999994, 0.056208333333325526, 0.5620833333333022, 1.6862499999999532, 0.3934583333333255, 0.786916666666651, 1.6862499999999532, 0.8993333333333021, 0.3934583333333255, 0.28104166666667446, 1.1803749999999764, 0.33724999999999994, 1.461416666666651, 0.11241666666669786, 0.2248333333333021, 0.28104166666662767, 0.9555416666666745, 0.056208333333325526, 0.2248333333333021, 0.3934583333333255, 1.236583333333302, 0.6182916666666277, 0.33724999999999994, 0.5058750000000234, 0.8993333333333021, 0.11241666666665105, 0.786916666666651, 0.056208333333325526, 0.056208333333325526, 0.056208333333325526, 0.6182916666666745, 0.3934583333333255, 1.1803749999999764, 0.7307083333332788, 0.5058749999999766, 0.7307083333333255, 1.1803749999999298, 0.786916666666651, 0.056208333333325526, 0.3934583333333255, 0.1686250000000234, 0.2248333333333021, 1.4052083333332788, 0.8431249999999766, 0.0, 0.1686249999999766, 0.056208333333325526, 0.786916666666651, 0.44966666666665106, 0.2248333333333021, 0.056208333333325526, 1.3489999999999998, 0.3934583333333255, 0.1686249999999766, 1.3489999999999998, 0.6744999999999531, 0.6744999999999531, 1.1241666666666044, 1.1803749999999764, 0.3934583333333255, 1.3489999999999531, 0.22483333333334893, 0.28104166666662767, 0.5620833333333022, 0.5058750000000234, 0.786916666666651, 2.0797083333332784, 0.1686250000000234, 2.0234999999999532, 0.8993333333333021, 0.5058749999999766, 0.44966666666665106, 0.44966666666665106, 0.786916666666651, 0.44966666666665106, 0.3372499999999532, 1.1241666666666044, 0.3372499999999532, 0.11241666666665105, 0.3372499999999532, 0.1686250000000234, 1.0679583333332787, 0.1686249999999766, 0.5620833333333489, 0.11241666666669786, 1.236583333333302, 0.6182916666666277, 0.0, 1.4052083333333254, 0.6744999999999999, 0.056208333333325526, 0.6744999999999999, 0.33724999999999994, 0.33724999999999994, 1.4614166666666042, 0.33724999999999994, 0.28104166666667446, 0.11241666666669786, 0.44966666666665106, 0.7307083333333255, 2.4169583333332785, 1.3489999999999998, 1.5176249999999767, 0.8431249999999766, 0.28104166666667446, 0.22483333333334893, 1.7424583333332786, 0.5620833333333489, 1.5738333333332555, 1.1241666666666044, 0.1686250000000234, 0.28104166666667446, 0.056208333333325526, 0.44966666666665106, 0.6744999999999999, 1.6300416666666275, 0.6182916666666745, 0.5620833333333489, 1.0679583333333256, 1.9672916666666276, 0.28104166666667446, 0.056208333333325526, 0.22483333333334893, 0.28104166666662767, 0.3372499999999532, 0.33724999999999994, 0.11241666666669786, 1.8548749999999765, 0.6744999999999531, 0.786916666666651, 0.22483333333334893, 1.9672916666666276, 1.124166666666651, 0.3934583333333255, 0.2248333333333021, 0.44966666666665106, 0.786916666666651, 0.056208333333325526, 0.28104166666667446, 0.44966666666665106, 1.2927916666666277, 1.2927916666666277, 1.5176249999999298, 0.28104166666667446, 1.0679583333333256, 0.8431249999999766, 0.9555416666666745, 0.056208333333325526, 0.5620833333333022, 0.11241666666665105, 0.11241666666669786, 1.2927916666666277, 0.44966666666665106, 0.056208333333325526, 0.3934583333333255, 0.5620833333333489, 2.135916666666604, 1.236583333333302, 0.9555416666666745, 0.28104166666667446, 0.8993333333333021, 1.3489999999999998, 0.056208333333325526, 0.44966666666665106, 0.786916666666651, 0.5058749999999766, 0.6744999999999999, 0.22483333333334893, 0.8993333333333021, 0.9555416666666278, 0.056208333333325526, 1.461416666666651, 0.9555416666666745, 1.236583333333302, 0.9555416666666745, 0.5620833333333489, 0.3934583333333255, 0.7307083333333255, 0.786916666666651, 1.8548749999999765, 0.6182916666666745, 1.2927916666666277, 0.3934583333333255, 0.786916666666651, 0.056208333333325526, 2.0234999999999532, 1.0679583333333256, 0.28104166666667446, 0.6744999999999999, 1.4052083333332788, 0.8993333333333021, 0.0, 0.0, 0.8993333333333021, 0.2248333333333021, 0.056208333333325526, 0.2248333333333021, 0.2248333333333021, 0.1686249999999766, 0.1686249999999766, 0.6182916666666745, 0.5058750000000234, 1.0679583333333256, 0.5058750000000234, 0.28104166666667446, 0.33724999999999994, 0.5058749999999766, 0.6182916666666745, 0.6744999999999531, 0.6182916666666277, 0.1686250000000234, 0.5058750000000234, 0.44966666666665106, 0.6182916666666745, 1.1803749999999764, 1.3489999999999998, 0.1686249999999766, 2.416958333333232, 0.8431249999999766, 0.44966666666665106, 0.056208333333325526, 1.2927916666666277, 1.2927916666666277, 1.236583333333302, 0.5058749999999766, 0.056208333333325526, 0.6744999999999999, 0.44966666666665106, 1.0679583333333256, 0.2248333333333021, 0.8993333333333021, 0.0, 0.3934583333333255, 0.9555416666666745, 0.11241666666669786, 0.786916666666651, 0.5620833333333489, 0.28104166666662767, 0.7307083333332788, 0.8993333333333021, 0.11241666666665105, 0.6182916666666277, 0.8431249999999766, 0.2248333333333021, 1.7424583333332786, 1.3489999999999998, 0.44966666666665106, 0.11241666666669786, 1.3489999999999998, 1.7424583333332786, 0.056208333333325526, 0.1686249999999766, 0.11241666666665105, 0.2248333333333021, 0.22483333333334893, 0.8431249999999766, 0.1686249999999766, 0.8431249999999766, 0.786916666666651, 0.1686249999999766, 1.1241666666666044, 0.8431249999999766, 0.1686250000000234, 0.9555416666666745, 0.3934583333333255, 0.8431249999999766, 0.28104166666667446, 0.3934583333333255, 0.5058750000000234, 0.6182916666666745, 1.124166666666651, 0.056208333333325526, 1.6862499999999532, 0.056208333333325526, 0.6182916666666277, 0.11241666666669786, 0.11241666666669786, 0.28104166666662767, 0.7307083333332788, 0.3372499999999532, 0.6182916666666745, 1.124166666666651, 0.056208333333325526, 1.5738333333332555, 0.22483333333334893, 0.056208333333325526, 1.1803749999999298, 0.6744999999999999, 0.1686249999999766, 0.28104166666667446, 0.7307083333332788, 1.1803749999999764, 0.7307083333333255, 61.82916666666487, 59.35599999999827, 61.49191666666487, 60.142916666664924, 60.6487916666649, 58.17562499999834, 1.7424583333332786, 58.79391666666496, 0.5058749999999766, 59.861874999998285, 61.8853749999982, 0.1686250000000234, 61.09845833333154, 61.82916666666487, 1.01175, 1.3489999999999998, 2.0797083333332784, 0.28104166666662767, 0.2248333333333021, 61.3232916666649, 0.33724999999999994, 0.22483333333334893, 0.0, 61.21087499999824, 1.573833333333302, 0.7307083333333255, 61.09845833333154, 60.03049999999826, 1.3489999999999998, 61.379499999998224, 60.4239583333316, 60.48016666666492, 0.6744999999999999, 0.6182916666666745, 60.704999999998265, 60.761208333331595, 0.056208333333325526, 0.28104166666667446, 0.9555416666666745, 60.761208333331595, 0.6744999999999999, 0.11241666666665105, 1.1803749999999764, 61.09845833333154, 0.44966666666665106, 1.7424583333332786, 0.28104166666667446, 0.8431249999999766, 0.1686250000000234, 0.5058750000000234, 61.60433333333157, 0.6182916666666277, 0.5620833333333022, 60.536374999998245, 0.786916666666651, 0.6744999999999531, 60.536374999998245, 1.6300416666666275, 0.22483333333334893, 0.9555416666666278, 59.861874999998285, 60.36774999999827, 0.8431249999999766, 62.05399999999822, 0.0, 2.360749999999953, 1.6300416666666275, 59.52462499999829, 60.25533333333156, 1.01175, 1.6862499999999532, 0.5058750000000234, 0.7307083333333255, 0.5058750000000234, 1.8548749999999765, 1.6862499999999532, 0.5058750000000234, 0.1686249999999766, 0.7307083333332788, 60.59258333333157, 61.548124999998244, 62.50366666666488, 60.19912499999824, 1.5176249999999767, 1.0679583333333256, 0.22483333333334893, 0.33724999999999994, 0.6182916666666745, 60.6487916666649, 61.71674999999822, 0.5620833333333489, 1.2927916666666277, 61.04224999999822, 0.3934583333333255, 0.11241666666665105, 1.0679583333332787, 0.6182916666666277, 1.573833333333302, 0.28104166666662767, 59.80566666666492, 61.6605416666649, 0.22483333333334893, 0.11241666666665105, 0.5058749999999766, 0.1686249999999766, 60.6487916666649, 0.6182916666666745, 60.929833333331565, 60.142916666664924, 0.3934583333333255, 0.056208333333325526, 0.9555416666666278, 61.60433333333157, 60.6487916666649, 0.22483333333334893, 60.704999999998265, 0.11241666666669786, 1.2927916666666277, 1.236583333333302, 0.22483333333334893, 60.311541666664944, 60.6487916666649, 60.48016666666492, 0.8431249999999766, 0.786916666666651, 0.44966666666665106, 60.81741666666492, 0.8993333333333021, 61.548124999998244, 61.43570833333155, 0.6182916666666745, 60.48016666666492, 1.0679583333333256, 1.01175, 0.1686250000000234, 1.01175, 60.19912499999824, 60.6487916666649, 0.3372499999999532, 2.248333333333302, 0.056208333333325526, 0.3934583333333255, 0.7307083333332788, 60.986041666664896, 0.6182916666666745, 0.22483333333334893, 0.0, 0.056208333333325526, 1.124166666666651, 60.6487916666649, 2.754208333333279, 1.4052083333333254, 60.59258333333157, 60.59258333333157, 0.28104166666662767, 0.5058750000000234, 1.4052083333332788, 0.6182916666666745, 1.4052083333333254, 0.11241666666669786, 1.3489999999999531, 0.11241666666665105, 0.1686250000000234, 1.1803749999999764, 0.11241666666669786, 0.1686250000000234, 0.44966666666665106, 0.33724999999999994, 0.11241666666665105, 61.997791666664895, 0.28104166666662767, 0.8993333333333021, 2.0234999999999532, 0.28104166666667446, 1.3489999999999998, 0.056208333333325526, 1.3489999999999531, 0.0, 0.33724999999999994, 0.6744999999999999, 0.6182916666666277, 0.6182916666666745, 1.6300416666666275, 0.8993333333333021, 1.6862499999999532, 60.4239583333316, 61.21087499999824, 0.8431249999999766, 0.1686249999999766, 1.3489999999999998, 0.9555416666666745, 0.6182916666666277, 1.8548749999999765, 1.2927916666666277, 60.87362499999824, 0.5620833333333489, 0.6182916666666745, 0.3934583333333255, 0.3372499999999532, 0.44966666666665106, 61.04224999999822, 0.1686250000000234, 60.761208333331595, 0.1686250000000234, 0.2248333333333021, 0.5620833333333022, 60.36774999999827, 0.056208333333325526, 1.236583333333302, 60.81741666666492, 60.142916666664924, 1.2927916666666277, 0.3934583333333255, 0.786916666666651, 0.11241666666665105, 60.311541666664944, 1.5176249999999298, 0.22483333333334893, 61.379499999998224, 0.6744999999999999, 0.44966666666665106, 0.7307083333333255, 0.8993333333333021, 0.056208333333325526, 0.11241666666665105, 59.13116666666497, 60.03049999999826, 1.4052083333332788, 0.3372499999999532, 1.5176249999999298, 0.11241666666665105, 0.1686249999999766, 0.2248333333333021, 0.1686250000000234, 0.22483333333334893, 1.236583333333302, 0.2248333333333021, 1.1803749999999764, 1.798666666666651, 1.1803749999999298, 0.786916666666651, 1.0117499999999533, 1.6300416666666275, 0.11241666666669786, 0.6744999999999531, 1.4052083333333254, 0.0, 0.056208333333325526, 0.3372499999999532, 0.28104166666667446, 0.3934583333333255, 1.5176249999999767, 0.33724999999999994, 60.929833333331565, 59.861874999998285, 61.548124999998244, 0.44966666666665106, 60.761208333331595, 61.71674999999822, 0.28104166666662767, 0.11241666666669786, 60.19912499999824, 0.2248333333333021, 0.44966666666665106, 0.0, 62.16641666666487, 59.63704166666494, 0.33724999999999994, 1.573833333333302, 0.786916666666651, 1.798666666666651, 0.1686249999999766, 1.01175, 1.1803749999999298, 1.1803749999999764, 61.04224999999822, 61.60433333333157, 0.8431249999999766, 59.693249999998265, 0.056208333333325526, 0.7307083333333255, 0.28104166666667446, 59.41220833333159, 0.0, 0.056208333333325526, 61.49191666666487, 1.1803749999999298, 0.11241666666669786, 0.0, 0.11241666666665105, 0.3934583333333255, 0.7307083333332788, 0.9555416666666745, 0.0, 0.28104166666662767, 0.6182916666666277, 2.0797083333332784, 1.9672916666666276, 0.6744999999999531, 0.8993333333333021, 2.5293749999999298, 0.33724999999999994, 1.01175, 0.786916666666651, 0.9555416666666278, 0.33724999999999994, 60.25533333333156, 61.379499999998224, 0.28104166666662767, 0.1686249999999766, 0.9555416666666745, 0.6744999999999999, 61.26708333333156, 0.056208333333325526, 60.6487916666649, 0.44966666666665106, 60.6487916666649, 0.3934583333333255, 0.5058750000000234, 2.248333333333302, 0.786916666666651, 0.1686249999999766, 61.43570833333155, 0.3934583333333255, 60.59258333333157, 60.03049999999826, 0.5058750000000234, 0.44966666666665106, 0.056208333333325526, 0.28104166666667446, 1.6300416666666275, 1.4052083333332788, 0.1686250000000234, 1.4052083333333254, 0.6182916666666277, 2.0234999999999066, 1.4052083333333254, 0.33724999999999994, 0.28104166666667446, 0.6744999999999999, 0.44966666666665106, 1.1803749999999764, 0.7307083333332788, 0.22483333333334893, 0.6744999999999999, 0.5058749999999766, 0.2248333333333021, 1.1241666666666044, 0.8993333333333021, 1.124166666666651, 1.236583333333302, 0.3372499999999532, 1.9110833333332555, 0.3934583333333255, 60.929833333331565, 0.056208333333325526, 0.11241666666669786, 0.5620833333333489, 60.25533333333156, 1.9110833333333022, 60.81741666666492, 0.786916666666651, 58.34424999999831, 2.0234999999999532, 61.26708333333156, 1.6862499999999532, 0.5620833333333022, 2.1921249999999297, 61.379499999998224, 60.761208333331595, 0.33724999999999994, 0.7307083333333255, 0.0, 0.44966666666665106, 0.5058749999999766, 0.28104166666667446, 61.09845833333154, 0.056208333333325526, 0.056208333333325526, 0.6744999999999531, 0.056208333333325526, 0.3372499999999532, 60.311541666664944, 60.704999999998265, 60.25533333333156, 60.25533333333156, 0.22483333333334893, 0.22483333333334893, 0.11241666666665105, 0.28104166666662767, 1.0679583333332787, 2.0797083333332784, 0.3934583333333255, 1.6300416666666275, 2.0234999999999532, 0.8993333333333021, 0.1686249999999766, 0.33724999999999994, 0.28104166666662767, 0.5620833333333489, 0.3372499999999532, 0.5620833333333022, 1.4614166666666042, 0.7307083333332788, 0.3934583333333255, 0.28104166666667446, 0.44966666666665106, 59.97429166666494, 60.086708333331586, 0.5058749999999766, 0.5620833333333489, 60.761208333331595, 60.81741666666492, 0.28104166666662767, 61.26708333333156, 61.04224999999822, 2.0234999999999066, 60.25533333333156, 61.379499999998224, 62.33504166666484, 61.60433333333157, 0.6182916666666277, 1.9672916666665807, 0.8431249999999766, 61.26708333333156, 0.7307083333332788, 61.8853749999982, 1.01175, 0.056208333333325526, 0.1686249999999766, 0.056208333333325526, 2.0797083333332784, 0.786916666666651, 0.5058750000000234, 1.01175, 0.11241666666665105, 1.2927916666666277, 1.3489999999999998, 0.8993333333333021, 1.124166666666651, 0.28104166666667446, 0.786916666666651, 0.1686249999999766, 60.59258333333157, 1.7424583333332786, 0.9555416666666745, 0.056208333333325526, 0.9555416666666745, 1.124166666666651, 2.4169583333332785, 61.3232916666649, 1.236583333333302, 0.6182916666666745, 59.468416666664965, 1.236583333333302, 0.28104166666667446, 0.5058750000000234, 1.4052083333332788, 0.44966666666665106, 1.0679583333332787, 0.2248333333333021, 0.11241666666669786, 0.11241666666669786, 2.0234999999999066, 2.3045416666666276, 1.1803749999999764, 1.6300416666666275, 0.44966666666665106, 61.04224999999822, 60.929833333331565, 0.3934583333333255, 60.36774999999827, 0.8431249999999766, 59.97429166666494, 0.056208333333325526, 0.1686249999999766, 0.28104166666662767, 0.2248333333333021, 60.81741666666492, 0.5058750000000234, 0.33724999999999994, 0.6744999999999999, 61.548124999998244, 1.8548749999999765, 0.0, 0.056208333333325526, 0.0, 0.5058749999999766, 0.5058749999999766, 0.7307083333332788, 60.48016666666492, 0.3934583333333255, 0.44966666666665106, 0.33724999999999994, 0.6182916666666745, 2.0234999999999532, 0.2248333333333021, 0.11241666666665105, 1.2927916666666277, 1.0679583333332787, 0.786916666666651, 1.4052083333333254, 1.01175, 0.1686250000000234, 1.0117499999999533, 0.9555416666666278, 1.461416666666651, 0.3934583333333255, 60.142916666664924, 2.5293749999999298, 1.2927916666666277, 60.48016666666492, 1.01175, 0.1686249999999766, 0.5620833333333489, 60.761208333331595, 61.49191666666487, 61.3232916666649, 0.3934583333333255, 61.21087499999824, 62.39124999999818, 0.8993333333333021, 0.8993333333333021, 0.7307083333333255, 61.21087499999824, 59.58083333333162, 1.1803749999999764, 0.056208333333325526, 0.5620833333333489, 61.09845833333154, 60.48016666666492, 0.2248333333333021, 0.6182916666666277, 0.2248333333333021, 0.11241666666669786, 1.6862499999999532, 0.44966666666665106, 0.3934583333333255, 0.33724999999999994, 0.6182916666666745, 0.6744999999999999, 0.0, 0.3372499999999532, 1.2927916666666277, 1.2927916666666277, 0.3934583333333255, 1.1241666666666044, 60.36774999999827, 1.4052083333333254, 0.8431249999999766, 61.49191666666487, 61.04224999999822, 0.8431249999999766, 61.379499999998224, 60.6487916666649, 1.2927916666666277, 60.929833333331565, 1.0679583333333256, 61.3232916666649, 0.2248333333333021, 61.3232916666649, 0.6182916666666277, 0.2248333333333021, 1.6862499999999532, 1.3489999999999998, 59.74945833333159, 1.0679583333332787, 0.1686249999999766, 61.379499999998224, 60.48016666666492, 0.5620833333333489, 0.1686249999999766, 0.5620833333333022, 1.7424583333332786, 0.2248333333333021, 0.2248333333333021, 0.5058750000000234, 1.01175, 0.056208333333325526, 0.11241666666669786, 1.0117499999999533, 0.11241666666665105, 1.1803749999999298, 0.22483333333334893, 1.0679583333333256, 0.3372499999999532, 0.44966666666665106, 1.6862499999999532, 1.236583333333302, 0.6182916666666745, 0.33724999999999994, 0.11241666666669786, 0.28104166666667446, 1.0679583333333256, 18.71737499999946, 2.248333333333302, 0.0, 0.5058750000000234, 59.693249999998265, 1.5176249999999767, 58.90633333333162, 1.4052083333332788, 0.5058749999999766, 0.786916666666651, 1.9110833333333022, 0.056208333333325526, 0.44966666666665106, 0.5058749999999766, 0.056208333333325526, 1.236583333333302, 0.5620833333333489, 0.8993333333333021, 0.5058750000000234, 0.22483333333334893, 0.28104166666667446, 1.236583333333302, 1.8548749999999765, 0.22483333333334893, 1.236583333333302, 1.124166666666651, 1.1803749999999298, 1.2927916666666277, 0.1686249999999766, 61.21087499999824, 0.056208333333325526, 0.33724999999999994, 1.4052083333333254, 0.5058749999999766, 0.28104166666662767, 1.01175, 0.22483333333334893, 0.0, 0.9555416666666745, 0.8993333333333021, 0.3372499999999532, 0.056208333333325526, 0.8993333333333021, 0.28104166666667446, 1.5176249999999767, 0.5058750000000234, 0.6182916666666277, 0.3934583333333255, 0.1686250000000234, 0.11241666666669786, 1.3489999999999998, 0.44966666666665106, 0.1686249999999766, 0.44966666666665106, 0.22483333333334893, 1.3489999999999998, 62.16641666666487, 59.58083333333162, 0.44966666666665106, 60.086708333331586, 0.3934583333333255, 1.236583333333302, 59.41220833333159, 1.01175, 0.11241666666665105, 1.2927916666666277, 60.19912499999824, 1.5176249999999767, 1.461416666666651, 0.28104166666662767, 1.236583333333302, 0.33724999999999994, 0.11241666666665105, 0.8431249999999766, 1.461416666666651, 1.124166666666651, 0.5620833333333022, 1.461416666666651, 0.6182916666666745, 58.90633333333162, 60.25533333333156, 60.086708333331586, 0.5620833333333489, 0.3934583333333255, 0.7307083333332788, 1.3489999999999998, 0.22483333333334893, 60.25533333333156, 0.1686249999999766, 1.2927916666666277, 0.44966666666665106, 1.3489999999999998, 0.1686250000000234, 59.58083333333162, 0.3934583333333255, 59.918083333331616, 60.48016666666492, 0.6744999999999999, 1.4052083333333254, 0.33724999999999994, 0.6182916666666277, 0.5058749999999766, 1.0679583333333256, 0.0, 61.43570833333155, 62.16641666666487, 0.0, 60.03049999999826, 61.548124999998244, 0.11241666666665105, 1.2927916666666277, 60.4239583333316, 0.8993333333333021, 0.11241666666665105, 0.7307083333333255, 0.2248333333333021, 0.44966666666665106, 0.7307083333333255, 0.22483333333334893, 0.8431249999999766, 0.8993333333333021, 0.3934583333333255, 1.9672916666666276, 1.0679583333333256, 0.8993333333333021, 59.918083333331616, 0.3934583333333255, 0.0, 60.704999999998265, 0.5620833333333489, 61.6605416666649, 1.573833333333302, 1.3489999999999531, 1.5176249999999767, 0.22483333333334893, 0.11241666666665105, 0.7307083333333255, 61.21087499999824, 0.11241666666665105, 1.01175, 1.124166666666651, 0.056208333333325526, 0.8431249999999766, 0.3372499999999532, 0.2248333333333021, 0.44966666666665106, 61.49191666666487, 60.761208333331595, 0.6182916666666745, 1.5176249999999767, 0.1686250000000234, 1.5176249999999298, 0.3934583333333255, 1.0679583333333256, 61.09845833333154, 1.461416666666651, 0.11241666666665105, 1.3489999999999531, 60.761208333331595, 1.1803749999999298, 60.4239583333316, 61.49191666666487, 0.0, 0.28104166666662767, 0.1686250000000234, 0.28104166666667446, 0.11241666666669786, 0.056208333333325526, 0.9555416666666745, 1.0679583333333256, 1.124166666666651, 0.9555416666666745, 60.48016666666492, 0.5058750000000234, 1.1803749999999764, 0.7307083333332788, 1.0679583333333256, 0.44966666666665106, 1.5738333333332555, 0.1686250000000234, 0.11241666666669786, 0.2248333333333021, 0.786916666666651, 0.28104166666667446, 0.9555416666666745, 0.7307083333332788, 0.056208333333325526, 0.11241666666669786, 0.056208333333325526, 1.0679583333332787, 0.44966666666665106, 0.44966666666665106, 60.87362499999824, 60.142916666664924, 60.19912499999824, 0.11241666666665105, 0.056208333333325526, 0.3372499999999532, 0.28104166666662767, 0.11241666666665105, 0.056208333333325526, 0.8993333333333021, 0.44966666666665106, 1.4052083333332788, 1.3489999999999531, 0.1686249999999766, 1.01175, 0.3934583333333255, 0.6744999999999531, 0.8993333333333021, 0.6744999999999999, 0.11241666666665105, 0.22483333333334893, 0.7307083333333255, 0.3934583333333255, 0.22483333333334893, 0.5058750000000234, 1.6862499999999532, 0.9555416666666745, 1.4052083333333254, 1.573833333333302, 0.44966666666665106, 1.9110833333333022, 0.33724999999999994, 0.8431249999999766, 0.5620833333333489, 0.3372499999999532, 1.124166666666651, 0.28104166666667446, 0.9555416666666278, 0.33724999999999994, 1.9672916666665807, 1.01175, 0.1686250000000234, 1.236583333333302, 0.3934583333333255, 0.7307083333333255, 62.11020833333154, 60.25533333333156, 0.056208333333325526, 0.7307083333333255, 60.929833333331565, 0.6182916666666745, 1.4614166666666042, 0.2248333333333021, 1.5176249999999298, 1.236583333333302, 0.2248333333333021, 61.43570833333155, 59.41220833333159, 0.786916666666651, 1.0117499999999533, 0.5058749999999766, 0.6182916666666745, 0.1686250000000234, 61.82916666666487, 61.3232916666649, 0.1686250000000234, 0.0, 59.35599999999827, 0.8993333333333021, 1.01175, 60.48016666666492, 60.311541666664944, 59.18737499999829, 0.22483333333334893, 2.135916666666604, 58.90633333333162, 1.236583333333302, 0.5058750000000234, 0.22483333333334893, 0.9555416666666745, 61.379499999998224, 0.9555416666666745, 0.056208333333325526, 0.3372499999999532, 0.6744999999999999, 0.1686250000000234, 1.3489999999999998, 0.786916666666651, 1.9110833333333022, 0.6744999999999999, 1.2927916666666277, 2.360749999999953, 0.44966666666665106, 1.0117499999999533, 0.8431249999999766, 0.786916666666651, 0.11241666666669786, 0.2248333333333021, 61.82916666666487, 0.3934583333333255, 1.01175, 0.28104166666662767, 0.6744999999999999, 0.9555416666666745, 0.9555416666666278, 0.22483333333334893, 0.11241666666669786, 60.48016666666492, 1.4052083333332788, 0.9555416666666745, 0.28104166666662767, 0.11241666666665105, 60.929833333331565, 59.18737499999829, 0.11241666666669786, 0.8993333333333021, 0.056208333333325526, 0.056208333333325526, 0.28104166666662767, 0.5620833333333489, 2.9228333333332555, 61.09845833333154, 59.97429166666494, 1.236583333333302, 60.59258333333157, 0.11241666666669786, 0.28104166666667446, 0.056208333333325526, 0.28104166666662767, 0.056208333333325526, 0.33724999999999994, 60.4239583333316, 60.59258333333157, 0.8993333333333021, 0.28104166666667446, 0.786916666666651, 60.6487916666649, 1.0679583333333256, 0.1686249999999766, 0.6182916666666745, 0.1686250000000234, 0.056208333333325526, 1.2927916666666277, 61.8853749999982, 0.28104166666662767, 0.3934583333333255, 1.236583333333302, 0.8431249999999766, 1.2927916666666277, 0.2248333333333021, 0.5620833333333489, 60.81741666666492, 1.6300416666666275, 0.786916666666651, 0.056208333333325526, 0.786916666666651, 0.3372499999999532, 62.27883333333152, 60.704999999998265, 60.87362499999824, 60.761208333331595, 59.97429166666494, 60.87362499999824, 1.124166666666651, 1.01175, 0.9555416666666745, 0.11241666666665105, 0.9555416666666745, 1.5176249999999767, 0.6744999999999999, 1.6300416666666275, 0.28104166666667446, 0.11241666666669786, 0.056208333333325526, 0.28104166666667446, 1.3489999999999531, 0.22483333333334893, 0.056208333333325526, 0.22483333333334893, 1.0679583333333256, 1.0679583333333256, 61.772958333331545, 61.6605416666649, 0.11241666666669786, 60.929833333331565, 0.28104166666662767, 0.28104166666662767, 0.5058749999999766, 0.2248333333333021, 0.056208333333325526, 1.236583333333302, 0.8993333333333021, 0.28104166666662767, 1.6300416666666275, 0.8431249999999766, 0.8431249999999766, 0.3934583333333255, 0.28104166666662767, 0.11241666666665105, 1.6862499999999532, 0.5620833333333022, 0.44966666666665106, 0.5620833333333489, 0.0, 1.236583333333302, 0.056208333333325526, 59.861874999998285, 61.04224999999822, 0.8431249999999766, 60.6487916666649, 1.6862499999999532, 0.6744999999999531, 0.786916666666651, 2.135916666666604, 0.11241666666665105, 0.3934583333333255, 0.3934583333333255, 1.5738333333332555, 0.8993333333333021, 1.124166666666651, 0.7307083333333255, 0.6744999999999531, 1.2927916666666277, 0.44966666666665106, 61.6605416666649, 0.1686249999999766, 0.056208333333325526, 0.33724999999999994, 60.536374999998245, 0.22483333333334893, 0.1686249999999766, 1.2927916666666277, 0.2248333333333021, 0.7307083333332788, 1.7424583333332786, 0.3372499999999532, 61.49191666666487, 0.28104166666667446, 0.5620833333333489, 61.21087499999824, 0.11241666666665105, 61.8853749999982, 0.5620833333333489, 0.1686250000000234, 0.0, 1.7424583333332786, 0.786916666666651, 0.5620833333333022, 0.8431249999999766, 1.0117499999999533, 0.44966666666665106, 0.3372499999999532, 0.056208333333325526, 60.086708333331586, 0.786916666666651, 59.074958333331644, 60.87362499999824, 1.124166666666651, 0.9555416666666278, 60.87362499999824, 1.6862499999999532, 0.28104166666662767, 1.6862499999999532, 2.1921249999999297, 0.1686250000000234, 1.4614166666666042, 0.6744999999999531, 0.44966666666665106, 0.28104166666662767, 0.3934583333333255, 0.1686250000000234, 0.6744999999999999, 0.3934583333333255, 0.1686250000000234, 0.6182916666666277, 0.44966666666665106, 0.5620833333333489, 1.573833333333302, 0.1686250000000234, 0.056208333333325526, 0.7307083333333255, 1.1803749999999764, 0.11241666666665105, 0.786916666666651, 61.49191666666487, 1.3489999999999998, 61.49191666666487, 0.786916666666651, 0.3372499999999532, 0.8993333333333021, 0.11241666666665105, 0.6182916666666745, 60.4239583333316, 1.236583333333302, 61.3232916666649, 61.772958333331545, 0.44966666666665106, 0.22483333333334893, 0.7307083333333255, 1.0679583333333256, 59.693249999998265, 0.7307083333333255, 60.19912499999824, 59.918083333331616, 0.5058750000000234, 0.0, 1.1803749999999298, 0.6182916666666277, 0.6744999999999999, 0.5058750000000234, 1.0679583333333256, 1.0679583333333256, 0.0, 60.536374999998245, 0.11241666666665105, 1.0679583333333256, 1.0679583333333256, 0.11241666666669786, 1.236583333333302, 0.056208333333325526, 0.3934583333333255, 0.3372499999999532, 1.236583333333302, 1.4052083333332788, 0.5620833333333022, 0.056208333333325526, 0.7307083333333255, 1.0679583333333256, 2.0234999999999532, 0.056208333333325526, 0.5620833333333489, 0.5620833333333489, 0.8993333333333021, 1.01175, 0.11241666666669786, 0.1686249999999766, 0.2248333333333021, 0.1686249999999766, 0.6182916666666745, 0.28104166666662767, 1.3489999999999998, 0.33724999999999994, 1.7424583333332786, 3.20387499999993, 0.056208333333325526, 0.6182916666666745, 1.1803749999999764, 0.33724999999999994, 0.9555416666666745, 1.5176249999999767, 1.1803749999999764, 1.9110833333333022, 0.5620833333333022, 0.44966666666665106, 1.0117499999999533, 0.786916666666651, 1.3489999999999998, 0.7307083333332788, 0.44966666666665106, 0.11241666666669786, 1.1803749999999764, 0.9555416666666745, 61.15466666666492, 0.5620833333333022, 0.44966666666665106, 60.59258333333157, 1.2927916666666277, 0.5620833333333489, 60.36774999999827, 1.461416666666651, 0.7307083333333255, 0.11241666666665105, 61.3232916666649, 61.3232916666649, 0.9555416666666278, 0.2248333333333021, 0.28104166666667446, 0.11241666666669786, 60.311541666664944, 0.6744999999999999, 61.49191666666487, 59.074958333331644, 0.5620833333333022, 0.7307083333333255, 1.1241666666666044, 0.786916666666651, 0.1686249999999766, 0.3372499999999532, 0.3934583333333255, 1.236583333333302, 0.1686249999999766, 0.6182916666666745, 0.056208333333325526, 0.33724999999999994, 60.986041666664896, 1.1803749999999764, 0.28104166666662767, 0.5058750000000234, 0.11241666666665105, 0.0, 1.0117499999999533, 1.4052083333333254, 0.33724999999999994, 0.056208333333325526, 61.43570833333155, 0.5620833333333489, 0.3934583333333255, 1.6300416666666275, 0.0, 1.236583333333302, 0.28104166666662767, 1.4052083333332788, 61.09845833333154, 0.786916666666651, 59.861874999998285, 2.473166666666604, 1.7424583333332786, 0.5058750000000234, 1.236583333333302, 0.5058749999999766, 61.548124999998244, 0.6744999999999999, 1.2927916666666277, 0.3934583333333255, 61.09845833333154, 0.44966666666665106, 1.4052083333332788, 0.28104166666662767, 1.3489999999999998, 0.1686250000000234, 59.74945833333159, 0.056208333333325526, 61.04224999999822, 60.19912499999824, 0.1686250000000234, 1.7424583333332786, 0.44966666666665106, 0.7307083333332788, 61.43570833333155, 0.0, 0.5058750000000234, 60.086708333331586, 0.6182916666666745, 1.1241666666666044, 0.5058749999999766, 0.28104166666662767, 0.056208333333325526, 0.1686249999999766, 0.786916666666651, 0.11241666666669786, 0.9555416666666745, 0.0, 0.3934583333333255, 0.5620833333333022, 0.6182916666666745, 0.1686249999999766, 0.28104166666662767, 1.461416666666651, 0.3934583333333255, 0.0, 0.28104166666667446, 61.6605416666649, 61.71674999999822, 60.929833333331565, 0.5620833333333489, 59.74945833333159, 0.11241666666669786, 0.6182916666666745, 0.3934583333333255, 0.8431249999999766, 1.461416666666651, 0.786916666666651, 0.11241666666665105, 1.1803749999999764, 0.056208333333325526, 0.6182916666666277, 0.056208333333325526, 1.8548749999999299, 0.8431249999999766, 0.3934583333333255, 0.6182916666666277, 0.3934583333333255, 0.5058750000000234, 0.28104166666662767, 1.6300416666666275, 0.056208333333325526, 0.056208333333325526, 60.986041666664896, 1.2927916666666277, 0.6744999999999999, 60.81741666666492, 0.5620833333333489, 61.548124999998244, 61.04224999999822, 60.81741666666492, 0.1686250000000234, 1.4052083333333254, 0.5620833333333022, 0.1686250000000234, 60.87362499999824, 60.03049999999826, 0.9555416666666278, 0.6744999999999999, 2.2483333333332554, 1.2927916666666277, 1.6862499999999532, 1.4052083333332788, 1.0679583333333256, 0.7307083333333255, 0.6744999999999999, 1.124166666666651, 0.5058749999999766, 0.3372499999999532, 0.5620833333333489, 0.3934583333333255, 0.056208333333325526, 0.6744999999999999, 1.7424583333332786, 0.5620833333333489, 61.09845833333154, 60.761208333331595, 1.5738333333332555, 0.056208333333325526, 0.056208333333325526, 0.28104166666662767, 0.5058749999999766, 0.786916666666651, 0.3934583333333255, 61.43570833333155, 59.80566666666492, 61.04224999999822, 61.04224999999822, 0.6744999999999999, 1.1803749999999764, 0.056208333333325526, 0.11241666666669786, 0.5620833333333489, 59.918083333331616, 60.311541666664944, 0.5058750000000234, 59.80566666666492, 1.5176249999999767, 59.74945833333159, 61.21087499999824, 0.28104166666667446, 0.11241666666669786, 0.056208333333325526, 61.548124999998244, 0.9555416666666278, 62.7847083333315, 0.1686249999999766, 60.929833333331565, 60.761208333331595, 0.0, 0.8431249999999766, 0.1686249999999766, 1.01175, 0.3372499999999532, 0.6744999999999999, 1.4052083333332788, 2.0234999999999066, 0.7307083333333255, 0.2248333333333021, 0.9555416666666745, 0.3934583333333255, 0.44966666666665106, 0.786916666666651, 1.0679583333333256, 1.1803749999999764, 0.11241666666665105, 0.9555416666666745, 0.6744999999999531, 0.11241666666669786, 0.28104166666667446, 0.1686250000000234, 0.5620833333333022, 1.6300416666666275, 59.468416666664965, 1.236583333333302, 0.5620833333333489, 0.3934583333333255, 0.33724999999999994, 60.6487916666649, 0.3934583333333255, 0.8431249999999766, 1.7986666666666042, 0.2248333333333021, 1.4052083333333254, 0.9555416666666745, 0.7307083333333255, 0.0, 0.1686249999999766, 60.87362499999824, 0.11241666666669786, 0.7307083333333255, 1.3489999999999998, 0.22483333333334893, 62.27883333333152, 1.461416666666651, 60.03049999999826, 0.5058749999999766, 60.6487916666649, 61.379499999998224, 0.5058749999999766, 0.0, 0.6744999999999531, 1.5176249999999767, 61.379499999998224, 60.142916666664924, 61.04224999999822, 61.82916666666487, 61.379499999998224, 60.536374999998245, 61.548124999998244, 0.3372499999999532, 0.5620833333333022, 1.236583333333302, 0.056208333333325526, 0.056208333333325526, 61.60433333333157, 62.222624999998196, 0.6182916666666277, 59.80566666666492, 60.536374999998245, 0.3934583333333255, 0.786916666666651, 60.59258333333157, 0.056208333333325526, 0.5620833333333022, 0.8993333333333021, 0.5058749999999766, 0.1686249999999766, 1.236583333333302, 0.6744999999999999, 1.6300416666666275, 0.7307083333332788, 0.0, 1.5176249999999298, 0.44966666666665106, 0.44966666666665106, 0.056208333333325526, 0.2248333333333021, 0.056208333333325526, 1.01175, 0.28104166666667446, 0.1686250000000234, 1.1803749999999298, 0.44966666666665106, 1.0117499999999533, 0.8993333333333021, 0.3372499999999532, 1.1241666666666044, 0.6744999999999531, 0.8431249999999766, 0.44966666666665106, 0.7307083333332788, 0.22483333333334893, 0.5058749999999766, 1.236583333333302, 0.5620833333333489, 1.6300416666666275, 2.0797083333332784, 0.11241666666669786, 0.3934583333333255, 0.44966666666665106, 0.1686250000000234, 1.7424583333332786, 0.6182916666666277, 0.7307083333333255, 0.28104166666662767, 0.6744999999999999, 61.3232916666649, 0.44966666666665106, 0.44966666666665106, 0.1686249999999766, 60.87362499999824, 0.056208333333325526, 1.236583333333302, 61.09845833333154, 1.5176249999999767, 61.94158333333152, 0.28104166666667446, 0.3372499999999532, 0.5620833333333022, 1.0679583333332787, 0.1686250000000234, 0.0, 0.056208333333325526, 0.7307083333333255, 0.3934583333333255, 0.5620833333333489, 1.0679583333333256, 0.6182916666666745, 0.0, 0.8993333333333021, 0.5058749999999766, 0.28104166666662767, 0.3934583333333255, 0.9555416666666745, 0.5620833333333022, 0.786916666666651, 0.33724999999999994, 0.0, 0.786916666666651, 0.0, 0.3934583333333255, 0.6182916666666745, 2.0797083333332784, 0.6744999999999999, 61.379499999998224, 0.9555416666666745, 60.87362499999824, 59.74945833333159, 1.4052083333332788, 1.124166666666651, 0.056208333333325526, 1.01175, 0.22483333333334893, 61.60433333333157, 0.28104166666662767, 60.6487916666649, 0.1686249999999766, 1.9110833333332555, 61.379499999998224, 0.786916666666651, 0.2248333333333021, 61.15466666666492, 61.09845833333154, 60.81741666666492, 0.2248333333333021, 0.11241666666665105, 0.11241666666669786, 0.44966666666665106, 0.1686249999999766, 0.5058750000000234, 0.9555416666666745, 0.44966666666665106, 0.28104166666667446, 0.33724999999999994, 0.9555416666666278, 0.22483333333334893, 0.056208333333325526, 0.3372499999999532, 1.124166666666651, 0.11241666666665105, 1.1803749999999764, 0.22483333333334893, 0.1686250000000234, 1.124166666666651, 1.6862499999999532, 0.6182916666666745, 0.3372499999999532, 1.9110833333332555, 0.1686249999999766, 0.8431249999999766, 0.5058750000000234, 0.28104166666662767, 0.33724999999999994, 0.7307083333333255, 1.6862499999999532, 0.1686250000000234, 1.8548749999999765, 1.01175, 0.6182916666666277, 0.3934583333333255, 1.236583333333302, 0.3372499999999532, 0.5058750000000234, 0.786916666666651, 0.9555416666666278, 1.8548749999999765, 0.44966666666665106, 1.0679583333333256, 0.22483333333334893, 0.6182916666666277, 0.8993333333333021, 1.1803749999999298, 1.0679583333332787, 1.0117499999999533, 62.27883333333152, 59.80566666666492, 0.33724999999999994, 0.7307083333333255, 0.5058750000000234, 0.1686249999999766, 1.124166666666651, 0.7307083333332788, 0.9555416666666278, 0.056208333333325526, 1.461416666666651, 0.5620833333333489, 1.1241666666666044, 0.5058750000000234, 0.056208333333325526, 0.3934583333333255, 0.28104166666667446, 0.22483333333334893, 0.056208333333325526, 0.5058750000000234, 0.22483333333334893, 2.0797083333332784, 0.8993333333333021, 0.6744999999999531, 0.3934583333333255, 0.6182916666666745, 1.1803749999999298, 1.9672916666666276, 61.21087499999824, 1.6300416666666275, 0.7307083333333255, 60.536374999998245, 60.4239583333316, 0.6182916666666745, 0.44966666666665106, 59.918083333331616, 1.236583333333302, 1.2927916666666277, 1.01175, 0.44966666666665106, 0.6182916666666745, 1.7424583333332786, 0.1686250000000234, 1.6300416666666275, 0.22483333333334893, 1.4614166666666042, 0.28104166666667446, 0.8431249999999766, 0.33724999999999994, 0.056208333333325526, 0.28104166666667446, 0.44966666666665106, 0.33724999999999994, 0.9555416666666745, 1.236583333333302, 0.056208333333325526, 0.11241666666669786, 0.3934583333333255, 1.236583333333302, 0.9555416666666278, 1.6300416666666275, 1.6862499999999532, 1.2927916666666277, 0.6182916666666277, 0.6744999999999999, 1.0117499999999533, 59.80566666666492, 0.3372499999999532, 0.44966666666665106, 0.056208333333325526, 0.7307083333332788, 59.468416666664965, 0.786916666666651, 61.43570833333155, 61.09845833333154, 2.0797083333332784, 1.5176249999999767, 0.28104166666662767, 0.6744999999999999, 1.5176249999999298, 1.8548749999999299, 0.9555416666666745, 1.1803749999999298, 1.3489999999999998, 1.1803749999999298, 1.236583333333302, 0.786916666666651, 0.2248333333333021, 0.786916666666651, 0.1686249999999766, 0.056208333333325526, 0.22483333333334893, 1.3489999999999998, 0.11241666666665105, 0.11241666666669786, 1.1803749999999764, 0.44966666666665106, 0.9555416666666745, 1.6862499999999532, 0.6744999999999999, 0.44966666666665106, 61.49191666666487, 60.4239583333316, 1.9672916666666276, 0.44966666666665106, 1.1241666666666044, 0.5620833333333489, 0.6744999999999999, 1.0117499999999533, 60.4239583333316, 0.9555416666666278, 0.056208333333325526, 0.786916666666651, 1.573833333333302, 1.5176249999999767, 0.44966666666665106, 0.056208333333325526, 0.44966666666665106, 1.1803749999999298, 0.44966666666665106, 0.22483333333334893, 1.2927916666666277, 1.4052083333332788, 1.3489999999999998, 0.5058749999999766, 1.6300416666666275, 1.798666666666651, 1.3489999999999998, 0.11241666666669786, 1.6300416666666275, 0.2248333333333021, 0.3934583333333255, 0.056208333333325526, 0.1686250000000234, 0.44966666666665106, 0.7307083333332788, 1.124166666666651, 0.33724999999999994, 0.9555416666666745, 0.056208333333325526, 0.22483333333334893, 0.8431249999999766, 0.7307083333333255, 0.0, 0.3934583333333255, 0.3934583333333255, 0.2248333333333021, 1.3489999999999531, 0.1686250000000234, 59.693249999998265, 62.616083333331524, 0.1686249999999766, 0.22483333333334893, 61.3232916666649, 59.80566666666492, 1.6300416666666275, 61.8853749999982, 60.536374999998245, 59.01874999999832, 1.6862499999999532, 60.19912499999824, 0.056208333333325526, 0.9555416666666745, 0.9555416666666278, 0.3934583333333255, 0.44966666666665106, 0.056208333333325526, 0.8431249999999766, 0.11241666666669786, 0.6182916666666277, 0.3934583333333255, 0.6744999999999999, 0.056208333333325526, 1.6300416666666275, 0.056208333333325526, 0.0, 0.1686249999999766, 0.056208333333325526, 1.9672916666666276, 0.8431249999999766, 0.5058750000000234, 0.33724999999999994, 0.6744999999999999, 1.6862499999999532, 1.4052083333333254, 0.3372499999999532, 60.536374999998245, 0.5620833333333489, 60.761208333331595, 0.8431249999999766, 59.41220833333159, 1.236583333333302, 0.6182916666666745, 1.2927916666666277, 0.056208333333325526, 0.22483333333334893, 0.5620833333333489, 0.5620833333333489, 0.786916666666651, 0.6182916666666277, 0.6182916666666277, 0.8431249999999766, 0.786916666666651, 0.3372499999999532, 0.6744999999999999, 1.5176249999999767, 1.6862499999999532, 0.0, 0.5620833333333489, 0.6744999999999999, 0.0, 0.1686249999999766, 0.6182916666666745, 0.8431249999999766, 0.8993333333333021, 0.3372499999999532, 1.7424583333332786, 0.44966666666665106, 1.4052083333333254, 0.2248333333333021, 0.6182916666666745, 1.1803749999999764, 0.6744999999999531, 0.0, 1.236583333333302, 0.7307083333332788, 0.22483333333334893, 0.056208333333325526, 61.09845833333154, 0.11241666666665105, 0.0, 0.056208333333325526, 0.8431249999999766, 0.44966666666665106, 0.7307083333332788, 0.1686250000000234, 1.3489999999999998, 0.9555416666666745, 0.3934583333333255, 0.33724999999999994, 0.11241666666669786, 0.28104166666667446, 60.142916666664924, 0.5058750000000234, 1.124166666666651, 1.0679583333332787, 0.11241666666665105, 0.1686250000000234, 1.1241666666666044, 0.28104166666667446, 0.7307083333332788, 0.056208333333325526, 0.22483333333334893, 60.4239583333316, 60.761208333331595, 0.0, 60.086708333331586, 0.7307083333333255, 0.11241666666665105, 1.236583333333302, 0.056208333333325526, 61.379499999998224, 0.3934583333333255, 0.786916666666651, 0.1686250000000234, 0.7307083333333255, 0.3372499999999532, 1.6300416666666275, 0.786916666666651, 0.5620833333333022, 0.5620833333333022, 1.6300416666666275, 0.786916666666651, 0.7307083333333255, 0.6744999999999531, 0.2248333333333021, 0.1686250000000234, 0.33724999999999994, 0.1686250000000234, 0.786916666666651, 0.5058749999999766, 0.8431249999999766, 62.67229166666485, 0.786916666666651, 1.8548749999999765, 0.1686249999999766, 1.124166666666651, 0.1686249999999766, 0.056208333333325526, 0.5058749999999766, 0.5058749999999766, 0.6744999999999531, 0.056208333333325526, 0.056208333333325526, 0.6744999999999999, 0.28104166666667446, 0.6182916666666745, 0.5620833333333489, 0.44966666666665106, 0.1686250000000234, 0.5620833333333022, 1.1803749999999298, 0.3934583333333255, 2.248333333333302, 0.3934583333333255, 0.8431249999999766, 1.5176249999999298, 1.0679583333333256, 0.7307083333332788, 1.5738333333332555, 0.056208333333325526, 0.6182916666666745, 0.786916666666651, 0.44966666666665106, 60.03049999999826, 1.7424583333332786, 61.60433333333157, 59.468416666664965, 0.28104166666662767, 0.1686249999999766, 0.11241666666665105, 61.71674999999822, 59.468416666664965, 0.3934583333333255, 0.2248333333333021, 59.80566666666492, 0.5058749999999766, 1.0679583333333256, 0.056208333333325526, 0.056208333333325526, 1.2927916666666277, 0.056208333333325526, 0.5620833333333022, 0.11241666666665105, 0.056208333333325526, 0.6182916666666745, 1.1803749999999764, 1.236583333333302, 0.786916666666651, 1.8548749999999299, 0.1686249999999766, 0.1686250000000234, 0.3934583333333255, 1.01175, 0.5620833333333489, 1.3489999999999998, 2.0797083333332784, 0.0, 1.6300416666666275, 0.1686249999999766, 0.0, 2.0234999999999532, 0.8431249999999766, 1.0679583333333256, 0.7307083333333255, 0.6182916666666277, 0.11241666666669786, 0.5620833333333022, 0.786916666666651, 0.786916666666651, 0.786916666666651, 0.11241666666669786, 0.5058750000000234, 0.8993333333333021, 0.5058750000000234, 0.11241666666669786, 0.8993333333333021, 61.49191666666487, 0.5058750000000234, 60.4239583333316, 0.9555416666666745, 61.6605416666649, 0.8993333333333021, 59.74945833333159, 61.71674999999822, 1.7986666666666042, 0.7307083333333255, 1.5176249999999767, 0.9555416666666745, 0.3372499999999532, 1.5176249999999767, 0.3934583333333255, 0.5620833333333489, 0.5620833333333489, 0.8993333333333021, 0.5058749999999766, 0.3372499999999532, 0.6182916666666745, 0.1686250000000234, 0.6182916666666745, 0.33724999999999994, 0.1686250000000234, 0.5620833333333022, 1.1803749999999764, 0.9555416666666278, 0.5620833333333489, 60.086708333331586, 1.7986666666666042, 0.28104166666667446, 1.1803749999999764, 0.3934583333333255, 0.44966666666665106, 0.3934583333333255, 60.929833333331565, 60.986041666664896, 59.693249999998265, 60.704999999998265, 0.44966666666665106, 0.3372499999999532, 0.28104166666662767, 0.6744999999999531, 0.1686250000000234, 0.28104166666662767, 59.97429166666494, 1.461416666666651, 60.536374999998245, 0.7307083333332788, 0.1686250000000234, 59.693249999998265, 60.87362499999824, 60.4239583333316, 0.11241666666665105, 60.704999999998265, 61.82916666666487, 59.693249999998265, 1.6300416666666275, 0.28104166666662767, 0.7307083333333255, 0.28104166666667446, 60.086708333331586, 60.086708333331586, 0.11241666666665105, 0.8993333333333021, 0.0, 1.4614166666666042, 0.5058749999999766, 0.3934583333333255, 0.28104166666667446, 0.3934583333333255, 0.33724999999999994, 0.7307083333332788, 1.5176249999999298, 0.6744999999999999, 1.124166666666651, 0.44966666666665106, 0.44966666666665106, 0.056208333333325526, 0.28104166666662767, 0.11241666666669786, 0.1686250000000234, 0.3934583333333255, 1.4052083333333254, 60.81741666666492, 1.5176249999999298, 0.6182916666666745, 0.22483333333334893, 0.2248333333333021, 0.1686249999999766, 61.26708333333156, 0.3934583333333255, 1.9110833333333022, 0.28104166666662767, 0.1686249999999766, 0.1686250000000234, 60.142916666664924, 60.986041666664896, 60.704999999998265, 0.786916666666651, 61.09845833333154, 61.8853749999982, 60.986041666664896, 0.33724999999999994, 0.44966666666665106, 1.573833333333302, 0.11241666666665105, 1.236583333333302, 0.9555416666666745, 0.786916666666651, 2.0234999999999532, 0.1686250000000234, 0.3372499999999532, 0.5058750000000234, 0.056208333333325526, 0.7307083333333255, 1.9672916666666276, 1.3489999999999998, 2.360749999999953, 0.1686249999999766, 0.33724999999999994, 0.11241666666669786, 0.28104166666667446, 0.1686250000000234, 0.8993333333333021, 0.1686250000000234, 0.7307083333333255, 0.8431249999999766, 0.33724999999999994, 0.33724999999999994, 1.6300416666666275, 0.3934583333333255, 0.3934583333333255, 0.8993333333333021, 0.3372499999999532, 0.11241666666669786, 0.5058750000000234, 0.7307083333333255, 61.43570833333155, 0.056208333333325526, 1.0679583333333256, 0.28104166666662767, 0.3934583333333255, 0.5058749999999766, 0.786916666666651, 1.8548749999999765, 2.8104166666665575, 0.5620833333333022, 0.5058749999999766, 0.5058749999999766, 0.1686250000000234, 0.9555416666666745, 0.5620833333333489, 1.4052083333333254, 0.11241666666665105, 1.0679583333333256, 1.01175, 0.786916666666651, 0.28104166666667446, 0.3934583333333255, 0.056208333333325526, 0.11241666666669786, 0.22483333333334893, 0.11241666666665105, 0.5620833333333489, 0.056208333333325526, 0.33724999999999994, 1.5738333333332555, 1.6300416666666275, 0.7307083333333255, 0.6182916666666745, 0.0, 0.33724999999999994, 1.4052083333333254, 0.056208333333325526, 0.9555416666666278, 0.28104166666662767, 0.8993333333333021, 0.8993333333333021, 59.861874999998285, 60.87362499999824, 60.4239583333316, 0.3372499999999532, 60.48016666666492, 59.41220833333159, 0.6744999999999531, 0.6744999999999999, 0.1686249999999766, 59.693249999998265, 61.3232916666649, 0.5620833333333022, 60.311541666664944, 0.2248333333333021, 60.929833333331565, 60.4239583333316, 0.0, 60.48016666666492, 61.82916666666487, 0.5620833333333022, 0.11241666666665105, 0.056208333333325526, 2.304541666666581, 0.11241666666669786, 1.461416666666651, 1.1803749999999298, 1.4052083333332788, 0.1686249999999766, 0.3934583333333255, 0.28104166666667446, 0.5620833333333489, 0.3372499999999532, 0.11241666666665105, 0.5620833333333489, 0.056208333333325526, 0.056208333333325526, 0.786916666666651, 62.39124999999822, 0.6182916666666745, 0.1686249999999766, 1.1803749999999764, 0.3934583333333255, 0.3934583333333255, 61.15466666666492, 61.26708333333156, 61.21087499999824, 60.142916666664924, 0.5058749999999766, 61.26708333333156, 0.11241666666669786, 60.03049999999826, 60.59258333333157, 0.44966666666665106, 1.573833333333302, 0.3372499999999532, 1.2927916666666277, 0.6744999999999999, 0.3372499999999532, 0.44966666666665106, 2.1921249999999297, 0.28104166666662767, 0.9555416666666278, 0.1686250000000234, 0.8431249999999766, 0.7307083333333255, 61.09845833333154, 0.3372499999999532, 0.5058749999999766, 1.461416666666651, 0.7307083333333255, 0.5058749999999766, 0.786916666666651, 0.28104166666662767, 0.44966666666665106, 0.5058749999999766, 60.81741666666492, 0.22483333333334893, 0.2248333333333021, 0.3934583333333255, 0.33724999999999994, 0.1686249999999766, 1.2927916666666277, 61.60433333333157, 62.5598749999982, 0.33724999999999994, 61.43570833333155, 1.01175, 61.49191666666487, 60.36774999999827, 59.13116666666497, 0.33724999999999994, 0.22483333333334893, 0.28104166666667446, 0.1686250000000234, 0.3934583333333255, 0.33724999999999994, 0.0, 0.9555416666666745, 1.124166666666651, 0.11241666666669786, 0.22483333333334893, 1.2927916666666277, 0.33724999999999994, 0.3372499999999532, 1.4614166666666042, 0.44966666666665106, 0.22483333333334893, 0.6182916666666745, 1.01175, 0.44966666666665106, 1.3489999999999998, 1.1803749999999298, 1.6862499999999532, 0.28104166666667446, 1.5176249999999767, 0.6182916666666277, 0.11241666666665105, 0.5620833333333489, 61.379499999998224, 0.44966666666665106, 61.04224999999822, 59.80566666666492, 0.1686250000000234, 0.33724999999999994, 0.3372499999999532, 0.6744999999999999, 0.1686249999999766, 61.15466666666492, 0.6744999999999531, 0.11241666666669786, 61.60433333333157, 0.6182916666666745, 0.44966666666665106, 61.71674999999822, 61.3232916666649, 61.82916666666487, 0.22483333333334893, 1.4614166666666042, 1.461416666666651, 0.1686250000000234, 0.8993333333333021, 59.18737499999829, 1.5738333333332555, 0.8431249999999766, 0.2248333333333021, 0.28104166666667446, 0.22483333333334893, 59.80566666666492, 60.19912499999824, 1.0679583333333256, 60.36774999999827, 0.11241666666669786, 0.2248333333333021, 0.9555416666666745, 0.11241666666669786, 0.11241666666669786, 61.3232916666649, 62.8971249999982, 61.6605416666649, 61.43570833333155, 0.5058749999999766, 0.056208333333325526, 0.8993333333333021, 1.4052083333332788, 60.142916666664924, 0.056208333333325526, 60.48016666666492, 0.3934583333333255, 0.6182916666666277, 0.2248333333333021, 0.0, 0.6744999999999999, 1.0679583333332787, 0.8993333333333021, 0.7307083333332788, 0.3372499999999532, 0.28104166666662767, 0.5058749999999766, 0.056208333333325526, 0.11241666666669786, 0.3372499999999532, 0.2248333333333021, 0.11241666666669786, 1.2927916666666277, 1.1241666666666044, 1.798666666666651, 0.8993333333333021, 0.1686250000000234, 1.0679583333333256, 0.0, 60.4239583333316, 1.0679583333332787, 0.22483333333334893, 0.056208333333325526, 0.6182916666666745, 0.3934583333333255, 0.3934583333333255, 0.8431249999999766, 0.8993333333333021, 0.44966666666665106, 0.22483333333334893, 0.6182916666666277, 0.11241666666669786, 0.11241666666669786, 0.1686250000000234, 0.1686250000000234, 61.94158333333152, 0.6182916666666745, 0.056208333333325526, 0.9555416666666745, 0.786916666666651, 1.236583333333302, 0.2248333333333021, 1.0679583333333256, 0.1686250000000234, 1.0679583333333256, 0.0, 0.786916666666651, 60.311541666664944, 0.28104166666662767, 60.81741666666492, 0.1686250000000234, 0.2248333333333021, 1.0679583333333256, 0.6744999999999999, 0.11241666666669786, 61.43570833333155, 60.4239583333316, 0.44966666666665106, 61.04224999999822, 0.5620833333333489, 0.5058750000000234, 0.6744999999999999, 62.44745833333155, 60.87362499999824, 0.6744999999999999, 61.3232916666649, 61.04224999999822, 1.01175, 1.4614166666666042, 0.6744999999999531, 0.8431249999999766, 0.6182916666666277, 0.28104166666667446, 60.142916666664924, 60.311541666664944, 0.44966666666665106, 60.48016666666492, 0.3934583333333255, 0.28104166666662767, 61.43570833333155, 1.461416666666651, 61.3232916666649, 61.26708333333156, 0.44966666666665106, 0.3372499999999532, 0.33724999999999994, 0.0, 61.8853749999982, 61.04224999999822, 60.311541666664944, 1.2927916666666277, 0.0, 0.3934583333333255, 0.28104166666662767, 1.0679583333333256, 0.6744999999999999, 0.11241666666669786, 59.074958333331644, 0.056208333333325526, 0.6744999999999531, 1.0117499999999533, 0.056208333333325526, 0.1686250000000234, 0.3934583333333255, 0.8993333333333021, 0.28104166666667446, 0.44966666666665106, 0.0, 0.8993333333333021, 0.6182916666666745, 1.1803749999999764, 0.786916666666651, 0.5620833333333022, 1.1241666666666044, 0.3934583333333255, 0.5620833333333489, 1.3489999999999998, 2.697999999999953, 0.056208333333325526, 59.80566666666492, 60.536374999998245, 0.22483333333334893, 59.918083333331616, 0.3372499999999532, 0.056208333333325526, 0.11241666666665105, 0.28104166666662767, 2.473166666666604, 1.798666666666651, 1.7424583333332786, 0.11241666666665105, 0.5620833333333489, 0.6182916666666277, 0.3934583333333255, 0.44966666666665106, 0.28104166666662767, 0.5620833333333489, 0.8993333333333021, 2.0797083333332784, 0.5620833333333022, 1.6300416666666275, 1.461416666666651, 0.5620833333333489, 1.1241666666666044, 0.28104166666667446, 0.786916666666651, 0.8431249999999766, 0.5058749999999766, 0.22483333333334893, 0.3934583333333255, 0.5058750000000234, 0.6182916666666277, 0.6744999999999999, 0.3934583333333255, 1.01175, 0.056208333333325526, 0.11241666666665105, 0.5620833333333022, 60.25533333333156, 1.236583333333302, 0.22483333333334893, 0.5058749999999766, 1.1803749999999298, 0.6744999999999999, 60.142916666664924, 61.26708333333156, 0.11241666666669786, 60.59258333333157, 2.0234999999999532, 0.6744999999999531, 0.8431249999999766, 1.2927916666666277, 0.1686249999999766, 0.2248333333333021, 0.056208333333325526, 0.5058750000000234, 1.124166666666651, 0.6182916666666277, 0.7307083333333255, 0.7307083333332788, 1.0679583333332787, 0.7307083333332788, 0.5620833333333022, 1.0679583333332787, 60.6487916666649, 60.929833333331565, 0.5620833333333022, 1.3489999999999998, 60.4239583333316, 0.3934583333333255, 0.5058750000000234, 0.9555416666666278, 0.7307083333332788, 0.786916666666651, 0.3934583333333255, 0.3372499999999532, 0.6182916666666277, 0.22483333333334893, 0.22483333333334893, 0.056208333333325526, 0.2248333333333021, 60.19912499999824, 60.536374999998245, 60.87362499999824, 1.236583333333302, 0.786916666666651, 0.786916666666651, 0.7307083333332788, 0.3934583333333255, 0.3934583333333255, 61.43570833333155, 60.25533333333156, 60.311541666664944, 1.573833333333302, 0.44966666666665106, 0.1686250000000234, 0.1686249999999766, 0.0, 60.25533333333156, 0.22483333333334893, 0.8431249999999766, 58.73770833333164, 0.8993333333333021, 0.22483333333334893, 0.33724999999999994, 1.5176249999999767, 0.1686249999999766, 0.11241666666665105, 0.44966666666665106, 0.22483333333334893, 1.2927916666666277, 0.6182916666666745, 60.704999999998265, 0.8993333333333021, 0.28104166666667446, 0.9555416666666278, 0.5620833333333022, 0.1686249999999766, 0.6744999999999999, 61.60433333333157, 1.01175, 0.0, 0.8993333333333021, 0.3934583333333255, 0.22483333333334893, 61.379499999998224, 60.6487916666649, 0.5058749999999766, 0.33724999999999994, 1.0117499999999533, 1.0679583333332787, 0.11241666666669786, 0.056208333333325526, 60.81741666666492, 0.5058749999999766, 61.49191666666487, 1.4614166666666042, 0.22483333333334893, 1.8548749999999765, 60.87362499999824, 60.81741666666492, 0.8431249999999766, 0.5620833333333489, 1.01175, 1.0679583333332787, 0.28104166666662767, 0.22483333333334893, 1.8548749999999765, 1.4052083333333254, 0.28104166666662767, 0.22483333333334893, 60.761208333331595, 1.0679583333333256, 0.44966666666665106, 0.056208333333325526, 0.056208333333325526, 0.6744999999999999, 0.11241666666669786, 0.1686250000000234, 1.0679583333333256, 0.7307083333333255, 62.11020833333154, 60.03049999999826, 0.8431249999999766, 0.1686249999999766, 0.22483333333334893, 0.786916666666651, 0.44966666666665106, 60.87362499999824, 61.43570833333155, 0.8993333333333021, 1.236583333333302, 0.5058750000000234, 0.3934583333333255, 0.786916666666651, 1.0117499999999533, 0.3934583333333255, 0.8431249999999766, 0.22483333333334893, 1.1241666666666044, 1.6300416666666275, 1.798666666666651, 0.11241666666669786, 0.5058750000000234, 0.1686249999999766, 0.9555416666666278, 0.7307083333332788, 0.6182916666666745, 0.44966666666665106, 0.056208333333325526, 0.056208333333325526, 0.28104166666667446, 61.772958333331545, 0.44966666666665106, 1.6300416666666275, 0.3934583333333255, 0.5620833333333489, 0.11241666666669786, 0.3934583333333255, 0.22483333333334893, 0.7307083333333255, 0.44966666666665106, 0.7307083333333255, 0.5620833333333489, 0.1686250000000234, 0.056208333333325526, 1.7986666666666042, 0.5620833333333489, 0.5058750000000234, 1.236583333333302, 0.6744999999999999, 1.3489999999999998, 0.3934583333333255, 1.8548749999999765, 0.6182916666666745, 0.1686250000000234, 0.28104166666667446, 0.3934583333333255, 0.3372499999999532, 1.236583333333302, 0.6182916666666745, 1.3489999999999531, 0.056208333333325526, 0.6182916666666277, 1.5176249999999298, 0.6744999999999531, 0.7307083333333255, 1.4052083333333254, 0.6744999999999531, 1.2927916666666277, 60.536374999998245, 61.49191666666487, 59.58083333333162, 0.11241666666669786, 0.0, 0.1686249999999766, 60.81741666666492, 0.3934583333333255, 0.11241666666665105, 0.1686249999999766, 1.0679583333333256, 60.929833333331565, 61.09845833333154, 1.1803749999999764, 0.8993333333333021, 0.3934583333333255, 1.0679583333332787, 1.236583333333302, 0.6182916666666745, 0.22483333333334893, 1.6862499999999532, 0.3372499999999532, 0.44966666666665106, 0.28104166666662767, 0.6744999999999999, 1.3489999999999998, 0.1686250000000234, 0.11241666666665105, 1.3489999999999998, 1.573833333333302, 0.7307083333333255, 0.5620833333333489, 0.28104166666662767, 0.5620833333333489, 0.5058750000000234, 1.9110833333333022, 0.786916666666651, 0.11241666666669786, 0.11241666666665105, 0.7307083333333255, 1.461416666666651, 1.461416666666651, 1.2927916666666277, 2.0797083333332784, 0.786916666666651, 0.6744999999999531, 0.5058750000000234, 0.7307083333333255, 0.6182916666666745, 0.8431249999999766, 1.2927916666666277, 0.6744999999999999, 0.8993333333333021, 1.1803749999999764, 1.4052083333332788, 0.3934583333333255, 0.3372499999999532, 2.4169583333332785, 0.056208333333325526, 0.786916666666651, 0.11241666666665105, 0.22483333333334893, 0.0, 0.5620833333333489, 1.573833333333302, 60.142916666664924, 0.28104166666667446, 1.124166666666651, 1.5176249999999767, 0.0, 0.786916666666651, 1.7424583333332786, 1.4052083333333254, 0.6744999999999531, 0.2248333333333021, 1.5176249999999767, 0.6744999999999999, 1.4052083333333254, 1.2927916666666277, 59.41220833333159, 0.0, 60.25533333333156, 61.379499999998224, 1.3489999999999998, 0.3934583333333255, 0.3934583333333255, 0.44966666666665106, 0.5620833333333022, 0.22483333333334893, 0.7307083333333255, 0.8431249999999766, 0.6182916666666745, 0.6182916666666277, 0.3934583333333255, 0.0, 0.7307083333333255, 0.44966666666665106, 0.8993333333333021, 0.2248333333333021, 0.33724999999999994, 2.3045416666666276, 1.0679583333333256, 0.11241666666665105, 1.9672916666666276, 0.5058750000000234, 0.1686250000000234, 60.4239583333316, 0.056208333333325526, 0.6744999999999531, 0.28104166666667446, 0.44966666666665106, 0.11241666666669786, 0.22483333333334893, 0.056208333333325526, 0.1686249999999766, 0.5058750000000234, 0.2248333333333021, 60.986041666664896, 0.28104166666662767, 1.6862499999999532, 0.8993333333333021, 0.6182916666666277, 0.8431249999999766, 0.7307083333333255, 1.573833333333302, 0.5058750000000234, 1.4614166666666042, 1.0117499999999533, 60.311541666664944, 60.086708333331586, 1.124166666666651, 2.0234999999999532, 0.7307083333333255, 0.6744999999999999, 0.786916666666651, 0.7307083333332788, 2.5293749999999298, 0.28104166666667446, 61.26708333333156, 0.1686250000000234, 0.786916666666651, 0.44966666666665106, 0.1686249999999766, 0.11241666666665105, 0.8993333333333021, 0.8993333333333021, 0.6182916666666745, 61.772958333331594, 0.1686250000000234, 0.0, 0.3372499999999532, 0.786916666666651, 1.01175, 1.0679583333332787, 0.8431249999999766, 0.28104166666662767, 0.33724999999999994, 0.3372499999999532, 0.6744999999999531, 0.1686250000000234, 1.1803749999999764, 0.1686250000000234, 1.7424583333332786, 0.3372499999999532, 60.48016666666492, 0.3934583333333255, 0.5058750000000234, 60.761208333331595, 0.1686249999999766, 0.3934583333333255, 0.5058750000000234, 0.7307083333333255, 0.28104166666667446, 0.22483333333334893, 0.056208333333325526, 0.786916666666651, 0.7307083333333255, 0.28104166666667446, 1.236583333333302, 0.056208333333325526, 0.3934583333333255, 0.786916666666651, 0.28104166666662767, 0.44966666666665106, 0.5620833333333489, 0.056208333333325526, 0.5620833333333489, 0.786916666666651, 0.2248333333333021, 0.3934583333333255, 0.8431249999999766, 0.3934583333333255, 0.5058750000000234, 0.5620833333333489, 61.60433333333157, 60.6487916666649, 0.0, 61.04224999999822, 0.7307083333333255, 0.7307083333333255, 0.3372499999999532, 60.086708333331586, 0.5620833333333489, 1.01175, 0.056208333333325526, 1.3489999999999531, 1.5738333333332555, 59.80566666666492, 61.71674999999822, 1.01175, 61.43570833333155, 1.5176249999999767, 60.87362499999824, 0.9555416666666745, 0.3934583333333255, 0.22483333333334893, 0.7307083333332788, 0.6182916666666277, 1.6862499999999532, 0.8993333333333021, 0.3934583333333255, 0.0, 0.786916666666651, 0.5058749999999766, 0.1686249999999766, 0.7307083333332788, 1.0679583333333256, 0.3934583333333255, 0.6182916666666745, 0.33724999999999994, 0.056208333333325526, 1.4614166666666042, 0.22483333333334893, 0.7307083333333255, 1.4614166666666042, 1.3489999999999531, 1.1241666666666044, 0.8993333333333021, 0.3934583333333255, 0.786916666666651, 0.3372499999999532, 0.786916666666651, 1.236583333333302, 0.11241666666669786, 1.01175, 60.929833333331565, 0.6744999999999999, 1.1803749999999764, 60.986041666664896, 61.379499999998224, 0.0, 0.6744999999999999, 0.056208333333325526, 0.8431249999999766, 0.8431249999999766, 0.056208333333325526, 1.3489999999999531, 1.4052083333333254, 1.6862499999999532, 0.9555416666666745, 0.1686249999999766, 0.8993333333333021, 0.8431249999999766, 0.8431249999999766, 2.0797083333332784, 0.056208333333325526, 2.0234999999999532, 0.28104166666667446, 0.44966666666665106, 1.5738333333332555, 0.3934583333333255, 0.786916666666651, 0.22483333333334893, 0.22483333333334893, 1.1803749999999298, 1.4052083333333254, 0.22483333333334893, 1.1803749999999298, 0.786916666666651, 0.9555416666666745, 1.236583333333302, 0.1686250000000234, 1.4614166666666042, 0.056208333333325526, 0.22483333333334893, 0.0, 0.33724999999999994, 1.124166666666651, 1.01175, 1.461416666666651, 60.311541666664944, 0.6744999999999999, 60.704999999998265, 61.3232916666649, 0.8993333333333021, 0.28104166666667446, 0.6744999999999999, 0.28104166666662767, 60.311541666664944, 1.4052083333333254, 60.086708333331586, 1.3489999999999531, 0.11241666666669786, 1.798666666666651, 0.1686250000000234, 0.786916666666651, 0.056208333333325526, 0.44966666666665106, 0.9555416666666745, 0.22483333333334893, 0.0, 0.1686250000000234, 0.8993333333333021, 0.11241666666669786, 0.3934583333333255, 0.8431249999999766, 59.80566666666492, 61.04224999999822, 59.918083333331616, 0.3934583333333255, 0.9555416666666278, 0.8431249999999766, 1.0679583333333256, 1.124166666666651, 59.52462499999829, 61.60433333333157, 59.918083333331616, 0.11241666666669786, 0.6182916666666745, 0.7307083333333255, 0.28104166666667446, 0.1686250000000234, 0.0, 1.8548749999999765, 60.704999999998265, 1.7424583333332786, 0.0, 1.3489999999999531, 0.8993333333333021, 61.6605416666649, 61.82916666666487, 61.379499999998224, 0.22483333333334893, 60.142916666664924, 0.5620833333333022, 60.142916666664924, 61.26708333333156, 0.056208333333325526, 60.03049999999826, 1.01175, 0.5620833333333489, 0.1686250000000234, 60.36774999999827, 0.33724999999999994, 0.44966666666665106, 61.15466666666492, 60.36774999999827, 0.6744999999999531, 0.2248333333333021, 0.0, 0.6744999999999999, 1.236583333333302, 0.33724999999999994, 1.7424583333332786, 0.056208333333325526, 61.71674999999822, 59.74945833333159, 0.6744999999999531, 61.71674999999822, 1.5176249999999767, 60.19912499999824, 60.6487916666649, 0.44966666666665106, 0.11241666666665105, 2.0234999999999532, 58.73770833333164, 1.6300416666666275, 1.1803749999999298, 61.82916666666487, 61.15466666666492, 0.8431249999999766, 60.704999999998265, 1.3489999999999531, 0.11241666666669786, 1.1803749999999298, 0.786916666666651, 0.44966666666665106, 0.0, 61.21087499999824, 60.03049999999826, 59.74945833333159, 0.1686250000000234, 0.6182916666666745, 0.1686249999999766, 59.52462499999829, 59.74945833333159, 61.09845833333154, 0.6744999999999531, 1.01175, 0.28104166666667446, 1.1803749999999764, 1.5176249999999767, 0.22483333333334893, 0.8993333333333021, 0.3372499999999532, 0.3934583333333255, 1.5176249999999298, 0.5058749999999766, 0.1686249999999766, 0.3934583333333255, 1.2927916666666277, 0.056208333333325526, 0.1686250000000234, 0.44966666666665106, 1.236583333333302, 0.3934583333333255, 0.056208333333325526, 0.3934583333333255, 1.461416666666651, 0.3372499999999532, 0.056208333333325526, 0.11241666666669786, 1.6300416666666275, 0.44966666666665106, 0.6182916666666277, 1.2927916666666277, 0.8993333333333021, 1.1803749999999764, 1.1803749999999764, 0.0, 0.786916666666651, 1.2927916666666277, 0.3934583333333255, 0.22483333333334893, 1.0679583333332787, 1.236583333333302, 0.11241666666665105, 0.11241666666665105, 0.44966666666665106, 0.7307083333332788, 0.44966666666665106, 1.1241666666666044, 0.3934583333333255, 0.11241666666665105, 1.3489999999999531, 0.8993333333333021, 0.7307083333332788, 0.1686250000000234, 0.0, 60.142916666664924, 0.5058749999999766, 61.379499999998224, 0.44966666666665106, 60.59258333333157, 1.0679583333332787, 0.056208333333325526, 59.63704166666494, 61.15466666666492, 1.4052083333333254, 0.8431249999999766, 61.09845833333154, 0.22483333333334893, 0.5058750000000234, 60.536374999998245, 61.3232916666649, 0.056208333333325526, 1.6300416666666275, 0.6182916666666277, 61.15466666666492, 0.28104166666667446, 0.3372499999999532, 0.11241666666669786, 0.22483333333334893, 0.056208333333325526, 0.2248333333333021, 0.0, 0.5058749999999766, 1.2927916666666277, 1.0679583333333256, 0.8993333333333021, 0.1686250000000234, 0.5620833333333022, 1.1241666666666044, 0.7307083333332788, 1.2927916666666277, 0.8431249999999766, 0.44966666666665106, 1.0117499999999533, 1.5176249999999767, 0.44966666666665106, 0.0, 0.22483333333334893, 1.1803749999999298, 0.6182916666666277, 0.5058749999999766, 0.3372499999999532, 0.7307083333332788, 1.01175, 0.11241666666669786, 0.1686250000000234, 0.11241666666669786, 0.33724999999999994, 0.3934583333333255, 0.056208333333325526, 0.3372499999999532, 0.786916666666651, 59.693249999998265, 0.1686250000000234, 0.33724999999999994, 0.44966666666665106, 59.861874999998285, 0.5620833333333022, 0.3934583333333255, 0.5058750000000234, 0.44966666666665106, 0.3372499999999532, 0.0, 0.1686250000000234, 0.6744999999999531, 0.22483333333334893, 0.3934583333333255, 0.11241666666665105, 61.3232916666649, 59.918083333331616, 0.33724999999999994, 0.11241666666669786, 61.772958333331545, 0.28104166666662767, 0.8431249999999766, 0.8431249999999766, 61.379499999998224, 0.786916666666651, 0.11241666666665105, 0.1686249999999766, 1.01175, 1.236583333333302, 0.786916666666651, 61.3232916666649, 0.786916666666651, 0.5058750000000234, 61.04224999999822, 0.056208333333325526, 0.3934583333333255, 0.11241666666669786, 60.59258333333157, 60.87362499999824, 0.28104166666667446, 0.22483333333334893, 1.6300416666666275, 0.3372499999999532, 0.8431249999999766, 2.0797083333332784, 1.4052083333332788, 0.1686249999999766, 0.44966666666665106, 0.5620833333333022, 0.8993333333333021, 0.9555416666666278, 60.986041666664896, 0.5620833333333489, 0.6182916666666277, 0.056208333333325526, 1.0117499999999533, 1.236583333333302, 1.1803749999999298, 0.11241666666669786, 1.4052083333332788, 0.5058749999999766, 0.44966666666665106, 0.28104166666662767, 0.8993333333333021, 0.6182916666666745, 2.473166666666604, 0.33724999999999994, 1.3489999999999998, 1.3489999999999998, 1.461416666666651, 0.44966666666665106, 1.1803749999999764, 0.11241666666669786, 0.786916666666651, 0.3934583333333255, 0.0, 0.22483333333334893, 0.2248333333333021, 0.056208333333325526, 1.6862499999999532, 0.8993333333333021, 0.8431249999999766, 0.1686249999999766, 0.8993333333333021, 0.5058749999999766, 0.056208333333325526, 0.1686249999999766, 0.3934583333333255, 0.11241666666669786, 1.6300416666666275, 1.1803749999999298, 0.9555416666666278, 0.28104166666667446, 0.9555416666666278, 0.5620833333333022, 1.4052083333333254, 0.5620833333333022, 0.8431249999999766, 0.7307083333332788, 0.6182916666666745, 1.4614166666666042, 0.8993333333333021, 0.056208333333325526, 0.5058750000000234, 1.2927916666666277, 0.11241666666669786, 1.1803749999999764, 1.01175, 0.5058749999999766, 0.2248333333333021, 0.7307083333332788, 0.5620833333333489, 1.3489999999999531, 0.056208333333325526, 0.056208333333325526, 1.124166666666651, 1.6862499999999532, 0.1686250000000234, 0.5620833333333489, 0.7307083333333255, 0.056208333333325526, 0.6744999999999999, 0.44966666666665106, 0.6744999999999999, 0.33724999999999994, 0.6182916666666745, 1.0679583333332787, 60.81741666666492, 0.11241666666669786, 59.52462499999829, 60.87362499999824, 0.056208333333325526, 60.03049999999826, 61.772958333331545, 60.142916666664924, 0.056208333333325526, 60.986041666664896, 0.8431249999999766, 0.7307083333332788, 0.22483333333334893, 0.7307083333333255, 0.22483333333334893, 0.3934583333333255, 59.63704166666494, 0.786916666666651, 0.44966666666665106, 0.11241666666669786, 1.1803749999999764, 0.6745, 0.5781428571428685, 1.01175, 0.1445357142856971, 0.0, 52.65917857142813, 51.55107142857096, 52.37010714285669, 52.12921428571382, 51.55107142857096, 50.780214285713825, 52.514642857142384, 52.514642857142384, 51.64742857142812, 52.65917857142813, 1.349, 0.43360714285713137, 0.04817857142856569, 0.43360714285713137, 1.1081071428571314, 52.08103571428526, 52.321928571428124, 0.09635714285713139, 50.97292857142812, 51.59924999999956, 1.3008214285714343, 0.09635714285713139, 0.4817857142856971, 1.204464285714263, 0.19271428571426277, 0.8190357142856971, 0.1445357142856971, 0.6263214285714344, 0.1927142857143029, 0.7708571428571314, 1.68625, 0.7708571428571314, 0.28907142857143425, 1.7344285714285657, 0.6263214285714344, 1.2526428571428687, 1.2526428571428687, 0.28907142857143425, 0.2408928571428686, 0.2408928571428686, 0.19271428571426277, 0.04817857142856569, 0.4817857142856971, 0.6745, 0.09635714285713139, 0.33725, 0.3854285714285657, 51.888321428570954, 51.98467857142813, 52.321928571428124, 51.31017857142812, 0.9635714285714343, 0.2408928571428686, 0.1445357142856971, 1.8307857142856971, 0.3854285714285657, 0.19271428571426277, 0.7708571428571314, 0.09635714285713139, 53.04460714285669, 51.93649999999956, 51.84014285714239, 51.11746428571382, 52.08103571428526, 0.09635714285713139, 51.791964285713824, 0.6263214285714344, 51.791964285713824, 0.3854285714285657, 1.2526428571428687, 0.8672142857142627, 0.3854285714285657, 0.43360714285713137, 0.3854285714285657, 0.1927142857143029, 0.5299642857143029, 0.5299642857142628, 0.5781428571428685, 0.28907142857143425, 0.19271428571426277, 0.04817857142856569, 1.0599285714285656, 52.22557142857095, 52.61099999999952, 0.6263214285714344, 1.2526428571428687, 0.33725, 0.33725, 52.273749999999524, 1.4935357142856969, 51.406535714285255, 0.1927142857143029, 0.2408928571428686, 0.2408928571428686, 0.1927142857143029, 0.1927142857143029, 1.0599285714285656, 0.28907142857143425, 1.1081071428571314, 0.1445357142856971, 0.09635714285713139, 1.7344285714285657, 51.98467857142813, 52.08103571428526, 0.19271428571426277, 0.2408928571428686, 52.803714285713816, 52.707357142856694, 52.90007142857095, 0.4817857142856971, 0.6745, 0.33725, 0.28907142857143425, 0.43360714285713137, 52.514642857142384, 52.17739285714239, 52.273749999999524, 52.65917857142813, 0.8672142857142627, 0.1445357142856971, 1.0599285714285656, 50.10571428571382, 52.94824999999952, 0.2408928571428686, 0.5781428571428685, 0.1445357142856971, 0.5299642857143029, 1.68625, 51.06928571428526, 51.791964285713824, 0.6745, 0.3854285714285657, 0.28907142857143425, 0.43360714285713137, 1.2526428571428687, 1.156285714285697, 1.204464285714263, 0.0, 0.7708571428571314, 0.1445357142856971, 52.22557142857095, 0.4817857142856971, 51.84014285714239, 52.514642857142384, 0.04817857142856569, 51.84014285714239, 1.1081071428571314, 52.562821428570956, 0.8672142857142627, 0.28907142857143425, 0.3854285714285657, 0.3854285714285657, 0.28907142857143425, 52.996428571428076, 52.22557142857095, 1.204464285714263, 1.156285714285697, 0.43360714285713137, 0.1927142857143029, 0.09635714285713139, 0.1927142857143029, 0.33725, 0.8672142857142627, 0.9635714285714343, 0.5299642857143029, 0.4817857142856971, 0.6745, 1.8307857142856971, 0.43360714285713137, 1.1081071428571314, 0.8190357142856971, 1.4935357142856969, 0.5781428571428685, 0.09635714285713139, 0.19271428571426277, 0.28907142857143425, 0.33725, 0.3854285714285657, 52.514642857142384, 0.28907142857143425, 51.06928571428526, 0.6263214285714344, 0.28907142857143425, 0.5781428571428685, 0.3854285714285657, 0.43360714285713137, 1.9271428571428284, 0.28907142857143425, 1.3971785714285656, 0.04817857142856569, 0.9635714285714343, 0.09635714285713139, 0.1445357142856971, 52.22557142857095, 52.12921428571382, 52.22557142857095, 52.65917857142813, 0.6263214285714344, 0.33725, 0.2408928571428686, 1.5898928571428286, 0.43360714285713137, 0.5781428571428685, 0.4817857142856971, 1.349, 1.2526428571428687, 0.6745, 0.1445357142856971, 1.156285714285697, 51.45471428571382, 52.803714285713816, 0.5299642857143029, 52.85189285714239, 50.394785714285256, 0.1927142857143029, 0.3854285714285657, 0.09635714285713139, 51.84014285714239, 0.43360714285713137, 0.5299642857143029, 0.8190357142856971, 50.97292857142812, 51.502892857142385, 54.056357142856655, 0.6745, 0.09635714285713139, 0.43360714285713137, 51.791964285713824, 0.5299642857143029, 0.9153928571428687, 0.33725, 0.43360714285713137, 0.43360714285713137, 0.2408928571428686, 0.33725, 0.9153928571428687, 1.349, 0.43360714285713137, 0.6263214285714344, 51.406535714285255, 52.17739285714239, 0.9153928571428285, 1.975321428571394, 1.156285714285697, 0.04817857142856569, 0.4817857142856971, 0.43360714285713137, 0.7226785714285657, 0.43360714285713137, 1.2526428571428283, 0.5299642857143029, 0.8190357142856971, 0.9635714285714343, 52.65917857142813, 0.28907142857143425, 0.7708571428571314, 1.156285714285697, 0.8672142857142627, 0.09635714285713139, 0.1445357142856971, 0.33725, 0.9635714285714343, 0.8190357142856971, 1.7344285714285657, 0.43360714285713137, 51.98467857142813, 51.35835714285669, 51.98467857142813, 51.791964285713824, 52.996428571428076, 51.55107142857096, 0.33725, 51.93649999999956, 0.1927142857143029, 51.84014285714239, 0.9153928571428687, 0.19271428571426277, 0.19271428571426277, 0.0, 0.28907142857143425, 0.5781428571428685, 0.09635714285713139, 0.28907142857143425, 52.46646428571382, 1.01175, 0.1445357142856971, 51.59924999999956, 50.780214285713825, 1.5417142857142627, 52.85189285714239, 0.8190357142856971, 51.84014285714239, 0.33725, 50.97292857142812, 50.394785714285256, 0.5299642857142628, 51.06928571428526, 51.021107142856685, 0.04817857142856569, 1.204464285714263, 1.349, 0.5299642857143029, 0.7226785714285657, 0.6263214285714344, 0.6263214285714344, 0.19271428571426277, 1.0599285714285656, 0.8672142857142627, 0.28907142857143425, 0.04817857142856569, 0.9635714285714343, 0.2408928571428686, 0.4817857142856971, 0.2408928571428686, 0.4817857142856971, 0.8190357142856971, 1.2526428571428283, 51.69560714285669, 1.5898928571428286, 1.1081071428571314, 52.273749999999524, 51.11746428571382, 52.22557142857095, 52.321928571428124, 52.22557142857095, 0.3854285714285657, 51.06928571428526, 0.4817857142856971, 51.69560714285669, 0.6745, 1.01175, 0.28907142857143425, 0.04817857142856569, 0.3854285714285657, 52.75553571428525, 51.69560714285669, 51.84014285714239, 0.33725, 52.562821428570956, 52.562821428570956, 0.8190357142856971, 51.98467857142813, 52.032857142856685, 0.7226785714285657, 51.791964285713824, 0.09635714285713139, 1.68625, 1.0599285714285656, 0.5299642857142628, 0.5299642857143029, 0.6263214285714344, 0.2408928571428686, 0.4817857142856971, 0.0, 0.2408928571428686, 1.349, 0.7708571428571314, 1.5898928571428286, 1.3971785714285656, 0.19271428571426277, 0.0, 1.1081071428571314, 0.8190357142856971, 0.09635714285713139, 1.2526428571428283, 0.33725, 51.888321428570954, 1.7344285714285657, 53.09278571428525, 51.93649999999956, 0.6263214285714344, 0.6263214285714344, 1.68625, 1.3008214285714343, 0.8672142857142627, 0.2408928571428686, 0.28907142857143425, 0.09635714285713139, 0.9153928571428687, 0.2408928571428686, 0.1445357142856971, 0.7226785714285657, 0.04817857142856569, 0.09635714285713139, 1.156285714285697, 0.1445357142856971, 0.6745, 0.09635714285713139, 0.43360714285713137, 0.33725, 0.9153928571428687, 0.33725, 52.273749999999524, 0.33725, 0.1445357142856971, 1.01175, 52.17739285714239, 52.12921428571382, 0.7226785714285657, 51.98467857142813, 0.8190357142856971, 0.04817857142856569, 51.69560714285669, 51.84014285714239, 50.92474999999956, 51.64742857142812, 0.7708571428571314, 0.7708571428571314, 53.95999999999952, 51.84014285714239, 0.7226785714285657, 0.0, 1.3008214285714343, 52.321928571428124, 50.876571428571, 0.1445357142856971, 51.84014285714239, 0.04817857142856569, 51.93649999999956, 1.4453571428571315, 50.58749999999956, 51.93649999999956, 0.2408928571428686, 51.791964285713824, 0.3854285714285657, 51.16564285714239, 52.032857142856685, 0.43360714285713137, 51.45471428571382, 51.406535714285255, 0.43360714285713137, 1.204464285714263, 0.8190357142856971, 0.04817857142856569, 0.4817857142856971, 0.3854285714285657, 0.5299642857142628, 0.2408928571428686, 0.4817857142856971, 0.1445357142856971, 0.2408928571428686, 2.168035714285697, 1.8307857142856971, 0.5781428571428685, 0.0, 0.43360714285713137, 0.0, 0.5781428571428685, 1.0599285714285656, 0.7226785714285657, 0.1445357142856971, 0.1445357142856971, 0.19271428571426277, 1.5898928571428286, 0.7226785714285657, 0.5781428571428685, 0.4817857142856971, 1.204464285714263, 0.5781428571428685, 52.17739285714239, 52.562821428570956, 51.791964285713824, 0.43360714285713137, 1.2526428571428687, 0.8190357142856971, 1.0599285714285656, 0.8672142857142627, 52.65917857142813, 51.35835714285669, 0.43360714285713137, 51.98467857142813, 0.8190357142856971, 0.43360714285713137, 0.09635714285713139, 0.33725, 52.22557142857095, 52.17739285714239, 1.3008214285714343, 1.156285714285697, 1.7344285714285657, 1.349, 0.5299642857143029, 1.5898928571428286, 52.032857142856685, 0.04817857142856569, 0.5299642857143029, 0.33725, 51.98467857142813, 52.12921428571382, 51.406535714285255, 0.09635714285713139, 0.09635714285713139, 0.6263214285714344, 0.4817857142856971, 0.5299642857143029, 0.8190357142856971, 0.9635714285714343, 0.2408928571428686, 0.28907142857143425, 0.1927142857143029, 0.2408928571428686, 0.09635714285713139, 1.4935357142856969, 0.09635714285713139, 1.2526428571428687, 0.04817857142856569, 0.9635714285714343, 0.5781428571428685, 0.6263214285714344, 0.1445357142856971, 0.5299642857142628, 1.7826071428571313, 0.04817857142856569, 0.5299642857143029, 0.04817857142856569, 0.09635714285713139, 0.28907142857143425, 53.52639285714238, 51.98467857142813, 0.4817857142856971, 52.032857142856685, 52.46646428571382, 50.73203571428525, 0.6263214285714344, 51.26199999999956, 1.0599285714285656, 1.8307857142856971, 0.6263214285714344, 0.8672142857142627, 0.4817857142856971, 0.33725, 0.1445357142856971, 0.28907142857143425, 0.8190357142856971, 0.0, 1.5898928571428286, 0.2408928571428686, 0.8672142857142627, 1.3971785714285656, 0.7708571428571314, 0.19271428571426277, 1.1081071428571314, 1.01175, 0.19271428571426277, 0.1445357142856971, 0.19271428571426277, 51.69560714285669, 1.1081071428571314, 0.9635714285714343, 0.04817857142856569, 52.707357142856694, 1.7344285714285657, 0.09635714285713139, 0.8190357142856971, 0.43360714285713137, 0.5299642857142628, 0.09635714285713139, 0.9635714285714343, 0.2408928571428686, 0.9635714285714343, 1.349, 1.6380714285714342, 0.1445357142856971, 0.2408928571428686, 0.19271428571426277, 0.7708571428571314, 0.2408928571428686, 0.6263214285714344, 0.6745, 1.68625, 1.6380714285714342, 0.1927142857143029, 0.7708571428571314, 0.04817857142856569, 0.19271428571426277, 0.33725, 0.5781428571428685, 1.204464285714263, 0.33725, 0.4817857142856971, 0.5299642857143029, 0.33725, 51.791964285713824, 52.22557142857095, 0.9635714285714343, 1.01175, 0.3854285714285657, 0.28907142857143425, 0.6263214285714344, 0.5781428571428685, 1.204464285714263, 0.2408928571428686, 0.8672142857142627, 1.204464285714263, 0.9153928571428285, 0.2408928571428686, 0.9153928571428285, 51.98467857142813, 53.09278571428525, 0.33725, 51.16564285714239, 51.888321428570954, 51.69560714285669, 1.2526428571428283, 1.8789642857142628, 0.1927142857143029, 0.04817857142856569, 52.22557142857095, 0.8190357142856971, 0.09635714285713139, 0.28907142857143425, 0.5299642857143029, 0.3854285714285657, 0.04817857142856569, 0.4817857142856971, 0.1927142857143029, 0.19271428571426277, 0.8190357142856971, 0.1445357142856971, 0.5299642857143029, 0.28907142857143425, 0.09635714285713139, 0.8672142857142627, 1.6380714285714342, 51.26199999999956, 51.06928571428526, 0.5781428571428685, 1.204464285714263, 0.04817857142856569, 0.1927142857143029, 1.0599285714285656, 0.1445357142856971, 0.28907142857143425, 0.09635714285713139, 0.2408928571428686, 0.09635714285713139, 0.6263214285714344, 52.321928571428124, 52.514642857142384, 0.8672142857142627, 0.2408928571428686, 0.6263214285714344, 51.406535714285255, 52.22557142857095, 52.514642857142384, 1.4453571428571315, 1.1081071428571314, 51.84014285714239, 52.22557142857095, 0.2408928571428686, 0.1927142857143029, 1.4935357142856969, 0.4817857142856971, 0.1927142857143029, 0.3854285714285657, 0.43360714285713137, 0.19271428571426277, 1.01175, 1.01175, 0.8190357142856971, 0.5299642857143029, 0.5781428571428685, 1.1081071428571314, 52.08103571428526, 0.5781428571428685, 1.3971785714285656, 52.37010714285669, 0.04817857142856569, 0.43360714285713137, 0.8672142857142627, 1.3971785714285656, 1.4935357142856969, 0.5299642857143029, 1.2526428571428283, 0.2408928571428686, 1.2526428571428687, 52.65917857142813, 52.707357142856694, 51.59924999999956, 0.0, 0.7708571428571314, 0.8672142857142627, 0.19271428571426277, 52.90007142857095, 0.7708571428571314, 51.502892857142385, 1.01175, 1.3971785714285656, 0.33725, 53.28549999999952, 51.98467857142813, 0.4817857142856971, 52.90007142857095, 52.803714285713816, 0.3854285714285657, 0.3854285714285657, 0.9153928571428687, 0.28907142857143425, 0.5299642857143029, 1.4935357142856969, 0.3854285714285657, 51.16564285714239, 0.4817857142856971, 0.9635714285714343, 1.975321428571394, 1.1081071428571314, 0.3854285714285657, 0.6745, 1.4453571428571315, 1.0599285714285656, 50.73203571428525, 50.58749999999956, 53.23732142857095, 1.5417142857142627, 0.9635714285714343, 0.1927142857143029, 1.5898928571428286, 0.0, 1.5898928571428286, 0.3854285714285657, 0.6263214285714344, 0.8190357142856971, 0.4817857142856971, 52.65917857142813, 1.8789642857142628, 52.996428571428076, 0.33725, 50.92474999999956, 1.349, 0.5299642857142628, 0.9153928571428285, 0.1445357142856971, 0.0, 0.1445357142856971, 0.7708571428571314, 0.33725, 0.5781428571428685, 1.3971785714285656, 52.22557142857095, 0.7226785714285657, 0.2408928571428686, 52.17739285714239, 0.33725, 0.43360714285713137, 0.7226785714285657, 0.1445357142856971, 0.9153928571428285, 1.2526428571428687, 0.7708571428571314, 0.5299642857142628, 1.1081071428571314, 0.8190357142856971, 0.4817857142856971, 0.5299642857143029, 0.7708571428571314, 53.33367857142809, 50.780214285713825, 0.9153928571428687, 0.6745, 50.780214285713825, 1.7344285714285657, 0.9153928571428687, 0.19271428571426277, 0.6263214285714344, 0.6745, 52.22557142857095, 52.273749999999524, 0.3854285714285657, 51.26199999999956, 1.0599285714285656, 0.04817857142856569, 51.84014285714239, 0.09635714285713139, 51.98467857142813, 1.0599285714285656, 0.1445357142856971, 1.4453571428571315, 0.43360714285713137, 0.1445357142856971, 0.7226785714285657, 0.8190357142856971, 0.4817857142856971, 1.3971785714285656, 0.5299642857142628, 52.08103571428526, 51.98467857142813, 0.33725, 0.4817857142856971, 1.68625, 0.1445357142856971, 0.4817857142856971, 0.04817857142856569, 52.273749999999524, 0.5781428571428685, 0.09635714285713139, 1.204464285714263, 1.01175, 0.09635714285713139, 0.5299642857143029, 0.9635714285714343, 1.349, 51.888321428570954, 51.502892857142385, 0.04817857142856569, 0.33725, 0.09635714285713139, 0.04817857142856569, 0.43360714285713137, 0.5781428571428685, 0.04817857142856569, 0.6745, 0.9635714285714343, 0.3854285714285657, 1.7344285714285657, 51.791964285713824, 0.4817857142856971, 0.3854285714285657, 52.94824999999952, 0.7226785714285657, 0.7708571428571314, 0.7226785714285657, 52.08103571428526, 1.156285714285697, 0.19271428571426277, 0.9153928571428687, 0.0, 0.04817857142856569, 0.9153928571428687, 0.19271428571426277, 0.43360714285713137, 1.1081071428571314, 0.1445357142856971, 0.28907142857143425, 0.3854285714285657, 0.5299642857143029, 0.2408928571428686, 1.4453571428571315, 0.4817857142856971, 0.28907142857143425, 0.3854285714285657, 0.09635714285713139, 0.2408928571428686, 1.156285714285697, 1.7826071428571313, 0.2408928571428686, 0.2408928571428686, 51.64742857142812, 0.09635714285713139, 0.6745, 1.204464285714263, 0.7708571428571314, 0.33725, 0.7226785714285657, 0.43360714285713137, 0.04817857142856569, 0.04817857142856569, 0.43360714285713137, 0.2408928571428686, 0.6745, 52.08103571428526, 1.0599285714285656, 0.1445357142856971, 0.6263214285714344, 0.33725, 0.43360714285713137, 0.5299642857142628, 0.8190357142856971, 0.6745, 0.28907142857143425, 0.43360714285713137, 0.2408928571428686, 0.09635714285713139, 0.5299642857143029, 0.9635714285714343, 0.19271428571426277, 1.3008214285714343, 0.6263214285714344, 0.6745, 0.7708571428571314, 0.33725, 0.6263214285714344, 0.1445357142856971, 0.5299642857143029, 51.59924999999956, 52.37010714285669, 51.791964285713824, 0.5299642857143029, 0.2408928571428686, 0.3854285714285657, 0.33725, 0.8190357142856971, 0.6745, 52.22557142857095, 1.204464285714263, 0.28907142857143425, 0.2408928571428686, 0.09635714285713139, 1.3971785714285656, 0.1927142857143029, 0.8672142857142627, 0.9635714285714343, 1.3971785714285656, 0.3854285714285657, 1.4453571428571315, 0.09635714285713139, 0.9635714285714343, 0.5299642857143029, 0.2408928571428686, 0.3854285714285657, 0.19271428571426277, 0.4817857142856971, 0.0, 0.9635714285714343, 51.16564285714239, 51.16564285714239, 0.19271428571426277, 0.1445357142856971, 0.3854285714285657, 0.9635714285714343, 52.321928571428124, 0.7226785714285657, 1.156285714285697, 0.4817857142856971, 0.8190357142856971, 1.4935357142856969, 0.4817857142856971, 0.1445357142856971, 51.26199999999956, 51.69560714285669, 0.1445357142856971, 51.45471428571382, 51.791964285713824, 1.349, 0.7226785714285657, 0.9635714285714343, 0.33725, 0.7708571428571314, 51.93649999999956, 0.1927142857143029, 0.6263214285714344, 0.8672142857142627, 0.9153928571428687, 0.1927142857143029, 51.406535714285255, 1.2526428571428687, 51.64742857142812, 0.7226785714285657, 2.119857142857131, 0.09635714285713139, 0.9635714285714343, 1.01175, 0.9635714285714343, 0.3854285714285657, 0.3854285714285657, 0.7708571428571314, 0.33725, 0.33725, 0.1445357142856971, 1.3008214285714343, 0.5299642857143029, 1.0599285714285656, 1.5417142857142627, 0.5781428571428685, 0.8672142857142627, 2.457107142857131, 0.1445357142856971, 0.43360714285713137, 0.7708571428571314, 0.7226785714285657, 0.1445357142856971, 0.9153928571428687, 0.04817857142856569, 0.6745, 1.1081071428571314, 0.6745, 1.5417142857142627, 0.4817857142856971, 0.3854285714285657, 0.1927142857143029, 0.5781428571428685, 0.1445357142856971, 0.3854285714285657, 0.19271428571426277, 0.04817857142856569, 0.5299642857143029, 0.0, 0.6263214285714344, 0.4817857142856971, 1.5417142857142627, 0.8672142857142627, 1.9271428571428284, 0.7226785714285657, 0.4817857142856971, 0.6263214285714344, 0.28907142857143425, 2.457107142857131, 0.9635714285714343, 0.28907142857143425, 0.4817857142856971, 0.1445357142856971, 1.1081071428571314, 1.3971785714285656, 1.1081071428571314, 0.9635714285714343, 0.43360714285713137, 1.204464285714263, 0.6263214285714344, 1.2526428571428283, 0.09635714285713139, 1.0599285714285656, 0.8190357142856971, 0.1927142857143029, 0.2408928571428686, 0.43360714285713137, 1.156285714285697, 1.4453571428571315, 0.33725, 0.0, 2.216214285714263, 0.04817857142856569, 0.3854285714285657, 0.0, 0.28907142857143425, 0.04817857142856569, 52.90007142857095, 50.63567857142812, 52.514642857142384, 51.31017857142812, 0.9635714285714343, 0.8190357142856971, 0.43360714285713137, 1.349, 0.09635714285713139, 51.45471428571382, 51.406535714285255, 52.65917857142813, 52.22557142857095, 0.09635714285713139, 51.64742857142812, 0.09635714285713139, 52.273749999999524, 0.19271428571426277, 1.7826071428571313, 0.9153928571428687, 0.0, 2.312571428571394, 0.28907142857143425, 1.156285714285697, 0.5781428571428685, 0.43360714285713137, 52.514642857142384, 1.0599285714285656, 52.273749999999524, 52.996428571428076, 0.5299642857143029, 1.5417142857142627, 0.6745, 0.4817857142856971, 1.204464285714263, 0.6263214285714344, 0.09635714285713139, 0.33725, 1.8789642857142628, 0.09635714285713139, 0.1445357142856971, 0.9635714285714343, 1.01175, 1.204464285714263, 0.8672142857142627, 1.156285714285697, 1.156285714285697, 0.8190357142856971, 0.8672142857142627, 0.43360714285713137, 1.156285714285697, 0.4817857142856971, 0.8190357142856971, 0.04817857142856569, 0.2408928571428686, 1.0599285714285656, 1.0599285714285656, 0.8190357142856971, 1.7344285714285657, 0.7708571428571314, 0.8672142857142627, 0.8672142857142627, 52.37010714285669, 0.43360714285713137, 2.312571428571394, 50.73203571428525, 0.9153928571428687, 51.35835714285669, 52.321928571428124, 0.5781428571428685, 0.04817857142856569, 52.85189285714239, 52.46646428571382, 1.3971785714285656, 52.17739285714239, 51.84014285714239, 51.021107142856685, 51.31017857142812, 1.1081071428571314, 52.65917857142813, 52.12921428571382, 0.43360714285713137, 1.4935357142856969, 0.04817857142856569, 0.1445357142856971, 0.7226785714285657, 0.1445357142856971, 2.457107142857131, 1.5417142857142627, 0.33725, 0.6263214285714344, 0.9153928571428687, 0.28907142857143425, 0.6745, 0.28907142857143425, 0.09635714285713139, 0.1927142857143029, 0.8672142857142627, 1.204464285714263, 1.01175, 0.7226785714285657, 0.5299642857143029, 1.156285714285697, 52.032857142856685, 52.22557142857095, 0.33725, 0.1445357142856971, 0.1445357142856971, 0.1445357142856971, 0.04817857142856569, 0.19271428571426277, 0.5299642857143029, 0.43360714285713137, 0.1445357142856971, 0.8672142857142627, 1.156285714285697, 0.3854285714285657, 0.6745, 0.2408928571428686, 0.2408928571428686, 0.9635714285714343, 0.7226785714285657, 0.3854285714285657, 0.5299642857143029, 1.3008214285714343, 1.3008214285714343, 1.1081071428571314, 0.33725, 0.7708571428571314, 52.08103571428526, 0.28907142857143425, 0.6745, 1.4453571428571315, 0.43360714285713137, 50.58749999999956, 52.75553571428525, 0.7708571428571314, 0.1445357142856971, 0.33725, 52.17739285714239, 51.74378571428525, 51.16564285714239, 1.6380714285714342, 1.156285714285697, 51.35835714285669, 0.8672142857142627, 0.2408928571428686, 0.6263214285714344, 0.8190357142856971, 0.0, 0.5781428571428685, 0.43360714285713137, 51.98467857142813, 0.2408928571428686, 51.64742857142812, 2.0235, 1.156285714285697, 0.1445357142856971, 0.3854285714285657, 0.2408928571428686, 0.9635714285714343, 0.6263214285714344, 1.1081071428571314, 0.43360714285713137, 0.6263214285714344, 0.6263214285714344, 0.28907142857143425, 0.04817857142856569, 0.4817857142856971, 0.19271428571426277, 0.43360714285713137, 1.5417142857142627, 1.3008214285714343, 0.33725, 0.7226785714285657, 0.5299642857143029, 0.4817857142856971, 0.04817857142856569, 1.156285714285697, 0.28907142857143425, 0.28907142857143425, 0.19271428571426277, 0.1445357142856971, 0.9635714285714343, 52.12921428571382, 0.5781428571428685, 0.2408928571428686, 0.28907142857143425, 0.1445357142856971, 0.1445357142856971, 0.04817857142856569, 0.28907142857143425, 0.1927142857143029, 0.2408928571428686, 0.2408928571428686, 0.04817857142856569, 1.3008214285714343, 0.3854285714285657, 0.33725, 1.8789642857142628, 0.43360714285713137, 0.3854285714285657, 1.349, 0.8672142857142627, 51.69560714285669, 0.5299642857142628, 0.2408928571428686, 0.09635714285713139, 0.3854285714285657, 51.888321428570954, 0.7708571428571314, 0.5781428571428685, 0.09635714285713139, 0.3854285714285657, 1.0599285714285656, 0.1445357142856971, 0.2408928571428686, 0.5781428571428685, 0.33725, 0.3854285714285657, 0.0, 0.7226785714285657, 0.04817857142856569, 0.1445357142856971, 0.4817857142856971, 0.3854285714285657, 1.3971785714285656, 0.43360714285713137, 1.156285714285697, 0.28907142857143425, 1.156285714285697, 0.1445357142856971, 0.09635714285713139, 0.28907142857143425, 0.7708571428571314, 0.2408928571428686, 1.204464285714263, 0.1445357142856971, 0.04817857142856569, 51.791964285713824, 0.0, 1.8789642857142628, 52.321928571428124, 52.17739285714239, 1.7344285714285657, 0.04817857142856569, 0.09635714285713139, 0.3854285714285657, 0.9153928571428687, 0.19271428571426277, 0.4817857142856971, 0.4817857142856971, 0.3854285714285657, 1.5898928571428286, 0.5299642857142628, 0.9153928571428687, 0.8672142857142627, 0.2408928571428686, 1.5898928571428286, 1.204464285714263, 0.5299642857142628, 0.6745, 0.1445357142856971, 0.9153928571428285, 0.28907142857143425, 0.19271428571426277, 0.4817857142856971, 0.7226785714285657, 0.5299642857142628, 0.6263214285714344, 0.43360714285713137, 0.9153928571428687, 0.7708571428571314, 0.9153928571428687, 0.7708571428571314, 0.3854285714285657, 0.0, 0.43360714285713137, 0.4817857142856971, 0.33725, 0.28907142857143425, 0.43360714285713137, 0.6263214285714344, 1.156285714285697, 0.5299642857143029, 0.28907142857143425, 0.2408928571428686, 0.1445357142856971, 0.09635714285713139, 1.68625, 0.9153928571428687, 0.3854285714285657, 0.6745, 0.7708571428571314, 0.6745, 52.90007142857095, 1.204464285714263, 0.1927142857143029, 51.502892857142385, 1.3008214285714343, 0.6745, 0.09635714285713139, 0.8190357142856971, 0.7226785714285657, 1.204464285714263, 0.9635714285714343, 0.3854285714285657, 1.3971785714285656, 0.3854285714285657, 0.9153928571428285, 50.82839285714239, 52.562821428570956, 0.6263214285714344, 0.9635714285714343, 0.33725, 1.6380714285714342, 1.156285714285697, 0.3854285714285657, 0.3854285714285657, 2.4089285714285658, 0.43360714285713137, 1.7826071428571313, 0.1927142857143029, 0.04817857142856569, 0.1445357142856971, 0.2408928571428686, 0.09635714285713139, 0.09635714285713139, 0.1445357142856971, 0.6263214285714344, 0.4817857142856971, 0.28907142857143425, 0.9153928571428687, 1.01175, 0.33725, 0.7226785714285657, 0.8190357142856971, 0.43360714285713137, 0.28907142857143425, 1.3971785714285656, 0.3854285714285657, 0.5781428571428685, 0.28907142857143425, 0.09635714285713139, 52.418285714285254, 0.28907142857143425, 0.04817857142856569, 1.0599285714285656, 0.09635714285713139, 0.5299642857143029, 1.349, 52.65917857142813, 0.09635714285713139, 51.502892857142385, 1.3008214285714343, 51.74378571428525, 51.16564285714239, 51.791964285713824, 0.8190357142856971, 0.6745, 52.65917857142813, 52.321928571428124, 1.01175, 0.1445357142856971, 1.156285714285697, 0.33725, 0.8672142857142627, 1.3971785714285656, 51.31017857142812, 0.28907142857143425, 51.11746428571382, 0.6745, 0.6745, 1.6380714285714342, 0.19271428571426277, 0.7708571428571314, 0.09635714285713139, 0.1445357142856971, 0.04817857142856569, 0.3854285714285657, 1.01175, 1.3971785714285656, 2.0716785714285657, 1.4453571428571315, 0.8190357142856971, 0.6745, 0.43360714285713137, 0.6263214285714344, 0.6745, 0.2408928571428686, 0.3854285714285657, 1.01175, 0.6745, 0.6745, 0.4817857142856971, 0.2408928571428686, 0.09635714285713139, 0.8672142857142627, 0.4817857142856971, 0.5299642857142628, 0.28907142857143425, 0.8190357142856971, 0.04817857142856569, 0.6745, 1.0599285714285656, 1.4453571428571315, 52.37010714285669, 51.888321428570954, 0.1445357142856971, 51.98467857142813, 0.2408928571428686, 0.8190357142856971, 52.90007142857095, 53.62274999999952, 0.1445357142856971, 1.4935357142856969, 51.406535714285255, 1.1081071428571314, 0.2408928571428686, 1.0599285714285656, 0.04817857142856569, 1.156285714285697, 1.349, 0.0, 1.9271428571428284, 0.4817857142856971, 0.5781428571428685, 0.04817857142856569, 0.3854285714285657, 0.9635714285714343, 0.43360714285713137, 1.01175, 0.1927142857143029, 1.2526428571428687, 0.04817857142856569, 0.4817857142856971, 0.28907142857143425, 0.09635714285713139, 0.5299642857143029, 1.2526428571428283, 53.52639285714238, 0.8672142857142627, 0.7226785714285657, 0.1445357142856971, 52.418285714285254, 51.64742857142812, 0.09635714285713139, 0.33725, 0.04817857142856569, 0.5781428571428685, 53.62274999999952, 51.74378571428525, 0.04817857142856569, 0.43360714285713137, 0.1927142857143029, 0.7708571428571314, 0.0, 0.1445357142856971, 0.5299642857143029, 0.9153928571428285, 1.9271428571428284, 0.8672142857142627, 0.04817857142856569, 0.6745, 1.4453571428571315, 0.28907142857143425, 1.7344285714285657, 0.43360714285713137, 0.8672142857142627, 52.17739285714239, 0.09635714285713139, 0.4817857142856971, 0.3854285714285657, 0.19271428571426277, 51.31017857142812, 0.04817857142856569, 0.5781428571428685, 0.7708571428571314, 51.64742857142812, 53.76728571428526, 51.55107142857096, 51.26199999999956, 1.8789642857142628, 0.5299642857142628, 0.8672142857142627, 0.1927142857143029, 0.5781428571428685, 0.43360714285713137, 0.28907142857143425, 0.6745, 52.418285714285254, 0.09635714285713139, 52.46646428571382, 0.1445357142856971, 0.4817857142856971, 0.04817857142856569, 0.3854285714285657, 0.1927142857143029, 50.53932142857099, 51.74378571428525, 0.3854285714285657, 52.707357142856694, 0.5781428571428685, 0.1445357142856971, 0.7226785714285657, 0.6263214285714344, 1.1081071428571314, 0.6745, 1.01175, 1.204464285714263, 1.1081071428571314, 0.8190357142856971, 0.33725, 0.9635714285714343, 0.6263214285714344, 1.0599285714285656, 1.204464285714263, 0.5299642857143029, 0.04817857142856569, 0.04817857142856569, 0.8190357142856971, 0.28907142857143425, 0.5781428571428685, 0.1927142857143029, 0.43360714285713137, 2.168035714285697, 1.1081071428571314, 0.8190357142856971, 0.1927142857143029, 52.17739285714239, 51.93649999999956, 0.5781428571428685, 0.1445357142856971, 51.93649999999956, 51.84014285714239, 52.12921428571382, 0.8190357142856971, 0.7226785714285657, 0.3854285714285657, 1.3008214285714343, 0.4817857142856971, 52.08103571428526, 0.9153928571428285, 0.1927142857143029, 0.04817857142856569, 0.6263214285714344, 0.2408928571428686, 1.4935357142856969, 1.2526428571428687, 1.156285714285697, 0.1445357142856971, 0.19271428571426277, 0.4817857142856971, 0.1445357142856971, 0.2408928571428686, 0.9635714285714343, 0.09635714285713139, 1.156285714285697, 0.28907142857143425, 51.74378571428525, 1.8789642857142628, 1.204464285714263, 0.7226785714285657, 0.7226785714285657, 0.43360714285713137, 0.7708571428571314, 52.562821428570956, 53.86364285714239, 53.04460714285669, 1.01175, 52.032857142856685, 0.7226785714285657, 51.93649999999956, 0.4817857142856971, 1.68625, 0.4817857142856971, 0.33725, 51.888321428570954, 0.7708571428571314, 0.6263214285714344, 0.28907142857143425, 0.28907142857143425, 0.5299642857143029, 0.3854285714285657, 0.9635714285714343, 0.33725, 0.8190357142856971, 0.09635714285713139, 0.2408928571428686, 52.032857142856685, 0.0, 1.156285714285697, 0.4817857142856971, 52.17739285714239, 52.94824999999952, 0.5299642857143029, 52.562821428570956, 0.3854285714285657, 0.04817857142856569, 52.75553571428525, 0.2408928571428686, 53.14096428571382, 52.562821428570956, 51.64742857142812, 0.2408928571428686, 0.2408928571428686, 51.98467857142813, 51.35835714285669, 0.19271428571426277, 0.4817857142856971, 51.502892857142385, 51.98467857142813, 0.8190357142856971, 52.90007142857095, 52.562821428570956, 0.09635714285713139, 53.04460714285669, 0.1927142857143029, 1.8789642857142628, 2.02349999999996, 1.1081071428571314, 0.2408928571428686, 0.7226785714285657, 0.8672142857142627, 0.1445357142856971, 0.6263214285714344, 0.1927142857143029, 0.2408928571428686, 1.5417142857142627, 0.0, 0.5299642857143029, 0.43360714285713137, 0.2408928571428686, 0.28907142857143425, 51.502892857142385, 0.8672142857142627, 0.7226785714285657, 0.0, 1.7344285714285657, 0.1445357142856971, 0.4817857142856971, 1.01175, 0.7226785714285657, 1.0599285714285656, 51.406535714285255, 0.7226785714285657, 52.562821428570956, 0.8190357142856971, 0.09635714285713139, 1.0599285714285656, 0.7708571428571314, 0.04817857142856569, 0.8190357142856971, 0.04817857142856569, 0.3854285714285657, 0.4817857142856971, 0.8672142857142627, 0.9635714285714343, 1.1081071428571314, 0.5781428571428685, 0.2408928571428686, 0.33725, 0.6263214285714344, 1.8789642857142628, 52.032857142856685, 0.7226785714285657, 52.22557142857095, 0.9153928571428687, 0.3854285714285657, 52.562821428570956, 0.6745, 0.7708571428571314, 1.8307857142856971, 0.0, 0.0, 0.6263214285714344, 0.4817857142856971, 1.3971785714285656, 0.04817857142856569, 1.3008214285714343, 0.19271428571426277, 1.156285714285697, 0.43360714285713137, 0.5299642857142628, 0.09635714285713139, 1.8789642857142628, 0.09635714285713139, 0.5299642857142628, 0.4817857142856971, 0.0, 1.01175, 0.09635714285713139, 0.1927142857143029, 0.33725, 0.2408928571428686, 0.9635714285714343, 0.9635714285714343, 0.9153928571428687, 51.06928571428526, 1.3008214285714343, 53.14096428571382, 0.0, 1.8307857142856971, 0.7226785714285657, 0.6745, 1.156285714285697, 0.09635714285713139, 0.9635714285714343, 0.5781428571428685, 0.5299642857143029, 1.204464285714263, 1.5898928571428286, 0.7708571428571314, 0.2408928571428686, 0.3854285714285657, 1.2526428571428687, 0.43360714285713137, 1.1081071428571314, 0.1927142857143029, 0.43360714285713137, 0.09635714285713139, 1.156285714285697, 0.5299642857143029, 0.28907142857143425, 1.204464285714263, 0.6745, 52.321928571428124, 0.1445357142856971, 52.418285714285254, 1.0599285714285656, 0.2408928571428686, 0.33725, 51.98467857142813, 51.502892857142385, 0.33725, 0.6745, 51.11746428571382, 0.5299642857142628, 0.09635714285713139, 1.0599285714285656, 0.04817857142856569, 0.5781428571428685, 52.321928571428124, 1.7826071428571313, 51.55107142857096, 0.04817857142856569, 0.33725, 0.8190357142856971, 0.28907142857143425, 0.0, 1.01175, 0.5781428571428685, 0.8672142857142627, 1.0599285714285656, 1.1081071428571314, 0.1445357142856971, 1.349, 0.09635714285713139, 0.09635714285713139, 0.3854285714285657, 1.204464285714263, 52.321928571428124, 52.94824999999952, 52.418285714285254, 1.156285714285697, 51.84014285714239, 0.3854285714285657, 0.7226785714285657, 0.04817857142856569, 0.1445357142856971, 0.1445357142856971, 0.28907142857143425, 1.7826071428571313, 0.6263214285714344, 0.9635714285714343, 0.28907142857143425, 52.75553571428525, 0.7708571428571314, 0.5299642857143029, 0.5781428571428685, 0.09635714285713139, 0.2408928571428686, 0.09635714285713139, 0.5781428571428685, 52.418285714285254, 1.3008214285714343, 51.16564285714239, 1.156285714285697, 0.09635714285713139, 0.28907142857143425, 52.75553571428525, 0.1927142857143029, 52.08103571428526, 0.3854285714285657, 0.28907142857143425, 0.19271428571426277, 0.28907142857143425, 0.33725, 0.7708571428571314, 52.75553571428525, 0.2408928571428686, 0.33725, 1.01175, 0.1927142857143029, 0.5299642857143029, 0.09635714285713139, 0.4817857142856971, 0.04817857142856569, 0.5299642857142628, 1.7344285714285657, 0.9153928571428687, 0.28907142857143425, 0.04817857142856569, 1.01175, 52.17739285714239, 0.8190357142856971, 1.3008214285714343, 1.4453571428571315, 52.08103571428526, 0.04817857142856569, 0.33725, 0.2408928571428686, 51.213821428570995, 1.1081071428571314, 1.7826071428571313, 53.33367857142809, 0.2408928571428686, 0.9153928571428687, 1.2526428571428687, 53.43003571428525, 52.65917857142813, 51.502892857142385, 0.1445357142856971, 1.2526428571428687, 0.7708571428571314, 52.803714285713816, 0.6263214285714344, 0.28907142857143425, 0.28907142857143425, 0.09635714285713139, 1.01175, 1.975321428571394, 0.1927142857143029, 0.0, 0.09635714285713139, 53.09278571428525, 52.22557142857095, 52.418285714285254, 52.22557142857095, 1.1081071428571314, 0.04817857142856569, 0.04817857142856569, 51.93649999999956, 0.33725, 52.707357142856694, 1.3971785714285656, 0.9153928571428687, 51.74378571428525, 0.9635714285714343, 0.43360714285713137, 0.5299642857142628, 1.01175, 1.156285714285697, 0.6263214285714344, 0.4817857142856971, 0.1445357142856971, 0.1445357142856971, 0.6745, 51.791964285713824, 0.6745, 52.37010714285669, 52.08103571428526, 0.3854285714285657, 0.5299642857143029, 52.61099999999952, 0.33725, 1.0599285714285656, 52.707357142856694, 0.43360714285713137, 2.0716785714285657, 0.8190357142856971, 0.5299642857143029, 0.43360714285713137, 0.6263214285714344, 0.3854285714285657, 0.09635714285713139, 0.43360714285713137, 0.5299642857142628, 1.4935357142856969, 50.780214285713825, 52.17739285714239, 0.4817857142856971, 1.2526428571428687, 0.3854285714285657, 0.28907142857143425, 1.1081071428571314, 0.1445357142856971, 0.04817857142856569, 1.349, 0.9635714285714343, 0.1927142857143029, 0.9153928571428687, 1.3008214285714343, 0.8672142857142627, 0.0, 1.8307857142856971, 1.1081071428571314, 0.4817857142856971, 0.4817857142856971, 0.8190357142856971, 0.19271428571426277, 1.7344285714285657, 0.09635714285713139, 0.1927142857143029, 0.7708571428571314, 0.04817857142856569, 51.406535714285255, 0.1445357142856971, 52.803714285713816, 0.33725, 51.55107142857096, 0.2408928571428686, 2.312571428571394, 0.09635714285713139, 0.4817857142856971, 0.7708571428571314, 0.5299642857142628, 1.3008214285714343, 0.09635714285713139, 0.09635714285713139, 51.93649999999956, 0.5299642857142628, 1.2526428571428687, 2.168035714285697, 0.04817857142856569, 0.9635714285714343, 1.0599285714285656, 51.93649999999956, 0.04817857142856569, 0.0, 0.5299642857143029, 0.19271428571426277, 0.1445357142856971, 0.28907142857143425, 0.3854285714285657, 0.43360714285713137, 0.6263214285714344, 0.7708571428571314, 0.5781428571428685, 0.8190357142856971, 52.12921428571382, 0.7708571428571314, 2.553464285714263, 0.8190357142856971, 0.33725, 0.5299642857143029, 0.28907142857143425, 0.6263214285714344, 0.3854285714285657, 1.0599285714285656, 51.406535714285255, 0.3854285714285657, 0.5781428571428685, 0.8672142857142627, 0.33725, 0.19271428571426277, 0.04817857142856569, 51.502892857142385, 0.7226785714285657, 1.3008214285714343, 0.5781428571428685, 50.73203571428525, 51.55107142857096, 0.3854285714285657, 0.09635714285713139, 0.6745, 0.0, 0.8672142857142627, 1.5417142857142627, 1.0599285714285656, 51.98467857142813, 52.17739285714239, 0.8672142857142627, 53.23732142857095, 51.406535714285255, 52.61099999999952, 0.7226785714285657, 54.10453571428521, 51.84014285714239, 0.7226785714285657, 0.3854285714285657, 0.28907142857143425, 0.28907142857143425, 0.04817857142856569, 0.2408928571428686, 0.19271428571426277, 0.43360714285713137, 51.406535714285255, 0.04817857142856569, 0.1445357142856971, 1.8307857142856971, 0.04817857142856569, 0.04817857142856569, 0.2408928571428686, 0.1445357142856971, 0.04817857142856569, 0.8190357142856971, 0.1445357142856971, 0.3854285714285657, 0.09635714285713139, 0.33725, 0.43360714285713137, 0.1445357142856971, 0.5299642857143029, 0.9153928571428687, 0.6263214285714344, 1.7826071428571313, 0.33725, 0.04817857142856569, 50.82839285714239, 52.418285714285254, 1.3971785714285656, 0.0, 0.33725, 0.09635714285713139, 1.01175, 0.28907142857143425, 0.2408928571428686, 0.7226785714285657, 0.43360714285713137, 2.216214285714263, 0.09635714285713139, 0.2408928571428686, 52.08103571428526, 51.406535714285255, 0.19271428571426277, 0.1445357142856971, 52.75553571428525, 0.04817857142856569, 2.312571428571394, 0.19271428571426277, 0.3854285714285657, 0.3854285714285657, 51.84014285714239, 0.09635714285713139, 0.2408928571428686, 0.6263214285714344, 51.11746428571382, 0.7708571428571314, 0.19271428571426277, 0.5299642857143029, 0.19271428571426277, 1.3008214285714343, 0.6263214285714344, 1.01175, 0.28907142857143425, 51.26199999999956, 52.321928571428124, 0.1445357142856971, 0.19271428571426277, 0.5781428571428685, 0.19271428571426277, 1.01175, 0.1445357142856971, 0.8190357142856971, 1.2526428571428283, 51.502892857142385, 0.9153928571428285, 0.5299642857143029, 52.22557142857095, 0.1927142857143029, 51.98467857142813, 51.35835714285669, 52.85189285714239, 0.4817857142856971, 51.16564285714239, 0.8672142857142627, 0.8190357142856971, 0.04817857142856569, 52.418285714285254, 52.85189285714239, 52.707357142856694, 0.2408928571428686, 51.406535714285255, 0.2408928571428686, 50.73203571428525, 0.2408928571428686, 0.7708571428571314, 0.19271428571426277, 54.00817857142808, 51.59924999999956, 51.74378571428525, 1.3008214285714343, 50.25024999999955, 52.273749999999524, 0.6263214285714344, 0.09635714285713139, 0.1927142857143029, 51.888321428570954, 51.26199999999956, 0.6745, 0.09635714285713139, 0.3854285714285657, 1.4453571428571315, 0.04817857142856569, 1.156285714285697, 0.7708571428571314, 0.5781428571428685, 1.01175, 0.04817857142856569, 51.64742857142812, 52.273749999999524, 52.46646428571382, 0.09635714285713139, 51.35835714285669, 51.64742857142812, 0.4817857142856971, 0.1927142857143029, 1.8307857142856971, 0.1445357142856971, 0.7226785714285657, 0.9635714285714343, 0.09635714285713139, 0.4817857142856971, 0.04817857142856569, 0.1445357142856971, 0.9153928571428687, 0.33725, 1.1081071428571314, 0.19271428571426277, 0.2408928571428686, 1.3008214285714343, 0.9153928571428687, 0.9153928571428687, 0.5781428571428685, 0.2408928571428686, 0.7226785714285657, 0.3854285714285657, 2.0235, 0.5781428571428685, 1.349, 0.0, 1.0599285714285656, 0.5781428571428685, 0.1927142857143029, 0.6745, 0.28907142857143425, 0.28907142857143425, 1.5417142857142627, 1.68625, 0.8672142857142627, 1.2526428571428283, 1.8789642857142628, 0.09635714285713139, 0.2408928571428686, 0.9635714285714343, 0.28907142857143425, 0.2408928571428686, 0.09635714285713139, 1.4935357142856969, 0.19271428571426277, 0.43360714285713137, 0.8190357142856971, 0.43360714285713137, 0.6745, 0.7226785714285657, 0.09635714285713139, 0.6263214285714344, 0.04817857142856569, 0.3854285714285657, 0.9635714285714343, 0.4817857142856971, 0.9635714285714343, 0.5781428571428685, 1.349, 1.5898928571428286, 0.43360714285713137, 0.6263214285714344, 0.6263214285714344, 0.43360714285713137, 0.8672142857142627, 0.8190357142856971, 0.0, 52.321928571428124, 53.189142857142386, 0.3854285714285657, 0.7708571428571314, 51.06928571428526, 51.26199999999956, 1.0599285714285656, 0.5299642857143029, 1.01175, 52.418285714285254, 0.28907142857143425, 0.33725, 0.0, 0.8190357142856971, 0.5299642857143029, 0.8190357142856971, 0.09635714285713139, 0.33725, 1.156285714285697, 0.4817857142856971, 0.3854285714285657, 0.04817857142856569, 0.1445357142856971, 0.2408928571428686, 52.46646428571382, 51.55107142857096, 51.888321428570954, 0.43360714285713137, 1.9271428571428284, 52.514642857142384, 52.418285714285254, 0.04817857142856569, 52.321928571428124, 0.09635714285713139, 52.17739285714239, 0.09635714285713139, 0.1927142857143029, 0.7708571428571314, 52.032857142856685, 51.16564285714239, 51.93649999999956, 0.8672142857142627, 0.43360714285713137, 2.0716785714285657, 0.5781428571428685, 1.6380714285714342, 0.09635714285713139, 0.5781428571428685, 0.28907142857143425, 1.7826071428571313, 0.1445357142856971, 0.1445357142856971, 0.7226785714285657, 51.16564285714239, 0.9635714285714343, 0.8672142857142627, 51.55107142857096, 51.791964285713824, 1.204464285714263, 0.7226785714285657, 0.9153928571428687, 52.514642857142384, 52.418285714285254, 0.09635714285713139, 51.64742857142812, 0.7708571428571314, 1.4935357142856969, 0.5299642857142628, 0.7226785714285657, 0.6745, 1.8789642857142628, 0.43360714285713137, 0.09635714285713139, 1.349, 1.156285714285697, 0.04817857142856569, 0.6745, 0.1927142857143029, 0.28907142857143425, 0.2408928571428686, 1.01175, 0.8672142857142627, 0.2408928571428686, 2.2643928571428282, 0.9153928571428285, 0.43360714285713137, 0.09635714285713139, 0.28907142857143425, 1.4935357142856969, 0.33725, 0.7708571428571314, 0.19271428571426277, 52.418285714285254, 51.31017857142812, 0.9635714285714343, 51.93649999999956, 0.6263214285714344, 52.273749999999524, 52.321928571428124, 0.04817857142856569, 0.9153928571428285, 0.1445357142856971, 1.975321428571394, 1.01175, 52.37010714285669, 51.93649999999956, 51.74378571428525, 0.09635714285713139, 0.6263214285714344, 52.22557142857095, 0.5299642857143029, 0.3854285714285657, 1.204464285714263, 0.9153928571428687, 0.7226785714285657, 0.5299642857142628, 52.46646428571382, 52.032857142856685, 1.3008214285714343, 1.1081071428571314, 51.98467857142813, 51.93649999999956, 0.43360714285713137, 50.92474999999956, 1.7826071428571313, 1.01175, 1.3971785714285656, 0.1445357142856971, 1.01175, 1.2526428571428283, 0.1445357142856971, 0.8190357142856971, 0.28907142857143425, 0.2408928571428686, 51.888321428570954, 51.59924999999956, 0.6263214285714344, 1.4935357142856969, 50.68385714285669, 0.6745, 0.0, 0.6263214285714344, 0.1445357142856971, 0.6745, 53.09278571428525, 0.6263214285714344, 0.2408928571428686, 0.3854285714285657, 0.7226785714285657, 0.7226785714285657, 0.2408928571428686, 51.06928571428526, 0.43360714285713137, 0.6745, 0.8190357142856971, 1.156285714285697, 0.1927142857143029, 0.7226785714285657, 0.1445357142856971, 0.6263214285714344, 0.5299642857142628, 0.2408928571428686, 1.0599285714285656, 0.7226785714285657, 0.19271428571426277, 0.43360714285713137, 1.3008214285714343, 0.1445357142856971, 1.2526428571428687, 0.43360714285713137, 1.01175, 0.1445357142856971, 0.04817857142856569, 1.0599285714285656, 0.09635714285713139, 0.09635714285713139, 0.33725, 0.6263214285714344, 2.216214285714263, 0.8672142857142627, 0.8190357142856971, 0.8190357142856971, 0.2408928571428686, 0.09635714285713139, 0.2408928571428686, 0.1445357142856971, 0.8672142857142627, 0.28907142857143425, 0.43360714285713137, 0.2408928571428686, 0.8672142857142627, 0.04817857142856569, 1.0599285714285656, 0.6263214285714344, 0.5299642857143029, 0.5299642857143029, 51.16564285714239, 52.032857142856685, 51.98467857142813, 52.90007142857095, 51.93649999999956, 0.5781428571428685, 52.418285714285254, 54.39360714285665, 1.349, 0.6745, 0.8190357142856971, 0.09635714285713139, 0.1445357142856971, 0.04817857142856569, 0.4817857142856971, 0.6263214285714344, 0.1927142857143029, 0.04817857142856569, 0.33725, 0.9153928571428687, 1.4935357142856969, 1.156285714285697, 0.1927142857143029, 0.43360714285713137, 0.09635714285713139, 0.5781428571428685, 1.3008214285714343, 0.6263214285714344, 0.6263214285714344, 1.156285714285697, 0.04817857142856569, 0.6745, 0.33725, 0.5781428571428685, 0.09635714285713139, 0.09635714285713139, 1.6380714285714342, 1.204464285714263, 0.43360714285713137, 0.2408928571428686, 0.04817857142856569, 0.7708571428571314, 0.2408928571428686, 1.4935357142856969, 1.5417142857142627, 0.6745, 1.0599285714285656, 0.09635714285713139, 1.4935357142856969, 0.5781428571428685, 0.09635714285713139, 0.0, 0.4817857142856971, 0.6745, 0.9635714285714343, 0.04817857142856569, 0.1445357142856971, 0.5299642857143029, 0.1445357142856971, 0.8672142857142627, 0.04817857142856569, 0.6263214285714344, 0.19271428571426277, 0.6263214285714344, 1.4453571428571315, 0.9153928571428687, 0.7708571428571314, 0.28907142857143425, 52.75553571428525, 0.28907142857143425, 52.17739285714239, 52.321928571428124, 0.2408928571428686, 0.19271428571426277, 53.33367857142809, 52.85189285714239, 1.8307857142856971, 52.707357142856694, 53.33367857142809, 0.7708571428571314, 50.53932142857099, 0.5781428571428685, 1.3008214285714343, 0.1927142857143029, 1.01175, 0.6263214285714344, 0.4817857142856971, 0.04817857142856569, 0.2408928571428686, 0.5781428571428685, 0.3854285714285657, 0.09635714285713139, 1.0599285714285656, 0.5299642857142628, 1.2526428571428687, 0.4817857142856971, 0.1445357142856971, 0.6745, 0.09635714285713139, 1.204464285714263, 0.33725, 1.6380714285714342, 0.1445357142856971, 0.33725, 0.7226785714285657, 0.8190357142856971, 0.28907142857143425, 0.04817857142856569, 0.2408928571428686, 0.28907142857143425, 0.8190357142856971, 0.09635714285713139, 0.7708571428571314, 1.975321428571394, 0.43360714285713137, 0.1445357142856971, 1.2526428571428687, 0.1445357142856971, 51.93649999999956, 0.1445357142856971, 0.8672142857142627, 0.9153928571428687, 0.6263214285714344, 52.17739285714239, 51.06928571428526, 0.28907142857143425, 1.1081071428571314, 1.349, 0.33725, 0.7708571428571314, 1.156285714285697, 0.5781428571428685, 0.9635714285714343, 0.28907142857143425, 0.09635714285713139, 0.4817857142856971, 0.4817857142856971, 0.1927142857143029, 0.09635714285713139, 0.04817857142856569, 0.3854285714285657, 51.06928571428526, 0.43360714285713137, 52.75553571428525, 1.0599285714285656, 0.28907142857143425, 0.2408928571428686, 0.19271428571426277, 0.9635714285714343, 1.5417142857142627, 1.3971785714285656, 0.2408928571428686, 52.22557142857095, 1.0599285714285656, 2.119857142857131, 0.2408928571428686, 52.514642857142384, 51.55107142857096, 0.4817857142856971, 1.156285714285697, 0.8672142857142627, 52.12921428571382, 0.09635714285713139, 1.7344285714285657, 0.2408928571428686, 0.6745, 51.74378571428525, 0.1445357142856971, 0.0, 0.2408928571428686, 1.204464285714263, 1.01175, 0.09635714285713139, 0.7708571428571314, 0.1445357142856971, 0.43360714285713137, 0.19271428571426277, 0.5781428571428685, 0.33725, 0.3854285714285657, 0.9153928571428687, 0.6263214285714344, 0.2408928571428686, 1.2526428571428687, 0.28907142857143425, 1.349, 0.6263214285714344, 0.04817857142856569, 0.3854285714285657, 0.8672142857142627, 1.6380714285714342, 1.1081071428571314, 0.9635714285714343, 0.9635714285714343, 0.2408928571428686, 1.7344285714285657, 0.1927142857143029, 0.3854285714285657, 0.2408928571428686, 2.0235, 0.9153928571428687, 0.3854285714285657, 0.0, 0.19271428571426277, 1.1081071428571314, 1.0599285714285656, 0.19271428571426277, 0.3854285714285657, 0.8190357142856971, 0.9153928571428285, 0.4817857142856971, 0.8190357142856971, 0.8190357142856971, 0.3854285714285657, 0.9153928571428285, 0.5781428571428685, 1.204464285714263, 0.6745, 1.3971785714285656, 0.1445357142856971, 1.156285714285697, 0.8190357142856971, 0.6745, 1.01175, 0.19271428571426277, 0.4817857142856971, 0.28907142857143425, 0.09635714285713139, 1.3008214285714343, 0.09635714285713139, 0.2408928571428686, 0.8190357142856971, 0.8672142857142627, 0.19271428571426277, 0.2408928571428686, 0.09635714285713139, 0.9635714285714343, 0.04817857142856569, 0.4817857142856971, 0.8190357142856971, 0.5781428571428685, 1.3008214285714343, 0.04817857142856569, 1.01175, 1.204464285714263, 0.0, 0.09635714285713139, 1.01175, 1.3008214285714343, 0.09635714285713139, 2.0235, 1.0599285714285656, 52.65917857142813, 0.1927142857143029, 0.0, 0.8672142857142627, 0.43360714285713137, 0.7708571428571314, 1.3008214285714343, 0.1445357142856971, 0.6263214285714344, 1.156285714285697, 0.1927142857143029, 1.3971785714285656, 0.04817857142856569, 0.4817857142856971, 0.8190357142856971, 51.93649999999956, 0.28907142857143425, 51.791964285713824, 53.28549999999952, 52.996428571428076, 52.707357142856694, 52.22557142857095, 52.85189285714239, 0.622615384615348, 0.7263846153846086, 0.5707307692307825, 0.6745, 0.9858076923076956, 0.6226153846153912, 0.4150769230769131, 0.25942307692304367, 0.7782692307692175, 1.297115384615391, 0.10376923076921747, 0.882038461538435, 1.556538461538435, 0.15565384615382621, 0.882038461538435, 0.9858076923076956, 0.46696153846152183, 0.4150769230769131, 0.10376923076921747, 0.15565384615382621, 56.81365384615283, 1.089576923076913, 0.622615384615348, 1.4527692307692173, 56.70988461538357, 57.28061538461435, 56.657999999998964, 0.1556538461538694, 56.91742307692205, 57.073076923075874, 56.19103846153744, 56.55423076922974, 55.46465384615283, 0.9858076923076956, 0.7782692307692175, 0.4150769230769131, 0.9339230769230437, 0.10376923076921747, 0.7263846153846086, 3.528153846153783, 0.20753846153847816, 0.7782692307692175, 0.25942307692304367, 1.089576923076913, 0.3113076923076956, 1.1933461538461305, 0.7782692307692175, 0.051884615384608736, 0.25942307692308686, 0.4150769230769131, 0.5188461538461737, 0.882038461538435, 1.2452307692307394, 1.1414615384615217, 1.0376923076922613, 1.0376923076923044, 0.7263846153846086, 1.1414615384615217, 2.075384615384565, 1.089576923076913, 0.9339230769230868, 1.764076923076913, 0.20753846153847816, 1.349, 0.051884615384608736, 0.7263846153846086, 0.9858076923076524, 0.6226153846153912, 0.882038461538435, 0.20753846153847816, 1.556538461538435, 0.3631923076923043, 1.1414615384615217, 0.882038461538435, 1.089576923076913, 0.1556538461538694, 0.5707307692307393, 0.5188461538461306, 0.20753846153847816, 0.20753846153847816, 1.2452307692307394, 0.3631923076923043, 0.6226153846153912, 0.8301538461538261, 56.55423076922974, 0.46696153846152183, 55.879730769229745, 1.5046538461538261, 0.051884615384608736, 0.7263846153846086, 1.8678461538461306, 1.0376923076922613, 0.5188461538461306, 0.20753846153843494, 0.10376923076921747, 0.7263846153846086, 0.5707307692307825, 0.3631923076923043, 0.9858076923076524, 0.882038461538435, 1.349, 1.1414615384615217, 1.4008846153845655, 0.15565384615382621, 0.20753846153847816, 0.25942307692304367, 1.4527692307692173, 0.10376923076921747, 0.3113076923076956, 0.25942307692308686, 0.46696153846152183, 0.7782692307692175, 1.0376923076923044, 0.9858076923076524, 0.3631923076923043, 0.3631923076923043, 0.5707307692307825, 0.10376923076921747, 0.051884615384608736, 1.764076923076913, 0.46696153846152183, 0.8301538461538261, 56.29480769230666, 56.70988461538357, 56.13915384615283, 0.9858076923076956, 1.0376923076922613, 0.3113076923076956, 0.8301538461538261, 0.0, 1.4008846153846088, 1.76407692307687, 0.9339230769230437, 0.3631923076923043, 1.6603076923076523, 0.20753846153847816, 0.10376923076921747, 1.0376923076922613, 0.25942307692308686, 0.5707307692307825, 0.5188461538461737, 0.10376923076921747, 0.5188461538461737, 0.051884615384608736, 0.5188461538461737, 1.2452307692307394, 55.983499999999005, 0.3113076923076956, 0.3113076923076956, 55.205230769229786, 0.25942307692304367, 0.20753846153847816, 0.0, 0.0, 0.6745, 1.556538461538435, 1.1933461538461305, 0.6745, 0.4150769230769131, 55.46465384615283, 56.03538461538361, 0.7782692307692175, 56.91742307692205, 0.051884615384608736, 54.738269230768225, 54.99769230769131, 56.39857692307592, 56.55423076922974, 56.29480769230666, 1.2452307692307394, 0.9858076923076524, 0.10376923076921747, 0.25942307692304367, 0.25942307692304367, 0.4150769230769131, 0.20753846153847816, 0.5707307692307825, 0.3113076923076956, 0.9858076923076956, 0.15565384615382621, 0.7782692307692175, 0.3631923076923043, 0.7263846153846086, 0.6226153846153912, 0.0, 0.10376923076921747, 0.051884615384608736, 0.20753846153843494, 1.556538461538435, 0.3631923076923043, 57.073076923075874, 56.45046153846053, 0.3631923076923043, 55.257115384614394, 0.46696153846152183, 0.4150769230769131, 56.45046153846053, 0.10376923076921747, 55.72407692307592, 56.13915384615283, 57.17684615384513, 56.13915384615283, 1.1933461538461305, 56.24292307692205, 1.089576923076913, 0.0, 0.8301538461538261, 0.5707307692307825, 1.6084230769230436, 0.9339230769230437, 1.297115384615391, 0.882038461538435, 55.41276923076822, 57.384384615383574, 1.76407692307687, 56.45046153846053, 0.1556538461538694, 56.606115384614355, 0.3113076923076956, 0.6226153846153912, 1.5046538461538261, 0.8301538461538261, 0.9339230769230868, 0.3631923076923043, 57.747576923075876, 55.6203076923067, 0.20753846153843494, 0.6745, 57.59192307692205, 56.34669230769127, 0.3113076923076956, 0.3631923076923043, 0.3631923076923043, 1.297115384615391, 0.051884615384608736, 0.7263846153846086, 0.6745, 0.051884615384608736, 1.8159615384615218, 0.10376923076921747, 0.3113076923076956, 0.4150769230769131, 0.051884615384608736, 0.10376923076921747, 0.8301538461538261, 0.9858076923076524, 0.25942307692308686, 55.82784615384514, 56.96930769230666, 0.8301538461538261, 0.5707307692307393, 1.297115384615391, 0.7263846153846086, 0.9858076923076524, 1.4008846153846088, 0.25942307692308686, 56.45046153846053, 55.983499999999005, 56.70988461538357, 55.51653846153744, 0.10376923076921747, 55.77596153846053, 57.799461538460484, 0.20753846153847816, 56.29480769230666, 0.9339230769230437, 1.3489999999999567, 0.622615384615348, 0.15565384615382621, 0.5188461538461737, 0.25942307692308686, 0.9858076923076524, 0.20753846153847816, 0.8301538461538261, 0.9339230769230868, 0.25942307692308686, 0.7782692307692175, 57.12496153846048, 54.32319230769131, 55.983499999999005, 56.08726923076823, 0.7263846153846086, 1.4008846153846088, 2.1272692307692176, 0.4150769230769131, 0.3113076923076956, 1.556538461538435, 0.20753846153847816, 0.5188461538461737, 2.179153846153826, 0.5707307692307825, 0.4150769230769131, 0.10376923076921747, 0.882038461538435, 0.7782692307692175, 1.2971153846153483, 56.13915384615283, 1.7121923076923042, 0.8301538461538261, 57.073076923075874, 55.46465384615283, 0.8301538461538261, 55.879730769229745, 1.3489999999999567, 0.3631923076923043, 1.1414615384615217, 0.4150769230769131, 0.5188461538461306, 1.4008846153845655, 56.657999999998964, 0.6745, 1.8678461538461306, 0.051884615384608736, 0.4150769230769131, 0.6226153846153912, 0.25942307692308686, 56.606115384614355, 0.3631923076923043, 0.882038461538435, 1.6603076923076523, 0.25942307692304367, 0.8301538461538261, 0.3631923076923043, 0.7263846153846086, 0.0, 0.7782692307692175, 55.36088461538361, 55.77596153846053, 0.8301538461538261, 0.10376923076921747, 0.882038461538435, 54.99769230769131, 55.205230769229786, 57.12496153846048, 55.30899999999901, 0.3631923076923043, 1.8159615384614785, 0.3631923076923043, 1.1933461538461305, 0.9339230769230868, 1.1933461538461305, 0.3631923076923043, 0.6745, 0.4150769230769131, 0.7263846153846086, 0.6745, 0.20753846153847816, 1.089576923076913, 0.10376923076921747, 0.5188461538461737, 0.15565384615382621, 0.4150769230769131, 0.25942307692308686, 57.33249999999896, 0.20753846153847816, 54.738269230768225, 1.2971153846153483, 0.7263846153846086, 0.0, 0.10376923076921747, 0.5707307692307393, 0.3113076923076956, 0.5707307692307825, 0.051884615384608736, 0.5707307692307825, 0.25942307692304367, 0.5707307692307393, 0.882038461538435, 0.051884615384608736, 1.089576923076913, 0.7263846153846086, 0.10376923076921747, 0.3631923076923043, 0.9858076923076956, 0.3113076923076956, 0.5707307692307393, 0.20753846153847816, 0.46696153846152183, 0.25942307692308686, 0.622615384615348, 0.25942307692304367, 1.349, 0.46696153846152183, 0.1556538461538694, 0.7782692307692175, 0.051884615384608736, 1.089576923076913, 0.051884615384608736, 0.4150769230769131, 0.10376923076921747, 0.7782692307692175, 0.10376923076921747, 0.7782692307692175, 1.2452307692307394, 0.9858076923076956, 0.4150769230769131, 0.7263846153846086, 1.1933461538461305, 0.7263846153846086, 0.20753846153847816, 1.2452307692307394, 0.4150769230769131, 0.1556538461538694, 1.9197307692307393, 0.0, 0.10376923076921747, 0.20753846153847816, 56.39857692307592, 0.5707307692307825, 1.556538461538435, 57.33249999999896, 56.91742307692205, 1.8678461538461306, 55.82784615384514, 56.96930769230666, 0.3631923076923043, 0.5707307692307393, 0.25942307692308686, 0.5188461538461737, 0.4150769230769131, 0.3113076923076956, 0.20753846153843494, 1.0376923076922613, 0.1556538461538694, 0.20753846153847816, 0.7782692307692175, 0.15565384615382621, 0.3113076923076956, 1.4008846153846088, 0.46696153846152183, 1.9197307692307393, 0.10376923076921747, 0.7782692307692175, 0.9339230769230868, 0.6226153846153912, 0.3631923076923043, 0.46696153846152183, 1.349, 0.3113076923076956, 1.8159615384615218, 1.349, 0.3631923076923043, 0.4150769230769131, 55.931615384614354, 55.6203076923067, 0.4150769230769131, 0.5707307692307825, 0.7263846153846086, 55.6203076923067, 0.5707307692307393, 0.0, 0.0, 1.764076923076913, 0.3113076923076956, 0.46696153846152183, 0.0, 1.1414615384615217, 1.8678461538461306, 0.6745, 1.556538461538435, 0.5188461538461306, 0.3631923076923043, 0.10376923076921747, 0.7263846153846086, 56.13915384615283, 0.3631923076923043, 0.10376923076921747, 0.1556538461538694, 0.5707307692307825, 0.5188461538461306, 0.0, 55.931615384614354, 56.08726923076823, 1.1414615384615217, 55.36088461538361, 55.72407692307592, 0.7263846153846086, 0.20753846153843494, 0.25942307692308686, 0.3113076923076956, 1.297115384615391, 1.7121923076923042, 0.6226153846153912, 0.10376923076921747, 0.5707307692307825, 0.8301538461538261, 1.1933461538461305, 0.051884615384608736, 0.7782692307692175, 0.20753846153843494, 0.3113076923076956, 0.5188461538461306, 0.051884615384608736, 1.3489999999999567, 0.622615384615348, 0.051884615384608736, 0.1556538461538694, 0.5188461538461306, 0.6226153846153912, 1.9197307692307393, 0.3113076923076956, 0.4150769230769131, 0.8301538461538261, 0.3631923076923043, 0.6745, 0.3113076923076956, 0.9339230769230868, 0.20753846153847816, 1.297115384615391, 0.3631923076923043, 0.7263846153846086, 0.6745, 0.10376923076921747, 0.051884615384608736, 1.6084230769230436, 0.4150769230769131, 0.7782692307692175, 0.9858076923076524, 0.25942307692308686, 0.3113076923076956, 0.5707307692307825, 0.3113076923076956, 1.089576923076913, 0.20753846153847816, 0.8301538461538261, 0.9339230769230868, 0.9339230769230868, 0.051884615384608736, 1.1933461538461305, 0.5707307692307393, 0.051884615384608736, 0.46696153846152183, 0.25942307692308686, 0.4150769230769131, 55.56842307692205, 55.983499999999005, 57.22873076922975, 56.29480769230666, 0.7782692307692175, 54.53073076922979, 56.34669230769127, 0.5188461538461737, 0.25942307692304367, 0.8301538461538261, 1.349, 0.6745, 0.3631923076923043, 55.77596153846053, 55.879730769229745, 55.51653846153744, 0.10376923076921747, 0.1556538461538694, 1.5046538461538261, 55.257115384614394, 55.879730769229745, 0.3631923076923043, 0.8301538461538261, 0.6226153846153912, 0.25942307692304367, 0.6226153846153912, 0.9858076923076956, 0.4150769230769131, 1.1414615384615217, 0.20753846153843494, 0.20753846153847816, 1.1414615384615217, 0.15565384615382621, 0.9339230769230437, 0.5188461538461306, 56.29480769230666, 0.8301538461538261, 57.59192307692205, 1.1933461538461305, 56.24292307692205, 54.738269230768225, 0.3113076923076956, 0.9339230769230868, 0.4150769230769131, 55.82784615384514, 1.1933461538461305, 1.1933461538461305, 2.075384615384565, 0.9339230769230437, 1.556538461538435, 0.051884615384608736, 0.46696153846152183, 1.1933461538461305, 0.8301538461538261, 1.4008846153845655, 0.9339230769230437, 0.051884615384608736, 0.6745, 1.764076923076913, 0.5188461538461306, 0.7782692307692175, 1.4008846153846088, 0.46696153846152183, 1.2971153846153483, 0.0, 0.051884615384608736, 0.7263846153846086, 56.76176923076822, 1.4527692307692173, 1.5046538461538261, 0.15565384615382621, 0.1556538461538694, 0.20753846153843494, 0.46696153846152183, 0.10376923076921747, 0.3631923076923043, 1.3489999999999567, 1.2452307692307394, 0.3631923076923043, 0.15565384615382621, 0.5188461538461737, 0.10376923076921747, 0.10376923076921747, 56.50234615384514, 0.4150769230769131, 1.089576923076913, 0.10376923076921747, 56.70988461538357, 0.7263846153846086, 55.46465384615283, 0.6745, 0.3631923076923043, 0.7263846153846086, 0.0, 0.9858076923076956, 55.82784615384514, 55.879730769229745, 0.1556538461538694, 0.46696153846152183, 0.46696153846152183, 0.5188461538461306, 0.3113076923076956, 0.0, 0.7263846153846086, 0.6745, 0.46696153846152183, 0.20753846153847816, 1.089576923076913, 0.4150769230769131, 0.3113076923076956, 0.25942307692308686, 0.9339230769230437, 1.089576923076913, 0.0, 0.10376923076921747, 0.3631923076923043, 1.089576923076913, 0.7782692307692175, 0.0, 0.1556538461538694, 0.10376923076921747, 0.7263846153846086, 0.20753846153847816, 1.0376923076923044, 0.882038461538435, 0.882038461538435, 0.10376923076921747, 0.5707307692307393, 0.25942307692308686, 0.6226153846153912, 0.3631923076923043, 0.1556538461538694, 0.8301538461538261, 0.0, 1.4008846153846088, 0.7263846153846086, 1.1414615384615217, 0.3113076923076956, 0.25942307692304367, 0.5188461538461737, 1.4008846153846088, 0.882038461538435, 0.10376923076921747, 0.5188461538461737, 0.3113076923076956, 0.10376923076921747, 0.20753846153847816, 0.20753846153843494, 0.7263846153846086, 0.9858076923076956, 0.4150769230769131, 1.4008846153846088, 0.3113076923076956, 0.46696153846152183, 0.4150769230769131, 0.25942307692304367, 0.051884615384608736, 0.0, 56.86553846153744, 1.4008846153846088, 0.10376923076921747, 0.0, 0.4150769230769131, 56.606115384614355, 56.81365384615283, 56.19103846153744, 0.6226153846153912, 1.556538461538435, 0.3113076923076956, 1.8678461538461306, 0.7782692307692175, 0.20753846153843494, 0.7782692307692175, 0.051884615384608736, 1.5046538461538261, 0.25942307692304367, 0.3113076923076956, 0.051884615384608736, 0.5707307692307825, 0.4150769230769131, 0.5707307692307393, 0.882038461538435, 0.3631923076923043, 0.3631923076923043, 0.1556538461538694, 0.051884615384608736, 0.20753846153843494, 0.882038461538435, 0.3631923076923043, 0.46696153846152183, 1.1414615384615217, 0.46696153846152183, 56.606115384614355, 0.4150769230769131, 0.622615384615348, 1.9197307692307393, 0.10376923076921747, 1.1414615384615217, 0.4150769230769131, 0.5707307692307393, 55.72407692307592, 57.073076923075874, 55.82784615384514, 56.08726923076823, 0.46696153846152183, 56.03538461538361, 55.931615384614354, 0.6226153846153912, 0.3631923076923043, 58.00699999999897, 0.46696153846152183, 55.983499999999005, 55.983499999999005, 56.34669230769127, 56.03538461538361, 2.179153846153826, 55.931615384614354, 56.76176923076822, 56.657999999998964, 57.22873076922975, 0.4150769230769131, 0.051884615384608736, 57.021192307691265, 1.6603076923076523, 0.15565384615382621, 1.089576923076913, 1.1933461538461305, 0.46696153846152183, 0.4150769230769131, 1.0376923076923044, 0.5188461538461737, 0.051884615384608736, 1.9716153846153481, 0.20753846153843494, 0.0, 0.3631923076923043, 0.7263846153846086, 0.6226153846153912, 2.075384615384565, 0.25942307692304367, 0.15565384615382621, 0.7782692307692175, 56.19103846153744, 0.882038461538435, 0.8301538461538261, 0.20753846153847816, 1.5046538461538261, 0.46696153846152183, 0.7263846153846086, 0.1556538461538694, 0.0, 1.1933461538461305, 0.6745, 0.622615384615348, 0.10376923076921747, 0.10376923076921747, 56.86553846153744, 56.45046153846053, 0.20753846153843494, 55.153346153845135, 1.0376923076923044, 54.115653846152874, 0.10376923076921747, 0.20753846153843494, 0.3113076923076956, 56.34669230769127, 57.33249999999896, 0.882038461538435, 55.879730769229745, 56.86553846153744, 0.20753846153843494, 0.20753846153847816, 0.46696153846152183, 55.67219230769131, 0.20753846153847816, 0.25942307692308686, 0.6226153846153912, 0.10376923076921747, 0.3631923076923043, 0.6745, 1.7121923076923042, 0.4150769230769131, 1.6084230769230436, 0.15565384615382621, 0.46696153846152183, 0.25942307692308686, 0.46696153846152183, 0.3113076923076956, 1.4008846153846088, 0.5188461538461306, 0.5188461538461306, 0.5707307692307825, 0.10376923076921747, 0.46696153846152183, 55.153346153845135, 0.9858076923076956, 56.55423076922974, 55.51653846153744, 56.45046153846053, 1.4527692307692173, 0.9858076923076956, 0.10376923076921747, 0.051884615384608736, 0.4150769230769131, 0.051884615384608736, 0.3113076923076956, 0.25942307692304367, 0.5188461538461737, 0.0, 0.7263846153846086, 0.25942307692304367, 55.41276923076822, 0.20753846153847816, 56.50234615384514, 0.46696153846152183, 54.5826153846144, 1.8678461538461306, 0.5707307692307825, 56.86553846153744, 55.77596153846053, 56.08726923076823, 0.5707307692307393, 1.089576923076913, 54.42696153846057, 0.10376923076921747, 0.882038461538435, 0.4150769230769131, 1.1933461538461305, 0.46696153846152183, 0.1556538461538694, 0.9339230769230868, 0.5707307692307393, 0.25942307692308686, 0.051884615384608736, 0.3631923076923043, 0.20753846153843494, 0.9339230769230868, 1.089576923076913, 0.5707307692307393, 0.10376923076921747, 0.051884615384608736, 56.03538461538361, 1.4008846153846088, 1.2452307692307394, 0.20753846153843494, 0.25942307692308686, 0.3113076923076956, 0.4150769230769131, 0.3631923076923043, 0.3113076923076956, 1.1933461538461305, 0.5707307692307825, 0.5188461538461737, 0.8301538461538261, 0.882038461538435, 0.7263846153846086, 2.075384615384565, 55.205230769229786, 0.3631923076923043, 1.4008846153846088, 55.30899999999901, 0.5707307692307825, 0.20753846153843494, 0.4150769230769131, 55.46465384615283, 56.91742307692205, 1.0376923076922613, 0.1556538461538694, 54.37507692307592, 1.349, 0.4150769230769131, 0.3113076923076956, 0.6745, 0.4150769230769131, 0.25942307692304367, 0.25942307692304367, 0.25942307692308686, 0.8301538461538261, 1.0376923076922613, 2.0234999999999568, 1.089576923076913, 0.882038461538435, 0.051884615384608736, 0.0, 0.4150769230769131, 0.20753846153843494, 56.03538461538361, 55.72407692307592, 57.17684615384513, 0.3631923076923043, 57.48815384615279, 0.5188461538461306, 58.05888461538357, 0.46696153846152183, 0.15565384615382621, 0.4150769230769131, 56.03538461538361, 55.04957692307592, 0.5707307692307825, 0.3113076923076956, 0.20753846153843494, 0.051884615384608736, 55.931615384614354, 0.3631923076923043, 56.606115384614355, 0.3113076923076956, 56.45046153846053, 0.5188461538461737, 0.46696153846152183, 0.20753846153843494, 57.384384615383574, 0.1556538461538694, 1.4008846153846088, 0.882038461538435, 0.6226153846153912, 0.0, 0.9339230769230868, 56.34669230769127, 0.25942307692308686, 1.7121923076923042, 1.2452307692307394, 0.9858076923076524, 1.3489999999999567, 0.20753846153843494, 0.051884615384608736, 0.5188461538461306, 0.4150769230769131, 1.2452307692307394, 0.10376923076921747, 0.4150769230769131, 0.25942307692304367, 0.0, 0.6745, 0.46696153846152183, 0.051884615384608736, 0.1556538461538694, 0.051884615384608736, 0.5188461538461737, 0.6745, 0.6226153846153912, 0.1556538461538694, 0.46696153846152183, 0.8301538461538261, 0.10376923076921747, 0.46696153846152183, 0.25942307692308686, 0.3631923076923043, 0.0, 56.55423076922974, 56.70988461538357, 0.20753846153847816, 55.77596153846053, 0.3631923076923043, 1.297115384615391, 2.0234999999999568, 0.4150769230769131, 0.5707307692307825, 0.15565384615382621, 0.051884615384608736, 0.20753846153843494, 1.0376923076922613, 0.3631923076923043, 0.10376923076921747, 0.6745, 1.2971153846153483, 56.24292307692205, 0.882038461538435, 0.20753846153843494, 56.08726923076823, 57.021192307691265, 55.879730769229745, 55.04957692307592, 1.1933461538461305, 0.3631923076923043, 56.29480769230666, 0.3113076923076956, 0.882038461538435, 0.6745, 0.882038461538435, 55.77596153846053, 0.20753846153847816, 0.0, 0.3113076923076956, 0.051884615384608736, 0.6226153846153912, 0.3631923076923043, 0.051884615384608736, 1.1414615384615217, 0.7782692307692175, 0.6745, 1.297115384615391, 0.4150769230769131, 1.0376923076922613, 0.9858076923076956, 55.101461538460526, 0.5707307692307393, 0.15565384615382621, 56.70988461538357, 55.205230769229786, 56.45046153846053, 0.6745, 56.08726923076823, 57.59192307692205, 0.15565384615382621, 1.2452307692307394, 0.0, 0.1556538461538694, 0.3631923076923043, 1.089576923076913, 0.051884615384608736, 56.70988461538357, 55.257115384614394, 0.10376923076921747, 56.34669230769127, 55.983499999999005, 1.4527692307692173, 0.25942307692308686, 55.30899999999901, 55.257115384614394, 0.46696153846152183, 0.25942307692304367, 0.7782692307692175, 0.6226153846153912, 0.3113076923076956, 0.5188461538461306, 0.8301538461538261, 1.1414615384615217, 0.25942307692304367, 0.051884615384608736, 1.0376923076923044, 0.10376923076921747, 0.3631923076923043, 0.7263846153846086, 0.5707307692307393, 0.6745, 0.4150769230769131, 56.76176923076822, 0.10376923076921747, 2.075384615384565, 54.5826153846144, 55.257115384614394, 0.5188461538461737, 0.5707307692307825, 55.67219230769131, 55.41276923076822, 0.25942307692304367, 56.606115384614355, 55.77596153846053, 55.6203076923067, 0.9858076923076956, 57.17684615384513, 0.5707307692307393, 1.089576923076913, 0.5188461538461737, 0.0, 0.8301538461538261, 0.051884615384608736, 0.3113076923076956, 0.4150769230769131, 57.54003846153739, 0.10376923076921747, 56.29480769230666, 56.76176923076822, 0.882038461538435, 0.051884615384608736, 55.67219230769131, 0.4150769230769131, 56.29480769230666, 0.882038461538435, 0.3631923076923043, 0.3113076923076956, 0.46696153846152183, 0.0, 0.051884615384608736, 0.46696153846152183, 57.17684615384513, 0.051884615384608736, 56.70988461538357, 55.77596153846053, 57.54003846153739, 0.1556538461538694, 56.70988461538357, 56.03538461538361, 56.39857692307592, 55.879730769229745, 55.51653846153744, 55.983499999999005, 55.72407692307592, 0.3113076923076956, 55.82784615384514, 0.6226153846153912, 0.3113076923076956, 0.5707307692307825, 0.6745, 0.25942307692304367, 0.3631923076923043, 0.3113076923076956, 1.0376923076922613, 1.2452307692307394, 0.3113076923076956, 1.1933461538461305, 0.15565384615382621, 0.622615384615348, 0.051884615384608736, 0.3113076923076956, 1.1933461538461305, 55.153346153845135, 57.33249999999896, 56.657999999998964, 55.72407692307592, 0.25942307692304367, 0.3113076923076956, 2.179153846153826, 0.6226153846153912, 0.3113076923076956, 1.0376923076922613, 1.7121923076923042, 0.882038461538435, 0.5188461538461737, 0.051884615384608736, 0.622615384615348, 0.5188461538461306, 0.3113076923076956, 0.7782692307692175, 0.882038461538435, 1.1414615384615217, 0.15565384615382621, 0.882038461538435, 0.6226153846153912, 0.7782692307692175, 1.7121923076923042, 0.25942307692308686, 1.089576923076913, 0.051884615384608736, 1.2452307692307394, 0.9858076923076956, 0.4150769230769131, 0.9339230769230437, 0.7263846153846086, 0.8301538461538261, 0.20753846153843494, 0.0, 0.20753846153843494, 0.051884615384608736, 0.5188461538461306, 1.0376923076922613, 1.7121923076923042, 1.297115384615391, 0.882038461538435, 0.20753846153843494, 55.205230769229786, 0.7263846153846086, 0.622615384615348, 0.7782692307692175, 1.2452307692307394, 1.089576923076913, 0.46696153846152183, 0.3113076923076956, 0.6226153846153912, 0.882038461538435, 0.9339230769230868, 0.46696153846152183, 0.5188461538461737, 2.0234999999999568, 0.20753846153847816, 1.2452307692307394, 0.10376923076921747, 1.4008846153846088, 55.6203076923067, 55.41276923076822, 57.48815384615279, 0.10376923076921747, 55.983499999999005, 56.13915384615283, 56.24292307692205, 1.089576923076913, 56.70988461538357, 55.67219230769131, 56.81365384615283, 0.5707307692307393, 0.5188461538461737, 0.051884615384608736, 0.1556538461538694, 0.10376923076921747, 0.6745, 56.19103846153744, 55.257115384614394, 55.983499999999005, 55.36088461538361, 0.4150769230769131, 0.5707307692307825, 0.5188461538461737, 0.5707307692307825, 0.20753846153843494, 1.089576923076913, 0.7263846153846086, 0.5188461538461306, 0.9339230769230437, 1.9716153846153481, 1.1414615384615217, 0.20753846153847816, 1.349, 0.10376923076921747, 0.5188461538461737, 0.46696153846152183, 1.0376923076922613, 0.3631923076923043, 1.8678461538461306, 0.0, 0.6226153846153912, 0.3113076923076956, 56.657999999998964, 0.5188461538461306, 0.0, 0.25942307692308686, 0.1556538461538694, 55.41276923076822, 55.6203076923067, 1.1933461538461305, 56.657999999998964, 0.0, 0.6226153846153912, 0.6226153846153912, 0.5707307692307825, 0.6745, 0.5707307692307393, 0.051884615384608736, 0.3631923076923043, 0.3113076923076956, 0.7263846153846086, 0.15565384615382621, 0.46696153846152183, 0.882038461538435, 0.4150769230769131, 0.6226153846153912, 0.6226153846153912, 0.20753846153847816, 0.25942307692308686, 0.9339230769230868, 0.8301538461538261, 0.15565384615382621, 0.051884615384608736, 0.4150769230769131, 0.6745, 0.25942307692304367, 0.051884615384608736, 0.4150769230769131, 0.6745, 0.4150769230769131, 0.4150769230769131, 0.3113076923076956, 0.4150769230769131, 0.622615384615348, 56.50234615384514, 56.03538461538361, 57.33249999999896, 0.5707307692307393, 0.7782692307692175, 56.45046153846053, 0.9339230769230868, 0.6745, 0.20753846153843494, 0.10376923076921747, 1.089576923076913, 0.15565384615382621, 0.25942307692308686, 0.8301538461538261, 2.2829230769230433, 0.6745, 0.0, 0.0, 0.0, 0.0, 0.15565384615382621, 0.1556538461538694, 1.089576923076913, 0.8301538461538261, 0.7263846153846086, 0.7782692307692175, 55.77596153846053, 0.3631923076923043, 55.82784615384514, 55.72407692307592, 0.051884615384608736, 56.08726923076823, 55.257115384614394, 57.33249999999896, 0.622615384615348, 0.051884615384608736, 0.4150769230769131, 0.5707307692307825, 55.46465384615283, 0.051884615384608736, 55.101461538460526, 55.983499999999005, 0.6745, 1.089576923076913, 1.5046538461538261, 1.4527692307692173, 0.25942307692308686, 0.20753846153843494, 0.46696153846152183, 0.20753846153847816, 0.3631923076923043, 0.20753846153843494, 0.5188461538461737, 0.1556538461538694, 0.5188461538461737, 0.5707307692307393, 0.3113076923076956, 0.051884615384608736, 1.4008846153846088, 0.5188461538461306, 1.5046538461538261, 0.882038461538435, 1.2452307692307394, 0.3631923076923043, 0.25942307692308686, 0.6226153846153912, 0.10376923076921747, 0.46696153846152183, 0.4150769230769131, 0.9339230769230868, 1.9197307692307393, 0.8301538461538261, 0.10376923076921747, 0.4150769230769131, 0.051884615384608736, 0.15565384615382621, 0.3113076923076956, 0.5707307692307825, 0.15565384615382621, 0.051884615384608736, 1.2971153846153483, 0.46696153846152183, 56.45046153846053, 54.634499999999, 0.5707307692307393, 2.5423461538461307, 1.1414615384615217, 0.15565384615382621, 0.20753846153843494, 54.79015384615283, 55.77596153846053, 0.3113076923076956, 0.882038461538435, 2.4385769230768695, 0.0, 54.9458076923067, 55.101461538460526, 0.15565384615382621, 1.297115384615391, 0.10376923076921747, 0.7782692307692175, 1.1933461538461305, 1.1933461538461305, 1.1933461538461305, 0.6745, 0.6745, 57.69569230769127, 55.257115384614394, 1.1414615384615217, 56.24292307692205, 56.34669230769127, 56.45046153846053, 56.70988461538357, 56.96930769230666, 0.1556538461538694, 56.96930769230666, 0.4150769230769131, 0.7782692307692175, 1.0376923076923044, 0.5188461538461737, 0.051884615384608736, 0.4150769230769131, 0.7263846153846086, 0.25942307692304367, 0.5188461538461737, 0.6226153846153912, 0.9339230769230437, 1.1933461538461305, 0.3113076923076956, 2.075384615384565, 0.6745, 0.20753846153847816, 0.10376923076921747, 0.1556538461538694, 1.089576923076913, 0.6745, 0.20753846153843494, 0.3113076923076956, 1.764076923076913, 0.9858076923076956, 0.9339230769230868, 0.622615384615348, 0.5707307692307825, 0.3113076923076956, 0.051884615384608736, 1.0376923076923044, 0.46696153846152183, 0.0, 0.46696153846152183, 0.882038461538435, 0.20753846153843494, 0.622615384615348, 0.4150769230769131, 0.9858076923076956, 1.7121923076923042, 0.6745, 0.6745, 0.5707307692307825, 0.5188461538461306, 0.25942307692304367, 0.10376923076921747, 1.6084230769230436, 1.556538461538435, 0.3113076923076956, 0.20753846153847816, 0.8301538461538261, 1.5046538461538261, 0.5707307692307825, 0.8301538461538261, 55.205230769229786, 57.021192307691265, 55.30899999999901, 0.4150769230769131, 56.08726923076823, 0.051884615384608736, 56.76176923076822, 0.051884615384608736, 55.67219230769131, 0.6745, 0.10376923076921747, 1.6603076923076523, 0.5188461538461306, 1.556538461538435, 0.7263846153846086, 1.4527692307692173, 1.7121923076923042, 1.764076923076913, 0.9339230769230868, 0.9858076923076524, 0.0, 0.5188461538461306, 1.7121923076923042, 0.4150769230769131, 0.051884615384608736, 56.39857692307592, 56.96930769230666, 0.4150769230769131, 1.5046538461538261, 1.297115384615391, 0.10376923076921747, 56.657999999998964, 55.72407692307592, 0.5707307692307825, 0.3631923076923043, 0.5707307692307393, 0.5707307692307393, 0.4150769230769131, 1.6603076923076523, 55.46465384615283, 0.25942307692308686, 0.6226153846153912, 1.1933461538461305, 0.9339230769230437, 0.6745, 0.10376923076921747, 56.70988461538357, 55.36088461538361, 0.6745, 57.12496153846048, 56.70988461538357, 0.5707307692307825, 56.81365384615283, 1.349, 0.4150769230769131, 0.9858076923076956, 1.9716153846153481, 0.9339230769230437, 55.983499999999005, 55.41276923076822, 0.5188461538461737, 0.051884615384608736, 1.349, 0.051884615384608736, 0.7263846153846086, 0.6226153846153912, 0.7263846153846086, 0.20753846153847816, 0.5188461538461737, 0.4150769230769131, 1.089576923076913, 0.46696153846152183, 0.4150769230769131, 0.8301538461538261, 0.5188461538461737, 1.089576923076913, 0.10376923076921747, 0.8301538461538261, 1.089576923076913, 0.6745, 0.051884615384608736, 0.3631923076923043, 0.6745, 1.1933461538461305, 1.0376923076923044, 0.3113076923076956, 0.8301538461538261, 0.4150769230769131, 0.5707307692307825, 1.297115384615391, 0.3631923076923043, 0.20753846153843494, 0.25942307692304367, 0.1556538461538694, 0.6226153846153912, 1.0376923076922613, 0.3631923076923043, 0.051884615384608736, 0.6745, 0.10376923076921747, 0.5707307692307825, 0.7263846153846086, 1.1933461538461305, 1.0376923076922613, 0.6745, 0.7263846153846086, 0.4150769230769131, 0.20753846153843494, 0.8301538461538261, 1.9197307692307393, 1.1933461538461305, 1.2971153846153483, 0.3631923076923043, 0.622615384615348, 0.3113076923076956, 0.6745, 0.20753846153847816, 0.7263846153846086, 0.3113076923076956, 0.051884615384608736, 0.5188461538461306, 0.10376923076921747, 1.3489999999999567, 0.20753846153843494, 0.25942307692304367, 1.0376923076923044, 1.2971153846153483, 0.051884615384608736, 56.39857692307592, 56.24292307692205, 0.4150769230769131, 0.10376923076921747, 0.25942307692308686, 1.0376923076923044, 1.3489999999999567, 0.1556538461538694, 1.1414615384615217, 0.15565384615382621, 0.6745, 0.8301538461538261, 0.1556538461538694, 0.0, 0.15565384615382621, 0.10376923076921747, 0.3113076923076956, 0.7782692307692175, 0.25942307692304367, 0.1556538461538694, 0.15565384615382621, 0.10376923076921747, 1.2452307692307394, 0.25942307692308686, 1.4527692307692173, 0.6745, 1.4527692307692173, 1.6084230769230436, 0.882038461538435, 0.15565384615382621, 0.8301538461538261, 2.0234999999999568, 0.5707307692307393, 0.3631923076923043, 1.7121923076922612, 0.3113076923076956, 0.051884615384608736, 0.3631923076923043, 0.46696153846152183, 2.4385769230768695, 0.8301538461538261, 0.7263846153846086, 0.25942307692308686, 0.15565384615382621, 0.25942307692304367, 1.0376923076923044, 0.1556538461538694, 0.15565384615382621, 0.25942307692304367, 1.3489999999999567, 0.5707307692307825, 0.7263846153846086, 0.5707307692307825, 0.3631923076923043, 0.5707307692307393, 0.882038461538435, 0.1556538461538694, 0.882038461538435, 0.9339230769230868, 0.10376923076921747, 1.6603076923076523, 0.3631923076923043, 0.051884615384608736, 0.1556538461538694, 0.5188461538461737, 56.86553846153744, 0.3631923076923043, 0.20753846153847816, 0.5188461538461306, 0.15565384615382621, 1.9197307692307393, 0.10376923076921747, 1.2971153846153483, 0.7263846153846086, 1.2971153846153483, 0.4150769230769131, 0.20753846153847816, 1.0376923076923044, 0.882038461538435, 55.82784615384514, 57.073076923075874, 55.46465384615283, 0.5188461538461306, 54.9458076923067, 55.46465384615283, 0.25942307692308686, 54.79015384615283, 0.6745, 0.882038461538435, 0.25942307692304367, 0.9858076923076956, 0.6226153846153912, 0.20753846153843494, 0.10376923076921747, 0.4150769230769131, 0.0, 0.1556538461538694, 0.9858076923076956, 0.6226153846153912, 0.4150769230769131, 0.25942307692308686, 0.3113076923076956, 0.25942307692308686, 0.9858076923076524, 1.2452307692307394, 0.622615384615348, 0.622615384615348, 0.6226153846153912, 0.10376923076921747, 0.7782692307692175, 0.20753846153843494, 0.3113076923076956, 2.0234999999999568, 1.4527692307692173, 0.6745, 1.1933461538461305, 0.10376923076921747, 1.6603076923076523, 0.3631923076923043, 1.1933461538461305, 0.7263846153846086, 0.5188461538461737, 1.2452307692307394, 0.3631923076923043, 0.3113076923076956, 0.3631923076923043, 1.0376923076922613, 0.622615384615348, 0.6745, 0.6745, 0.25942307692304367, 0.5707307692307825, 1.297115384615391, 0.5707307692307393, 1.2971153846153483, 56.39857692307592, 58.00699999999897, 0.6226153846153912, 55.879730769229745, 55.82784615384514, 1.297115384615391, 55.67219230769131, 56.70988461538357, 1.4008846153846088, 1.1933461538461305, 0.051884615384608736, 0.3113076923076956, 56.13915384615283, 54.79015384615283, 55.257115384614394, 0.6745, 0.6745, 0.3631923076923043, 56.96930769230666, 56.13915384615283, 1.1933461538461305, 0.5707307692307825, 1.0376923076923044, 1.6084230769230436, 0.4150769230769131, 1.1933461538461305, 0.20753846153843494, 0.051884615384608736, 0.10376923076921747, 1.1933461538461305, 0.3631923076923043, 1.556538461538435, 0.25942307692308686, 0.051884615384608736, 0.5707307692307825, 0.5188461538461306, 54.21942307692209, 56.34669230769127, 56.45046153846053, 56.39857692307592, 1.0376923076923044, 0.25942307692308686, 1.6603076923076523, 0.8301538461538261, 0.46696153846152183, 55.205230769229786, 0.5707307692307825, 1.6603076923076523, 1.1414615384615217, 0.9858076923076956, 1.2452307692307394, 56.24292307692205, 0.46696153846152183, 55.36088461538361, 0.882038461538435, 0.5707307692307393, 0.7782692307692175, 0.9339230769230437, 55.56842307692205, 0.25942307692308686, 0.0, 0.5188461538461737, 0.7263846153846086, 0.7782692307692175, 0.20753846153843494, 1.9197307692307393, 57.28061538461435, 0.051884615384608736, 0.5188461538461737, 55.46465384615283, 55.41276923076822, 1.6603076923076523, 57.28061538461435, 0.15565384615382621, 0.6226153846153912, 55.153346153845135, 56.19103846153744, 0.051884615384608736, 1.089576923076913, 1.1933461538461305, 1.764076923076913, 0.7782692307692175, 0.3113076923076956, 1.8159615384614785, 0.20753846153847816, 1.297115384615391, 0.25942307692308686, 2.127269230769174, 1.297115384615391, 0.051884615384608736, 0.9339230769230437, 0.3113076923076956, 0.9858076923076956, 0.5707307692307825, 0.7782692307692175, 0.4150769230769131, 0.8301538461538261, 0.051884615384608736, 0.622615384615348, 57.17684615384513, 0.5707307692307825, 0.46696153846152183, 56.19103846153744, 0.5188461538461306, 0.20753846153847816, 0.20753846153843494, 0.5707307692307393, 0.46696153846152183, 0.7782692307692175, 0.10376923076921747, 0.20753846153847816, 0.5707307692307825, 0.20753846153843494, 1.8678461538461306, 0.6226153846153912, 1.349, 0.10376923076921747, 0.6226153846153912, 0.20753846153847816, 0.8301538461538261, 0.4150769230769131, 0.0, 0.7263846153846086, 0.25942307692304367, 1.4527692307692173, 2.4385769230768695, 0.882038461538435, 54.9458076923067, 0.15565384615382621, 1.764076923076913, 55.30899999999901, 1.089576923076913, 0.8301538461538261, 56.13915384615283, 1.349, 0.9858076923076524, 0.20753846153843494, 56.45046153846053, 55.101461538460526, 56.03538461538361, 55.931615384614354, 55.931615384614354, 1.4008846153846088, 0.25942307692304367, 55.36088461538361, 1.7121923076923042, 1.2452307692307394, 0.5707307692307825, 56.50234615384514, 0.4150769230769131, 1.0376923076923044, 0.15565384615382621, 0.20753846153843494, 0.6745, 1.4527692307692173, 56.657999999998964, 55.36088461538361, 0.9339230769230868, 55.51653846153744, 0.6745, 1.0376923076923044, 0.8301538461538261, 55.77596153846053, 0.5707307692307393, 0.7263846153846086, 1.6084230769230436, 0.882038461538435, 0.051884615384608736, 57.384384615383574, 0.46696153846152183, 1.6084230769230436, 0.3113076923076956, 1.2452307692307394, 0.7263846153846086, 0.15565384615382621, 2.386692307692261, 0.7782692307692175, 0.4150769230769131, 0.5188461538461306, 0.4150769230769131, 0.7263846153846086, 0.46696153846152183, 0.10376923076921747, 0.10376923076921747, 0.3113076923076956, 0.9339230769230437, 0.3113076923076956, 0.7263846153846086, 1.2452307692307394, 0.1556538461538694, 0.25942307692304367, 0.10376923076921747, 0.9858076923076956, 0.4150769230769131, 1.1933461538461305, 0.25942307692308686, 0.8301538461538261, 1.297115384615391, 1.7121923076923042, 0.8301538461538261, 0.3631923076923043, 1.556538461538435, 0.6226153846153912, 0.7782692307692175, 1.2971153846153483, 0.7782692307692175, 0.4150769230769131, 0.25942307692308686, 0.3113076923076956, 0.6226153846153912, 0.6745, 0.25942307692308686, 56.29480769230666, 0.5188461538461737, 55.82784615384514, 56.39857692307592, 0.8301538461538261, 0.3113076923076956, 55.56842307692205, 0.3631923076923043, 0.20753846153847816, 0.051884615384608736, 0.882038461538435, 54.32319230769131, 0.882038461538435, 0.4150769230769131, 54.89392307692209, 0.051884615384608736, 55.30899999999901, 0.9339230769230868, 0.3631923076923043, 0.8301538461538261, 0.051884615384608736, 1.1933461538461305, 0.5707307692307393, 0.6226153846153912, 1.5046538461538261, 2.075384615384565, 0.622615384615348, 1.1414615384615217, 0.7263846153846086, 1.6084230769230436, 0.3113076923076956, 1.4527692307692173, 0.25942307692304367, 1.297115384615391, 0.4150769230769131, 0.25942307692308686, 0.6745, 0.6745, 0.10376923076921747, 1.8159615384615218, 1.76407692307687, 2.4385769230768695, 1.556538461538435, 1.556538461538435, 0.10376923076921747, 0.3631923076923043, 0.25942307692308686, 0.10376923076921747, 55.67219230769131, 1.4008846153846088, 57.22873076922975, 0.15565384615382621, 0.8301538461538261, 0.882038461538435, 0.5707307692307393, 0.7782692307692175, 56.55423076922974, 0.5188461538461737, 57.33249999999896, 55.41276923076822, 56.50234615384514, 0.4150769230769131, 0.3113076923076956, 0.5188461538461737, 0.7263846153846086, 0.8301538461538261, 0.3113076923076956, 0.20753846153843494, 0.5188461538461306, 0.10376923076921747, 0.1556538461538694, 1.8678461538461306, 0.25942307692308686, 0.882038461538435, 0.25942307692304367, 0.6226153846153912, 0.20753846153847816, 0.0, 0.15565384615382621, 0.3631923076923043, 0.051884615384608736, 0.20753846153843494, 0.10376923076921747, 1.4527692307692173, 0.6745, 0.3113076923076956, 1.089576923076913, 0.051884615384608736, 0.051884615384608736, 0.9339230769230868, 56.606115384614355, 56.19103846153744, 0.3113076923076956, 56.70988461538357, 56.70988461538357, 58.42207692307587, 1.2971153846153483, 1.1414615384615217, 1.2452307692307394, 0.3631923076923043, 0.882038461538435, 0.46696153846152183, 0.5707307692307825, 1.556538461538435, 1.6084230769230436, 0.3113076923076956, 0.3113076923076956, 0.4150769230769131, 0.25942307692304367, 0.5188461538461306, 0.3631923076923043, 0.10376923076921747, 0.25942307692308686, 1.8159615384615218, 2.231038461538392, 58.00699999999897, 1.0376923076923044, 0.1556538461538694, 1.297115384615391, 1.2452307692307394, 0.051884615384608736, 0.4150769230769131, 0.9858076923076956, 55.72407692307592, 0.3631923076923043, 1.9197307692307393, 0.5188461538461737, 0.882038461538435, 1.556538461538435, 0.0, 0.3113076923076956, 0.5188461538461737, 0.3113076923076956, 1.5046538461538261, 0.3631923076923043, 0.7263846153846086, 1.089576923076913, 0.5707307692307393, 56.29480769230666, 55.983499999999005, 1.764076923076913, 0.46696153846152183, 1.6603076923076523, 0.6226153846153912, 0.25942307692308686, 1.349, 1.8678461538461306, 0.3631923076923043, 0.9339230769230437, 0.7782692307692175, 1.1933461538461305, 1.4527692307692173, 0.10376923076921747, 0.3631923076923043, 1.4527692307692173, 0.3113076923076956, 0.8301538461538261, 0.7263846153846086, 0.622615384615348, 0.3113076923076956, 0.7263846153846086, 0.051884615384608736, 0.5707307692307825, 55.879730769229745, 1.8678461538461306, 56.606115384614355, 0.6745, 0.3631923076923043, 0.4150769230769131, 1.1414615384615217, 0.6745, 0.7782692307692175, 0.46696153846152183, 0.6226153846153912, 0.0, 0.46696153846152183, 0.3113076923076956, 0.051884615384608736, 0.25942307692308686, 0.3631923076923043, 0.5707307692307393, 0.051884615384608736, 1.3489999999999567, 1.7121923076923042, 0.25942307692304367, 1.297115384615391, 0.20753846153843494, 1.3489999999999567, 0.15565384615382621, 55.51653846153744, 0.3113076923076956, 1.0376923076923044, 0.5707307692307825, 2.0234999999999568, 1.089576923076913, 0.051884615384608736, 0.7263846153846086, 55.205230769229786, 56.91742307692205, 1.1414615384615217, 56.50234615384514, 0.051884615384608736, 1.2452307692307394, 1.3489999999999567, 0.6745, 55.67219230769131, 1.0376923076923044, 0.051884615384608736, 1.4527692307692173, 55.41276923076822, 0.25942307692308686, 0.3631923076923043, 1.4527692307692173, 0.3113076923076956, 0.882038461538435, 0.4150769230769131, 0.0, 1.6084230769230436, 0.20753846153843494, 0.7782692307692175, 0.051884615384608736, 0.1556538461538694, 0.3631923076923043, 0.3113076923076956, 1.6084230769230436, 1.6603076923076523, 0.4150769230769131, 1.4008846153845655, 1.0376923076922613, 0.882038461538435, 0.20753846153843494, 0.5707307692307825, 0.20753846153847816, 0.9858076923076524, 0.5188461538461737, 0.7263846153846086, 0.9858076923076524, 1.2452307692307394, 0.10376923076921747, 0.10376923076921747, 0.46696153846152183, 1.5046538461538261, 0.1556538461538694, 0.4150769230769131, 0.6745, 0.9339230769230868, 0.3113076923076956, 0.051884615384608736, 0.1556538461538694, 0.15565384615382621, 0.10376923076921747, 0.0, 0.8301538461538261, 0.25942307692308686, 0.5707307692307825, 0.051884615384608736, 0.6226153846153912, 55.101461538460526, 56.19103846153744, 0.051884615384608736, 0.3113076923076956, 0.4150769230769131, 0.9339230769230868, 1.1933461538461305, 0.4150769230769131, 1.0376923076923044, 0.3631923076923043, 0.4150769230769131, 1.2452307692307394, 1.7121923076923042, 0.10376923076921747, 1.089576923076913, 0.622615384615348, 0.3113076923076956, 0.9858076923076956, 0.20753846153847816, 0.4150769230769131, 0.6745, 0.1556538461538694, 56.606115384614355, 0.3631923076923043, 56.24292307692205, 1.9716153846153481, 55.67219230769131, 0.051884615384608736, 54.686384615383616, 55.51653846153744, 0.46696153846152183, 57.12496153846048, 0.8301538461538261, 56.91742307692205, 0.6226153846153912, 56.13915384615283, 0.7782692307692175, 0.6226153846153912, 0.3631923076923043, 1.5046538461538261, 0.5707307692307825, 0.051884615384608736, 0.1556538461538694, 0.20753846153843494, 56.08726923076823, 0.882038461538435, 55.931615384614354, 1.4527692307692173, 0.3113076923076956, 1.2971153846153483, 0.5707307692307393, 55.36088461538361, 54.9458076923067, 56.606115384614355, 0.6226153846153912, 0.4150769230769131, 0.7782692307692175, 0.0, 1.089576923076913, 0.3113076923076956, 0.051884615384608736, 0.6745, 1.3489999999999567, 0.3113076923076956, 0.10376923076921747, 1.4008846153845655, 0.7782692307692175, 0.7263846153846086, 0.622615384615348, 0.9858076923076524, 0.3631923076923043, 1.089576923076913, 0.25942307692308686, 0.4150769230769131, 0.46696153846152183, 0.46696153846152183, 1.0376923076923044, 0.20753846153847816, 0.6745, 0.15565384615382621, 0.46696153846152183, 0.051884615384608736, 0.6745, 57.85134615384509, 1.1933461538461305, 56.50234615384514, 56.13915384615283, 0.882038461538435, 1.089576923076913, 54.89392307692209, 57.22873076922975, 55.82784615384514, 55.153346153845135, 55.56842307692205, 0.9858076923076956, 0.8301538461538261, 0.10376923076921747, 1.4008846153846088, 1.2452307692307394, 0.7263846153846086, 0.20753846153843494, 1.1933461538461305, 0.20753846153847816, 56.86553846153744, 57.43626923076818, 1.6603076923076523, 0.20753846153843494, 0.1556538461538694, 54.2713076923067, 55.101461538460526, 55.67219230769131, 56.08726923076823, 0.7263846153846086, 56.96930769230666, 0.4150769230769131, 1.1414615384615217, 55.205230769229786, 55.205230769229786, 1.0376923076922613, 0.4150769230769131, 1.1933461538461305, 0.5707307692307825, 1.4527692307692173, 0.46696153846152183, 0.3113076923076956, 0.9339230769230868, 0.5707307692307393, 0.7782692307692175, 0.20753846153847816, 0.7263846153846086, 0.7782692307692175, 0.10376923076921747, 0.5707307692307825, 57.073076923075874, 0.3113076923076956, 0.9858076923076524, 1.8678461538461306, 0.7782692307692175, 1.0376923076922613, 1.1933461538461305, 0.10376923076921747, 0.20753846153843494, 0.20753846153843494, 0.6226153846153912, 0.051884615384608736, 0.10376923076921747, 56.76176923076822, 0.8301538461538261, 56.08726923076823, 56.03538461538361, 0.3113076923076956, 1.764076923076913, 0.3631923076923043, 0.0, 0.3113076923076956, 1.1933461538461305, 1.297115384615391, 0.622615384615348, 55.36088461538361, 56.08726923076823, 0.051884615384608736, 57.43626923076818, 0.051884615384608736, 0.15565384615382621, 1.5046538461538261, 1.3489999999999567, 0.7782692307692175, 0.15565384615382621, 0.5188461538461737, 0.4150769230769131, 54.842038461537484, 55.56842307692205, 55.257115384614394, 0.9858076923076524, 0.6745, 0.20753846153847816, 0.9339230769230868, 0.3113076923076956, 56.13915384615283, 56.91742307692205, 0.3631923076923043, 0.20753846153847816, 1.1414615384615217, 0.25942307692308686, 0.3113076923076956, 0.1556538461538694, 0.5707307692307393, 0.9858076923076956, 0.10376923076921747, 1.2971153846153483, 0.882038461538435, 55.931615384614354, 0.3113076923076956, 55.46465384615283, 55.67219230769131, 0.46696153846152183, 0.1556538461538694, 0.5188461538461737, 56.29480769230666, 55.931615384614354, 0.10376923076921747, 0.3113076923076956, 0.10376923076921747, 1.3489999999999567, 0.7263846153846086, 55.46465384615283, 0.20753846153847816, 1.6603076923076523, 1.089576923076913, 1.1414615384615217, 0.4150769230769131, 1.4008846153845655, 0.3631923076923043, 0.20753846153847816, 1.1933461538461305, 0.3113076923076956, 0.10376923076921747, 0.3113076923076956, 0.46696153846152183, 0.8301538461538261, 55.101461538460526, 56.19103846153744, 0.8301538461538261, 55.72407692307592, 55.46465384615283, 55.30899999999901, 0.9339230769230437, 0.9858076923076524, 55.67219230769131, 1.0376923076922613, 0.6745, 56.45046153846053, 1.2452307692307394, 0.8301538461538261, 1.1933461538461305, 1.349, 0.5188461538461737, 0.4150769230769131, 1.556538461538435, 0.46696153846152183, 56.86553846153744, 56.55423076922974, 0.3113076923076956, 0.6745, 56.91742307692205, 0.20753846153847816, 0.4150769230769131, 0.20753846153847816, 0.7263846153846086, 0.3631923076923043, 0.5188461538461737, 1.3489999999999567, 0.5707307692307393, 0.6745, 2.075384615384565, 0.1556538461538694, 0.4150769230769131, 0.3113076923076956, 0.9858076923076956, 1.4008846153846088, 0.1556538461538694, 0.6745, 0.25942307692308686, 0.7782692307692175, 0.3631923076923043, 1.1933461538461305, 1.089576923076913, 0.20753846153843494, 0.882038461538435, 0.0, 0.882038461538435, 0.9339230769230437, 0.10376923076921747, 0.3113076923076956, 1.0376923076923044, 0.20753846153843494, 0.5707307692307825, 0.10376923076921747, 1.8159615384614785, 0.46696153846152183, 0.3113076923076956, 0.7263846153846086, 0.1556538461538694, 0.20753846153847816, 2.075384615384565, 0.5707307692307825, 0.8301538461538261, 1.764076923076913, 0.5188461538461737, 0.6745, 0.5188461538461737, 0.5707307692307825, 0.8301538461538261, 0.46696153846152183, 1.2452307692307394, 2.0234999999999568, 0.25942307692304367, 0.622615384615348, 0.051884615384608736, 0.4150769230769131, 0.8301538461538261, 0.7782692307692175, 0.5188461538461737, 1.5046538461538261, 1.0376923076923044, 0.20753846153843494, 0.4150769230769131, 0.20753846153847816, 0.20753846153843494, 0.5188461538461306, 0.25942307692304367, 0.15565384615382621, 0.25942307692304367, 0.3631923076923043, 0.46696153846152183, 0.10376923076921747, 0.051884615384608736, 0.5188461538461306, 55.30899999999901, 55.879730769229745, 0.5188461538461306, 0.5707307692307825, 1.089576923076913, 56.39857692307592, 0.10376923076921747, 0.3113076923076956, 0.8301538461538261, 56.19103846153744, 0.5707307692307393, 0.25942307692304367, 0.20753846153843494, 0.8301538461538261, 0.7782692307692175, 0.8301538461538261, 0.3113076923076956, 0.3113076923076956, 1.8678461538461306, 0.3113076923076956, 1.7121923076923042, 0.1556538461538694, 0.882038461538435, 0.6226153846153912, 0.25942307692308686, 1.7121923076923042, 0.46696153846152183, 0.5188461538461306, 0.15565384615382621, 0.20753846153843494, 0.3113076923076956, 0.882038461538435, 0.9858076923076524, 0.3113076923076956, 0.7782692307692175, 0.10376923076921747, 1.764076923076913, 1.1933461538461305, 0.3113076923076956, 0.3631923076923043, 0.4150769230769131, 0.622615384615348, 1.556538461538435, 0.25942307692308686, 0.7263846153846086, 0.882038461538435, 0.4150769230769131, 1.7121923076923042, 1.2971153846153483, 0.25942307692304367, 0.10376923076921747, 0.7263846153846086, 0.1556538461538694, 0.15565384615382621, 1.089576923076913, 0.6745, 1.297115384615391, 0.051884615384608736, 0.46696153846152183, 0.051884615384608736, 1.4008846153846088, 0.15565384615382621, 0.3113076923076956, 0.9339230769230868, 0.6745, 0.4150769230769131, 0.622615384615348, 1.7121923076922612, 0.46696153846152183, 0.25942307692308686, 0.6745, 0.15565384615382621, 0.7263846153846086, 1.556538461538435, 1.08957692307687, 0.3631923076923043, 56.19103846153744, 0.051884615384608736, 55.20523076922975, 55.56842307692205, 55.77596153846053, 2.386692307692261, 0.1556538461538694, 0.882038461538435, 55.46465384615283, 56.19103846153744, 54.79015384615283, 56.657999999998964, 0.7782692307692175, 0.31130769230765243, 56.91742307692205, 56.761769230768174, 0.25942307692308686, 0.6226153846153912, 56.50234615384514, 55.257115384614394, 57.12496153846048, 56.86553846153744, 0.8301538461538261, 0.25942307692308686, 0.10376923076926067, 0.4150769230769131, 0.6745, 0.8301538461538261, 0.6744999999999568, 55.36088461538361, 55.931615384614354, 55.30899999999901, 0.051884615384608736, 56.24292307692205, 56.81365384615283, 54.89392307692209, 56.19103846153744, 0.25942307692308686, 54.89392307692209, 55.931615384614354, 0.3631923076923043, 55.51653846153744, 0.5188461538461737, 0.6226153846153912, 0.10376923076921747, 0.3631923076923043, 1.2452307692307394, 1.349, 0.6745, 0.20753846153847816, 0.8301538461538261, 0.051884615384608736, 1.089576923076913, 0.7782692307692175, 0.20753846153847816, 1.08957692307687, 0.051884615384608736, 0.051884615384608736, 1.2971153846153483, 1.7121923076923042, 0.9339230769230868, 0.7263846153846086, 0.25942307692308686, 0.5188461538461306, 0.3631923076923043, 1.5046538461538261, 0.7782692307692175, 1.08957692307687, 0.3113076923076956, 0.4150769230769131, 1.1414615384615217, 0.4150769230769131, 0.25942307692308686, 0.3113076923076956, 0.3113076923076956, 0.051884615384608736, 0.5707307692307393, 0.10376923076926067, 1.349, 0.0, 0.4150769230769131, 2.075384615384565, 0.25942307692304367, 0.5707307692307393, 0.6226153846153912, 0.5188461538461737, 56.50234615384514, 56.606115384614355, 56.50234615384514, 1.2971153846153483, 0.0, 1.556538461538435, 0.6745, 0.1556538461538694, 0.20753846153847816, 0.3631923076923043, 1.4527692307692173, 0.20753846153847816, 0.20753846153843494, 1.2452307692307394, 0.9339230769230868, 1.7121923076923042, 0.8301538461538261, 0.5188461538461737, 0.9858076923076956, 2.075384615384565, 55.36088461538361, 54.842038461537435, 0.9858076923076524, 55.62030769230665, 2.594230769230739, 55.46465384615283, 54.686384615383616, 0.622615384615348, 56.96930769230666, 1.3489999999999567, 1.297115384615391, 1.9197307692307393, 55.98349999999896, 55.72407692307592, 1.4527692307692173, 55.101461538460526, 56.606115384614355, 0.6226153846153912, 54.842038461537435, 55.98349999999896, 56.19103846153744, 55.879730769229745, 55.20523076922975, 56.24292307692205, 0.0, 0.10376923076921747, 0.7782692307692175, 0.1556538461538694, 0.3631923076923043, 0.8301538461538261, 0.10376923076921747, 2.0234999999999568, 1.3489999999999567, 0.6745, 0.882038461538435, 0.622615384615348, 0.3631923076923043, 0.9339230769230868, 0.5707307692307825, 0.10376923076921747, 56.81365384615283, 56.03538461538361, 54.738269230768225, 0.5707307692307825, 0.15565384615382621, 0.7263846153846086, 0.5707307692307393, 1.349, 0.1556538461538694, 0.46696153846152183, 0.7263846153846086, 0.8301538461538261, 55.41276923076822, 0.0, 55.77596153846053, 0.20753846153843494, 1.6603076923076956, 0.7263846153846086, 0.5188461538461306, 0.8820384615384782, 55.56842307692205, 0.5188461538461306, 56.86553846153744, 55.62030769230665, 0.3631923076923043, 1.08957692307687, 0.8820384615384782, 0.7782692307692175, 1.1933461538461305, 0.15565384615382621, 0.20753846153847816, 1.5046538461538261, 0.3631923076923043, 0.0, 0.20753846153847816, 54.686384615383616, 0.6744999999999568, 0.6745, 0.46696153846152183, 55.04957692307592, 1.1414615384615217, 55.82784615384514, 55.931615384614354, 55.879730769229745, 1.8159615384615218, 0.7782692307692175, 55.77596153846053, 0.6744999999999568, 55.931615384614354, 0.9339230769230437, 0.20753846153843494, 0.5707307692307825, 0.10376923076921747, 1.349, 1.089576923076913, 0.7263846153846086, 2.179153846153826, 1.1933461538461305, 58.05888461538357, 56.91742307692205, 55.77596153846053, 0.3113076923076956, 0.8301538461538261, 0.7263846153846086, 0.3113076923076956, 1.6084230769230436, 0.8301538461538261, 0.7782692307692175, 1.5046538461538261, 56.86553846153744, 55.30899999999901, 56.55423076922974, 57.33249999999896, 2.2829230769230433, 0.622615384615348, 0.31130769230765243, 0.20753846153843494, 0.20753846153847816, 1.297115384615391, 0.20753846153843494, 0.6226153846153912, 0.3631923076923043, 0.7782692307692175, 0.25942307692308686, 0.4669615384615651, 1.2971153846153483, 0.7263846153846086, 1.1933461538461305, 0.15565384615382621, 0.7263846153846086, 1.089576923076913, 0.15565384615382621, 56.19103846153744, 1.297115384615391, 56.45046153846053, 0.6745, 0.4669615384615651, 55.98349999999896, 0.3631923076923043, 0.7782692307692175, 0.0, 55.67219230769131, 1.1933461538461305, 1.0376923076923044, 55.62030769230665, 0.10376923076926067, 0.8301538461538261, 56.45046153846053, 56.03538461538361, 0.20753846153843494, 54.47884615384518, 0.1556538461538694, 1.4008846153846088, 55.77596153846053, 57.12496153846048, 0.3631923076923043, 1.0376923076923044, 0.46696153846152183, 0.25942307692308686, 0.3631923076923043, 0.10376923076926067, 0.46696153846152183, 0.3631923076923043, 1.6603076923076956, 0.4150769230769131, 0.9858076923076524, 0.1556538461538694, 0.3631923076923043, 56.96930769230666, 1.2452307692307825, 0.31130769230765243, 0.0, 0.31130769230765243, 0.6744999999999568, 56.39857692307587, 1.8159615384615218, 55.67219230769131, 54.89392307692209, 0.622615384615348, 0.4150769230769131, 1.1414615384615217, 0.20753846153843494, 0.3631923076923043, 0.4150769230769131, 0.6226153846153912, 0.3113076923076956, 0.10376923076921747, 1.349, 0.5188461538461737, 0.31130769230765243, 0.8820384615384782, 0.10376923076926067, 0.10376923076921747, 0.4150769230769131, 0.25942307692308686, 0.5707307692307825, 0.7263846153846086, 0.4669615384615651, 0.10376923076921747, 0.7263846153846086, 0.051884615384608736, 0.20753846153847816, 0.6745, 0.9339230769230868, 0.9339230769230437, 0.3113076923076956, 0.0, 1.4008846153846088, 55.46465384615283, 1.1414615384615217, 0.20753846153843494, 55.62030769230665, 0.882038461538435, 56.606115384614355, 56.606115384614355, 0.25942307692304367, 54.5826153846144, 0.6745, 0.7782692307692175, 0.15565384615382621, 0.6744999999999568, 0.31130769230765243, 1.4008846153846088, 1.1414615384615217, 1.1414615384615217, 0.10376923076926067, 0.8301538461538261, 0.5188461538461737, 0.1556538461538694, 0.051884615384608736, 0.20753846153847816, 0.5188461538461737, 0.6745, 0.20753846153847816, 0.051884615384608736, 0.6226153846153912, 0.5707307692307825, 56.39857692307587, 56.03538461538361, 56.03538461538361, 55.46465384615283, 0.25942307692308686, 0.4669615384615651, 1.349, 57.43626923076818, 2.697999999999957, 0.882038461538435, 0.46696153846152183, 0.3631923076923043, 0.1556538461538694, 1.0376923076922613, 0.4150769230769131, 0.8820384615384782, 0.9339230769230868, 0.4150769230769131, 1.2452307692307825, 0.6745, 0.5188461538461737, 0.8301538461538261, 0.4150769230769131, 0.9339230769230868, 0.1556538461538694, 0.1556538461538694, 0.46696153846152183, 1.2452307692307394, 1.1933461538461305, 0.10376923076921747, 0.25942307692308686, 0.051884615384608736, 0.31130769230765243, 2.4385769230768695, 0.4669615384615651, 0.051884615384608736, 0.31130769230765243, 0.10376923076921747, 0.3631923076923043, 0.7263846153846086, 0.5188461538461737, 0.5188461538461737, 0.4669615384615651, 0.3631923076923043, 1.1933461538461305, 55.41276923076822, 0.6226153846153912, 0.31130769230765243, 0.10376923076926067, 56.19103846153744, 55.879730769229745, 0.8301538461538261, 0.6226153846153912, 0.46696153846152183, 1.5046538461538261, 0.5707307692307825, 0.4669615384615651, 0.10376923076926067, 0.8301538461538261, 0.9858076923076524, 0.8820384615384782, 0.46696153846152183, 0.9858076923076524, 0.622615384615348, 0.7782692307692175, 0.051884615384608736, 0.3631923076923043, 0.46696153846152183, 0.20753846153847816, 0.5188461538461737, 0.6226153846153912, 0.10376923076926067, 0.3113076923076956, 55.04957692307592, 54.99769230769131, 0.5188461538461306, 55.04957692307592, 56.96930769230666, 0.20753846153847816, 0.31130769230765243, 0.0, 56.606115384614355, 55.51653846153744, 0.6226153846153912, 55.67219230769131, 0.10376923076921747, 0.6744999999999568, 0.7263846153846086, 0.25942307692308686, 0.25942307692308686, 0.7782692307692175, 0.7263846153846086, 0.3631923076923043, 0.3631923076923043, 0.9858076923076524, 0.5707307692307393, 0.20753846153843494, 0.622615384615348, 1.349, 0.6745, 0.4150769230769131, 55.30899999999901, 0.7263846153846086, 55.51653846153744, 0.10376923076921747, 0.5707307692307825, 55.98349999999896, 55.82784615384514, 0.8301538461538261, 1.556538461538435, 55.82784615384514, 56.39857692307587, 56.50234615384514, 55.101461538460526, 56.606115384614355, 56.19103846153744, 1.5046538461538261, 56.81365384615283, 0.3113076923076956, 1.4527692307692173, 0.9858076923076524, 1.1933461538461305, 1.08957692307687, 0.1556538461538694, 0.0, 1.9716153846153481, 0.20753846153847816, 0.3113076923076956, 0.6744999999999568, 0.3113076923076956, 0.051884615384608736, 1.4008846153846088, 1.6084230769230436, 1.1414615384615217, 0.3631923076923043, 55.41276923076822, 1.089576923076913, 0.8301538461538261, 0.4150769230769131, 1.6603076923076956, 0.5707307692307825, 0.31130769230765243, 0.7263846153846086, 0.9339230769230868, 0.9858076923076956, 0.10376923076926067, 0.8820384615384782, 0.051884615384608736, 0.1556538461538694, 1.0376923076922613, 0.9339230769230868, 0.3631923076923043, 0.051884615384608736, 55.62030769230665, 56.13915384615283, 54.5826153846144, 0.4150769230769131, 1.9197307692307393, 56.24292307692205, 1.089576923076913, 56.08726923076823, 0.25942307692304367, 1.1414615384615217, 1.349, 0.10376923076926067, 1.4527692307692173, 1.0376923076923044, 0.0, 0.7263846153846086, 0.10376923076926067, 0.4150769230769131, 0.25942307692308686, 56.55423076922974, 1.4008846153846088, 0.6745, 1.08957692307687, 55.67219230769131, 0.8301538461538261, 56.24292307692205, 0.5188461538461737, 1.2452307692307825, 55.101461538460526, 0.10376923076926067, 0.051884615384608736, 54.21942307692209, 0.4669615384615651, 0.3631923076923043, 0.20753846153847816, 56.45046153846053, 0.3631923076923043, 0.051884615384608736, 0.4150769230769131, 0.5188461538461737, 55.36088461538361, 2.1272692307692176, 56.761769230768174, 0.8301538461538261, 0.9858076923076524, 0.15565384615382621, 0.6744999999999568, 0.15565384615382621, 0.051884615384608736, 1.6084230769230436, 1.3489999999999567, 0.6226153846153912, 0.0, 1.089576923076913, 1.0376923076923044, 0.15565384615382621, 0.3113076923076956, 0.8820384615384782, 0.8301538461538261, 0.25942307692308686, 0.46696153846152183, 0.7782692307692175, 1.3489999999999567, 0.8301538461538261, 0.622615384615348, 0.9858076923076524, 0.25942307692304367, 1.0376923076922613, 0.1556538461538694, 0.051884615384608736, 0.622615384615348, 1.1414615384615217, 1.7121923076923042, 0.25942307692308686, 55.67219230769131, 0.4150769230769131, 0.4150769230769131, 1.349, 0.25942307692308686, 0.25942307692304367, 0.7782692307692175, 0.10376923076921747, 0.15565384615382621, 0.6226153846153912, 0.1556538461538694, 1.089576923076913, 0.051884615384608736, 0.5707307692307825, 55.98349999999896, 0.10376923076921747, 0.20753846153847816, 0.051884615384608736, 56.96930769230666, 55.62030769230665, 1.4527692307692173, 55.153346153845135, 0.8301538461538261, 1.1933461538461305, 0.7782692307692175, 55.30899999999901, 55.98349999999896, 56.657999999998964, 56.86553846153744, 0.622615384615348, 56.24292307692205, 0.8820384615384782, 0.8301538461538261, 56.34669230769127, 56.96930769230666, 0.20753846153843494, 0.9339230769230437, 1.9716153846153481, 1.4008846153846088, 2.490461538461522, 0.5188461538461737, 0.5188461538461306, 1.0376923076922613, 1.1414615384615217, 0.8301538461538261, 0.6744999999999568, 0.5188461538461737, 0.5707307692307825, 0.6745, 0.15565384615382621, 0.1556538461538694, 1.297115384615391, 1.2452307692307825, 0.20753846153843494, 0.10376923076926067, 56.19103846153744, 0.25942307692308686, 0.4669615384615651, 0.20753846153843494, 56.39857692307587, 0.3631923076923043, 0.25942307692308686, 0.7782692307692175, 0.051884615384608736, 0.20753846153847816, 0.3631923076923043, 0.20753846153847816, 0.9339230769230437, 1.7121923076922612, 0.5188461538461737, 0.20753846153847816, 0.15565384615382621, 0.051884615384608736, 0.051884615384608736, 0.3113076923076956, 2.594230769230739, 0.051884615384608736, 0.3631923076923043, 0.7263846153846086, 0.10376923076921747, 0.20753846153847816, 0.10376923076926067, 0.15565384615382621, 0.6745, 0.9339230769230868, 1.0376923076922613, 0.1556538461538694, 0.5188461538461737, 0.9858076923076956, 56.39857692307587, 55.77596153846053, 1.556538461538435, 55.101461538460526, 0.3631923076923043, 56.08726923076823, 56.86553846153744, 56.70988461538357, 1.0376923076922613, 0.10376923076921747, 0.7782692307692175, 0.051884615384608736, 0.10376923076921747, 0.6744999999999568, 1.2452307692307825, 0.051884615384608736, 0.051884615384608736, 0.10376923076921747, 0.8820384615384782, 0.46696153846152183, 0.6744999999999568, 0.8301538461538261, 0.9339230769230868, 0.7263846153846086, 0.6745, 1.764076923076913, 1.08957692307687, 0.46696153846152183, 0.20753846153847816, 1.0376923076923044, 0.5707307692307393, 0.8301538461538261, 0.4150769230769131, 1.6603076923076956, 0.25942307692308686, 1.4008846153845655, 0.622615384615348, 0.7782692307692175, 0.20753846153847816, 1.9197307692307393, 1.8159615384614785, 0.4150769230769131, 0.10376923076926067, 0.9858076923076524, 0.622615384615348, 0.1556538461538694, 0.8301538461538261, 0.10376923076926067, 1.6603076923076956, 1.5046538461538261, 0.051884615384608736, 0.3631923076923043, 0.25942307692308686, 1.1414615384615217, 1.3489999999999567, 0.20753846153843494, 1.2452307692307394, 0.1556538461538694, 0.3631923076923043, 0.051884615384608736, 0.3631923076923043, 0.20753846153847816, 1.0376923076923044, 0.20753846153847816, 0.0, 1.0376923076923044, 0.1556538461538694, 0.8301538461538261, 0.622615384615348, 0.051884615384608736, 0.46696153846152183, 0.0, 0.25942307692308686, 0.9858076923076956, 0.9858076923076524, 0.20753846153843494, 0.5188461538461737, 0.0, 1.089576923076913, 0.3631923076923043, 0.10376923076926067, 0.051884615384608736, 0.31130769230765243, 56.96930769230666, 0.20753846153847816, 0.051884615384608736, 0.5188461538461737, 0.051884615384608736, 1.8159615384615218, 56.03538461538361, 56.50234615384514, 0.4150769230769131, 0.051884615384608736, 0.4150769230769131, 0.25942307692304367, 0.25942307692308686, 1.089576923076913, 0.5707307692307393, 1.1414615384615217, 1.6603076923076523, 0.10376923076921747, 0.5188461538461306, 0.9339230769230868, 1.1933461538461305, 1.089576923076913, 2.231038461538435, 0.9858076923076524, 0.6745, 0.8820384615384782, 0.7263846153846086, 0.051884615384608736, 1.297115384615391, 0.0, 0.3113076923076956, 0.3631923076923043, 0.3113076923076956, 0.46696153846152183, 1.1933461538461305, 0.1556538461538694, 55.30899999999901, 56.55423076922974, 57.48815384615279, 1.1414615384615217, 0.051884615384608736, 0.1556538461538694, 0.46696153846152183, 0.3631923076923043, 0.25942307692308686, 1.6603076923076956, 0.3113076923076956, 0.6744999999999568, 0.46696153846152183, 0.9858076923076524, 0.20753846153843494, 0.7263846153846086, 1.5046538461538261, 0.25942307692304367, 1.764076923076913, 0.4150769230769131, 0.25942307692304367, 0.7263846153846086, 0.6744999999999568, 0.10376923076926067, 0.3631923076923043, 0.0, 0.1556538461538694, 0.9858076923076956, 0.15565384615382621, 1.297115384615391, 0.9339230769230868, 55.72407692307592, 55.77596153846053, 0.5188461538461306, 1.349, 0.5707307692307393, 55.51653846153744, 55.30899999999901, 0.3113076923076956, 0.9858076923076956, 0.8301538461538261, 0.7263846153846086, 55.72407692307592, 56.03538461538361, 56.34669230769127, 54.842038461537435, 2.0234999999999568, 0.5707307692307393, 55.153346153845135, 55.67219230769131, 0.25942307692304367, 56.55423076922974, 56.70988461538357, 0.4669615384615651, 0.15565384615382621, 55.72407692307592, 56.24292307692205, 0.7782692307692175, 55.67219230769131, 55.153346153845135, 1.1414615384615217, 1.556538461538435, 1.1933461538461305, 1.9716153846153481, 1.1933461538461305, 0.7263846153846086, 0.1556538461538694, 56.81365384615283, 55.879730769229745, 0.4150769230769131, 1.7121923076923042, 0.3631923076923043, 0.5707307692307825, 0.3631923076923043, 0.9858076923076956, 1.4527692307691744, 1.556538461538435, 0.25942307692304367, 0.0, 0.6745, 1.0376923076923044, 0.4150769230769131, 0.3631923076923043, 1.1414615384615217, 0.6744999999999568, 0.10376923076926067, 1.556538461538435, 0.15565384615382621, 0.20753846153847816, 0.6226153846153912, 57.54003846153739, 56.606115384614355, 57.28061538461435, 0.5188461538461737, 0.3631923076923043, 0.5188461538461737, 0.8301538461538261, 0.4150769230769131, 0.3631923076923043, 0.4150769230769131, 0.31130769230765243, 0.6226153846153912, 0.10376923076926067, 0.6745, 0.8820384615384782, 1.1414615384615217, 1.2452307692307394, 1.2452307692307394, 0.051884615384608736, 0.8301538461538261, 0.31130769230765243, 1.764076923076913, 1.0376923076922613, 56.86553846153744, 54.99769230769131, 0.051884615384608736, 2.0234999999999568, 1.1414615384615217, 0.9858076923076956, 1.297115384615391, 0.20753846153843494, 0.622615384615348, 0.882038461538435, 1.1414615384615217, 0.8301538461538261, 0.9339230769230437, 0.46696153846152183, 0.5188461538461737, 0.9858076923076524, 0.4669615384615651, 56.29480769230666, 0.7263846153846086, 0.15565384615382621, 0.7782692307692175, 55.879730769229745, 55.62030769230665, 56.55423076922974, 1.349, 0.6745, 1.0376923076922613, 0.0, 0.7782692307692175, 0.20753846153843494, 0.5188461538461737, 0.25942307692308686, 0.15565384615382621, 0.1556538461538694, 0.20753846153847816, 1.1414615384615217, 1.1414615384615217, 0.3631923076923043, 1.297115384615391, 0.25942307692308686, 0.5188461538461737, 0.10376923076926067, 0.051884615384608736, 56.24292307692205, 1.0376923076923044, 0.7782692307692175, 0.7263846153846086, 0.4150769230769131, 0.3631923076923043, 0.10376923076921747, 1.0376923076922613, 0.4150769230769131, 56.24292307692205, 0.1556538461538694, 0.5707307692307825, 0.4150769230769131, 0.20753846153847816, 0.5188461538461737, 1.7121923076923042, 57.384384615383574, 56.03538461538361, 0.25942307692304367, 0.20753846153843494, 0.10376923076926067, 55.51653846153744, 0.5707307692307393, 0.4669615384615651, 1.0376923076923044, 56.70988461538357, 0.051884615384608736, 0.4150769230769131, 0.6744999999999568, 56.657999999998964, 0.622615384615348, 56.34669230769127, 55.51653846153744, 0.622615384615348, 1.2452307692307394, 0.4150769230769131, 0.10376923076926067, 0.15565384615382621, 0.7263846153846086, 0.8820384615384782, 0.1556538461538694, 0.5188461538461737, 0.31130769230765243, 1.8159615384614785, 0.1556538461538694, 0.3113076923076956, 0.6744999999999568, 1.2971153846153483, 0.622615384615348, 0.7782692307692175, 0.10376923076921747, 56.13915384615283, 56.03538461538361, 55.98349999999896, 0.6226153846153912, 56.24292307692205, 0.9339230769230868, 0.3631923076923043, 55.879730769229745, 56.08726923076823, 56.70988461538357, 1.1414615384615217, 56.96930769230666, 55.67219230769131, 0.051884615384608736, 1.6084230769230436, 1.6603076923076956, 0.7782692307692175, 0.7263846153846086, 0.10376923076926067, 56.761769230768174, 0.25942307692304367, 55.67219230769131, 0.10376923076921747, 56.761769230768174, 0.0, 0.10376923076926067, 0.0, 0.20753846153847816, 0.25942307692304367, 0.25942307692308686, 0.3631923076923043, 0.25942307692308686, 0.3631923076923043, 0.5707307692307393, 56.606115384614355, 57.12496153846048, 1.1414615384615217, 1.6084230769230436, 0.051884615384608736, 56.08726923076823, 0.6226153846153912, 0.5188461538461737, 0.10376923076921747, 0.6226153846153912, 57.48815384615279, 0.5707307692307825, 0.7263846153846086, 0.3631923076923043, 0.7263846153846086, 0.882038461538435, 0.8820384615384782, 0.051884615384608736, 0.6226153846153912, 0.20753846153843494, 0.4669615384615651, 0.31130769230765243, 0.7263846153846086, 0.25942307692308686, 0.7782692307692175, 1.1933461538461305, 0.20753846153843494, 0.051884615384608736, 0.7263846153846086, 0.5188461538461737, 0.0, 0.5188461538461737, 0.5188461538461737, 0.882038461538435, 0.7782692307692175, 0.5188461538461737, 0.4150769230769131, 0.20753846153847816, 1.5046538461538261, 0.622615384615348, 1.556538461538435, 0.622615384615348, 0.6744999999999568, 0.1556538461538694, 0.4150769230769131, 1.297115384615391, 0.3631923076923043, 0.20753846153847816, 0.8820384615384782, 1.764076923076913, 56.55423076922974, 0.7782692307692175, 1.764076923076913, 0.4150769230769131, 0.25942307692308686, 1.1414615384615217, 1.089576923076913, 0.7263846153846086, 1.1414615384615217, 1.1933461538461305, 0.7782692307692175, 56.55423076922974, 0.9858076923076524, 55.04957692307592, 0.3631923076923043, 0.20753846153843494, 56.45046153846053, 55.879730769229745, 0.4150769230769131, 1.4527692307691744, 0.5188461538461737, 0.1556538461538694, 1.764076923076913, 0.5707307692307825, 0.10376923076921747, 0.5707307692307393, 0.10376923076926067, 0.4150769230769131, 0.20753846153843494, 1.3489999999999567, 0.4150769230769131, 0.10376923076926067, 1.089576923076913, 1.9716153846153481, 0.7263846153846086, 0.20753846153847816, 1.4008846153846088, 56.29480769230666, 0.1556538461538694, 55.20523076922975, 0.622615384615348, 0.622615384615348, 1.1414615384615217, 0.5707307692307825, 0.0, 1.089576923076913, 0.25942307692304367, 1.2452307692307394, 0.20753846153847816, 0.5707307692307825, 56.34669230769127, 0.10376923076926067, 1.2971153846153483, 0.7263846153846086, 0.31130769230765243, 1.297115384615391, 0.25942307692308686, 0.1556538461538694, 1.2452307692307825, 2.3348076923076526, 0.0, 1.1933461538461305, 0.20753846153847816, 55.20523076922975, 0.25942307692308686, 1.2452307692307825, 0.15565384615382621, 0.15565384615382621, 0.3631923076923043, 1.5046538461538261, 0.7263846153846086, 55.879730769229745, 1.556538461538435, 0.7782692307692175, 0.6226153846153912, 0.1556538461538694, 0.5707307692307393, 0.9858076923076524, 0.5188461538461737, 0.8820384615384782, 0.5707307692307825, 56.24292307692205, 0.25942307692304367, 54.79015384615283, 0.4669615384615651, 0.10376923076921747, 0.20753846153843494, 0.15565384615382621, 0.3631923076923043, 1.297115384615391, 0.051884615384608736, 1.6084230769230436, 0.051884615384608736, 0.3113076923076956, 0.4150769230769131, 0.882038461538435, 0.7263846153846086, 0.5188461538461737, 0.7263846153846086, 1.0376923076922613, 0.25942307692304367, 0.6744999999999568, 0.5707307692307393, 0.4669615384615651, 1.6603076923076956, 1.349, 55.30899999999901, 55.36088461538361, 0.10376923076921747, 0.0, 55.20523076922975, 0.25942307692308686, 55.82784615384514, 1.7121923076923042, 55.98349999999896, 0.15565384615382621, 56.55423076922974, 0.882038461538435, 0.4669615384615651, 55.30899999999901, 0.6745, 56.70988461538357, 0.5707307692307825, 55.931615384614354, 56.24292307692205, 0.8301538461538261, 0.20753846153847816, 0.6226153846153912, 0.25942307692308686, 56.29480769230666, 56.03538461538361, 2.127269230769174, 55.77596153846053, 0.7782692307692175, 1.3489999999999567, 0.9339230769230437, 1.4008846153846088, 0.5707307692307825, 0.25942307692308686, 0.1556538461538694, 0.15565384615382621, 0.4150769230769131, 0.5707307692307825, 0.15565384615382621, 0.46696153846152183, 1.8678461538461306, 0.9339230769230868, 1.089576923076913, 0.051884615384608736, 1.6603076923076956, 0.7263846153846086, 1.8159615384615218, 1.8678461538461306, 0.5188461538461306, 0.4150769230769131, 0.20753846153843494, 0.9858076923076956, 0.1556538461538694, 0.7782692307692175, 0.4150769230769131, 0.051884615384608736, 0.20753846153847816, 0.20753846153843494, 1.1414615384615217, 0.5188461538461737, 0.5188461538461737, 0.7263846153846086, 0.051884615384608736, 1.556538461538435, 0.051884615384608736, 1.6603076923076523, 0.1556538461538694, 56.29480769230666, 0.15565384615382621, 0.1556538461538694, 0.8820384615384782, 0.5707307692307825, 1.3489999999999567, 1.2452307692307825, 0.4150769230769131, 0.3113076923076956, 57.48815384615279, 57.22873076922975, 1.0376923076922613, 0.4150769230769131, 0.31130769230765243, 0.31130769230765243, 55.20523076922975, 0.0, 1.6603076923076956, 0.051884615384608736, 0.3113076923076956, 0.9858076923076524, 0.10376923076926067, 1.089576923076913, 0.3113076923076956, 0.7263846153846086, 0.4669615384615651, 0.7782692307692175, 0.051884615384608736, 0.4150769230769131, 0.051884615384608736, 56.70988461538357, 56.19103846153744, 0.7263846153846086, 57.073076923075874, 0.46696153846152183, 56.55423076922974, 0.3631923076923043, 0.9339230769230868, 0.46696153846152183, 1.0376923076923044, 56.08726923076823, 1.6603076923076956, 0.8820384615384782, 1.8159615384615218, 55.153346153845135, 1.2452307692307394, 0.9858076923076956, 0.5188461538461306, 0.46696153846152183, 55.98349999999896, 1.556538461538435, 54.9458076923067, 56.29480769230666, 0.5188461538461737, 0.051884615384608736, 1.1933461538461305, 0.051884615384608736, 1.9197307692307393, 0.3113076923076956, 0.3113076923076956, 0.10376923076921747, 56.34669230769127, 1.1414615384615217, 55.30899999999901, 0.10376923076921747, 0.3631923076923043, 0.5707307692307393, 0.10376923076921747, 55.62030769230665, 55.62030769230665, 1.2452307692307825, 1.4527692307692173, 0.4150769230769131, 0.4150769230769131, 1.4008846153846088, 0.9339230769230437, 0.3113076923076956, 0.8301538461538261, 0.3631923076923043, 0.9858076923076956, 0.0, 0.3631923076923043, 0.7263846153846086, 56.13915384615283, 0.6744999999999568, 0.25942307692304367, 0.15565384615382621, 1.5046538461538261, 56.13915384615283, 0.051884615384608736, 0.7782692307692175, 1.9716153846153481, 1.1933461538461305, 0.25942307692304367, 0.4150769230769131, 0.9858076923076956, 0.051884615384608736, 2.075384615384565, 0.9858076923076956, 0.8820384615384782, 1.349, 0.3631923076923043, 0.20753846153843494, 0.3631923076923043, 1.2452307692307825, 55.77596153846053, 0.9858076923076524, 0.3113076923076956, 55.77596153846053, 55.879730769229745, 0.7263846153846086, 56.55423076922974, 1.5046538461538261, 0.882038461538435, 56.50234615384514, 56.24292307692205, 0.20753846153843494, 0.4150769230769131, 0.20753846153843494, 0.7263846153846086, 1.0376923076923044, 0.7263846153846086, 0.8301538461538261, 0.15565384615382621, 0.6745, 0.8301538461538261, 0.6745, 0.051884615384608736, 0.7782692307692175, 1.6084230769230436, 1.1414615384615217, 0.4150769230769131, 0.6745, 0.31130769230765243, 0.882038461538435, 55.20523076922975, 0.8301538461538261, 0.8820384615384782, 0.051884615384608736, 0.31130769230765243, 1.4008846153845655, 0.7263846153846086, 0.7263846153846086, 0.20753846153847816, 0.622615384615348, 0.7263846153846086, 0.6226153846153912, 0.3631923076923043, 0.10376923076921747, 0.622615384615348, 0.25942307692308686, 0.3631923076923043, 55.101461538460526, 56.24292307692205, 0.3631923076923043, 0.4150769230769131, 0.7263846153846086, 0.9858076923076524, 56.03538461538361, 0.10376923076926067, 1.1933461538461305, 0.6226153846153912, 0.7263846153846086, 0.4669615384615651, 0.9858076923076956, 0.10376923076921747, 0.10376923076921747, 0.051884615384608736, 0.5188461538461737, 1.4008846153846088, 0.4669615384615651, 55.41276923076822, 55.98349999999896, 1.9197307692307393, 55.56842307692205, 1.3489999999999567, 56.29480769230666, 0.051884615384608736, 0.7263846153846086, 0.8820384615384782, 0.1556538461538694, 1.089576923076913, 2.1272692307692176, 1.0376923076923044, 0.5707307692307393, 55.72407692307592, 56.13915384615283, 1.7121923076922612, 0.20753846153847816, 0.6226153846153912, 0.6745, 0.25942307692308686, 0.10376923076926067, 0.20753846153847816, 0.1556538461538694, 0.20753846153843494, 1.349, 1.08957692307687, 0.3113076923076956, 0.051884615384608736, 1.1933461538461305, 1.6084230769230436, 0.882038461538435, 0.7782692307692175, 55.257115384614394, 0.10376923076921747, 0.0, 0.3113076923076956, 0.4669615384615651, 0.051884615384608736, 0.051884615384608736, 1.297115384615391, 0.1556538461538694, 0.6226153846153912, 1.6084230769230436, 0.3631923076923043, 1.76407692307687, 0.25942307692308686, 1.1933461538461305, 0.6745, 0.882038461538435, 0.8820384615384782, 2.0753846153846087, 0.8301538461538261, 0.9858076923076524, 0.20753846153843494, 1.1933461538461305, 0.6226153846153912, 0.1556538461538694, 1.0376923076922613, 0.10376923076921747, 0.31130769230765243, 0.6226153846153912, 0.3631923076923043, 0.3113076923076956, 0.5707307692307825, 0.10376923076926067, 0.3113076923076956, 0.10376923076921747, 56.34669230769127, 0.051884615384608736, 55.72407692307592, 56.70988461538357, 0.7263846153846086, 0.31130769230765243, 1.1933461538461305, 0.8820384615384782, 57.59192307692201, 1.6084230769230436, 56.29480769230666, 56.34669230769127, 0.7263846153846086, 1.6603076923076956, 1.6603076923076956, 0.051884615384608736, 1.1933461538461305, 0.10376923076926067, 0.9858076923076956, 1.1933461538461305, 0.7782692307692175, 0.9339230769230868, 0.5707307692307825, 0.8301538461538261, 0.31130769230765243, 2.0234999999999568, 0.10376923076926067, 1.7121923076923042, 1.2971153846153483, 0.051884615384608736, 1.4527692307692173, 0.7263846153846086, 1.349, 0.051884615384608736, 0.3631923076923043, 0.8301538461538261, 1.1414615384615217, 55.879730769229745, 1.2452307692307394, 0.10376923076921747, 0.3113076923076956, 0.7782692307692175, 1.0376923076923044, 0.5188461538461737, 56.19103846153744, 1.0376923076923044, 1.1414615384615217, 0.0, 55.98349999999896, 0.20753846153843494, 56.657999999998964, 0.622615384615348, 0.3113076923076956, 55.36088461538361, 1.1933461538461305, 56.96930769230666, 56.761769230768174, 0.9339230769230868, 1.4008846153846088, 1.1933461538461305, 56.03538461538361, 0.6745, 1.349, 0.10376923076921747, 0.3631923076923043, 1.556538461538435, 0.10376923076926067, 0.3113076923076956, 0.25942307692308686, 0.6745, 0.8820384615384782, 1.0376923076923044, 56.657999999998964, 0.7263846153846086, 1.6084230769230436, 1.4008846153846088, 0.6744999999999568, 0.6226153846153912, 1.2452307692307394, 1.5046538461538261, 0.3631923076923043, 2.490461538461522, 0.25942307692308686, 0.31130769230765243, 1.0376923076923044, 1.2971153846153483, 1.5046538461538261, 1.08957692307687, 0.5707307692307393, 1.08957692307687, 0.4150769230769131, 0.10376923076926067, 0.7782692307692175, 0.25942307692308686, 1.764076923076913, 0.46696153846152183, 1.1933461538461305, 1.5046538461538261, 1.1933461538461305, 0.25942307692308686, 0.051884615384608736, 54.9458076923067, 55.51653846153744, 0.9339230769230868, 0.10376923076926067, 0.7782692307692175, 0.10376923076921747, 0.8820384615384782, 0.5188461538461737, 1.6603076923076956, 0.5188461538461306, 0.0, 2.3348076923076526, 0.5707307692307825, 0.5707307692307825, 57.12496153846048, 0.051884615384608736, 0.10376923076926067, 1.5046538461538261, 0.6226153846153912, 0.5188461538461737, 0.7782692307692175, 1.556538461538435, 0.7782692307692175, 0.6745, 0.7782692307692175, 0.3631923076923043, 0.9339230769230437, 0.9858076923076956, 0.25942307692308686, 0.6745, 0.8820384615384782, 0.3113076923076956, 56.55423076922974, 54.842038461537435, 0.6745, 1.089576923076913, 55.77596153846053, 1.1933461538461305, 0.051884615384608736, 1.4527692307692173, 0.0, 1.0376923076923044, 0.20753846153847816, 0.6745, 1.5046538461538261, 1.0376923076923044, 0.5707307692307825, 56.96930769230666, 0.9339230769230437, 0.051884615384608736, 55.41276923076822, 0.6226153846153912, 0.46696153846152183, 56.08726923076823, 1.1414615384615217, 56.34669230769127, 1.08957692307687, 57.799461538460484, 0.5188461538461306, 0.1556538461538694, 0.10376923076921747, 0.0, 1.4527692307692173, 1.349, 0.622615384615348, 0.0, 55.101461538460526, 54.21942307692209, 0.4669615384615651, 57.9032307692297, 55.153346153845135, 0.7263846153846086, 0.4150769230769131, 0.20753846153843494, 0.25942307692304367, 0.3113076923076956, 0.3631923076923043, 0.10376923076926067, 0.20753846153847816, 0.3113076923076956, 0.622615384615348, 1.1414615384615217, 0.20753846153843494, 0.6226153846153912, 0.5707307692307393, 54.32319230769131, 56.55423076922974, 0.25942307692304367, 1.089576923076913, 55.931615384614354, 55.153346153845135, 0.25942307692308686, 0.9339230769230868, 1.9197307692307393, 55.46465384615283, 56.13915384615283, 0.46696153846152183, 0.10376923076921747, 0.25942307692304367, 0.20753846153847816, 0.4150769230769131, 0.051884615384608736, 0.8301538461538261, 0.3113076923076956, 57.021192307691265, 55.77596153846053, 56.55423076922974, 0.10376923076921747, 0.3631923076923043, 1.0376923076922613, 0.4150769230769131, 0.0, 0.5707307692307825, 0.3113076923076956, 0.46696153846152183, 55.46465384615283, 0.5188461538461306, 1.2971153846153483, 57.28061538461435, 56.50234615384514, 1.6084230769230436, 0.7782692307692175, 0.622615384615348, 1.4527692307692173, 0.20753846153843494, 1.9716153846153481, 0.25942307692308686, 0.051884615384608736, 0.4669615384615651, 0.10376923076921747, 0.25942307692308686, 0.4150769230769131, 0.6744999999999568, 0.7263846153846086, 56.08726923076823, 57.33249999999896, 56.45046153846053, 56.19103846153744, 0.25942307692304367, 55.67219230769131, 55.04957692307592, 0.4669615384615651, 0.15565384615382621, 0.10376923076926067, 0.5188461538461737, 0.7782692307692175, 56.08726923076823, 55.98349999999896, 0.6744999999999568, 0.5188461538461306, 0.882038461538435, 1.556538461538435, 0.9339230769230868, 0.20753846153847816, 1.556538461538435, 55.51653846153744, 0.4669615384615651, 56.91742307692205, 0.0, 0.051884615384608736, 56.29480769230666, 0.3113076923076956, 55.931615384614354, 56.34669230769127, 0.15565384615382621, 55.879730769229745, 54.5826153846144, 1.556538461538435, 55.20523076922975, 0.20753846153843494, 57.073076923075874, 57.17684615384509, 56.29480769230666, 1.089576923076913, 0.051884615384608736, 0.3113076923076956, 56.50234615384514, 0.5707307692307393, 0.622615384615348, 1.08957692307687, 1.4008846153845655, 0.9339230769230868, 0.0, 57.073076923075874, 0.7263846153846086, 56.86553846153744, 0.622615384615348, 0.1556538461538694, 0.3631923076923043, 1.5046538461538261, 0.5188461538461306, 0.8301538461538261, 0.3631923076923043, 0.9858076923076524, 0.10376923076921747, 0.9858076923076956, 0.10376923076921747, 1.0376923076922613, 0.3631923076923043, 0.051884615384608736, 0.8301538461538261, 0.9858076923076956, 0.6226153846153912, 1.1933461538461305, 0.3631923076923043, 0.9339230769230868, 0.1556538461538694, 56.24292307692205, 57.28061538461435, 56.29480769230666, 56.24292307692205, 55.77596153846053, 56.91742307692205, 0.622615384615348, 55.36088461538361, 56.45046153846053, 0.25942307692308686, 56.606115384614355, 56.13915384615283, 57.12496153846048, 0.882038461538435, 0.15565384615382621, 57.22873076922975, 56.96930769230666, 55.257115384614394, 0.9858076923076956, 0.10376923076926067, 0.20753846153847816, 0.0, 0.10376923076921747, 0.7782692307692175, 1.4527692307691744, 1.2452307692307394, 0.7263846153846086, 0.4669615384615651, 0.9339230769230868, 1.4008846153846088, 0.051884615384608736, 1.4527692307692173, 0.5707307692307825, 0.20753846153847816, 0.3113076923076956, 0.3631923076923043, 0.0, 0.4150769230769131, 0.8301538461538261, 0.051884615384608736, 0.15565384615382621, 0.8820384615384782, 55.82784615384514, 56.13915384615283, 1.556538461538435, 0.20753846153847816, 0.7263846153846086, 1.297115384615391, 0.25942307692304367, 0.31130769230765243, 0.3113076923076956, 0.7782692307692175, 1.08957692307687, 0.051884615384608736, 1.6603076923076956, 0.051884615384608736, 0.7263846153846086, 56.34669230769127, 56.29480769230666, 0.4150769230769131, 55.62030769230665, 0.10376923076926067, 1.764076923076913, 0.9858076923076524, 1.1933461538461305, 0.10376923076926067, 0.8301538461538261, 0.4150769230769131, 0.25942307692304367, 0.4669615384615651, 0.25942307692308686, 0.9858076923076524, 0.20753846153847816, 0.4150769230769131, 0.5707307692307393, 0.4150769230769131, 0.0, 0.10376923076926067, 1.7121923076923042, 0.7263846153846086, 1.1414615384615217, 0.25942307692308686, 0.3631923076923043, 0.3631923076923043, 0.5188461538461306, 0.3631923076923043, 0.20753846153847816, 0.25942307692304367, 0.3113076923076956, 54.842038461537435, 0.3113076923076956, 1.2452307692307394, 55.41276923076822, 0.4150769230769131, 0.6226153846153912, 0.5707307692307825, 0.7782692307692175, 56.55423076922974, 56.761769230768174, 54.99769230769131, 1.556538461538435, 2.3348076923076526, 56.08726923076823, 0.0, 0.4669615384615651, 55.101461538460526, 0.20753846153847816, 2.0753846153846087, 55.56842307692205, 0.25942307692308686, 56.03538461538361, 1.4008846153845655, 55.51653846153744, 0.8820384615384782, 0.15565384615382621, 1.7121923076923042, 0.051884615384608736, 56.03538461538361, 0.0, 0.622615384615348, 1.1933461538461305, 0.20753846153843494, 0.5707307692307825, 1.2971153846153483, 0.20753846153843494, 54.9458076923067, 1.1414615384615217, 55.51653846153744, 1.0376923076922613, 0.4150769230769131, 0.7782692307692175, 0.4150769230769131, 0.4669615384615651, 0.25942307692308686, 1.6084230769230436, 0.051884615384608736, 0.4669615384615651, 0.5707307692307825, 0.6226153846153912, 1.0376923076923044, 0.8820384615384782, 0.25942307692308686, 0.7782692307692175, 0.8301538461538261, 0.20753846153847816, 0.051884615384608736, 0.5707307692307825, 0.4150769230769131, 1.764076923076913, 0.622615384615348, 1.6603076923076956, 0.4669615384615651, 0.4150769230769131, 0.9858076923076956, 1.349, 0.7263846153846086, 0.3113076923076956, 0.622615384615348, 1.4008846153845655, 1.0376923076922613, 0.6744999999999568, 0.10376923076921747, 0.10376923076926067, 0.25942307692308686, 0.9339230769230868, 0.3631923076923043, 0.10376923076921747, 0.3113076923076956, 1.0376923076923044, 56.39857692307587, 0.5188461538461737, 56.19103846153744, 0.25942307692308686, 1.1933461538461305, 2.646115384615348, 1.089576923076913, 0.1556538461538694, 0.0, 0.051884615384608736, 0.6226153846153912, 0.3113076923076956, 1.0376923076923044, 0.0, 0.7782692307692175, 0.4150769230769131, 0.25942307692308686, 0.31130769230765243, 0.9339230769230868, 0.4150769230769131, 0.25942307692308686, 0.8301538461538261, 56.45046153846053, 0.9339230769230437, 0.5188461538461306, 0.31130769230765243, 0.5707307692307825, 0.10376923076926067, 56.50234615384514, 55.77596153846053, 0.7782692307692175, 1.0376923076922613, 56.81365384615283, 56.19103846153744, 55.879730769229745, 0.7263846153846086, 0.7782692307692175, 0.15565384615382621, 57.073076923075874, 55.67219230769131, 0.5707307692307825, 55.41276923076822, 0.8301538461538261, 0.7782692307692175, 0.46696153846152183, 0.9339230769230437, 0.3631923076923043, 0.7782692307692175, 0.3113076923076956, 0.622615384615348, 0.25942307692304367, 0.5188461538461737, 56.45046153846053, 57.021192307691265, 56.91742307692205, 56.606115384614355, 55.98349999999896, 0.10376923076926067, 54.842038461537435, 55.153346153845135, 0.0, 0.4150769230769131, 1.349, 0.5188461538461306, 2.542346153846087, 0.3631923076923043, 1.0376923076922613, 1.297115384615391, 0.31130769230765243, 0.5188461538461737, 0.25942307692304367, 0.31130769230765243, 0.4669615384615651, 1.8678461538461306, 0.4669615384615651, 1.297115384615391, 0.4150769230769131, 0.3631923076923043, 1.2452307692307394, 0.7263846153846086, 0.5707307692307825, 0.20753846153847816, 0.8301538461538261, 0.6226153846153912, 0.25942307692308686, 0.20753846153847816, 0.0, 0.3113076923076956, 0.7782692307692175, 0.3631923076923043, 1.8678461538461306, 0.3631923076923043, 1.3489999999999567, 0.4150769230769131, 0.46696153846152183, 0.622615384615348, 0.5707307692307825, 0.10376923076921747, 0.10376923076926067, 56.55423076922974, 57.33249999999896, 0.0, 56.606115384614355, 0.3631923076923043, 0.3113076923076956, 0.622615384615348, 0.051884615384608736, 0.6744999999999568, 0.3631923076923043, 0.8820384615384782, 0.7263846153846086, 56.13915384615283, 0.051884615384608736, 0.3631923076923043, 0.6226153846153912, 56.91742307692205, 56.50234615384514, 0.15565384615382621, 55.62030769230665, 0.4150769230769131, 0.7782692307692175, 0.051884615384608736, 0.5188461538461737, 0.31130769230765243, 0.7782692307692175, 0.5707307692307393, 0.7782692307692175, 0.622615384615348, 1.4008846153846088, 56.39857692307587, 0.9339230769230437, 56.19103846153744, 1.556538461538435, 55.153346153845135, 54.738269230768225, 0.1556538461538694, 2.0234999999999568, 1.349, 0.6745, 0.1556538461538694, 1.8159615384614785, 0.9339230769230868, 0.5707307692307393, 0.31130769230765243, 0.25942307692304367, 0.882038461538435, 56.29480769230666, 56.03538461538361, 0.9339230769230437, 0.3631923076923043, 54.89392307692209, 0.051884615384608736, 55.82784615384514, 1.6603076923076523, 56.24292307692205, 55.51653846153744, 0.7263846153846086, 0.7263846153846086, 0.25942307692308686, 0.3113076923076956, 0.4150769230769131, 0.46696153846152183, 0.10376923076921747, 55.101461538460526, 0.7263846153846086, 0.7263846153846086, 0.3631923076923043, 56.45046153846053, 0.15565384615382621, 55.46465384615283, 0.9339230769230437, 55.98349999999896, 55.879730769229745, 0.5707307692307393, 0.7782692307692175, 56.29480769230666, 0.6226153846153912, 0.6744999999999568, 0.25942307692308686, 0.3631923076923043, 2.0234999999999568, 0.0, 0.3631923076923043, 0.051884615384608736, 0.0, 0.20753846153847816, 1.089576923076913, 0.051884615384608736, 1.5046538461538261, 0.622615384615348, 0.31130769230765243, 0.9339230769230868, 0.10376923076921747, 0.8301538461538261, 56.657999999998964, 0.0, 0.5188461538461306, 0.9339230769230868, 56.70988461538357, 55.879730769229745, 0.7782692307692175, 1.4008846153846088, 0.4150769230769131, 0.051884615384608736, 1.2971153846153483, 0.0, 0.10376923076926067, 0.7782692307692175, 0.10376923076926067, 0.25942307692304367, 0.25942307692304367, 0.8301538461538261, 0.4150769230769131, 0.7782692307692175, 0.7782692307692175, 0.5188461538461737, 1.4527692307692173, 0.051884615384608736, 0.051884615384608736, 1.6084230769230436, 0.5707307692307825, 0.6744999999999568, 0.051884615384608736, 1.4008846153846088, 0.0, 0.20753846153847816, 0.10376923076921747, 0.8301538461538261, 56.55423076922974, 56.24292307692205, 0.051884615384608736, 0.5707307692307393, 0.10376923076926067, 0.31130769230765243, 1.4527692307692173, 56.13915384615283, 0.25942307692308686, 1.2452307692307394, 0.3113076923076956, 0.5707307692307825, 0.25942307692308686, 57.43626923076818, 0.10376923076921747, 0.25942307692304367, 0.5707307692307393, 0.5707307692307393, 1.297115384615391, 56.19103846153744, 0.25942307692308686, 55.82784615384514, 56.08726923076823, 0.7263846153846086, 0.10376923076921747, 0.20753846153843494, 0.25942307692304367, 0.622615384615348, 1.1933461538461305, 55.56842307692205, 0.8820384615384782, 0.4669615384615651, 1.6603076923076956, 1.297115384615391, 0.10376923076926067, 0.7782692307692175, 0.051884615384608736, 1.1414615384615217, 0.31130769230765243, 0.20753846153843494, 56.70988461538357, 2.2829230769230433, 0.1556538461538694, 1.4527692307691744, 0.051884615384608736, 0.5707307692307393, 0.051884615384608736, 1.8678461538461306, 54.686384615383616, 0.25942307692304367, 56.50234615384514, 57.28061538461435, 0.5707307692307825, 0.5707307692307393, 0.25942307692308686, 0.6744999999999568, 0.20753846153847816, 1.2971153846153483, 56.657999999998964, 1.4008846153846088, 56.08726923076823, 55.77596153846053, 0.7782692307692175, 0.3113076923076956, 1.7121923076922612, 56.50234615384514, 1.556538461538435, 0.882038461538435, 0.5707307692307393, 54.5826153846144, 0.10376923076926067, 0.5188461538461737, 57.48815384615279, 54.99769230769131, 1.08957692307687, 56.45046153846053, 0.0, 0.7782692307692175, 0.1556538461538694, 0.10376923076926067, 0.8301538461538261, 56.55423076922974, 55.72407692307592, 0.3631923076923043, 0.051884615384608736, 56.08726923076823, 55.98349999999896, 0.051884615384608736, 0.5188461538461737, 57.43626923076818, 55.879730769229745, 55.879730769229745, 1.2452307692307825, 0.10376923076921747, 1.5046538461538261, 0.3113076923076956, 0.7782692307692175, 0.9858076923076956, 0.9339230769230868, 1.297115384615391, 1.4527692307691744, 0.46696153846152183, 0.5188461538461306, 1.2971153846153483, 0.10376923076926067, 0.7782692307692175, 55.72407692307592, 56.55423076922974, 0.7263846153846086, 56.24292307692205, 57.33249999999896, 0.7263846153846086, 55.153346153845135, 54.99769230769131, 0.8301538461538261, 56.50234615384514, 0.051884615384608736, 1.297115384615391, 56.19103846153744, 54.634499999999, 0.1556538461538694, 0.10376923076926067, 1.8159615384615218, 0.7782692307692175, 0.20753846153843494, 0.3631923076923043, 0.7263846153846086, 0.7782692307692175, 0.4150769230769131, 0.6745, 0.4669615384615651, 0.4150769230769131, 0.7782692307692175, 0.4669615384615651, 0.31130769230765243, 0.25942307692308686, 1.1414615384615217, 0.3631923076923043, 57.59192307692201, 0.15565384615382621, 0.7263846153846086, 57.021192307691265, 56.45046153846053, 56.13915384615283, 0.6226153846153912, 0.6226153846153912, 0.7782692307692175, 0.20753846153843494, 56.50234615384514, 0.20753846153847816, 55.67219230769131, 1.297115384615391, 0.15565384615382621, 56.29480769230666, 56.34669230769127, 0.8301538461538261, 0.6745, 0.25942307692308686, 0.0, 0.7782692307692175, 0.7263846153846086, 0.20753846153843494, 0.9339230769230868, 0.4150769230769131, 0.25942307692304367, 0.46696153846152183, 0.15565384615382621, 57.33249999999896, 0.8301538461538261, 55.30899999999901, 0.3631923076923043, 0.051884615384608736, 0.4150769230769131, 0.4669615384615651, 0.051884615384608736, 1.349, 0.3113076923076956, 1.2452307692307825, 0.7263846153846086, 0.4669615384615651, 0.4669615384615651, 0.6744999999999568, 1.0376923076923044, 0.3631923076923043, 0.0, 1.9197307692307393, 0.46696153846152183, 56.39857692307587, 0.9339230769230868, 0.7263846153846086, 0.4150769230769131, 0.5707307692307825, 1.4527692307692173, 0.3631923076923043, 1.1414615384615217, 0.15565384615382621, 0.3631923076923043, 0.1556538461538694, 0.051884615384608736, 0.4669615384615651, 56.29480769230666, 0.0, 55.62030769230665, 0.10376923076926067, 0.4150769230769131, 0.3631923076923043, 0.8820384615384782, 0.20753846153847816, 0.1556538461538694, 0.20753846153847816, 0.8301538461538261, 57.747576923075876, 0.20753846153843494, 1.8159615384614785, 0.051884615384608736, 0.10376923076921747, 0.051884615384608736, 54.89392307692209, 54.99769230769131, 56.45046153846053, 0.8301538461538261, 0.3631923076923043, 0.5188461538461306, 0.9339230769230868, 0.5707307692307825, 0.10376923076921747, 0.9339230769230437, 0.4669615384615651, 0.1556538461538694, 0.15565384615382621, 0.10376923076921747, 0.10376923076921747, 0.7263846153846086, 1.297115384615391, 0.15565384615382621, 0.20753846153847816, 0.3113076923076956, 0.20753846153847816, 0.5707307692307825, 0.4669615384615651, 0.0, 1.5046538461538261, 0.051884615384608736, 0.20753846153843494, 0.3113076923076956, 55.62030769230665, 56.34669230769127, 1.4008846153846088, 0.46696153846152183, 0.7782692307692175, 0.31130769230765243, 56.45046153846053, 0.31130769230765243, 56.34669230769127, 0.6745, 55.20523076922975, 0.9339230769230868, 0.25942307692308686, 56.29480769230666, 0.20753846153847816, 54.99769230769131, 0.20753846153847816, 0.1556538461538694, 0.5188461538461737, 1.0376923076923044, 0.5188461538461737, 0.051884615384608736, 0.9339230769230437, 0.7782692307692175, 56.24292307692205, 56.50234615384514, 0.4669615384615651, 0.4150769230769131, 0.20753846153843494, 0.6745, 55.56842307692205, 0.0, 0.3113076923076956, 1.297115384615391, 1.1414615384615217, 1.349, 0.6744999999999568, 0.7782692307692175, 0.9858076923076956, 0.3113076923076956, 1.4008846153845655, 0.4669615384615651, 56.761769230768174, 0.051884615384608736, 55.257115384614394, 56.34669230769127, 56.13915384615283, 0.5707307692307825, 0.25942307692304367, 0.7263846153846086, 0.20753846153847816, 0.051884615384608736, 0.882038461538435, 0.5188461538461737, 0.051884615384608736, 54.79015384615283, 56.657999999998964, 2.9574230769230003, 0.3631923076923043, 0.20753846153843494, 0.5188461538461306, 0.3631923076923043, 0.1556538461538694, 0.3631923076923043, 1.4008846153846088, 0.20753846153843494, 0.051884615384608736, 0.9858076923076956, 1.8159615384615218, 0.9858076923076956, 0.15565384615382621, 0.7782692307692175, 0.051884615384608736, 0.25942307692308686, 1.0376923076923044, 0.9339230769230868, 1.0376923076923044, 0.10376923076921747, 0.4150769230769131, 0.20753846153847816, 0.5188461538461306, 0.5188461538461737, 0.25942307692308686, 0.051884615384608736, 0.5707307692307393, 0.5707307692307393, 0.7782692307692175, 0.6745, 0.10376923076926067, 0.051884615384608736, 55.41276923076822, 56.08726923076823, 1.1414615384615217, 0.25942307692308686, 54.89392307692209, 0.5188461538461737, 56.24292307692205, 55.77596153846053, 56.03538461538361, 0.6745, 56.13915384615283, 0.7782692307692175, 0.1556538461538694, 54.686384615383616, 55.257115384614394, 0.4150769230769131, 1.089576923076913, 0.9339230769230437, 56.55423076922974, 0.7263846153846086, 0.3631923076923043, 0.051884615384608736, 0.5707307692307825, 0.4150769230769131, 0.46696153846152183, 0.4150769230769131, 0.25942307692308686, 56.34669230769127, 0.10376923076921747, 56.29480769230666, 0.0, 55.41276923076822, 55.77596153846053, 0.3631923076923043, 0.7263846153846086, 1.556538461538435, 0.4669615384615651, 0.6745, 0.5707307692307393, 1.1933461538461305, 0.25942307692308686, 0.3113076923076956, 0.882038461538435, 1.089576923076913, 0.7263846153846086, 0.6226153846153912, 55.56842307692205, 57.69569230769127, 0.46696153846152183, 0.4150769230769131, 0.4150769230769131, 0.7263846153846086, 0.0, 0.051884615384608736, 0.6745, 0.3631923076923043, 0.8820384615384782, 0.3631923076923043, 0.25942307692304367, 0.882038461538435, 0.25942307692308686, 0.051884615384608736, 1.764076923076913, 0.4150769230769131, 1.76407692307687, 57.64380769230666, 56.08726923076823, 54.842038461537435, 0.10376923076926067, 55.931615384614354, 55.931615384614354, 56.29480769230666, 0.25942307692304367, 55.879730769229745, 0.051884615384608736, 0.051884615384608736, 0.25942307692304367, 0.15565384615382621, 0.1556538461538694, 56.39857692307587, 56.08726923076823, 0.0, 0.10376923076926067, 55.931615384614354, 0.1556538461538694, 55.98349999999896, 0.46696153846152183, 0.051884615384608736, 0.9339230769230437, 1.0376923076923044, 0.0, 1.2452307692307825, 0.5707307692307825, 0.8820384615384782, 55.82784615384514, 1.1414615384615217, 0.051884615384608736, 0.4669615384615651, 0.9858076923076956, 0.4150769230769131, 1.8159615384615218, 0.051884615384608736, 1.089576923076913, 0.7782692307692175, 0.9339230769230868, 0.8301538461538261, 1.8159615384614785, 0.10376923076926067, 0.7782692307692175, 1.4008846153845655, 0.9339230769230437, 1.5046538461538261, 0.25942307692308686, 0.5188461538461306, 1.089576923076913, 1.5046538461538261, 0.9339230769230437, 0.4150769230769131, 1.2452307692307394, 0.5707307692307825, 1.2971153846153483, 0.3631923076923043, 0.5707307692307393, 0.20753846153843494, 0.10376923076921747, 1.8159615384615218, 0.7263846153846086, 0.10376923076921747, 0.7782692307692175, 57.17684615384509, 56.39857692307587, 55.30899999999901, 0.0, 55.36088461538361, 0.7263846153846086, 1.5046538461538261, 1.0376923076922613, 55.46465384615283, 0.9339230769230868, 56.45046153846053, 56.761769230768174, 0.622615384615348, 57.22873076922975, 1.4527692307692173, 1.1414615384615217, 0.31130769230765243, 55.257115384614394, 56.55423076922974, 0.10376923076926067, 0.31130769230765243, 1.1933461538461305, 0.051884615384608736, 1.3489999999999567, 0.882038461538435, 1.8159615384614785, 0.3113076923076956, 0.5188461538461737, 0.20753846153847816, 1.1933461538461305, 1.0376923076923044, 0.7782692307692175, 1.297115384615391, 0.9339230769230868, 56.13915384615283, 0.4669615384615651, 0.4150769230769131, 0.25942307692304367, 0.5707307692307825, 2.594230769230739, 0.0, 0.1556538461538694, 0.0, 0.6226153846153912, 0.7263846153846086, 1.1933461538461305, 0.3631923076923043, 55.30899999999901, 0.4150769230769131, 0.051884615384608736, 0.3631923076923043, 0.4669615384615651, 0.3113076923076956, 1.2452307692307825, 0.9339230769230868, 0.9858076923076956, 0.4150769230769131, 2.179153846153826, 0.051884615384608736, 0.5707307692307825, 0.5188461538461737, 0.5188461538461306, 0.5188461538461737, 0.3113076923076956, 0.25942307692304367, 0.1556538461538694, 0.10376923076921747, 0.7782692307692175, 1.0376923076923044, 0.10376923076926067, 0.7263846153846086, 0.4150769230769131, 0.10376923076926067, 56.13915384615283, 55.04957692307592, 0.5707307692307825, 55.153346153845135, 0.9858076923076524, 0.7782692307692175, 1.349, 0.6226153846153912, 0.0, 2.0234999999999568, 0.10376923076926067, 55.82784615384514, 56.13915384615283, 0.4150769230769131, 0.9858076923076524, 0.1556538461538694, 0.10376923076926067, 0.20753846153847816, 0.051884615384608736, 0.8301538461538261, 0.0, 0.9339230769230868, 0.0, 0.7263846153846086, 0.25942307692308686, 0.25942307692308686, 0.4150769230769131, 1.297115384615391, 0.5188461538461737, 0.051884615384608736, 1.0376923076922613, 56.08726923076823, 0.1556538461538694, 0.9339230769230437, 0.5188461538461737, 0.6226153846153912, 1.1933461538461305, 0.3631923076923043, 1.1933461538461305, 0.5188461538461306, 0.5707307692307825, 1.349, 0.3631923076923043, 0.6745, 0.31130769230765243, 0.3631923076923043, 0.3631923076923043, 0.5188461538461306, 0.051884615384608736, 0.31130769230765243, 0.25942307692308686, 0.20753846153843494, 0.6226153846153912, 0.4150769230769131, 0.3631923076923043, 0.3631923076923043, 0.4669615384615651, 0.10376923076921747, 0.4669615384615651, 1.556538461538435, 1.5046538461538261, 0.5188461538461306, 0.7263846153846086, 0.9858076923076956, 0.15565384615382621, 0.46696153846152183, 1.297115384615391, 0.7263846153846086, 0.3631923076923043, 56.19103846153744, 0.8301538461538261, 0.6226153846153912, 55.51653846153744, 0.10376923076921747, 55.30899999999901, 55.72407692307592, 0.6226153846153912, 1.4527692307692173, 1.556538461538435, 56.13915384615283, 0.4150769230769131, 1.08957692307687, 1.5046538461538261, 1.8159615384615218, 57.33249999999896, 55.56842307692205, 56.19103846153744, 55.41276923076822, 1.1414615384615217, 1.349, 1.1414615384615217, 0.5188461538461306, 55.98349999999896, 0.25942307692308686, 55.101461538460526, 0.6744999999999568, 0.7782692307692175, 0.10376923076926067, 1.7121923076923042, 0.10376923076926067, 0.10376923076921747, 0.5188461538461306, 0.15565384615382621, 0.9339230769230868, 1.2452307692307394, 0.25942307692304367, 0.25942307692308686, 0.5707307692307393, 1.556538461538435, 0.6226153846153912, 0.5188461538461737, 0.3113076923076956, 0.15565384615382621, 0.25942307692308686, 0.7263846153846086, 1.7121923076923042, 0.0, 0.0, 0.25942307692308686, 0.0, 0.3113076923076956, 0.4669615384615651, 0.1556538461538694, 0.7263846153846086, 1.556538461538435, 0.9339230769230868, 0.4150769230769131, 0.882038461538435, 0.1556538461538694, 0.25942307692304367, 0.10376923076926067, 0.10376923076921747, 0.622615384615348, 0.051884615384608736, 0.622615384615348, 0.5707307692307393, 0.7782692307692175, 55.30899999999901, 55.62030769230665, 56.86553846153744, 0.051884615384608736, 1.1414615384615217, 0.5188461538461306, 1.0376923076923044, 0.051884615384608736, 55.257115384614394, 1.8678461538461306, 0.7263846153846086, 0.6226153846153912, 0.7263846153846086, 0.8820384615384782, 0.15565384615382621, 0.7263846153846086, 0.051884615384608736, 1.1414615384615217, 0.3113076923076956, 0.25942307692308686, 0.10376923076926067, 0.3113076923076956, 1.3489999999999567, 1.1933461538461305, 0.051884615384608736, 0.25942307692308686, 0.31130769230765243, 0.6226153846153912, 0.10376923076926067, 0.8301538461538261, 1.1414615384615217, 0.20753846153847816, 1.556538461538435, 0.5188461538461306, 0.20753846153847816, 0.9339230769230868, 0.9339230769230437, 0.4150769230769131, 0.4669615384615651, 0.4150769230769131, 0.7782692307692175, 1.1933461538461305, 0.5707307692307393, 0.6745, 0.25942307692304367, 1.764076923076913, 0.46696153846152183, 0.20753846153847816, 0.8820384615384782, 0.10376923076926067, 0.7782692307692175, 0.051884615384608736, 0.10376923076926067, 0.4669615384615651, 0.10376923076921747, 1.1933461538461305, 0.10376923076921747, 0.20753846153847816, 0.051884615384608736, 55.72407692307592, 0.882038461538435, 0.1556538461538694, 55.51653846153744, 54.32319230769131, 0.3113076923076956, 0.7263846153846086, 0.9858076923076524, 1.0376923076923044, 0.3113076923076956, 2.127269230769174, 56.50234615384514, 0.25942307692308686, 0.1556538461538694, 54.842038461537435, 1.6084230769230436, 0.4150769230769131, 56.13915384615283, 0.25942307692304367, 1.7121923076923042, 55.72407692307592, 0.3631923076923043, 55.30899999999901, 57.22873076922975, 0.10376923076926067, 1.0376923076922613, 0.20753846153847816, 0.051884615384608736, 0.1556538461538694, 0.10376923076926067, 1.1414615384615217, 0.6226153846153912, 0.6745, 0.20753846153843494, 0.5707307692307825, 1.6084230769230436, 0.20753846153847816, 0.20753846153843494, 0.3631923076923043, 1.1414615384615217, 0.5707307692307393, 56.29480769230666, 55.931615384614354, 0.7782692307692175, 55.82784615384514, 55.98349999999896, 55.46465384615283, 0.4150769230769131, 0.6744999999999568, 0.8301538461538261, 0.3631923076923043, 0.25942307692304367, 0.4150769230769131, 55.36088461538361, 54.89392307692209, 0.3113076923076956, 56.08726923076823, 55.46465384615283, 1.556538461538435, 0.10376923076926067, 0.25942307692304367, 0.25942307692308686, 1.4527692307692173, 0.1556538461538694, 0.051884615384608736, 0.8301538461538261, 0.051884615384608736, 0.0, 0.9339230769230868, 0.7263846153846086, 56.81365384615283, 0.20753846153843494, 1.349, 1.297115384615391, 1.0376923076923044, 1.349, 0.5707307692307393, 0.7263846153846086, 0.20753846153843494, 1.08957692307687, 0.882038461538435, 0.25942307692308686, 0.1556538461538694, 0.8820384615384782, 0.3631923076923043, 0.9858076923076524, 0.051884615384608736, 1.1414615384615217, 0.8301538461538261, 55.931615384614354, 55.931615384614354, 55.56842307692205, 0.4150769230769131, 0.6745, 56.55423076922974, 0.20753846153843494, 0.15565384615382621, 0.20753846153843494, 1.5046538461538261, 0.5188461538461737, 0.4669615384615651, 0.20753846153843494, 0.882038461538435, 55.98349999999896, 0.10376923076921747, 0.6745, 0.4150769230769131, 0.25942307692308686, 0.051884615384608736, 0.6226153846153912, 0.4669615384615651, 1.0376923076922613, 1.1933461538461305, 1.0376923076923044, 1.556538461538435, 0.6226153846153912, 2.0753846153846087, 1.2971153846153483, 0.10376923076921747, 1.7121923076922612, 55.46465384615283, 0.20753846153847816, 0.5188461538461306, 0.9339230769230437, 0.0, 55.36088461538361, 0.20753846153847816, 0.8301538461538261, 0.20753846153843494, 56.24292307692205, 1.5046538461538261, 55.20523076922975, 55.931615384614354, 1.8159615384615218, 0.4669615384615651, 0.6745, 0.5188461538461737, 0.5188461538461737, 0.20753846153843494, 0.5188461538461737, 0.8301538461538261, 0.3631923076923043, 0.20753846153843494, 0.20753846153847816, 0.20753846153847816, 2.438576923076913, 0.3113076923076956, 0.25942307692308686, 0.10376923076921747, 0.3631923076923043, 0.31130769230765243, 0.4669615384615651, 0.6744999999999568, 1.2452307692307825, 0.051884615384608736, 0.9339230769230868, 0.051884615384608736, 0.6745, 1.0376923076923044, 0.7263846153846086, 0.8820384615384782, 0.7782692307692175, 1.089576923076913, 0.10376923076921747, 0.25942307692308686, 0.10376923076921747, 55.82784615384514, 1.6084230769230436, 0.1556538461538694, 0.4669615384615651, 0.20753846153847816, 0.9858076923076956, 0.10376923076926067, 0.9858076923076956, 0.31130769230765243, 1.0376923076922613, 0.7263846153846086, 0.3631923076923043, 0.6226153846153912, 0.8820384615384782, 0.9339230769230868, 0.10376923076921747, 0.5188461538461737, 0.7782692307692175, 0.31130769230765243, 0.3113076923076956, 0.15565384615382621, 0.4669615384615651, 0.7782692307692175, 0.3113076923076956, 0.4150769230769131, 0.5707307692307825, 0.3631923076923043, 0.3631923076923043, 0.5188461538461737, 56.24292307692205, 0.7263846153846086, 1.08957692307687, 0.25942307692304367, 0.10376923076921747, 0.5707307692307825, 1.0376923076923044, 1.2452307692307825, 0.3631923076923043, 0.20753846153847816, 0.46696153846152183, 0.5188461538461737, 56.08726923076823, 0.6226153846153912, 0.9339230769230868, 1.2452307692307825, 0.15565384615382621, 0.1556538461538694, 57.17684615384509, 55.30899999999901, 0.25942307692304367, 57.22873076922975, 0.8301538461538261, 56.657999999998964, 0.051884615384608736, 0.25942307692304367, 0.46696153846152183, 0.31130769230765243, 0.8301538461538261, 1.1933461538461305, 0.9858076923076956, 0.5188461538461306, 1.0376923076923044, 1.089576923076913, 0.10376923076926067, 0.20753846153847816, 1.2452307692307825, 0.7263846153846086, 55.67219230769131, 0.7263846153846086, 0.7782692307692175, 0.10376923076926067, 55.41276923076822, 1.297115384615391, 1.2971153846153483, 0.25942307692308686, 1.7121923076923042, 0.7263846153846086, 0.25942307692308686, 55.77596153846053, 54.16753846153749, 0.10376923076926067, 0.7782692307692175, 55.20523076922975, 55.67219230769131, 1.8159615384615218, 0.051884615384608736, 0.6226153846153912, 1.6084230769230436, 0.051884615384608736, 0.3631923076923043, 0.31130769230765243, 0.4150769230769131, 0.6745, 0.9858076923076956, 0.10376923076926067, 0.10376923076926067, 2.0234999999999568, 0.8820384615384782, 0.3631923076923043, 1.4008846153845655, 0.9339230769230437, 0.1556538461538694, 1.5046538461538261, 0.6744999999999568, 0.3631923076923043, 0.622615384615348, 0.31130769230765243, 0.8820384615384782, 0.20753846153847816, 1.0376923076923044, 0.5707307692307825, 1.4527692307692173, 0.9339230769230437, 0.20753846153843494, 0.6744999999999568, 0.9858076923076956, 0.25942307692308686, 0.25942307692304367, 0.5707307692307825, 0.7782692307692175, 0.10376923076926067, 0.6226153846153912, 0.6744999999999568, 0.7782692307692175, 0.9858076923076524, 0.25942307692308686, 0.1556538461538694, 0.7263846153846086, 56.91742307692205, 57.021192307691265, 1.08957692307687, 0.5707307692307825, 0.25942307692308686, 1.4527692307692173, 0.5707307692307825, 0.051884615384608736, 0.3631923076923043, 0.882038461538435, 1.1933461538461305, 0.5188461538461737, 1.7121923076923042, 0.10376923076921747, 1.8678461538461306, 1.4527692307692173, 1.2452307692307394, 0.3113076923076956, 0.7782692307692175, 1.1414615384615217, 0.8301538461538261, 1.6084230769230436, 1.556538461538435, 0.7782692307692175, 0.622615384615348, 1.7121923076923042, 1.5046538461538261, 0.9339230769230868, 0.20753846153847816, 0.7263846153846086, 0.4669615384615651, 55.04957692307592, 56.91742307692205, 56.81365384615283, 0.051884615384608736, 54.47884615384518, 0.051884615384608736, 0.5188461538461737, 1.08957692307687, 0.3631923076923043, 1.297115384615391, 0.051884615384608736, 1.1414615384615217, 0.31130769230765243, 0.051884615384608736, 0.6226153846153912, 0.3113076923076956, 1.9716153846153481, 0.10376923076921747, 0.10376923076926067, 54.89392307692209, 0.10376923076926067, 54.686384615383616, 55.98349999999896, 1.556538461538435, 56.24292307692205, 1.6603076923076956, 0.4669615384615651, 1.349, 0.0, 0.15565384615382621, 0.15565384615382621, 1.764076923076913, 0.051884615384608736, 0.31130769230765243, 1.297115384615391, 0.4669615384615651, 0.051884615384608736, 0.8301538461538261, 0.7263846153846086, 0.051884615384608736, 0.9339230769230868, 0.46696153846152183, 55.257115384614394, 55.67219230769131, 0.25942307692308686, 1.4008846153845655, 1.2452307692307394, 0.7782692307692175, 0.25942307692308686, 0.4150769230769131, 1.1414615384615217, 1.6603076923076956, 0.10376923076921747, 0.9339230769230437, 0.6744999999999568, 0.9858076923076524, 0.7782692307692175, 0.25942307692304367, 1.6084230769230436, 0.8820384615384782, 0.8820384615384782, 0.5707307692307825, 0.5707307692307825, 1.5046538461538261, 0.8820384615384782, 0.1556538461538694, 0.3631923076923043, 0.7263846153846086, 0.3113076923076956, 0.7263846153846086, 0.6226153846153912, 0.9339230769230437, 1.8159615384614785, 0.10376923076926067, 0.10376923076926067, 0.1556538461538694, 0.10376923076921747, 0.3113076923076956, 0.5188461538461306, 0.25942307692308686, 0.3631923076923043, 0.46696153846152183, 0.9339230769230868, 0.6745, 0.20753846153843494, 0.25942307692304367, 0.051884615384608736, 0.6744999999999568, 0.6745, 1.3489999999999567, 0.882038461538435, 0.8820384615384782, 0.20753846153847816, 0.4150769230769131, 0.10376923076921747, 56.55423076922974, 56.24292307692205, 0.051884615384608736, 0.20753846153843494, 0.31130769230765243, 1.4527692307692173, 0.10376923076926067, 0.4150769230769131, 1.4527692307691744, 1.4008846153846088, 0.5188461538461306, 0.0, 0.5188461538461306, 0.7782692307692175, 0.46696153846152183, 0.3631923076923043, 0.10376923076921747, 0.25942307692308686, 0.10376923076921747, 0.4669615384615651, 0.051884615384608736, 0.10376923076921747, 1.8159615384615218, 0.31130769230765243, 1.6084230769230436, 1.08957692307687, 0.051884615384608736, 0.20753846153843494, 0.4150769230769131, 0.9858076923076956, 0.7263846153846086, 0.20753846153843494, 0.15565384615382621, 0.3631923076923043, 1.08957692307687, 0.5707307692307393, 0.10376923076926067, 0.4669615384615651, 1.08957692307687, 0.4150769230769131, 0.5188461538461737, 0.25942307692304367, 0.051884615384608736, 1.764076923076913, 0.7782692307692175, 0.7263846153846086, 0.15565384615382621, 0.3113076923076956, 0.20753846153847816, 1.08957692307687, 0.3631923076923043, 0.20753846153843494, 0.25942307692304367, 0.1556538461538694, 0.10376923076926067, 0.8301538461538261, 0.4150769230769131, 1.089576923076913, 0.6226153846153912, 0.20753846153847816, 0.46696153846152183, 0.5188461538461737, 0.0, 56.19103846153744, 57.799461538460484, 0.7263846153846086, 0.6226153846153912, 0.051884615384608736, 0.882038461538435, 55.67219230769131, 0.31130769230765243, 56.657999999998964, 0.9339230769230868, 1.2971153846153483, 0.4150769230769131, 0.6744999999999568, 1.7121923076923042, 1.4008846153845655, 0.4150769230769131, 0.20753846153847816, 56.70988461538357, 57.12496153846048, 0.7782692307692175, 55.72407692307592, 0.20753846153843494, 55.56842307692205, 0.8820384615384782, 55.98349999999896, 55.931615384614354, 56.24292307692205, 56.34669230769127, 55.77596153846053, 0.25942307692308686, 0.5188461538461737, 0.8820384615384782, 0.1556538461538694, 0.15565384615382621, 1.297115384615391, 1.5046538461538261, 0.051884615384608736, 0.6744999999999568, 0.6744999999999568, 1.4008846153846088, 1.2452307692307394, 1.1414615384615217, 0.3631923076923043, 0.3631923076923043, 0.3631923076923043, 0.8301538461538261, 0.3113076923076956, 0.25942307692304367, 0.4150769230769131, 0.25942307692308686, 0.5707307692307825, 0.15565384615382621, 0.9339230769230437, 0.3631923076923043, 0.25942307692304367, 0.25942307692304367, 0.5188461538461737, 0.6745, 0.5188461538461737, 0.4150769230769131, 0.10376923076926067, 0.3113076923076956, 0.8301538461538261, 0.25942307692304367, 0.7263846153846086, 0.622615384615348, 0.6226153846153912, 0.20753846153847816, 0.8301538461538261, 0.20753846153843494, 0.25942307692308686, 0.5188461538461737, 0.4150769230769131, 0.25942307692304367, 0.882038461538435, 0.20753846153843494, 0.0, 1.08957692307687, 0.46696153846152183, 0.7263846153846086, 2.0753846153846087, 0.3113076923076956, 0.1556538461538694, 0.8301538461538261, 0.4150769230769131, 1.297115384615391, 0.20753846153847816, 1.297115384615391, 0.6744999999999568, 56.45046153846053, 57.43626923076818, 56.34669230769127, 0.10376923076926067, 0.46696153846152183, 0.622615384615348, 0.051884615384608736, 0.8301538461538261, 1.0376923076923044, 0.20753846153843494, 0.5188461538461737, 0.5707307692307825, 55.77596153846053, 0.622615384615348, 0.10376923076926067, 1.7121923076923042, 0.8301538461538261, 1.0376923076923044, 1.089576923076913, 0.3631923076923043, 0.4669615384615651, 1.6603076923076956, 2.0753846153846087, 0.8301538461538261, 0.7263846153846086, 0.10376923076926067, 0.10376923076921747, 0.051884615384608736, 0.31130769230765243, 0.7782692307692175, 1.7121923076923042, 1.297115384615391, 1.349, 0.15565384615382621, 0.9339230769230437, 0.5707307692307825, 0.10376923076926067, 0.5707307692307825, 2.386692307692261, 0.9858076923076956, 0.4150769230769131, 0.7263846153846086, 0.7263846153846086, 0.6745, 0.0, 0.25942307692308686, 0.25942307692308686, 0.3113076923076956, 1.8678461538461306, 55.67219230769131, 55.72407692307592, 0.25942307692308686, 0.3113076923076956, 0.5188461538461737, 0.6745, 0.051884615384608736, 0.0, 2.0753846153846087, 0.622615384615348, 57.021192307691265, 1.0376923076922613, 0.10376923076921747, 0.3113076923076956, 0.622615384615348, 1.1933461538461305, 0.8820384615384782, 0.4150769230769131, 0.3631923076923043, 0.3631923076923043, 55.931615384614354, 0.6744999999999568, 0.20753846153843494, 1.0376923076923044, 0.5188461538461737, 0.8301538461538261, 0.6744999999999568, 0.9339230769230437, 1.1414615384615217, 0.4150769230769131, 1.1933461538461305, 0.3631923076923043, 0.051884615384608736, 56.24292307692205, 0.15565384615382621, 56.08726923076823, 55.41276923076822, 56.13915384615283, 54.738269230768225, 56.19103846153744, 55.931615384614354, 1.1414615384615217, 0.5707307692307393, 55.46465384615283, 55.153346153845135, 55.879730769229745, 56.13915384615283, 0.20753846153847816, 57.073076923075874, 56.55423076922974, 55.153346153845135, 0.10376923076921747, 0.1556538461538694, 0.051884615384608736, 1.0376923076923044, 0.20753846153843494, 0.10376923076921747, 0.5707307692307825, 0.6745, 0.5707307692307825, 1.089576923076913, 0.8301538461538261, 1.1414615384615217, 0.25942307692304367, 2.231038461538435, 0.8301538461538261, 0.3113076923076956, 0.1556538461538694, 0.1556538461538694, 0.20753846153843494, 1.4008846153846088, 0.4669615384615651, 1.0376923076923044, 0.20753846153847816, 1.4527692307691744, 0.7782692307692175, 0.882038461538435, 2.3348076923076526, 0.9339230769230437, 0.3631923076923043, 1.556538461538435, 1.6084230769230436, 1.4008846153846088, 0.4150769230769131, 0.15565384615382621, 0.15565384615382621, 1.9716153846153481, 0.3631923076923043, 0.5188461538461306, 55.30899999999901, 55.931615384614354, 55.72407692307592, 55.62030769230665, 0.7263846153846086, 57.073076923075874, 57.12496153846048, 0.9858076923076956, 0.9339230769230868, 0.10376923076921747, 0.1556538461538694, 56.19103846153744, 0.6745, 0.3631923076923043, 1.0376923076923044, 0.4150769230769131, 0.5188461538461737, 0.46696153846152183, 1.5046538461538261, 0.6745, 56.39857692307587, 55.62030769230665, 54.99769230769131, 0.0, 0.882038461538435, 56.34669230769127, 0.3113076923076956, 0.7782692307692175, 0.25942307692308686, 0.6226153846153912, 0.7782692307692175, 1.089576923076913, 0.10376923076921747, 2.0753846153846087, 0.7782692307692175, 55.257115384614394, 0.25942307692308686, 0.9858076923076956, 0.0, 0.051884615384608736, 0.20753846153847816, 0.15565384615382621, 56.19103846153748, 2.2829230769230002, 0.051884615384608736, 0.25942307692304367, 0.8301538461538261, 0.9858076923076524, 1.2452307692307394, 0.5707307692307825, 1.1414615384615217, 0.4150769230769131, 1.1933461538461305, 1.8159615384615218, 0.25942307692304367, 0.5188461538461306, 1.6084230769230436, 0.4150769230769131, 0.9339230769230868, 0.15565384615382621, 0.3113076923076956, 1.6084230769230436, 0.7782692307692175, 0.1556538461538694, 1.5046538461538261, 1.1933461538461305, 0.5188461538461737, 0.6226153846153912, 0.051884615384608736, 0.5707307692307393, 1.1414615384615217, 2.5942307692306965, 0.5707307692307825, 0.882038461538435, 54.686384615383616, 56.29480769230666, 54.99769230769131, 55.04957692307592, 0.20753846153847816, 1.3489999999999567, 0.31130769230765243, 0.7782692307692175, 1.4527692307692173, 0.20753846153843494, 0.7782692307692175, 0.25942307692304367, 0.0, 55.879730769229745, 55.67219230769131, 54.686384615383616, 56.55423076922974, 1.2452307692307394, 0.7782692307692175, 0.7782692307692175, 0.15565384615382621, 1.0376923076923044, 0.5188461538461737, 0.5188461538461737, 1.556538461538435, 0.8301538461538261, 0.4150769230769131, 0.7263846153846086, 1.3489999999999567, 0.15565384615382621, 0.5707307692307393, 0.46696153846152183, 1.6084230769230436, 0.4669615384615651, 0.7263846153846086, 0.0, 0.9858076923076524, 0.9858076923076956, 0.46696153846152183, 0.7782692307692175, 1.089576923076913, 0.3631923076923043, 0.3113076923076956, 0.5188461538461737, 0.20753846153843494, 1.2452307692307825, 0.7263846153846086, 0.051884615384608736, 0.7263846153846086, 0.3113076923076956, 0.3631923076923043, 0.9858076923076956, 0.20753846153847816, 0.9858076923076956, 1.5046538461538261, 55.62030769230665, 1.4008846153846088, 0.20753846153847816, 0.7263846153846086, 1.1414615384615217, 55.98349999999896, 0.25942307692304367, 0.3631923076923043, 1.4527692307692173, 55.30899999999901, 0.10376923076921747, 0.6226153846153912, 0.1556538461538694, 55.101461538460526, 0.7263846153846086, 0.7782692307692175, 55.72407692307592, 55.82784615384514, 0.5707307692307393, 0.3631923076923043, 0.7263846153846086, 56.606115384614355, 0.20753846153847816, 0.46696153846152183, 1.1414615384615217, 0.3631923076923043, 0.25942307692308686, 1.0376923076922613, 0.3631923076923043, 0.7263846153846086, 1.9197307692307393, 0.31130769230765243, 0.25942307692304367, 1.297115384615391, 0.3631923076923043, 0.3113076923076956, 0.7782692307692175, 0.5707307692307825, 0.10376923076926067, 0.3631923076923043, 0.31130769230765243, 1.8678461538461306, 57.17684615384509, 55.36088461538361, 0.3631923076923043, 0.882038461538435, 0.3113076923076956, 0.051884615384608736, 1.4008846153845655, 56.91742307692205, 55.931615384614354, 0.10376923076921747, 56.19103846153744, 0.6744999999999568, 0.4150769230769131, 0.1556538461538694, 0.9339230769230868, 0.10376923076921747, 1.7121923076922612, 0.1556538461538694, 0.0, 0.5188461538461306, 1.297115384615391, 0.31130769230765243, 0.20753846153847816, 0.25942307692304367, 1.089576923076913, 1.1414615384615217, 0.15565384615382621, 0.4669615384615651, 0.051884615384608736, 0.3631923076923043, 0.051884615384608736, 1.089576923076913, 0.1556538461538694, 1.2971153846153483, 0.20753846153843494, 0.051884615384608736, 0.6744999999999568, 0.3113076923076956, 56.86553846153744, 0.6226153846153912, 0.20753846153847816, 57.073076923075874, 56.08726923076823, 0.6226153846153912, 0.10376923076926067, 56.81365384615283, 55.51653846153744, 0.5707307692307825, 57.22873076922975, 0.31130769230765243, 0.7782692307692175, 55.36088461538361, 1.2452307692307825, 0.4150769230769131, 0.8301538461538261, 0.0, 0.051884615384608736, 0.7263846153846086, 0.4150769230769131, 0.6744999999999568, 0.051884615384608736, 0.4150769230769131, 0.7782692307692175, 0.8820384615384782, 1.1414615384615217, 0.25942307692308686, 0.7782692307692175, 0.4150769230769131, 1.1414615384615217, 0.9858076923076524, 1.1414615384615217, 0.7782692307692175, 0.7263846153846086, 0.5707307692307393, 0.051884615384608736, 0.31130769230765243, 0.4150769230769131, 0.5707307692307825, 0.15565384615382621, 0.7263846153846086, 0.9339230769230437, 0.051884615384608736, 0.25942307692304367, 0.5707307692307825, 1.5046538461538261, 54.89392307692209, 1.8159615384615218, 2.179153846153826, 0.7782692307692175, 0.4669615384615651, 0.7782692307692175, 0.10376923076921747, 0.46696153846152183, 0.9858076923076524, 0.9858076923076524, 0.882038461538435, 0.4150769230769131, 1.2452307692307825, 0.4150769230769131, 55.67219230769131, 0.9339230769230437, 0.46696153846152183, 0.20753846153847816, 0.8820384615384782, 0.4150769230769131, 0.31130769230765243, 0.7263846153846086, 0.3631923076923043, 0.46696153846152183, 56.45046153846053, 0.10376923076921747, 54.686384615383616, 55.56842307692205, 55.67219230769131, 0.4669615384615651, 0.20753846153847816, 0.9858076923076956, 1.4527692307692173, 0.8301538461538261, 1.556538461538435, 2.231038461538435, 0.9858076923076956, 0.5707307692307393, 1.1414615384615217, 0.3631923076923043, 2.0234999999999568, 0.622615384615348, 0.051884615384608736, 0.7263846153846086, 0.7782692307692175, 57.22873076922975, 0.25942307692308686, 0.10376923076921747, 0.8301538461538261, 0.0, 1.3489999999999567, 0.4150769230769131, 0.7782692307692175, 0.4150769230769131, 0.622615384615348, 55.879730769229745, 1.9197307692307393, 1.4527692307691744, 0.15565384615382621, 1.089576923076913, 0.20753846153843494, 0.25942307692308686, 0.9339230769230868, 0.10376923076921747, 1.1933461538461305, 56.45046153846053, 0.15565384615382621, 0.20753846153847816, 0.1556538461538694, 0.8301538461538261, 0.3631923076923043, 0.9858076923076524, 2.1272692307692176, 0.051884615384608736, 0.10376923076926067, 0.6745, 0.4150769230769131, 1.3489999999999567, 0.8301538461538261, 0.20753846153843494, 0.051884615384608736, 0.10376923076921747, 0.10376923076921747, 0.9858076923076524, 0.20753846153843494, 1.1933461538461305, 0.9858076923076524, 0.4150769230769131, 0.6744999999999568, 56.13915384615283, 0.3631923076923043, 0.20753846153843494, 56.86553846153744, 55.72407692307592, 0.3631923076923043, 55.62030769230665, 0.7782692307692175, 1.0376923076922613, 0.25942307692308686, 57.021192307691265, 0.8301538461538261, 0.051884615384608736, 55.62030769230665, 0.051884615384608736, 0.6226153846153912, 0.3631923076923043, 0.20753846153847816, 1.4008846153846088, 1.6603076923076956, 0.051884615384608736, 1.089576923076913, 0.3631923076923043, 0.20753846153843494, 0.9858076923076524, 0.3113076923076956, 2.438576923076913, 0.3631923076923043, 1.08957692307687, 1.1933461538461305, 0.6745, 0.3113076923076956, 0.051884615384608736, 0.7782692307692175, 0.7263846153846086, 0.3631923076923043, 1.2452307692307394, 0.5188461538461737, 0.25942307692304367, 0.051884615384608736, 0.0, 0.15565384615382621, 0.7782692307692175, 0.46696153846152183, 0.31130769230765243, 56.55423076922974, 56.03538461538361, 0.051884615384608736, 1.297115384615391, 0.051884615384608736, 56.03538461538361, 54.842038461537435, 55.72407692307592, 1.1933461538461305, 56.606115384614355, 0.10376923076926067, 0.25942307692308686, 1.1414615384615217, 0.15565384615382621, 0.10376923076926067, 0.8301538461538261, 0.1556538461538694, 1.0376923076922613, 0.10376923076921747, 0.5707307692307825, 1.1414615384615217, 1.1414615384615217, 0.25942307692304367, 0.10376923076926067, 1.4008846153845655, 1.2452307692307394, 0.7263846153846086, 1.1933461538461305, 0.0, 0.4150769230769131, 0.882038461538435, 0.10376923076921747, 0.3113076923076956, 0.4669615384615651, 0.5707307692307393, 0.6744999999999568, 1.08957692307687, 0.3631923076923043, 0.7263846153846086, 1.0376923076923044, 0.9858076923076956, 55.82784615384514, 0.46696153846152183, 0.7782692307692175, 1.4527692307692173, 0.6744999999999568, 0.6226153846153912, 1.1414615384615217, 0.7782692307692175, 1.6084230769230436, 0.5707307692307393, 0.9858076923076524, 1.1414615384615217, 0.1556538461538694, 0.0, 0.6744999999999568, 1.089576923076913, 0.10376923076926067, 1.1414615384615217, 0.10376923076921747, 0.4150769230769131, 0.622615384615348, 1.9197307692307393, 0.6745, 0.31130769230765243, 0.3631923076923043, 0.8820384615384782, 0.051884615384608736, 0.8301538461538261, 56.657999999998964, 0.7263846153846086, 1.089576923076913, 0.0, 56.761769230768174, 0.46696153846152183, 56.50234615384514, 56.657999999998964, 0.051884615384608736, 56.29480769230666, 0.20753846153843494, 0.3631923076923043, 0.15565384615382621, 1.1414615384615217, 1.2452307692307394, 55.879730769229745, 0.3631923076923043, 0.7263846153846086, 0.20753846153847816, 0.46696153846152183, 1.3489999999999567, 0.5188461538461306, 0.622615384615348, 0.20753846153847816, 0.5188461538461737, 0.0, 0.9858076923076956, 0.46696153846152183, 0.8301538461538261, 55.51653846153744, 56.24292307692205, 55.56842307692205, 0.4669615384615651, 0.6745, 0.25942307692308686, 0.20753846153847816, 1.2452307692307825, 0.6226153846153912, 0.0, 0.3631923076923043, 1.2452307692307825, 0.31130769230765243, 1.556538461538435, 0.20753846153847816, 0.3631923076923043, 0.25942307692304367, 1.297115384615391, 1.349, 1.556538461538435, 0.3631923076923043, 0.3631923076923043, 1.089576923076913, 0.7263846153846086, 0.25942307692308686, 0.8301538461538261, 0.0, 0.4669615384615651, 0.20753846153843494, 0.3631923076923043, 0.3631923076923043, 0.3631923076923043, 0.4150769230769131, 0.46696153846152183, 0.051884615384608736, 0.8301538461538261, 0.8301538461538261, 0.7263846153846086, 0.6745, 0.8301538461538261, 56.50234615384514, 0.051884615384608736, 0.5188461538461737, 0.0, 0.7782692307692175, 0.25942307692304367, 56.81365384615283, 55.72407692307592, 56.13915384615283, 1.556538461538435, 56.657999999998964, 0.8301538461538261, 0.8301538461538261, 56.81365384615283, 0.20753846153847816, 54.99769230769131, 0.8301538461538261, 0.20753846153843494, 0.20753846153847816, 1.6084230769230436, 0.6226153846153912, 0.3631923076923043, 56.50234615384514, 0.3113076923076956, 0.8820384615384782, 0.9339230769230437, 0.7263846153846086, 0.6744999999999568, 0.8301538461538261, 1.2452307692307825, 0.051884615384608736, 0.46696153846152183, 0.10376923076921747, 0.1556538461538694, 0.6745, 0.3631923076923043, 1.089576923076913, 0.9858076923076524, 0.3113076923076956, 0.9858076923076956, 0.15565384615382621, 0.051884615384608736, 0.6226153846153912, 0.3113076923076956, 0.20753846153847816, 54.634499999999, 0.9858076923076956, 0.9339230769230868, 0.051884615384608736, 1.2452307692307825, 1.6603076923076956, 0.051884615384608736, 1.2971153846153483, 0.3113076923076956, 1.6603076923076956, 1.6603076923076956, 0.8301538461538261, 0.25942307692308686, 1.1933461538461305, 1.0376923076923044, 0.20753846153847816, 0.15565384615382621, 0.9339230769230868, 1.4527692307691744, 0.051884615384608736, 0.3113076923076956, 1.1933461538461305, 0.8301538461538261, 0.051884615384608736, 0.1556538461538694, 1.0376923076923044, 1.1933461538461305, 0.4150769230769131, 56.13915384615283, 57.384384615383574, 56.34669230769127, 55.879730769229745, 0.7263846153846086, 0.4150769230769131, 0.3113076923076956, 0.20753846153843494, 0.10376923076921747, 0.25942307692308686, 0.9339230769230868, 0.9339230769230868, 0.10376923076926067, 1.08957692307687, 0.20753846153843494, 1.4008846153845655, 0.20753846153847816, 0.15565384615382621, 1.4008846153845655, 1.4527692307692173, 0.20753846153847816, 0.4669615384615651, 0.051884615384608736, 0.31130769230765243, 0.7782692307692175, 1.5046538461538261, 0.25942307692308686, 1.9716153846153481, 1.9197307692307393, 0.46696153846152183, 0.9339230769230437, 1.7121923076923042, 54.2713076923067, 0.3113076923076956, 2.490461538461522, 0.10376923076921747, 0.4150769230769131, 56.13915384615283, 0.9339230769230868, 1.8159615384615218, 0.46696153846152183, 55.931615384614354, 0.6745, 0.6744999999999568, 0.46696153846152183, 0.051884615384608736, 0.5707307692307393, 55.51653846153744, 57.43626923076818, 1.2452307692307825, 55.931615384614354, 0.25942307692308686, 0.8820384615384782, 0.1556538461538694, 0.9858076923076524, 0.4150769230769131, 0.7782692307692175, 0.15565384615382621, 0.8301538461538261, 0.882038461538435, 1.089576923076913, 0.1556538461538694, 1.297115384615391, 0.051884615384608736, 0.0, 0.25942307692308686, 1.0376923076923044, 0.051884615384608736, 0.46696153846152183, 0.5188461538461306, 55.931615384614354, 0.3113076923076956, 56.657999999998964, 0.6745, 1.2452307692307825, 0.5707307692307825, 0.0, 0.9858076923076956, 0.6745, 1.1414615384615217, 0.6745, 0.25942307692308686, 0.20753846153847816, 2.0753846153846087, 0.10376923076921747, 0.051884615384608736, 1.5046538461538261, 0.4150769230769131, 0.0, 56.96930769230666, 0.4150769230769131, 0.6226153846153912, 0.4150769230769131, 0.0, 56.657999999998964, 55.46465384615283, 0.7782692307692175, 55.62030769230665, 0.5707307692307825, 56.24292307692205, 56.08726923076823, 54.738269230768225, 55.931615384614354, 56.606115384614355, 0.5707307692307825, 0.10376923076926067, 0.20753846153847816, 1.349, 0.20753846153847816, 0.25942307692304367, 0.7263846153846086, 0.622615384615348, 0.15565384615382621, 0.3113076923076956, 0.25942307692304367, 56.29480769230666, 0.7782692307692175, 57.28061538461435, 0.6745, 1.6603076923076523, 55.51653846153744, 0.3631923076923043, 0.3631923076923043, 55.56842307692205, 0.9339230769230868, 55.82784615384514, 0.20753846153847816, 1.1933461538461305, 0.10376923076921747, 1.4527692307692173, 0.5188461538461737, 0.7782692307692175, 0.7263846153846086, 0.3631923076923043, 0.9339230769230868, 0.6745, 55.62030769230665, 56.606115384614355, 55.879730769229745, 0.10376923076921747, 0.10376923076926067, 1.0376923076923044, 0.3631923076923043, 0.8301538461538261, 1.556538461538435, 0.5707307692307825, 1.1933461538461305, 0.4669615384615651, 0.25942307692308686, 1.4008846153845655, 0.46696153846152183, 57.54003846153739, 56.81365384615283, 1.349, 56.08726923076823, 0.622615384615348, 0.5707307692307825, 0.20753846153843494, 0.8820384615384782, 0.10376923076926067, 2.542346153846087, 0.10376923076926067, 57.48815384615279, 56.45046153846053, 1.297115384615391, 0.051884615384608736, 0.3631923076923043, 0.3631923076923043, 0.1556538461538694, 1.6603076923076956, 0.5188461538461737, 0.5188461538461737, 0.10376923076926067, 0.3631923076923043, 0.7263846153846086, 0.5707307692307393, 1.349, 54.99769230769131, 0.4669615384615651, 0.3631923076923043, 0.5188461538461737, 1.4008846153846088, 0.1556538461538694, 56.96930769230666, 56.19103846153744, 0.622615384615348, 57.28061538461435, 56.70988461538357, 1.349, 0.10376923076921747, 55.62030769230665, 0.1556538461538694, 0.20753846153843494, 0.3631923076923043, 1.2452307692307825, 0.5707307692307393, 0.882038461538435, 0.0, 0.7263846153846086, 0.1556538461538694, 1.297115384615391, 56.81365384615283, 55.879730769229745, 0.15565384615382621, 58.2145384615374, 56.13915384615283, 0.3631923076923043, 0.15565384615382621, 0.9339230769230437, 1.0376923076922613, 0.9339230769230437, 0.3113076923076956, 1.089576923076913, 0.1556538461538694, 0.10376923076926067, 0.10376923076926067, 1.0376923076922613, 0.31130769230765243, 0.4669615384615651, 0.7263846153846086, 0.25942307692304367, 0.25942307692304367, 0.4150769230769131, 0.6744999999999568, 55.72407692307592, 56.08726923076823, 0.3631923076923043, 0.3631923076923043, 0.10376923076921747, 56.96930769230666, 58.26642307692201, 0.15565384615382621, 1.4527692307692173, 0.25942307692308686, 0.4150769230769131, 0.4150769230769131, 1.3489999999999567, 0.15565384615382621, 0.4150769230769131, 1.1933461538461305, 0.7782692307692175, 2.438576923076913, 0.5707307692307393, 1.556538461538435, 0.7263846153846086, 0.10376923076921747, 0.5188461538461306, 0.6745, 0.3631923076923043, 1.1933461538461305, 0.31130769230765243, 0.4669615384615651, 0.4150769230769131, 0.0, 1.1933461538461305, 55.46465384615283, 56.45046153846053, 0.1556538461538694, 0.4150769230769131, 0.10376923076926067, 55.72407692307592, 57.69569230769127, 2.179153846153826, 0.3631923076923043, 0.25942307692308686, 0.5188461538461737, 0.051884615384608736, 0.9858076923076956, 0.10376923076926067, 0.5707307692307393, 0.3631923076923043, 0.7263846153846086, 0.1556538461538694, 0.4150769230769131, 0.9858076923076956, 0.6744999999999568, 0.9858076923076956, 0.0, 56.39857692307587, 0.3113076923076956, 0.3631923076923043, 0.5707307692307393, 1.5046538461538261, 1.7121923076923042, 0.6226153846153912, 1.4527692307691744, 0.4669615384615651, 0.051884615384608736, 56.761769230768174, 55.36088461538361, 57.12496153846048, 56.29480769230666, 54.9458076923067, 0.25942307692308686, 57.021192307691265, 0.25942307692308686, 0.31130769230765243, 0.0, 0.0, 1.089576923076913, 0.5188461538461306, 0.5707307692307825, 1.4527692307691744, 1.08957692307687, 0.4150769230769131, 0.7782692307692175, 0.15565384615382621, 0.15565384615382621, 1.2971153846153483, 0.4150769230769131, 0.25942307692304367, 0.3631923076923043, 0.6226153846153912, 0.46696153846152183, 55.46465384615283, 1.4008846153845655, 0.5188461538461737, 55.101461538460526, 0.7782692307692175, 1.297115384615391, 56.45046153846053, 0.15565384615382621, 0.10376923076926067, 0.4150769230769131, 1.1933461538461305, 55.51653846153744, 0.6745, 56.29480769230666, 55.67219230769131, 0.46696153846152183, 0.3631923076923043, 1.3489999999999567, 0.7263846153846086, 0.8301538461538261, 0.8301538461538261, 0.25942307692304367, 55.30899999999901, 56.39857692307587, 56.03538461538361, 0.9858076923076524, 56.55423076922974, 56.19103846153744, 0.4150769230769131, 56.45046153846053, 1.349, 57.43626923076818, 54.686384615383616, 0.10376923076926067, 0.5188461538461306, 58.05888461538357, 0.6744999999999568, 55.30899999999901, 0.5188461538461737, 0.8820384615384782, 1.1414615384615217, 0.3113076923076956, 1.0376923076923044, 0.6745, 0.3631923076923043, 0.31130769230765243, 0.7782692307692175, 0.7782692307692175, 1.297115384615391, 1.4527692307692173, 0.25942307692308686, 0.31130769230765243, 0.5188461538461737, 0.3113076923076956, 0.10376923076921747, 0.4669615384615651, 0.10376923076921747, 0.9339230769230868, 0.051884615384608736, 1.08957692307687, 55.101461538460526, 0.3631923076923043, 56.19103846153744, 55.931615384614354, 55.98349999999896, 0.4150769230769131, 55.36088461538361, 56.39857692307587, 55.67219230769131, 1.349, 55.36088461538361, 56.03538461538361, 0.8820384615384782, 55.36088461538361, 0.882038461538435, 56.19103846153744, 0.051884615384608736, 57.073076923075874, 0.6745, 1.349, 0.10376923076926067, 1.349, 1.2452307692307394, 1.089576923076913, 0.1556538461538694, 2.231038461538435, 0.6744999999999568, 0.622615384615348, 0.25942307692308686, 0.3113076923076956, 0.7782692307692175, 1.3489999999999567, 0.7782692307692175, 0.20753846153843494, 0.9858076923076956, 0.10376923076926067, 1.2971153846153483, 0.10376923076926067, 0.0, 0.20753846153843494, 0.7263846153846086, 1.089576923076913, 0.7782692307692175, 0.10376923076926067, 1.1933461538461305, 0.15565384615382621, 0.051884615384608736, 56.86553846153744, 0.20753846153843494, 0.7782692307692175, 0.10376923076921747, 56.81365384615283, 56.50234615384514, 57.073076923075874, 56.81365384615283, 57.384384615383574, 56.55423076922974, 0.8301538461538261, 0.882038461538435, 0.4669615384615651, 1.4527692307691744, 0.8301538461538261, 0.4150769230769131, 0.7782692307692175, 54.011884615383615, 0.7782692307692175, 57.59192307692201, 0.3631923076923043, 55.30899999999901, 0.5188461538461737, 0.10376923076926067, 0.5188461538461737, 0.6226153846153912, 56.55423076922974, 56.08726923076823, 0.10376923076926067, 56.03538461538361, 56.29480769230666, 0.6226153846153912, 1.6603076923076956, 0.9339230769230868, 0.8301538461538261, 0.1556538461538694, 1.0376923076923044, 0.7782692307692175, 0.0, 0.5707307692307825, 1.7121923076922612, 0.7263846153846086, 0.051884615384608736, 0.6744999999999568, 1.0376923076923044, 0.46696153846152183, 0.4150769230769131, 55.72407692307592, 0.8301538461538261, 54.842038461537435, 1.349, 0.31130769230765243, 56.34669230769127, 57.43626923076818, 56.91742307692205, 0.46696153846152183, 1.4008846153846088, 0.5707307692307393, 0.4669615384615651, 0.3631923076923043, 0.7263846153846086, 0.7263846153846086, 55.98349999999896, 0.20753846153847816, 0.3631923076923043, 0.4669615384615651, 0.4150769230769131, 1.0376923076922613, 55.51653846153744, 56.19103846153744, 56.91742307692205, 0.10376923076926067, 0.5707307692307825, 56.34669230769127, 0.25942307692308686, 0.5707307692307393, 0.8301538461538261, 0.5707307692307825, 0.20753846153847816, 1.9716153846153481, 0.3631923076923043, 0.5707307692307825, 0.20753846153843494, 0.051884615384608736, 0.8301538461538261, 0.15565384615382621, 0.0, 0.25942307692304367, 1.3489999999999567, 0.20753846153843494, 55.46465384615283, 0.46696153846152183, 0.9339230769230437, 0.3113076923076956, 0.6226153846153912, 1.1414615384615217, 0.4669615384615651, 55.82784615384514, 0.6745, 0.051884615384608736, 55.56842307692205, 55.101461538460526, 1.089576923076913, 0.20753846153847816, 0.20753846153847816, 57.43626923076818, 54.79015384615283, 0.25942307692308686, 56.08726923076823, 57.021192307691265, 56.45046153846053, 0.7782692307692175, 0.10376923076921747, 0.3113076923076956, 0.7263846153846086, 0.051884615384608736, 0.6226153846153912, 0.6226153846153912, 0.20753846153847816, 2.0234999999999568, 0.10376923076921747, 0.3631923076923043, 0.20753846153847816, 0.25942307692304367, 0.7263846153846086, 1.9197307692307393, 0.7782692307692175, 0.20753846153843494, 1.3489999999999567, 1.2971153846153483, 1.3489999999999567, 0.10376923076921747, 0.4669615384615651, 0.1556538461538694, 0.3113076923076956, 1.0376923076922613, 0.5188461538461737, 0.6226153846153912, 0.051884615384608736, 0.0, 0.5707307692307825, 0.8301538461538261, 1.2452307692307825, 0.46696153846152183, 0.5707307692307393, 1.2452307692307825, 55.98349999999896, 56.34669230769127, 0.3631923076923043, 0.051884615384608736, 56.39857692307587, 56.03538461538361, 0.4150769230769131, 0.7263846153846086, 0.1556538461538694, 57.021192307691265, 55.30899999999901, 0.0, 55.931615384614354, 57.384384615383574, 0.8301538461538261, 56.91742307692205, 56.13915384615283, 56.86553846153744, 0.8820384615384782, 55.30899999999901, 0.7782692307692175, 56.81365384615283, 1.349, 55.04957692307592, 58.00699999999897, 55.101461538460526, 0.7263846153846086, 0.6744999999999568, 1.089576923076913, 0.6745, 0.3113076923076956, 0.20753846153843494, 1.1933461538461305, 1.08957692307687, 0.3631923076923043, 0.7782692307692175, 0.5188461538461306, 0.051884615384608736, 0.25942307692308686, 0.10376923076926067, 0.7782692307692175, 1.1414615384615217, 56.29480769230666, 55.36088461538361, 55.51653846153744, 1.4008846153846088, 0.25942307692308686, 55.931615384614354, 55.879730769229745, 0.25942307692308686, 1.1414615384615217, 0.15565384615382621, 0.20753846153843494, 56.657999999998964, 0.15565384615382621, 0.5707307692307393, 0.5188461538461737, 0.5707307692307393, 0.25942307692308686, 0.25942307692308686, 0.5707307692307393, 0.7263846153846086, 56.91742307692205, 0.4150769230769131, 1.7121923076922612, 0.31130769230765243, 0.5707307692307393, 56.606115384614355, 56.08726923076823, 56.19103846153744, 1.9716153846153481, 0.9858076923076524, 55.51653846153744, 0.6226153846153912, 0.25942307692304367, 0.8301538461538261, 0.5707307692307393, 0.4669615384615651, 56.39857692307587, 0.051884615384608736, 0.8820384615384782, 0.7263846153846086, 0.3631923076923043, 0.1556538461538694, 0.6226153846153912, 0.9339230769230437, 56.50234615384514, 0.5707307692307825, 0.6744999999999568, 0.0, 1.5046538461538261, 0.25942307692308686, 0.3631923076923043, 0.7263846153846086, 0.5188461538461306, 0.051884615384608736, 0.5707307692307825, 0.5188461538461737, 0.25942307692308686, 0.6744999999999568, 0.3631923076923043, 1.5046538461538261, 1.8159615384614785, 1.08957692307687, 0.8301538461538261, 0.1556538461538694, 1.6603076923076956, 0.5188461538461306, 0.9339230769230868, 0.10376923076926067, 0.051884615384608736, 0.25942307692304367, 0.5188461538461737, 54.89392307692209, 55.67219230769131, 0.3631923076923043, 57.799461538460484, 0.051884615384608736, 1.6084230769230436, 1.1414615384615217, 0.0, 0.7782692307692175, 0.25942307692308686, 0.4669615384615651, 0.8301538461538261, 0.8301538461538261, 1.089576923076913, 1.4008846153846088, 0.20753846153847816, 0.3631923076923043, 1.4527692307692173, 1.2452307692307394, 0.3631923076923043, 0.10376923076926067, 1.08957692307687, 1.1933461538461305, 1.2452307692307825, 0.3631923076923043, 0.31130769230765243, 0.46696153846152183, 55.46465384615283, 56.08726923076823, 56.761769230768174, 0.10376923076921747, 0.3631923076923043, 0.6226153846153912, 55.101461538460526, 0.051884615384608736, 1.1933461538461305, 0.7263846153846086, 0.051884615384608736, 56.39857692307587, 0.20753846153843494, 0.3631923076923043, 55.82784615384514, 0.25942307692304367, 56.19103846153744, 56.50234615384514, 56.96930769230666, 0.3113076923076956, 55.101461538460526, 56.29480769230666, 56.29480769230666, 0.4669615384615651, 0.5707307692307825, 0.622615384615348, 55.04957692307592, 56.34669230769127, 0.8301538461538261, 0.4150769230769131, 0.46696153846152183, 0.622615384615348, 0.3113076923076956, 56.50234615384514, 0.31130769230765243, 55.77596153846053, 57.69569230769127, 1.1933461538461305, 57.28061538461435, 0.5707307692307825, 0.051884615384608736, 0.4669615384615651, 0.6745, 0.46696153846152183, 0.25942307692308686, 0.15565384615382621, 0.051884615384608736, 0.1556538461538694, 1.4008846153845655, 0.3113076923076956, 0.0, 1.4008846153846088, 0.20753846153847816, 1.089576923076913, 0.25942307692304367, 0.31130769230765243, 0.15565384615382621, 0.7263846153846086, 0.25942307692304367, 0.10376923076926067, 55.82784615384514, 0.46696153846152183, 0.5188461538461306, 0.15565384615382621, 1.9197307692307393, 0.5188461538461737, 0.6744999999999568, 0.3631923076923043, 0.7782692307692175, 0.3631923076923043, 0.8820384615384782, 0.5188461538461737, 0.10376923076921747, 0.9339230769230437, 1.4527692307692173, 1.8678461538461306, 0.7782692307692175, 0.8301538461538261, 1.1414615384615217, 0.20753846153847816, 56.81365384615283, 0.3631923076923043, 55.67219230769131, 0.1556538461538694, 56.03538461538361, 0.9858076923076524, 0.0, 0.6745, 0.4150769230769131, 0.3113076923076956, 0.9858076923076524, 56.45046153846053, 55.30899999999901, 0.4669615384615651, 0.7782692307692175, 56.13915384615283, 0.8301538461538261, 0.5188461538461306, 0.0, 0.20753846153847816, 56.34669230769127, 0.051884615384608736, 0.15565384615382621, 1.556538461538435, 0.5188461538461737, 0.6744999999999568, 0.25942307692308686, 56.13915384615283, 55.82784615384514, 56.55423076922974, 56.91742307692205, 1.1933461538461305, 0.10376923076926067, 0.051884615384608736, 0.7782692307692175, 0.051884615384608736, 0.15565384615382621, 0.15565384615382621, 0.882038461538435, 0.5707307692307825, 1.089576923076913, 0.3631923076923043, 0.5707307692307393, 56.03538461538361, 0.051884615384608736, 55.20523076922975, 56.34669230769127, 0.1556538461538694, 0.3631923076923043, 1.9197307692307393, 1.0376923076923044, 1.9197307692307393, 1.3489999999999567, 0.20753846153843494, 0.8820384615384782, 0.8301538461538261, 0.7263846153846086, 1.297115384615391, 0.3113076923076956, 0.1556538461538694, 0.4669615384615651, 0.8820384615384782, 56.50234615384514, 0.46696153846152183, 0.3631923076923043, 56.55423076922974, 56.45046153846053, 56.19103846153744, 0.622615384615348, 0.4150769230769131, 54.99769230769131, 0.4669615384615651, 0.9339230769230868, 0.7782692307692175, 0.25942307692304367, 56.55423076922974, 0.0, 1.1414615384615217, 1.4527692307692173, 0.3631923076923043, 0.9858076923076524, 1.08957692307687, 0.3631923076923043, 0.10376923076926067, 56.29480769230666, 0.4150769230769131, 0.10376923076926067, 0.20753846153847816, 0.3631923076923043, 0.051884615384608736, 0.7263846153846086, 1.4008846153846088, 0.15565384615382621, 0.20753846153847816, 1.5046538461538261, 0.7263846153846086, 0.051884615384608736, 0.20753846153847816, 55.77596153846053, 0.4150769230769131, 0.5707307692307393, 0.1556538461538694, 1.297115384615391, 0.6745, 1.0376923076923044, 0.10376923076926067, 55.98349999999896, 0.7782692307692175, 57.073076923075874, 56.606115384614355, 56.03538461538361, 0.7263846153846086, 57.12496153846048, 56.70988461538357, 0.15565384615382621, 0.6226153846153912, 0.7782692307692175, 0.7263846153846086, 1.4527692307692173, 0.6745, 0.46696153846152183, 0.5707307692307825, 0.6744999999999568, 0.4669615384615651, 0.7263846153846086, 1.08957692307687, 0.5707307692307393, 0.3631923076923043, 0.3631923076923043, 0.3113076923076956, 55.77596153846053, 0.10376923076926067, 0.7782692307692175, 0.5188461538461737, 1.2452307692307825, 0.10376923076926067, 2.0234999999999568, 0.15565384615382621, 0.20753846153847816, 0.20753846153847816, 1.4527692307692173, 0.10376923076921747, 1.297115384615391, 0.7263846153846086, 1.0376923076923044, 1.8678461538461306, 0.7263846153846086, 1.6084230769230436, 0.25942307692308686, 0.051884615384608736, 1.1414615384615217, 0.20753846153847816, 0.0, 0.31130769230765243, 1.2452307692307825, 56.606115384614355, 57.54003846153739, 56.39857692307587, 0.3113076923076956, 0.10376923076926067, 55.931615384614354, 0.25942307692308686, 0.5188461538461306, 0.9858076923076956, 57.43626923076818, 55.879730769229745, 0.3113076923076956, 0.5707307692307825, 55.72407692307592, 0.20753846153843494, 55.56842307692205, 2.0753846153846087, 0.3631923076923043, 0.20753846153847816, 1.7121923076923042, 1.0376923076922613, 0.051884615384608736, 55.41276923076822, 0.5707307692307393, 0.8301538461538261, 57.17684615384509, 0.20753846153843494, 0.3631923076923043, 0.10376923076926067, 0.051884615384608736, 1.4527692307692173, 56.29480769230666, 1.6603076923076956, 1.1414615384615217, 1.08957692307687, 0.9858076923076956, 0.10376923076921747, 0.20753846153843494, 1.4527692307692173, 0.8301538461538261, 1.4008846153846088, 1.349, 0.3631923076923043, 0.1556538461538694, 0.051884615384608736, 1.4008846153846088, 0.8820384615384782, 0.6745, 0.0, 0.6745, 0.25942307692308686, 0.15565384615382621, 0.6744999999999568, 1.0376923076923044, 0.25942307692304367, 0.9858076923076956, 0.4150769230769131, 2.0234999999999568, 0.10376923076926067, 0.051884615384608736, 0.1556538461538694, 0.7263846153846086, 0.8301538461538261, 57.22873076922975, 0.25942307692308686, 0.31130769230765243, 0.4669615384615651, 0.6226153846153912, 56.45046153846053, 0.10376923076926067, 1.6603076923076956, 1.4527692307692173, 0.25942307692304367, 0.5188461538461737, 1.76407692307687, 0.8820384615384782, 0.20753846153847816, 0.10376923076926067, 0.4150769230769131, 0.10376923076926067, 0.4150769230769131, 0.5188461538461737, 55.30899999999901, 55.82784615384514, 1.4527692307692173, 0.6744999999999568, 1.8678461538460873, 56.96930769230666, 55.879730769229745, 0.051884615384608736, 0.5188461538461737, 0.4150769230769131, 0.31130769230765243, 0.7263846153846086, 54.89392307692209, 0.10376923076921747, 1.4008846153846088, 1.1933461538461305, 1.349, 0.20753846153847816, 0.5707307692307393, 0.5188461538461737, 0.9858076923076956, 0.9858076923076524, 0.3631923076923043, 0.5707307692307393, 0.5188461538461306, 55.67219230769131, 0.0, 55.46465384615283, 55.72407692307592, 0.7782692307692175, 56.29480769230666, 56.39857692307587, 0.051884615384608736, 0.10376923076921747, 0.051884615384608736, 0.051884615384608736, 56.86553846153744, 0.4150769230769131, 0.5188461538461306, 56.29480769230666, 58.05888461538357, 0.4669615384615651, 0.1556538461538694, 0.7263846153846086, 0.3631923076923043, 0.7782692307692175, 54.99769230769131, 0.4150769230769131, 0.5707307692307825, 0.3631923076923043, 0.051884615384608736, 1.1933461538461305, 0.8301538461538261, 0.3631923076923043, 0.31130769230765243, 0.20753846153847816, 1.2452307692307825, 0.25942307692308686, 0.1556538461538694, 0.4150769230769131, 57.12496153846048, 55.41276923076822, 55.931615384614354, 55.62030769230665, 0.5707307692307825, 55.56842307692205, 0.5707307692307825, 56.55423076922974, 0.5188461538461306, 56.55423076922974, 56.19103846153744, 56.86553846153744, 56.761769230768174, 0.051884615384608736, 56.13915384615283, 0.622615384615348, 0.051884615384608736, 0.4150769230769131, 0.7782692307692175, 1.089576923076913, 0.6226153846153912, 1.4008846153845655, 1.349, 0.5707307692307393, 1.2452307692307825, 0.25942307692304367, 2.0234999999999568, 2.2829230769230433, 0.25942307692304367, 0.5188461538461737, 0.20753846153843494, 0.3631923076923043, 0.0, 0.3113076923076956, 1.9716153846153481, 0.3113076923076956, 1.556538461538435, 1.0376923076923044, 0.882038461538435, 1.2452307692307394, 0.4150769230769131, 0.051884615384608736, 0.9339230769230437, 0.5707307692307825, 0.25942307692304367, 0.0, 0.15565384615382621, 55.77596153846053, 1.2971153846153483, 0.3631923076923043, 55.51653846153744, 58.68149999999892, 1.349, 1.349, 2.179153846153826, 0.5188461538461737, 56.45046153846053, 1.4527692307692173, 0.8301538461538261, 56.13915384615283, 55.41276923076822, 0.3631923076923043, 0.6745, 0.8820384615384782, 0.5707307692307825, 1.1933461538461305, 0.622615384615348, 0.3113076923076956, 0.25942307692304367, 0.3631923076923043, 0.5707307692307393, 0.7782692307692175, 0.5707307692307825, 55.36088461538361, 0.4669615384615651, 1.7121923076922612, 1.1414615384615217, 0.8301538461538261, 56.86553846153744, 55.77596153846053, 0.6744999999999568, 0.9339230769230868, 1.349, 0.31130769230765243, 0.051884615384608736, 0.25942307692304367, 1.2452307692307825, 0.4150769230769131, 0.4150769230769131, 0.051884615384608736, 0.9339230769230437, 0.31130769230765243, 1.2971153846153483, 0.5188461538461306, 0.8820384615384782, 0.882038461538435, 0.9339230769230437, 0.5188461538461737, 0.15565384615382621, 1.6084230769230436, 0.5188461538461737, 0.6745, 1.9716153846153481, 0.6745, 1.349, 1.089576923076913, 0.20753846153843494, 0.8820384615384782, 1.8159615384614785, 1.4008846153846088, 0.0, 0.31130769230765243, 0.8820384615384782, 0.622615384615348, 0.5707307692307393, 1.5046538461538261, 1.1933461538461305, 0.8301538461538261, 0.20753846153843494, 0.051884615384608736, 1.4527692307692173, 0.5707307692307825, 0.3631923076923043, 0.6745, 0.25942307692304367, 0.5188461538461737, 0.7263846153846086, 0.25942307692308686, 1.1933461538461305, 2.2829230769230002, 0.4150769230769131, 1.4527692307692173, 0.5188461538461737, 0.7782692307692175, 1.1933461538461305, 0.9858076923076956, 0.25942307692308686, 1.556538461538435, 0.3113076923076956, 0.46696153846152183, 0.20753846153847816, 0.10376923076921747, 0.3113076923076956, 2.7498846153845657, 0.3631923076923043, 2.0234999999999568, 0.6226153846153912, 0.051884615384608736, 0.9339230769230437, 0.8301538461538261, 55.46465384615283, 54.79015384615283, 55.82784615384514, 0.20753846153843494, 0.7782692307692175, 0.6745, 0.1556538461538694, 0.4150769230769131, 1.297115384615391, 0.3631923076923043, 0.7263846153846086, 0.051884615384608736, 0.31130769230765243, 1.297115384615391, 0.10376923076921747, 0.7782692307692175, 0.9858076923076524, 0.7782692307692175, 0.3113076923076956, 0.7263846153846086, 0.20753846153847816, 0.3113076923076956, 0.8301538461538261, 2.231038461538435, 1.1414615384615217, 0.31130769230765243, 0.9339230769230868, 0.20753846153843494, 0.5188461538461737, 56.29480769230666, 1.7121923076922612, 0.5188461538461737, 56.39857692307587, 56.50234615384514, 56.45046153846053, 0.7263846153846086, 0.7263846153846086, 0.5707307692307393, 1.556538461538435, 1.5046538461538261, 0.622615384615348, 1.5046538461538261, 1.1414615384615217, 0.5707307692307825, 0.15565384615382621, 2.646115384615305, 1.556538461538435, 57.384384615383574, 56.39857692307587, 0.20753846153847816, 0.6226153846153912, 0.3631923076923043, 0.25942307692304367, 0.5707307692307825, 55.82784615384514, 55.36088461538361, 56.13915384615283, 56.91742307692205, 0.5188461538461306, 1.76407692307687, 0.4669615384615651, 55.257115384614394, 56.13915384615283, 0.5188461538461737, 56.19103846153744, 56.03538461538361, 57.17684615384509, 56.24292307692205, 56.39857692307587, 57.59192307692201, 56.761769230768174, 0.5707307692307825, 56.24292307692205, 57.021192307691265, 56.657999999998964, 0.051884615384608736, 55.46465384615283, 57.17684615384509, 56.08726923076823, 56.606115384614355, 0.31130769230765243, 1.6603076923076523, 0.6226153846153912, 1.297115384615391, 1.6084230769230436, 0.20753846153843494, 1.9197307692307393, 2.0753846153846087, 0.5188461538461737, 1.2452307692307394, 1.0376923076922613, 0.3113076923076956, 0.20753846153843494, 0.051884615384608736, 0.9858076923076524, 0.25942307692308686, 1.349, 0.25942307692308686, 0.4150769230769131, 0.20753846153843494, 0.25942307692308686, 0.1556538461538694, 0.46696153846152183, 0.20753846153843494, 0.8820384615384782, 0.25942307692308686, 55.879730769229745, 0.1556538461538694, 1.4527692307691744, 0.25942307692308686, 0.15565384615382621, 0.31130769230765243, 0.3631923076923043, 0.5188461538461306, 0.5707307692307825, 0.8820384615384782, 1.0376923076922613, 0.6744999999999568, 1.0376923076923044, 0.7782692307692175, 0.8301538461538261, 0.3631923076923043, 0.1556538461538694, 0.20753846153847816, 0.1556538461538694, 0.8301538461538261, 56.39857692307587, 1.0376923076922613, 56.08726923076823, 0.3113076923076956, 54.5826153846144, 2.179153846153826, 56.606115384614355, 0.9858076923076524, 56.29480769230666, 0.31130769230765243, 55.101461538460526, 56.13915384615283, 56.45046153846053, 57.12496153846048, 56.29480769230666, 55.20523076922975, 57.54003846153739, 56.70988461538357, 56.08726923076823, 56.70988461538357, 0.25942307692304367, 0.10376923076926067, 0.0, 0.31130769230765243, 0.051884615384608736, 0.9339230769230868, 0.8301538461538261, 0.5707307692307393, 1.0376923076923044, 1.1414615384615217, 0.1556538461538694, 0.8301538461538261, 0.5188461538461737, 0.3113076923076956, 0.882038461538435, 0.7263846153846086, 0.4150769230769131, 1.1933461538461305, 0.9339230769230868, 0.5707307692307825, 0.25942307692304367, 0.7782692307692175, 0.7782692307692175, 0.6745, 0.46696153846152183, 56.50234615384514, 1.4527692307692173, 0.4150769230769131, 0.3631923076923043, 0.3631923076923043, 0.0, 55.36088461538361, 1.0376923076922613, 56.55423076922974, 56.24292307692205, 56.55423076922974, 0.622615384615348, 55.77596153846053, 55.98349999999896, 54.89392307692209, 0.3113076923076956, 0.20753846153847816, 1.1414615384615217, 1.556538461538435, 0.3631923076923043, 55.20523076922975, 55.56842307692205, 0.31130769230765243, 0.1556538461538694, 1.0376923076923044, 0.7263846153846086, 0.8301538461538261, 0.31130769230765243, 0.10376923076926067, 0.8301538461538261, 0.6744999999999568, 1.7121923076923042, 0.5188461538461737, 0.10376923076921747, 0.15565384615382621, 0.46696153846152183, 0.8301538461538261, 0.20753846153847816, 1.7121923076923042, 1.6603076923076956, 0.5188461538461737, 55.67219230769131, 0.6226153846153912, 55.41276923076822, 54.99769230769131, 1.297115384615391, 55.51653846153744, 0.5188461538461737, 1.4527692307692173, 0.8301538461538261, 1.2452307692307825, 0.051884615384608736, 0.051884615384608736, 0.15565384615382621, 2.2829230769230433, 0.7782692307692175, 1.4527692307692173, 56.657999999998964, 0.6745, 0.9339230769230437, 55.77596153846053, 1.1414615384615217, 55.82784615384514, 1.5046538461538261, 56.55423076922974, 55.101461538460526, 0.5707307692307825, 0.25942307692304367, 0.9339230769230437, 0.3631923076923043, 0.46696153846152183, 0.8301538461538261, 0.8820384615384782, 0.882038461538435, 0.7782692307692175, 0.3113076923076956, 1.1933461538461305, 0.31130769230765243, 0.25942307692308686, 0.1556538461538694, 0.051884615384608736, 0.20753846153843494, 0.5707307692307825, 0.7782692307692175, 0.8301538461538261, 1.0376923076923044, 0.8301538461538261, 0.25942307692308686, 0.051884615384608736, 0.8301538461538261, 0.5707307692307825, 0.25942307692304367, 0.5188461538461306, 0.3631923076923043, 0.10376923076926067, 0.5188461538461737, 0.8301538461538261, 0.051884615384608736, 0.3113076923076956, 0.6226153846153912, 0.25942307692308686, 0.3631923076923043, 0.3631923076923043, 0.5707307692307825, 1.9716153846153481, 0.1556538461538694, 54.42696153846053, 54.9458076923067, 57.021192307691265, 0.051884615384608736, 0.051884615384608736, 55.77596153846053, 56.70988461538357, 0.4150769230769131, 0.10376923076926067, 56.50234615384514, 0.051884615384608736, 1.4008846153846088, 1.0376923076923044, 0.4669615384615651, 0.051884615384608736, 0.3113076923076956, 0.25942307692304367, 0.8301538461538261, 0.051884615384608736, 1.2452307692307825, 0.5707307692307393, 0.9858076923076956, 0.20753846153847816, 0.9339230769230868, 0.0, 0.20753846153847816, 1.9716153846153481, 0.9339230769230868, 0.5707307692307393, 0.25942307692304367, 0.25942307692304367, 1.2452307692307394, 1.8159615384615218, 0.3113076923076956, 1.4527692307692173, 0.5188461538461737, 0.9339230769230868, 0.1556538461538694, 0.4669615384615651, 0.9339230769230868, 0.9858076923076956, 0.7782692307692175, 0.9858076923076956, 1.4008846153845655, 0.1556538461538694, 0.6745, 0.4150769230769131, 0.1556538461538694, 0.5188461538461306, 0.7782692307692175, 0.5707307692307393, 0.0, 0.051884615384608736, 0.20753846153847816, 57.073076923075874, 56.29480769230666, 0.0, 0.20753846153843494, 55.931615384614354, 0.9339230769230868, 0.10376923076926067, 0.8820384615384782, 0.051884615384608736, 0.7263846153846086, 0.10376923076926067, 0.31130769230765243, 0.10376923076926067, 0.5707307692307825, 0.7782692307692175, 1.556538461538435, 0.5188461538461306, 0.10376923076926067, 0.10376923076926067, 55.82784615384514, 0.3631923076923043, 1.1933461538461305, 0.20753846153847816, 0.10376923076926067, 0.6226153846153912, 0.5188461538461737, 0.4150769230769131, 0.051884615384608736, 0.3631923076923043, 0.1556538461538694, 1.6603076923076523, 1.9197307692307393, 0.5188461538461737, 0.10376923076926067, 0.6226153846153912, 0.20753846153847816, 1.2971153846153483, 0.20753846153843494, 1.0376923076923044, 55.30899999999901, 0.1556538461538694, 0.9339230769230868, 1.08957692307687, 0.051884615384608736, 0.20753846153847816, 0.5707307692307825, 0.20753846153843494, 55.51653846153744, 0.46696153846152183, 0.4669615384615651, 0.4669615384615651, 56.86553846153744, 56.657999999998964, 0.3631923076923043, 54.42696153846053, 0.7263846153846086, 0.8301538461538261, 1.5046538461538261, 0.4150769230769131, 1.1414615384615217, 55.257115384614394, 56.19103846153744, 0.7782692307692175, 1.0376923076923044, 0.4150769230769131, 0.31130769230765243, 0.8301538461538261, 0.5188461538461737, 0.3631923076923043, 0.7263846153846086, 0.051884615384608736, 0.46696153846152183, 1.2452307692307825, 0.15565384615382621, 56.34669230769127, 54.738269230768225, 0.1556538461538694, 0.20753846153847816, 1.2971153846153483, 0.5707307692307393, 0.20753846153847816, 0.9339230769230868, 0.8820384615384782, 0.5188461538461737, 0.0, 56.70988461538357, 0.1556538461538694, 0.5707307692307393, 0.9858076923076956, 0.3113076923076956, 0.4669615384615651, 1.5046538461538261, 0.8301538461538261, 0.5707307692307825, 0.20753846153847816, 1.089576923076913, 0.8301538461538261, 1.9716153846153481, 0.882038461538435, 1.8678461538460873, 0.051884615384608736, 0.5707307692307393, 0.15565384615382621, 0.6226153846153912, 0.8820384615384782, 0.9858076923076956, 0.1556538461538694, 0.20753846153847816, 56.761769230768174, 56.24292307692205, 1.2452307692307394, 55.153346153845135, 56.70988461538357, 0.46696153846152183, 0.6745, 0.25942307692308686, 55.153346153845135, 0.3631923076923043, 0.622615384615348, 0.0, 0.10376923076926067, 0.3631923076923043, 0.5707307692307825, 0.31130769230765243, 0.46696153846152183, 0.25942307692308686, 1.764076923076913, 1.089576923076913, 0.6226153846153912, 0.9339230769230868, 1.2971153846153483, 0.4150769230769131, 0.5707307692307825, 0.7782692307692175, 2.0753846153846087, 0.6745, 0.051884615384608736, 0.3631923076923043, 0.622615384615348, 0.4669615384615651, 0.20753846153843494, 0.6745, 0.5188461538461306, 0.3113076923076956, 0.25942307692308686, 56.03538461538361, 56.45046153846053, 0.0, 0.3631923076923043, 55.879730769229745, 55.98349999999896, 56.761769230768174, 0.10376923076921747, 1.7121923076923042, 0.3631923076923043, 56.29480769230666, 1.1414615384615217, 55.62030769230665, 1.4527692307691744, 0.10376923076921747, 0.051884615384608736, 56.08726923076823, 56.657999999998964, 0.6744999999999568, 1.2452307692307394, 0.15565384615382621, 56.39857692307587, 56.03538461538361, 0.6226153846153912, 0.25942307692304367, 1.0376923076923044, 0.4669615384615651, 0.25942307692308686, 0.3631923076923043, 0.25942307692308686, 0.7782692307692175, 1.089576923076913, 1.4008846153846088, 0.15565384615382621, 0.25942307692304367, 0.10376923076926067, 0.0, 0.5188461538461306, 0.15565384615382621, 55.82784615384514, 55.46465384615283, 1.2452307692307825, 56.19103846153744, 55.51653846153744, 0.3631923076923043, 56.13915384615283, 0.20753846153847816, 0.5707307692307825, 0.4669615384615651, 0.20753846153843494, 0.25942307692308686, 0.4150769230769131, 1.297115384615391, 56.86553846153744, 0.6744999999999568, 56.657999999998964, 0.5188461538461737, 0.6226153846153912, 0.9858076923076524, 0.20753846153843494, 0.4150769230769131, 1.9197307692307393, 0.8820384615384782, 0.0, 0.622615384615348, 1.4008846153846088, 0.7263846153846086, 0.10376923076926067, 0.5188461538461306, 1.9197307692307393, 0.25942307692304367, 1.4008846153845655, 0.4150769230769131, 0.25942307692304367, 0.6744999999999568, 0.4669615384615651, 1.0376923076922613, 0.25942307692308686, 1.08957692307687, 1.9197307692307393, 1.6603076923076956, 0.5707307692307825, 0.9858076923076956, 0.10376923076926067, 0.9858076923076956, 0.3113076923076956, 1.9716153846153481, 0.6744999999999568, 0.46696153846152183, 0.5707307692307825, 0.1556538461538694, 0.7263846153846086, 1.0376923076922613, 1.2971153846153483, 1.0376923076923044, 0.46696153846152183, 0.8301538461538261, 0.46696153846152183, 1.1933461538461305, 0.15565384615382621, 0.10376923076926067, 0.6226153846153912, 0.3631923076923043, 56.03538461538361, 0.6226153846153912, 0.46696153846152183, 0.10376923076921747, 0.25942307692308686, 0.5707307692307825, 0.0, 0.3631923076923043, 1.5046538461538261, 0.25942307692304367, 0.0, 1.2452307692307394, 0.25942307692304367, 0.0, 1.7121923076923042, 0.051884615384608736, 0.5188461538461737, 0.5707307692307825, 0.6226153846153912, 0.7782692307692175, 0.5188461538461737, 0.4150769230769131, 1.1933461538461305, 1.1414615384615217, 0.9339230769230868, 0.4150769230769131, 2.231038461538435, 1.1933461538461305, 0.10376923076921747, 0.5707307692307825, 0.051884615384608736, 0.20753846153843494, 0.4150769230769131, 0.20753846153843494, 0.7263846153846086, 0.051884615384608736, 0.9858076923076956, 0.7263846153846086, 1.4008846153845655, 0.7782692307692175, 0.4669615384615651, 0.9339230769230868, 0.4150769230769131, 0.10376923076926067, 1.2452307692307825, 1.1414615384615217, 1.7121923076922612, 1.2452307692307825, 0.6226153846153912, 0.6745, 0.25942307692308686, 0.3631923076923043, 0.5707307692307825, 0.20753846153843494, 0.9858076923076524, 1.556538461538435, 55.30899999999901, 55.98349999999896, 1.6084230769230436, 1.089576923076913, 0.31130769230765243, 56.13915384615283, 0.46696153846152183, 0.3631923076923043, 0.20753846153843494, 0.5707307692307393, 0.46696153846152183, 0.20753846153847816, 1.3489999999999567, 0.1556538461538694, 0.7263846153846086, 0.051884615384608736, 0.31130769230765243, 0.7263846153846086, 0.5707307692307825, 0.5188461538461737, 0.051884615384608736, 0.7782692307692175, 0.622615384615348, 0.3631923076923043, 0.7263846153846086, 0.5188461538461306, 0.1556538461538694, 0.8301538461538261, 1.2452307692307394, 0.25942307692308686, 0.8820384615384782, 0.10376923076921747, 1.6603076923076523, 0.4150769230769131, 0.25942307692304367, 0.9339230769230437, 0.10376923076921747, 0.1556538461538694, 0.9858076923076956, 1.0376923076922613, 0.8301538461538261, 0.3631923076923043, 1.6084230769230436, 0.15565384615382621, 0.1556538461538694, 0.15565384615382621, 0.8301538461538261, 0.25942307692304367, 1.08957692307687, 0.15565384615382621, 0.4150769230769131, 0.051884615384608736, 0.0, 0.25942307692308686, 0.6226153846153912, 0.3631923076923043, 0.5707307692307393, 1.764076923076913, 1.089576923076913, 0.15565384615382621, 0.0, 0.20753846153843494, 2.127269230769174, 1.4008846153846088, 0.20753846153847816, 1.349, 0.5707307692307393, 0.051884615384608736, 0.5707307692307393, 0.46696153846152183, 0.7782692307692175, 0.5188461538461737, 0.4669615384615651, 0.882038461538435, 1.4527692307692173, 55.36088461538361, 0.5188461538461737, 56.81365384615283, 55.98349999999896, 0.4669615384615651, 0.25942307692308686, 1.1414615384615217, 0.051884615384608736, 0.3113076923076956, 0.20753846153847816, 0.4150769230769131, 1.1933461538461305, 0.4150769230769131, 0.882038461538435, 0.10376923076921747, 0.7263846153846086, 0.3113076923076956, 1.9197307692307393, 0.20753846153843494, 0.0, 0.25942307692304367, 0.31130769230765243, 2.0234999999999568, 0.4669615384615651, 0.6226153846153912, 0.31130769230765243, 0.5188461538461737, 0.20753846153843494, 0.7782692307692175, 0.46696153846152183, 0.5188461538461737, 1.4527692307692173, 0.9339230769230437, 0.051884615384608736, 0.3631923076923043, 0.7782692307692175, 0.8820384615384782, 0.3631923076923043, 0.6744999999999568, 0.10376923076926067, 0.5707307692307825, 0.5707307692307825, 0.5707307692307393, 0.051884615384608736, 0.3113076923076956, 0.9339230769230437, 0.1556538461538694, 0.8301538461538261, 0.7263846153846086, 1.7121923076922612, 0.4150769230769131, 1.4527692307692173, 0.9339230769230437, 0.20753846153847816, 1.1414615384615217, 0.4150769230769131, 0.20753846153847816, 1.9197307692307393, 0.6745, 0.25942307692304367, 0.20753846153847816, 0.5299642857143029, 0.4817857142856971, 0.2408928571428686, 0.3854285714285657, 0.8190357142856971, 0.09635714285713139, 1.2526428571428687, 0.3854285714285657, 0.5781428571428685, 0.28907142857143425, 53.52639285714238, 0.5299642857142628, 52.08103571428526, 52.418285714285254, 51.26199999999956, 51.84014285714239, 0.04817857142856569, 52.75553571428525, 52.032857142856685, 51.69560714285669, 0.6745, 0.8672142857142627, 52.12921428571382, 51.59924999999956, 51.11746428571382, 51.06928571428526, 52.273749999999524, 52.22557142857095, 0.5299642857143029, 53.574571428570955, 0.2408928571428686, 1.156285714285697, 0.6263214285714344, 0.33725, 0.04817857142856569, 0.28907142857143425, 0.04817857142856569, 0.8672142857142627, 0.7226785714285657, 53.189142857142386, 0.8190357142856971, 51.84014285714239, 0.19271428571426277, 0.19271428571426277, 0.5299642857143029, 0.28907142857143425, 51.55107142857096, 51.888321428570954, 51.64742857142812, 51.93649999999956, 52.65917857142813, 1.5898928571428286, 52.562821428570956, 52.37010714285669, 52.273749999999524, 51.502892857142385, 51.59924999999956, 1.4453571428571315, 51.45471428571382, 52.273749999999524, 52.321928571428124, 0.6745, 0.3854285714285657, 0.7226785714285657, 52.273749999999524, 0.3854285714285657, 51.45471428571382, 52.94824999999952, 52.61099999999952, 52.37010714285669, 1.0599285714285656, 52.273749999999524, 52.90007142857095, 51.98467857142813, 0.9635714285714343, 0.1927142857143029, 0.9635714285714343, 0.4817857142856971, 0.0, 0.5781428571428685, 0.7708571428571314, 0.5299642857143029, 0.04817857142856569, 0.04817857142856569, 0.1927142857143029, 52.12921428571382, 0.2408928571428686, 0.7708571428571314, 1.349, 0.3854285714285657, 1.1081071428571314, 0.6263214285714344, 0.28907142857143425, 0.4817857142856971, 0.43360714285713137, 0.6263214285714344, 0.04817857142856569, 0.5299642857143029, 0.0, 0.43360714285713137, 1.01175, 0.0, 0.04817857142856569, 0.04817857142856569, 0.33725, 0.04817857142856569, 0.28907142857143425, 0.2408928571428686, 0.1927142857143029, 0.1927142857143029, 1.156285714285697, 1.01175, 0.6263214285714344, 0.2408928571428686, 0.4817857142856971, 0.0, 1.3008214285714343, 0.6745, 0.6263214285714344, 50.73203571428525, 50.876571428571, 0.9153928571428687, 0.33725, 52.90007142857095, 51.888321428570954, 50.92474999999956, 51.93649999999956, 51.59924999999956, 51.502892857142385, 52.65917857142813, 52.803714285713816, 51.502892857142385, 52.75553571428525, 52.032857142856685, 51.35835714285669, 1.349, 52.032857142856685, 51.98467857142813, 50.92474999999956, 0.04817857142856569, 51.84014285714239, 51.55107142857096, 52.562821428570956, 51.84014285714239, 0.09635714285713139, 0.3854285714285657, 0.2408928571428686, 0.9153928571428285, 1.6380714285714342, 0.3854285714285657, 0.09635714285713139, 50.49114285714243, 0.9635714285714343, 0.7708571428571314, 0.04817857142856569, 0.04817857142856569, 52.08103571428526, 0.43360714285713137, 0.5781428571428685, 0.04817857142856569, 0.1445357142856971, 0.7708571428571314, 52.85189285714239, 50.97292857142812, 52.46646428571382, 52.90007142857095, 0.7708571428571314, 1.5417142857142627, 1.3971785714285656, 0.33725, 1.349, 0.9635714285714343, 0.5781428571428685, 51.35835714285669, 51.502892857142385, 0.5299642857142628, 1.204464285714263, 51.791964285713824, 0.33725, 0.4817857142856971, 0.33725, 1.4453571428571315, 0.5299642857142628, 0.6745, 0.7708571428571314, 0.7708571428571314, 0.7226785714285657, 0.04817857142856569, 0.2408928571428686, 1.2526428571428687, 0.7226785714285657, 0.8672142857142627, 0.5781428571428685, 0.1445357142856971, 1.5898928571428286, 0.8190357142856971, 0.1445357142856971, 0.9153928571428687, 0.3854285714285657, 0.5299642857142628, 0.6745, 0.7226785714285657, 0.1445357142856971, 0.33725, 0.5781428571428685, 0.2408928571428686, 1.9271428571428284, 0.43360714285713137, 0.1445357142856971, 0.5299642857143029, 0.0, 0.3854285714285657, 0.04817857142856569, 2.746178571428566, 0.6263214285714344, 1.1081071428571314, 0.5299642857142628, 0.2408928571428686, 0.28907142857143425, 0.3854285714285657, 1.1081071428571314, 1.3971785714285656, 1.6380714285714342, 0.8672142857142627, 0.4817857142856971, 0.9153928571428687, 0.8672142857142627, 1.5898928571428286, 2.0235, 0.09635714285713139, 0.0, 0.1927142857143029, 0.0, 0.7708571428571314, 1.156285714285697, 52.46646428571382, 1.3008214285714343, 50.25024999999955, 51.791964285713824, 0.6263214285714344, 1.204464285714263, 0.5299642857142628, 52.37010714285669, 51.84014285714239, 0.9635714285714343, 0.7226785714285657, 0.04817857142856569, 52.321928571428124, 1.5417142857142627, 1.01175, 50.49114285714243, 0.9635714285714343, 0.6745, 52.61099999999952, 51.74378571428525, 52.803714285713816, 0.8190357142856971, 51.888321428570954, 0.2408928571428686, 51.55107142857096, 51.74378571428525, 0.6745, 2.168035714285697, 1.2526428571428687, 0.1927142857143029, 0.04817857142856569, 0.5299642857143029, 0.4817857142856971, 0.28907142857143425, 0.5781428571428685, 0.6263214285714344, 0.28907142857143425, 1.156285714285697, 1.3008214285714343, 0.7226785714285657, 0.04817857142856569, 0.2408928571428686, 0.6263214285714344, 1.01175, 0.8190357142856971, 0.04817857142856569, 0.5299642857142628, 0.04817857142856569, 0.6745, 0.4817857142856971, 0.2408928571428686, 0.04817857142856569, 0.04817857142856569, 0.5781428571428685, 0.09635714285713139, 0.7708571428571314, 0.8190357142856971, 1.7344285714285657, 0.09635714285713139, 0.7708571428571314, 1.6380714285714342, 0.2408928571428686, 0.9153928571428285, 0.28907142857143425, 1.68625, 0.8672142857142627, 0.6263214285714344, 0.09635714285713139, 0.28907142857143425, 0.1445357142856971, 1.349, 0.3854285714285657, 1.4935357142856969, 0.7708571428571314, 0.43360714285713137, 0.2408928571428686, 0.04817857142856569, 0.5781428571428685, 1.1081071428571314, 0.28907142857143425, 0.04817857142856569, 0.2408928571428686, 0.33725, 0.1445357142856971, 0.7708571428571314, 0.1445357142856971, 0.4817857142856971, 0.8672142857142627, 1.1081071428571314, 0.19271428571426277, 0.7226785714285657, 1.349, 0.5781428571428685, 0.09635714285713139, 0.6263214285714344, 0.04817857142856569, 0.09635714285713139, 52.08103571428526, 0.9635714285714343, 1.7344285714285657, 0.0, 0.0, 1.3008214285714343, 51.26199999999956, 50.394785714285256, 52.321928571428124, 0.4817857142856971, 0.3854285714285657, 53.33367857142809, 52.707357142856694, 0.28907142857143425, 1.1081071428571314, 0.5781428571428685, 0.04817857142856569, 51.26199999999956, 52.562821428570956, 0.04817857142856569, 0.5781428571428685, 0.7226785714285657, 0.04817857142856569, 1.156285714285697, 0.7226785714285657, 0.5299642857142628, 0.33725, 1.9271428571428284, 0.43360714285713137, 1.01175, 0.09635714285713139, 0.6263214285714344, 0.09635714285713139, 1.4935357142856969, 1.3008214285714343, 0.2408928571428686, 0.28907142857143425, 0.7708571428571314, 0.7226785714285657, 0.04817857142856569, 1.01175, 0.8672142857142627, 0.6745, 0.28907142857143425, 0.04817857142856569, 0.6263214285714344, 1.68625, 0.19271428571426277, 0.28907142857143425, 1.2526428571428283, 0.7226785714285657, 0.09635714285713139, 0.1445357142856971, 0.9153928571428687, 2.4089285714285658, 1.5898928571428286, 0.19271428571426277, 0.6745, 0.9635714285714343, 0.33725, 0.43360714285713137, 1.204464285714263, 1.01175, 0.4817857142856971, 0.43360714285713137, 1.6380714285713942, 0.04817857142856569, 0.19271428571426277, 0.7226785714285657, 0.8672142857142627, 0.3854285714285657, 0.4817857142856971, 0.5299642857143029, 0.5299642857143029, 0.19271428571426277, 1.01175, 0.6263214285714344, 1.2526428571428687, 0.8190357142856971, 0.5781428571428685, 0.9153928571428687, 0.28907142857143425, 2.0235, 0.7708571428571314, 0.1445357142856971, 0.2408928571428686, 0.19271428571426277, 0.04817857142856569, 0.6263214285714344, 0.5781428571428685, 0.0, 0.33725, 0.8190357142856971, 0.2408928571428686, 0.9635714285714343, 0.33725, 0.43360714285713137, 1.8307857142856971, 1.156285714285697, 0.04817857142856569, 0.1445357142856971, 0.1445357142856971, 1.7826071428571313, 0.6745, 0.4817857142856971, 0.3854285714285657, 1.68625, 0.7708571428571314, 0.04817857142856569, 52.321928571428124, 0.7708571428571314, 0.9153928571428687, 0.0, 0.43360714285713137, 0.8190357142856971, 0.1927142857143029, 0.5781428571428685, 0.7708571428571314, 0.4817857142856971, 1.01175, 51.35835714285669, 0.1927142857143029, 0.33725, 0.09635714285713139, 51.69560714285669, 0.2408928571428686, 0.5299642857142628, 1.7344285714285657, 1.1081071428571314, 1.156285714285697, 0.33725, 0.8190357142856971, 0.19271428571426277, 0.2408928571428686, 0.2408928571428686, 0.7708571428571314, 0.6745, 0.7226785714285657, 0.5781428571428685, 0.4817857142856971, 0.0, 0.43360714285713137, 0.2408928571428686, 0.6263214285714344, 0.8672142857142627, 0.4817857142856971, 0.7226785714285657, 0.33725, 0.33725, 0.5781428571428685, 0.6263214285714344, 52.321928571428124, 0.33725, 51.64742857142812, 51.45471428571382, 0.7708571428571314, 1.4453571428571315, 0.4817857142856971, 53.14096428571382, 0.8672142857142627, 51.45471428571382, 0.1445357142856971, 51.888321428570954, 0.8190357142856971, 52.514642857142384, 0.43360714285713137, 0.7226785714285657, 0.1927142857143029, 1.1081071428571314, 0.4817857142856971, 0.33725, 0.3854285714285657, 0.19271428571426277, 0.5781428571428685, 52.996428571428076, 0.19271428571426277, 0.1445357142856971, 51.69560714285669, 51.74378571428525, 0.1927142857143029, 51.11746428571382, 1.01175, 51.45471428571382, 51.26199999999956, 0.19271428571426277, 0.04817857142856569, 52.46646428571382, 0.0, 0.8190357142856971, 0.28907142857143425, 0.3854285714285657, 0.04817857142856569, 0.3854285714285657, 1.01175, 0.33725, 0.2408928571428686, 1.156285714285697, 0.33725, 0.1927142857143029, 0.3854285714285657, 0.8190357142856971, 0.3854285714285657, 0.1445357142856971, 0.28907142857143425, 0.7226785714285657, 0.7708571428571314, 0.43360714285713137, 0.8672142857142627, 0.8190357142856971, 0.9153928571428687, 0.9635714285714343, 0.9635714285714343, 0.0, 0.8672142857142627, 1.6380714285714342, 0.33725, 0.6263214285714344, 0.1445357142856971, 0.09635714285713139, 0.6745, 1.7344285714285657, 0.04817857142856569, 0.09635714285713139, 0.09635714285713139, 1.01175, 0.3854285714285657, 0.33725, 0.1445357142856971, 1.5417142857142627, 0.43360714285713137, 0.6745, 0.43360714285713137, 0.2408928571428686, 0.33725, 52.94824999999952, 52.17739285714239, 0.04817857142856569, 0.43360714285713137, 51.59924999999956, 0.5781428571428685, 1.7344285714285657, 1.01175, 52.12921428571382, 1.9271428571428284, 0.6745, 52.707357142856694, 52.65917857142813, 53.23732142857095, 0.9153928571428285, 0.09635714285713139, 0.9153928571428285, 0.2408928571428686, 52.562821428570956, 0.4817857142856971, 1.5417142857142627, 52.75553571428525, 0.9635714285714343, 0.7708571428571314, 0.1445357142856971, 51.791964285713824, 50.73203571428525, 1.01175, 0.7226785714285657, 52.75553571428525, 51.93649999999956, 0.43360714285713137, 0.43360714285713137, 51.213821428570995, 0.6263214285714344, 0.0, 1.975321428571394, 51.64742857142812, 0.43360714285713137, 0.3854285714285657, 1.0599285714285656, 52.37010714285669, 51.59924999999956, 0.6745, 0.09635714285713139, 1.8307857142856971, 0.04817857142856569, 0.8672142857142627, 0.8190357142856971, 0.4817857142856971, 51.26199999999956, 51.11746428571382, 51.98467857142813, 0.43360714285713137, 0.2408928571428686, 0.1445357142856971, 0.1927142857143029, 0.6263214285714344, 0.3854285714285657, 0.04817857142856569, 0.3854285714285657, 0.0, 52.032857142856685, 0.28907142857143425, 0.43360714285713137, 51.45471428571382, 0.09635714285713139, 51.16564285714239, 0.5781428571428685, 0.4817857142856971, 52.321928571428124, 0.0, 0.5299642857143029, 0.7708571428571314, 0.2408928571428686, 0.4817857142856971, 1.5417142857142627, 0.28907142857143425, 0.1927142857143029, 0.1445357142856971, 0.8190357142856971, 0.1445357142856971, 0.9153928571428285, 1.0599285714285656, 0.6745, 0.3854285714285657, 1.3008214285714343, 0.04817857142856569, 51.45471428571382, 0.9635714285714343, 1.4453571428571315, 0.6263214285714344, 0.6263214285714344, 0.04817857142856569, 0.9635714285714343, 0.1445357142856971, 0.2408928571428686, 0.09635714285713139, 0.7708571428571314, 1.204464285714263, 0.8672142857142627, 0.5781428571428685, 0.33725, 0.09635714285713139, 0.43360714285713137, 0.3854285714285657, 0.3854285714285657, 1.4935357142856969, 2.3607500000000003, 50.97292857142812, 0.7708571428571314, 51.021107142856685, 51.74378571428525, 0.28907142857143425, 1.6380714285714342, 52.61099999999952, 0.28907142857143425, 1.7826071428571313, 1.1081071428571314, 51.69560714285669, 0.1927142857143029, 0.33725, 0.43360714285713137, 0.8190357142856971, 52.17739285714239, 0.2408928571428686, 0.9635714285714343, 51.16564285714239, 53.23732142857095, 0.09635714285713139, 0.1445357142856971, 0.1445357142856971, 1.975321428571394, 0.1927142857143029, 0.28907142857143425, 0.9153928571428687, 0.5781428571428685, 2.5052857142856975, 0.04817857142856569, 0.04817857142856569, 0.09635714285713139, 0.0, 0.6263214285714344, 0.04817857142856569, 0.09635714285713139, 0.6745, 0.7226785714285657, 0.9153928571428285, 0.9635714285714343, 0.2408928571428686, 0.1445357142856971, 0.3854285714285657, 0.43360714285713137, 1.349, 0.04817857142856569, 0.09635714285713139, 0.4817857142856971, 1.4453571428571315, 0.1445357142856971, 1.5417142857142627, 0.6263214285714344, 0.1445357142856971, 0.3854285714285657, 0.5299642857143029, 0.2408928571428686, 0.1445357142856971, 0.0, 0.28907142857143425, 0.04817857142856569, 0.8672142857142627, 0.04817857142856569, 0.33725, 0.0, 1.01175, 0.7226785714285657, 0.2408928571428686, 1.156285714285697, 0.5299642857143029, 0.4817857142856971, 0.7226785714285657, 0.28907142857143425, 52.17739285714239, 51.59924999999956, 52.37010714285669, 51.888321428570954, 0.33725, 0.9635714285714343, 0.1445357142856971, 1.5417142857142627, 0.1445357142856971, 0.04817857142856569, 0.5781428571428685, 0.19271428571426277, 51.74378571428525, 0.43360714285713137, 52.75553571428525, 0.7708571428571314, 52.22557142857095, 0.33725, 0.04817857142856569, 51.93649999999956, 0.43360714285713137, 51.64742857142812, 51.791964285713824, 51.213821428570995, 0.9635714285714343, 51.84014285714239, 51.888321428570954, 0.9153928571428285, 0.3854285714285657, 0.9635714285714343, 1.3008214285714343, 1.4453571428571315, 1.01175, 51.84014285714239, 51.98467857142813, 0.3854285714285657, 51.69560714285669, 51.11746428571382, 0.09635714285713139, 0.7708571428571314, 0.09635714285713139, 0.5781428571428685, 0.8190357142856971, 0.4817857142856971, 0.5781428571428685, 0.0, 0.6263214285714344, 0.1927142857143029, 1.0599285714285656, 52.514642857142384, 0.04817857142856569, 51.791964285713824, 51.213821428570995, 52.418285714285254, 53.574571428570955, 52.46646428571382, 52.17739285714239, 52.562821428570956, 51.11746428571382, 0.19271428571426277, 1.5898928571428286, 0.2408928571428686, 1.1081071428571314, 0.8672142857142627, 52.321928571428124, 51.502892857142385, 0.0, 52.85189285714239, 0.5299642857142628, 52.273749999999524, 51.06928571428526, 51.93649999999956, 50.73203571428525, 51.55107142857096, 0.3854285714285657, 0.28907142857143425, 0.28907142857143425, 51.69560714285669, 0.8672142857142627, 0.5781428571428685, 0.43360714285713137, 0.09635714285713139, 1.1081071428571314, 0.5299642857142628, 0.0, 1.6380714285714342, 0.28907142857143425, 0.7226785714285657, 0.0, 0.6263214285714344, 0.7708571428571314, 1.156285714285697, 1.01175, 0.7226785714285657, 52.37010714285669, 51.26199999999956, 0.43360714285713137, 0.09635714285713139, 0.2408928571428686, 0.1445357142856971, 1.2526428571428687, 0.0, 0.2408928571428686, 0.5299642857143029, 0.09635714285713139, 51.98467857142813, 0.2408928571428686, 0.8672142857142627, 2.0716785714285657, 52.514642857142384, 52.514642857142384, 0.19271428571426277, 0.4817857142856971, 49.720285714285254, 0.43360714285713137, 0.04817857142856569, 0.6745, 52.321928571428124, 0.5299642857143029, 0.3854285714285657, 52.321928571428124, 52.65917857142813, 52.17739285714239, 0.6745, 51.64742857142812, 0.33725, 52.514642857142384, 0.7708571428571314, 0.4817857142856971, 52.273749999999524, 1.1081071428571314, 1.349, 0.33725, 0.1927142857143029, 1.01175, 0.5299642857143029, 0.43360714285713137, 0.4817857142856971, 0.33725, 0.43360714285713137, 0.33725, 0.28907142857143425, 1.5898928571428286, 0.19271428571426277, 0.4817857142856971, 0.7226785714285657, 0.8672142857142627, 51.55107142857096, 52.321928571428124, 0.33725, 0.0, 51.93649999999956, 52.65917857142813, 51.74378571428525, 0.5781428571428685, 1.01175, 0.3854285714285657, 50.82839285714239, 51.06928571428526, 1.01175, 0.9635714285714343, 1.2526428571428687, 0.0, 51.55107142857096, 52.65917857142813, 0.33725, 51.406535714285255, 0.7708571428571314, 0.3854285714285657, 1.01175, 52.12921428571382, 0.4817857142856971, 52.803714285713816, 0.6745, 1.5417142857142627, 0.0, 1.5417142857142627, 1.2526428571428687, 0.1445357142856971, 0.04817857142856569, 0.43360714285713137, 1.5898928571428286, 53.574571428570955, 1.68625, 0.04817857142856569, 0.3854285714285657, 0.5299642857142628, 0.2408928571428686, 0.09635714285713139, 0.04817857142856569, 0.04817857142856569, 0.9153928571428285, 2.6016428571428283, 0.1445357142856971, 52.803714285713816, 1.349, 52.032857142856685, 0.5781428571428685, 52.996428571428076, 52.37010714285669, 0.0, 0.2408928571428686, 0.8672142857142627, 0.6745, 1.4453571428571315, 0.04817857142856569, 0.5299642857143029, 0.04817857142856569, 0.1445357142856971, 0.5781428571428685, 0.9153928571428285, 0.2408928571428686, 0.5299642857142628, 1.9271428571428284, 0.7708571428571314, 0.3854285714285657, 0.33725, 50.876571428571, 51.06928571428526, 52.996428571428076, 0.6745, 0.33725, 51.31017857142812, 0.7708571428571314, 51.55107142857096, 0.5781428571428685, 52.418285714285254, 52.321928571428124, 0.09635714285713139, 1.2526428571428687, 0.2408928571428686, 1.5417142857142627, 1.5417142857142627, 0.9153928571428687, 0.7226785714285657, 0.09635714285713139, 0.5781428571428685, 0.43360714285713137, 0.6745, 1.4453571428571315, 0.8672142857142627, 0.28907142857143425, 0.28907142857143425, 1.01175, 0.43360714285713137, 0.28907142857143425, 0.33725, 51.502892857142385, 1.3008214285714343, 51.59924999999956, 1.0599285714285656, 0.2408928571428686, 52.17739285714239, 52.273749999999524, 1.4935357142856969, 0.6263214285714344, 0.3854285714285657, 0.04817857142856569, 0.09635714285713139, 1.7344285714285657, 0.1927142857143029, 0.09635714285713139, 0.2408928571428686, 0.6745, 0.3854285714285657, 0.4817857142856971, 0.5299642857142628, 0.04817857142856569, 0.8190357142856971, 0.1445357142856971, 0.7708571428571314, 1.0599285714285656, 0.33725, 0.2408928571428686, 0.0, 0.4817857142856971, 0.19271428571426277, 1.01175, 0.1445357142856971, 1.01175, 1.2526428571428283, 0.7708571428571314, 0.3854285714285657, 0.7226785714285657, 0.1445357142856971, 1.68625, 1.1081071428571314, 0.28907142857143425, 1.8789642857142628, 0.7226785714285657, 0.7708571428571314, 1.156285714285697, 0.3854285714285657, 0.1445357142856971, 0.0, 0.6745, 1.2526428571428687, 0.28907142857143425, 0.6263214285714344, 0.8672142857142627, 0.3854285714285657, 0.1927142857143029, 0.5781428571428685, 0.9635714285714343, 0.33725, 0.8190357142856971, 1.204464285714263, 0.04817857142856569, 0.43360714285713137, 0.6263214285714344, 0.6263214285714344, 0.1445357142856971, 51.93649999999956, 0.8190357142856971, 0.4817857142856971, 1.1081071428571314, 0.3854285714285657, 1.4935357142856969, 1.5417142857142627, 52.418285714285254, 0.8190357142856971, 51.502892857142385, 1.204464285714263, 1.4453571428571315, 0.19271428571426277, 0.33725, 0.7708571428571314, 1.2526428571428687, 0.5299642857142628, 0.09635714285713139, 0.1445357142856971, 0.33725, 0.7226785714285657, 1.1081071428571314, 51.06928571428526, 0.09635714285713139, 0.1927142857143029, 0.6745, 1.975321428571394, 1.1081071428571314, 0.7708571428571314, 0.28907142857143425, 0.3854285714285657, 0.6745, 0.6745, 50.63567857142812, 0.04817857142856569, 0.28907142857143425, 0.9153928571428687, 0.33725, 0.04817857142856569, 0.5781428571428685, 0.04817857142856569, 52.321928571428124, 0.7708571428571314, 52.22557142857095, 0.8190357142856971, 52.803714285713816, 52.514642857142384, 51.888321428570954, 52.37010714285669, 1.4935357142856969, 0.28907142857143425, 0.19271428571426277, 0.7226785714285657, 1.1081071428571314, 51.213821428570995, 51.406535714285255, 0.8672142857142627, 0.4817857142856971, 0.5781428571428685, 1.156285714285697, 0.1445357142856971, 1.204464285714263, 0.33725, 0.09635714285713139, 0.5299642857142628, 0.28907142857143425, 0.4817857142856971, 0.4817857142856971, 0.1445357142856971, 1.204464285714263, 0.7226785714285657, 0.6745, 0.9635714285714343, 0.3854285714285657, 0.2408928571428686, 1.68625, 0.7708571428571314, 0.2408928571428686, 0.19271428571426277, 0.0, 0.7226785714285657, 0.3854285714285657, 1.4935357142856969, 1.156285714285697, 53.09278571428525, 1.4453571428571315, 0.43360714285713137, 53.09278571428525, 51.021107142856685, 0.2408928571428686, 0.7708571428571314, 1.3971785714285656, 0.09635714285713139, 0.5299642857143029, 0.8190357142856971, 52.37010714285669, 0.8190357142856971, 0.09635714285713139, 52.514642857142384, 52.418285714285254, 51.35835714285669, 0.7708571428571314, 0.3854285714285657, 0.04817857142856569, 1.0599285714285656, 52.273749999999524, 0.2408928571428686, 0.8190357142856971, 0.28907142857143425, 0.8672142857142627, 0.43360714285713137, 52.94824999999952, 52.08103571428526, 0.43360714285713137, 52.08103571428526, 0.28907142857143425, 52.707357142856694, 0.6745, 0.5299642857143029, 0.8190357142856971, 0.5299642857142628, 0.3854285714285657, 0.28907142857143425, 0.8672142857142627, 0.2408928571428686, 0.9153928571428285, 52.61099999999952, 52.514642857142384, 51.021107142856685, 0.3854285714285657, 1.349, 52.514642857142384, 52.65917857142813, 51.791964285713824, 52.61099999999952, 52.37010714285669, 1.01175, 50.97292857142812, 51.45471428571382, 0.1445357142856971, 52.46646428571382, 0.1445357142856971, 0.09635714285713139, 0.3854285714285657, 1.3971785714285656, 0.3854285714285657, 0.7708571428571314, 0.6745, 0.0, 0.5781428571428685, 0.6745, 1.204464285714263, 0.6263214285714344, 1.204464285714263, 1.4453571428571315, 0.1445357142856971, 0.8672142857142627, 0.7226785714285657, 0.1927142857143029, 1.5898928571428286, 0.1927142857143029, 0.8672142857142627, 1.156285714285697, 0.09635714285713139, 0.4817857142856971, 0.5299642857143029, 0.3854285714285657, 52.273749999999524, 0.4817857142856971, 0.1445357142856971, 0.0, 1.2526428571428687, 0.2408928571428686, 0.19271428571426277, 0.09635714285713139, 0.8190357142856971, 0.5781428571428685, 0.8190357142856971, 0.1445357142856971, 0.2408928571428686, 1.0599285714285656, 1.01175, 1.3008214285714343, 0.7226785714285657, 0.8190357142856971, 0.7708571428571314, 0.09635714285713139, 0.43360714285713137, 0.28907142857143425, 1.156285714285697, 0.7226785714285657, 52.75553571428525, 51.64742857142812, 1.2526428571428687, 0.8672142857142627, 0.2408928571428686, 0.9153928571428687, 0.3854285714285657, 51.502892857142385, 51.406535714285255, 0.04817857142856569, 52.803714285713816, 0.09635714285713139, 52.46646428571382, 0.3854285714285657, 0.1445357142856971, 1.3008214285714343, 0.8190357142856971, 1.5898928571428286, 0.1445357142856971, 1.5898928571428286, 1.2526428571428687, 0.04817857142856569, 0.7708571428571314, 0.5299642857142628, 0.6745, 1.0599285714285656, 0.6263214285714344, 0.28907142857143425, 0.6263214285714344, 0.9153928571428687, 0.6745, 0.6745, 1.1081071428571314, 0.4817857142856971, 0.1445357142856971, 1.349, 0.2408928571428686, 51.26199999999956, 1.4453571428571315, 0.6745, 0.28907142857143425, 0.6263214285714344, 0.1445357142856971, 0.6745, 1.204464285714263, 0.1445357142856971, 51.31017857142812, 0.04817857142856569, 0.5299642857143029, 0.5299642857143029, 1.7826071428571313, 1.3008214285714343, 0.1445357142856971, 1.975321428571394, 0.8672142857142627, 0.3854285714285657, 1.2526428571428687, 0.43360714285713137, 0.1445357142856971, 1.156285714285697, 0.7708571428571314, 1.204464285714263, 0.43360714285713137, 52.17739285714239, 0.0, 51.64742857142812, 51.26199999999956, 0.33725, 0.33725, 0.04817857142856569, 1.01175, 0.1927142857143029, 0.33725, 2.0716785714285657, 0.2408928571428686, 52.273749999999524, 52.65917857142813, 0.5299642857143029, 0.9635714285714343, 0.9153928571428687, 0.8190357142856971, 0.9635714285714343, 50.68385714285669, 0.9635714285714343, 0.1445357142856971, 51.791964285713824, 0.1927142857143029, 1.5898928571428286, 1.01175, 1.4935357142856969, 0.28907142857143425, 0.33725, 1.4453571428571315, 0.6263214285714344, 52.46646428571382, 0.5299642857143029, 0.8672142857142627, 0.04817857142856569, 1.0599285714285656, 0.43360714285713137, 52.707357142856694, 51.11746428571382, 53.47821428571382, 52.562821428570956, 1.01175, 0.6263214285714344, 52.46646428571382, 0.5299642857143029, 0.5781428571428685, 0.4817857142856971, 0.9153928571428687, 51.45471428571382, 0.3854285714285657, 0.4817857142856971, 0.33725, 0.5781428571428685, 51.021107142856685, 51.406535714285255, 0.0, 0.7708571428571314, 0.1445357142856971, 0.1445357142856971, 53.23732142857095, 0.2408928571428686, 0.28907142857143425, 52.65917857142813, 51.84014285714239, 0.33725, 0.04817857142856569, 51.98467857142813, 52.562821428570956, 0.5781428571428685, 0.28907142857143425, 0.9635714285714343, 0.6263214285714344, 0.19271428571426277, 0.09635714285713139, 1.156285714285697, 52.65917857142813, 51.59924999999956, 52.85189285714239, 0.9153928571428285, 0.1445357142856971, 0.28907142857143425, 0.7226785714285657, 1.204464285714263, 0.28907142857143425, 0.1445357142856971, 1.3008214285714343, 51.406535714285255, 0.7708571428571314, 0.1445357142856971, 1.2526428571428687, 52.75553571428525, 0.0, 0.9635714285714343, 0.9635714285714343, 0.8190357142856971, 51.888321428570954, 0.1927142857143029, 0.5781428571428685, 1.0599285714285656, 52.321928571428124, 51.55107142857096, 1.2526428571428687, 1.1081071428571314, 51.11746428571382, 51.98467857142813, 51.791964285713824, 0.6263214285714344, 2.119857142857131, 0.9635714285714343, 1.5898928571428286, 0.5299642857143029, 51.84014285714239, 0.3854285714285657, 1.156285714285697, 0.1445357142856971, 0.6745, 0.4817857142856971, 0.9153928571428687, 0.9153928571428687, 0.04817857142856569, 0.1927142857143029, 0.5781428571428685, 0.5781428571428685, 0.9153928571428687, 0.09635714285713139, 0.6263214285714344, 0.6263214285714344, 1.156285714285697, 51.021107142856685, 0.28907142857143425, 0.33725, 51.93649999999956, 51.45471428571382, 0.09635714285713139, 51.791964285713824, 51.45471428571382, 1.349, 0.5299642857143029, 0.2408928571428686, 53.09278571428525, 0.04817857142856569, 52.90007142857095, 0.6263214285714344, 1.204464285714263, 1.5898928571428286, 0.6745, 0.04817857142856569, 0.1445357142856971, 0.04817857142856569, 0.04817857142856569, 0.28907142857143425, 0.09635714285713139, 0.09635714285713139, 0.43360714285713137, 0.7708571428571314, 1.0599285714285656, 1.0599285714285656, 51.98467857142813, 50.53932142857099, 0.33725, 1.1081071428571314, 0.09635714285713139, 0.43360714285713137, 52.803714285713816, 51.06928571428526, 0.6263214285714344, 52.85189285714239, 0.7708571428571314, 52.22557142857095, 51.502892857142385, 1.5898928571428286, 52.273749999999524, 52.65917857142813, 50.298428571428126, 1.01175, 0.2408928571428686, 1.204464285714263, 0.8672142857142627, 1.156285714285697, 0.33725, 0.09635714285713139, 0.1445357142856971, 0.04817857142856569, 1.3008214285714343, 0.09635714285713139, 1.349, 0.5299642857142628, 0.09635714285713139, 1.5898928571428286, 0.8190357142856971, 0.3854285714285657, 0.28907142857143425, 0.33725, 0.09635714285713139, 0.5299642857143029, 0.09635714285713139, 1.3008214285714343, 1.01175, 0.04817857142856569, 0.28907142857143425, 0.28907142857143425, 50.92474999999956, 51.791964285713824, 50.58749999999956, 0.6263214285714344, 50.97292857142812, 53.71910714285664, 0.2408928571428686, 0.3854285714285657, 52.08103571428526, 51.791964285713824, 2.0235, 0.43360714285713137, 1.1081071428571314, 0.6263214285714344, 0.6263214285714344, 0.33725, 0.43360714285713137, 0.7226785714285657, 0.1927142857143029, 52.61099999999952, 0.04817857142856569, 51.888321428570954, 53.04460714285669, 52.37010714285669, 52.707357142856694, 51.406535714285255, 51.213821428570995, 1.349, 1.5417142857142627, 1.4453571428571315, 0.6263214285714344, 0.28907142857143425, 52.273749999999524, 0.6745, 51.021107142856685, 51.98467857142813, 0.3854285714285657, 0.1445357142856971, 0.04817857142856569, 0.5781428571428685, 1.156285714285697, 0.4817857142856971, 52.94824999999952, 0.1927142857143029, 51.84014285714239, 52.85189285714239, 1.349, 51.93649999999956, 0.28907142857143425, 0.9635714285714343, 0.33725, 0.5299642857143029, 0.43360714285713137, 0.09635714285713139, 0.3854285714285657, 50.82839285714239, 52.61099999999952, 50.05753571428526, 0.04817857142856569, 0.5781428571428685, 52.996428571428076, 1.3008214285714343, 0.3854285714285657, 1.3008214285714343, 1.5898928571428286, 0.9153928571428687, 1.1081071428571314, 0.6745, 1.975321428571394, 0.5781428571428685, 0.6745, 0.9635714285714343, 0.4817857142856971, 1.01175, 0.0, 0.4817857142856971, 51.74378571428525, 0.04817857142856569, 0.33725, 0.28907142857143425, 0.0, 0.9153928571428285, 1.3971785714285656, 0.19271428571426277, 0.28907142857143425, 0.0, 1.4935357142856969, 0.5781428571428685, 0.6745, 1.204464285714263, 1.4935357142856969, 1.4453571428571315, 1.2526428571428687, 0.1445357142856971, 1.2526428571428687, 0.8190357142856971, 0.5299642857142628, 0.6263214285714344, 0.6745, 0.4817857142856971, 0.1445357142856971, 0.2408928571428686, 0.5781428571428685, 0.6745, 0.5781428571428685, 0.33725, 1.349, 51.59924999999956, 0.1927142857143029, 0.8672142857142627, 0.2408928571428686, 0.7708571428571314, 0.09635714285713139, 1.0599285714285656, 0.1445357142856971, 0.33725, 0.1445357142856971, 0.19271428571426277, 52.08103571428526, 52.273749999999524, 0.28907142857143425, 49.912999999999556, 0.4817857142856971, 0.09635714285713139, 0.7226785714285657, 0.3854285714285657, 0.5781428571428685, 2.2643928571428282, 0.8672142857142627, 0.8672142857142627, 0.43360714285713137, 0.2408928571428686, 0.2408928571428686, 0.5299642857143029, 0.7226785714285657, 0.5781428571428685, 0.43360714285713137, 0.6263214285714344, 0.04817857142856569, 0.33725, 0.8190357142856971, 0.2408928571428686, 0.2408928571428686, 1.01175, 0.6263214285714344, 0.1927142857143029, 0.19271428571426277, 0.8190357142856971, 0.09635714285713139, 0.6263214285714344, 1.8789642857142628, 1.6380714285714342, 0.3854285714285657, 0.43360714285713137, 0.33725, 1.68625, 0.43360714285713137, 0.7708571428571314, 1.0599285714285656, 0.5299642857142628, 0.1445357142856971, 0.7226785714285657, 0.6745, 0.1445357142856971, 0.9635714285714343, 0.1445357142856971, 0.33725, 0.33725, 1.5417142857142627, 0.09635714285713139, 1.2526428571428687, 52.46646428571382, 52.803714285713816, 0.19271428571426277, 1.4935357142856969, 0.7226785714285657, 0.5299642857143029, 0.6263214285714344, 0.9153928571428687, 0.7708571428571314, 0.5781428571428685, 0.9153928571428687, 0.7226785714285657, 0.8190357142856971, 0.04817857142856569, 0.43360714285713137, 0.7226785714285657, 1.0599285714285656, 1.4453571428571315, 0.09635714285713139, 0.43360714285713137, 1.204464285714263, 51.55107142857096, 51.791964285713824, 0.2408928571428686, 0.28907142857143425, 1.2526428571428283, 52.273749999999524, 0.4817857142856971, 0.8672142857142627, 0.7226785714285657, 0.3854285714285657, 0.8190357142856971, 1.1081071428571314, 1.2526428571428687, 1.204464285714263, 0.28907142857143425, 0.2408928571428686, 0.09635714285713139, 1.0599285714285656, 0.5299642857143029, 0.5299642857143029, 0.1927142857143029, 1.1081071428571314, 0.28907142857143425, 1.349, 0.3854285714285657, 0.3854285714285657, 0.5781428571428685, 0.6745, 1.5417142857142627, 0.4817857142856971, 0.0, 0.6263214285714344, 0.0, 0.5781428571428685, 0.19271428571426277, 0.9153928571428687, 0.33725, 0.4817857142856971, 2.0716785714285657, 1.4935357142856969, 0.9153928571428285, 0.0, 0.0, 0.43360714285713137, 0.7708571428571314, 0.4817857142856971, 0.09635714285713139, 0.09635714285713139, 0.7708571428571314, 52.08103571428526, 0.8672142857142627, 0.7708571428571314, 0.2408928571428686, 51.213821428570995, 1.5417142857142627, 1.4935357142856969, 0.28907142857143425, 0.1927142857143029, 0.5781428571428685, 1.4935357142856969, 52.46646428571382, 1.204464285714263, 51.021107142856685, 0.9153928571428687, 0.9635714285714343, 51.502892857142385, 51.213821428570995, 0.1927142857143029, 1.6380714285714342, 0.28907142857143425, 0.9153928571428687, 0.43360714285713137, 0.3854285714285657, 52.46646428571382, 0.1927142857143029, 0.3854285714285657, 0.43360714285713137, 0.1445357142856971, 0.43360714285713137, 0.6745, 1.3008214285714343, 0.28907142857143425, 0.9153928571428687, 0.6263214285714344, 0.0, 0.09635714285713139, 1.156285714285697, 1.7344285714285657, 0.04817857142856569, 0.5781428571428685, 0.3854285714285657, 1.68625, 0.2408928571428686, 1.5898928571428286, 0.33725, 0.43360714285713137, 0.43360714285713137, 0.1445357142856971, 0.1445357142856971, 1.0599285714285656, 1.204464285714263, 1.01175, 0.0, 0.9635714285714343, 1.3971785714285656, 1.204464285714263, 51.021107142856685, 0.5781428571428685, 52.707357142856694, 0.28907142857143425, 0.1927142857143029, 50.73203571428525, 0.2408928571428686, 51.84014285714239, 0.8672142857142627, 51.59924999999956, 52.12921428571382, 0.04817857142856569, 52.032857142856685, 1.4453571428571315, 0.2408928571428686, 0.33725, 0.28907142857143425, 0.7226785714285657, 0.8672142857142627, 50.876571428571, 1.204464285714263, 51.93649999999956, 52.37010714285669, 0.6745, 0.2408928571428686, 51.11746428571382, 1.204464285714263, 51.59924999999956, 52.273749999999524, 0.19271428571426277, 0.33725, 0.8190357142856971, 0.28907142857143425, 0.8190357142856971, 0.09635714285713139, 0.28907142857143425, 0.0, 0.3854285714285657, 0.3854285714285657, 1.7826071428571313, 0.5781428571428685, 0.5781428571428685, 51.84014285714239, 52.321928571428124, 0.7226785714285657, 0.2408928571428686, 0.5299642857143029, 0.7226785714285657, 0.2408928571428686, 52.17739285714239, 51.31017857142812, 1.204464285714263, 0.33725, 1.156285714285697, 52.08103571428526, 1.8307857142856971, 1.156285714285697, 2.0235, 0.7708571428571314, 51.35835714285669, 0.5299642857142628, 1.01175, 0.33725, 0.7226785714285657, 0.9635714285714343, 0.04817857142856569, 0.4817857142856971, 0.9635714285714343, 0.0, 0.09635714285713139, 0.1445357142856971, 0.0, 0.04817857142856569, 0.43360714285713137, 0.5781428571428685, 0.33725, 0.2408928571428686, 1.156285714285697, 0.6263214285714344, 0.7708571428571314, 0.04817857142856569, 0.6745, 1.01175, 0.04817857142856569, 0.8672142857142627, 1.01175, 51.406535714285255, 51.16564285714239, 53.62274999999952, 1.156285714285697, 51.93649999999956, 0.33725, 1.349, 52.17739285714239, 52.562821428570956, 1.5417142857142627, 51.98467857142813, 0.3854285714285657, 0.2408928571428686, 1.01175, 51.55107142857096, 51.888321428570954, 52.12921428571382, 0.4817857142856971, 51.31017857142812, 51.213821428570995, 0.5299642857143029, 0.6745, 0.28907142857143425, 51.93649999999956, 52.85189285714239, 50.49114285714243, 0.1445357142856971, 1.5898928571428286, 50.05753571428526, 51.791964285713824, 1.349, 0.09635714285713139, 50.53932142857099, 51.406535714285255, 51.84014285714239, 52.803714285713816, 0.9635714285714343, 0.1445357142856971, 0.5781428571428685, 1.0599285714285656, 1.3971785714285656, 1.01175, 1.975321428571394, 1.2526428571428283, 0.9635714285714343, 0.33725, 0.19271428571426277, 51.69560714285669, 52.321928571428124, 0.7226785714285657, 51.888321428570954, 52.22557142857095, 0.3854285714285657, 1.204464285714263, 0.1445357142856971, 52.321928571428124, 52.273749999999524, 0.6263214285714344, 0.2408928571428686, 0.8190357142856971, 0.3854285714285657, 1.349, 0.9635714285714343, 0.5781428571428685, 0.2408928571428686, 1.349, 0.8672142857142627, 0.1927142857143029, 0.09635714285713139, 0.2408928571428686, 0.04817857142856569, 0.9635714285714343, 1.0599285714285656, 0.5299642857143029, 0.1445357142856971, 52.90007142857095, 51.59924999999956, 51.74378571428525, 0.5299642857142628, 52.321928571428124, 51.35835714285669, 0.8672142857142627, 50.97292857142812, 51.31017857142812, 0.43360714285713137, 51.213821428570995, 52.85189285714239, 0.09635714285713139, 51.59924999999956, 52.65917857142813, 52.22557142857095, 0.3854285714285657, 52.22557142857095, 0.7708571428571314, 0.28907142857143425, 0.2408928571428686, 0.6745, 0.5781428571428685, 0.2408928571428686, 0.7708571428571314, 1.6380714285713942, 0.09635714285713139, 0.3854285714285657, 1.68625, 0.9635714285714343, 0.3854285714285657, 0.9635714285714343, 0.5299642857143029, 0.7226785714285657, 0.28907142857143425, 51.06928571428526, 0.9153928571428687, 52.85189285714239, 52.273749999999524, 0.5299642857143029, 0.6745, 0.28907142857143425, 0.3854285714285657, 0.9635714285714343, 0.3854285714285657, 1.0599285714285656, 0.4817857142856971, 52.22557142857095, 52.12921428571382, 51.35835714285669, 51.31017857142812, 52.37010714285669, 51.021107142856685, 0.5299642857142628, 0.6263214285714344, 0.1445357142856971, 0.2408928571428686, 0.9153928571428687, 0.04817857142856569, 1.7344285714285657, 1.3008214285714343, 0.43360714285713137, 0.5781428571428685, 0.1445357142856971, 1.3971785714285656, 0.8190357142856971, 0.9153928571428687, 1.349, 0.0, 1.1081071428571314, 52.85189285714239, 0.7226785714285657, 1.204464285714263, 0.33725, 0.1927142857143029, 1.3971785714285656, 0.09635714285713139, 1.0599285714285656, 0.43360714285713137, 51.55107142857096, 52.803714285713816, 0.04817857142856569, 0.28907142857143425, 0.7708571428571314, 52.90007142857095, 51.06928571428526, 0.8190357142856971, 0.5299642857143029, 0.6263214285714344, 1.4453571428571315, 0.09635714285713139, 0.2408928571428686, 0.6263214285714344, 0.4817857142856971, 0.4817857142856971, 0.4817857142856971, 0.33725, 0.9153928571428687, 0.28907142857143425, 50.876571428571, 0.6745, 51.26199999999956, 0.1445357142856971, 0.43360714285713137, 1.975321428571394, 1.01175, 0.4817857142856971, 51.502892857142385, 0.43360714285713137, 0.43360714285713137, 0.7708571428571314, 0.6745, 1.204464285714263, 1.156285714285697, 0.8190357142856971, 0.43360714285713137, 0.09635714285713139, 52.22557142857095, 0.5781428571428685, 0.5781428571428685, 0.2408928571428686, 1.349, 52.22557142857095, 51.64742857142812, 51.98467857142813, 0.8672142857142627, 0.2408928571428686, 0.6745, 0.2408928571428686, 1.349, 1.349, 0.04817857142856569, 1.1081071428571314, 0.5781428571428685, 1.7344285714285657, 1.4453571428571315, 0.6263214285714344, 0.2408928571428686, 0.6263214285714344, 1.3971785714285656, 0.8672142857142627, 50.92474999999956, 51.16564285714239, 0.1927142857143029, 0.33725, 0.7226785714285657, 1.7344285714285657, 0.7708571428571314, 1.4453571428571315, 1.4935357142856969, 0.1445357142856971, 0.3854285714285657, 0.3854285714285657, 0.9635714285714343, 1.0599285714285656, 0.8672142857142627, 0.43360714285713137, 0.04817857142856569, 0.2408928571428686, 0.7226785714285657, 0.33725, 2.0235, 0.7226785714285657, 0.5781428571428685, 1.3008214285714343, 0.09635714285713139, 0.7708571428571314, 0.09635714285713139, 1.5898928571428286, 0.43360714285713137, 0.1445357142856971, 0.1927142857143029, 0.1927142857143029, 0.43360714285713137, 0.8672142857142627, 1.156285714285697, 0.2408928571428686, 0.8672142857142627, 1.0599285714285656, 0.28907142857143425, 1.3971785714285656, 0.6745, 0.33725, 51.502892857142385, 0.9153928571428687, 1.1081071428571314, 51.64742857142812, 0.09635714285713139, 0.43360714285713137, 0.7226785714285657, 1.4453571428571315, 0.8190357142856971, 52.22557142857095, 51.84014285714239, 0.0, 0.5299642857143029, 51.69560714285669, 51.74378571428525, 0.6263214285714344, 0.4817857142856971, 0.5781428571428685, 0.5781428571428685, 0.43360714285713137, 51.98467857142813, 0.09635714285713139, 50.780214285713825, 0.33725, 52.321928571428124, 0.1927142857143029, 0.6745, 0.0, 51.888321428570954, 1.204464285714263, 0.04817857142856569, 51.35835714285669, 0.6263214285714344, 0.0, 0.28907142857143425, 0.0, 0.3854285714285657, 1.349, 0.9153928571428285, 1.01175, 0.04817857142856569, 0.1445357142856971, 0.28907142857143425, 1.6380714285713942, 0.33725, 1.1081071428571314, 0.1445357142856971, 0.3854285714285657, 0.19271428571426277, 1.0599285714285656, 1.4453571428571315, 0.6263214285714344, 0.6263214285714344, 1.1081071428571314, 51.791964285713824, 51.502892857142385, 1.7826071428571313, 0.6263214285714344, 2.2643928571428282, 0.1927142857143029, 0.3854285714285657, 1.156285714285697, 1.156285714285697, 0.28907142857143425, 1.0599285714285656, 0.43360714285713137, 0.3854285714285657, 0.1927142857143029, 1.4935357142856969, 1.4935357142856969, 0.5781428571428685, 0.6263214285714344, 0.5781428571428685, 1.5417142857142627, 0.5299642857143029, 0.43360714285713137, 1.1081071428571314, 0.3854285714285657, 1.0599285714285656, 0.19271428571426277, 0.09635714285713139, 0.19271428571426277, 1.349, 0.9153928571428687, 51.93649999999956, 51.213821428570995, 51.791964285713824, 0.3854285714285657, 52.90007142857095, 51.888321428570954, 53.09278571428525, 51.84014285714239, 1.204464285714263, 0.09635714285713139, 0.1927142857143029, 0.5299642857142628, 0.1927142857143029, 52.46646428571382, 52.032857142856685, 0.9153928571428687, 0.33725, 0.33725, 0.2408928571428686, 0.6263214285714344, 0.28907142857143425, 0.1445357142856971, 0.6745, 1.1081071428571314, 0.0, 0.7226785714285657, 1.3971785714285656, 1.7826071428571313, 0.43360714285713137, 0.3854285714285657, 0.4817857142856971, 0.28907142857143425, 0.6263214285714344, 0.5299642857143029, 1.3971785714285656, 0.7708571428571314, 1.4453571428571315, 1.01175, 0.33725, 0.6263214285714344, 0.9153928571428687, 0.7708571428571314, 1.01175, 1.4935357142856969, 1.1081071428571314, 0.1445357142856971, 1.1081071428571314, 0.7708571428571314, 0.1445357142856971, 1.349, 1.5898928571428286, 1.3008214285714343, 0.19271428571426277, 0.33725, 1.4453571428571315, 52.22557142857095, 52.46646428571382, 0.8672142857142627, 52.75553571428525, 1.01175, 0.9635714285714343, 0.33725, 0.09635714285713139, 50.73203571428525, 0.04817857142856569, 0.04817857142856569, 0.2408928571428686, 0.33725, 0.1445357142856971, 0.9153928571428285, 0.33725, 52.032857142856685, 1.156285714285697, 0.1927142857143029, 2.2643928571428282, 53.71910714285664, 0.4817857142856971, 1.5898928571428286, 0.19271428571426277, 1.4453571428571315, 1.0599285714285656, 0.28907142857143425, 0.2408928571428686, 0.1927142857143029, 0.33725, 0.09635714285713139, 0.19271428571426277, 0.5299642857142628, 51.45471428571382, 0.9635714285714343, 0.19271428571426277, 1.204464285714263, 53.86364285714239, 0.1927142857143029, 51.69560714285669, 0.43360714285713137, 1.349, 51.888321428570954, 0.19271428571426277, 51.64742857142812, 0.28907142857143425, 0.9153928571428285, 0.9153928571428687, 0.5781428571428685, 51.26199999999956, 52.17739285714239, 1.1081071428571314, 0.5781428571428685, 52.032857142856685, 51.69560714285669, 53.09278571428525, 52.08103571428526, 51.021107142856685, 2.0716785714285657, 50.68385714285669, 52.94824999999952, 0.6263214285714344, 1.2526428571428687, 0.5781428571428685, 0.33725, 1.1081071428571314, 0.1445357142856971, 0.28907142857143425, 0.5299642857142628, 0.9153928571428687, 0.3854285714285657, 52.562821428570956, 0.1445357142856971, 0.5781428571428685, 0.19271428571426277, 0.5299642857143029, 0.0, 0.19271428571426277, 0.9635714285714343, 0.6263214285714344, 0.09635714285713139, 1.156285714285697, 0.33725, 1.156285714285697, 0.33725, 0.28907142857143425, 0.2408928571428686, 1.6380714285714342, 0.1445357142856971, 0.7226785714285657, 1.156285714285697, 0.19271428571426277, 0.4817857142856971, 0.19271428571426277, 0.0, 1.4453571428571315, 0.9635714285714343, 0.5299642857142628, 0.1445357142856971, 1.01175, 0.7226785714285657, 1.3971785714285656, 0.2408928571428686, 0.9153928571428687, 1.5898928571428286, 0.3854285714285657, 0.19271428571426277, 0.7708571428571314, 0.0, 0.43360714285713137, 0.1927142857143029, 0.7708571428571314, 0.9635714285714343, 0.7708571428571314, 1.1081071428571314, 0.04817857142856569, 0.8190357142856971, 51.502892857142385, 52.996428571428076, 50.63567857142812, 0.04817857142856569, 0.8672142857142627, 1.0599285714285656, 1.204464285714263, 0.7708571428571314, 0.04817857142856569, 0.04817857142856569, 0.09635714285713139, 0.33725, 0.7226785714285657, 1.0599285714285656, 0.5781428571428685, 1.5898928571428286, 0.04817857142856569, 1.0599285714285656, 0.5299642857143029, 0.6263214285714344, 0.9153928571428687, 0.19271428571426277, 0.7226785714285657, 0.3854285714285657, 0.6263214285714344, 0.28907142857143425, 0.2408928571428686, 0.5781428571428685, 1.2526428571428283, 0.2408928571428686, 0.9153928571428285, 0.1927142857143029, 0.33725, 0.1445357142856971, 52.61099999999952, 0.5781428571428685, 0.8672142857142627, 1.349, 0.7226785714285657, 0.5781428571428685, 0.09635714285713139, 0.9635714285714343, 0.7708571428571314, 0.4817857142856971, 0.09635714285713139, 0.7226785714285657, 0.7708571428571314, 1.3971785714285656, 0.09635714285713139, 0.43360714285713137, 1.3008214285714343, 0.5781428571428685, 1.1081071428571314, 0.09635714285713139, 0.3854285714285657, 1.01175, 0.6263214285714344, 0.8672142857142627, 0.8190357142856971, 1.2526428571428687, 1.2526428571428687, 0.09635714285713139, 0.09635714285713139, 1.01175, 1.4935357142856969, 0.09635714285713139, 1.349, 0.5781428571428685, 1.01175, 1.1081071428571314, 0.8672142857142627, 1.156285714285697, 0.28907142857143425, 1.0599285714285656, 0.1445357142856971, 0.2408928571428686, 0.5781428571428685, 0.5299642857143029, 0.9153928571428285, 0.43360714285713137, 0.2408928571428686, 1.1081071428571314, 0.8672142857142627, 0.2408928571428686, 0.6745, 1.5417142857142627, 1.01175, 0.09635714285713139, 0.04817857142856569, 0.28907142857143425, 0.4817857142856971, 0.43360714285713137, 1.6380714285713942, 0.1927142857143029, 0.8672142857142627, 1.4453571428571315, 0.8672142857142627, 0.8672142857142627, 1.2526428571428687, 0.8190357142856971, 0.09635714285713139, 1.156285714285697, 0.3854285714285657, 0.33725, 0.6263214285714344, 0.8190357142856971, 0.5299642857143029, 0.09635714285713139, 0.28907142857143425, 0.3854285714285657, 0.1445357142856971, 0.43360714285713137, 0.2408928571428686, 1.0599285714285656, 0.4817857142856971, 1.1081071428571314, 0.7708571428571314, 0.8672142857142627, 0.0, 0.5299642857143029, 0.2408928571428686, 0.09635714285713139, 0.3854285714285657, 1.349, 0.7226785714285657, 1.349, 0.33725, 0.7226785714285657, 0.09635714285713139, 1.156285714285697, 0.2408928571428686, 0.33725, 0.9153928571428687, 0.5299642857143029, 0.9635714285714343, 0.09635714285713139, 1.4453571428571315, 0.5781428571428685, 0.3854285714285657, 0.43360714285713137, 0.0, 0.6263214285714344, 0.1445357142856971, 1.204464285714263, 0.7226785714285657, 0.6263214285714344, 0.1927142857143029, 0.2408928571428686, 1.2526428571428687, 0.6745, 0.43360714285713137, 0.8190357142856971, 0.28907142857143425, 0.5781428571428685, 0.2408928571428686, 0.9635714285714343, 1.1081071428571314, 2.2643928571428282, 0.6263214285714344, 1.01175, 0.3854285714285657, 0.33725, 1.3008214285714343, 0.4817857142856971, 0.09635714285713139, 0.5299642857143029, 1.7826071428571313, 0.7226785714285657, 51.74378571428525, 51.16564285714239, 0.6263214285714344, 0.09635714285713139, 0.5781428571428685, 0.28907142857143425, 0.5299642857143029, 0.8190357142856971, 2.119857142857131, 0.28907142857143425, 0.5781428571428685, 0.3854285714285657, 1.7344285714285657, 1.156285714285697, 0.04817857142856569, 0.0, 1.01175, 0.8190357142856971, 1.6380714285714342, 0.09635714285713139, 1.3971785714285656, 0.4817857142856971, 0.4817857142856971, 1.0599285714285656, 3.1316071428571313, 1.3971785714285656, 2.0716785714285657, 0.43360714285713137, 0.0, 0.2408928571428686, 0.9635714285714343, 0.3854285714285657, 0.8190357142856971, 0.3854285714285657, 0.19271428571426277, 0.2408928571428686, 0.1445357142856971, 0.4817857142856971, 0.43360714285713137, 0.2408928571428686, 0.5299642857143029, 1.3971785714285656, 0.19271428571426277, 0.19271428571426277, 0.3854285714285657, 0.8190357142856971, 52.032857142856685, 0.4817857142857372, 1.4453571428571315, 0.5781428571428284, 0.8190357142857372, 1.2526428571428283, 0.1445357142856971, 0.9153928571428687, 1.2044642857143029, 0.28907142857143425, 0.8672142857142627, 0.7708571428571314, 2.168035714285697, 0.6263214285714344, 0.8672142857143028, 1.01174999999996, 51.599249999999515, 0.8190357142856971, 52.273749999999524, 53.381857142856646, 52.22557142857095, 1.01175, 1.8789642857142628, 0.5781428571428685, 0.6745, 51.74378571428525, 52.17739285714239, 52.418285714285254, 51.45471428571382, 1.1081071428571314, 53.95999999999952, 0.4817857142857372, 51.11746428571382, 51.74378571428525, 51.93649999999951, 0.33725, 0.8190357142857372, 0.9635714285713942, 1.7344285714285255, 0.09635714285713139, 51.55107142857096, 51.74378571428525, 0.2890714285713942, 0.33725, 1.2526428571428283, 0.8672142857143028, 1.0599285714285656, 0.0, 0.6263214285714344, 0.43360714285713137, 0.8672142857142627, 0.3854285714285657, 0.3854285714285657, 1.3008214285713942, 0.5299642857142628, 1.01175, 1.7826071428571313, 0.09635714285713139, 0.1927142857143029, 0.28907142857143425, 1.7826071428571313, 0.6745, 0.2408928571428686, 0.04817857142856569, 0.5299642857142628, 0.7708571428571314, 0.09635714285717151, 0.04817857142856569, 0.7708571428571314, 0.33725, 0.6745, 1.541714285714303, 51.69560714285669, 52.32192857142808, 0.2408928571428285, 0.9153928571428687, 0.09635714285713139, 0.8190357142857372, 0.43360714285713137, 1.01175, 1.1081071428571314, 0.4817857142857372, 1.6380714285713942, 0.2408928571428686, 0.7708571428571314, 0.5299642857142628, 0.33725, 0.6745, 0.04817857142856569, 0.1445357142857372, 0.5299642857142628, 0.3854285714285657, 1.349, 0.5299642857143029, 52.12921428571382, 0.09635714285713139, 0.9153928571428687, 0.09635714285717151, 0.1927142857143029, 1.8789642857142628, 0.9153928571428687, 51.213821428570945, 0.5781428571428685, 1.7344285714285657, 1.2526428571428283, 1.01174999999996, 52.37010714285665, 0.2408928571428686, 51.35835714285669, 0.2408928571428285, 0.7708571428571314, 0.7708571428571314, 0.8190357142857372, 0.3854285714285657, 0.8672142857143028, 0.7226785714285657, 52.996428571428076, 1.7344285714285657, 0.8672142857143028, 51.406535714285255, 50.87657142857095, 0.5781428571428685, 0.3854285714285657, 0.6745, 0.5781428571428284, 0.19271428571426277, 1.4453571428571315, 0.3854285714285657, 0.7708571428571314, 0.4336071428571715, 0.33725, 0.33725, 0.2408928571428285, 0.1927142857143029, 0.6263214285714344, 1.2526428571428687, 1.3971785714285656, 0.4336071428571715, 0.1927142857143029, 0.9635714285714343, 0.09635714285713139, 1.3971785714285656, 0.2408928571428686, 0.04817857142856569, 0.5299642857142628, 0.33725, 1.4453571428571315, 0.3854285714285657, 0.8190357142856971, 0.7708571428571314, 53.14096428571382, 52.273749999999524, 52.08103571428526, 0.28907142857143425, 0.04817857142856569, 0.1445357142856971, 0.2890714285713942, 1.0599285714285656, 0.8672142857143028, 52.32192857142808, 2.119857142857131, 0.4336071428571715, 52.273749999999524, 52.12921428571382, 0.2890714285713942, 52.17739285714239, 51.64742857142808, 0.6263214285713943, 0.33725, 0.33725, 51.791964285713824, 0.43360714285713137, 51.64742857142808, 51.888321428570954, 0.04817857142856569, 52.32192857142808, 52.22557142857095, 0.04817857142856569, 0.28907142857143425, 0.9635714285713942, 0.43360714285713137, 0.0, 0.43360714285713137, 0.33725, 51.791964285713824, 0.28907142857143425, 0.7708571428571314, 1.0599285714285656, 0.04817857142856569, 0.09635714285717151, 1.2044642857143029, 0.1927142857143029, 0.5299642857143029, 0.9153928571428687, 0.4817857142856971, 1.0599285714285656, 1.01175, 0.3854285714285657, 0.6745, 1.156285714285737, 0.28907142857143425, 0.7226785714285657, 0.04817857142856569, 0.6263214285713943, 1.156285714285737, 52.75553571428525, 0.19271428571426277, 0.8672142857143028, 2.312571428571394, 0.1445357142857372, 0.7708571428571314, 52.37010714285665, 52.37010714285665, 52.08103571428526, 52.17739285714239, 51.888321428570954, 52.12921428571382, 0.7708571428571314, 0.7226785714285657, 0.3854285714285657, 0.2408928571428686, 52.12921428571382, 52.32192857142808, 52.08103571428526, 52.273749999999524, 1.68625, 52.032857142856685, 51.93649999999951, 0.09635714285713139, 0.1445357142857372, 1.1081071428571314, 0.5299642857143029, 0.6745, 0.1445357142857372, 0.5781428571428284, 2.119857142857131, 0.2890714285713942, 0.4336071428571715, 52.85189285714239, 0.1445357142857372, 0.09635714285717151, 51.93649999999951, 0.2408928571428285, 0.7226785714285657, 0.4336071428571715, 0.1445357142857372, 0.2408928571428686, 1.2526428571428687, 0.2408928571428686, 0.6263214285713943, 0.5299642857143029, 0.7708571428571314, 1.8789642857142628, 0.0, 0.8190357142857372, 0.1445357142857372, 0.2890714285713942, 1.0599285714285656, 0.7226785714285657, 0.7226785714285657, 0.1445357142857372, 51.64742857142808, 52.17739285714239, 0.33725, 0.5781428571428685, 0.7708571428571314, 0.1445357142856971, 0.1445357142856971, 0.0, 0.4817857142857372, 0.4336071428571715, 0.1927142857143029, 0.4817857142857372, 0.5781428571428284, 51.984678571428084, 1.0599285714285656, 2.216214285714263, 1.01175, 0.4817857142857372, 0.4817857142857372, 1.7344285714285657, 0.09635714285717151, 0.8672142857143028, 0.04817857142856569, 0.7226785714285657, 51.502892857142385, 51.984678571428084, 2.2643928571428686, 1.01175, 0.1445357142857372, 0.33725, 0.19271428571426277, 0.1445357142857372, 1.2526428571428687, 0.7708571428571314, 0.8672142857143028, 1.349, 0.5299642857142628, 0.6263214285714344, 1.0599285714285656, 1.156285714285737, 0.8190357142856971, 0.0, 0.7708571428571314, 0.28907142857143425, 0.2408928571428686, 0.2890714285713942, 0.3854285714285657, 0.33725, 0.7226785714285657, 0.3854285714285657, 0.19271428571426277, 0.09635714285717151, 0.04817857142856569, 0.1445357142856971, 0.9635714285714343, 0.4817857142857372, 0.9635714285713942, 0.2890714285713942, 0.1445357142857372, 52.12921428571382, 51.888321428570954, 0.1927142857143029, 0.7708571428571314, 0.1445357142857372, 0.5299642857142628, 1.3008214285714343, 1.3971785714285656, 0.3854285714285657, 0.9635714285714343, 0.4817857142856971, 0.9153928571428285, 51.888321428570954, 51.74378571428525, 51.888321428570954, 1.2526428571428687, 1.6380714285714342, 2.216214285714263, 0.43360714285713137, 51.55107142857096, 52.37010714285665, 52.32192857142808, 1.3008214285713942, 52.514642857142384, 51.599249999999515, 0.1927142857143029, 0.1927142857143029, 0.28907142857143425, 0.1445357142857372, 52.85189285714239, 52.08103571428526, 0.33725, 52.803714285713816, 0.3854285714285657, 0.33725, 0.1927142857143029, 0.1927142857143029, 51.888321428570954, 52.32192857142808, 0.04817857142856569, 1.3008214285714343, 52.707357142856644, 52.08103571428526, 51.213821428570945, 0.6745, 51.502892857142385, 0.6263214285713943, 51.35835714285669, 51.69560714285669, 52.418285714285254, 52.32192857142808, 52.75553571428525, 0.4817857142857372, 2.842535714285697, 1.3008214285713942, 52.22557142857095, 1.4453571428571315, 53.04460714285665, 0.6745, 0.6263214285714344, 0.33725, 0.19271428571426277, 0.5299642857142628, 52.08103571428526, 50.49114285714239, 0.2890714285713942, 0.4336071428571715, 51.502892857142385, 0.3854285714285657, 51.984678571428084, 51.16564285714239, 0.7708571428571314, 52.12921428571382, 1.01174999999996, 52.61099999999952, 0.8190357142856971, 0.5299642857142628, 0.9635714285713942, 0.3854285714285657, 1.1081071428571314, 0.4336071428571715, 0.7708571428571314, 0.5299642857143029, 0.28907142857143425, 1.156285714285737, 0.04817857142856569, 0.4817857142856971, 0.7226785714285657, 1.0599285714285656, 1.156285714285737, 0.4817857142856971, 0.6263214285714344, 0.5781428571428685, 0.2408928571428285, 0.3854285714285657, 0.2408928571428686, 0.6745, 1.2526428571428687, 0.7226785714285657, 1.2044642857143029, 0.2408928571428686, 1.01175, 0.2408928571428285, 0.4336071428571715, 0.6263214285713943, 0.3854285714285657, 0.1927142857143029, 52.22557142857095, 51.16564285714239, 0.6263214285714344, 0.7708571428571314, 1.2526428571428283, 0.9635714285714343, 1.1081071428571314, 0.2890714285713942, 0.7226785714285657, 0.8190357142857372, 0.5781428571428284, 0.1445357142857372, 1.0599285714285656, 1.01175, 0.04817857142856569, 1.4453571428571315, 0.28907142857143425, 1.6862499999999598, 0.8672142857142627, 1.156285714285737, 0.09635714285717151, 0.9153928571428687, 51.06928571428526, 0.2408928571428686, 0.04817857142856569, 0.1445357142856971, 0.2890714285713942, 0.6263214285713943, 0.5781428571428685, 1.3008214285714343, 0.8672142857143028, 0.33725, 0.2890714285713942, 1.541714285714303, 0.4336071428571715, 0.7708571428571314, 0.1927142857143029, 0.2890714285713942, 1.4453571428571315, 0.5299642857142628, 0.5781428571428685, 0.5299642857142628, 0.4336071428571715, 2.457107142857091, 0.7226785714285657, 0.04817857142856569, 0.19271428571426277, 0.19271428571426277, 0.5781428571428685, 0.19271428571426277, 0.1927142857143029, 0.4817857142857372, 1.2044642857143029, 0.7708571428571314, 0.8672142857142627, 0.09635714285717151, 0.6263214285714344, 0.09635714285717151, 0.7708571428571314, 0.5299642857142628, 0.3854285714285657, 0.9153928571428687, 52.418285714285254, 51.021107142856685, 1.156285714285737, 51.93649999999951, 52.996428571428076, 0.7708571428571314, 0.1445357142856971, 0.04817857142856569, 0.2890714285713942, 1.2526428571428687, 0.3854285714285657, 0.1445357142856971, 0.5781428571428685, 0.2408928571428285, 0.4336071428571715, 0.1445357142856971, 0.3854285714285657, 0.2408928571428285, 0.2408928571428285, 0.8672142857142627, 1.2044642857143029, 0.9153928571428687, 1.156285714285697, 0.04817857142856569, 1.0599285714285656, 1.0599285714285656, 0.2408928571428285, 0.33725, 0.2890714285713942, 0.3854285714285657, 0.33725, 0.1445357142857372, 0.6745, 0.2890714285713942, 0.19271428571426277, 0.04817857142856569, 0.8672142857142627, 0.09635714285713139, 0.2408928571428285, 1.68625, 0.04817857142856569, 0.5781428571428685, 1.3008214285713942, 0.7226785714285657, 0.8190357142856971, 0.2408928571428686, 0.33725, 1.541714285714303, 0.2408928571428686, 0.7226785714285657, 0.5299642857143029, 0.4336071428571715, 2.168035714285697, 0.9153928571428687, 0.9635714285714343, 0.28907142857143425, 0.9153928571428285, 0.19271428571426277, 0.04817857142856569, 0.4336071428571715, 1.1081071428571314, 0.3854285714285657, 0.33725, 0.33725, 0.09635714285713139, 0.0, 0.33725, 0.3854285714285657, 52.032857142856685, 0.9635714285713942, 0.04817857142856569, 0.3854285714285657, 53.04460714285665, 1.4453571428571315, 0.33725, 0.09635714285717151, 52.273749999999524, 51.84014285714239, 0.09635714285717151, 0.0, 0.43360714285713137, 52.418285714285254, 0.09635714285717151, 51.84014285714239, 1.7826071428571313, 0.8672142857143028, 0.7226785714285657, 0.2408928571428285, 0.7226785714285657, 0.8190357142856971, 0.5299642857142628, 0.2408928571428686, 1.1081071428571314, 1.156285714285697, 0.5781428571428284, 0.7226785714285657, 0.5299642857142628, 0.8672142857143028, 0.3854285714285657, 1.3008214285714343, 0.5299642857143029, 1.1081071428571314, 0.8190357142856971, 0.6263214285713943, 1.0599285714285656, 0.04817857142856569, 1.68625, 0.28907142857143425, 0.5299642857143029, 0.09635714285713139, 0.04817857142856569, 0.9153928571428687, 1.541714285714303, 0.1445357142856971, 2.2643928571428282, 0.33725, 0.7708571428571314, 1.3008214285713942, 2.5052857142856975, 0.5299642857143029, 0.6745, 0.09635714285713139, 0.7226785714285657, 50.92474999999951, 0.2890714285713942, 0.4817857142856971, 0.3854285714285657, 0.04817857142856569, 0.3854285714285657, 0.09635714285717151, 0.3854285714285657, 1.3971785714285656, 1.3008214285713942, 52.418285714285254, 0.3854285714285657, 0.04817857142856569, 2.119857142857091, 1.5898928571428685, 1.0599285714285656, 1.4453571428571315, 53.33367857142809, 0.19271428571426277, 0.7226785714285657, 0.04817857142856569, 1.0599285714285656, 0.1927142857143029, 0.2890714285713942, 1.3008214285713942, 0.6745, 0.8190357142857372, 1.2044642857143029, 0.43360714285713137, 1.1081071428571314, 0.43360714285713137, 0.5299642857142628, 0.9635714285713942, 0.9635714285713942, 1.204464285714263, 0.43360714285713137, 0.33725, 51.888321428570954, 1.156285714285697, 0.04817857142856569, 0.5299642857142628, 1.349, 52.514642857142384, 52.996428571428076, 0.0, 0.7226785714285657, 0.4336071428571715, 0.4817857142857372, 0.4336071428571715, 0.7708571428571314, 0.09635714285717151, 51.64742857142808, 51.502892857142385, 52.032857142856685, 0.33725, 0.7226785714285657, 51.791964285713824, 0.1445357142857372, 0.33725, 51.984678571428084, 0.5781428571428685, 0.28907142857143425, 0.6745, 52.418285714285254, 0.6263214285713943, 0.04817857142856569, 0.2890714285713942, 0.33725, 0.28907142857143425, 0.5299642857142628, 0.09635714285713139, 0.1445357142856971, 0.3854285714285657, 51.888321428570954, 0.7226785714285657, 52.803714285713816, 0.04817857142856569, 0.5781428571428685, 0.9635714285713942, 0.8672142857142627, 2.794357142857131, 0.6745, 50.780214285713825, 51.84014285714239, 0.1445357142856971, 52.75553571428525, 52.90007142857095, 51.74378571428525, 0.1445357142856971, 52.61099999999952, 51.888321428570954, 1.01175, 0.33725, 51.599249999999515, 50.82839285714239, 0.09635714285717151, 0.7226785714285657, 0.5781428571428685, 0.3854285714285657, 0.8190357142857372, 0.09635714285713139, 0.8190357142856971, 0.1927142857143029, 0.9153928571428687, 1.3008214285713942, 0.33725, 0.28907142857143425, 0.7226785714285657, 1.204464285714263, 1.204464285714263, 0.33725, 0.8190357142857372, 0.5299642857142628, 0.09635714285717151, 1.349, 0.7226785714285657, 1.01174999999996, 0.19271428571426277, 0.4336071428571715, 52.37010714285665, 51.84014285714239, 0.6263214285714344, 0.2408928571428686, 0.09635714285713139, 0.04817857142856569, 0.2408928571428686, 0.4817857142857372, 0.9153928571428687, 0.3854285714285657, 1.1081071428571314, 0.6745, 0.09635714285717151, 0.19271428571426277, 0.28907142857143425, 0.1445357142856971, 0.9153928571428687, 0.33725, 0.1445357142857372, 0.09635714285713139, 0.04817857142856569, 52.46646428571382, 52.22557142857095, 51.84014285714239, 51.55107142857096, 0.6745, 0.6263214285713943, 0.8672142857143028, 1.3008214285714343, 1.3008214285713942, 52.418285714285254, 52.08103571428526, 51.45471428571382, 0.09635714285713139, 0.6745, 0.9635714285714343, 0.04817857142856569, 0.6745, 0.0, 0.9635714285713942, 0.7708571428571314, 0.1445357142857372, 1.156285714285737, 1.3971785714285656, 1.68625, 0.6745, 1.204464285714263, 1.2526428571428687, 0.8190357142856971, 53.09278571428521, 53.23732142857095, 53.09278571428521, 1.1081071428571314, 0.09635714285717151, 0.1445357142857372, 1.156285714285737, 0.7226785714285657, 0.3854285714285657, 1.9753214285714342, 0.2408928571428285, 0.8672142857142627, 0.9153928571428285, 1.6380714285713942, 52.22557142857095, 0.28907142857143425, 0.4817857142857372, 0.6263214285713943, 52.418285714285254, 52.46646428571382, 1.0599285714285656, 51.35835714285669, 1.156285714285737, 0.9635714285714343, 1.0599285714285656, 0.0, 1.1081071428571314, 1.0599285714285656, 0.28907142857143425, 0.7226785714285657, 1.2044642857143029, 0.4817857142857372, 1.0599285714285656, 0.9635714285713942, 0.2408928571428686, 0.9635714285714343, 0.04817857142856569, 0.9635714285713942, 0.7708571428571314, 1.01175, 52.65917857142808, 50.92474999999951, 0.6263214285714344, 0.1927142857143029, 1.204464285714263, 0.0, 0.33725, 2.168035714285697, 0.04817857142856569, 0.6263214285714344, 0.5781428571428685, 0.33725, 0.9635714285714343, 1.4453571428571315, 0.04817857142856569, 1.4453571428571315, 0.6263214285713943, 0.09635714285717151, 0.6263214285714344, 0.04817857142856569, 1.2526428571428687, 0.4817857142857372, 0.7708571428571314, 0.5781428571428685, 1.0599285714285656, 0.2408928571428285, 0.8190357142857372, 0.09635714285713139, 1.2526428571428283, 0.8672142857142627, 1.204464285714263, 1.01175, 0.1445357142856971, 0.09635714285713139, 0.19271428571426277, 53.09278571428521, 51.888321428570954, 0.1445357142857372, 52.37010714285665, 50.58749999999956, 0.04817857142856569, 1.2526428571428283, 0.1927142857143029, 0.1445357142856971, 53.33367857142809, 0.09635714285717151, 0.5781428571428284, 0.8672142857142627, 0.2890714285713942, 0.2408928571428686, 1.5898928571428286, 0.9153928571428687, 1.1081071428571314, 0.6745, 1.1081071428571314, 0.09635714285717151, 1.9271428571428686, 1.1081071428571314, 0.04817857142856569, 0.4817857142856971, 1.4453571428571315, 0.19271428571426277, 0.8190357142857372, 0.3854285714285657, 0.6745, 1.68625, 0.33725, 0.19271428571426277, 0.5299642857142628, 0.0, 0.1927142857143029, 0.43360714285713137, 0.4336071428571715, 0.28907142857143425, 51.599249999999515, 52.90007142857095, 52.37010714285665, 0.5299642857142628, 0.09635714285717151, 0.6263214285714344, 0.8672142857143028, 0.8672142857143028, 0.5299642857143029, 0.5781428571428685, 0.1927142857143029, 0.33725, 0.5781428571428685, 0.1445357142856971, 0.04817857142856569, 0.33725, 0.1445357142857372, 0.6745, 0.09635714285717151, 0.2408928571428285, 0.2408928571428285, 0.5781428571428685, 0.7708571428571314, 1.6380714285714342, 0.1445357142856971, 0.7226785714285657, 0.7226785714285657, 0.9153928571428285, 0.04817857142856569, 0.5781428571428685, 53.43003571428521, 0.0, 52.17739285714239, 52.90007142857095, 0.1445357142856971, 0.9635714285714343, 0.04817857142856569, 52.08103571428526, 52.22557142857095, 0.09635714285717151, 0.33725, 0.2890714285713942, 0.43360714285713137, 0.8190357142856971, 1.8789642857142628, 0.6745, 0.04817857142856569, 0.2408928571428285, 0.8190357142856971, 0.33725, 1.2526428571428687, 0.09635714285713139, 0.1445357142857372, 1.5898928571428685, 1.9271428571428686, 0.04817857142856569, 0.6745, 0.04817857142856569, 0.5299642857142628, 1.3008214285714343, 0.6745, 1.01174999999996, 0.2408928571428285, 51.74378571428525, 1.01175, 1.6380714285714342, 0.9635714285713942, 1.2526428571428687, 0.28907142857143425, 0.43360714285713137, 0.5299642857142628, 51.599249999999515, 0.6745, 51.64742857142808, 51.64742857142808, 52.17739285714239, 0.33725, 52.803714285713816, 51.599249999999515, 52.90007142857095, 0.1927142857143029, 0.7226785714285657, 0.5781428571428685, 0.4336071428571715, 0.7226785714285657, 0.5299642857143029, 1.349, 0.2408928571428285, 0.7226785714285657, 0.5781428571428685, 0.7226785714285657, 0.5781428571428284, 0.7226785714285657, 0.5299642857142628, 52.273749999999524, 52.32192857142808, 0.9635714285714343, 0.5781428571428284, 52.85189285714239, 52.032857142856685, 1.01174999999996, 50.92474999999951, 52.514642857142384, 0.04817857142856569, 1.204464285714263, 51.64742857142808, 0.5299642857143029, 1.0599285714285656, 51.984678571428084, 51.93649999999951, 51.69560714285669, 0.1445357142856971, 53.670928571428085, 0.09635714285713139, 1.3008214285714343, 1.3971785714285656, 0.09635714285717151, 1.3971785714285656, 0.19271428571426277, 1.2526428571428283, 0.6263214285713943, 52.90007142857095, 0.0, 0.6263214285714344, 0.5781428571428685, 0.4817857142857372, 1.1081071428571314, 0.33725, 1.01174999999996, 1.204464285714263, 0.09635714285713139, 0.5299642857143029, 0.4817857142857372, 0.0, 0.8672142857142627, 1.6380714285714342, 0.2890714285713942, 0.1445357142857372, 0.0, 1.0599285714285656, 1.01174999999996, 0.9153928571428687, 0.5299642857142628, 0.3854285714285657, 0.4817857142857372, 0.6263214285714344, 0.28907142857143425, 0.3854285714285657, 0.7226785714285657, 0.28907142857143425, 0.19271428571426277, 0.3854285714285657, 0.04817857142856569, 2.0716785714285657, 0.2890714285713942, 0.09635714285717151, 0.7226785714285657, 0.09635714285713139, 0.2408928571428686, 52.46646428571382, 0.6263214285714344, 0.28907142857143425, 0.7708571428571314, 0.28907142857143425, 1.0599285714285656, 1.3971785714285656, 0.5299642857143029, 0.43360714285713137, 0.0, 0.09635714285717151, 1.01174999999996, 0.5781428571428685, 0.9153928571428687, 0.1927142857143029, 0.6263214285714344, 1.156285714285697, 0.6263214285713943, 0.09635714285717151, 0.8672142857143028, 0.8672142857142627, 51.888321428570954, 0.7708571428571314, 0.28907142857143425, 0.4817857142856971, 0.43360714285713137, 0.9153928571428285, 0.0, 0.6745, 0.6263214285714344, 1.1081071428571314, 0.9153928571428687, 1.5417142857142627, 0.8190357142857372, 0.1927142857143029, 0.33725, 0.33725, 2.216214285714263, 0.1927142857143029, 0.4817857142857372, 0.8190357142857372, 0.6263214285714344, 1.2044642857143029, 1.2526428571428687, 0.33725, 0.8190357142857372, 0.4336071428571715, 0.4817857142856971, 1.4453571428571315, 0.5781428571428284, 0.09635714285713139, 0.28907142857143425, 1.1081071428571314, 0.2408928571428686, 0.8190357142857372, 0.3854285714285657, 0.33725, 0.19271428571426277, 1.01175, 0.1445357142856971, 0.5299642857142628, 0.8672142857142627, 0.8672142857143028, 0.5781428571428685, 0.7708571428571314, 0.6745, 0.3854285714285657, 0.2408928571428285, 0.04817857142856569, 0.2408928571428285, 0.04817857142856569, 0.1927142857143029, 1.0599285714285656, 52.85189285714239, 52.273749999999524, 1.4453571428571315, 1.0599285714285656, 0.28907142857143425, 0.8190357142857372, 0.2890714285713942, 53.52639285714238, 0.1445357142856971, 51.406535714285255, 52.803714285713816, 0.19271428571426277, 51.93649999999951, 0.1927142857143029, 1.01175, 0.6263214285714344, 0.5299642857143029, 1.2526428571428687, 51.69560714285669, 51.16564285714239, 0.28907142857143425, 1.204464285714263, 0.8672142857143028, 1.01174999999996, 0.2890714285713942, 1.3971785714285656, 0.33725, 0.1927142857143029, 0.5299642857143029, 1.2526428571428687, 1.34899999999996, 1.4935357142856969, 0.6745, 0.9635714285713942, 0.5299642857143029, 0.1445357142857372, 0.5299642857143029, 50.68385714285669, 0.4336071428571715, 52.61099999999952, 1.01174999999996, 52.514642857142384, 52.85189285714239, 52.75553571428525, 0.04817857142856569, 0.09635714285713139, 0.04817857142856569, 52.08103571428526, 51.406535714285255, 0.3854285714285657, 1.5898928571428685, 1.68625, 0.4817857142857372, 0.9635714285714343, 0.9153928571428285, 0.6745, 0.04817857142856569, 1.541714285714303, 0.7708571428571314, 0.9635714285714343, 0.19271428571426277, 0.8190357142857372, 0.5299642857143029, 0.8672142857143028, 1.349, 0.43360714285713137, 0.5299642857143029, 1.2044642857143029, 52.562821428570956, 0.2890714285713942, 0.2408928571428686, 1.01174999999996, 0.5299642857143029, 1.5417142857142627, 0.9635714285714343, 0.5781428571428685, 0.6745, 0.9635714285714343, 0.2408928571428686, 0.7226785714285657, 0.2890714285713942, 0.0, 0.04817857142856569, 0.2890714285713942, 0.8672142857142627, 0.2408928571428285, 0.6263214285713943, 0.2408928571428686, 0.7226785714285657, 1.156285714285737, 0.1445357142857372, 0.5781428571428284, 0.4817857142857372, 0.04817857142856569, 0.6745, 1.541714285714303, 0.28907142857143425, 1.349, 0.33725, 0.5781428571428685, 1.7826071428571313, 0.4817857142856971, 1.2044642857143029, 51.791964285713824, 52.37010714285665, 52.803714285713816, 0.8190357142857372, 0.6263214285714344, 0.8672142857142627, 52.32192857142808, 0.2890714285713942, 51.84014285714239, 0.04817857142856569, 0.7708571428571314, 1.68625, 0.5781428571428685, 0.8672142857143028, 0.9153928571428687, 0.7226785714285657, 0.7226785714285657, 0.9153928571428687, 0.6263214285713943, 0.2408928571428285, 1.2526428571428283, 52.32192857142808, 1.01175, 0.1445357142856971, 0.2890714285713942, 0.09635714285713139, 0.4336071428571715, 0.7708571428571314, 52.65917857142808, 0.1445357142857372, 0.4817857142857372, 52.94824999999952, 0.1445357142857372, 0.2408928571428285, 0.1445357142856971, 0.7708571428571314, 0.8672142857143028, 1.1081071428571314, 0.09635714285713139, 1.0599285714285656, 0.4336071428571715, 0.9635714285714343, 0.28907142857143425, 2.4089285714285658, 0.4817857142856971, 0.3854285714285657, 52.75553571428525, 51.502892857142385, 52.94824999999952, 0.04817857142856569, 53.28549999999952, 52.61099999999952, 0.9153928571428687, 0.1445357142857372, 0.5781428571428685, 0.3854285714285657, 0.5299642857142628, 50.58749999999956, 51.74378571428525, 0.5781428571428685, 1.2044642857143029, 0.7708571428571314, 0.1927142857143029, 0.8672142857142627, 0.0, 0.4817857142857372, 0.3854285714285657, 0.1445357142856971, 0.4817857142857372, 0.6263214285713943, 0.04817857142856569, 0.33725, 0.3854285714285657, 0.9153928571428285, 0.2890714285713942, 0.1445357142856971, 1.8307857142856971, 0.6745, 0.2408928571428285, 0.7226785714285657, 1.5898928571428286, 0.4336071428571715, 0.4817857142857372, 1.7344285714285657, 0.0, 0.3854285714285657, 1.1081071428571314, 0.2408928571428686, 1.01174999999996, 1.156285714285737, 0.04817857142856569, 0.4336071428571715, 0.5299642857142628, 0.5781428571428284, 0.8190357142857372, 0.4336071428571715, 1.01175, 0.6263214285713943, 0.7708571428571314, 0.6263214285713943, 0.9153928571428285, 0.5781428571428284, 0.33725, 51.26199999999952, 0.6745, 0.4817857142857372, 0.04817857142856569, 0.09635714285717151, 52.562821428570956, 52.90007142857095, 0.1445357142857372, 0.2408928571428686, 0.4817857142856971, 0.1927142857143029, 1.6380714285713942, 1.204464285714263, 52.61099999999952, 0.5781428571428685, 51.06928571428526, 51.55107142857096, 0.9153928571428687, 0.6745, 0.2408928571428686, 0.0, 1.1081071428571314, 0.0, 0.4817857142856971, 0.04817857142856569, 51.84014285714239, 52.08103571428526, 2.216214285714263, 0.1445357142857372, 0.28907142857143425, 0.2408928571428686, 0.09635714285717151, 52.514642857142384, 52.996428571428076, 52.85189285714239, 0.28907142857143425, 0.04817857142856569, 0.0, 1.2526428571428687, 0.8190357142856971, 0.2408928571428285, 0.4817857142857372, 52.32192857142808, 2.216214285714263, 52.418285714285254, 51.984678571428084, 2.02349999999996, 52.032857142856685, 52.803714285713816, 0.19271428571426277, 0.1445357142856971, 0.19271428571426277, 0.1445357142857372, 52.37010714285665, 0.3854285714285657, 50.87657142857095, 0.33725, 0.7226785714285657, 52.562821428570956, 50.92474999999951, 0.09635714285713139, 51.984678571428084, 0.19271428571426277, 50.73203571428525, 52.46646428571382, 1.349, 0.09635714285717151, 0.8190357142857372, 0.6263214285713943, 0.7708571428571314, 0.3854285714285657, 0.5781428571428284, 0.09635714285713139, 0.6263214285714344, 0.4817857142856971, 0.09635714285713139, 1.3971785714285656, 1.6380714285714342, 0.4336071428571715, 0.28907142857143425, 51.64742857142808, 0.04817857142856569, 51.213821428570945, 52.514642857142384, 0.5299642857143029, 0.28907142857143425, 0.5781428571428685, 53.574571428570955, 52.032857142856685, 0.8672142857143028, 52.46646428571382, 0.8672142857143028, 0.5299642857143029, 0.5781428571428685, 0.5781428571428685, 0.6263214285713943, 0.04817857142856569, 1.204464285714263, 0.5299642857143029, 0.4817857142857372, 0.3854285714285657, 1.0599285714285656, 0.0, 0.2890714285713942, 0.5299642857142628, 0.33725, 0.4817857142856971, 0.3854285714285657, 0.0, 0.6745, 1.204464285714263, 1.6380714285713942, 0.2890714285713942, 0.3854285714285657, 0.8672142857143028, 1.1081071428571314, 0.1927142857143029, 0.6263214285713943, 0.3854285714285657, 0.8672142857142627, 53.14096428571382, 51.791964285713824, 0.6745, 0.4336071428571715, 51.11746428571382, 52.273749999999524, 0.6263214285714344, 0.09635714285717151, 0.09635714285717151, 1.0599285714285656, 0.8190357142856971, 0.33725, 1.01174999999996, 0.2408928571428285, 1.2526428571428687, 1.1081071428571314, 0.33725, 0.2890714285713942, 0.7708571428571314, 0.6263214285714344, 0.1927142857143029, 0.1445357142857372, 1.01174999999996, 0.9153928571428285, 0.1445357142857372, 0.33725, 0.04817857142856569, 0.7708571428571314, 0.4817857142857372, 1.1081071428571314, 0.5781428571428685, 0.2408928571428285, 0.2408928571428686, 0.9153928571428285, 0.1927142857143029, 0.0, 1.2526428571428687, 0.1927142857143029, 1.5898928571428685, 0.6263214285713943, 0.3854285714285657, 0.19271428571426277, 0.28907142857143425, 0.8190357142857372, 0.4336071428571715, 0.2408928571428285, 0.2408928571428285, 1.3971785714285656, 0.4336071428571715, 51.74378571428525, 52.12921428571382, 52.32192857142808, 0.1445357142857372, 52.562821428570956, 52.85189285714239, 0.5781428571428685, 53.09278571428521, 51.69560714285669, 53.28549999999952, 52.17739285714239, 0.4817857142856971, 1.156285714285737, 0.8190357142857372, 0.09635714285713139, 0.9153928571428285, 0.5781428571428685, 0.1927142857143029, 0.0, 1.4935357142856969, 0.09635714285713139, 0.28907142857143425, 52.94824999999952, 51.31017857142812, 0.6745, 0.33725, 1.01175, 52.562821428570956, 0.4336071428571715, 52.37010714285665, 1.68625, 1.0599285714285656, 51.64742857142808, 0.2408928571428285, 0.6745, 1.8307857142856971, 0.19271428571426277, 0.8672142857142627, 0.4817857142856971, 0.04817857142856569, 0.6745, 0.6263214285714344, 0.6263214285714344, 0.6263214285714344, 1.1081071428571314, 52.61099999999952, 0.04817857142856569, 0.9153928571428687, 0.2890714285713942, 0.09635714285717151, 0.1445357142857372, 0.04817857142856569, 51.406535714285255, 51.599249999999515, 0.04817857142856569, 0.04817857142856569, 0.6745, 0.28907142857143425, 0.4817857142856971, 0.28907142857143425, 0.3854285714285657, 0.9635714285714343, 0.1445357142857372, 2.5052857142856975, 1.5417142857142627, 0.1927142857143029, 1.156285714285697, 0.7708571428571314, 50.97292857142812, 0.09635714285717151, 0.0, 0.3854285714285657, 0.7708571428571314, 0.28907142857143425, 0.33725, 1.4453571428571315, 1.156285714285737, 0.3854285714285657, 0.33725, 1.34899999999996, 52.90007142857095, 52.707357142856644, 0.0, 0.6745, 1.156285714285697, 0.4817857142856971, 0.1927142857143029, 0.8672142857142627, 0.4817857142856971, 0.33725, 0.3854285714285657, 0.04817857142856569, 0.1445357142856971, 0.4817857142857372, 0.9635714285713942, 0.5781428571428685, 1.8789642857142628, 0.4336071428571715, 0.1927142857143029, 1.3971785714285656, 0.6263214285714344, 0.5299642857143029, 0.6263214285713943, 52.562821428570956, 52.17739285714239, 1.1081071428571314, 52.22557142857095, 1.349, 0.9153928571428285, 52.32192857142808, 51.791964285713824, 50.92474999999951, 1.1081071428571314, 51.84014285714239, 52.273749999999524, 0.8190357142857372, 0.09635714285713139, 0.04817857142856569, 0.04817857142856569, 1.4935357142856969, 0.19271428571426277, 0.7226785714285657, 0.2408928571428686, 0.19271428571426277, 0.4817857142857372, 0.6745, 0.4817857142856971, 0.33725, 1.3971785714285656, 0.0, 0.4336071428571715, 0.1927142857143029, 0.09635714285717151, 0.7226785714285657, 0.9153928571428687, 0.8672142857142627, 0.2408928571428285, 0.8190357142856971, 0.33725, 1.349, 50.49114285714239, 0.4336071428571715, 51.16564285714239, 0.9153928571428285, 52.32192857142808, 52.32192857142808, 52.803714285713816, 52.562821428570956, 53.28549999999952, 53.09278571428521, 1.156285714285737, 52.803714285713816, 52.032857142856685, 52.17739285714239, 0.3854285714285657, 0.43360714285713137, 0.6745, 0.8672142857142627, 0.1927142857143029, 1.01175, 0.09635714285717151, 0.6263214285714344, 1.2044642857143029, 0.33725, 51.55107142857096, 53.14096428571382, 0.5299642857143029, 51.791964285713824, 50.20207142857095, 0.19271428571426277, 52.37010714285665, 0.2890714285713942, 0.1927142857143029, 0.1927142857143029, 0.1927142857143029, 0.5781428571428284, 1.01175, 0.9153928571428687, 51.888321428570954, 51.599249999999515, 0.9153928571428687, 0.28907142857143425, 0.28907142857143425, 0.33725, 0.4336071428571715, 0.9153928571428285, 0.33725, 0.6745, 0.4817857142856971, 0.9635714285713942, 0.33725, 0.0, 0.1445357142857372, 0.09635714285717151, 0.33725, 2.119857142857131, 0.04817857142856569, 0.43360714285713137, 0.2890714285713942, 0.5781428571428685, 0.8672142857143028, 0.8190357142857372, 1.156285714285697, 0.8672142857142627, 0.2408928571428686, 0.1445357142856971, 0.9635714285713942, 0.04817857142856569, 0.0, 0.6745, 0.8190357142856971, 52.65917857142808, 0.9153928571428285, 0.6745, 0.9153928571428687, 52.562821428570956, 1.3971785714285656, 0.1445357142856971, 0.8190357142856971, 0.1445357142856971, 0.2408928571428686, 0.8672142857143028, 0.09635714285717151, 1.2526428571428283, 0.28907142857143425, 0.9153928571428687, 0.04817857142856569, 1.6380714285714342, 0.3854285714285657, 1.2526428571428687, 0.5299642857143029, 0.8190357142857372, 0.09635714285717151, 1.01175, 0.0, 0.7226785714285657, 0.2408928571428686, 1.01175, 0.33725, 0.5299642857143029, 1.3008214285713942, 0.09635714285713139, 0.9635714285714343, 1.2526428571428687, 0.43360714285713137, 0.0, 0.8672142857143028, 0.3854285714285657, 1.68625, 1.34899999999996, 0.9635714285714343, 0.7708571428571314, 0.3854285714285657, 0.04817857142856569, 0.6263214285713943, 0.04817857142856569, 0.04817857142856569, 0.3854285714285657, 0.1927142857143029, 0.09635714285717151, 0.09635714285713139, 0.1927142857143029, 52.61099999999952, 0.2890714285713942, 0.8190357142857372, 0.04817857142856569, 0.2408928571428686, 0.5299642857142628, 0.2890714285713942, 0.04817857142856569, 0.1927142857143029, 0.8672142857143028, 0.1445357142857372, 0.1927142857143029, 0.2890714285713942, 0.3854285714285657, 0.5299642857142628, 0.1927142857143029, 0.43360714285713137, 1.4935357142856969, 0.04817857142856569, 53.767285714285215, 52.418285714285254, 0.7226785714285657, 0.6263214285714344, 0.09635714285713139, 0.28907142857143425, 1.0599285714285656, 0.04817857142856569, 0.2408928571428686, 1.204464285714263, 0.7708571428571314, 0.4817857142857372, 1.3971785714285656, 0.6263214285714344, 0.04817857142856569, 1.1081071428571314, 0.7226785714285657, 0.9153928571428687, 0.8672142857143028, 0.04817857142856569, 0.7226785714285657, 51.791964285713824, 0.7226785714285657, 51.31017857142812, 0.7226785714285657, 52.22557142857095, 52.46646428571382, 52.08103571428526, 0.9153928571428687, 0.9153928571428687, 0.0, 0.04817857142856569, 0.1445357142856971, 0.8190357142856971, 0.4336071428571715, 52.08103571428526, 0.4817857142857372, 0.1927142857143029, 0.04817857142856569, 0.4336071428571715, 0.0, 0.09635714285717151, 0.43360714285713137, 0.1445357142856971, 0.2890714285713942, 0.5781428571428685, 0.9153928571428285, 0.4817857142857372, 0.0, 0.5781428571428284, 51.84014285714239, 0.4817857142856971, 0.1927142857143029, 1.0599285714285656, 0.8190357142857372, 1.01175, 0.28907142857143425, 0.4817857142856971, 0.33725, 0.4817857142857372, 0.19271428571426277, 1.2526428571428687, 0.33725, 0.5299642857142628, 1.34899999999996, 0.4336071428571715, 0.4817857142857372, 0.4817857142857372, 51.69560714285669, 0.2890714285713942, 51.16564285714239, 0.1445357142857372, 0.6263214285713943, 0.1445357142856971, 0.6745, 0.1445357142857372, 0.9153928571428687, 0.6745, 0.28907142857143425, 0.2408928571428686, 0.5781428571428685, 0.0, 0.09635714285713139, 0.09635714285713139, 0.6745, 0.09635714285717151, 0.5299642857143029, 0.1445357142857372, 0.0, 1.01175, 0.4817857142857372, 0.7708571428571314, 0.6745, 0.04817857142856569, 0.7708571428571314, 1.68625, 0.1927142857143029, 1.01175, 0.5781428571428685, 0.09635714285717151, 1.3971785714285656, 0.7708571428571314, 1.204464285714263, 0.33725, 2.0716785714285657, 0.04817857142856569, 0.6263214285714344, 0.2408928571428285, 0.5299642857143029, 0.6263214285714344, 0.4336071428571715, 0.28907142857143425, 0.19271428571426277, 0.7708571428571314, 51.69560714285669, 51.35835714285669, 52.17739285714239, 52.85189285714239, 0.6745, 0.3854285714285657, 0.1445357142856971, 0.3854285714285657, 0.4336071428571715, 0.7226785714285657, 1.541714285714303, 0.7226785714285657, 0.7708571428571314, 0.09635714285717151, 0.9153928571428687, 0.8672142857142627, 1.156285714285737, 0.3854285714285657, 0.19271428571426277, 0.8672142857143028, 0.0, 0.09635714285713139, 0.33725, 0.6745, 52.08103571428526, 51.31017857142812, 0.1445357142857372, 51.64742857142808, 1.3971785714285656, 0.0, 0.5299642857142628, 1.0599285714285656, 0.8672142857143028, 0.5299642857142628, 0.6263214285714344, 1.3008214285714343, 0.1445357142856971, 0.28907142857143425, 1.2526428571428283, 52.562821428570956, 0.04817857142856569, 0.28907142857143425, 50.53932142857095, 53.09278571428521, 1.4453571428571315, 1.2526428571428687, 0.19271428571426277, 52.562821428570956, 51.64742857142808, 0.3854285714285657, 0.8190357142857372, 51.791964285713824, 0.9153928571428687, 0.6745, 0.1445357142857372, 0.4817857142856971, 0.28907142857143425, 0.5781428571428685, 1.3008214285714343, 0.5781428571428284, 0.5781428571428284, 0.2408928571428285, 0.1927142857143029, 0.09635714285717151, 0.6263214285713943, 0.28907142857143425, 1.2526428571428283, 0.6263214285714344, 0.0, 0.8672142857142627, 0.28907142857143425, 0.4817857142856971, 0.33725, 0.7708571428571314, 0.4817857142856971, 0.2408928571428686, 0.7708571428571314, 51.55107142857096, 52.22557142857095, 0.6745, 1.204464285714263, 53.33367857142809, 51.35835714285669, 1.01174999999996, 1.0599285714285656, 2.119857142857131, 0.43360714285713137, 52.562821428570956, 0.6745, 0.3854285714285657, 0.09635714285713139, 0.3854285714285657, 1.0599285714285656, 0.5299642857143029, 0.09635714285713139, 1.4453571428571315, 0.33725, 52.17739285714239, 52.94824999999952, 0.09635714285717151, 0.8190357142856971, 0.4817857142856971, 53.62274999999952, 52.46646428571382, 0.3854285714285657, 52.17739285714239, 1.8307857142856971, 0.7226785714285657, 0.3854285714285657, 1.4935357142856969, 0.2408928571428285, 1.4453571428571315, 1.01174999999996, 0.6745, 1.01175, 0.6745, 0.43360714285713137, 51.502892857142385, 51.64742857142808, 0.9635714285714343, 0.09635714285713139, 0.4336071428571715, 51.84014285714239, 52.707357142856644, 2.168035714285697, 51.888321428570954, 1.156285714285697, 0.9153928571428687, 0.04817857142856569, 0.43360714285713137, 0.4817857142857372, 0.5781428571428685, 0.04817857142856569, 0.04817857142856569, 0.8672142857143028, 52.90007142857095, 0.5781428571428685, 52.996428571428076, 51.69560714285669, 52.17739285714239, 1.3971785714285656, 0.0, 0.2890714285713942, 51.984678571428084, 0.04817857142856569, 0.43360714285713137, 0.7708571428571314, 0.4336071428571715, 0.7708571428571314, 0.8672142857142627, 51.69560714285669, 52.65917857142808, 1.3971785714285656, 0.7708571428571314, 0.6263214285714344, 1.5898928571428286, 0.1445357142856971, 53.381857142856646, 1.4453571428571315, 51.984678571428084, 0.8190357142856971, 0.04817857142856569, 51.26199999999952, 0.2408928571428285, 0.04817857142856569, 0.8672142857143028, 0.3854285714285657, 0.04817857142856569, 51.502892857142385, 0.9153928571428687, 52.37010714285665, 0.3854285714285657, 0.09635714285713139, 0.33725, 0.9153928571428687, 0.6745, 52.032857142856685, 0.33725, 0.19271428571426277, 0.1927142857143029, 0.6263214285713943, 0.2408928571428285, 0.7226785714285657, 1.5898928571428286, 0.0, 51.84014285714239, 51.599249999999515, 0.0, 0.0, 0.09635714285717151, 53.52639285714238, 52.46646428571382, 0.7708571428571314, 52.12921428571382, 1.1081071428571314, 52.22557142857095, 52.032857142856685, 51.888321428570954, 52.65917857142808, 0.43360714285713137, 51.64742857142808, 1.01175, 0.0, 53.14096428571382, 53.62274999999952, 1.4935357142856969, 1.8307857142856971, 0.1927142857143029, 0.1445357142857372, 50.92474999999951, 1.3971785714285656, 51.69560714285669, 0.1927142857143029, 0.0, 0.09635714285717151, 52.803714285713816, 2.119857142857131, 52.46646428571382, 52.562821428570956, 0.33725, 0.04817857142856569, 0.1445357142856971, 0.5781428571428284, 1.5898928571428286, 0.2408928571428285, 51.35835714285669, 52.32192857142808, 52.418285714285254, 2.3607500000000003, 1.4935357142856969, 0.4817857142856971, 0.4336071428571715, 0.5299642857143029, 0.04817857142856569, 52.12921428571382, 51.55107142857096, 0.6745, 52.46646428571382, 0.09635714285717151, 0.4817857142857372, 0.4336071428571715, 0.1445357142856971, 0.09635714285717151, 0.8190357142857372, 0.8190357142856971, 0.04817857142856569, 0.1927142857143029, 52.562821428570956, 52.90007142857095, 0.9635714285714343, 1.3008214285714343, 0.04817857142856569, 0.6263214285713943, 0.4817857142856971, 0.8190357142857372, 1.7826071428571313, 0.4817857142856971, 0.9635714285713942, 0.1927142857143029, 0.1927142857143029, 52.707357142856644, 52.418285714285254, 0.04817857142856569, 0.5299642857142628, 53.189142857142386, 1.4453571428571315, 52.273749999999524, 51.93649999999951, 0.7226785714285657, 0.8672142857142627, 0.5299642857142628, 1.204464285714263, 0.5299642857143029, 0.8190357142856971, 0.5299642857143029, 0.09635714285717151, 0.3854285714285657, 0.0, 0.19271428571426277, 52.17739285714239, 52.803714285713816, 0.6263214285714344, 51.599249999999515, 51.93649999999951, 50.73203571428525, 0.6263214285714344, 1.3971785714285656, 1.1081071428571314, 1.0599285714285656, 0.9635714285713942, 0.1445357142857372, 1.156285714285737, 1.6380714285714342, 1.3008214285714343, 1.01175, 0.5299642857143029, 0.2408928571428686, 0.09635714285713139, 0.09635714285717151, 0.09635714285713139, 0.28907142857143425, 1.156285714285697, 0.2408928571428285, 0.1445357142856971, 0.7226785714285657, 0.1927142857143029, 0.1445357142856971, 52.418285714285254, 0.6263214285713943, 0.28907142857143425, 1.7826071428571313, 0.5299642857142628, 0.5781428571428685, 0.09635714285713139, 52.032857142856685, 52.17739285714239, 51.888321428570954, 52.90007142857095, 51.11746428571382, 1.349, 0.8190357142857372, 52.273749999999524, 52.32192857142808, 0.7226785714285657, 51.984678571428084, 1.4935357142856969, 53.09278571428521, 0.09635714285713139, 52.273749999999524, 51.791964285713824, 1.6380714285714342, 0.3854285714285657, 52.032857142856685, 52.418285714285254, 51.45471428571382, 51.74378571428525, 51.599249999999515, 1.0599285714285656, 51.84014285714239, 51.35835714285669, 51.502892857142385, 52.032857142856685, 1.541714285714303, 0.33725, 0.0, 0.5299642857143029, 0.9635714285713942, 1.01175, 0.33725, 0.1445357142856971, 51.84014285714239, 0.9153928571428285, 0.4817857142856971, 0.6745, 1.156285714285737, 51.984678571428084, 0.5299642857143029, 52.37010714285665, 0.33725, 51.06928571428526, 1.01175, 51.35835714285669, 1.0599285714285656, 1.3971785714285656, 0.3854285714285657, 0.1927142857143029, 0.43360714285713137, 0.28907142857143425, 0.1445357142856971, 1.0599285714285656, 0.7708571428571314, 0.3854285714285657, 0.7708571428571314, 0.2408928571428686, 0.5781428571428685, 0.9153928571428687, 0.6745, 0.2408928571428285, 0.1445357142856971, 0.6745, 0.43360714285713137, 0.1445357142856971, 0.1927142857143029, 0.6745, 0.1445357142857372, 0.7226785714285657, 1.1081071428571314, 1.01175, 1.156285714285737, 1.1081071428571314, 51.45471428571382, 0.9635714285714343, 0.7708571428571314, 1.3971785714285656, 1.4935357142856969, 0.2408928571428285, 0.04817857142856569, 0.04817857142856569, 0.7226785714285657, 0.6745, 0.33725, 0.2408928571428686, 0.0, 0.4336071428571715, 0.6263214285714344, 1.4453571428571315, 0.04817857142856569, 0.9635714285713942, 53.23732142857095, 52.514642857142384, 53.14096428571382, 0.3854285714285657, 0.04817857142856569, 51.93649999999951, 52.61099999999952, 0.4336071428571715, 0.2408928571428686, 0.28907142857143425, 0.33725, 0.6745, 0.7708571428571314, 0.3854285714285657, 53.189142857142386, 0.33725, 0.2408928571428686, 1.6380714285714342, 0.5299642857142628, 0.7708571428571314, 0.8672142857143028, 0.04817857142856569, 0.6745, 0.1445357142856971, 0.7226785714285657, 0.8190357142857372, 0.9153928571428285, 0.09635714285717151, 0.2408928571428285, 0.6263214285714344, 1.349, 0.33725, 51.64742857142808, 0.5781428571428685, 0.5781428571428685, 0.5781428571428685, 52.61099999999952, 52.273749999999524, 1.2044642857143029, 51.213821428570945, 0.7708571428571314, 0.2890714285713942, 0.2890714285713942, 52.37010714285665, 50.68385714285669, 0.6263214285714344, 1.156285714285737, 0.2408928571428285, 0.04817857142856569, 0.1445357142856971, 0.33725, 50.780214285713825, 0.7708571428571314, 0.5781428571428685, 0.3854285714285657, 0.7226785714285657, 0.3854285714285657, 0.04817857142856569, 0.09635714285717151, 52.65917857142808, 0.33725, 1.4935357142856969, 1.2526428571428687, 1.4935357142856969, 0.09635714285713139, 1.2044642857143029, 0.7708571428571314, 0.7226785714285657, 0.09635714285713139, 0.04817857142856569, 0.1445357142857372, 51.45471428571382, 0.5299642857142628, 52.707357142856644, 1.4935357142856969, 1.204464285714263, 0.8190357142856971, 51.06928571428526, 51.06928571428526, 0.7226785714285657, 0.4817857142856971, 0.1445357142857372, 0.1445357142857372, 0.7226785714285657, 2.216214285714263, 51.64742857142808, 0.1445357142857372, 0.1927142857143029, 0.09635714285713139, 0.2408928571428686, 0.43360714285713137, 0.33725, 0.1927142857143029, 0.7226785714285657, 0.9153928571428285, 0.5781428571428685, 52.707357142856644, 52.85189285714239, 0.5781428571428685, 0.0, 0.04817857142856569, 0.0, 0.19271428571426277, 0.7226785714285657, 0.04817857142856569, 1.156285714285737, 1.0599285714285656, 0.9635714285713942, 0.19271428571426277, 0.1445357142856971, 0.28907142857143425, 1.5898928571428685, 0.6745, 1.0599285714285656, 0.5781428571428685, 0.6745, 1.4453571428571315, 0.2408928571428686, 52.85189285714239, 0.1445357142856971, 51.55107142857096, 1.3008214285714343, 1.01175, 53.04460714285665, 52.273749999999524, 0.33725, 0.8672142857142627, 0.3854285714285657, 0.2408928571428686, 0.9153928571428687, 0.09635714285713139, 1.34899999999996, 0.5299642857143029, 51.55107142857096, 52.803714285713816, 0.8672142857143028, 51.64742857142808, 0.04817857142856569, 52.12921428571382, 1.541714285714303, 0.28907142857143425, 0.43360714285713137, 0.1445357142857372, 0.5781428571428284, 0.3854285714285657, 0.7708571428571314, 52.17739285714239, 0.3854285714285657, 0.8672142857143028, 0.2890714285713942, 1.1081071428571314, 0.3854285714285657, 1.349, 0.8190357142857372, 0.2408928571428686, 0.19271428571426277, 2.36074999999996, 1.156285714285697, 0.7708571428571314, 0.1927142857143029, 1.4935357142856969, 0.6745, 0.6263214285713943, 1.1081071428571314, 1.01174999999996, 0.09635714285717151, 1.204464285714263, 0.0, 0.9635714285714343, 0.33725, 0.1445357142856971, 0.5781428571428284, 0.1927142857143029, 1.156285714285737, 0.2408928571428686, 0.2408928571428285, 0.7708571428571314, 0.4817857142856971, 51.213821428570945, 51.888321428570954, 0.09635714285717151, 0.8190357142856971, 0.4817857142857372, 1.156285714285737, 0.6745, 0.04817857142856569, 51.888321428570954, 52.61099999999952, 0.04817857142856569, 0.4817857142857372, 0.8672142857143028, 0.5299642857142628, 0.2890714285713942, 1.9753214285714342, 0.8672142857142627, 1.4453571428571315, 0.1927142857143029, 0.2890714285713942, 0.8190357142857372, 0.4817857142856971, 1.156285714285737, 0.4817857142856971, 1.1081071428571314, 0.3854285714285657, 0.7708571428571314, 0.8672142857143028, 0.09635714285717151, 1.4935357142856969, 0.7708571428571314, 0.04817857142856569, 52.46646428571382, 52.707357142856644, 0.1445357142857372, 1.01174999999996, 0.6745, 50.10571428571382, 50.97292857142812, 51.45471428571382, 0.8190357142856971, 0.28907142857143425, 0.7708571428571314, 0.5781428571428284, 1.5898928571428286, 0.04817857142856569, 0.2408928571428686, 0.4336071428571715, 0.43360714285713137, 0.19271428571426277, 53.09278571428521, 0.2408928571428686, 1.3971785714285656, 0.09635714285713139, 0.2890714285713942, 0.4336071428571715, 0.4817857142857372, 0.8672142857143028, 0.2408928571428285, 0.6263214285713943, 51.93649999999951, 0.6745, 0.7226785714285657, 0.04817857142856569, 52.22557142857095, 0.4817857142857372, 0.0, 51.93649999999951, 0.5299642857143029, 0.7226785714285657, 0.3854285714285657, 0.1927142857143029, 1.3971785714285656, 51.26199999999952, 51.406535714285255, 0.7708571428571314, 0.04817857142856569, 0.8190357142857372, 0.33725, 0.28907142857143425, 0.7708571428571314, 0.04817857142856569, 0.4336071428571715, 52.12921428571382, 0.28907142857143425, 0.33725, 52.08103571428526, 0.8672142857143028, 0.5781428571428685, 0.04817857142856569, 0.2890714285713942, 0.7708571428571314, 0.0, 53.52639285714238, 51.984678571428084, 52.17739285714239, 0.9153928571428285, 0.3854285714285657, 0.6745, 0.6745, 0.6263214285714344, 0.4336071428571715, 52.996428571428076, 52.22557142857095, 52.418285714285254, 0.04817857142856569, 52.12921428571382, 0.7708571428571314, 52.75553571428525, 0.43360714285713137, 0.04817857142856569, 0.9153928571428285, 1.01175, 0.8672142857142627, 1.3971785714285656, 1.0599285714285656, 0.6263214285714344, 0.28907142857143425, 1.156285714285737, 0.2408928571428686, 0.09635714285713139, 0.6745, 0.9153928571428687, 1.01174999999996, 0.1445357142857372, 0.7226785714285657, 0.9635714285714343, 1.2526428571428283, 0.2408928571428686, 0.8672142857143028, 0.5781428571428284, 0.28907142857143425, 0.33725, 1.349, 0.04817857142856569, 0.5781428571428685, 0.09635714285713139, 0.4817857142857372, 0.7708571428571314, 0.6745, 0.5781428571428284, 0.33725, 0.6745, 0.04817857142856569, 0.04817857142856569, 0.4336071428571715, 0.6745, 0.33725, 0.4817857142857372, 53.23732142857095, 0.6745, 0.28907142857143425, 51.35835714285669, 52.94824999999952, 52.803714285713816, 0.5299642857142628, 52.32192857142808, 51.888321428570954, 0.4817857142857372, 0.9635714285713942, 1.2526428571428283, 1.34899999999996, 0.4336071428571715, 51.93649999999951, 52.032857142856685, 1.3971785714285656, 0.5299642857142628, 0.9153928571428687, 52.75553571428525, 0.2890714285713942, 0.4817857142857372, 0.19271428571426277, 0.5299642857143029, 0.19271428571426277, 0.2890714285713942, 0.5781428571428685, 0.1445357142856971, 0.2890714285713942, 0.28907142857143425, 1.01175, 0.09635714285713139, 0.9635714285714343, 0.8672142857142627, 0.2890714285713942, 1.5898928571428685, 0.04817857142856569, 0.6745, 0.09635714285713139, 0.09635714285713139, 1.34899999999996, 0.43360714285713137, 0.6263214285714344, 0.2408928571428285, 0.33725, 0.7708571428571314, 0.4817857142857372, 1.156285714285697, 0.5299642857143029, 1.0599285714285656, 0.7226785714285657, 0.4817857142857372, 0.6745, 0.9635714285714343, 0.5781428571428685, 0.33725, 1.01175, 0.28907142857143425, 1.2526428571428687, 0.3854285714285657, 0.3854285714285657, 0.5781428571428685, 1.0599285714285656, 0.43360714285713137, 0.9153928571428687, 1.1081071428571314, 0.04817857142856569, 0.33725, 0.9153928571428687, 1.4453571428571315, 0.2408928571428686, 0.9153928571428687, 1.01175, 1.6380714285713942, 0.6263214285713943, 51.599249999999515, 0.1445357142857372, 52.562821428570956, 0.6745, 1.01174999999996, 1.0599285714285656, 0.3854285714285657, 0.43360714285713137, 1.1081071428571314, 0.19271428571426277, 0.8190357142857372, 0.2890714285713942, 0.1445357142856971, 0.5299642857143029, 0.04817857142856569, 0.5299642857143029, 0.04817857142856569, 0.3854285714285657, 0.8190357142856971, 0.43360714285713137, 0.04817857142856569, 1.4453571428571315, 0.3854285714285657, 0.1445357142857372, 1.541714285714303, 0.04817857142856569, 0.3854285714285657, 0.04817857142856569, 1.4453571428571315, 0.6745, 0.4817857142856971, 0.5299642857142628, 0.0, 1.541714285714303, 1.3008214285714343, 52.032857142856685, 51.45471428571382, 51.888321428570954, 0.33725, 0.2890714285713942, 1.9271428571428284, 0.0, 0.2408928571428285, 0.04817857142856569, 0.33725, 0.9635714285714343, 0.4817857142856971, 1.4453571428571315, 1.4935357142856969, 0.2408928571428285, 0.5299642857143029, 0.6745, 0.7226785714285657, 1.6380714285713942, 51.84014285714239, 0.2408928571428686, 0.8820384615384782, 0.20753846153847816, 0.0, 1.6084230769230436, 0.20753846153843494, 0.20753846153843494, 0.46696153846152183, 0.051884615384608736, 0.5188461538461306, 1.5046538461538261, 1.0376923076923044, 0.25942307692304367, 0.7782692307692175, 0.4150769230769131, 0.25942307692304367, 0.1556538461538694, 0.20753846153847816, 1.2452307692307394, 0.8301538461538261, 0.622615384615348, 0.4669615384615651, 0.3631923076923043, 1.2452307692307394, 56.657999999998964, 0.8820384615384782, 0.622615384615348, 0.6745, 0.0, 0.4150769230769131, 55.98349999999896, 0.25942307692308686, 0.10376923076926067, 0.4669615384615651, 55.62030769230665, 0.1556538461538694, 54.37507692307592, 56.45046153846053, 55.257115384614394, 56.13915384615283, 1.1933461538461305, 0.9339230769230437, 0.6745, 0.051884615384608736, 0.051884615384608736, 0.4669615384615651, 0.4669615384615651, 0.20753846153843494, 0.6745, 0.7263846153846086, 0.8301538461538261, 1.08957692307687, 0.31130769230765243, 55.153346153845135, 0.6744999999999568, 0.3113076923076956, 0.25942307692304367, 1.6084230769230436, 0.5707307692307825, 0.25942307692304367, 0.5188461538461737, 1.4527692307692173, 0.46696153846152183, 0.46696153846152183, 0.4150769230769131, 2.0234999999999568, 1.8678461538461306, 0.1556538461538694, 55.153346153845135, 0.9858076923076524, 2.0753846153846087, 0.20753846153847816, 0.5188461538461737, 55.56842307692205, 56.55423076922974, 55.153346153845135, 56.50234615384514, 55.72407692307592, 55.101461538460526, 56.03538461538361, 1.1933461538461305, 55.51653846153744, 55.51653846153744, 1.1414615384615217, 0.7263846153846086, 55.98349999999896, 1.4008846153846088, 54.9458076923067, 56.606115384614355, 0.4150769230769131, 57.28061538461435, 55.77596153846053, 55.82784615384514, 0.20753846153843494, 56.657999999998964, 56.08726923076823, 1.1933461538461305, 1.7121923076923042, 0.20753846153843494, 0.622615384615348, 2.2829230769230433, 0.3113076923076956, 0.10376923076926067, 0.4669615384615651, 0.20753846153843494, 0.0, 1.4008846153846088, 0.0, 0.3631923076923043, 0.9858076923076524, 0.8301538461538261, 0.10376923076926067, 1.4008846153846088, 0.1556538461538694, 1.089576923076913, 0.46696153846152183, 1.089576923076913, 0.4150769230769131, 0.25942307692308686, 0.8820384615384782, 1.6603076923076956, 0.10376923076926067, 56.19103846153744, 56.761769230768174, 0.31130769230765243, 0.5707307692307393, 1.4527692307692173, 0.6745, 0.8820384615384782, 0.25942307692308686, 0.622615384615348, 0.4669615384615651, 0.051884615384608736, 0.8301538461538261, 0.5707307692307393, 1.1414615384615217, 0.10376923076921747, 0.6226153846153912, 55.931615384614354, 1.5046538461538261, 0.9339230769230437, 0.46696153846152183, 0.5707307692307825, 0.4150769230769131, 1.4008846153846088, 0.4150769230769131, 0.20753846153847816, 0.5707307692307393, 0.4150769230769131, 0.0, 0.622615384615348, 0.9339230769230868, 0.5707307692307825, 0.10376923076921747, 1.1933461538461305, 0.25942307692308686, 0.3113076923076956, 0.25942307692308686, 0.20753846153843494, 0.3631923076923043, 0.5188461538461306, 0.4150769230769131, 56.86553846153744, 0.6226153846153912, 0.5707307692307825, 55.04957692307592, 56.45046153846053, 56.29480769230666, 0.5707307692307825, 0.9339230769230868, 0.31130769230765243, 0.25942307692308686, 0.5188461538461737, 0.4669615384615651, 0.5707307692307393, 0.882038461538435, 0.0, 0.882038461538435, 1.297115384615391, 0.051884615384608736, 0.9339230769230868, 0.051884615384608736, 56.45046153846053, 0.051884615384608736, 56.03538461538361, 0.5188461538461306, 0.25942307692304367, 0.25942307692304367, 0.5188461538461737, 0.5707307692307825, 56.13915384615283, 0.1556538461538694, 55.41276923076822, 0.9339230769230868, 1.9716153846153481, 55.51653846153744, 0.4150769230769131, 55.257115384614394, 0.5188461538461737, 2.2829230769230433, 0.4669615384615651, 0.25942307692308686, 0.15565384615382621, 0.6745, 2.2829230769230433, 0.051884615384608736, 1.2452307692307394, 0.3631923076923043, 1.349, 0.8301538461538261, 0.10376923076921747, 0.7263846153846086, 1.297115384615391, 0.6226153846153912, 2.0753846153846087, 0.5188461538461737, 0.7263846153846086, 2.5423461538461307, 0.5188461538461306, 0.051884615384608736, 0.5707307692307825, 0.0, 0.10376923076921747, 0.6226153846153912, 0.10376923076926067, 0.8301538461538261, 0.7263846153846086, 0.4150769230769131, 0.25942307692304367, 0.3631923076923043, 0.051884615384608736, 0.051884615384608736, 0.6744999999999568, 0.25942307692308686, 0.5707307692307393, 0.1556538461538694, 1.7121923076923042, 0.10376923076926067, 1.08957692307687, 0.0, 0.20753846153843494, 0.10376923076921747, 1.0376923076923044, 0.4150769230769131, 0.3631923076923043, 0.4150769230769131, 1.1933461538461305, 1.08957692307687, 0.9858076923076524, 0.3631923076923043, 0.25942307692304367, 0.31130769230765243, 0.10376923076926067, 1.1933461538461305, 56.55423076922974, 56.29480769230666, 0.051884615384608736, 0.3113076923076956, 0.8820384615384782, 0.25942307692304367, 0.15565384615382621, 0.051884615384608736, 0.31130769230765243, 55.931615384614354, 1.1933461538461305, 0.10376923076926067, 0.6745, 0.882038461538435, 0.1556538461538694, 0.3113076923076956, 1.4527692307692173, 2.438576923076913, 0.3631923076923043, 0.15565384615382621, 0.10376923076921747, 0.20753846153847816, 0.25942307692304367, 0.622615384615348, 56.24292307692205, 54.842038461537435, 0.9339230769230868, 0.20753846153847816, 57.33249999999896, 57.48815384615279, 0.10376923076921747, 0.3113076923076956, 55.51653846153744, 0.20753846153847816, 55.46465384615283, 55.931615384614354, 0.25942307692304367, 0.0, 1.2452307692307825, 55.931615384614354, 0.3631923076923043, 0.7263846153846086, 0.6226153846153912, 0.622615384615348, 1.089576923076913, 0.31130769230765243, 0.31130769230765243, 0.9858076923076956, 0.20753846153847816, 0.4150769230769131, 0.051884615384608736, 0.20753846153847816, 1.1933461538461305, 0.20753846153847816, 0.4150769230769131, 0.25942307692308686, 56.86553846153744, 0.25942307692308686, 1.2971153846153483, 0.8820384615384782, 54.5826153846144, 1.9197307692307393, 57.073076923075874, 55.101461538460526, 0.5188461538461737, 0.20753846153843494, 0.7782692307692175, 56.03538461538361, 57.54003846153739, 1.1933461538461305, 1.349, 0.1556538461538694, 1.5046538461538261, 55.77596153846053, 56.70988461538357, 56.606115384614355, 0.051884615384608736, 0.051884615384608736, 0.6745, 0.5188461538461737, 0.25942307692308686, 0.8301538461538261, 0.20753846153843494, 1.2452307692307825, 1.4008846153846088, 0.4150769230769131, 0.5707307692307825, 0.6226153846153912, 1.5046538461538261, 0.3631923076923043, 55.41276923076822, 56.606115384614355, 0.6745, 1.4008846153846088, 56.657999999998964, 0.25942307692304367, 0.10376923076926067, 0.5188461538461306, 56.29480769230666, 0.622615384615348, 0.7263846153846086, 0.9339230769230868, 0.882038461538435, 1.297115384615391, 0.051884615384608736, 0.3113076923076956, 0.3631923076923043, 55.67219230769131, 55.72407692307592, 55.67219230769131, 0.6744999999999568, 0.5707307692307393, 1.2452307692307825, 0.3113076923076956, 56.34669230769127, 55.46465384615283, 0.5707307692307825, 0.0, 1.297115384615391, 0.5707307692307825, 1.1933461538461305, 0.46696153846152183, 0.3631923076923043, 0.31130769230765243, 0.4669615384615651, 0.8820384615384782, 2.1272692307692176, 0.9339230769230868, 1.1414615384615217, 1.764076923076913, 1.1414615384615217, 0.6226153846153912, 0.6226153846153912, 0.051884615384608736, 0.9339230769230437, 1.0376923076923044, 1.1414615384615217, 1.4008846153846088, 57.48815384615279, 0.31130769230765243, 0.0, 0.5707307692307825, 1.089576923076913, 1.2452307692307825, 0.6745, 0.4669615384615651, 0.10376923076926067, 0.5707307692307825, 0.3113076923076956, 0.9339230769230868, 0.31130769230765243, 55.257115384614394, 0.8820384615384782, 1.556538461538435, 1.2452307692307825, 2.438576923076913, 1.4008846153846088, 0.10376923076926067, 57.33249999999896, 0.10376923076926067, 1.6603076923076523, 56.34669230769127, 0.7263846153846086, 1.556538461538435, 56.81365384615283, 0.10376923076926067, 0.5188461538461737, 0.0, 0.9858076923076524, 0.10376923076921747, 0.7782692307692175, 0.8820384615384782, 55.30899999999901, 0.5707307692307825, 54.115653846152874, 0.8301538461538261, 54.99769230769131, 0.1556538461538694, 0.9858076923076956, 0.5707307692307825, 55.931615384614354, 54.5826153846144, 0.0, 55.77596153846053, 0.20753846153847816, 0.5707307692307825, 1.2971153846153483, 0.3113076923076956, 55.72407692307592, 56.70988461538357, 0.882038461538435, 0.6745, 1.556538461538435, 0.10376923076926067, 0.25942307692304367, 0.15565384615382621, 0.8301538461538261, 0.20753846153847816, 0.25942307692308686, 1.4008846153846088, 0.4150769230769131, 0.051884615384608736, 0.25942307692304367, 0.5707307692307393, 0.25942307692304367, 0.6745, 0.20753846153847816, 0.5707307692307825, 55.82784615384514, 55.46465384615283, 1.0376923076923044, 0.5188461538461306, 0.3113076923076956, 0.20753846153843494, 1.5046538461538261, 0.5707307692307825, 0.10376923076926067, 0.10376923076921747, 0.31130769230765243, 0.1556538461538694, 56.761769230768174, 56.08726923076823, 55.62030769230665, 0.8301538461538261, 0.6226153846153912, 1.9716153846153481, 0.051884615384608736, 1.4527692307691744, 0.3631923076923043, 0.46696153846152183, 0.9858076923076524, 0.20753846153843494, 0.7263846153846086, 1.4008846153845655, 0.7263846153846086, 0.20753846153847816, 0.051884615384608736, 57.43626923076818, 0.25942307692308686, 56.657999999998964, 56.657999999998964, 0.10376923076921747, 0.5188461538461737, 0.4669615384615651, 0.051884615384608736, 1.6084230769230436, 0.5707307692307393, 1.0376923076923044, 0.9339230769230868, 0.3113076923076956, 0.10376923076926067, 0.8301538461538261, 0.25942307692308686, 0.9339230769230437, 0.051884615384608736, 0.7263846153846086, 0.9339230769230868, 1.1933461538461305, 0.6226153846153912, 0.31130769230765243, 0.051884615384608736, 1.8159615384615218, 0.8301538461538261, 56.13915384615283, 0.10376923076921747, 55.30899999999901, 0.9858076923076956, 54.842038461537435, 0.8301538461538261, 0.8301538461538261, 1.6084230769230436, 0.5188461538461306, 56.70988461538357, 56.761769230768174, 56.45046153846053, 55.46465384615283, 55.67219230769131, 57.384384615383574, 0.4150769230769131, 0.3631923076923043, 1.2452307692307394, 0.7263846153846086, 0.46696153846152183, 0.0, 0.9339230769230437, 56.96930769230666, 56.34669230769127, 0.4150769230769131, 0.5188461538461306, 0.9339230769230868, 0.10376923076926067, 0.051884615384608736, 0.10376923076926067, 55.41276923076822, 0.25942307692304367, 0.5188461538461737, 56.81365384615283, 1.3489999999999567, 0.4669615384615651, 1.089576923076913, 0.3631923076923043, 56.86553846153744, 55.36088461538361, 55.56842307692205, 0.7782692307692175, 0.0, 56.96930769230666, 56.761769230768174, 0.051884615384608736, 0.622615384615348, 0.5188461538461306, 55.931615384614354, 1.8678461538461306, 56.19103846153744, 56.24292307692205, 0.7263846153846086, 0.25942307692304367, 55.20523076922975, 56.13915384615283, 0.622615384615348, 1.1414615384615217, 0.7263846153846086, 0.4150769230769131, 56.606115384614355, 0.3631923076923043, 1.4008846153846088, 0.4669615384615651, 0.5707307692307825, 0.1556538461538694, 0.10376923076926067, 1.0376923076923044, 0.5707307692307825, 2.1272692307692176, 0.25942307692308686, 0.8301538461538261, 0.4150769230769131, 0.15565384615382621, 0.5707307692307825, 0.25942307692304367, 0.4150769230769131, 0.9858076923076956, 1.089576923076913, 55.101461538460526, 0.25942307692308686, 0.6745, 1.6084230769230436, 57.021192307691265, 55.62030769230665, 1.7121923076923042, 0.15565384615382621, 0.9339230769230437, 1.556538461538435, 0.4150769230769131, 0.20753846153847816, 0.25942307692304367, 0.20753846153847816, 0.6744999999999568, 0.051884615384608736, 0.8301538461538261, 0.31130769230765243, 0.4150769230769131, 0.46696153846152183, 54.738269230768225, 0.5188461538461737, 0.0, 0.882038461538435, 0.7782692307692175, 0.7263846153846086, 0.20753846153847816, 0.882038461538435, 0.5188461538461306, 1.9716153846153481, 0.5188461538461737, 0.20753846153847816, 0.25942307692308686, 0.4150769230769131, 0.9858076923076524, 0.10376923076921747, 0.3113076923076956, 1.4008846153845655, 0.7263846153846086, 0.10376923076921747, 0.5707307692307393, 0.15565384615382621, 0.622615384615348, 1.2452307692307394, 0.9339230769230868, 0.8301538461538261, 1.2452307692307825, 0.8820384615384782, 1.6084230769230436, 0.7782692307692175, 1.1933461538461305, 0.3113076923076956, 0.25942307692304367, 0.10376923076926067, 0.4150769230769131, 0.25942307692308686, 1.1414615384615217, 1.1414615384615217, 0.3113076923076956, 0.8820384615384782, 1.2452307692307394, 0.4150769230769131, 0.20753846153847816, 0.20753846153847816, 57.28061538461435, 0.10376923076926067, 0.10376923076926067, 0.5707307692307825, 55.56842307692205, 55.77596153846053, 56.606115384614355, 56.761769230768174, 1.349, 0.882038461538435, 0.6226153846153912, 0.5707307692307393, 0.9339230769230437, 0.25942307692308686, 0.46696153846152183, 0.5707307692307393, 1.4527692307691744, 0.051884615384608736, 1.4008846153846088, 1.089576923076913, 1.1414615384615217, 0.7782692307692175, 2.646115384615348, 0.6744999999999568, 0.9858076923076524, 0.4669615384615651, 0.6744999999999568, 1.6603076923076956, 0.9858076923076956, 0.4150769230769131, 0.3113076923076956, 0.9339230769230868, 0.5188461538461306, 1.556538461538435, 1.4527692307692173, 55.30899999999901, 0.8820384615384782, 0.4669615384615651, 55.46465384615283, 55.46465384615283, 0.8301538461538261, 56.50234615384514, 1.4008846153845655, 0.4669615384615651, 1.1933461538461305, 55.77596153846053, 1.297115384615391, 55.72407692307592, 55.98349999999896, 0.4150769230769131, 0.051884615384608736, 0.46696153846152183, 1.4008846153846088, 0.25942307692304367, 0.6226153846153912, 0.15565384615382621, 0.10376923076926067, 0.4150769230769131, 1.2452307692307825, 0.3631923076923043, 0.4150769230769131, 0.3113076923076956, 56.34669230769127, 0.5188461538461306, 0.4150769230769131, 0.051884615384608736, 57.021192307691265, 56.45046153846053, 0.8820384615384782, 1.764076923076913, 0.0, 0.20753846153843494, 0.4150769230769131, 0.4669615384615651, 0.10376923076926067, 0.4150769230769131, 1.0376923076923044, 0.3631923076923043, 1.7121923076922612, 0.4150769230769131, 0.6745, 55.36088461538361, 0.051884615384608736, 55.36088461538361, 55.931615384614354, 0.7263846153846086, 0.3113076923076956, 0.7263846153846086, 0.051884615384608736, 0.8820384615384782, 1.5046538461538261, 1.08957692307687, 1.2452307692307825, 54.42696153846053, 55.931615384614354, 1.0376923076922613, 1.297115384615391, 56.24292307692205, 54.842038461537435, 0.8820384615384782, 55.56842307692205, 0.0, 0.4150769230769131, 0.10376923076926067, 0.1556538461538694, 0.20753846153847816, 1.0376923076922613, 0.15565384615382621, 0.051884615384608736, 0.8301538461538261, 0.4150769230769131, 0.6744999999999568, 1.764076923076913, 0.6744999999999568, 56.657999999998964, 0.882038461538435, 56.606115384614355, 0.6226153846153912, 0.46696153846152183, 0.6744999999999568, 56.34669230769127, 56.24292307692205, 0.31130769230765243, 0.3113076923076956, 1.297115384615391, 0.15565384615382621, 0.6226153846153912, 0.10376923076926067, 0.5707307692307393, 0.3631923076923043, 56.34669230769127, 55.72407692307592, 56.81365384615283, 0.0, 54.5826153846144, 0.25942307692308686, 0.1556538461538694, 0.7263846153846086, 0.3631923076923043, 56.45046153846053, 0.20753846153847816, 55.931615384614354, 0.3631923076923043, 56.45046153846053, 0.7782692307692175, 0.15565384615382621, 54.99769230769131, 0.9858076923076956, 56.606115384614355, 0.7263846153846086, 54.686384615383616, 0.8301538461538261, 54.738269230768225, 0.15565384615382621, 0.10376923076921747, 0.6744999999999568, 0.7263846153846086, 0.622615384615348, 1.4527692307692173, 0.5188461538461306, 1.6603076923076956, 1.8678461538461306, 0.6226153846153912, 1.2452307692307394, 0.4669615384615651, 55.82784615384514, 0.25942307692308686, 55.51653846153744, 0.3113076923076956, 0.3631923076923043, 0.3631923076923043, 0.4669615384615651, 0.25942307692308686, 0.3113076923076956, 0.9339230769230437, 0.0, 0.6226153846153912, 55.879730769229745, 58.00699999999897, 0.622615384615348, 1.6084230769230436, 1.2452307692307825, 55.82784615384514, 0.4150769230769131, 1.089576923076913, 0.1556538461538694, 0.3631923076923043, 0.3631923076923043, 1.1933461538461305, 0.3631923076923043, 0.7782692307692175, 54.842038461537435, 56.34669230769127, 0.25942307692304367, 56.24292307692205, 0.9339230769230437, 0.622615384615348, 1.7121923076923042, 0.051884615384608736, 0.8301538461538261, 0.25942307692308686, 0.4669615384615651, 0.7263846153846086, 54.79015384615283, 56.50234615384514, 56.19103846153744, 55.98349999999896, 0.8820384615384782, 0.9858076923076524, 1.8678461538461306, 0.20753846153843494, 0.9858076923076956, 0.10376923076926067, 0.3631923076923043, 0.7782692307692175, 54.738269230768225, 55.72407692307592, 1.4527692307692173, 0.7263846153846086, 0.3113076923076956, 1.8678461538461306, 0.1556538461538694, 0.10376923076921747, 1.556538461538435, 1.0376923076922613, 0.20753846153847816, 0.31130769230765243, 0.8820384615384782, 0.051884615384608736, 0.5707307692307825, 1.1414615384615217, 0.4150769230769131, 0.5188461538461737, 0.3113076923076956, 1.089576923076913, 1.0376923076923044, 1.0376923076923044, 1.2452307692307825, 0.0, 0.15565384615382621, 0.8820384615384782, 0.4150769230769131, 0.3631923076923043, 0.10376923076926067, 0.3113076923076956, 56.24292307692205, 0.25942307692304367, 56.70988461538357, 56.19103846153744, 56.81365384615283, 0.9339230769230868, 1.8159615384614785, 56.08726923076823, 0.25942307692304367, 1.7121923076923042, 0.0, 1.1933461538461305, 1.4527692307692173, 0.25942307692308686, 0.5707307692307825, 0.3631923076923043, 0.3631923076923043, 0.10376923076921747, 0.8301538461538261, 1.0376923076923044, 0.10376923076926067, 0.20753846153847816, 0.5188461538461737, 0.7263846153846086, 0.10376923076926067, 0.25942307692304367, 0.20753846153843494, 0.25942307692304367, 0.4150769230769131, 0.46696153846152183, 0.4669615384615651, 0.4669615384615651, 0.3631923076923043, 0.15565384615382621, 0.9858076923076524, 0.3631923076923043, 0.3631923076923043, 0.25942307692304367, 0.051884615384608736, 56.39857692307587, 55.56842307692205, 54.686384615383616, 0.8820384615384782, 0.20753846153843494, 0.3113076923076956, 0.3113076923076956, 0.20753846153843494, 0.6745, 0.7263846153846086, 0.5188461538461306, 56.81365384615283, 0.9339230769230868, 0.20753846153847816, 0.6226153846153912, 0.0, 0.8301538461538261, 55.77596153846053, 56.19103846153744, 56.34669230769127, 0.6745, 0.1556538461538694, 56.24292307692205, 1.2452307692307394, 54.37507692307592, 0.4669615384615651, 0.3631923076923043, 0.25942307692308686, 0.5188461538461306, 0.25942307692304367, 0.051884615384608736, 57.021192307691265, 1.1933461538461305, 0.46696153846152183, 0.8820384615384782, 1.4008846153846088, 0.25942307692308686, 0.5707307692307825, 0.4150769230769131, 0.25942307692308686, 0.882038461538435, 0.9858076923076956, 0.051884615384608736, 0.051884615384608736, 54.42696153846053, 0.10376923076921747, 0.051884615384608736, 0.6744999999999568, 54.16753846153749, 54.842038461537435, 0.8301538461538261, 0.25942307692308686, 2.179153846153826, 56.55423076922974, 55.36088461538361, 0.5707307692307825, 56.657999999998964, 0.882038461538435, 57.22873076922975, 0.4150769230769131, 0.15565384615382621, 1.2452307692307825, 54.686384615383616, 0.8301538461538261, 57.12496153846048, 56.70988461538357, 1.5046538461538261, 0.7782692307692175, 0.1556538461538694, 0.15565384615382621, 0.8301538461538261, 0.20753846153843494, 0.10376923076926067, 55.77596153846053, 55.77596153846053, 0.20753846153847816, 1.4527692307692173, 0.31130769230765243, 57.17684615384509, 0.6745, 1.1933461538461305, 0.051884615384608736, 0.20753846153843494, 0.8301538461538261, 0.10376923076926067, 0.10376923076921747, 0.5707307692307393, 0.20753846153847816, 0.5707307692307825, 0.9339230769230868, 1.1414615384615217, 0.1556538461538694, 0.051884615384608736, 1.5046538461538261, 0.7782692307692175, 1.1414615384615217, 0.4150769230769131, 1.1414615384615217, 0.8820384615384782, 1.9197307692307393, 1.2971153846153483, 0.1556538461538694, 1.556538461538435, 0.8820384615384782, 0.4150769230769131, 0.9339230769230868, 1.0376923076923044, 0.9339230769230868, 1.4008846153846088, 0.051884615384608736, 0.5188461538461737, 0.6745, 0.051884615384608736, 0.10376923076926067, 1.297115384615391, 0.7782692307692175, 0.20753846153843494, 0.7782692307692175, 0.25942307692308686, 2.0753846153846087, 1.349, 0.8301538461538261, 0.20753846153843494, 0.5707307692307393, 0.25942307692308686, 1.08957692307687, 0.10376923076921747, 0.15565384615382621, 54.5826153846144, 0.7263846153846086, 55.98349999999896, 1.556538461538435, 55.879730769229745, 2.438576923076913, 0.15565384615382621, 0.882038461538435, 0.0, 0.9339230769230868, 0.7263846153846086, 1.4527692307692173, 0.1556538461538694, 0.9339230769230868, 0.051884615384608736, 0.051884615384608736, 57.54003846153739, 56.70988461538357, 56.39857692307587, 1.089576923076913, 0.3113076923076956, 56.761769230768174, 0.10376923076926067, 0.7782692307692175, 0.5707307692307393, 57.28061538461435, 55.931615384614354, 0.051884615384608736, 56.24292307692205, 0.46696153846152183, 0.3113076923076956, 0.7263846153846086, 0.3113076923076956, 0.4150769230769131, 0.7263846153846086, 0.8820384615384782, 56.34669230769127, 0.20753846153843494, 57.021192307691265, 0.4150769230769131, 55.257115384614394, 0.46696153846152183, 1.08957692307687, 0.7263846153846086, 56.657999999998964, 55.36088461538361, 0.31130769230765243, 0.3631923076923043, 0.1556538461538694, 1.1414615384615217, 0.0, 0.5188461538461306, 55.62030769230665, 0.4669615384615651, 56.34669230769127, 0.7782692307692175, 0.7782692307692175, 1.08957692307687, 0.4150769230769131, 0.9339230769230437, 0.25942307692308686, 1.8159615384614785, 1.1933461538461305, 54.89392307692209, 54.9458076923067, 55.56842307692205, 56.24292307692205, 0.1556538461538694, 0.6226153846153912, 0.20753846153847816, 0.5707307692307825, 0.3631923076923043, 0.15565384615382621, 0.5707307692307825, 0.051884615384608736, 0.5188461538461737, 0.8301538461538261, 1.1933461538461305, 0.5188461538461737, 2.075384615384565, 55.879730769229745, 55.46465384615283, 56.19103846153744, 0.25942307692304367, 1.9197307692307393, 0.5188461538461306, 0.6744999999999568, 0.4150769230769131, 56.24292307692205, 56.24292307692205, 1.0376923076922613, 55.931615384614354, 0.051884615384608736, 0.882038461538435, 0.5188461538461737, 0.46696153846152183, 0.8301538461538261, 56.19103846153744, 0.4150769230769131, 1.0376923076923044, 55.879730769229745, 0.4150769230769131, 54.06376923076822, 56.39857692307587, 0.3631923076923043, 0.20753846153847816, 0.4669615384615651, 1.9716153846153481, 0.20753846153847816, 0.4150769230769131, 0.9858076923076524, 0.622615384615348, 1.1933461538461305, 0.20753846153843494, 1.0376923076923044, 0.10376923076926067, 0.6226153846153912, 0.25942307692304367, 0.4669615384615651, 2.2829230769230433, 55.72407692307592, 56.03538461538361, 0.6226153846153912, 1.2452307692307825, 54.738269230768225, 0.25942307692308686, 0.6744999999999568, 56.50234615384514, 1.0376923076923044, 55.72407692307592, 0.5707307692307393, 0.3631923076923043, 0.9858076923076524, 1.0376923076923044, 0.20753846153847816, 0.7782692307692175, 0.10376923076926067, 0.25942307692304367, 2.0753846153846087, 55.46465384615283, 55.82784615384514, 1.9716153846153481, 1.2452307692307825, 1.4527692307692173, 0.3113076923076956, 0.7782692307692175, 0.15565384615382621, 1.089576923076913, 0.3113076923076956, 0.7263846153846086, 0.15565384615382621, 0.4150769230769131, 1.7121923076923042, 0.3113076923076956, 0.7782692307692175, 0.9339230769230868, 0.7263846153846086, 0.6744999999999568, 1.6603076923076956, 1.3489999999999567, 0.31130769230765243, 0.0, 1.9716153846153481, 0.051884615384608736, 0.622615384615348, 1.556538461538435, 1.1933461538461305, 0.4669615384615651, 0.5188461538461306, 0.7263846153846086, 0.3631923076923043, 0.5188461538461737, 0.20753846153847816, 1.089576923076913, 0.4150769230769131, 0.051884615384608736, 0.9858076923076956, 56.29480769230666, 0.051884615384608736, 0.882038461538435, 0.051884615384608736, 0.1556538461538694, 1.6603076923076523, 0.7263846153846086, 0.8301538461538261, 0.4669615384615651, 0.051884615384608736, 1.4527692307692173, 1.2452307692307394, 1.1414615384615217, 0.9339230769230437, 1.4527692307691744, 1.5046538461538261, 0.10376923076921747, 55.41276923076822, 56.29480769230666, 0.5707307692307393, 55.56842307692205, 0.6745, 0.5188461538461737, 0.15565384615382621, 0.5707307692307393, 0.7263846153846086, 54.9458076923067, 0.5707307692307825, 1.297115384615391, 0.3631923076923043, 0.31130769230765243, 0.8301538461538261, 0.6226153846153912, 1.4527692307691744, 0.5707307692307393, 0.20753846153847816, 0.6226153846153912, 1.08957692307687, 0.7263846153846086, 0.622615384615348, 0.051884615384608736, 0.7263846153846086, 0.1556538461538694, 1.349, 0.3631923076923043, 0.5188461538461737, 0.20753846153847816, 0.5188461538461737, 0.3631923076923043, 0.9858076923076956, 0.9858076923076524, 1.0376923076922613, 57.021192307691265, 55.56842307692205, 0.5188461538461737, 1.089576923076913, 56.03538461538361, 57.22873076922975, 55.41276923076822, 0.10376923076921747, 0.25942307692308686, 0.7263846153846086, 0.5707307692307825, 0.8301538461538261, 0.10376923076926067, 0.3113076923076956, 55.257115384614394, 0.3113076923076956, 1.1414615384615217, 0.3631923076923043, 0.25942307692308686, 0.25942307692308686, 0.15565384615382621, 0.10376923076926067, 0.10376923076926067, 2.1272692307692176, 0.6226153846153912, 0.6226153846153912, 1.0376923076922613, 0.051884615384608736, 56.19103846153744, 0.20753846153843494, 55.98349999999896, 56.39857692307587, 56.19103846153744, 2.3348076923076526, 0.10376923076926067, 56.29480769230666, 0.15565384615382621, 0.4150769230769131, 0.31130769230765243, 1.0376923076923044, 0.051884615384608736, 54.686384615383616, 0.10376923076926067, 1.0376923076922613, 0.5188461538461737, 56.13915384615283, 1.349, 0.20753846153847816, 1.089576923076913, 0.1556538461538694, 0.20753846153843494, 0.051884615384608736, 0.25942307692308686, 0.4150769230769131, 0.7782692307692175, 1.4008846153846088, 1.4527692307692173, 0.25942307692304367, 0.7782692307692175, 1.1933461538461305, 0.9858076923076956, 0.25942307692304367, 0.4669615384615651, 0.7782692307692175, 0.051884615384608736, 0.051884615384608736, 0.20753846153847816, 0.3631923076923043, 0.7263846153846086, 0.5707307692307825, 0.5188461538461737, 0.6744999999999568, 0.46696153846152183, 2.697999999999957, 0.5707307692307825, 1.8159615384615218, 0.25942307692308686, 0.0, 0.6744999999999568, 0.8301538461538261, 0.7782692307692175, 0.20753846153843494, 55.77596153846053, 55.72407692307592, 57.22873076922975, 0.5707307692307825, 1.9197307692307393, 1.2452307692307394, 0.46696153846152183, 55.56842307692205, 0.3631923076923043, 0.3631923076923043, 0.10376923076926067, 0.9858076923076956, 0.8301538461538261, 0.6226153846153912, 0.8820384615384782, 55.46465384615283, 0.9339230769230437, 0.6745, 0.15565384615382621, 0.25942307692304367, 1.0376923076923044, 0.3631923076923043, 0.3631923076923043, 0.4669615384615651, 0.8301538461538261, 2.386692307692261, 1.1414615384615217, 1.0376923076923044, 1.1933461538461305, 0.3631923076923043, 0.25942307692308686, 0.15565384615382621, 1.089576923076913, 0.9858076923076524, 0.5188461538461737, 2.0234999999999568, 0.6226153846153912, 0.7263846153846086, 0.25942307692308686, 0.4150769230769131, 0.882038461538435, 1.297115384615391, 0.8301538461538261, 1.0376923076922613, 0.3631923076923043, 0.15565384615382621, 0.6745, 0.5188461538461737, 0.7782692307692175, 0.7782692307692175, 1.0376923076923044, 1.4008846153845655, 0.7263846153846086, 54.37507692307592, 0.051884615384608736, 0.10376923076926067, 1.8159615384614785, 0.0, 0.3113076923076956, 0.10376923076921747, 1.4008846153846088, 0.5707307692307825, 0.46696153846152183, 1.4527692307692173, 0.6226153846153912, 0.20753846153847816, 0.7782692307692175, 0.10376923076926067, 0.7782692307692175, 0.25942307692304367, 0.6226153846153912, 1.4008846153846088, 0.25942307692304367, 0.9339230769230437, 0.051884615384608736, 0.4150769230769131, 55.72407692307592, 56.96930769230666, 56.13915384615283, 56.08726923076823, 56.657999999998964, 0.8301538461538261, 1.6603076923076956, 0.5707307692307393, 0.4669615384615651, 0.8820384615384782, 0.622615384615348, 0.5188461538461306, 0.7263846153846086, 0.4150769230769131, 0.46696153846152183, 0.7263846153846086, 0.20753846153843494, 2.231038461538435, 55.20523076922975, 0.46696153846152183, 0.20753846153847816, 56.606115384614355, 0.10376923076926067, 0.46696153846152183, 0.4150769230769131, 1.297115384615391, 0.9858076923076524, 0.622615384615348, 0.25942307692304367, 55.36088461538361, 55.56842307692205, 0.0, 0.7782692307692175, 0.10376923076926067, 2.0234999999999568, 0.5188461538461306, 56.96930769230666, 0.4669615384615651, 0.7263846153846086, 1.1933461538461305, 1.6603076923076956, 0.0, 0.5188461538461306, 1.0376923076922613, 1.089576923076913, 0.8820384615384782, 0.1556538461538694, 0.7782692307692175, 0.20753846153843494, 0.8820384615384782, 0.3113076923076956, 1.0376923076923044, 0.10376923076926067, 0.10376923076921747, 2.2829230769230433, 1.4527692307692173, 1.6084230769230436, 0.8301538461538261, 0.4150769230769131, 0.6745, 1.2452307692307825, 0.6745, 0.10376923076926067, 0.051884615384608736, 0.31130769230765243, 1.0376923076922613, 0.1556538461538694, 0.8301538461538261, 0.46696153846152183, 0.8820384615384782, 0.25942307692304367, 0.5188461538461737, 0.7782692307692175, 0.20753846153843494, 1.5046538461538261, 0.4669615384615651, 0.0, 0.5707307692307825, 0.15565384615382621, 0.6745, 1.556538461538435, 1.8678461538460873, 0.6744999999999568, 0.6744999999999568, 0.4150769230769131, 0.15565384615382621, 1.089576923076913, 0.882038461538435, 0.46696153846152183, 1.297115384615391, 0.25942307692308686, 1.4527692307692173, 1.556538461538435, 56.606115384614355, 55.931615384614354, 0.46696153846152183, 1.089576923076913, 0.5188461538461306, 0.051884615384608736, 0.5188461538461306, 0.20753846153843494, 1.5046538461538261, 0.4669615384615651, 0.7263846153846086, 0.3631923076923043, 0.9858076923076956, 56.24292307692205, 0.9339230769230437, 0.051884615384608736, 0.4669615384615651, 0.4150769230769131, 0.7263846153846086, 0.051884615384608736, 0.3631923076923043, 0.051884615384608736, 56.29480769230666, 0.0, 56.91742307692205, 0.1556538461538694, 55.04957692307592, 1.4527692307691744, 0.051884615384608736, 0.10376923076926067, 0.4150769230769131, 0.4669615384615651, 0.3113076923076956, 0.5188461538461737, 0.3631923076923043, 0.5707307692307825, 55.46465384615283, 0.25942307692308686, 0.051884615384608736, 1.4527692307692173, 54.9458076923067, 1.08957692307687, 0.7263846153846086, 0.9339230769230868, 0.10376923076921747, 1.1414615384615217, 0.5188461538461306, 0.1556538461538694, 0.10376923076921747, 0.4150769230769131, 56.50234615384514, 56.13915384615283, 1.0376923076922613, 0.15565384615382621, 0.25942307692308686, 0.5188461538461306, 0.6226153846153912, 0.051884615384608736, 56.19103846153744, 0.8301538461538261, 0.7263846153846086, 0.4150769230769131, 0.20753846153847816, 56.29480769230666, 0.5188461538461306, 1.4527692307692173, 55.20523076922975, 55.62030769230665, 0.46696153846152183, 0.5188461538461737, 0.1556538461538694, 0.1556538461538694, 0.4150769230769131, 0.4669615384615651, 55.98349999999896, 0.8301538461538261, 54.53073076922979, 1.1933461538461305, 0.9339230769230868, 1.0376923076923044, 0.25942307692308686, 1.5046538461538261, 0.882038461538435, 0.051884615384608736, 0.5188461538461306, 0.10376923076921747, 0.8301538461538261, 1.0376923076922613, 1.1414615384615217, 0.6745, 0.9858076923076956, 0.5707307692307393, 1.8159615384614785, 1.349, 1.1414615384615217, 0.882038461538435, 1.1933461538461305, 55.77596153846053, 56.39857692307587, 56.39857692307587, 0.3113076923076956, 0.5188461538461737, 0.25942307692308686, 0.31130769230765243, 0.25942307692308686, 0.9339230769230437, 0.8301538461538261, 0.25942307692304367, 0.46696153846152183, 0.3631923076923043, 0.31130769230765243, 2.231038461538392, 55.67219230769131, 0.10376923076926067, 0.3631923076923043, 0.4150769230769131, 0.6226153846153912, 0.25942307692308686, 0.051884615384608736, 0.15565384615382621, 56.86553846153744, 0.15565384615382621, 0.6226153846153912, 0.10376923076921747, 0.8820384615384782, 0.9339230769230437, 0.9858076923076956, 0.15565384615382621, 56.657999999998964, 57.12496153846048, 1.1414615384615217, 55.879730769229745, 56.24292307692205, 0.051884615384608736, 0.4669615384615651, 0.5188461538461737, 0.5707307692307825, 0.051884615384608736, 0.15565384615382621, 0.5707307692307825, 1.1414615384615217, 1.764076923076913, 56.45046153846053, 0.1556538461538694, 55.04957692307592, 0.8301538461538261, 0.9858076923076524, 0.20753846153847816, 0.3631923076923043, 55.41276923076822, 0.46696153846152183, 0.8301538461538261, 0.7263846153846086, 0.7782692307692175, 0.46696153846152183, 1.1933461538461305, 0.051884615384608736, 0.882038461538435, 0.5707307692307825, 0.10376923076921747, 0.8301538461538261, 0.882038461538435, 0.6745, 0.4150769230769131, 0.31130769230765243, 0.1556538461538694, 0.7782692307692175, 0.5707307692307825, 56.81365384615283, 1.1414615384615217, 0.20753846153847816, 0.7782692307692175, 0.9858076923076524, 0.4150769230769131, 0.0, 0.5707307692307825, 0.1556538461538694, 0.9339230769230437, 0.622615384615348, 1.5046538461538261, 0.5707307692307825, 1.556538461538435, 0.8820384615384782, 0.622615384615348, 0.4669615384615651, 0.20753846153847816, 1.08957692307687, 1.08957692307687, 1.0376923076922613, 0.622615384615348, 0.4669615384615651, 0.3113076923076956, 0.0, 57.021192307691265, 0.46696153846152183, 0.15565384615382621, 0.5707307692307825, 0.6226153846153912, 1.297115384615391, 1.5046538461538261, 0.051884615384608736, 55.153346153845135, 55.879730769229745, 56.91742307692205, 0.5188461538461737, 0.622615384615348, 0.3631923076923043, 1.297115384615391, 57.33249999999896, 55.98349999999896, 0.4150769230769131, 55.20523076922975, 0.7782692307692175, 55.72407692307592, 1.556538461538435, 1.4527692307692173, 1.2452307692307825, 0.9858076923076956, 1.9716153846153481, 57.59192307692201, 0.6745, 0.0, 0.5707307692307393, 0.7263846153846086, 56.39857692307587, 0.10376923076926067, 55.98349999999896, 56.29480769230666, 1.0376923076922613, 0.3631923076923043, 0.20753846153847816, 0.5707307692307825, 1.0376923076923044, 0.3631923076923043, 55.77596153846053, 56.24292307692205, 1.556538461538435, 56.39857692307587, 1.349, 1.556538461538435, 56.761769230768174, 0.3631923076923043, 1.08957692307687, 0.8301538461538261, 1.297115384615391, 55.931615384614354, 0.0, 0.6226153846153912, 0.7263846153846086, 56.24292307692205, 55.30899999999901, 0.051884615384608736, 0.622615384615348, 1.9716153846153481, 1.4527692307692173, 0.4669615384615651, 1.0376923076923044, 0.3631923076923043, 0.15565384615382621, 1.2452307692307825, 1.1414615384615217, 1.1933461538461305, 0.6745, 0.25942307692308686, 0.1556538461538694, 0.6745, 0.8820384615384782, 0.7782692307692175, 0.8301538461538261, 0.9339230769230437, 1.2452307692307825, 0.10376923076921747, 0.3631923076923043, 0.20753846153843494, 0.0, 0.1556538461538694, 0.622615384615348, 56.50234615384514, 0.25942307692308686, 0.6745, 1.4008846153846088, 0.10376923076926067, 0.20753846153847816, 0.10376923076921747, 0.15565384615382621, 0.051884615384608736, 0.5707307692307825, 1.0376923076922613, 0.3631923076923043, 55.879730769229745, 56.24292307692205, 57.073076923075874, 1.349, 1.2452307692307825, 1.556538461538435, 0.5707307692307825, 0.7263846153846086, 0.9858076923076524, 0.7782692307692175, 0.7782692307692175, 0.9858076923076956, 0.25942307692304367, 56.24292307692205, 0.622615384615348, 56.45046153846053, 55.98349999999896, 0.1556538461538694, 0.6745, 55.72407692307592, 0.3631923076923043, 0.20753846153843494, 0.7782692307692175, 1.1414615384615217, 0.46696153846152183, 55.77596153846053, 56.39857692307587, 0.10376923076921747, 55.36088461538361, 1.6603076923076956, 1.349, 0.3631923076923043, 0.1556538461538694, 0.622615384615348, 1.1933461538461305, 0.051884615384608736, 0.8301538461538261, 1.0376923076923044, 0.7782692307692175, 0.6226153846153912, 1.1933461538461305, 0.5188461538461306, 0.051884615384608736, 0.0, 0.3631923076923043, 0.3113076923076956, 0.46696153846152183, 0.5707307692307825, 0.8301538461538261, 0.4669615384615651, 1.08957692307687, 0.15565384615382621, 0.15565384615382621, 0.20753846153847816, 0.7263846153846086, 1.1933461538461305, 1.2452307692307825, 1.4527692307691744, 0.051884615384608736, 0.25942307692304367, 1.0376923076922613, 0.15565384615382621, 1.5046538461538261, 1.5046538461538261, 55.56842307692205, 55.72407692307592, 1.297115384615391, 57.33249999999896, 57.54003846153739, 55.30899999999901, 1.0376923076923044, 1.1933461538461305, 1.1414615384615217, 0.31130769230765243, 0.6744999999999568, 0.20753846153843494, 0.8820384615384782, 0.6744999999999568, 0.46696153846152183, 0.0, 1.1414615384615217, 0.31130769230765243, 0.7782692307692175, 0.20753846153843494, 55.67219230769131, 54.42696153846053, 0.8820384615384782, 1.089576923076913, 0.7263846153846086, 55.56842307692205, 0.6226153846153912, 56.45046153846053, 0.5188461538461737, 1.2452307692307825, 0.5188461538461737, 1.2452307692307825, 1.1933461538461305, 0.4150769230769131, 1.6084230769230436, 1.3489999999999567, 0.31130769230765243, 0.6745, 1.6084230769230436, 1.08957692307687, 0.7782692307692175, 0.3113076923076956, 0.3113076923076956, 0.10376923076921747, 0.10376923076921747, 1.556538461538435, 0.25942307692304367, 0.4150769230769131, 1.1933461538461305, 1.4008846153845655, 0.051884615384608736, 0.4150769230769131, 1.1414615384615217, 0.9339230769230437, 56.606115384614355, 0.4150769230769131, 56.29480769230666, 0.20753846153847816, 1.089576923076913, 0.051884615384608736, 1.8678461538461306, 0.8820384615384782, 1.1414615384615217, 0.5188461538461737, 0.4150769230769131, 57.59192307692201, 0.622615384615348, 0.20753846153847816, 1.0376923076923044, 0.15565384615382621, 0.3631923076923043, 1.5046538461538261, 1.0376923076923044, 1.2971153846153483, 0.20753846153843494, 0.25942307692304367, 57.48815384615279, 0.7782692307692175, 1.0376923076922613, 0.20753846153847816, 56.91742307692205, 0.6226153846153912, 55.879730769229745, 56.39857692307587, 1.6603076923076956, 0.20753846153843494, 0.20753846153847816, 1.9197307692307393, 0.5707307692307393, 56.50234615384514, 0.6745, 0.20753846153843494, 0.5188461538461737, 0.0, 0.6744999999999568, 0.051884615384608736, 0.7263846153846086, 0.882038461538435, 0.051884615384608736, 0.9339230769230868, 0.5707307692307825, 0.1556538461538694, 0.9339230769230868, 0.1556538461538694, 0.9339230769230868, 0.7782692307692175, 57.021192307691265, 0.20753846153843494, 0.7782692307692175, 0.051884615384608736, 1.4008846153846088, 0.10376923076921747, 55.879730769229745, 56.50234615384514, 1.3489999999999567, 0.4150769230769131, 0.6744999999999568, 1.0376923076923044, 0.7263846153846086, 0.882038461538435, 0.10376923076921747, 0.051884615384608736, 0.20753846153843494, 0.8301538461538261, 0.4150769230769131, 0.8301538461538261, 0.4669615384615651, 56.29480769230666, 0.10376923076921747, 0.0, 0.6226153846153912, 56.657999999998964, 1.297115384615391, 55.77596153846053, 55.879730769229745, 1.6084230769230436, 0.051884615384608736, 0.4150769230769131, 0.46696153846152183, 0.7263846153846086, 0.7263846153846086, 1.4008846153846088, 54.634499999999, 0.9858076923076956, 0.6745, 0.051884615384608736, 56.03538461538361, 56.19103846153744, 0.622615384615348, 55.36088461538361, 55.36088461538361, 0.9858076923076956, 0.4669615384615651, 0.8301538461538261, 0.8820384615384782, 0.051884615384608736, 0.9339230769230437, 56.29480769230666, 55.30899999999901, 0.20753846153843494, 0.051884615384608736, 0.31130769230765243, 0.5707307692307393, 0.4669615384615651, 0.3631923076923043, 1.6603076923076956, 0.3631923076923043, 0.10376923076926067, 0.8301538461538261, 2.1272692307692176, 0.5188461538461737, 0.46696153846152183, 0.31130769230765243, 0.9339230769230437, 0.7782692307692175, 0.5188461538461737, 0.7263846153846086, 1.6603076923076956, 2.2829230769230433, 0.25942307692308686, 0.8301538461538261, 1.5046538461538261, 0.4150769230769131, 0.3113076923076956, 1.08957692307687, 1.1933461538461305, 0.10376923076926067, 0.31130769230765243, 0.9858076923076956, 0.25942307692308686, 0.1556538461538694, 0.3113076923076956, 0.4669615384615651, 1.4008846153846088, 0.1556538461538694, 1.1414615384615217, 1.4008846153846088, 0.8301538461538261, 0.5188461538461737, 0.6226153846153912, 0.5188461538461737, 1.2971153846153483, 0.7782692307692175, 0.0, 0.10376923076921747, 0.1556538461538694, 0.5707307692307393, 0.5188461538461306, 0.7263846153846086, 0.5707307692307825, 1.297115384615391, 0.6744999999999568, 2.3348076923076526, 1.0376923076923044, 0.25942307692304367, 0.9858076923076524, 0.9858076923076524, 0.20753846153847816, 0.9858076923076524, 0.5188461538461306, 0.6744999999999568, 0.0, 0.15565384615382621, 0.9339230769230868, 0.9339230769230868, 1.2452307692307825, 0.46696153846152183, 0.8820384615384782, 2.075384615384565, 0.46696153846152183, 0.7263846153846086, 0.46696153846152183, 56.34669230769127, 0.051884615384608736, 55.72407692307592, 55.72407692307592, 0.10376923076926067, 0.5707307692307393, 0.7263846153846086, 1.1933461538461305, 1.6084230769230436, 2.179153846153783, 0.31130769230765243, 1.6603076923076523, 1.089576923076913, 0.5188461538461306, 0.5707307692307825, 0.15565384615382621, 1.1933461538461305, 0.051884615384608736, 0.6744999999999568, 0.20753846153843494, 0.46696153846152183, 0.9339230769230437, 55.56842307692205, 0.3113076923076956, 0.10376923076926067, 0.3113076923076956, 0.3631923076923043, 0.8301538461538261, 1.0376923076923044, 0.20753846153843494, 0.25942307692308686, 56.39857692307587, 56.96930769230666, 1.2452307692307394, 0.6745, 57.9032307692297, 55.46465384615283, 55.72407692307592, 0.10376923076926067, 0.5188461538461737, 0.4150769230769131, 1.7121923076922612, 0.4150769230769131, 0.622615384615348, 0.882038461538435, 1.3489999999999567, 0.5188461538461737, 0.46696153846152183, 56.761769230768174, 0.3631923076923043, 1.1933461538461305, 0.10376923076926067, 1.4008846153845655, 56.761769230768174, 0.0, 0.0, 1.089576923076913, 1.556538461538435, 0.9339230769230437, 0.6226153846153912, 0.6745, 0.7263846153846086, 0.7782692307692175, 1.556538461538435, 0.3113076923076956, 0.7782692307692175, 0.8301538461538261, 1.0376923076923044, 0.4150769230769131, 0.25942307692308686, 0.051884615384608736, 0.15565384615382621, 0.1556538461538694, 1.1414615384615217, 0.5188461538461737, 0.7782692307692175, 0.10376923076921747, 0.0, 56.29480769230666, 56.606115384614355, 0.9858076923076956, 0.0, 0.1556538461538694, 0.3631923076923043, 0.6226153846153912, 0.25942307692308686, 0.4669615384615651, 1.4008846153846088, 0.6226153846153912, 0.25942307692304367, 54.634499999999, 0.10376923076921747, 0.15565384615382621, 1.08957692307687, 1.0376923076923044, 0.1556538461538694, 0.10376923076926067, 0.7782692307692175, 0.20753846153847816, 0.0, 0.9858076923076524, 0.4669615384615651, 0.20753846153847816, 0.31130769230765243, 0.7263846153846086, 0.20753846153843494, 0.622615384615348, 0.7782692307692175, 0.882038461538435, 0.1556538461538694, 0.1556538461538694, 1.4527692307691744, 1.297115384615391, 0.4150769230769131, 0.5707307692307393, 1.9197307692307393, 0.25942307692304367, 0.25942307692304367, 0.8301538461538261, 1.556538461538435, 1.0376923076922613, 0.6745, 0.4669615384615651, 0.10376923076926067, 1.1933461538461305, 0.31130769230765243, 1.349, 0.6226153846153912, 0.3113076923076956, 0.7263846153846086, 0.3631923076923043, 0.15565384615382621, 1.2971153846153483, 0.0, 1.4527692307691744, 0.5707307692307825, 56.24292307692205, 0.6226153846153912, 56.70988461538357, 0.051884615384608736, 56.19103846153744, 56.45046153846053, 0.3631923076923043, 0.20753846153843494, 0.622615384615348, 0.882038461538435, 1.1414615384615217, 56.657999999998964, 0.10376923076926067, 0.5707307692307825, 0.051884615384608736, 0.0, 0.051884615384608736, 0.25942307692308686, 0.051884615384608736, 0.882038461538435, 56.761769230768174, 0.5188461538461306, 0.20753846153843494, 0.3631923076923043, 1.556538461538435, 1.6603076923076956, 55.30899999999901, 55.67219230769131, 55.98349999999896, 55.101461538460526, 54.9458076923067, 0.7782692307692175, 1.2452307692307825, 0.3631923076923043, 1.1933461538461305, 0.0, 0.051884615384608736, 0.1556538461538694, 0.25942307692308686, 0.6226153846153912, 1.4527692307691744, 0.20753846153843494, 0.20753846153847816, 55.931615384614354, 0.051884615384608736, 0.6744999999999568, 55.51653846153744, 55.98349999999896, 0.8301538461538261, 0.9858076923076956, 0.051884615384608736, 55.257115384614394, 56.91742307692205, 55.56842307692205, 0.7263846153846086, 54.842038461537435, 0.3631923076923043, 56.34669230769127, 55.20523076922975, 54.42696153846053, 55.931615384614354, 0.3631923076923043, 56.03538461538361, 1.4527692307692173, 0.20753846153843494, 0.6745, 0.3113076923076956, 0.3113076923076956, 0.25942307692304367, 0.25942307692304367, 0.15565384615382621, 1.2971153846153483, 0.051884615384608736, 0.6744999999999568, 0.4150769230769131, 0.5707307692307825, 0.5188461538461737, 0.7263846153846086, 0.6745, 0.46696153846152183, 0.7263846153846086, 0.5707307692307825, 1.6084230769230436, 57.021192307691265, 57.799461538460484, 55.56842307692205, 55.72407692307592, 0.15565384615382621, 1.3489999999999567, 1.1414615384615217, 1.1414615384615217, 55.51653846153744, 0.25942307692304367, 54.47884615384518, 56.70988461538357, 0.6744999999999568, 1.2452307692307825, 0.15565384615382621, 0.5707307692307393, 0.25942307692304367, 0.4669615384615651, 0.15565384615382621, 0.7263846153846086, 56.24292307692205, 56.45046153846053, 55.67219230769131, 0.051884615384608736, 56.96930769230666, 56.55423076922974, 0.051884615384608736, 1.8159615384615218, 1.349, 1.2452307692307394, 1.089576923076913, 1.5046538461538261, 1.0376923076923044, 0.10376923076921747, 0.20753846153843494, 0.3631923076923043, 0.10376923076921747, 1.8159615384615218, 1.349, 0.7263846153846086, 0.3631923076923043, 1.7121923076923042, 0.31130769230765243, 0.25942307692304367, 0.5707307692307825, 0.31130769230765243, 0.4150769230769131, 0.10376923076921747, 1.0376923076923044, 0.6744999999999568, 0.5707307692307393, 0.5188461538461306, 1.556538461538435, 0.9858076923076956, 0.20753846153847816, 0.7782692307692175, 0.46696153846152183, 0.5188461538461737, 0.622615384615348, 56.24292307692205, 0.20753846153847816, 0.15565384615382621, 1.2452307692307394, 0.20753846153847816, 0.25942307692304367, 2.127269230769174, 1.2452307692307825, 1.297115384615391, 0.3113076923076956, 0.3113076923076956, 1.556538461538435, 0.4669615384615651, 0.051884615384608736, 0.20753846153843494, 0.0, 0.051884615384608736, 0.051884615384608736, 0.10376923076926067, 0.6226153846153912, 0.20753846153843494, 0.9339230769230437, 0.4150769230769131, 1.2452307692307394, 1.1933461538461305, 0.9858076923076956, 1.4008846153845655, 0.3631923076923043, 0.31130769230765243, 0.46696153846152183, 1.0376923076922613, 0.46696153846152183, 1.08957692307687, 0.0, 0.25942307692308686, 0.7782692307692175, 1.349, 0.8301538461538261, 1.1933461538461305, 0.7263846153846086, 0.4150769230769131, 0.15565384615382621, 0.6226153846153912, 0.31130769230765243, 0.882038461538435, 1.4527692307692173, 1.2971153846153483, 0.20753846153843494, 1.1933461538461305, 0.10376923076921747, 0.4150769230769131, 0.0, 0.4150769230769131, 2.438576923076913, 0.10376923076926067, 0.3631923076923043, 1.1933461538461305, 0.4150769230769131, 0.15565384615382621, 0.7263846153846086, 0.051884615384608736, 0.051884615384608736, 0.051884615384608736, 1.1414615384615217, 2.0234999999999568, 1.8159615384615218, 0.15565384615382621, 0.10376923076921747, 0.0, 0.7263846153846086, 0.6744999999999568, 1.5046538461538261, 0.3113076923076956, 0.7782692307692175, 0.31130769230765243, 0.1556538461538694, 0.4669615384615651, 0.8301538461538261, 0.20753846153847816, 0.5188461538461737, 0.9339230769230437, 0.20753846153847816, 0.3113076923076956, 0.10376923076926067, 0.31130769230765243, 0.6226153846153912, 0.0, 56.70988461538357, 0.1556538461538694, 0.9858076923076524, 1.1414615384615217, 0.3631923076923043, 0.0, 0.25942307692308686, 0.4150769230769131, 1.5046538461538261, 1.5046538461538261, 0.6745, 0.4150769230769131, 0.25942307692308686, 55.51653846153744, 0.6226153846153912, 0.25942307692308686, 0.0, 55.98349999999896, 0.7782692307692175, 1.349, 0.8820384615384782, 1.0376923076922613, 0.3631923076923043, 0.051884615384608736, 0.5707307692307825, 0.8820384615384782, 0.5188461538461737, 0.46696153846152183, 1.0376923076922613, 1.1933461538461305, 0.46696153846152183, 0.25942307692304367, 0.25942307692308686, 1.4008846153845655, 0.25942307692308686, 0.25942307692304367, 0.4150769230769131, 0.4150769230769131, 57.021192307691265, 0.7263846153846086, 0.4150769230769131, 1.4008846153845655, 55.46465384615283, 0.3631923076923043, 0.6744999999999568, 0.10376923076921747, 1.0376923076922613, 0.25942307692304367, 0.31130769230765243, 1.1414615384615217, 0.7782692307692175, 0.10376923076921747, 0.7782692307692175, 0.9339230769230868, 1.08957692307687, 1.2452307692307825, 0.1556538461538694, 0.7782692307692175, 0.7263846153846086, 0.8820384615384782, 0.5707307692307825, 1.6603076923076956, 0.8301538461538261, 0.5188461538461306, 0.4669615384615651, 0.7782692307692175, 0.20753846153847816, 0.3113076923076956, 0.6745, 0.31130769230765243, 0.25942307692308686, 0.3631923076923043, 1.2452307692307825, 0.051884615384608736, 0.20753846153843494, 0.3631923076923043, 0.4669615384615651, 0.051884615384608736, 0.8301538461538261, 0.0, 0.4150769230769131, 0.4150769230769131, 1.0376923076922613, 0.9339230769230868, 1.1414615384615217, 1.6603076923076956, 0.8301538461538261, 1.6084230769230436, 0.9339230769230868, 0.8820384615384782, 0.7782692307692175, 0.5188461538461737, 0.46696153846152183, 0.0, 1.1933461538461305, 1.0376923076922613, 0.6745, 0.5188461538461306, 2.0234999999999568, 0.6745, 0.4669615384615651, 0.5188461538461737, 0.20753846153847816, 0.25942307692304367, 1.9197307692307393, 0.6226153846153912, 1.5046538461538261, 0.0, 0.5707307692307393, 0.0, 1.089576923076913, 0.8820384615384782, 0.0, 0.20753846153843494, 0.10376923076926067, 0.9339230769230437, 1.2971153846153483, 0.1556538461538694, 0.20753846153843494, 0.051884615384608736, 55.30899999999901, 69.62915384615258, 0.9858076923076524, 0.3631923076923043, 57.28061538461435, 0.10376923076926067, 0.6744999999999568, 0.5188461538461306, 0.7782692307692175, 0.7782692307692175, 0.4150769230769131, 0.6745, 0.7263846153846086, 1.2452307692307825, 0.5188461538461737, 0.7263846153846086, 0.7263846153846086, 1.08957692307687, 1.08957692307687, 56.45046153846053, 0.46696153846152183, 1.5046538461538261, 56.70988461538357, 0.6745, 55.82784615384514, 0.7782692307692175, 0.1556538461538694, 1.1414615384615217, 56.24292307692205, 55.20523076922975, 0.3631923076923043, 1.2452307692307825, 0.8820384615384782, 55.82784615384514, 56.86553846153744, 0.7782692307692175, 56.91742307692205, 1.08957692307687, 0.051884615384608736, 0.5188461538461306, 0.9339230769230437, 0.9339230769230868, 1.089576923076913, 0.0, 0.10376923076921747, 0.15565384615382621, 0.9858076923076956, 0.3631923076923043, 1.089576923076913, 0.3631923076923043, 0.5188461538461737, 0.051884615384608736, 1.1414615384615217, 1.1414615384615217, 0.20753846153847816, 0.6745, 0.10376923076926067, 1.0376923076923044, 0.15565384615382621, 1.2452307692307394, 0.3631923076923043, 0.6745, 0.9339230769230437, 0.3631923076923043, 0.5707307692307825, 55.67219230769131, 56.34669230769127, 2.231038461538392, 55.82784615384514, 56.34669230769127, 56.657999999998964, 0.7263846153846086, 56.13915384615283, 56.606115384614355, 1.8159615384614785, 0.7263846153846086, 0.31130769230765243, 0.7263846153846086, 0.3631923076923043, 0.4150769230769131, 0.25942307692308686, 0.051884615384608736, 0.9858076923076956, 0.8820384615384782, 1.297115384615391, 0.7782692307692175, 0.3631923076923043, 0.3113076923076956, 0.3631923076923043, 0.8301538461538261, 0.051884615384608736, 0.25942307692308686, 1.0376923076923044, 0.1556538461538694, 1.4008846153846088, 1.089576923076913, 0.15565384615382621, 0.4669615384615651, 0.31130769230765243, 0.25942307692304367, 0.3113076923076956, 0.7263846153846086, 55.56842307692205, 55.931615384614354, 56.08726923076823, 0.7782692307692175, 0.7263846153846086, 0.15565384615382621, 1.4008846153845655, 0.4150769230769131, 0.25942307692308686, 0.10376923076921747, 1.349, 0.9858076923076956, 0.6744999999999568, 0.051884615384608736, 1.4008846153846088, 1.5046538461538261, 0.4150769230769131, 0.5188461538461737, 0.25942307692308686, 56.29480769230666, 0.7782692307692175, 55.77596153846053, 0.7782692307692175, 0.31130769230765243, 0.8301538461538261, 0.1556538461538694, 0.3113076923076956, 0.1556538461538694, 0.4150769230769131, 1.8159615384615218, 1.1414615384615217, 0.31130769230765243, 0.20753846153843494, 0.5707307692307825, 0.3631923076923043, 0.6226153846153912, 0.9339230769230868, 0.051884615384608736, 0.15565384615382621, 1.297115384615391, 1.0376923076923044, 0.25942307692308686, 0.8301538461538261, 0.6226153846153912, 0.8820384615384782, 0.1556538461538694, 2.179153846153783, 0.0, 0.5188461538461737, 2.0753846153846087, 0.46696153846152183, 1.0376923076922613, 1.2971153846153483, 0.20753846153843494, 0.3113076923076956, 0.882038461538435, 0.15565384615382621, 0.10376923076926067, 0.6744999999999568, 1.9716153846153481, 0.10376923076926067, 55.879730769229745, 55.62030769230665, 55.931615384614354, 0.15565384615382621, 1.08957692307687, 0.4669615384615651, 0.20753846153847816, 55.98349999999896, 55.56842307692205, 56.55423076922974, 0.5188461538461737, 0.20753846153843494, 0.5188461538461306, 1.556538461538435, 0.0, 0.25942307692308686, 56.50234615384514, 0.20753846153847816, 0.31130769230765243, 0.5707307692307825, 1.297115384615391, 0.3631923076923043, 0.7782692307692175, 55.67219230769131, 57.021192307691265, 56.657999999998964, 55.931615384614354, 0.3113076923076956, 55.51653846153744, 0.051884615384608736, 0.0, 0.3113076923076956, 0.20753846153847816, 55.879730769229745, 1.0376923076923044, 1.349, 0.8820384615384782, 1.556538461538435, 0.20753846153843494, 56.34669230769127, 0.5188461538461306, 0.4150769230769131, 0.7782692307692175, 0.6226153846153912, 1.1933461538461305, 1.4008846153845655, 0.25942307692308686, 0.0, 1.6603076923076523, 0.051884615384608736, 55.879730769229745, 55.931615384614354, 0.25942307692304367, 0.9339230769230437, 55.72407692307592, 1.4008846153846088, 0.4150769230769131, 0.9858076923076956, 0.7263846153846086, 0.0, 0.15565384615382621, 1.4527692307691744, 0.5707307692307393, 0.4669615384615651, 0.7263846153846086, 56.03538461538361, 0.7263846153846086, 1.089576923076913, 0.7782692307692175, 1.0376923076922613, 0.8301538461538261, 0.1556538461538694, 0.25942307692308686, 1.1933461538461305, 0.5707307692307393, 0.9339230769230868, 0.10376923076921747, 1.1414615384615217, 0.3113076923076956, 1.6084230769230436, 1.08957692307687, 1.297115384615391, 1.4008846153846088, 1.08957692307687, 0.9339230769230868, 0.7263846153846086, 1.5046538461538261, 0.10376923076926067, 0.8820384615384782, 0.4150769230769131, 0.5707307692307393, 1.2971153846153483, 0.051884615384608736, 1.08957692307687, 2.0234999999999568, 1.4527692307691744, 0.31130769230765243, 0.622615384615348, 0.0, 0.4150769230769131, 0.7782692307692175, 0.5188461538461737, 0.20753846153843494, 0.10376923076921747, 1.1414615384615217, 56.39857692307587, 0.4669615384615651, 56.55423076922974, 56.13915384615283, 56.606115384614355, 0.8301538461538261, 0.051884615384608736, 0.9339230769230868, 0.1556538461538694, 0.9339230769230868, 0.20753846153847816, 0.6226153846153912, 0.0, 0.9858076923076524, 0.9858076923076956, 1.0376923076922613, 0.5707307692307825, 0.20753846153847816, 1.0376923076923044, 0.25942307692304367, 0.9339230769230437, 0.6744999999999568, 0.25942307692304367, 0.6745, 0.1556538461538694, 1.0376923076923044, 0.5188461538461737, 0.5707307692307825, 0.10376923076921747, 0.3113076923076956, 0.9339230769230868, 0.8820384615384782, 1.349, 0.4150769230769131, 0.4150769230769131, 0.6226153846153912, 0.4669615384615651, 56.39857692307587, 0.3631923076923043, 0.4150769230769131, 55.46465384615283, 0.6744999999999568, 0.3113076923076956, 55.77596153846053, 55.153346153845135, 55.77596153846053, 1.4008846153845655, 57.22873076922975, 55.62030769230665, 1.08957692307687, 0.3113076923076956, 0.4669615384615651, 0.7263846153846086, 1.556538461538435, 0.3113076923076956, 0.7263846153846086, 1.556538461538435, 0.46696153846152183, 56.08726923076823, 0.7782692307692175, 0.3631923076923043, 56.50234615384514, 0.051884615384608736, 0.10376923076921747, 54.53073076922979, 0.4150769230769131, 55.72407692307592, 0.10376923076926067, 56.50234615384514, 0.9858076923076524, 0.31130769230765243, 1.089576923076913, 0.6226153846153912, 1.0376923076923044, 1.6084230769230436, 0.0, 1.1414615384615217, 0.3631923076923043, 0.7782692307692175, 1.2452307692307825, 1.0376923076923044, 0.7782692307692175, 0.3631923076923043, 1.6603076923076523, 55.46465384615283, 0.25942307692304367, 0.9858076923076524, 0.9858076923076524, 1.297115384615391, 0.3631923076923043, 0.7263846153846086, 57.073076923075874, 0.7263846153846086, 0.20753846153843494, 0.7263846153846086, 0.7263846153846086, 0.882038461538435, 55.101461538460526, 1.089576923076913, 0.8301538461538261, 55.931615384614354, 56.03538461538361, 0.20753846153843494, 56.45046153846053, 55.82784615384514, 56.96930769230666, 55.82784615384514, 0.0, 0.3631923076923043, 55.56842307692205, 0.5707307692307393, 0.6226153846153912, 56.606115384614355, 55.51653846153744, 0.5707307692307825, 0.0, 56.45046153846053, 55.72407692307592, 55.77596153846053, 1.4008846153845655, 0.7782692307692175, 0.5188461538461306, 0.9339230769230868, 0.7263846153846086, 0.051884615384608736, 0.6744999999999568, 0.8820384615384782, 0.7782692307692175, 0.5707307692307393, 0.25942307692308686, 1.1933461538461305, 0.20753846153847816, 55.82784615384514, 56.70988461538357, 0.10376923076921747, 57.384384615383574, 56.70988461538357, 0.6744999999999568, 0.7782692307692175, 0.882038461538435, 0.4669615384615651, 0.8820384615384782, 56.03538461538361, 0.051884615384608736, 1.0376923076922613, 0.6745, 0.051884615384608736, 0.7263846153846086, 0.1556538461538694, 0.1556538461538694, 0.5188461538461737, 0.0, 0.7263846153846086, 56.29480769230666, 56.50234615384514, 55.46465384615283, 0.9339230769230868, 0.8301538461538261, 0.5188461538461306, 0.6745, 0.5188461538461737, 0.1556538461538694, 0.6744999999999568, 0.25942307692304367, 0.15565384615382621, 55.56842307692205, 0.15565384615382621, 0.31130769230765243, 1.6084230769230436, 0.9339230769230868, 0.10376923076921747, 0.5188461538461737, 0.7263846153846086, 0.9339230769230437, 55.30899999999901, 56.19103846153744, 54.99769230769131, 1.297115384615391, 0.6226153846153912, 1.0376923076923044, 0.4150769230769131, 0.051884615384608736, 0.10376923076926067, 0.882038461538435, 56.08726923076823, 55.153346153845135, 0.1556538461538694, 56.91742307692205, 1.8678461538460873, 0.8301538461538261, 55.51653846153744, 0.20753846153843494, 2.3348076923076526, 0.051884615384608736, 1.349, 0.5707307692307825, 0.10376923076926067, 0.882038461538435, 0.31130769230765243, 0.6226153846153912, 1.349, 0.25942307692304367, 0.7263846153846086, 0.25942307692308686, 0.4150769230769131, 0.4150769230769131, 0.25942307692308686, 1.3489999999999567, 1.4008846153845655, 0.7782692307692175, 0.10376923076926067, 0.7263846153846086, 0.4669615384615651, 1.089576923076913, 1.1933461538461305, 0.5707307692307393, 0.7263846153846086, 0.5707307692307393, 0.4150769230769131, 0.3631923076923043, 0.9858076923076524, 0.3631923076923043, 0.622615384615348, 0.10376923076926067, 0.6744999999999568, 1.6603076923076956, 2.438576923076913, 0.10376923076926067, 0.882038461538435, 1.7121923076923042, 0.10376923076926067, 0.5707307692307825, 0.8820384615384782, 0.15565384615382621, 0.3631923076923043, 0.5188461538461306, 0.051884615384608736, 0.3113076923076956, 1.6084230769230436, 0.1556538461538694, 0.25942307692308686, 0.7782692307692175, 56.29480769230666, 1.9197307692307393, 0.9858076923076956, 0.15565384615382621, 1.4008846153845655, 0.25942307692308686, 0.10376923076926067, 0.20753846153847816, 0.5188461538461737, 0.25942307692308686, 1.0376923076922613, 0.5707307692307825, 1.2452307692307825, 0.5707307692307825, 0.9339230769230437, 0.5707307692307825, 0.0, 55.04957692307592, 0.4150769230769131, 55.62030769230665, 0.46696153846152183, 1.1414615384615217, 1.1414615384615217, 0.0, 0.6226153846153912, 0.882038461538435, 0.4150769230769131, 0.8820384615384782, 0.4669615384615651, 0.4150769230769131, 0.7263846153846086, 0.4669615384615651, 0.3113076923076956, 0.20753846153843494, 1.0376923076922613, 0.9339230769230437, 0.3631923076923043, 0.4150769230769131, 0.31130769230765243, 0.7263846153846086, 0.7263846153846086, 0.8301538461538261, 0.0, 57.073076923075874, 55.931615384614354, 0.25942307692304367, 1.349, 0.25942307692304367, 56.03538461538361, 1.1414615384615217, 0.5188461538461306, 55.257115384614394, 0.5707307692307393, 0.9858076923076524, 0.20753846153843494, 0.051884615384608736, 0.7782692307692175, 55.931615384614354, 1.1933461538461305, 54.686384615383616, 56.34669230769127, 0.20753846153847816, 56.29480769230666, 0.10376923076926067, 56.24292307692205, 0.051884615384608736, 54.79015384615283, 56.91742307692205, 0.5188461538461737, 0.31130769230765243, 1.1414615384615217, 0.1556538461538694, 0.15565384615382621, 0.9339230769230437, 0.5188461538461306, 0.10376923076926067, 0.8301538461538261, 0.4669615384615651, 0.10376923076926067, 0.051884615384608736, 0.7263846153846086, 0.6745, 0.051884615384608736, 0.051884615384608736, 56.86553846153744, 0.15565384615382621, 0.051884615384608736, 54.9458076923067, 54.634499999999, 55.82784615384514, 0.1556538461538694, 2.231038461538435, 0.5707307692307825, 0.5188461538461737, 1.2452307692307394, 0.7263846153846086, 1.3489999999999567, 56.81365384615283, 0.3631923076923043, 1.9197307692307393, 0.6226153846153912, 0.4150769230769131, 0.8301538461538261, 0.9339230769230437, 0.10376923076926067, 0.3631923076923043, 0.4150769230769131, 0.10376923076926067, 0.5188461538461306, 0.051884615384608736, 56.29480769230666, 0.31130769230765243, 0.4150769230769131, 0.051884615384608736, 55.04957692307592, 0.6744999999999568, 0.7263846153846086, 1.6603076923076523, 0.4150769230769131, 1.6084230769230436, 1.1933461538461305, 1.6084230769230436, 0.3113076923076956, 0.3631923076923043, 1.297115384615391, 0.5707307692307825, 1.0376923076923044, 2.438576923076913, 1.2452307692307394, 0.6226153846153912, 1.4008846153845655, 0.051884615384608736, 0.31130769230765243, 0.051884615384608736, 0.7263846153846086, 0.3631923076923043, 0.15565384615382621, 0.1556538461538694, 0.4669615384615651, 0.31130769230765243, 0.051884615384608736, 0.051884615384608736, 0.882038461538435, 0.5707307692307825, 0.622615384615348, 0.8301538461538261, 0.3631923076923043, 0.051884615384608736, 1.1933461538461305, 0.25942307692304367, 0.15565384615382621, 1.4008846153846088, 0.6226153846153912, 0.6226153846153912, 0.5188461538461306, 0.5188461538461737, 0.9339230769230868, 0.7263846153846086, 0.5707307692307393, 0.3631923076923043, 0.5188461538461737, 1.4527692307691744, 0.051884615384608736, 0.4669615384615651, 1.1414615384615217, 0.8820384615384782, 0.8301538461538261, 0.4150769230769131, 1.349, 1.0376923076923044, 0.6745, 0.3631923076923043, 1.4008846153846088, 0.4150769230769131, 55.56842307692205, 0.25942307692308686, 1.3489999999999567, 0.7263846153846086, 0.4150769230769131, 0.3631923076923043, 0.4150769230769131, 0.051884615384608736, 0.6744999999999568, 0.7782692307692175, 0.3631923076923043, 0.20753846153847816, 0.0, 0.5188461538461737, 0.9339230769230437, 0.0, 0.20753846153843494, 1.2452307692307394, 0.31130769230765243, 57.799461538460484, 0.25942307692308686, 1.1414615384615217, 56.45046153846053, 0.051884615384608736, 0.7782692307692175, 1.089576923076913, 0.7782692307692175, 1.0376923076923044, 0.25942307692308686, 1.1414615384615217, 1.7121923076923042, 0.9339230769230868, 0.5707307692307825, 0.6226153846153912, 0.9339230769230868, 1.6084230769230436, 1.08957692307687, 0.7782692307692175, 0.3631923076923043, 1.08957692307687, 0.10376923076926067, 1.1414615384615217, 0.25942307692308686, 1.5046538461538261, 56.13915384615283, 57.22873076922975, 0.0, 1.4008846153846088, 0.5707307692307393, 55.82784615384514, 55.82784615384514, 0.0, 0.0, 1.2452307692307394, 0.5188461538461306, 57.021192307691265, 1.1414615384615217, 55.879730769229745, 0.31130769230765243, 0.6226153846153912, 0.3631923076923043, 0.051884615384608736, 0.4150769230769131, 0.20753846153847816, 0.6744999999999568, 0.0, 0.7263846153846086, 0.0, 0.10376923076921747, 1.0376923076922613, 0.7782692307692175, 0.3631923076923043, 0.20753846153847816, 0.5707307692307825, 1.8159615384615218, 0.5188461538461306, 0.5707307692307393, 1.0376923076923044, 56.29480769230666, 0.0, 56.39857692307587, 1.5046538461538261, 0.10376923076926067, 0.7263846153846086, 2.697999999999957, 56.13915384615283, 0.5707307692307393, 0.7263846153846086, 1.6603076923076956, 56.24292307692205, 0.10376923076921747, 55.04957692307592, 0.10376923076926067, 0.3113076923076956, 0.051884615384608736, 0.1556538461538694, 1.4008846153846088, 1.089576923076913, 1.8159615384615218, 0.7263846153846086, 0.25942307692308686, 0.882038461538435, 0.4150769230769131, 0.15565384615382621, 0.15565384615382621, 0.4669615384615651, 2.3348076923076526, 0.9858076923076524, 0.4669615384615651, 1.08957692307687, 0.8301538461538261, 0.882038461538435, 0.25942307692308686, 0.4669615384615651, 0.3113076923076956, 0.20753846153847816, 0.051884615384608736, 0.6744999999999568, 1.4527692307692173, 57.54003846153739, 56.45046153846053, 0.10376923076921747, 0.25942307692304367, 56.13915384615283, 56.761769230768174, 0.20753846153843494, 0.8301538461538261, 0.10376923076926067, 0.31130769230765243, 2.0234999999999568, 0.9339230769230437, 1.089576923076913, 0.25942307692304367, 0.0, 0.25942307692308686, 0.6745, 0.20753846153847816, 57.747576923075876, 0.46696153846152183, 55.879730769229745, 0.25942307692304367, 0.4150769230769131, 56.50234615384514, 1.6603076923076956, 1.9197307692307393, 2.231038461538435, 0.25942307692304367, 0.7782692307692175, 0.31130769230765243, 0.4150769230769131, 0.5707307692307825, 57.384384615383574, 56.13915384615283, 0.20753846153847816, 55.98349999999896, 56.34669230769127, 0.25942307692308686, 0.10376923076926067, 0.7263846153846086, 0.5707307692307825, 0.1556538461538694, 0.051884615384608736, 0.9339230769230437, 0.7782692307692175, 0.9858076923076524, 1.2452307692307394, 1.1414615384615217, 0.15565384615382621, 1.1933461538461305, 0.622615384615348, 0.4150769230769131, 1.7121923076923042, 1.2971153846153483, 0.31130769230765243, 0.0, 1.8159615384614785, 0.051884615384608736, 0.7263846153846086, 0.25942307692308686, 0.9858076923076956, 1.8159615384615218, 0.4150769230769131, 1.5046538461538261, 0.15565384615382621, 0.0, 0.20753846153843494, 1.556538461538435, 0.20753846153847816, 56.55423076922974, 56.55423076922974, 0.7263846153846086, 56.86553846153744, 55.41276923076822, 56.24292307692205, 0.1556538461538694, 56.24292307692205, 0.25942307692308686, 0.5188461538461306, 0.5188461538461737, 0.3631923076923043, 0.1556538461538694, 0.6226153846153912, 56.29480769230666, 55.51653846153744, 0.7263846153846086, 55.20523076922975, 54.634499999999, 0.5707307692307825, 1.4527692307692173, 56.86553846153744, 56.45046153846053, 1.08957692307687, 0.6226153846153912, 0.6745, 0.051884615384608736, 0.0, 1.5046538461538261, 0.5707307692307825, 1.556538461538435, 0.46696153846152183, 0.051884615384608736, 0.5707307692307393, 1.0376923076922613, 1.1414615384615217, 0.15565384615382621, 0.25942307692304367, 0.051884615384608736, 1.089576923076913, 1.556538461538435, 0.051884615384608736, 0.4150769230769131, 1.764076923076913, 0.25942307692308686, 0.25942307692308686, 0.6745, 1.764076923076913, 0.9858076923076524, 0.1556538461538694, 55.56842307692205, 0.7782692307692175, 0.051884615384608736, 0.5188461538461737, 0.4150769230769131, 1.1414615384615217, 0.5188461538461737, 0.5707307692307393, 0.10376923076926067, 1.1414615384615217, 0.5707307692307825, 0.8820384615384782, 0.7782692307692175, 1.0376923076923044, 1.3489999999999567, 0.051884615384608736, 0.10376923076921747, 1.297115384615391, 0.5188461538461306, 1.1933461538461305, 0.7782692307692175, 0.051884615384608736, 0.10376923076926067, 1.2452307692307825, 0.5188461538461737, 0.3631923076923043, 0.9339230769230868, 0.20753846153843494, 0.20753846153847816, 0.3631923076923043, 0.1556538461538694, 0.622615384615348, 0.5707307692307825, 0.6226153846153912, 0.15565384615382621, 0.051884615384608736, 0.6226153846153912, 0.3631923076923043, 0.3113076923076956, 1.6603076923076956, 0.20753846153847816, 0.1556538461538694, 1.297115384615391, 0.10376923076926067, 0.10376923076921747, 2.2829230769230433, 0.3631923076923043, 0.9339230769230868, 1.2971153846153483, 0.25942307692304367, 0.4669615384615651, 54.79015384615283, 0.20753846153847816, 0.8301538461538261, 0.9858076923076956, 0.8820384615384782, 0.051884615384608736, 0.5707307692307393, 1.556538461538435, 0.7782692307692175, 0.8301538461538261, 0.1556538461538694, 0.5188461538461737, 0.9858076923076956, 0.9339230769230868, 0.10376923076921747, 0.20753846153843494, 1.8159615384615218, 0.3631923076923043, 0.4669615384615651, 0.3631923076923043, 0.46696153846152183, 2.594230769230739, 0.051884615384608736, 0.25942307692308686, 0.8301538461538261, 0.1556538461538694, 0.10376923076926067, 0.051884615384608736, 1.1933461538461305, 0.15565384615382621, 0.31130769230765243, 0.4150769230769131, 0.10376923076926067, 0.0, 0.10376923076921747, 0.9858076923076524, 0.5707307692307393, 0.6226153846153912, 0.10376923076921747, 0.4150769230769131, 0.20753846153847816, 0.10376923076921747, 0.051884615384608736, 0.0, 1.2452307692307394, 0.15565384615382621, 1.349, 0.10376923076926067, 0.3631923076923043, 0.46696153846152183, 0.3113076923076956, 0.7782692307692175]",10.170332738695906,0.6745,20.116404746335466,0.0,69.62915384615258,49692.0,16.0,1.0,0.33
1,"[0.622615384615348, 0.8301538461538261, 0.5707307692307825, 0.9858076923076956, 0.5188461538461737, 0.15565384615382621, 0.9339230769230868, 0.4150769230769131, 55.62030769230665, 0.882038461538435, 0.1556538461538694, 0.1556538461538694, 0.20753846153843494, 1.089576923076913, 0.9339230769230868, 0.25942307692304367, 0.4150769230769131, 0.0, 2.231038461538435, 0.8301538461538261, 0.1556538461538694, 55.67219230769131, 0.15565384615382621, 56.13915384615283, 56.91742307692205, 54.9458076923067, 0.1556538461538694, 0.1556538461538694, 55.77596153846053, 55.67219230769131, 0.25942307692304367, 55.98349999999896, 55.56842307692205, 0.10376923076926067, 56.70988461538357, 1.764076923076913, 1.349, 55.879730769229745, 55.62030769230665, 56.13915384615283, 56.39857692307587, 56.606115384614355, 0.25942307692304367, 0.051884615384608736, 0.3631923076923043, 0.5188461538461737, 0.4669615384615651, 0.25942307692308686, 0.7782692307692175, 1.9716153846153481, 0.5707307692307825, 0.25942307692308686, 56.29480769230666, 57.021192307691265, 0.8301538461538261, 0.7782692307692175, 0.3631923076923043, 0.3113076923076956, 0.4150769230769131, 0.882038461538435, 0.3113076923076956, 0.15565384615382621, 0.9339230769230868, 0.25942307692308686, 0.0, 0.051884615384608736, 0.1556538461538694, 0.0, 56.34669230769127, 2.386692307692261, 0.3631923076923043, 0.6745, 1.349, 0.4669615384615651, 1.4008846153846088, 0.6226153846153912, 1.2452307692307825, 0.4669615384615651, 0.6226153846153912, 0.5707307692307825, 0.3113076923076956, 1.8159615384615218, 0.10376923076921747, 0.051884615384608736, 0.10376923076926067, 1.1414615384615217, 1.1414615384615217, 1.1933461538461305, 0.20753846153843494, 0.5188461538461306, 56.761769230768174, 0.7782692307692175, 0.4669615384615651, 56.03538461538361, 56.24292307692205, 0.15565384615382621, 54.99769230769131, 56.19103846153744, 56.13915384615283, 56.34669230769127, 55.67219230769131, 57.073076923075874, 54.79015384615283, 0.9858076923076956, 56.03538461538361, 56.606115384614355, 0.20753846153847816, 56.08726923076823, 56.29480769230666, 57.384384615383574, 0.6226153846153912, 0.1556538461538694, 0.20753846153843494, 0.20753846153847816, 0.20753846153847816, 0.5188461538461737, 56.81365384615283, 56.81365384615283, 54.99769230769131, 1.2452307692307394, 56.29480769230666, 55.72407692307592, 1.8159615384614785, 0.0, 0.46696153846152183, 0.051884615384608736, 0.3631923076923043, 0.10376923076921747, 0.31130769230765243, 0.1556538461538694, 0.8301538461538261, 0.4150769230769131, 1.297115384615391, 0.4150769230769131, 0.7263846153846086, 0.6226153846153912, 0.31130769230765243, 0.8301538461538261, 56.86553846153744, 56.45046153846053, 0.20753846153847816, 0.5188461538461737, 55.20523076922975, 56.657999999998964, 1.297115384615391, 0.10376923076921747, 0.4150769230769131, 1.556538461538435, 0.4669615384615651, 55.36088461538361, 55.56842307692205, 0.0, 0.25942307692308686, 0.6226153846153912, 0.9858076923076956, 0.7782692307692175, 1.0376923076923044, 0.10376923076926067, 0.051884615384608736, 0.15565384615382621, 0.9858076923076956, 1.6084230769230436, 1.349, 0.4669615384615651, 0.4150769230769131, 0.3631923076923043, 0.20753846153847816, 0.25942307692308686, 0.8301538461538261, 0.5707307692307825, 1.0376923076923044, 1.6603076923076956, 1.297115384615391, 0.5188461538461306, 1.4008846153846088, 0.8301538461538261, 0.10376923076926067, 0.1556538461538694, 0.10376923076926067, 1.2452307692307825, 0.6226153846153912, 56.606115384614355, 56.606115384614355, 0.9339230769230437, 0.051884615384608736, 0.5188461538461737, 0.46696153846152183, 56.761769230768174, 1.6084230769230436, 0.7263846153846086, 0.25942307692304367, 0.051884615384608736, 0.4669615384615651, 55.879730769229745, 56.50234615384514, 55.72407692307592, 54.842038461537435, 1.8678461538461306, 56.34669230769127, 1.5046538461538261, 55.04957692307592, 56.03538461538361, 0.8301538461538261, 0.8301538461538261, 0.882038461538435, 0.9339230769230868, 2.697999999999957, 0.20753846153843494, 0.3631923076923043, 1.1933461538461305, 0.5188461538461737, 0.46696153846152183, 0.10376923076926067, 0.7782692307692175, 0.7782692307692175, 0.31130769230765243, 0.7263846153846086, 1.089576923076913, 0.8820384615384782, 1.1933461538461305, 0.6744999999999568, 55.879730769229745, 0.10376923076926067, 55.41276923076822, 56.86553846153744, 0.0, 0.46696153846152183, 0.10376923076926067, 1.0376923076922613, 0.10376923076921747, 0.25942307692304367, 0.5707307692307825, 0.7782692307692175, 0.6745, 0.8301538461538261, 0.3631923076923043, 0.10376923076926067, 55.879730769229745, 56.19103846153744, 0.6226153846153912, 55.98349999999896, 1.4008846153846088, 55.41276923076822, 0.4669615384615651, 0.051884615384608736, 55.04957692307592, 55.82784615384514, 0.5188461538461737, 0.7782692307692175, 55.879730769229745, 55.98349999999896, 55.56842307692205, 1.0376923076922613, 0.4150769230769131, 56.13915384615283, 0.10376923076921747, 0.25942307692308686, 0.3631923076923043, 0.31130769230765243, 1.1414615384615217, 0.5707307692307825, 0.4150769230769131, 0.1556538461538694, 1.6084230769230436, 0.7782692307692175, 0.9858076923076956, 0.3113076923076956, 1.1933461538461305, 1.6603076923076956, 0.6745, 0.4669615384615651, 0.3631923076923043, 0.10376923076921747, 0.25942307692308686, 1.089576923076913, 0.051884615384608736, 1.4008846153845655, 1.0376923076923044, 1.349, 1.4527692307692173, 1.6084230769230436, 1.5046538461538261, 1.1933461538461305, 0.8820384615384782, 1.556538461538435, 0.882038461538435, 0.10376923076926067, 0.7263846153846086, 2.0753846153846087, 1.4008846153845655, 55.51653846153744, 56.50234615384514, 0.20753846153843494, 0.9858076923076524, 1.5046538461538261, 57.85134615384509, 0.10376923076921747, 55.98349999999896, 1.7121923076923042, 1.6084230769230436, 1.6603076923076956, 1.1933461538461305, 0.4150769230769131, 0.1556538461538694, 0.20753846153843494, 0.3631923076923043, 0.15565384615382621, 0.3631923076923043, 0.0, 0.25942307692304367, 0.7782692307692175, 55.56842307692205, 0.6226153846153912, 0.5188461538461306, 0.25942307692308686, 55.98349999999896, 1.5046538461538261, 55.257115384614394, 0.15565384615382621, 1.5046538461538261, 0.4669615384615651, 55.41276923076822, 1.0376923076923044, 1.2452307692307394, 1.764076923076913, 0.5707307692307825, 55.36088461538361, 54.42696153846053, 0.9339230769230868, 0.1556538461538694, 1.0376923076923044, 0.10376923076926067, 0.1556538461538694, 0.7263846153846086, 0.6745, 1.5046538461538261, 0.4150769230769131, 1.5046538461538261, 0.31130769230765243, 0.10376923076921747, 0.3631923076923043, 1.089576923076913, 57.12496153846048, 55.46465384615283, 56.70988461538357, 0.15565384615382621, 55.879730769229745, 0.051884615384608736, 0.9339230769230868, 55.72407692307592, 56.24292307692205, 0.7782692307692175, 0.6745, 0.4150769230769131, 0.5707307692307825, 0.5707307692307825, 0.051884615384608736, 0.20753846153843494, 0.10376923076921747, 1.1414615384615217, 0.20753846153847816, 0.3113076923076956, 0.46696153846152183, 0.0, 0.25942307692308686, 1.764076923076913, 0.8301538461538261, 1.0376923076923044, 56.08726923076823, 0.3631923076923043, 55.46465384615283, 0.3113076923076956, 0.7263846153846086, 0.20753846153843494, 0.5707307692307393, 0.3113076923076956, 0.31130769230765243, 1.4008846153846088, 0.3113076923076956, 0.6744999999999568, 55.36088461538361, 57.17684615384509, 1.3489999999999567, 0.7782692307692175, 0.8301538461538261, 0.8301538461538261, 0.31130769230765243, 1.4527692307692173, 0.882038461538435, 1.4008846153846088, 0.5188461538461306, 1.2971153846153483, 1.349, 0.051884615384608736, 0.1556538461538694, 1.2452307692307394, 0.3113076923076956, 0.5707307692307825, 55.931615384614354, 57.073076923075874, 0.3113076923076956, 0.8301538461538261, 2.2829230769230433, 0.10376923076921747, 1.6603076923076523, 0.7782692307692175, 0.10376923076926067, 0.10376923076926067, 1.556538461538435, 0.9858076923076956, 56.45046153846053, 0.4150769230769131, 0.10376923076921747, 56.96930769230666, 0.9339230769230437, 1.0376923076923044, 0.3113076923076956, 0.9858076923076524, 55.62030769230665, 0.7263846153846086, 56.50234615384514, 56.13915384615283, 0.051884615384608736, 1.1933461538461305, 0.25942307692304367, 55.931615384614354, 55.36088461538361, 56.34669230769127, 0.051884615384608736, 1.9716153846153481, 0.7782692307692175, 1.8159615384615218, 1.1933461538461305, 2.594230769230739, 0.8301538461538261, 1.1414615384615217, 1.1414615384615217, 0.7782692307692175, 0.6745, 1.4008846153846088, 56.91742307692205, 0.5707307692307825, 0.5188461538461306, 54.5826153846144, 55.62030769230665, 0.3113076923076956, 54.738269230768225, 54.842038461537435, 0.1556538461538694, 55.46465384615283, 0.20753846153843494, 0.5707307692307393, 0.8301538461538261, 55.56842307692205, 56.50234615384514, 56.34669230769127, 0.4150769230769131, 54.79015384615283, 0.3631923076923043, 0.46696153846152183, 1.089576923076913, 0.15565384615382621, 55.77596153846053, 1.8678461538461306, 55.82784615384514, 0.3113076923076956, 0.10376923076926067, 57.073076923075874, 55.82784615384514, 0.9339230769230437, 2.1272692307692176, 1.5046538461538261, 1.6084230769230436, 1.089576923076913, 1.1414615384615217, 1.0376923076923044, 1.4527692307691744, 56.13915384615283, 57.12496153846048, 55.153346153845135, 0.3631923076923043, 55.82784615384514, 0.4669615384615651, 0.5188461538461737, 0.3631923076923043, 0.46696153846152183, 0.051884615384608736, 1.2452307692307825, 2.0753846153846087, 1.297115384615391, 0.8301538461538261, 0.20753846153843494, 0.8820384615384782, 0.20753846153847816, 0.3631923076923043, 0.6745, 56.606115384614355, 54.686384615383616, 0.1556538461538694, 56.24292307692205, 56.606115384614355, 1.3489999999999567, 0.5188461538461306, 56.50234615384514, 57.17684615384509, 0.10376923076926067, 55.20523076922975, 0.25942307692308686, 0.4150769230769131, 0.5188461538461737, 55.62030769230665, 0.5707307692307825, 0.10376923076926067, 1.5046538461538261, 1.1933461538461305, 0.6226153846153912, 1.2452307692307394, 1.5046538461538261, 0.7263846153846086, 1.297115384615391, 1.9716153846153481, 0.4150769230769131, 0.0, 0.3631923076923043, 0.10376923076921747, 0.1556538461538694, 0.6226153846153912, 0.46696153846152183, 0.10376923076921747, 0.20753846153843494, 0.3631923076923043, 0.10376923076921747, 0.20753846153847816, 56.81365384615283, 56.19103846153744, 0.5707307692307393, 0.9858076923076956, 0.3631923076923043, 0.6744999999999568, 0.5707307692307825, 0.10376923076926067, 0.1556538461538694, 0.051884615384608736, 0.882038461538435, 0.051884615384608736, 0.5188461538461306, 55.67219230769131, 0.8820384615384782, 0.3631923076923043, 54.5826153846144, 56.657999999998964, 55.101461538460526, 56.606115384614355, 0.6226153846153912, 0.4150769230769131, 0.8301538461538261, 0.051884615384608736, 0.8301538461538261, 0.051884615384608736, 0.20753846153847816, 0.1556538461538694, 2.0234999999999568, 1.1933461538461305, 0.1556538461538694, 0.622615384615348, 0.20753846153847816, 0.6745, 0.1556538461538694, 0.7782692307692175, 0.4669615384615651, 0.0, 0.1556538461538694, 2.1272692307692176, 0.5707307692307393, 0.25942307692308686, 0.3631923076923043, 0.8301538461538261, 0.4150769230769131, 0.20753846153847816, 0.7782692307692175, 1.7121923076923042, 0.25942307692308686, 0.051884615384608736, 0.8820384615384782, 1.0376923076923044, 0.7263846153846086, 0.9858076923076524, 0.31130769230765243, 0.882038461538435, 0.20753846153847816, 1.7121923076923042, 0.15565384615382621, 0.622615384615348, 0.7782692307692175, 1.089576923076913, 0.051884615384608736, 0.5188461538461306, 0.5707307692307393, 0.7263846153846086, 54.686384615383616, 0.10376923076926067, 1.0376923076923044, 0.3113076923076956, 0.051884615384608736, 0.5188461538461737, 1.1414615384615217, 0.6745, 0.31130769230765243, 0.15565384615382621, 0.9339230769230437, 1.556538461538435, 0.6226153846153912, 0.6226153846153912, 0.6744999999999568, 0.6226153846153912, 0.15565384615382621, 0.051884615384608736, 0.5707307692307393, 1.1414615384615217, 0.6745, 54.842038461537435, 0.3631923076923043, 0.5188461538461306, 55.04957692307592, 0.9339230769230868, 0.4669615384615651, 1.1414615384615217, 55.62030769230665, 0.5188461538461306, 55.879730769229745, 56.96930769230666, 55.931615384614354, 0.10376923076926067, 0.1556538461538694, 0.10376923076926067, 1.6084230769230436, 56.91742307692205, 54.42696153846053, 56.96930769230666, 0.4150769230769131, 0.9858076923076956, 56.29480769230666, 54.634499999999, 1.4527692307692173, 0.3113076923076956, 0.15565384615382621, 0.5188461538461737, 57.33249999999896, 0.10376923076921747, 1.1933461538461305, 55.67219230769131, 56.24292307692205, 1.7121923076923042, 0.31130769230765243, 0.8301538461538261, 0.7782692307692175, 1.2452307692307825, 1.2452307692307825, 56.34669230769127, 56.606115384614355, 2.127269230769174, 2.0234999999999568, 0.7263846153846086, 56.91742307692205, 55.879730769229745, 57.33249999999896, 1.1414615384615217, 1.1933461538461305, 55.98349999999896, 0.051884615384608736, 1.2452307692307825, 0.8820384615384782, 0.20753846153847816, 0.3631923076923043, 1.4008846153846088, 0.4150769230769131, 0.20753846153847816, 0.20753846153847816, 1.6084230769230436, 0.6226153846153912, 0.051884615384608736, 0.20753846153843494, 0.882038461538435, 0.46696153846152183, 55.67219230769131, 0.46696153846152183, 55.77596153846053, 0.10376923076921747, 56.29480769230666, 0.5188461538461737, 56.657999999998964, 0.3113076923076956, 0.31130769230765243, 0.051884615384608736, 0.5707307692307825, 0.20753846153843494, 0.051884615384608736, 1.556538461538435, 0.9858076923076524, 0.5707307692307393, 1.556538461538435, 0.25942307692308686, 0.6745, 57.021192307691265, 56.13915384615283, 1.4527692307692173, 56.761769230768174, 1.556538461538435, 0.6745, 0.9339230769230437, 0.5188461538461737, 0.051884615384608736, 0.4669615384615651, 0.46696153846152183, 1.2452307692307394, 0.051884615384608736, 0.3113076923076956, 0.0, 55.72407692307592, 2.0234999999999568, 1.7121923076922612, 0.4150769230769131, 0.9858076923076524, 1.8159615384614785, 0.7263846153846086, 0.10376923076926067, 0.10376923076926067, 0.5707307692307393, 0.15565384615382621, 0.8301538461538261, 0.6744999999999568, 0.10376923076921747, 0.10376923076921747, 0.7782692307692175, 0.7263846153846086, 1.0376923076922613, 0.4669615384615651, 0.1556538461538694, 0.10376923076921747, 0.5188461538461306, 0.7782692307692175, 0.051884615384608736, 0.20753846153847816, 0.5188461538461737, 0.0, 0.1556538461538694, 0.3631923076923043, 55.41276923076822, 55.67219230769131, 0.25942307692308686, 1.8159615384615218, 56.13915384615283, 56.55423076922974, 56.96930769230666, 57.021192307691265, 56.03538461538361, 56.50234615384514, 56.96930769230666, 55.257115384614394, 56.86553846153744, 0.3631923076923043, 0.5707307692307393, 0.7263846153846086, 57.021192307691265, 0.051884615384608736, 56.34669230769127, 0.7263846153846086, 0.8301538461538261, 0.4669615384615651, 0.0, 55.46465384615283, 1.1933461538461305, 0.3113076923076956, 0.6745, 55.879730769229745, 0.051884615384608736, 0.10376923076921747, 0.25942307692304367, 0.051884615384608736, 1.0376923076923044, 0.15565384615382621, 56.08726923076823, 56.08726923076823, 0.3631923076923043, 55.98349999999896, 0.5188461538461306, 0.25942307692308686, 0.5188461538461306, 56.13915384615283, 56.50234615384514, 56.45046153846053, 0.4150769230769131, 0.0, 0.8301538461538261, 0.10376923076921747, 0.10376923076921747, 0.1556538461538694, 0.6745, 0.8301538461538261, 1.6084230769230436, 0.622615384615348, 1.3489999999999567, 0.15565384615382621, 0.7782692307692175, 0.8301538461538261, 0.46696153846152183, 0.6745, 0.7263846153846086, 0.051884615384608736, 0.25942307692304367, 0.4150769230769131, 1.9197307692307393, 0.9339230769230437, 1.4008846153845655, 0.8301538461538261, 0.3113076923076956, 2.179153846153826, 0.5188461538461306, 0.9339230769230437, 0.3113076923076956, 0.20753846153847816, 0.8301538461538261, 0.5188461538461737, 0.8301538461538261, 0.4669615384615651, 56.50234615384514, 0.9858076923076956, 0.6226153846153912, 0.8301538461538261, 1.349, 0.3113076923076956, 0.6745, 0.3113076923076956, 0.8820384615384782, 0.0, 0.20753846153843494, 1.0376923076923044, 0.7782692307692175, 0.3113076923076956, 55.41276923076822, 54.89392307692209, 0.3631923076923043, 0.5188461538461737, 54.32319230769131, 56.45046153846053, 0.8820384615384782, 56.55423076922974, 0.46696153846152183, 1.8159615384615218, 1.556538461538435, 0.4669615384615651, 1.1933461538461305, 0.10376923076926067, 0.7263846153846086, 0.10376923076926067, 0.4150769230769131, 0.10376923076921747, 1.1933461538461305, 0.3631923076923043, 0.3631923076923043, 0.0, 0.051884615384608736, 1.2452307692307394, 0.4669615384615651, 0.7263846153846086, 0.6744999999999568, 1.9197307692307393, 0.25942307692304367, 0.4150769230769131, 0.5188461538461737, 1.089576923076913, 1.089576923076913, 0.10376923076926067, 1.089576923076913, 0.5707307692307393, 0.4150769230769131, 0.6745, 1.0376923076923044, 0.20753846153843494, 0.4150769230769131, 0.7263846153846086, 0.31130769230765243, 0.25942307692308686, 0.9339230769230868, 0.0, 1.0376923076923044, 0.4669615384615651, 0.0, 0.25942307692308686, 0.8301538461538261, 0.3113076923076956, 0.5707307692307825, 0.3631923076923043, 0.20753846153843494, 0.5707307692307825, 0.10376923076921747, 0.46696153846152183, 0.3113076923076956, 0.8301538461538261, 1.1414615384615217, 1.556538461538435, 0.20753846153847816, 2.0753846153846087, 0.10376923076921747, 0.3113076923076956, 0.5188461538461306, 0.051884615384608736, 0.3113076923076956, 1.089576923076913, 0.10376923076921747, 0.15565384615382621, 1.9716153846153481, 1.1933461538461305, 0.10376923076921747, 0.8820384615384782, 55.931615384614354, 0.25942307692304367, 0.20753846153847816, 0.051884615384608736, 0.051884615384608736, 0.15565384615382621, 56.96930769230666, 55.82784615384514, 55.67219230769131, 1.1933461538461305, 0.20753846153847816, 0.0, 0.051884615384608736, 1.6084230769230436, 56.50234615384514, 56.34669230769127, 1.0376923076923044, 0.051884615384608736, 0.051884615384608736, 56.19103846153744, 1.9716153846153481, 1.4008846153846088, 0.3631923076923043, 0.7782692307692175, 1.1933461538461305, 1.1414615384615217, 0.20753846153847816, 0.10376923076926067, 0.4150769230769131, 0.10376923076926067, 0.10376923076926067, 0.051884615384608736, 1.764076923076913, 0.5188461538461737, 0.4669615384615651, 0.3631923076923043, 0.31130769230765243, 1.1933461538461305, 0.3113076923076956, 0.9858076923076524, 0.25942307692304367, 0.7782692307692175, 1.2971153846153483, 0.051884615384608736, 0.051884615384608736, 0.051884615384608736, 0.1556538461538694, 0.7263846153846086, 0.4669615384615651, 0.3113076923076956, 0.20753846153847816, 0.25942307692304367, 1.4008846153846088, 54.79015384615283, 0.5707307692307393, 0.051884615384608736, 0.5188461538461737, 0.622615384615348, 1.2452307692307825, 0.46696153846152183, 0.6226153846153912, 0.051884615384608736, 1.1933461538461305, 0.5188461538461737, 0.051884615384608736, 0.051884615384608736, 0.15565384615382621, 0.10376923076921747, 1.5046538461538261, 0.0, 0.051884615384608736, 1.2971153846153483, 0.7263846153846086, 0.6226153846153912, 57.384384615383574, 55.82784615384514, 0.25942307692304367, 0.10376923076921747, 1.0376923076923044, 1.2452307692307825, 0.4150769230769131, 0.4669615384615651, 0.6745, 0.0, 1.08957692307687, 0.5188461538461737, 0.4150769230769131, 2.0234999999999568, 0.31130769230765243, 0.15565384615382621, 0.25942307692308686, 0.0, 0.1556538461538694, 0.15565384615382621, 0.5707307692307393, 0.1556538461538694, 0.5707307692307393, 56.03538461538361, 0.3113076923076956, 0.15565384615382621, 0.4150769230769131, 0.1556538461538694, 58.2145384615374, 0.1556538461538694, 55.101461538460526, 54.53073076922979, 0.0, 0.3113076923076956, 0.6744999999999568, 0.4150769230769131, 0.5707307692307825, 0.051884615384608736, 0.622615384615348, 0.15565384615382621, 0.6744999999999568, 1.4527692307692173, 56.13915384615283, 55.72407692307592, 55.98349999999896, 56.50234615384514, 0.20753846153847816, 0.051884615384608736, 0.20753846153843494, 0.1556538461538694, 1.1414615384615217, 0.622615384615348, 0.25942307692308686, 1.1414615384615217, 0.5188461538461737, 0.10376923076921747, 0.5707307692307393, 0.8301538461538261, 0.8301538461538261, 0.7782692307692175, 0.7782692307692175, 0.4150769230769131, 0.6226153846153912, 0.10376923076921747, 0.5188461538461306, 0.5707307692307825, 1.1414615384615217, 0.10376923076921747, 0.5707307692307825, 55.62030769230665, 0.051884615384608736, 0.8301538461538261, 0.622615384615348, 1.1414615384615217, 0.10376923076921747, 1.089576923076913, 0.6745, 0.20753846153843494, 1.2971153846153483, 0.25942307692304367, 0.10376923076926067, 0.7263846153846086, 0.4150769230769131, 0.10376923076926067, 55.98349999999896, 0.8301538461538261, 55.41276923076822, 55.30899999999901, 0.5188461538461737, 0.8820384615384782, 0.5707307692307393, 55.82784615384514, 56.29480769230666, 0.20753846153843494, 0.1556538461538694, 56.34669230769127, 0.31130769230765243, 56.13915384615283, 0.15565384615382621, 0.6226153846153912, 0.25942307692308686, 0.3631923076923043, 0.9858076923076956, 0.5707307692307825, 0.051884615384608736, 0.5188461538461737, 0.25942307692308686, 0.15565384615382621, 56.55423076922974, 0.25942307692308686, 0.10376923076926067, 0.25942307692308686, 0.7263846153846086, 0.4150769230769131, 0.1556538461538694, 56.606115384614355, 0.9339230769230868, 0.7782692307692175, 1.2452307692307825, 0.15565384615382621, 0.051884615384608736, 0.9858076923076956, 56.606115384614355, 1.6603076923076956, 1.9197307692307393, 1.349, 0.25942307692304367, 0.3113076923076956, 1.1933461538461305, 1.6084230769230436, 0.3631923076923043, 0.5188461538461306, 56.03538461538361, 1.9716153846153481, 56.39857692307587, 1.4008846153846088, 0.882038461538435, 55.82784615384514, 0.9339230769230868, 0.0, 0.9858076923076956, 0.3631923076923043, 0.7782692307692175, 0.25942307692308686, 0.051884615384608736, 0.46696153846152183, 0.5188461538461737, 0.46696153846152183, 55.56842307692205, 0.5707307692307825, 0.8820384615384782, 0.5188461538461737, 0.0, 0.1556538461538694, 0.9339230769230868, 54.79015384615283, 0.051884615384608736, 0.5707307692307825, 0.46696153846152183, 56.761769230768174, 56.606115384614355, 0.25942307692304367, 1.6603076923076956, 0.7782692307692175, 1.1414615384615217, 0.25942307692304367, 0.7782692307692175, 0.4669615384615651, 0.9858076923076524, 0.7263846153846086, 0.0, 1.4527692307692173, 0.882038461538435, 0.10376923076921747, 0.4150769230769131, 0.622615384615348, 57.85134615384509, 56.606115384614355, 0.0, 54.16753846153749, 0.051884615384608736, 0.10376923076921747, 0.20753846153843494, 55.67219230769131, 0.8301538461538261, 0.9858076923076956, 0.6226153846153912, 1.1414615384615217, 0.20753846153847816, 0.5188461538461306, 56.70988461538357, 54.634499999999, 1.6603076923076956, 0.8820384615384782, 0.051884615384608736, 0.0, 0.3631923076923043, 0.31130769230765243, 0.25942307692308686, 0.7782692307692175, 0.7263846153846086, 55.931615384614354, 55.82784615384514, 2.0234999999999568, 56.39857692307587, 2.0753846153846087, 0.9858076923076956, 0.10376923076926067, 0.10376923076921747, 0.8820384615384782, 0.8820384615384782, 0.8820384615384782, 0.8820384615384782, 0.10376923076926067, 0.10376923076926067, 0.5707307692307393, 0.8301538461538261, 0.10376923076926067, 0.5707307692307825, 0.6745, 1.4008846153846088, 1.2452307692307825, 1.764076923076913, 1.0376923076923044, 0.5707307692307825, 0.25942307692308686, 0.25942307692304367, 0.8301538461538261, 0.1556538461538694, 1.0376923076923044, 0.8301538461538261, 0.051884615384608736, 0.051884615384608736, 0.31130769230765243, 0.9858076923076956, 0.882038461538435, 0.10376923076921747, 1.4527692307692173, 0.8820384615384782, 0.5188461538461737, 0.25942307692308686, 0.25942307692308686, 0.3113076923076956, 0.4150769230769131, 0.10376923076926067, 0.10376923076926067, 0.051884615384608736, 0.8301538461538261, 0.25942307692308686, 57.54003846153739, 56.08726923076823, 0.051884615384608736, 55.931615384614354, 1.8678461538461306, 56.657999999998964, 1.2971153846153483, 0.46696153846152183, 1.5046538461538261, 1.556538461538435, 0.1556538461538694, 0.7782692307692175, 0.622615384615348, 0.15565384615382621, 0.6744999999999568, 1.1933461538461305, 0.20753846153843494, 0.25942307692304367, 0.1556538461538694, 0.3631923076923043, 0.051884615384608736, 0.5188461538461306, 0.051884615384608736, 0.7782692307692175, 0.6226153846153912, 55.72407692307592, 55.51653846153744, 1.7121923076923042, 0.10376923076926067, 1.0376923076923044, 55.879730769229745, 0.0, 0.0, 0.4150769230769131, 0.5707307692307825, 0.5707307692307825, 0.1556538461538694, 0.3631923076923043, 0.25942307692308686, 0.9339230769230868, 0.6744999999999568, 0.3113076923076956, 0.6226153846153912, 0.3631923076923043, 0.7263846153846086, 0.7263846153846086, 0.9858076923076956, 0.46696153846152183, 0.20753846153843494, 0.6226153846153912, 1.4527692307692173, 0.25942307692304367, 0.20753846153847816, 1.1414615384615217, 2.0234999999999568, 0.051884615384608736, 55.257115384614394, 1.1933461538461305, 0.4150769230769131, 0.882038461538435, 1.0376923076922613, 1.6603076923076956, 0.4150769230769131, 1.08957692307687, 1.2452307692307825, 56.03538461538361, 55.98349999999896, 0.25942307692304367, 0.7263846153846086, 0.7263846153846086, 1.4008846153846088, 55.931615384614354, 1.349, 1.2452307692307825, 0.3113076923076956, 0.25942307692304367, 0.9858076923076956, 0.3631923076923043, 0.4669615384615651, 0.7263846153846086, 1.2452307692307825, 0.5188461538461737, 0.0, 0.7263846153846086, 0.31130769230765243, 1.089576923076913, 55.98349999999896, 56.91742307692205, 54.9458076923067, 0.3631923076923043, 0.5188461538461737, 0.7263846153846086, 1.1414615384615217, 0.4150769230769131, 0.5707307692307393, 0.5188461538461306, 0.6745, 0.8301538461538261, 0.3113076923076956, 0.6745, 0.7263846153846086, 1.08957692307687, 55.51653846153744, 0.7263846153846086, 1.0376923076922613, 0.3631923076923043, 1.6084230769230436, 0.4669615384615651, 0.7782692307692175, 0.5707307692307825, 0.4150769230769131, 0.15565384615382621, 0.6226153846153912, 0.3113076923076956, 0.8820384615384782, 0.4150769230769131, 55.62030769230665, 0.10376923076921747, 0.7263846153846086, 55.98349999999896, 55.257115384614394, 0.7263846153846086, 0.051884615384608736, 0.3631923076923043, 0.1556538461538694, 0.5188461538461737, 0.31130769230765243, 0.1556538461538694, 0.10376923076926067, 55.36088461538361, 1.9716153846153481, 0.5707307692307393, 0.9858076923076956, 1.4008846153845655, 0.25942307692304367, 0.25942307692304367, 1.297115384615391, 55.98349999999896, 1.1414615384615217, 1.556538461538435, 57.073076923075874, 56.45046153846053, 1.297115384615391, 0.4669615384615651, 0.9339230769230868, 0.31130769230765243, 0.46696153846152183, 0.051884615384608736, 54.842038461537435, 56.45046153846053, 0.622615384615348, 55.98349999999896, 0.5707307692307393, 0.7782692307692175, 0.10376923076921747, 56.29480769230666, 1.1414615384615217, 0.5188461538461737, 0.10376923076926067, 0.7263846153846086, 0.4669615384615651, 0.1556538461538694, 56.761769230768174, 0.20753846153843494, 1.1414615384615217, 0.6745, 0.25942307692304367, 0.4150769230769131, 0.4150769230769131, 0.6745, 0.10376923076926067, 0.7263846153846086, 0.10376923076921747, 0.051884615384608736, 0.622615384615348, 0.4669615384615651, 0.9339230769230437, 0.3113076923076956, 0.9858076923076524, 56.96930769230666, 56.55423076922974, 57.021192307691265, 56.29480769230666, 55.98349999999896, 56.70988461538357, 0.6745, 0.15565384615382621, 0.8301538461538261, 1.2452307692307394, 0.882038461538435, 0.7263846153846086, 0.5188461538461737, 1.764076923076913, 0.46696153846152183, 0.6226153846153912, 0.051884615384608736, 57.43626923076818, 56.70988461538357, 0.0, 55.36088461538361, 0.10376923076921747, 1.6603076923076956, 0.10376923076926067, 1.8159615384615218, 55.931615384614354, 56.08726923076823, 0.7782692307692175, 56.08726923076823, 1.6603076923076956, 0.5707307692307825, 0.15565384615382621, 0.15565384615382621, 0.15565384615382621, 0.051884615384608736, 0.5188461538461737, 0.051884615384608736, 0.46696153846152183, 1.08957692307687, 0.7263846153846086, 1.556538461538435, 1.4527692307692173, 0.8820384615384782, 0.8301538461538261, 2.490461538461522, 55.931615384614354, 1.4008846153846088, 0.3631923076923043, 57.64380769230666, 0.7263846153846086, 1.3489999999999567, 0.5707307692307393, 2.490461538461522, 0.622615384615348, 1.0376923076923044, 0.20753846153847816, 0.25942307692304367, 0.3113076923076956, 1.08957692307687, 55.67219230769131, 56.657999999998964, 56.70988461538357, 55.72407692307592, 56.55423076922974, 1.1933461538461305, 0.051884615384608736, 0.15565384615382621, 0.7782692307692175, 0.5188461538461737, 0.3631923076923043, 0.051884615384608736, 0.5707307692307393, 0.5707307692307825, 0.10376923076926067, 57.021192307691265, 1.297115384615391, 0.20753846153847816, 56.96930769230666, 56.24292307692205, 0.7263846153846086, 56.45046153846053, 55.30899999999901, 1.9716153846153481, 0.9339230769230868, 0.31130769230765243, 0.15565384615382621, 1.2452307692307825, 1.2452307692307825, 0.15565384615382621, 0.6745, 1.2452307692307394, 0.6745, 0.25942307692308686, 0.6745, 1.6084230769230436, 0.20753846153847816, 55.67219230769131, 57.073076923075874, 1.089576923076913, 1.0376923076922613, 1.3489999999999567, 57.54003846153739, 0.7263846153846086, 0.10376923076921747, 0.3113076923076956, 0.5707307692307393, 0.0, 0.15565384615382621, 0.4669615384615651, 0.25942307692308686, 0.25942307692304367, 0.9858076923076956, 1.0376923076923044, 55.36088461538361, 56.606115384614355, 0.3113076923076956, 56.96930769230666, 55.101461538460526, 0.3631923076923043, 1.3489999999999567, 0.3631923076923043, 0.6745, 1.0376923076923044, 0.4150769230769131, 0.7782692307692175, 0.622615384615348, 1.4008846153846088, 0.46696153846152183, 0.31130769230765243, 0.9339230769230868, 0.15565384615382621, 0.25942307692304367, 55.51653846153744, 0.46696153846152183, 0.4150769230769131, 55.46465384615283, 55.82784615384514, 55.30899999999901, 56.08726923076823, 0.882038461538435, 56.03538461538361, 0.5188461538461306, 55.879730769229745, 56.606115384614355, 1.349, 1.764076923076913, 1.1414615384615217, 0.8301538461538261, 0.9858076923076956, 1.0376923076923044, 0.5188461538461737, 0.0, 0.3631923076923043, 0.3631923076923043, 1.4008846153846088, 0.051884615384608736, 0.15565384615382621, 0.0, 1.5046538461538261, 0.4150769230769131, 0.3113076923076956, 0.6226153846153912, 0.8301538461538261, 1.1933461538461305, 0.8301538461538261, 0.4150769230769131, 0.20753846153843494, 1.4008846153846088, 0.5707307692307825, 0.6744999999999568, 0.7263846153846086, 1.6603076923076956, 0.5707307692307393, 0.3113076923076956, 0.3113076923076956, 1.76407692307687, 0.9339230769230437, 0.3113076923076956, 56.03538461538361, 55.51653846153744, 0.25942307692304367, 0.46696153846152183, 1.6084230769230436, 0.5188461538461306, 0.20753846153847816, 0.3631923076923043, 0.0, 0.5707307692307825, 0.051884615384608736, 1.297115384615391, 0.20753846153843494, 0.3631923076923043, 0.9858076923076956, 0.6226153846153912, 0.10376923076921747, 1.7121923076923042, 0.5707307692307825, 0.7263846153846086, 0.20753846153847816, 0.5188461538461737, 56.55423076922974, 0.5188461538461737, 1.1414615384615217, 0.6745, 1.1414615384615217, 0.3113076923076956, 1.3489999999999567, 0.20753846153843494, 0.25942307692308686, 0.7263846153846086, 0.9339230769230868, 1.089576923076913, 1.297115384615391, 0.622615384615348, 0.622615384615348, 0.5188461538461306, 0.10376923076921747, 0.10376923076921747, 0.622615384615348, 1.2452307692307394, 56.39857692307587, 55.82784615384514, 0.15565384615382621, 0.5188461538461737, 1.2971153846153483, 0.25942307692304367, 0.4150769230769131, 0.3113076923076956, 0.622615384615348, 1.4008846153845655, 0.7263846153846086, 0.622615384615348, 0.051884615384608736, 0.9858076923076956, 1.4008846153846088, 0.31130769230765243, 0.6226153846153912, 0.10376923076926067, 56.70988461538357, 1.349, 1.1933461538461305, 0.10376923076921747, 0.5707307692307825, 1.4008846153845655, 0.051884615384608736, 0.051884615384608736, 0.20753846153847816, 0.9858076923076524, 0.20753846153847816, 1.2452307692307825, 0.3631923076923043, 1.1414615384615217, 0.7263846153846086, 0.4150769230769131, 1.3489999999999567, 0.9858076923076524, 0.7263846153846086, 0.20753846153847816, 0.20753846153843494, 0.622615384615348, 2.075384615384565, 0.8820384615384782, 56.45046153846053, 56.19103846153744, 0.5188461538461306, 0.7263846153846086, 57.48815384615279, 0.9858076923076956, 56.39857692307587, 0.8301538461538261, 0.051884615384608736, 0.10376923076921747, 55.879730769229745, 55.931615384614354, 0.31130769230765243, 0.3631923076923043, 0.9339230769230437, 0.8820384615384782, 0.4669615384615651, 0.25942307692304367, 0.7263846153846086, 1.2452307692307394, 1.08957692307687, 0.3113076923076956, 0.051884615384608736, 1.8159615384615218, 1.2452307692307825, 1.1414615384615217, 0.3113076923076956, 0.1556538461538694, 0.6745, 0.7263846153846086, 0.20753846153847816, 0.8820384615384782, 0.051884615384608736, 1.2452307692307825, 0.4150769230769131, 0.051884615384608736, 0.051884615384608736, 0.15565384615382621, 1.08957692307687, 0.46696153846152183, 1.0376923076922613, 1.7121923076922612, 0.31130769230765243, 0.051884615384608736, 0.25942307692304367, 0.20753846153843494, 1.0376923076922613, 0.25942307692304367, 0.10376923076926067, 0.31130769230765243, 0.3113076923076956, 0.4669615384615651, 1.4008846153846088, 1.2452307692307825, 0.4150769230769131, 0.051884615384608736, 1.08957692307687, 0.8820384615384782, 0.6744999999999568, 0.5707307692307825, 0.7782692307692175, 1.6084230769230436, 54.842038461537435, 55.931615384614354, 1.2452307692307394, 55.72407692307592, 56.70988461538357, 55.51653846153744, 0.10376923076926067, 0.3631923076923043, 1.0376923076923044, 0.4150769230769131, 0.7782692307692175, 0.8820384615384782, 0.4669615384615651, 0.15565384615382621, 56.08726923076823, 0.5188461538461737, 0.15565384615382621, 0.25942307692304367, 0.46696153846152183, 57.384384615383574, 56.96930769230666, 55.98349999999896, 0.1556538461538694, 0.7263846153846086, 56.39857692307587, 56.19103846153744, 57.384384615383574, 1.1933461538461305, 1.5046538461538261, 0.5188461538461306, 1.349, 0.7782692307692175, 0.7263846153846086, 55.72407692307592, 0.1556538461538694, 1.349, 0.3631923076923043, 1.297115384615391, 55.931615384614354, 1.4008846153845655, 0.5707307692307825, 55.20523076922975, 55.72407692307592, 0.25942307692308686, 55.77596153846053, 56.606115384614355, 56.13915384615283, 0.8301538461538261, 0.31130769230765243, 0.7263846153846086, 0.9858076923076956, 0.20753846153843494, 0.1556538461538694, 0.6226153846153912, 0.8820384615384782, 0.25942307692308686, 0.4669615384615651, 1.8678461538461306, 0.31130769230765243, 0.5188461538461737, 1.0376923076923044, 0.4669615384615651, 0.0, 0.3631923076923043, 0.7782692307692175, 0.882038461538435, 0.6744999999999568, 0.25942307692304367, 0.4150769230769131, 0.5707307692307825, 0.5188461538461306, 0.6226153846153912, 56.08726923076823, 0.4669615384615651, 0.10376923076921747, 55.56842307692205, 56.03538461538361, 56.761769230768174, 0.9858076923076956, 0.051884615384608736, 56.761769230768174, 0.6226153846153912, 0.0, 0.4669615384615651, 0.6226153846153912, 0.9339230769230868, 0.10376923076921747, 0.5707307692307393, 0.882038461538435, 0.9858076923076956, 1.556538461538435, 0.4150769230769131, 0.5188461538461306, 0.1556538461538694, 0.46696153846152183, 0.5188461538461737, 0.10376923076921747, 0.9858076923076956, 0.20753846153843494, 0.051884615384608736, 0.5707307692307825, 0.6226153846153912, 1.1933461538461305, 0.3631923076923043, 0.3113076923076956, 55.72407692307592, 55.51653846153744, 1.5046538461538261, 0.5707307692307825, 1.1414615384615217, 0.8301538461538261, 1.0376923076923044, 0.7782692307692175, 0.0, 1.2452307692307825, 55.82784615384514, 56.657999999998964, 0.6226153846153912, 1.7121923076923042, 56.03538461538361, 0.10376923076921747, 56.86553846153744, 56.606115384614355, 0.20753846153847816, 0.31130769230765243, 0.5188461538461306, 0.10376923076926067, 55.20523076922975, 56.91742307692205, 56.86553846153744, 56.08726923076823, 0.15565384615382621, 55.41276923076822, 0.051884615384608736, 55.879730769229745, 1.297115384615391, 0.9339230769230868, 1.1414615384615217, 1.2452307692307825, 1.08957692307687, 0.4669615384615651, 0.20753846153843494, 0.622615384615348, 0.3113076923076956, 2.3348076923076526, 56.13915384615283, 0.10376923076926067, 0.6745, 2.490461538461522, 0.15565384615382621, 57.22873076922975, 55.62030769230665, 0.7782692307692175, 56.13915384615283, 0.20753846153847816, 1.1933461538461305, 1.4008846153846088, 1.4527692307692173, 1.1933461538461305, 0.25942307692308686, 0.4150769230769131, 0.0, 0.4669615384615651, 0.6745, 0.4150769230769131, 0.1556538461538694, 0.3631923076923043, 56.657999999998964, 1.5046538461538261, 0.6226153846153912, 0.882038461538435, 0.8820384615384782, 0.31130769230765243, 0.051884615384608736, 0.5188461538461306, 0.46696153846152183, 0.46696153846152183, 55.257115384614394, 0.7782692307692175, 0.7263846153846086, 54.99769230769131, 56.19103846153744, 0.15565384615382621, 0.20753846153843494, 55.101461538460526, 0.882038461538435, 56.19103846153744, 55.67219230769131, 57.28061538461435, 56.96930769230666, 0.6744999999999568, 0.0, 0.7782692307692175, 55.56842307692205, 56.08726923076823, 0.0, 0.10376923076926067, 56.19103846153744, 0.4669615384615651, 0.7263846153846086, 0.10376923076921747, 0.3631923076923043, 1.297115384615391, 1.089576923076913, 0.8820384615384782, 0.9858076923076956, 0.5707307692307825, 0.3631923076923043, 0.5188461538461306, 0.0, 1.764076923076913, 1.1933461538461305, 0.0, 1.0376923076923044, 0.6744999999999568, 1.4008846153845655, 54.842038461537435, 55.51653846153744, 55.72407692307592, 56.50234615384514, 0.5188461538461737, 0.1556538461538694, 0.1556538461538694, 0.3113076923076956, 0.622615384615348, 0.8301538461538261, 0.10376923076926067, 0.0, 0.5707307692307393, 0.10376923076921747, 0.622615384615348, 0.4150769230769131, 0.8820384615384782, 0.9858076923076524, 0.8301538461538261, 55.879730769229745, 56.70988461538357, 0.4150769230769131, 0.4150769230769131, 0.20753846153843494, 57.22873076922975, 1.1933461538461305, 0.051884615384608736, 0.051884615384608736, 0.8820384615384782, 0.5707307692307825, 1.0376923076922613, 1.089576923076913, 0.20753846153847816, 0.3631923076923043, 0.9339230769230437, 0.051884615384608736, 1.4527692307691744, 0.10376923076926067, 0.6744999999999568, 0.10376923076926067, 0.5707307692307825, 1.1414615384615217, 0.3631923076923043, 0.5707307692307825, 0.9339230769230437, 1.1414615384615217, 0.9858076923076956, 56.70988461538357, 0.25942307692304367, 1.08957692307687, 0.4669615384615651, 1.4008846153845655, 56.45046153846053, 0.20753846153847816, 0.20753846153847816, 0.051884615384608736, 0.7782692307692175, 0.3631923076923043, 0.20753846153847816, 0.0, 0.46696153846152183, 0.25942307692308686, 0.20753846153847816, 0.10376923076921747, 0.4150769230769131, 0.3113076923076956, 0.5707307692307393, 0.4669615384615651, 0.051884615384608736, 55.67219230769131, 0.20753846153843494, 56.08726923076823, 0.4150769230769131, 0.3631923076923043, 57.22873076922975, 0.5188461538461306, 1.2452307692307394, 0.051884615384608736, 0.5188461538461737, 55.98349999999896, 0.051884615384608736, 57.28061538461435, 0.051884615384608736, 0.6744999999999568, 0.9339230769230437, 0.6226153846153912, 0.9339230769230437, 0.9339230769230868, 0.7263846153846086, 0.051884615384608736, 0.20753846153843494, 0.5188461538461737, 1.8678461538461306, 1.4008846153846088, 0.15565384615382621, 0.15565384615382621, 1.4008846153845655, 0.5188461538461737, 0.051884615384608736, 0.10376923076926067, 0.8301538461538261, 0.051884615384608736, 1.349, 1.297115384615391, 0.25942307692308686, 1.9197307692307393, 0.31130769230765243, 0.25942307692304367, 0.31130769230765243, 0.8301538461538261, 0.4150769230769131, 0.31130769230765243, 0.882038461538435, 0.4669615384615651, 0.6745, 0.5707307692307393, 55.46465384615283, 55.36088461538361, 0.3631923076923043, 55.879730769229745, 1.1933461538461305, 0.10376923076926067, 0.6745, 0.051884615384608736, 0.25942307692308686, 0.7782692307692175, 0.5707307692307825, 2.386692307692261, 0.6745, 0.25942307692308686, 0.5188461538461737, 1.2452307692307825, 2.179153846153826, 1.1933461538461305, 0.3113076923076956, 0.5707307692307825, 0.4150769230769131, 0.31130769230765243, 1.1933461538461305, 1.5046538461538261, 0.5707307692307393, 0.7263846153846086, 0.4150769230769131, 0.8301538461538261, 0.7263846153846086, 1.0376923076922613, 0.31130769230765243, 0.6744999999999568, 0.882038461538435, 0.25942307692304367, 0.9858076923076956, 0.3113076923076956, 2.075384615384565, 0.051884615384608736, 0.1556538461538694, 0.20753846153843494, 0.7263846153846086, 0.15565384615382621, 0.15565384615382621, 0.10376923076921747, 0.0, 0.5188461538461737, 0.5188461538461737, 0.10376923076926067, 1.4008846153846088, 0.3631923076923043, 0.6745, 0.25942307692304367, 0.8820384615384782, 1.556538461538435, 0.10376923076926067, 1.3489999999999567, 0.7782692307692175, 0.20753846153843494, 0.4150769230769131, 0.20753846153847816, 56.96930769230666, 55.931615384614354, 1.089576923076913, 0.10376923076926067, 55.62030769230665, 0.051884615384608736, 1.6084230769230436, 55.36088461538361, 55.98349999999896, 0.20753846153847816, 0.051884615384608736, 0.1556538461538694, 0.20753846153847816, 0.3631923076923043, 1.0376923076923044, 55.67219230769131, 56.45046153846053, 0.4669615384615651, 0.6226153846153912, 0.9339230769230868, 1.556538461538435, 0.15565384615382621, 0.20753846153843494, 0.9858076923076524, 1.089576923076913, 0.20753846153847816, 0.7782692307692175, 0.8820384615384782, 0.3113076923076956, 2.490461538461522, 56.19103846153744, 0.25942307692308686, 56.19103846153744, 0.3113076923076956, 57.64380769230666, 56.50234615384514, 0.20753846153843494, 0.3631923076923043, 0.5707307692307393, 0.6226153846153912, 0.3113076923076956, 0.5188461538461737, 0.25942307692304367, 57.43626923076818, 56.29480769230666, 0.7263846153846086, 54.79015384615283, 1.1933461538461305, 0.622615384615348, 2.3348076923076526, 1.7121923076922612, 0.3631923076923043, 56.03538461538361, 0.1556538461538694, 57.17684615384509, 56.606115384614355, 0.8820384615384782, 0.7263846153846086, 0.0, 1.08957692307687, 0.31130769230765243, 0.7263846153846086, 0.46696153846152183, 0.10376923076926067, 0.622615384615348, 1.349, 0.5188461538461306, 1.4008846153846088, 0.7263846153846086, 55.20523076922975, 56.70988461538357, 0.6226153846153912, 55.98349999999896, 55.20523076922975, 55.46465384615283, 0.9858076923076956, 0.31130769230765243, 0.6745, 0.46696153846152183, 54.9458076923067, 0.10376923076926067, 55.82784615384514, 0.6226153846153912, 55.153346153845135, 0.9339230769230868, 0.15565384615382621, 0.3631923076923043, 55.879730769229745, 1.6084230769230436, 1.8159615384615218, 55.04957692307592, 1.297115384615391, 0.15565384615382621, 1.0376923076922613, 0.5707307692307825, 0.10376923076926067, 0.9339230769230868, 0.46696153846152183, 0.1556538461538694, 0.051884615384608736, 0.4150769230769131, 2.697999999999957, 0.9339230769230437, 2.5942307692306965, 0.8820384615384782, 0.6745, 0.7782692307692175, 0.9858076923076956, 0.15565384615382621, 0.3631923076923043, 56.13915384615283, 0.7263846153846086, 0.3113076923076956, 55.82784615384514, 55.72407692307592, 56.657999999998964, 55.67219230769131, 0.9858076923076956, 1.2452307692307825, 1.6603076923076523, 0.31130769230765243, 0.051884615384608736, 0.10376923076926067, 2.0234999999999568, 0.10376923076926067, 0.20753846153843494, 0.7782692307692175, 1.1933461538461305, 0.10376923076921747, 0.10376923076926067, 0.0, 0.46696153846152183, 1.089576923076913, 0.20753846153843494, 55.36088461538361, 0.31130769230765243, 0.4150769230769131, 55.56842307692205, 0.4669615384615651, 0.10376923076926067, 55.67219230769131, 0.5188461538461737, 55.56842307692205, 56.45046153846053, 55.879730769229745, 0.4669615384615651, 0.4669615384615651, 0.8301538461538261, 1.9716153846153481, 1.297115384615391, 0.3113076923076956, 57.28061538461435, 0.10376923076921747, 1.2971153846153483, 0.9339230769230868, 0.46696153846152183, 56.86553846153744, 55.82784615384514, 56.34669230769127, 56.29480769230666, 56.86553846153744, 56.55423076922974, 56.91742307692205, 56.13915384615283, 0.25942307692304367, 0.9858076923076956, 1.3489999999999567, 0.7782692307692175, 54.99769230769131, 57.43626923076818, 55.36088461538361, 1.764076923076913, 0.9858076923076956, 56.657999999998964, 1.7121923076923042, 2.0234999999999568, 1.4008846153846088, 0.3113076923076956, 0.3113076923076956, 0.20753846153843494, 0.9858076923076524, 56.39857692307587, 0.3113076923076956, 55.153346153845135, 57.43626923076818, 0.25942307692308686, 54.99769230769131, 0.5188461538461737, 56.45046153846053, 0.0, 0.7782692307692175, 0.051884615384608736, 0.4150769230769131, 0.4669615384615651, 54.686384615383616, 55.82784615384514, 55.36088461538361, 56.55423076922974, 1.1933461538461305, 0.10376923076926067, 0.6744999999999568, 0.7782692307692175, 0.1556538461538694, 0.15565384615382621, 0.3113076923076956, 0.051884615384608736, 1.1414615384615217, 0.3631923076923043, 1.0376923076923044, 1.089576923076913, 0.051884615384608736, 0.1556538461538694, 56.34669230769127, 0.7782692307692175, 0.7782692307692175, 56.91742307692205, 57.69569230769127, 0.622615384615348, 56.96930769230666, 56.45046153846053, 54.32319230769131, 1.4008846153846088, 0.20753846153843494, 1.089576923076913, 0.7782692307692175, 1.556538461538435, 0.4150769230769131, 56.39857692307587, 56.13915384615283, 56.03538461538361, 56.39857692307587, 0.15565384615382621, 0.20753846153843494, 0.5707307692307393, 55.46465384615283, 0.20753846153847816, 0.7782692307692175, 0.25942307692308686, 1.1414615384615217, 0.5188461538461737, 1.0376923076922613, 56.19103846153744, 57.021192307691265, 55.72407692307592, 0.5188461538461306, 0.4150769230769131, 0.4150769230769131, 0.3113076923076956, 1.4527692307691744, 0.882038461538435, 0.3113076923076956, 1.9716153846153481, 0.051884615384608736, 0.3631923076923043, 0.4150769230769131, 1.556538461538435, 0.051884615384608736, 1.2971153846153483, 0.1556538461538694, 0.0, 1.08957692307687, 0.20753846153847816, 0.1556538461538694, 0.051884615384608736, 0.051884615384608736, 0.5188461538461737, 2.1272692307692176, 0.20753846153843494, 0.10376923076921747, 0.8301538461538261, 0.622615384615348, 0.9339230769230437, 0.3113076923076956, 0.3631923076923043, 1.089576923076913, 0.20753846153843494, 0.0, 0.7782692307692175, 0.3113076923076956, 0.1556538461538694, 0.6745, 0.4150769230769131, 1.6603076923076956, 0.25942307692304367, 0.882038461538435, 1.349, 1.0376923076923044, 0.20753846153843494, 0.9858076923076524, 0.5707307692307393, 0.4669615384615651, 0.10376923076926067, 0.9339230769230437, 0.8301538461538261, 0.5707307692307393, 56.70988461538357, 0.3631923076923043, 0.5707307692307393, 1.5046538461538261, 1.0376923076923044, 0.31130769230765243, 0.4150769230769131, 0.7782692307692175, 1.1933461538461305, 56.19103846153744, 57.48815384615279, 0.0, 2.0234999999999568, 0.6745, 0.9339230769230868, 0.10376923076926067, 0.31130769230765243, 0.3631923076923043, 0.9339230769230437, 0.15565384615382621, 0.9339230769230868, 0.25942307692304367, 0.25942307692304367, 0.4669615384615651, 1.0376923076923044, 0.8820384615384782, 0.4669615384615651, 55.98349999999896, 0.8301538461538261, 0.3113076923076956, 0.3631923076923043, 54.79015384615283, 1.6084230769230436, 0.25942307692308686, 54.99769230769131, 0.5188461538461306, 0.10376923076921747, 56.39857692307587, 0.051884615384608736, 0.051884615384608736, 0.5188461538461306, 0.25942307692304367, 0.20753846153847816, 0.4150769230769131, 0.10376923076926067, 1.1414615384615217, 1.4008846153845655, 0.4150769230769131, 0.4150769230769131, 0.051884615384608736, 0.051884615384608736, 0.5707307692307393, 1.1414615384615217, 0.7782692307692175, 0.5707307692307825, 0.051884615384608736, 55.98349999999896, 0.051884615384608736, 54.89392307692209, 0.3113076923076956, 0.20753846153843494, 0.4150769230769131, 0.10376923076926067, 0.15565384615382621, 0.882038461538435, 55.879730769229745, 0.46696153846152183, 56.45046153846053, 56.29480769230666, 0.5188461538461737, 0.6744999999999568, 55.72407692307592, 0.4669615384615651, 0.5707307692307825, 56.55423076922974, 0.15565384615382621, 56.606115384614355, 56.606115384614355, 55.41276923076822, 0.7263846153846086, 0.31130769230765243, 0.25942307692308686, 1.1933461538461305, 0.6226153846153912, 0.5707307692307825, 0.5707307692307393, 0.7782692307692175, 0.31130769230765243, 0.9339230769230437, 0.051884615384608736, 1.4008846153845655, 1.2452307692307825, 0.8820384615384782, 0.3631923076923043, 0.5707307692307825, 0.10376923076921747, 55.98349999999896, 0.9339230769230868, 55.51653846153744, 56.19103846153744, 55.62030769230665, 0.6226153846153912, 1.4527692307692173, 55.931615384614354, 55.98349999999896, 1.556538461538435, 0.6745, 0.6744999999999568, 1.089576923076913, 0.7263846153846086, 1.0376923076923044, 1.349, 0.6745, 1.3489999999999567, 0.9858076923076956, 0.20753846153843494, 0.051884615384608736, 0.6745, 0.25942307692308686, 0.15565384615382621, 1.297115384615391, 0.6744999999999568, 56.70988461538357, 56.08726923076823, 57.073076923075874, 56.19103846153744, 1.9716153846153481, 1.6603076923076523, 0.8301538461538261, 0.9858076923076524, 0.4150769230769131, 0.46696153846152183, 0.25942307692308686, 0.7782692307692175, 0.8820384615384782, 56.96930769230666, 0.15565384615382621, 0.051884615384608736, 0.20753846153843494, 0.31130769230765243, 56.03538461538361, 1.2452307692307825, 0.3113076923076956, 0.4669615384615651, 0.7263846153846086, 56.50234615384514, 55.62030769230665, 0.5707307692307825, 2.231038461538392, 0.5188461538461737, 0.051884615384608736, 1.4527692307691744, 0.3113076923076956, 0.20753846153843494, 0.7263846153846086, 55.56842307692205, 56.13915384615283, 0.5188461538461737, 0.3631923076923043, 55.36088461538361, 1.2452307692307825, 0.3113076923076956, 1.4527692307692173, 55.82784615384514, 55.46465384615283, 56.96930769230666, 0.4150769230769131, 56.29480769230666, 0.46696153846152183, 0.25942307692308686, 0.25942307692304367, 0.5188461538461737, 0.7782692307692175, 1.0376923076923044, 0.31130769230765243, 0.3113076923076956, 0.7782692307692175, 1.0376923076923044, 0.6744999999999568, 0.9858076923076524, 1.556538461538435, 0.3631923076923043, 1.5046538461538261, 0.5188461538461306, 0.20753846153847816, 0.1556538461538694, 0.4150769230769131, 56.55423076922974, 55.82784615384514, 0.9858076923076956, 55.30899999999901, 0.051884615384608736, 0.5188461538461306, 0.8301538461538261, 0.6744999999999568, 0.25942307692304367, 0.10376923076926067, 0.7782692307692175, 2.3348076923076526, 0.8301538461538261, 0.051884615384608736, 0.9339230769230868, 0.4669615384615651, 0.4150769230769131, 0.5188461538461737, 0.31130769230765243, 0.5188461538461737, 1.1933461538461305, 0.10376923076926067, 0.4150769230769131, 0.3631923076923043, 1.1933461538461305, 0.6744999999999568, 0.15565384615382621, 0.10376923076926067, 1.1414615384615217, 0.882038461538435, 0.4150769230769131, 0.051884615384608736, 0.7263846153846086, 1.1414615384615217, 55.56842307692205, 56.13915384615283, 0.46696153846152183, 0.25942307692308686, 56.03538461538361, 57.747576923075876, 55.51653846153744, 1.5046538461538261, 1.1414615384615217, 1.0376923076923044, 0.8301538461538261, 0.3631923076923043, 0.3631923076923043, 0.6745, 1.4008846153846088, 0.0, 0.10376923076926067, 1.1933461538461305, 0.4150769230769131, 0.15565384615382621, 1.1933461538461305, 55.46465384615283, 54.53073076922979, 56.34669230769127, 55.62030769230665, 1.8678461538461306, 0.25942307692304367, 55.72407692307592, 0.25942307692308686, 55.82784615384514, 55.879730769229745, 56.606115384614355, 0.5188461538461306, 1.8159615384615218, 0.5707307692307393, 0.1556538461538694, 0.3631923076923043, 0.20753846153843494, 0.051884615384608736, 0.25942307692308686, 1.4008846153846088, 0.46696153846152183, 0.6744999999999568, 0.4669615384615651, 0.8301538461538261, 1.1933461538461305, 0.9858076923076956, 0.25942307692304367, 0.051884615384608736, 0.4669615384615651, 0.5707307692307825, 0.46696153846152183, 56.606115384614355, 1.4008846153846088, 0.3113076923076956, 0.20753846153843494, 0.5188461538461737, 1.4008846153845655, 0.3113076923076956, 0.25942307692308686, 0.3113076923076956, 1.1414615384615217, 0.9339230769230437, 1.0376923076923044, 0.25942307692308686, 0.25942307692304367, 0.051884615384608736, 0.7263846153846086, 1.1933461538461305, 0.10376923076926067, 0.0, 0.5707307692307393, 1.2971153846153483, 0.051884615384608736, 0.8301538461538261, 0.3113076923076956, 0.9858076923076956, 1.4008846153846088, 56.24292307692205, 0.7263846153846086, 57.384384615383574, 56.24292307692205, 56.50234615384514, 1.1933461538461305, 56.657999999998964, 0.10376923076921747, 56.50234615384514, 56.761769230768174, 1.5046538461538261, 55.56842307692205, 57.021192307691265, 0.7263846153846086, 0.10376923076926067, 1.089576923076913, 0.3631923076923043, 0.0, 0.20753846153847816, 0.882038461538435, 0.10376923076926067, 0.4669615384615651, 1.1933461538461305, 0.9339230769230868, 1.1414615384615217, 0.622615384615348, 0.10376923076921747, 1.2452307692307825, 1.4008846153846088, 0.0, 0.0, 1.0376923076923044, 0.3631923076923043, 0.882038461538435, 0.1556538461538694, 1.1933461538461305, 0.9858076923076524, 56.70988461538357, 56.13915384615283, 1.2452307692307825, 0.6226153846153912, 56.39857692307587, 56.29480769230666, 0.8301538461538261, 1.297115384615391, 1.0376923076923044, 0.25942307692304367, 0.051884615384608736, 0.7782692307692175, 1.1933461538461305, 1.4527692307692173, 0.31130769230765243, 0.46696153846152183, 0.5188461538461737, 1.2452307692307394, 0.3631923076923043, 1.1414615384615217, 0.051884615384608736, 0.3631923076923043, 1.0376923076923044, 1.2971153846153483, 0.3631923076923043, 0.15565384615382621, 56.86553846153744, 0.1556538461538694, 55.98349999999896, 0.051884615384608736, 0.20753846153843494, 0.1556538461538694, 0.6226153846153912, 1.4008846153845655, 0.7263846153846086, 0.622615384615348, 1.0376923076923044, 1.1414615384615217, 0.25942307692308686, 0.4669615384615651, 1.9197307692307393, 0.4669615384615651, 0.622615384615348, 0.8301538461538261, 0.051884615384608736, 1.08957692307687, 0.10376923076926067, 0.25942307692308686, 56.81365384615283, 55.51653846153744, 0.622615384615348, 55.931615384614354, 1.5046538461538261, 0.10376923076926067, 0.46696153846152183, 0.0, 0.8820384615384782, 2.0234999999999568, 0.6744999999999568, 0.6226153846153912, 0.6226153846153912, 1.089576923076913, 0.6226153846153912, 1.6603076923076956, 0.051884615384608736, 0.051884615384608736, 1.2452307692307825, 0.051884615384608736, 0.9339230769230868, 55.153346153845135, 55.20523076922975, 56.19103846153744, 0.9339230769230868, 0.4669615384615651, 55.101461538460526, 0.9858076923076956, 56.86553846153744, 0.7782692307692175, 0.5707307692307393, 0.46696153846152183, 57.48815384615279, 56.13915384615283, 2.0234999999999568, 55.101461538460526, 0.5188461538461306, 1.08957692307687, 0.8820384615384782, 0.3631923076923043, 56.657999999998964, 56.34669230769127, 55.51653846153744, 56.29480769230666, 0.6745, 0.4669615384615651, 56.86553846153744, 56.657999999998964, 0.4150769230769131, 55.879730769229745, 0.5188461538461737, 0.20753846153843494, 0.0, 1.7121923076922612, 0.3631923076923043, 0.8301538461538261, 1.0376923076922613, 0.4150769230769131, 0.10376923076921747, 0.9339230769230868, 0.20753846153847816, 56.45046153846053, 0.20753846153847816, 1.0376923076923044, 0.4150769230769131, 1.2452307692307825, 1.0376923076923044, 0.8820384615384782, 0.25942307692308686, 1.1933461538461305, 9705.172961538286, 0.0, 0.7782692307692175, 0.622615384615348, 0.622615384615348, 0.9339230769230868, 0.7263846153846086, 0.622615384615348, 1.297115384615391, 0.6744999999999568, 0.051884615384608736, 0.3113076923076956, 55.62030769230665, 0.9339230769230868, 2.0234999999999568, 0.7263846153846086, 0.10376923076921747, 0.8301538461538261, 1.297115384615391, 0.051884615384608736, 0.25942307692308686, 0.0, 0.25942307692308686, 0.31130769230765243, 56.50234615384514, 0.7782692307692175, 1.1414615384615217, 0.3113076923076956, 0.25942307692304367, 0.9339230769230437, 1.1414615384615217, 0.3631923076923043, 0.5188461538461737, 0.20753846153847816, 0.5188461538461737, 0.8820384615384782, 55.36088461538361, 1.9197307692307393, 0.46696153846152183, 0.10376923076926067, 1.08957692307687, 0.10376923076921747, 0.1556538461538694, 0.25942307692304367, 0.3631923076923043, 0.051884615384608736, 0.15565384615382621, 1.7121923076923042, 0.4150769230769131, 0.5707307692307393, 0.7782692307692175, 0.10376923076926067, 56.13915384615283, 0.5188461538461737, 0.6226153846153912, 0.6744999999999568, 0.9339230769230868, 0.4669615384615651, 0.9858076923076524, 1.1414615384615217, 0.31130769230765243, 0.6744999999999568, 0.0, 0.5707307692307393, 0.7782692307692175, 0.882038461538435, 1.4527692307691744, 0.3631923076923043, 0.3631923076923043, 0.051884615384608736, 0.051884615384608736, 56.03538461538361, 0.1556538461538694, 56.761769230768174, 55.931615384614354, 1.1414615384615217, 0.4150769230769131, 0.7263846153846086, 0.7263846153846086, 0.7263846153846086, 0.5707307692307393, 0.20753846153843494, 0.6745, 1.9716153846153481, 0.10376923076926067, 0.3631923076923043, 1.297115384615391, 0.6744999999999568, 0.3113076923076956, 0.10376923076921747, 0.10376923076926067, 0.051884615384608736, 0.6745, 0.6745, 1.764076923076913, 1.1933461538461305, 0.0, 0.9339230769230437, 0.5188461538461306, 0.5188461538461306, 0.6745, 0.8301538461538261, 0.6745, 0.15565384615382621, 0.051884615384608736, 1.1933461538461305, 55.153346153845135, 0.10376923076926067, 0.5188461538461737, 0.20753846153843494, 0.7782692307692175, 1.349, 56.50234615384514, 1.6603076923076956, 0.10376923076926067, 0.6226153846153912, 0.25942307692304367, 0.4150769230769131, 0.10376923076921747, 1.08957692307687, 0.31130769230765243, 0.3631923076923043, 1.5046538461538261, 0.0, 0.25942307692308686, 0.25942307692308686, 0.051884615384608736, 55.62030769230665, 1.297115384615391, 0.051884615384608736, 1.6603076923076956, 0.5707307692307825, 58.00699999999897, 55.82784615384514, 55.46465384615283, 1.1933461538461305, 56.29480769230666, 0.5707307692307825, 0.9858076923076524, 0.7263846153846086, 0.5707307692307393, 0.9339230769230437, 0.46696153846152183, 0.3631923076923043, 0.7782692307692175, 0.051884615384608736, 1.2452307692307394, 0.25942307692304367, 0.882038461538435, 1.2452307692307394, 0.4669615384615651, 1.0376923076922613, 1.1414615384615217, 0.25942307692304367, 0.5707307692307393, 0.20753846153847816, 0.4669615384615651, 0.10376923076921747, 56.45046153846053, 56.70988461538357, 0.4150769230769131, 56.606115384614355, 1.297115384615391, 1.1414615384615217, 0.6226153846153912, 1.0376923076922613, 0.1556538461538694, 0.3113076923076956, 0.3631923076923043, 0.4669615384615651, 0.4150769230769131, 0.25942307692308686, 1.1933461538461305, 0.3631923076923043, 0.051884615384608736, 0.5188461538461737, 0.9339230769230868, 55.67219230769131, 1.6603076923076956, 0.6226153846153912, 0.5188461538461306, 0.46696153846152183, 1.1414615384615217, 0.10376923076926067, 0.5188461538461306, 57.17684615384509, 0.3113076923076956, 0.882038461538435, 0.5188461538461306, 0.9858076923076956, 0.10376923076921747, 0.20753846153843494, 0.051884615384608736, 0.8301538461538261, 0.5188461538461737, 0.5188461538461737, 0.4150769230769131, 0.1556538461538694, 0.15565384615382621, 0.051884615384608736, 0.3113076923076956, 0.4150769230769131, 0.622615384615348, 1.4008846153845655, 1.297115384615391, 57.33249999999896, 56.70988461538357, 56.657999999998964, 0.0, 0.20753846153843494, 56.91742307692205, 55.62030769230665, 0.4669615384615651, 0.20753846153847816, 0.4150769230769131, 0.7782692307692175, 0.20753846153847816, 0.15565384615382621, 1.089576923076913, 0.6745, 0.7782692307692175, 0.5707307692307393, 0.20753846153843494, 0.46696153846152183, 0.20753846153847816, 0.4150769230769131, 0.10376923076926067, 0.31130769230765243, 0.5188461538461737, 0.3631923076923043, 0.051884615384608736, 0.7782692307692175, 0.9858076923076524, 1.1414615384615217, 2.127269230769174, 0.31130769230765243, 1.1414615384615217, 1.2971153846153483, 0.6744999999999568, 1.089576923076913, 0.0, 0.3113076923076956, 0.051884615384608736, 1.1933461538461305, 0.25942307692304367, 0.20753846153843494, 1.9716153846153481, 0.10376923076926067, 0.25942307692308686, 2.075384615384565, 1.4527692307692173, 0.622615384615348, 1.1933461538461305, 0.051884615384608736, 1.5046538461538261, 1.8678461538460873, 0.051884615384608736, 1.1933461538461305, 0.9339230769230437, 0.7263846153846086, 0.5188461538461306, 0.3631923076923043, 1.089576923076913, 2.0234999999999568, 0.4669615384615651, 0.10376923076926067, 1.8678461538461306, 56.45046153846053, 0.5707307692307825, 56.34669230769127, 0.7782692307692175, 55.72407692307592, 0.20753846153847816, 1.2971153846153483, 0.5188461538461306, 0.31130769230765243, 1.1933461538461305, 0.3631923076923043, 1.4008846153846088, 0.7263846153846086, 1.0376923076922613, 0.46696153846152183, 1.297115384615391, 0.31130769230765243, 0.10376923076926067, 1.2452307692307394, 2.3348076923076526, 0.9339230769230868, 0.10376923076926067, 1.5046538461538261, 0.25942307692308686, 0.3631923076923043, 0.20753846153843494, 1.0376923076923044, 0.4669615384615651, 0.20753846153843494, 0.1556538461538694, 0.15565384615382621, 1.764076923076913, 1.4527692307691744, 1.3489999999999567, 0.25942307692308686, 55.56842307692205, 56.13915384615283, 0.5707307692307825, 0.5707307692307393, 1.0376923076923044, 0.051884615384608736, 0.3631923076923043, 1.2452307692307394, 0.20753846153847816, 2.0234999999999568, 0.051884615384608736, 1.4008846153846088, 0.20753846153847816, 0.10376923076921747, 0.0, 0.4669615384615651, 0.4150769230769131, 0.3631923076923043, 0.0, 0.5188461538461737, 1.556538461538435, 0.0, 0.15565384615382621, 0.7782692307692175, 0.10376923076921747, 0.5707307692307393, 0.0, 0.9339230769230437, 0.5707307692307393, 0.46696153846152183, 0.051884615384608736, 0.25942307692304367, 0.5188461538461306, 0.3631923076923043, 0.882038461538435, 0.3631923076923043, 1.0376923076923044, 0.7263846153846086, 0.25942307692308686, 1.1414615384615217, 0.3631923076923043, 0.15565384615382621, 0.25942307692308686, 0.10376923076921747, 0.0, 0.4669615384615651, 2.2829230769230433, 0.051884615384608736, 0.8301538461538261, 0.051884615384608736, 0.46696153846152183, 1.349, 0.7263846153846086, 1.08957692307687, 0.9339230769230437, 0.20753846153847816, 1.2452307692307825, 0.4150769230769131, 0.25942307692304367, 0.7782692307692175, 0.0, 0.5188461538461737, 0.3113076923076956, 0.882038461538435, 0.5188461538461306, 0.6745, 0.4150769230769131, 0.5188461538461737, 1.089576923076913, 1.4008846153846088, 0.7782692307692175, 0.20753846153847816, 0.4150769230769131, 0.10376923076921747, 1.6084230769230436, 1.2452307692307825, 1.4527692307692173, 0.1556538461538694, 0.6745, 0.7263846153846086, 1.2971153846153483, 0.4150769230769131, 0.15565384615382621, 0.46696153846152183, 0.051884615384608736, 0.0, 1.6603076923076956, 0.3631923076923043, 0.622615384615348, 0.1556538461538694, 0.7263846153846086, 1.4527692307692173, 0.7263846153846086, 1.4527692307692173, 0.4669615384615651, 0.0, 0.9858076923076524, 0.4669615384615651, 0.15565384615382621, 1.2452307692307825, 1.5046538461538261, 0.20753846153847816, 0.46696153846152183, 0.0, 0.6744999999999568, 0.1556538461538694, 0.4150769230769131, 0.3113076923076956, 0.10376923076926067, 0.25942307692308686, 1.089576923076913, 0.20753846153847816, 0.051884615384608736, 0.7263846153846086, 0.10376923076921747, 1.0376923076922613, 0.5188461538461737, 1.2971153846153483, 1.3489999999999567, 0.5188461538461737, 0.25942307692304367, 0.5707307692307393, 0.6745, 0.33724999999999994, 0.11241666666665105, 0.1686249999999766, 0.786916666666651, 0.2248333333333021, 0.33724999999999994, 0.22483333333334893, 0.1686249999999766, 0.33724999999999994, 0.8431249999999766, 0.8993333333333021, 0.7307083333333255, 60.81741666666492, 60.59258333333162, 60.36774999999827, 0.6744999999999999, 0.28104166666667446, 0.056208333333325526, 0.056208333333325526, 0.6182916666666745, 0.6744999999999999, 0.11241666666665105, 0.056208333333325526, 0.056208333333325526, 60.929833333331565, 0.33724999999999994, 0.5620833333333022, 0.11241666666665105, 0.1686249999999766, 0.1686249999999766, 0.33724999999999994, 1.461416666666651, 0.9555416666666278, 2.2483333333332554, 0.28104166666667446, 0.786916666666651, 0.1686249999999766, 0.6182916666666745, 0.11241666666665105, 1.1803749999999764, 1.124166666666651, 1.3489999999999531, 0.44966666666665106, 0.28104166666667446, 2.2483333333332554, 0.3934583333333255, 60.48016666666492, 61.26708333333156, 1.236583333333302, 0.1686249999999766, 1.3489999999999531, 1.5176249999999767, 1.4614166666666042, 1.2927916666666277, 0.6182916666666745, 0.6744999999999999, 0.33724999999999994, 1.7424583333332786, 61.941583333331565, 0.8993333333333021, 61.548124999998244, 0.6744999999999999, 0.3934583333333255, 1.0679583333333256, 1.0117499999999533, 0.6182916666666277, 0.28104166666667446, 1.0117499999999533, 0.9555416666666278, 0.1686249999999766, 1.1803749999999764, 1.5176249999999767, 0.11241666666665105, 0.9555416666666278, 0.786916666666651, 0.8431249999999766, 0.0, 60.64879166666494, 1.0679583333332787, 0.3934583333333255, 0.2248333333333021, 0.5058749999999766, 1.2927916666666277, 0.2248333333333021, 0.3934583333333255, 0.5620833333333022, 0.9555416666666278, 0.786916666666651, 0.6182916666666277, 0.7307083333333255, 1.9110833333332555, 0.9555416666666278, 0.056208333333325526, 1.6862499999999532, 0.6182916666666745, 1.8548749999999299, 0.9555416666666278, 0.44966666666665106, 0.6744999999999999, 0.2248333333333021, 0.5058749999999766, 0.5620833333333022, 0.3934583333333255, 0.7307083333333255, 0.056208333333325526, 0.33724999999999994, 59.80566666666496, 1.3489999999999531, 0.6744999999999999, 0.6182916666666277, 2.135916666666604, 0.8431249999999766, 1.1803749999999764, 0.5058749999999766, 62.5598749999982, 0.28104166666667446, 0.3934583333333255, 0.5620833333333022, 0.5058749999999766, 0.1686249999999766, 1.1803749999999764, 0.28104166666667446, 1.0679583333332787, 1.0117499999999533, 0.11241666666665105, 0.056208333333325526, 1.2927916666666277, 0.0, 0.5620833333333022, 2.360749999999953, 0.5620833333333022, 0.11241666666665105, 1.6862499999999532, 0.2248333333333021, 0.8431249999999766, 0.6744999999999999, 0.2248333333333021, 0.8993333333333021, 60.929833333331565, 0.2248333333333021, 0.44966666666665106, 1.236583333333302, 0.6182916666666277, 0.6182916666666277, 0.5620833333333022, 1.6862499999999532, 61.997791666664895, 60.64879166666494, 0.33724999999999994, 61.49191666666492, 62.222624999998196, 0.44966666666665106, 60.59258333333162, 62.27883333333152, 0.1686249999999766, 0.33724999999999994, 0.7307083333333255, 0.056208333333325526, 0.2248333333333021, 1.8548749999999299, 0.786916666666651, 2.0234999999999532, 1.9110833333333022, 0.28104166666667446, 0.5058749999999766, 0.056208333333325526, 1.4052083333332788, 0.5058749999999766, 0.0, 0.28104166666667446, 0.5058749999999766, 0.11241666666665105, 0.5058749999999766, 0.11241666666665105, 1.7986666666666042, 0.0, 0.33724999999999994, 0.056208333333325526, 1.1803749999999764, 0.7307083333333255, 0.5058749999999766, 59.74945833333164, 59.18737499999829, 0.44966666666665106, 0.056208333333325526, 0.28104166666667446, 1.124166666666651, 0.7307083333333255, 0.786916666666651, 1.0679583333333256, 60.311541666664944, 60.48016666666492, 1.236583333333302, 0.6744999999999999, 0.28104166666667446, 1.0679583333332787, 0.0, 0.5620833333333022, 0.28104166666667446, 59.52462499999829, 0.33724999999999994, 0.28104166666667446, 0.5058749999999766, 0.7307083333333255, 0.786916666666651, 0.1686249999999766, 1.7424583333332786, 0.33724999999999994, 2.0234999999999532, 1.6300416666666275, 1.124166666666651, 0.11241666666665105, 0.056208333333325526, 1.124166666666651, 0.056208333333325526, 0.28104166666667446, 0.1686249999999766, 0.8431249999999766, 0.786916666666651, 0.7307083333333255, 1.5176249999999767, 0.5620833333333022, 0.1686249999999766, 0.8993333333333021, 0.28104166666667446, 0.1686249999999766, 0.7307083333333255, 0.786916666666651, 1.461416666666651, 61.772958333331545, 0.33724999999999994, 0.5620833333333022, 1.573833333333302, 0.22483333333334893, 1.2927916666666277, 0.1686249999999766, 1.5176249999999767, 0.3934583333333255, 0.8431249999999766, 0.22483333333334893, 0.44966666666665106, 1.236583333333302, 1.8548749999999299, 0.056208333333325526, 1.7986666666666042, 0.44966666666665106, 0.33724999999999994, 60.4239583333316, 62.5598749999982, 1.9110833333333022, 60.25533333333162, 1.236583333333302, 61.21087499999824, 60.086708333331586, 0.8431249999999766, 60.64879166666494, 0.6744999999999999, 61.15466666666492, 59.693249999998265, 0.9555416666666278, 0.11241666666665105, 61.6605416666649, 0.1686249999999766, 0.056208333333325526, 1.7424583333332786, 0.0, 1.2927916666666277, 0.33724999999999994, 1.3489999999999531, 0.44966666666665106, 0.056208333333325526, 0.5058749999999766, 1.1803749999999764, 1.4052083333332788, 0.11241666666665105, 0.2248333333333021, 0.11241666666665105, 1.3489999999999531, 0.056208333333325526, 0.11241666666665105, 1.573833333333302, 0.5058749999999766, 0.0, 0.33724999999999994, 0.3934583333333255, 0.5058749999999766, 1.124166666666651, 0.6744999999999999, 0.11241666666665105, 0.8993333333333021, 0.8431249999999766, 0.44966666666665106, 61.15466666666492, 0.44966666666665106, 59.97429166666494, 61.772958333331545, 0.44966666666665106, 0.6744999999999999, 61.26708333333156, 0.33724999999999994, 61.49191666666492, 0.7307083333333255, 61.772958333331545, 0.11241666666665105, 1.461416666666651, 0.28104166666667446, 0.3934583333333255, 0.3934583333333255, 0.22483333333334893, 0.33724999999999994, 0.5620833333333022, 0.056208333333325526, 0.1686249999999766, 0.1686249999999766, 1.2927916666666277, 0.8993333333333021, 0.33724999999999994, 0.0, 1.124166666666651, 1.3489999999999531, 0.5058749999999766, 0.5058749999999766, 0.33724999999999994, 0.3934583333333255, 0.7307083333333255, 0.8993333333333021, 0.9555416666666278, 1.461416666666651, 0.11241666666665105, 1.0679583333333256, 0.1686249999999766, 1.7986666666666042, 0.056208333333325526, 1.0117499999999533, 1.1803749999999764, 0.5620833333333022, 0.056208333333325526, 0.9555416666666278, 1.124166666666651, 0.6744999999999999, 1.0117499999999533, 0.3934583333333255, 0.8431249999999766, 1.2927916666666277, 0.44966666666665106, 0.0, 0.2248333333333021, 0.11241666666665105, 60.536374999998245, 0.22483333333334893, 1.0117499999999533, 2.304541666666581, 0.3934583333333255, 0.11241666666665105, 1.236583333333302, 0.5620833333333022, 0.5058749999999766, 0.5058749999999766, 1.4052083333332788, 1.236583333333302, 0.6744999999999999, 1.5176249999999767, 0.3934583333333255, 1.124166666666651, 0.5058749999999766, 0.28104166666667446, 0.3934583333333255, 0.7307083333333255, 0.6182916666666745, 0.6744999999999999, 0.8431249999999766, 0.3934583333333255, 0.8993333333333021, 0.5058749999999766, 0.6744999999999999, 0.28104166666667446, 0.6744999999999999, 0.056208333333325526, 0.056208333333325526, 0.5620833333333022, 0.056208333333325526, 0.28104166666667446, 1.1803749999999764, 0.7307083333333255, 0.33724999999999994, 60.81741666666492, 0.8431249999999766, 0.5058749999999766, 0.3934583333333255, 0.7307083333333255, 0.33724999999999994, 0.056208333333325526, 0.33724999999999994, 1.1803749999999764, 0.2248333333333021, 0.5058749999999766, 1.3489999999999531, 0.056208333333325526, 0.0, 0.22483333333334893, 1.8548749999999299, 0.1686249999999766, 0.056208333333325526, 1.124166666666651, 0.6744999999999999, 1.6300416666666275, 0.33724999999999994, 0.33724999999999994, 0.786916666666651, 61.997791666664895, 0.11241666666665105, 0.6744999999999999, 0.786916666666651, 1.0679583333333256, 1.461416666666651, 0.5058749999999766, 0.5620833333333022, 59.074958333331644, 2.1921249999999297, 1.0117499999999533, 0.8431249999999766, 60.36774999999827, 1.4052083333332788, 61.21087499999824, 1.573833333333302, 0.5058749999999766, 0.8993333333333021, 0.056208333333325526, 61.941583333331565, 60.59258333333162, 0.5058749999999766, 0.3934583333333255, 0.44966666666665106, 0.056208333333325526, 1.3489999999999531, 0.3934583333333255, 1.0117499999999533, 0.9555416666666278, 0.33724999999999994, 0.0, 0.22483333333334893, 1.7424583333332786, 1.9110833333333022, 1.3489999999999531, 0.6182916666666277, 1.6300416666666275, 1.4052083333332788, 0.28104166666667446, 0.9555416666666278, 1.4614166666666042, 0.7307083333333255, 0.2248333333333021, 60.87362499999824, 0.3934583333333255, 0.056208333333325526, 1.3489999999999531, 0.7307083333333255, 60.59258333333162, 0.056208333333325526, 59.80566666666496, 60.986041666664896, 0.33724999999999994, 61.60433333333157, 0.44966666666665106, 0.7307083333333255, 60.48016666666492, 1.0117499999999533, 1.8548749999999299, 0.056208333333325526, 0.786916666666651, 60.03049999999826, 60.086708333331586, 0.8993333333333021, 59.693249999998265, 0.786916666666651, 0.5620833333333022, 1.124166666666651, 59.918083333331616, 0.11241666666665105, 1.7986666666666042, 1.2927916666666277, 1.6300416666666275, 0.33724999999999994, 0.3934583333333255, 0.8993333333333021, 1.124166666666651, 60.81741666666492, 1.3489999999999531, 1.0117499999999533, 1.7986666666666042, 0.1686249999999766, 1.0679583333333256, 0.11241666666665105, 0.2248333333333021, 0.28104166666667446, 0.8431249999999766, 0.5620833333333022, 0.11241666666665105, 0.11241666666665105, 0.3934583333333255, 0.056208333333325526, 0.6182916666666745, 0.6744999999999999, 1.7986666666666042, 0.2248333333333021, 0.0, 0.1686249999999766, 0.056208333333325526, 0.22483333333334893, 0.6744999999999999, 0.6744999999999999, 1.4052083333332788, 0.28104166666667446, 0.5058749999999766, 0.5620833333333022, 1.3489999999999531, 0.7307083333333255, 0.056208333333325526, 0.056208333333325526, 0.33724999999999994, 0.6182916666666277, 0.8431249999999766, 0.28104166666667446, 0.8431249999999766, 0.33724999999999994, 1.236583333333302, 0.5620833333333022, 0.28104166666667446, 1.1803749999999764, 60.19912499999829, 0.1686249999999766, 0.786916666666651, 0.5620833333333022, 0.6182916666666745, 0.6744999999999999, 1.0117499999999533, 1.0117499999999533, 0.0, 1.4052083333332788, 0.44966666666665106, 0.3934583333333255, 1.0117499999999533, 0.44966666666665106, 0.7307083333333255, 60.81741666666492, 1.4614166666666042, 0.5058749999999766, 0.3934583333333255, 1.7424583333332786, 1.1803749999999764, 1.1803749999999764, 0.28104166666667446, 60.311541666664944, 0.5058749999999766, 0.11241666666665105, 0.5058749999999766, 61.548124999998244, 0.33724999999999994, 1.0679583333332787, 0.9555416666666278, 0.1686249999999766, 1.6300416666666275, 2.810416666666604, 0.786916666666651, 1.124166666666651, 0.28104166666667446, 0.22483333333334893, 61.88537499999824, 60.64879166666494, 0.0, 0.44966666666665106, 0.28104166666667446, 0.11241666666665105, 0.2248333333333021, 0.6744999999999999, 0.22483333333334893, 0.7307083333333255, 0.28104166666667446, 60.986041666664896, 0.11241666666665105, 1.0117499999999533, 0.3934583333333255, 0.5058749999999766, 0.33724999999999994, 0.056208333333325526, 0.0, 1.0679583333332787, 0.8993333333333021, 1.0679583333333256, 1.0117499999999533, 0.0, 0.44966666666665106, 59.52462499999829, 0.33724999999999994, 0.056208333333325526, 0.44966666666665106, 0.0, 61.88537499999824, 61.26708333333156, 0.8431249999999766, 0.22483333333334893, 1.9672916666666276, 1.3489999999999531, 0.7307083333333255, 1.9110833333333022, 1.1803749999999764, 0.11241666666665105, 0.1686249999999766, 0.6182916666666745, 61.82916666666487, 2.1921249999999297, 1.9672916666666276, 0.786916666666651, 0.056208333333325526, 0.1686249999999766, 1.2927916666666277, 0.5620833333333022, 2.0797083333332784, 0.7307083333333255, 1.6862499999999532, 0.8993333333333021, 0.2248333333333021, 0.056208333333325526, 1.7424583333332786, 0.11241666666665105, 0.0, 0.11241666666665105, 0.22483333333334893, 1.5176249999999767, 0.6744999999999999, 0.056208333333325526, 0.3934583333333255, 0.8993333333333021, 1.1803749999999764, 0.9555416666666278, 1.124166666666651, 0.1686249999999766, 0.056208333333325526, 0.8993333333333021, 0.5620833333333022, 0.44966666666665106, 0.6182916666666745, 2.0797083333332784, 0.7307083333333255, 1.124166666666651, 1.1803749999999764, 0.8431249999999766, 2.0234999999999532, 1.1803749999999764, 0.28104166666667446, 59.80566666666496, 1.461416666666651, 0.6182916666666745, 0.3934583333333255, 0.0, 0.44966666666665106, 0.8431249999999766, 0.056208333333325526, 1.0679583333333256, 0.786916666666651, 0.11241666666665105, 1.4614166666666042, 0.7307083333333255, 0.1686249999999766, 1.2927916666666277, 0.22483333333334893, 0.7307083333333255, 0.5620833333333022, 0.5620833333333022, 59.80566666666496, 0.5058749999999766, 0.0, 1.5176249999999767, 1.7424583333332786, 0.786916666666651, 0.22483333333334893, 61.04224999999826, 0.5058749999999766, 1.124166666666651, 0.1686249999999766, 0.28104166666667446, 0.056208333333325526, 0.5620833333333022, 0.3934583333333255, 0.6182916666666277, 1.2927916666666277, 0.2248333333333021, 0.056208333333325526, 0.9555416666666278, 0.1686249999999766, 0.9555416666666278, 0.3934583333333255, 59.861874999998285, 61.60433333333157, 0.22483333333334893, 1.0117499999999533, 0.22483333333334893, 0.8431249999999766, 61.71674999999822, 1.461416666666651, 61.60433333333157, 1.461416666666651, 0.1686249999999766, 0.33724999999999994, 1.8548749999999299, 1.7424583333332786, 0.28104166666667446, 0.28104166666667446, 0.8993333333333021, 1.6862499999999532, 1.0679583333333256, 0.11241666666665105, 1.124166666666651, 1.8548749999999299, 1.8548749999999299, 0.6182916666666277, 0.7307083333333255, 0.0, 0.28104166666667446, 0.33724999999999994, 0.3934583333333255, 1.0679583333333256, 0.11241666666665105, 0.1686249999999766, 1.236583333333302, 0.28104166666667446, 2.2483333333332554, 0.5058749999999766, 0.0, 0.056208333333325526, 0.44966666666665106, 0.33724999999999994, 0.5058749999999766, 0.786916666666651, 0.5620833333333022, 0.6744999999999999, 0.3934583333333255, 1.3489999999999531, 0.786916666666651, 1.124166666666651, 0.44966666666665106, 0.056208333333325526, 0.3934583333333255, 0.28104166666667446, 0.1686249999999766, 60.36774999999827, 0.11241666666665105, 0.5620833333333022, 0.6744999999999999, 0.1686249999999766, 0.8431249999999766, 59.861874999998285, 1.4614166666666042, 0.7307083333333255, 0.1686249999999766, 0.28104166666667446, 60.03049999999826, 0.786916666666651, 0.056208333333325526, 0.33724999999999994, 0.5620833333333022, 0.7307083333333255, 2.0234999999999532, 59.41220833333164, 60.19912499999829, 60.986041666664896, 0.7307083333333255, 0.44966666666665106, 0.786916666666651, 0.11241666666665105, 0.8993333333333021, 0.11241666666665105, 60.929833333331565, 60.59258333333162, 61.6605416666649, 0.056208333333325526, 61.15466666666492, 0.2248333333333021, 0.1686249999999766, 1.124166666666651, 0.11241666666665105, 0.3934583333333255, 1.4052083333332788, 0.5620833333333022, 0.8993333333333021, 0.33724999999999994, 0.5058749999999766, 0.6182916666666745, 0.5620833333333022, 0.5058749999999766, 1.3489999999999531, 0.44966666666665106, 0.0, 0.9555416666666278, 0.11241666666665105, 0.6744999999999999, 0.44966666666665106, 1.0679583333333256, 0.5620833333333022, 0.8431249999999766, 0.33724999999999994, 61.15466666666492, 0.056208333333325526, 1.4052083333332788, 0.8431249999999766, 2.1921249999999297, 0.28104166666667446, 0.056208333333325526, 0.6744999999999999, 1.124166666666651, 61.941583333331565, 59.74945833333164, 60.19912499999829, 1.4614166666666042, 0.28104166666667446, 1.0117499999999533, 0.056208333333325526, 0.1686249999999766, 0.1686249999999766, 0.33724999999999994, 60.81741666666492, 62.05399999999822, 61.379499999998224, 1.7424583333332786, 0.056208333333325526, 0.786916666666651, 59.80566666666496, 62.11020833333154, 1.3489999999999531, 0.6182916666666745, 0.11241666666665105, 0.1686249999999766, 0.11241666666665105, 0.2248333333333021, 0.8993333333333021, 0.5058749999999766, 0.44966666666665106, 0.8993333333333021, 0.44966666666665106, 0.3934583333333255, 0.1686249999999766, 0.11241666666665105, 0.2248333333333021, 1.1803749999999764, 0.786916666666651, 0.1686249999999766, 1.8548749999999299, 0.0, 0.5620833333333022, 0.22483333333334893, 0.1686249999999766, 1.0117499999999533, 0.2248333333333021, 1.3489999999999531, 0.5620833333333022, 0.8993333333333021, 1.0117499999999533, 1.0679583333333256, 0.9555416666666278, 0.1686249999999766, 1.236583333333302, 0.11241666666665105, 0.056208333333325526, 0.11241666666665105, 0.1686249999999766, 0.8431249999999766, 1.236583333333302, 0.7307083333333255, 0.8993333333333021, 0.11241666666665105, 0.22483333333334893, 0.11241666666665105, 0.28104166666667446, 0.33724999999999994, 1.124166666666651, 0.5058749999999766, 1.2927916666666277, 0.1686249999999766, 0.056208333333325526, 0.5620833333333022, 2.6417916666665806, 1.4052083333332788, 0.6182916666666745, 0.9555416666666278, 0.1686249999999766, 0.056208333333325526, 0.5620833333333022, 0.1686249999999766, 0.0, 0.0, 0.5058749999999766, 1.5176249999999767, 0.5058749999999766, 0.2248333333333021, 0.6182916666666277, 0.8431249999999766, 0.786916666666651, 0.44966666666665106, 0.6744999999999999, 0.056208333333325526, 0.1686249999999766, 0.7307083333333255, 3.1476666666665576, 0.5058749999999766, 1.0679583333333256, 0.8431249999999766, 0.786916666666651, 0.7307083333333255, 0.056208333333325526, 0.28104166666667446, 0.33724999999999994, 61.3232916666649, 0.44966666666665106, 0.5620833333333022, 1.461416666666651, 59.74945833333164, 2.1921249999999297, 0.8431249999999766, 0.8431249999999766, 0.44966666666665106, 0.3934583333333255, 0.44966666666665106, 1.0117499999999533, 2.360749999999953, 0.9555416666666278, 1.461416666666651, 0.11241666666665105, 0.3934583333333255, 1.0679583333333256, 0.6182916666666745, 62.16641666666487, 0.7307083333333255, 59.861874999998285, 0.2248333333333021, 1.3489999999999531, 0.7307083333333255, 0.3934583333333255, 0.33724999999999994, 0.5620833333333022, 0.7307083333333255, 0.056208333333325526, 0.28104166666667446, 0.056208333333325526, 59.35599999999832, 60.64879166666494, 0.28104166666667446, 0.44966666666665106, 0.8431249999999766, 0.33724999999999994, 0.056208333333325526, 0.0, 0.1686249999999766, 60.87362499999824, 1.0679583333332787, 0.8431249999999766, 1.3489999999999531, 0.786916666666651, 0.5620833333333022, 0.6744999999999999, 1.0117499999999533, 0.33724999999999994, 0.7307083333333255, 0.1686249999999766, 0.9555416666666278, 0.44966666666665106, 0.6744999999999999, 0.3934583333333255, 1.2927916666666277, 0.9555416666666278, 0.0, 0.3934583333333255, 0.22483333333334893, 0.11241666666665105, 61.379499999998224, 0.8431249999999766, 0.6182916666666277, 1.2927916666666277, 1.461416666666651, 1.4052083333332788, 0.0, 61.6605416666649, 0.28104166666667446, 0.22483333333334893, 0.056208333333325526, 0.3934583333333255, 1.4614166666666042, 0.7307083333333255, 0.28104166666667446, 1.6300416666666275, 0.056208333333325526, 1.9672916666666276, 60.929833333331565, 59.52462499999829, 60.81741666666492, 0.056208333333325526, 60.929833333331565, 0.1686249999999766, 0.7307083333333255, 1.236583333333302, 0.22483333333334893, 0.7307083333333255, 59.35599999999832, 0.6744999999999999, 0.1686249999999766, 0.2248333333333021, 0.1686249999999766, 61.15466666666492, 60.761208333331595, 59.52462499999829, 0.1686249999999766, 59.74945833333164, 1.9672916666666276, 0.056208333333325526, 60.87362499999824, 1.124166666666651, 0.33724999999999994, 0.33724999999999994, 0.056208333333325526, 0.1686249999999766, 0.3934583333333255, 0.22483333333334893, 0.3934583333333255, 0.6182916666666745, 0.6182916666666277, 0.1686249999999766, 2.0234999999999532, 0.1686249999999766, 0.3934583333333255, 1.3489999999999531, 0.33724999999999994, 61.0984583333316, 62.39124999999822, 1.7986666666666042, 0.786916666666651, 0.5058749999999766, 0.3934583333333255, 0.0, 0.6182916666666745, 0.22483333333334893, 0.1686249999999766, 61.3232916666649, 1.3489999999999531, 60.761208333331595, 0.28104166666667446, 0.8431249999999766, 0.28104166666667446, 0.2248333333333021, 0.786916666666651, 0.8993333333333021, 1.7986666666666042, 1.6300416666666275, 0.6744999999999999, 60.536374999998245, 61.997791666664895, 0.5620833333333022, 59.693249999998265, 59.13116666666497, 62.72849999999822, 0.33724999999999994, 0.9555416666666278, 0.3934583333333255, 0.7307083333333255, 1.573833333333302, 0.5058749999999766, 0.9555416666666278, 0.11241666666665105, 2.754208333333279, 0.28104166666667446, 1.3489999999999531, 1.2927916666666277, 60.4239583333316, 1.7424583333332786, 0.7307083333333255, 2.304541666666581, 0.1686249999999766, 0.6182916666666277, 0.1686249999999766, 61.4357083333316, 0.44966666666665106, 0.11241666666665105, 0.6744999999999999, 0.28104166666667446, 61.71674999999822, 1.1803749999999764, 0.0, 60.64879166666494, 1.4052083333332788, 61.3232916666649, 0.786916666666651, 1.0117499999999533, 0.5620833333333022, 0.44966666666665106, 1.461416666666651, 0.786916666666651, 0.11241666666665105, 1.9672916666666276, 0.1686249999999766, 60.64879166666494, 61.3232916666649, 60.87362499999824, 0.33724999999999994, 0.28104166666667446, 0.28104166666667446, 0.5058749999999766, 2.0234999999999532, 0.5620833333333022, 1.573833333333302, 0.8993333333333021, 0.6182916666666277, 0.1686249999999766, 1.236583333333302, 1.3489999999999531, 0.28104166666667446, 0.3934583333333255, 1.236583333333302, 0.056208333333325526, 0.1686249999999766, 0.1686249999999766, 1.2927916666666277, 0.7307083333333255, 1.2927916666666277, 0.8431249999999766, 1.8548749999999299, 0.22483333333334893, 1.1803749999999764, 1.7424583333332786, 1.6862499999999532, 0.786916666666651, 0.22483333333334893, 1.5176249999999767, 60.81741666666492, 60.36774999999827, 60.704999999998265, 60.086708333331586, 59.97429166666494, 60.87362499999824, 1.573833333333302, 0.1686249999999766, 0.786916666666651, 1.5176249999999767, 0.28104166666667446, 0.22483333333334893, 0.2248333333333021, 0.2248333333333021, 0.5620833333333022, 0.3934583333333255, 0.6744999999999999, 0.6182916666666277, 0.6744999999999999, 0.28104166666667446, 1.461416666666651, 61.26708333333156, 61.15466666666492, 59.80566666666496, 61.379499999998224, 0.3934583333333255, 0.22483333333334893, 0.22483333333334893, 60.03049999999826, 0.1686249999999766, 0.3934583333333255, 1.5176249999999767, 0.786916666666651, 0.9555416666666278, 0.3934583333333255, 1.3489999999999531, 60.19912499999829, 1.4052083333332788, 1.573833333333302, 61.941583333331565, 0.44966666666665106, 0.9555416666666278, 0.6182916666666745, 0.5620833333333022, 1.0679583333333256, 0.5058749999999766, 0.5620833333333022, 1.0117499999999533, 1.1803749999999764, 0.0, 0.5620833333333022, 1.1803749999999764, 0.786916666666651, 60.086708333331586, 0.9555416666666278, 60.48016666666492, 0.8993333333333021, 59.299791666664945, 0.056208333333325526, 0.786916666666651, 1.4614166666666042, 60.986041666664896, 0.056208333333325526, 0.8993333333333021, 1.4614166666666042, 0.28104166666667446, 0.28104166666667446, 0.28104166666667446, 2.135916666666604, 1.7424583333332786, 0.5620833333333022, 0.44966666666665106, 0.8993333333333021, 0.5058749999999766, 0.3934583333333255, 0.22483333333334893, 0.28104166666667446, 0.056208333333325526, 0.1686249999999766, 0.3934583333333255, 0.7307083333333255, 1.6862499999999532, 0.3934583333333255, 1.5176249999999767, 1.236583333333302, 0.5058749999999766, 0.11241666666665105, 1.0679583333333256, 0.5620833333333022, 1.0679583333333256, 0.3934583333333255, 1.461416666666651, 0.0, 0.7307083333333255, 1.124166666666651, 0.0, 0.1686249999999766, 0.22483333333334893, 0.22483333333334893, 0.8993333333333021, 0.5058749999999766, 0.056208333333325526, 1.0679583333333256, 1.7424583333332786, 0.2248333333333021, 0.6744999999999999, 0.1686249999999766, 0.8431249999999766, 0.7307083333333255, 0.056208333333325526, 0.11241666666665105, 1.236583333333302, 0.22483333333334893, 0.1686249999999766, 0.056208333333325526, 0.1686249999999766, 0.5620833333333022, 0.5620833333333022, 0.11241666666665105, 0.22483333333334893, 0.056208333333325526, 1.1803749999999764, 0.7307083333333255, 0.2248333333333021, 0.28104166666667446, 59.693249999998265, 0.33724999999999994, 61.3232916666649, 0.7307083333333255, 0.056208333333325526, 1.124166666666651, 61.772958333331545, 60.986041666664896, 0.6744999999999999, 0.6744999999999999, 0.056208333333325526, 0.22483333333334893, 1.1803749999999764, 61.82916666666487, 1.6300416666666275, 0.6182916666666745, 60.25533333333162, 61.15466666666492, 0.1686249999999766, 0.28104166666667446, 0.28104166666667446, 0.33724999999999994, 1.4614166666666042, 0.6182916666666745, 0.1686249999999766, 0.11241666666665105, 0.11241666666665105, 1.0117499999999533, 0.44966666666665106, 0.0, 0.33724999999999994, 0.056208333333325526, 0.28104166666667446, 1.7986666666666042, 60.64879166666494, 0.22483333333334893, 0.2248333333333021, 1.1803749999999764, 0.8993333333333021, 0.5058749999999766, 0.44966666666665106, 60.59258333333162, 2.135916666666604, 0.5058749999999766, 0.6744999999999999, 0.056208333333325526, 0.44966666666665106, 0.22483333333334893, 1.0679583333333256, 0.0, 61.04224999999826, 60.87362499999824, 0.2248333333333021, 0.8993333333333021, 0.2248333333333021, 60.929833333331565, 0.056208333333325526, 61.21087499999824, 61.21087499999824, 0.5620833333333022, 0.11241666666665105, 59.74945833333164, 0.11241666666665105, 0.11241666666665105, 0.786916666666651, 0.33724999999999994, 0.28104166666667446, 0.3934583333333255, 1.1803749999999764, 0.22483333333334893, 0.44966666666665106, 0.056208333333325526, 0.6744999999999999, 0.8431249999999766, 0.5058749999999766, 0.056208333333325526, 0.3934583333333255, 0.5620833333333022, 0.11241666666665105, 0.33724999999999994, 0.44966666666665106, 0.28104166666667446, 0.33724999999999994, 0.33724999999999994, 1.3489999999999531, 0.0, 0.6744999999999999, 60.81741666666492, 0.28104166666667446, 0.44966666666665106, 1.6862499999999532, 0.5058749999999766, 60.704999999998265, 0.6744999999999999, 0.056208333333325526, 60.03049999999826, 61.379499999998224, 0.0, 0.11241666666665105, 0.786916666666651, 0.44966666666665106, 0.056208333333325526, 0.6744999999999999, 0.3934583333333255, 0.8993333333333021, 0.8431249999999766, 0.056208333333325526, 0.44966666666665106, 0.3934583333333255, 0.9555416666666278, 0.2248333333333021, 0.5620833333333022, 0.44966666666665106, 0.11241666666665105, 0.11241666666665105, 0.5058749999999766, 0.3934583333333255, 0.44966666666665106, 1.4052083333332788, 1.4052083333332788, 0.22483333333334893, 1.3489999999999531, 2.304541666666581, 1.124166666666651, 60.929833333331565, 59.74945833333164, 61.21087499999824, 0.1686249999999766, 0.28104166666667446, 0.6744999999999999, 0.11241666666665105, 0.2248333333333021, 0.056208333333325526, 59.97429166666494, 61.60433333333157, 61.49191666666492, 0.1686249999999766, 0.11241666666665105, 0.5058749999999766, 0.5620833333333022, 59.41220833333164, 0.056208333333325526, 59.918083333331616, 58.96254166666499, 1.124166666666651, 62.11020833333154, 1.1803749999999764, 0.5058749999999766, 1.3489999999999531, 0.44966666666665106, 1.7424583333332786, 0.5620833333333022, 1.0117499999999533, 61.0984583333316, 0.22483333333334893, 0.44966666666665106, 0.11241666666665105, 0.2248333333333021, 61.772958333331545, 2.0797083333332784, 0.8431249999999766, 1.2927916666666277, 0.5620833333333022, 1.573833333333302, 0.7307083333333255, 0.056208333333325526, 1.236583333333302, 0.9555416666666278, 2.473166666666604, 0.056208333333325526, 0.056208333333325526, 0.3934583333333255, 60.87362499999824, 0.786916666666651, 0.11241666666665105, 0.6182916666666745, 1.9672916666666276, 0.8993333333333021, 1.2927916666666277, 62.11020833333154, 60.704999999998265, 0.3934583333333255, 0.11241666666665105, 0.11241666666665105, 0.8993333333333021, 0.1686249999999766, 1.0679583333332787, 0.3934583333333255, 1.1803749999999764, 1.236583333333302, 0.7307083333333255, 0.44966666666665106, 0.0, 0.44966666666665106, 0.11241666666665105, 1.236583333333302, 61.82916666666487, 0.11241666666665105, 0.5620833333333022, 0.28104166666667446, 0.7307083333333255, 0.8993333333333021, 1.6300416666666275, 0.5620833333333022, 0.7307083333333255, 0.5058749999999766, 0.6182916666666277, 1.0117499999999533, 0.44966666666665106, 0.7307083333333255, 0.33724999999999994, 0.2248333333333021, 0.056208333333325526, 0.5620833333333022, 0.11241666666665105, 1.0117499999999533, 0.3934583333333255, 0.22483333333334893, 1.3489999999999531, 0.22483333333334893, 0.3934583333333255, 0.5058749999999766, 0.33724999999999994, 60.142916666664924, 61.548124999998244, 0.28104166666667446, 62.39124999999822, 0.056208333333325526, 0.5058749999999766, 61.04224999999826, 62.72849999999822, 0.8431249999999766, 1.236583333333302, 0.3934583333333255, 61.88537499999824, 59.918083333331616, 1.0679583333333256, 61.548124999998244, 59.918083333331616, 0.6744999999999999, 60.536374999998245, 2.5293749999999298, 0.33724999999999994, 1.4052083333332788, 0.33724999999999994, 1.7986666666666042, 0.11241666666665105, 0.056208333333325526, 1.7424583333332786, 1.6862499999999532, 0.5058749999999766, 0.7307083333333255, 0.2248333333333021, 0.8993333333333021, 0.056208333333325526, 0.8431249999999766, 0.22483333333334893, 1.0679583333332787, 0.056208333333325526, 0.7307083333333255, 0.786916666666651, 1.4614166666666042, 0.2248333333333021, 0.11241666666665105, 0.28104166666667446, 1.7424583333332786, 1.6300416666666275, 0.44966666666665106, 1.0679583333332787, 0.3934583333333255, 1.0679583333332787, 0.1686249999999766, 0.3934583333333255, 0.44966666666665106, 0.5058749999999766, 0.3934583333333255, 0.056208333333325526, 0.1686249999999766, 0.8431249999999766, 0.6182916666666745, 2.135916666666604, 1.7986666666666042, 0.5058749999999766, 0.8431249999999766, 0.33724999999999994, 0.11241666666665105, 0.6744999999999999, 1.2927916666666277, 0.11241666666665105, 0.0, 61.0984583333316, 0.6182916666666745, 1.461416666666651, 61.49191666666492, 0.8993333333333021, 1.8548749999999299, 0.6182916666666745, 2.1921249999999297, 0.056208333333325526, 0.44966666666665106, 0.0, 0.5620833333333022, 0.9555416666666278, 59.918083333331616, 1.3489999999999531, 0.11241666666665105, 1.6862499999999532, 1.0679583333332787, 0.786916666666651, 0.11241666666665105, 0.22483333333334893, 0.786916666666651, 0.056208333333325526, 0.8431249999999766, 2.135916666666604, 0.33724999999999994, 0.1686249999999766, 0.056208333333325526, 1.4052083333332788, 0.28104166666667446, 0.1686249999999766, 1.236583333333302, 0.786916666666651, 1.461416666666651, 0.1686249999999766, 0.6182916666666745, 0.9555416666666278, 1.236583333333302, 1.3489999999999531, 1.2927916666666277, 1.4614166666666042, 0.786916666666651, 0.786916666666651, 0.0, 0.3934583333333255, 0.8431249999999766, 0.6182916666666745, 0.33724999999999994, 1.6300416666666275, 2.6979999999999063, 1.2927916666666277, 1.9110833333333022, 0.33724999999999994, 1.0679583333333256, 0.44966666666665106, 0.22483333333334893, 0.7307083333333255, 0.6744999999999999, 0.33724999999999994, 0.6182916666666745, 0.6182916666666277, 1.9672916666666276, 0.6744999999999999, 0.44966666666665106, 0.44966666666665106, 0.8993333333333021, 0.33724999999999994, 1.2927916666666277, 1.4052083333332788, 0.5058749999999766, 0.6744999999999999, 0.0, 1.1803749999999764, 0.5058749999999766, 0.7307083333333255, 0.7307083333333255, 0.786916666666651, 0.6744999999999999, 0.786916666666651, 0.056208333333325526, 0.056208333333325526, 0.28104166666667446, 0.44966666666665106, 0.11241666666665105, 1.0117499999999533, 1.0679583333333256, 1.236583333333302, 0.8993333333333021, 0.0, 1.236583333333302, 0.6182916666666745, 0.3934583333333255, 1.0117499999999533, 0.7307083333333255, 0.44966666666665106, 0.786916666666651, 60.311541666664944, 59.74945833333164, 0.786916666666651, 0.5058749999999766, 0.5058749999999766, 0.6744999999999999, 0.2248333333333021, 0.7307083333333255, 0.11241666666665105, 0.0, 0.8993333333333021, 0.44966666666665106, 0.28104166666667446, 0.6744999999999999, 0.8993333333333021, 0.44966666666665106, 0.5058749999999766, 61.21087499999824, 0.3934583333333255, 61.379499999998224, 0.44966666666665106, 1.5176249999999767, 0.1686249999999766, 60.986041666664896, 1.7986666666666042, 0.8993333333333021, 2.2483333333332554, 1.6862499999999532, 0.33724999999999994, 0.056208333333325526, 0.11241666666665105, 0.056208333333325526, 1.0679583333333256, 0.11241666666665105, 0.7307083333333255, 0.9555416666666278, 0.8993333333333021, 1.0117499999999533, 0.1686249999999766, 0.8431249999999766, 0.33724999999999994, 1.2927916666666277, 0.3934583333333255, 0.6182916666666745, 0.5058749999999766, 0.056208333333325526, 0.28104166666667446, 0.11241666666665105, 0.786916666666651, 0.5058749999999766, 0.11241666666665105, 2.4169583333332785, 1.5176249999999767, 0.7307083333333255, 0.056208333333325526, 0.7307083333333255, 0.5620833333333022, 0.056208333333325526, 1.1803749999999764, 0.28104166666667446, 1.3489999999999531, 1.0117499999999533, 1.236583333333302, 0.3934583333333255, 0.28104166666667446, 0.5058749999999766, 61.772958333331545, 0.786916666666651, 0.22483333333334893, 61.379499999998224, 0.786916666666651, 0.7307083333333255, 61.0984583333316, 60.59258333333162, 60.48016666666492, 0.1686249999999766, 1.1803749999999764, 1.0679583333332787, 0.7307083333333255, 0.33724999999999994, 0.28104166666667446, 1.3489999999999531, 0.8431249999999766, 0.6744999999999999, 0.6182916666666745, 1.7986666666666042, 0.9555416666666278, 60.87362499999824, 0.6744999999999999, 0.1686249999999766, 0.11241666666665105, 61.21087499999824, 60.704999999998265, 0.7307083333333255, 0.8431249999999766, 0.9555416666666278, 0.11241666666665105, 0.1686249999999766, 2.0234999999999532, 0.44966666666665106, 0.33724999999999994, 0.056208333333325526, 0.1686249999999766, 0.0, 1.573833333333302, 0.9555416666666278, 1.1803749999999764, 0.7307083333333255, 0.1686249999999766, 0.7307083333333255, 1.6300416666666275, 0.8431249999999766, 1.0117499999999533, 0.5058749999999766, 0.8993333333333021, 0.1686249999999766, 0.7307083333333255, 0.6182916666666277, 1.3489999999999531, 0.7307083333333255, 0.056208333333325526, 0.28104166666667446, 0.9555416666666278, 0.056208333333325526, 1.0117499999999533, 0.1686249999999766, 0.28104166666667446, 0.1686249999999766, 0.2248333333333021, 0.1686249999999766, 0.44966666666665106, 0.28104166666667446, 0.3934583333333255, 62.784708333331544, 61.0984583333316, 0.1686249999999766, 0.5620833333333022, 60.142916666664924, 1.0679583333333256, 1.4052083333332788, 0.7307083333333255, 0.28104166666667446, 1.573833333333302, 0.11241666666665105, 0.5620833333333022, 0.44966666666665106, 1.8548749999999299, 1.124166666666651, 0.5620833333333022, 1.7424583333332786, 0.786916666666651, 0.11241666666665105, 0.22483333333334893, 1.4052083333332788, 0.3934583333333255, 2.2483333333332554, 1.7986666666666042, 1.1803749999999764, 0.1686249999999766, 1.236583333333302, 0.3934583333333255, 0.056208333333325526, 1.3489999999999531, 0.5058749999999766, 1.0679583333332787, 0.44966666666665106, 60.48016666666492, 0.11241666666665105, 0.11241666666665105, 1.7424583333332786, 0.1686249999999766, 1.4614166666666042, 0.6182916666666745, 0.6182916666666745, 0.056208333333325526, 1.3489999999999531, 1.461416666666651, 0.786916666666651, 60.536374999998245, 2.0797083333332784, 0.8431249999999766, 0.056208333333325526, 0.056208333333325526, 1.5176249999999767, 1.461416666666651, 0.33724999999999994, 0.9555416666666278, 0.22483333333334893, 1.236583333333302, 0.11241666666665105, 0.28104166666667446, 0.5620833333333022, 62.27883333333152, 0.44966666666665106, 0.7307083333333255, 0.056208333333325526, 0.6182916666666745, 0.5058749999999766, 0.786916666666651, 0.1686249999999766, 0.2248333333333021, 0.5620833333333022, 62.39124999999822, 59.52462499999829, 0.9555416666666278, 0.6182916666666277, 1.1803749999999764, 0.6182916666666745, 1.2927916666666277, 0.28104166666667446, 0.5058749999999766, 0.33724999999999994, 0.5620833333333022, 1.0679583333332787, 0.8431249999999766, 0.33724999999999994, 1.8548749999999299, 59.861874999998285, 0.11241666666665105, 1.1803749999999764, 0.0, 1.0679583333333256, 1.7986666666666042, 60.64879166666494, 0.44966666666665106, 0.7307083333333255, 0.5620833333333022, 0.5620833333333022, 0.1686249999999766, 0.5058749999999766, 0.0, 1.236583333333302, 0.44966666666665106, 0.0, 2.360749999999953, 0.786916666666651, 0.1686249999999766, 0.7307083333333255, 0.5058749999999766, 0.5058749999999766, 0.1686249999999766, 0.786916666666651, 0.0, 0.8431249999999766, 0.1686249999999766, 0.44966666666665106, 1.2927916666666277, 1.4614166666666042, 0.8431249999999766, 0.11241666666665105, 0.5058749999999766, 0.33724999999999994, 0.2248333333333021, 0.1686249999999766, 1.2927916666666277, 0.1686249999999766, 0.2248333333333021, 0.2248333333333021, 0.44966666666665106, 0.056208333333325526, 0.28104166666667446, 1.4052083333332788, 0.9555416666666278, 59.41220833333164, 0.33724999999999994, 0.33724999999999994, 60.87362499999824, 61.26708333333156, 0.3934583333333255, 0.8431249999999766, 0.3934583333333255, 0.786916666666651, 0.1686249999999766, 0.786916666666651, 61.26708333333156, 0.0, 60.704999999998265, 61.6605416666649, 61.60433333333157, 0.5620833333333022, 60.311541666664944, 62.27883333333152, 60.086708333331586, 0.0, 0.3934583333333255, 60.929833333331565, 0.8431249999999766, 0.9555416666666278, 0.786916666666651, 0.1686249999999766, 1.1803749999999764, 0.3934583333333255, 0.6744999999999999, 0.6744999999999999, 60.536374999998245, 59.918083333331616, 0.0, 59.918083333331616, 0.0, 0.33724999999999994, 1.573833333333302, 0.2248333333333021, 0.8993333333333021, 1.1803749999999764, 2.0797083333332784, 0.28104166666667446, 61.60433333333157, 60.59258333333162, 59.97429166666494, 0.5620833333333022, 0.8993333333333021, 61.379499999998224, 0.7307083333333255, 0.6744999999999999, 0.28104166666667446, 60.986041666664896, 0.7307083333333255, 59.97429166666494, 1.0679583333333256, 0.8431249999999766, 0.056208333333325526, 0.3934583333333255, 0.7307083333333255, 0.9555416666666278, 60.25533333333162, 60.704999999998265, 0.8431249999999766, 1.1803749999999764, 0.33724999999999994, 61.71674999999822, 0.5058749999999766, 0.11241666666665105, 0.056208333333325526, 0.7307083333333255, 1.4052083333332788, 0.8993333333333021, 0.8431249999999766, 62.3350416666649, 63.1219583333315, 60.25533333333162, 60.986041666664896, 0.8993333333333021, 60.64879166666494, 62.16641666666487, 0.8993333333333021, 0.44966666666665106, 0.7307083333333255, 0.6182916666666745, 0.056208333333325526, 1.2927916666666277, 0.44966666666665106, 2.0797083333332784, 1.2927916666666277, 0.5058749999999766, 1.3489999999999531, 0.33724999999999994, 0.1686249999999766, 0.8431249999999766, 0.7307083333333255, 0.1686249999999766, 0.056208333333325526, 61.21087499999824, 60.64879166666494, 1.0679583333333256, 61.379499999998224, 0.9555416666666278, 0.0, 1.3489999999999531, 0.3934583333333255, 1.0117499999999533, 0.3934583333333255, 0.6182916666666745, 0.2248333333333021, 2.360749999999906, 0.0, 0.2248333333333021, 0.5620833333333022, 1.124166666666651, 0.8993333333333021, 0.28104166666667446, 0.44966666666665106, 1.5176249999999767, 0.5058749999999766, 0.7307083333333255, 0.7307083333333255, 0.7307083333333255, 1.1803749999999764, 0.6744999999999999, 0.9555416666666278, 0.33724999999999994, 1.236583333333302, 0.33724999999999994, 0.3934583333333255, 0.5620833333333022, 1.236583333333302, 61.26708333333156, 60.48016666666492, 0.5058749999999766, 0.056208333333325526, 0.7307083333333255, 0.5058749999999766, 0.786916666666651, 0.9555416666666278, 0.6744999999999999, 0.056208333333325526, 0.056208333333325526, 0.7307083333333255, 0.2248333333333021, 0.11241666666665105, 0.8431249999999766, 0.33724999999999994, 0.6182916666666745, 1.6862499999999532, 0.7307083333333255, 0.056208333333325526, 61.548124999998244, 60.761208333331595, 61.0984583333316, 0.8993333333333021, 0.44966666666665106, 0.22483333333334893, 0.33724999999999994, 0.3934583333333255, 0.056208333333325526, 0.1686249999999766, 1.124166666666651, 0.1686249999999766, 60.48016666666492, 0.5620833333333022, 60.311541666664944, 1.0117499999999533, 0.3934583333333255, 0.7307083333333255, 0.11241666666665105, 0.786916666666651, 0.786916666666651, 0.28104166666667446, 1.6862499999999532, 1.1803749999999764, 0.7307083333333255, 1.236583333333302, 0.8431249999999766, 0.1686249999999766, 0.22483333333334893, 0.056208333333325526, 0.5620833333333022, 1.236583333333302, 1.124166666666651, 0.786916666666651, 0.2248333333333021, 0.1686249999999766, 0.44966666666665106, 0.22483333333334893, 2.473166666666604, 60.59258333333162, 1.2927916666666277, 0.3934583333333255, 1.6300416666666275, 0.5058749999999766, 1.124166666666651, 0.44966666666665106, 0.786916666666651, 0.5058749999999766, 0.3934583333333255, 61.15466666666492, 0.1686249999999766, 0.1686249999999766, 1.6300416666666275, 0.5058749999999766, 0.8431249999999766, 60.929833333331565, 60.986041666664896, 0.3934583333333255, 0.8993333333333021, 0.8431249999999766, 0.1686249999999766, 0.8431249999999766, 0.056208333333325526, 0.3934583333333255, 1.573833333333302, 1.124166666666651, 0.7307083333333255, 1.3489999999999531, 0.2248333333333021, 0.5058749999999766, 0.33724999999999994, 0.2248333333333021, 1.7986666666666042, 13646.48399999961, 0.11241666666665105, 0.6744999999999999, 0.5058749999999766, 0.7307083333333255, 60.986041666664896, 1.6862499999999532, 60.086708333331586, 59.468416666664965, 0.786916666666651, 1.3489999999999531, 2.1921249999999297, 0.9555416666666278, 0.33724999999999994, 60.142916666664924, 0.6182916666666745, 0.9555416666666278, 1.6300416666666275, 1.236583333333302, 0.28104166666667446, 0.786916666666651, 0.9555416666666278, 0.11241666666665105, 1.4052083333332788, 0.11241666666665105, 0.8993333333333021, 0.3934583333333255, 0.3934583333333255, 1.1803749999999764, 0.33724999999999994, 0.33724999999999994, 0.33724999999999994, 0.1686249999999766, 1.0117499999999533, 0.8431249999999766, 60.929833333331565, 0.7307083333333255, 60.536374999998245, 0.7307083333333255, 0.056208333333325526, 0.786916666666651, 0.11241666666665105, 0.5058749999999766, 2.4169583333332785, 0.9555416666666278, 1.6862499999999532, 0.5058749999999766, 0.3934583333333255, 1.2927916666666277, 0.28104166666667446, 0.33724999999999994, 0.22483333333334893, 0.22483333333334893, 0.44966666666665106, 61.49191666666492, 60.536374999998245, 0.5058749999999766, 0.33724999999999994, 1.0679583333333256, 0.5620833333333022, 0.33724999999999994, 62.39124999999822, 1.573833333333302, 0.11241666666665105, 0.22483333333334893, 1.5176249999999767, 1.9672916666666276, 0.3934583333333255, 1.1803749999999764, 0.2248333333333021, 0.9555416666666278, 0.3934583333333255, 0.11241666666665105, 0.7307083333333255, 1.9110833333332555, 0.44966666666665106, 0.3934583333333255, 0.6744999999999999, 0.056208333333325526, 1.0117499999999533, 0.44966666666665106, 61.49191666666492, 0.11241666666665105, 59.299791666664945, 0.22483333333334893, 0.5620833333333022, 59.18737499999829, 60.59258333333162, 1.9672916666666276, 0.2248333333333021, 0.3934583333333255, 1.0117499999999533, 0.1686249999999766, 0.2248333333333021, 0.1686249999999766, 0.056208333333325526, 0.6744999999999999, 1.4052083333332788, 0.28104166666667446, 1.8548749999999299, 0.056208333333325526, 0.33724999999999994, 0.28104166666667446, 0.0, 0.786916666666651, 0.33724999999999994, 0.28104166666667446, 1.4052083333332788, 0.28104166666667446, 1.6862499999999532, 61.21087499999824, 1.2927916666666277, 61.548124999998244, 0.3934583333333255, 0.5620833333333022, 1.6862499999999532, 60.48016666666492, 0.5620833333333022, 61.21087499999824, 1.2927916666666277, 1.3489999999999531, 0.28104166666667446, 60.142916666664924, 0.056208333333325526, 0.11241666666665105, 0.33724999999999994, 0.9555416666666278, 59.01874999999832, 0.0, 60.311541666664944, 0.056208333333325526, 0.3934583333333255, 0.3934583333333255, 0.8993333333333021, 1.2927916666666277, 0.1686249999999766, 2.9790416666665807, 1.7986666666666042, 0.11241666666665105, 1.573833333333302, 1.3489999999999531, 0.6182916666666745, 0.1686249999999766, 0.0, 1.4052083333332788, 59.74945833333164, 0.28104166666667446, 0.28104166666667446, 60.929833333331565, 0.3934583333333255, 0.9555416666666278, 0.28104166666667446, 0.8993333333333021, 0.22483333333334893, 0.056208333333325526, 1.6862499999999532, 1.1803749999999764, 61.15466666666492, 60.704999999998265, 1.236583333333302, 0.1686249999999766, 1.4052083333332788, 1.7424583333332786, 0.8993333333333021, 0.786916666666651, 2.810416666666604, 0.5058749999999766, 0.7307083333333255, 0.786916666666651, 1.124166666666651, 0.056208333333325526, 1.3489999999999531, 0.1686249999999766, 60.086708333331586, 1.6862499999999532, 0.1686249999999766, 0.28104166666667446, 60.87362499999824, 60.64879166666494, 60.704999999998265, 0.28104166666667446, 1.0679583333332787, 0.33724999999999994, 0.3934583333333255, 0.6744999999999999, 0.056208333333325526, 0.3934583333333255, 0.5620833333333022, 59.918083333331616, 1.4052083333332788, 0.8993333333333021, 0.2248333333333021, 0.056208333333325526, 0.8431249999999766, 0.5058749999999766, 1.6300416666666275, 0.33724999999999994, 0.6182916666666745, 1.9110833333332555, 1.236583333333302, 0.6182916666666745, 1.4614166666666042, 0.8993333333333021, 0.6182916666666745, 0.786916666666651, 0.11241666666665105, 0.33724999999999994, 0.056208333333325526, 0.056208333333325526, 0.786916666666651, 1.9672916666666276, 1.7424583333332786, 1.1803749999999764, 0.6744999999999999, 0.8431249999999766, 0.0, 0.1686249999999766, 0.1686249999999766, 0.28104166666667446, 0.0, 0.28104166666667446, 1.0117499999999533, 0.22483333333334893, 0.33724999999999994, 0.11241666666665105, 0.28104166666667446, 0.8993333333333021, 1.236583333333302, 1.7424583333332786, 1.236583333333302, 0.7307083333333255, 0.5620833333333022, 59.80566666666496, 0.6182916666666745, 59.074958333331644, 0.44966666666665106, 0.11241666666665105, 0.5620833333333022, 1.1803749999999764, 1.236583333333302, 0.6182916666666745, 1.124166666666651, 0.6182916666666277, 0.1686249999999766, 0.8431249999999766, 1.0679583333332787, 1.4052083333332788, 0.33724999999999994, 1.2927916666666277, 0.9555416666666278, 0.11241666666665105, 1.236583333333302, 0.11241666666665105, 0.44966666666665106, 61.49191666666492, 61.0984583333316, 0.0, 0.8431249999999766, 0.1686249999999766, 1.124166666666651, 0.8993333333333021, 1.0679583333333256, 1.1803749999999764, 1.0679583333333256, 0.3934583333333255, 0.3934583333333255, 0.3934583333333255, 1.124166666666651, 0.786916666666651, 0.0, 0.1686249999999766, 1.124166666666651, 0.5058749999999766, 1.236583333333302, 1.0117499999999533, 0.1686249999999766, 0.11241666666665105, 1.0117499999999533, 0.11241666666665105, 2.135916666666604, 0.44966666666665106, 0.44966666666665106, 0.0, 0.8431249999999766, 1.0117499999999533, 0.056208333333325526, 1.6862499999999532, 0.1686249999999766, 0.33724999999999994, 1.2927916666666277, 0.056208333333325526, 2.304541666666581, 0.44966666666665106, 1.236583333333302, 0.11241666666665105, 0.1686249999999766, 0.6182916666666745, 0.28104166666667446, 59.41220833333164, 0.1686249999999766, 0.11241666666665105, 0.5620833333333022, 1.573833333333302, 0.5620833333333022, 61.379499999998224, 60.761208333331595, 0.44966666666665106, 0.11241666666665105, 0.44966666666665106, 0.6744999999999999, 0.8993333333333021, 0.2248333333333021, 0.6182916666666745, 0.8993333333333021, 0.0, 0.6744999999999999, 2.0234999999999532, 0.8993333333333021, 0.5620833333333022, 0.7307083333333255, 0.44966666666665106, 1.5176249999999767, 0.7307083333333255, 0.6744999999999999, 0.5620833333333022, 0.786916666666651, 0.3934583333333255, 0.7307083333333255, 1.0679583333332787, 0.6182916666666277, 0.0, 0.2248333333333021, 0.786916666666651, 0.5058749999999766, 0.2248333333333021, 1.0679583333333256, 0.0, 0.8431249999999766, 0.5058749999999766, 0.5058749999999766, 0.6744999999999999, 0.28104166666667446, 0.5620833333333022, 1.124166666666651, 1.7424583333332786, 0.9555416666666278, 1.8548749999999299, 0.7307083333333255, 0.9555416666666278, 0.5058749999999766, 1.124166666666651, 0.11241666666665105, 0.3934583333333255, 0.786916666666651, 0.6744999999999999, 61.379499999998224, 1.573833333333302, 0.1686249999999766, 0.1686249999999766, 0.44966666666665106, 0.6744999999999999, 61.49191666666492, 60.986041666664896, 0.11241666666665105, 0.7307083333333255, 1.0117499999999533, 61.71674999999822, 0.33724999999999994, 62.72849999999822, 0.11241666666665105, 60.59258333333162, 59.693249999998265, 59.918083333331616, 59.074958333331644, 59.861874999998285, 0.33724999999999994, 0.28104166666667446, 0.786916666666651, 1.7424583333332786, 0.056208333333325526, 0.0, 0.33724999999999994, 1.5176249999999767, 0.3934583333333255, 0.1686249999999766, 0.786916666666651, 0.5620833333333022, 0.9555416666666278, 1.124166666666651, 1.124166666666651, 2.135916666666604, 0.28104166666667446, 0.6744999999999999, 0.1686249999999766, 1.6300416666666275, 0.8431249999999766, 0.5620833333333022, 1.2927916666666277, 2.2483333333332554, 1.124166666666651, 0.0, 0.8993333333333021, 0.28104166666667446, 0.28104166666667446, 0.28104166666667446, 0.6744999999999999, 1.573833333333302, 0.8431249999999766, 0.11241666666665105, 2.473166666666604, 0.11241666666665105, 1.124166666666651, 0.0, 1.573833333333302, 0.8993333333333021, 1.6300416666666275, 2.86662499999993, 1.3489999999999531, 0.11241666666665105, 0.7307083333333255, 0.44966666666665106, 0.44966666666665106, 0.6744999999999999, 0.5620833333333022, 1.573833333333302, 0.786916666666651, 0.7307083333333255, 0.3934583333333255, 0.0, 1.0117499999999533, 0.44966666666665106, 0.0, 0.6744999999999999, 0.3934583333333255, 0.44966666666665106, 1.8548749999999299, 0.056208333333325526, 60.704999999998265, 60.25533333333162, 1.1803749999999764, 0.056208333333325526, 0.3934583333333255, 0.44966666666665106, 1.7986666666666042, 0.5620833333333022, 1.6300416666666275, 0.0, 1.4052083333332788, 0.28104166666667446, 0.44966666666665106, 0.44966666666665106, 1.2927916666666277, 0.5058749999999766, 0.5058749999999766, 0.6182916666666745, 0.3934583333333255, 0.3934583333333255, 1.1803749999999764, 1.7986666666666042, 1.0117499999999533, 0.11241666666665105, 0.6182916666666745, 1.3489999999999531, 0.44966666666665106, 1.124166666666651, 0.786916666666651, 0.7307083333333255, 1.3489999999999531, 0.6182916666666745, 0.5058749999999766, 0.5620833333333022, 0.2248333333333021, 60.25533333333162, 0.5620833333333022, 58.850124999998286, 0.11241666666665105, 1.1803749999999764, 0.8431249999999766, 0.5620833333333022, 0.1686249999999766, 2.2483333333332554, 0.2248333333333021, 0.786916666666651, 0.1686249999999766, 0.22483333333334893, 1.573833333333302, 60.311541666664944, 61.0984583333316, 0.5058749999999766, 0.44966666666665106, 1.0679583333333256, 0.2248333333333021, 0.28104166666667446, 0.22483333333334893, 60.986041666664896, 60.929833333331565, 0.6182916666666745, 1.5176249999999767, 59.74945833333164, 1.7986666666666042, 0.5058749999999766, 0.6182916666666745, 0.8431249999999766, 1.7986666666666042, 0.6744999999999999, 0.44966666666665106, 0.11241666666665105, 0.5620833333333022, 0.056208333333325526, 0.22483333333334893, 1.236583333333302, 2.4169583333332785, 1.0117499999999533, 1.4052083333332788, 0.7307083333333255, 0.3934583333333255, 0.11241666666665105, 0.5620833333333022, 1.236583333333302, 0.11241666666665105, 0.1686249999999766, 1.5176249999999767, 0.2248333333333021, 1.6300416666666275, 0.1686249999999766, 0.8993333333333021, 0.11241666666665105, 1.1803749999999764, 0.9555416666666278, 0.6182916666666277, 2.5293749999999298, 0.6744999999999999, 0.33724999999999994, 0.11241666666665105, 1.573833333333302, 1.124166666666651, 0.33724999999999994, 0.0, 1.5176249999999767, 1.573833333333302, 0.056208333333325526, 0.28104166666667446, 0.1686249999999766, 2.135916666666604, 0.8431249999999766, 0.056208333333325526, 0.44966666666665106, 1.0117499999999533, 0.9555416666666278, 1.4614166666666042, 1.236583333333302, 0.7307083333333255, 0.5058749999999766, 0.7307083333333255, 61.379499999998224, 60.704999999998265, 0.056208333333325526, 0.5058749999999766, 59.63704166666494, 60.64879166666494, 1.5176249999999767, 61.21087499999824, 0.8993333333333021, 1.124166666666651, 1.1803749999999764, 0.7307083333333255, 0.056208333333325526, 0.056208333333325526, 1.3489999999999531, 0.8993333333333021, 0.056208333333325526, 0.33724999999999994, 0.056208333333325526, 1.4052083333332788, 0.44966666666665106, 0.5620833333333022, 1.3489999999999531, 2.0234999999999532, 0.5058749999999766, 0.28104166666667446, 0.1686249999999766, 1.124166666666651, 2.810416666666604, 0.44966666666665106, 0.22483333333334893, 0.44966666666665106, 0.22483333333334893, 0.9555416666666278, 0.3934583333333255, 0.056208333333325526, 0.44966666666665106, 0.7307083333333255, 0.539600000000015, 0.08993333333332335, 0.8993333333333458, 0.4946333333333159, 49.64319999999996, 0.4946333333333533, 0.5845666666666767, 49.14856666666664, 47.48479999999997, 0.7194666666666617, 1.2590666666666765, 48.83379999999997, 47.57473333333329, 0.17986666666668413, 48.608966666666625, 0.539600000000015, 0.4046999999999925, 0.4946333333333159, 0.17986666666668413, 1.5288666666666468, 0.8543666666666466, 1.5288666666666468, 0.7644333333333234, 0.04496666666666167, 0.2698000000000075, 0.8993333333333458, 0.31476666666666914, 0.1798666666666467, 0.2248333333333458, 0.2248333333333458, 0.08993333333332335, 0.31476666666666914, 0.5845666666666767, 2.0235, 0.809399999999985, 0.4946333333333533, 0.539600000000015, 0.539600000000015, 48.294199999999954, 47.66466666666662, 0.9892666666666691, 0.0, 1.4838999999999851, 0.6745, 1.349, 0.6745, 0.4046999999999925, 0.4046999999999925, 0.7194666666666617, 47.75459999999998, 1.8885999999999776, 0.08993333333332335, 48.114333333333306, 49.23849999999996, 47.75459999999998, 47.39486666666661, 0.539600000000015, 0.13489999999998503, 47.79956666666664, 48.698899999999945, 47.57473333333329, 47.889499999999956, 1.6188000000000076, 48.83379999999997, 47.889499999999956, 48.653933333333285, 48.653933333333285, 0.1798666666666467, 48.249233333333294, 47.66466666666662, 1.034233333333331, 48.968699999999956, 47.66466666666662, 47.439833333333304, 0.7644333333333234, 0.4946333333333159, 0.5845666666666767, 0.539600000000015, 49.14856666666664, 48.653933333333285, 48.47406666666664, 0.13489999999998503, 49.14856666666664, 1.034233333333331, 0.35973333333333085, 0.6295333333333383, 0.1798666666666467, 0.2698000000000075, 0.2248333333333458, 1.349, 0.2698000000000075, 0.0, 0.1798666666666467, 0.4046999999999925, 0.9443000000000075, 1.6188000000000076, 0.08993333333332335, 0.44966666666665417, 0.539600000000015, 0.4946333333333533, 49.23849999999996, 49.23849999999996, 1.349, 0.13489999999998503, 49.013666666666616, 48.923733333333296, 0.17986666666668413, 48.249233333333294, 0.2698000000000075, 0.08993333333332335, 47.79956666666664, 1.1241666666666543, 0.0, 1.5738333333333459, 47.97943333333328, 0.35973333333333085, 0.809399999999985, 0.5845666666666767, 0.9443000000000075, 0.2248333333333458, 48.42909999999998, 47.66466666666662, 0.4046999999999925, 47.39486666666661, 1.1241666666666543, 47.57473333333329, 48.83379999999997, 48.33916666666662, 0.08993333333332335, 49.46333333333331, 0.35973333333333085, 1.3040333333333383, 0.9443000000000075, 1.0791999999999926, 0.4946333333333533, 0.6295333333333383, 0.7194666666666617, 48.923733333333296, 0.5845666666666767, 0.0, 0.31476666666666914, 0.7194666666666617, 0.6295333333333383, 1.663766666666669, 0.44966666666665417, 0.0, 0.9892666666666691, 0.04496666666666167, 1.5288666666666468, 1.0791999999999926, 0.35973333333333085, 0.35973333333333085, 0.08993333333332335, 0.8543666666666466, 49.41836666666661, 47.439833333333304, 0.04496666666666167, 0.04496666666666167, 0.7194666666666617, 0.08993333333332335, 48.653933333333285, 1.6188000000000076, 0.539600000000015, 1.349, 0.35973333333333085, 0.2698000000000075, 0.2698000000000075, 0.6745, 0.6295333333333383, 0.6745, 47.889499999999956, 0.2248333333333458, 0.809399999999985, 0.8543666666666841, 0.9892666666666691, 0.44966666666665417, 0.13489999999998503, 1.034233333333331, 0.4946333333333159, 0.9443000000000075, 1.1241666666666543, 47.21499999999997, 0.13489999999998503, 1.1691333333333533, 48.653933333333285, 0.2698000000000075, 0.6295333333333383, 48.698899999999945, 0.4946333333333533, 1.1691333333333158, 1.034233333333331, 0.2698000000000075, 0.809399999999985, 0.4946333333333533, 0.2698000000000075, 48.78883333333331, 0.809399999999985, 1.1241666666666543, 49.32843333333329, 0.2248333333333458, 0.2698000000000075, 48.42909999999998, 47.439833333333304, 47.97943333333328, 0.7194666666666617, 0.13489999999998503, 0.6745, 0.7194666666666617, 48.294199999999954, 0.0, 1.1691333333333158, 0.17986666666668413, 48.78883333333331, 0.6295333333333383, 0.539600000000015, 0.35973333333333085, 0.539600000000015, 0.4946333333333533, 0.7194666666666617, 0.44966666666665417, 1.5288666666666468, 1.7087333333333308, 0.809399999999985, 0.2698000000000075, 0.31476666666666914, 1.4838999999999851, 1.0791999999999926, 0.8543666666666466, 0.5845666666666767, 1.0791999999999926, 0.08993333333332335, 0.1798666666666467, 0.539600000000015, 0.4046999999999925, 0.7644333333333234, 48.294199999999954, 0.539600000000015, 0.539600000000015, 0.4046999999999925, 0.9892666666666691, 0.9892666666666691, 0.1798666666666467, 47.97943333333328, 48.923733333333296, 0.7194666666666617, 48.56399999999996, 0.2248333333333458, 48.114333333333306, 0.6745, 0.44966666666665417, 0.9443000000000075, 0.539600000000015, 0.04496666666666167, 48.42909999999998, 0.31476666666666914, 48.56399999999996, 47.8445333333333, 48.249233333333294, 0.2248333333333458, 0.04496666666666167, 0.9892666666666691, 0.4946333333333159, 49.5982333333333, 48.33916666666662, 48.56399999999996, 48.698899999999945, 47.79956666666664, 0.08993333333332335, 47.79956666666664, 0.04496666666666167, 0.08993333333332335, 48.608966666666625, 47.93446666666662, 0.7644333333333234, 0.44966666666665417, 47.75459999999998, 0.7194666666666617, 1.3040333333333383, 48.47406666666664, 48.02439999999994, 49.37339999999995, 48.114333333333306, 48.743866666666605, 49.05863333333328, 0.4946333333333159, 48.294199999999954, 0.2698000000000075, 0.4946333333333159, 0.2248333333333458, 47.79956666666664, 48.78883333333331, 0.17986666666668413, 1.1691333333333158, 0.2698000000000075, 0.6295333333333383, 0.2248333333333458, 1.2590666666666765, 0.539600000000015, 0.9892666666666691, 0.4946333333333533, 0.2698000000000075, 0.6745, 1.2590666666666765, 0.809399999999985, 1.214100000000015, 0.6745, 0.4046999999999925, 0.44966666666665417, 0.08993333333332335, 0.31476666666666914, 0.17986666666668413, 0.539600000000015, 0.7194666666666617, 0.5845666666666767, 0.35973333333333085, 0.6745, 0.6745, 1.1241666666666543, 0.809399999999985, 0.1798666666666467, 1.214100000000015, 1.4838999999999851, 0.6295333333333383, 0.7644333333333234, 0.539600000000015, 0.04496666666666167, 0.44966666666665417, 48.5190333333333, 1.4389333333333234, 0.7644333333333234, 0.2698000000000075, 0.04496666666666167, 48.114333333333306, 0.6295333333333383, 0.539600000000015, 0.1798666666666467, 0.4046999999999925, 49.10359999999997, 48.249233333333294, 49.013666666666616, 1.7536999999999925, 0.539600000000015, 0.04496666666666167, 0.04496666666666167, 0.6295333333333383, 0.31476666666666914, 49.64319999999996, 0.44966666666665417, 0.31476666666666914, 1.214100000000015, 1.2590666666666765, 0.2248333333333458, 0.31476666666666914, 0.6745, 0.13489999999998503, 1.3939666666666615, 0.6295333333333383, 0.08993333333332335, 0.5845666666666767, 0.5845666666666767, 1.1241666666666543, 0.2248333333333458, 0.6745, 0.2248333333333458, 0.809399999999985, 0.13489999999998503, 1.2590666666666765, 0.1798666666666467, 0.6295333333333383, 0.1798666666666467, 0.8543666666666466, 0.2698000000000075, 1.214100000000015, 47.79956666666664, 48.42909999999998, 48.743866666666605, 0.4946333333333159, 1.4838999999999851, 0.6295333333333383, 1.843633333333316, 47.8445333333333, 0.7194666666666617, 0.7644333333333234, 48.56399999999996, 1.034233333333331, 1.2590666666666765, 46.85526666666663, 0.44966666666665417, 0.7644333333333234, 1.1691333333333533, 1.3040333333333383, 48.0693666666666, 48.653933333333285, 0.08993333333332335, 47.08009999999998, 0.6745, 0.04496666666666167, 48.294199999999954, 48.02439999999994, 48.78883333333331, 0.6295333333333383, 0.5845666666666767, 47.66466666666662, 47.93446666666662, 47.57473333333329, 0.0, 0.5845666666666767, 48.698899999999945, 48.608966666666625, 47.8445333333333, 47.70963333333328, 48.698899999999945, 48.294199999999954, 48.698899999999945, 0.7194666666666617, 1.0791999999999926, 0.44966666666665417, 47.57473333333329, 48.698899999999945, 48.608966666666625, 48.33916666666662, 48.294199999999954, 1.034233333333331, 49.73313333333328, 47.889499999999956, 48.78883333333331, 0.13489999999998503, 0.4946333333333533, 0.539600000000015, 0.08993333333332335, 1.1241666666666543, 47.8445333333333, 0.0, 48.114333333333306, 48.249233333333294, 0.0, 0.4946333333333159, 0.04496666666666167, 1.7087333333333308, 49.32843333333329, 48.83379999999997, 49.73313333333328, 0.2248333333333458, 47.61969999999995, 49.28346666666662, 0.7194666666666617, 0.08993333333332335, 0.9892666666666691, 0.04496666666666167, 0.4046999999999925, 0.17986666666668413, 0.31476666666666914, 0.7194666666666617, 48.923733333333296, 48.0693666666666, 0.6745, 1.349, 0.08993333333332335, 0.6745, 1.6188000000000076, 1.2590666666666765, 0.31476666666666914, 0.35973333333333085, 48.42909999999998, 49.37339999999995, 0.35973333333333085, 0.9892666666666691, 47.48479999999997, 0.7644333333333234, 46.85526666666663, 48.114333333333306, 0.5845666666666767, 0.6745, 1.034233333333331, 0.8993333333333458, 0.809399999999985, 0.539600000000015, 47.66466666666662, 48.294199999999954, 0.17986666666668413, 0.809399999999985, 0.4946333333333159, 0.2248333333333458, 0.539600000000015, 0.8543666666666466, 1.1691333333333158, 0.04496666666666167, 0.4046999999999925, 0.4046999999999925, 0.9443000000000075, 0.04496666666666167, 0.2248333333333458, 48.02439999999994, 49.68816666666661, 0.13489999999998503, 0.8993333333333458, 0.31476666666666914, 0.7644333333333234, 1.2590666666666765, 0.31476666666666914, 48.294199999999954, 48.33916666666662, 0.809399999999985, 1.9785333333333381, 48.653933333333285, 0.7194666666666617, 0.7644333333333234, 0.13489999999998503, 0.04496666666666167, 0.13489999999998503, 0.539600000000015, 0.539600000000015, 47.03513333333328, 0.8993333333333458, 1.034233333333331, 0.5845666666666767, 49.32843333333329, 48.743866666666605, 48.743866666666605, 49.1935333333333, 0.31476666666666914, 48.698899999999945, 48.20426666666663, 0.2248333333333458, 0.539600000000015, 0.7194666666666617, 0.539600000000015, 48.42909999999998, 48.0693666666666, 0.539600000000015, 0.08993333333332335, 0.31476666666666914, 47.79956666666664, 0.44966666666665417, 0.04496666666666167, 48.02439999999994, 0.17986666666668413, 0.9443000000000075, 0.35973333333333085, 47.8445333333333, 49.1935333333333, 48.743866666666605, 0.8993333333333458, 0.8993333333333458, 0.08993333333332335, 0.35973333333333085, 0.35973333333333085, 0.539600000000015, 1.034233333333331, 1.3040333333333383, 47.79956666666664, 1.1691333333333158, 48.38413333333328, 48.249233333333294, 1.0791999999999926, 48.38413333333328, 0.35973333333333085, 0.6745, 1.3040333333333383, 0.35973333333333085, 0.4946333333333159, 0.539600000000015, 0.2248333333333458, 49.013666666666616, 0.7644333333333234, 0.809399999999985, 0.2698000000000075, 47.79956666666664, 47.79956666666664, 0.8543666666666466, 0.2248333333333458, 47.93446666666662, 48.38413333333328, 1.6188000000000076, 48.38413333333328, 0.9892666666666691, 47.57473333333329, 47.79956666666664, 1.2590666666666765, 47.39486666666661, 1.4389333333333234, 49.14856666666664, 0.7644333333333234, 48.33916666666662, 0.809399999999985, 0.9892666666666691, 0.2248333333333458, 0.08993333333332335, 0.5845666666666767, 0.1798666666666467, 0.04496666666666167, 0.08993333333332335, 0.6745, 0.4046999999999925, 0.4946333333333159, 0.2698000000000075, 48.20426666666663, 48.159299999999966, 0.6295333333333383, 1.1241666666666543, 0.2248333333333458, 0.44966666666665417, 0.4046999999999925, 0.08993333333332335, 1.3939666666666615, 0.5845666666666767, 0.539600000000015, 47.889499999999956, 0.04496666666666167, 0.4046999999999925, 1.034233333333331, 48.78883333333331, 48.249233333333294, 0.8543666666666466, 0.6295333333333383, 0.4946333333333159, 1.3040333333333383, 0.4046999999999925, 0.9443000000000075, 0.44966666666665417, 0.8993333333333458, 0.13489999999998503, 0.8543666666666466, 0.08993333333332335, 0.809399999999985, 0.35973333333333085, 1.034233333333331, 0.7644333333333234, 0.08993333333332335, 1.0791999999999926, 1.1241666666666543, 0.1798666666666467, 0.04496666666666167, 0.13489999999998503, 0.809399999999985, 0.13489999999998503, 0.5845666666666767, 0.31476666666666914, 0.9443000000000075, 48.968699999999956, 48.968699999999956, 0.4046999999999925, 0.2248333333333458, 0.44966666666665417, 0.9892666666666691, 0.04496666666666167, 0.31476666666666914, 0.4046999999999925, 48.608966666666625, 0.04496666666666167, 0.4946333333333533, 0.4946333333333159, 0.2698000000000075, 0.5845666666666767, 0.35973333333333085, 0.44966666666665417, 0.35973333333333085, 0.2698000000000075, 49.5982333333333, 0.35973333333333085, 0.4046999999999925, 48.294199999999954, 0.9892666666666691, 48.47406666666664, 48.878766666666635, 48.33916666666662, 47.889499999999956, 48.743866666666605, 0.31476666666666914, 0.5845666666666767, 0.31476666666666914, 49.013666666666616, 0.4946333333333159, 0.44966666666665417, 1.034233333333331, 0.4046999999999925, 0.0, 0.539600000000015, 0.08993333333332335, 0.2698000000000075, 0.4046999999999925, 0.5845666666666767, 0.04496666666666167, 0.13489999999998503, 47.8445333333333, 0.5845666666666767, 48.42909999999998, 48.294199999999954, 0.13489999999998503, 1.3040333333333383, 0.08993333333332335, 0.44966666666665417, 0.4046999999999925, 0.08993333333332335, 0.0, 0.7644333333333234, 1.5288666666666468, 1.4838999999999851, 0.1798666666666467, 47.57473333333329, 0.2248333333333458, 48.20426666666663, 48.698899999999945, 0.13489999999998503, 48.608966666666625, 0.4946333333333533, 49.14856666666664, 1.1691333333333158, 0.2698000000000075, 1.5288666666666468, 0.04496666666666167, 0.539600000000015, 48.608966666666625, 48.114333333333306, 47.93446666666662, 0.5845666666666767, 0.4046999999999925, 0.2698000000000075, 0.5845666666666767, 48.78883333333331, 0.539600000000015, 48.42909999999998, 48.294199999999954, 0.6745, 0.35973333333333085, 0.4046999999999925, 2.248333333333346, 0.04496666666666167, 0.5845666666666767, 1.0791999999999926, 0.1798666666666467, 0.04496666666666167, 48.698899999999945, 0.4946333333333533, 0.8993333333333458, 48.878766666666635, 48.114333333333306, 0.809399999999985, 47.97943333333328, 0.13489999999998503, 0.4946333333333159, 1.5288666666666468, 47.889499999999956, 0.04496666666666167, 47.66466666666662, 1.6188000000000076, 0.8543666666666466, 0.13489999999998503, 0.35973333333333085, 48.38413333333328, 0.6295333333333383, 0.7644333333333234, 0.44966666666665417, 1.5738333333333459, 47.30493333333328, 1.0791999999999926, 48.249233333333294, 0.4046999999999925, 0.2698000000000075, 0.4946333333333159, 0.5845666666666767, 0.0, 1.798666666666654, 48.114333333333306, 1.214100000000015, 1.034233333333331, 0.08993333333332335, 48.698899999999945, 0.0, 0.2698000000000075, 1.4838999999999851, 0.539600000000015, 0.9443000000000075, 0.2698000000000075, 0.31476666666666914, 47.97943333333328, 1.4838999999999851, 47.97943333333328, 48.33916666666662, 2.1134333333333233, 0.35973333333333085, 0.0, 48.20426666666663, 0.0, 0.2698000000000075, 0.2248333333333458, 0.6745, 47.57473333333329, 49.10359999999997, 0.35973333333333085, 0.04496666666666167, 0.5845666666666767, 48.5190333333333, 0.4046999999999925, 48.878766666666635, 0.13489999999998503, 0.08993333333332335, 48.78883333333331, 0.13489999999998503, 0.9892666666666691, 48.56399999999996, 48.42909999999998, 1.7536999999999925, 47.30493333333328, 0.8543666666666466, 1.0791999999999926, 0.13489999999998503, 0.31476666666666914, 0.539600000000015, 48.698899999999945, 0.35973333333333085, 0.13489999999998503, 47.75459999999998, 0.04496666666666167, 0.539600000000015, 0.2698000000000075, 0.4046999999999925, 0.809399999999985, 49.1935333333333, 49.37339999999995, 0.7644333333333234, 0.7194666666666617, 0.7194666666666617, 0.44966666666665417, 1.1691333333333158, 1.1241666666666543, 0.4046999999999925, 0.13489999999998503, 1.214100000000015, 0.13489999999998503, 0.6295333333333383, 0.44966666666665417, 0.6295333333333383, 0.08993333333332335, 0.04496666666666167, 0.4946333333333159, 49.05863333333328, 49.14856666666664, 1.3040333333333383, 48.608966666666625, 1.0791999999999926, 0.2698000000000075, 48.698899999999945, 0.2698000000000075, 1.4389333333333234, 47.25996666666663, 47.889499999999956, 0.7644333333333234, 0.8543666666666466, 0.7644333333333234, 0.9443000000000075, 0.8543666666666466, 0.31476666666666914, 0.44966666666665417, 0.8543666666666466, 48.78883333333331, 0.2248333333333458, 0.2698000000000075, 0.1798666666666467, 49.05863333333328, 48.114333333333306, 47.8445333333333, 49.013666666666616, 47.66466666666662, 48.02439999999994, 47.93446666666662, 48.114333333333306, 0.2248333333333458, 1.798666666666654, 1.0791999999999926, 0.35973333333333085, 0.4046999999999925, 0.08993333333332335, 0.2698000000000075, 0.04496666666666167, 47.48479999999997, 48.47406666666664, 0.35973333333333085, 48.83379999999997, 0.7194666666666617, 0.6745, 1.3040333333333383, 47.8445333333333, 47.93446666666662, 47.8445333333333, 0.1798666666666467, 0.4046999999999925, 0.2698000000000075, 0.9892666666666691, 48.249233333333294, 0.9892666666666691, 0.5845666666666767, 0.7644333333333234, 0.6295333333333383, 0.04496666666666167, 0.809399999999985, 47.39486666666661, 0.7194666666666617, 49.1935333333333, 48.608966666666625, 0.5845666666666767, 47.97943333333328, 0.4946333333333159, 0.2698000000000075, 1.1691333333333158, 0.6745, 0.6295333333333383, 0.08993333333332335, 0.31476666666666914, 1.0791999999999926, 0.539600000000015, 0.08993333333332335, 48.743866666666605, 0.4946333333333533, 0.35973333333333085, 0.9892666666666691, 0.31476666666666914, 0.6295333333333383, 48.608966666666625, 49.013666666666616, 0.2698000000000075, 1.034233333333331, 0.9443000000000075, 0.8543666666666466, 0.08993333333332335, 0.31476666666666914, 48.923733333333296, 0.4046999999999925, 48.743866666666605, 0.9892666666666691, 1.798666666666654, 1.1241666666666543, 47.1700333333333, 48.38413333333328, 0.04496666666666167, 48.294199999999954, 0.04496666666666167, 0.44966666666665417, 1.6188000000000076, 0.2248333333333458, 0.31476666666666914, 0.2248333333333458, 1.798666666666654, 48.47406666666664, 0.08993333333332335, 48.02439999999994, 47.57473333333329, 0.13489999999998503, 0.6745, 1.7087333333333308, 0.1798666666666467, 49.28346666666662, 48.294199999999954, 0.44966666666665417, 47.25996666666663, 48.968699999999956, 0.7644333333333234, 0.13489999999998503, 0.04496666666666167, 1.5288666666666468, 48.56399999999996, 47.12506666666664, 0.13489999999998503, 0.31476666666666914, 0.04496666666666167, 0.4046999999999925, 46.720366666666614, 48.20426666666663, 0.1798666666666467, 1.214100000000015, 0.13489999999998503, 48.0693666666666, 0.4946333333333159, 48.608966666666625, 0.9443000000000075, 1.2590666666666765, 48.38413333333328, 48.653933333333285, 1.7536999999999925, 0.5845666666666767, 0.31476666666666914, 1.0791999999999926, 48.42909999999998, 0.6745, 1.0791999999999926, 0.6745, 0.31476666666666914, 0.31476666666666914, 0.1798666666666467, 0.2698000000000075, 0.1798666666666467, 0.2248333333333458, 48.743866666666605, 0.44966666666665417, 47.75459999999998, 49.64319999999996, 48.923733333333296, 0.17986666666668413, 0.4046999999999925, 48.923733333333296, 48.608966666666625, 0.7644333333333234, 0.31476666666666914, 0.2248333333333458, 0.17986666666668413, 0.44966666666665417, 0.44966666666665417, 0.8543666666666841, 0.4046999999999925, 1.663766666666669, 1.1241666666666543, 0.4046999999999925, 49.32843333333329, 0.13489999999998503, 48.20426666666663, 0.0, 48.02439999999994, 0.31476666666666914, 47.8445333333333, 0.1798666666666467, 0.9443000000000075, 0.7194666666666617, 49.14856666666664, 0.0, 0.8993333333333458, 1.798666666666654, 0.17986666666668413, 0.44966666666665417, 46.81029999999997, 48.38413333333328, 0.31476666666666914, 0.04496666666666167, 0.6295333333333383, 1.5288666666666468, 48.33916666666662, 1.2590666666666765, 0.539600000000015, 0.7644333333333234, 47.97943333333328, 1.349, 0.4946333333333159, 48.83379999999997, 48.78883333333331, 49.64319999999996, 0.7644333333333234, 0.5845666666666767, 48.0693666666666, 0.5845666666666767, 0.539600000000015, 0.2698000000000075, 0.08993333333332335, 0.31476666666666914, 49.5982333333333, 48.743866666666605, 0.31476666666666914, 47.61969999999995, 47.889499999999956, 0.44966666666665417, 0.44966666666665417, 0.7194666666666617, 1.4389333333333234, 1.1691333333333533, 0.2698000000000075, 0.35973333333333085, 0.809399999999985, 49.77809999999994, 48.249233333333294, 49.10359999999997, 47.97943333333328, 48.33916666666662, 1.349, 47.8445333333333, 1.214100000000015, 0.6745, 0.6745, 0.6745, 0.6295333333333383, 0.35973333333333085, 0.9443000000000075, 0.31476666666666914, 48.743866666666605, 0.6295333333333383, 49.23849999999996, 48.653933333333285, 0.4046999999999925, 1.214100000000015, 1.3939666666666615, 1.1691333333333158, 0.7644333333333234, 0.4946333333333159, 0.2698000000000075, 48.33916666666662, 47.03513333333328, 0.2248333333333458, 0.7644333333333234, 0.8993333333333458, 0.6745, 0.2698000000000075, 1.1691333333333158, 0.04496666666666167, 48.608966666666625, 47.25996666666663, 2.2933000000000074, 48.56399999999996, 0.9443000000000075, 0.4946333333333159, 47.79956666666664, 47.75459999999998, 0.6295333333333383, 0.13489999999998503, 1.2590666666666765, 48.78883333333331, 47.889499999999956, 0.04496666666666167, 1.663766666666669, 0.44966666666665417, 0.44966666666665417, 0.13489999999998503, 0.8543666666666466, 0.13489999999998503, 1.1691333333333533, 47.70963333333328, 0.17986666666668413, 0.6295333333333383, 0.44966666666665417, 0.7194666666666617, 0.2248333333333458, 0.7644333333333234, 0.6295333333333383, 46.90023333333329, 0.6745, 47.30493333333328, 48.653933333333285, 0.539600000000015, 1.663766666666669, 1.034233333333331, 0.4046999999999925, 0.6745, 0.8543666666666466, 0.17986666666668413, 1.5288666666666468, 0.13489999999998503, 47.61969999999995, 47.97943333333328, 0.4946333333333159, 1.4389333333333234, 48.653933333333285, 0.13489999999998503, 0.7194666666666617, 0.04496666666666167, 1.1241666666666543, 0.7194666666666617, 0.4946333333333159, 47.21499999999997, 48.653933333333285, 0.7194666666666617, 0.9892666666666691, 1.4838999999999851, 0.809399999999985, 48.56399999999996, 48.923733333333296, 0.7644333333333234, 0.6295333333333383, 0.31476666666666914, 0.809399999999985, 0.809399999999985, 0.539600000000015, 0.7644333333333234, 0.2698000000000075, 0.5845666666666767, 0.35973333333333085, 48.0693666666666, 48.878766666666635, 0.2248333333333458, 47.97943333333328, 0.809399999999985, 47.1700333333333, 47.889499999999956, 0.9892666666666691, 0.31476666666666914, 1.3040333333333383, 49.28346666666662, 0.7644333333333234, 48.78883333333331, 0.4046999999999925, 0.2698000000000075, 1.6188000000000076, 0.9443000000000075, 47.75459999999998, 47.70963333333328, 48.47406666666664, 47.93446666666662, 1.4838999999999851, 48.47406666666664, 0.2248333333333458, 1.4838999999999851, 0.4946333333333159, 49.37339999999995, 0.5845666666666767, 0.539600000000015, 0.35973333333333085, 0.2698000000000075, 0.9443000000000075, 0.04496666666666167, 0.6295333333333383, 0.4046999999999925, 0.9892666666666691, 0.2698000000000075, 0.13489999999998503, 1.1241666666666543, 0.31476666666666914, 0.8993333333333458, 0.31476666666666914, 0.5845666666666767, 0.4046999999999925, 0.4046999999999925, 1.1241666666666543, 0.4046999999999925, 47.97943333333328, 47.79956666666664, 0.809399999999985, 0.6295333333333383, 0.2698000000000075, 0.2698000000000075, 0.04496666666666167, 0.2248333333333458, 0.6745, 1.034233333333331, 0.31476666666666914, 0.539600000000015, 0.9443000000000075, 0.17986666666668413, 48.743866666666605, 0.04496666666666167, 0.6745, 1.4838999999999851, 0.2248333333333458, 48.249233333333294, 48.159299999999966, 0.2248333333333458, 0.6745, 48.743866666666605, 0.35973333333333085, 0.04496666666666167, 48.968699999999956, 0.08993333333332335, 0.13489999999998503, 0.2248333333333458, 0.6295333333333383, 48.249233333333294, 47.66466666666662, 0.4046999999999925, 0.13489999999998503, 1.6188000000000076, 2.0235, 48.20426666666663, 0.8543666666666841, 0.2698000000000075, 0.539600000000015, 49.41836666666661, 0.5845666666666767, 0.2248333333333458, 47.39486666666661, 49.64319999999996, 1.214100000000015, 1.6188000000000076, 0.2698000000000075, 0.539600000000015, 1.034233333333331, 0.5845666666666767, 0.08993333333332335, 1.034233333333331, 0.08993333333332335, 0.4046999999999925, 1.214100000000015, 0.2698000000000075, 0.17986666666668413, 47.30493333333328, 48.33916666666662, 49.37339999999995, 0.08993333333332335, 0.08993333333332335, 0.5845666666666767, 1.1691333333333158, 48.20426666666663, 0.35973333333333085, 47.75459999999998, 0.0, 0.7194666666666617, 0.44966666666665417, 0.13489999999998503, 48.38413333333328, 1.1691333333333158, 48.56399999999996, 48.38413333333328, 0.44966666666665417, 0.9892666666666691, 0.17986666666668413, 0.6745, 0.2698000000000075, 49.41836666666661, 48.294199999999954, 0.1798666666666467, 0.5845666666666767, 0.17986666666668413, 0.2248333333333458, 0.6295333333333383, 0.539600000000015, 0.2248333333333458, 0.4046999999999925, 0.8543666666666466, 1.214100000000015, 0.5845666666666767, 0.44966666666665417, 0.35973333333333085, 0.31476666666666914, 0.809399999999985, 0.35973333333333085, 0.4046999999999925, 0.35973333333333085, 1.1241666666666543, 0.539600000000015, 1.0791999999999926, 0.0, 0.7644333333333234, 0.6295333333333383, 48.968699999999956, 48.878766666666635, 1.663766666666669, 47.03513333333328, 1.214100000000015, 1.4389333333333234, 1.843633333333316, 1.3040333333333383, 47.39486666666661, 1.2590666666666765, 1.843633333333316, 48.608966666666625, 0.4946333333333159, 0.04496666666666167, 1.9335666666666766, 48.33916666666662, 0.2698000000000075, 49.05863333333328, 1.4389333333333234, 0.08993333333332335, 0.13489999999998503, 48.78883333333331, 48.159299999999966, 0.13489999999998503, 0.1798666666666467, 1.034233333333331, 0.13489999999998503, 48.608966666666625, 48.878766666666635, 0.6295333333333383, 0.44966666666665417, 0.04496666666666167, 1.214100000000015, 0.9892666666666691, 0.08993333333332335, 0.6745, 1.034233333333331, 0.35973333333333085, 48.47406666666664, 0.4946333333333533, 1.3939666666666615, 0.31476666666666914, 0.35973333333333085, 1.0791999999999926, 0.35973333333333085, 0.6745, 1.1691333333333158, 0.1798666666666467, 1.4389333333333234, 0.4046999999999925, 0.31476666666666914, 0.7194666666666617, 0.6745, 0.0, 0.04496666666666167, 0.2248333333333458, 48.83379999999997, 48.83379999999997, 48.83379999999997, 0.2248333333333458, 0.8993333333333458, 0.04496666666666167, 0.04496666666666167, 49.14856666666664, 0.4046999999999925, 1.349, 0.7644333333333234, 0.08993333333332335, 48.20426666666663, 49.5982333333333, 0.0, 49.55326666666663, 48.294199999999954, 0.2698000000000075, 0.2248333333333458, 0.35973333333333085, 0.539600000000015, 0.31476666666666914, 0.44966666666665417, 0.0, 0.08993333333332335, 0.08993333333332335, 47.97943333333328, 0.539600000000015, 49.1935333333333, 49.14856666666664, 49.95796666666662, 0.4046999999999925, 48.83379999999997, 0.13489999999998503, 0.8543666666666466, 1.1241666666666543, 1.349, 0.2698000000000075, 48.47406666666664, 48.42909999999998, 1.034233333333331, 46.99016666666662, 48.249233333333294, 0.6745, 48.249233333333294, 48.83379999999997, 0.4046999999999925, 0.809399999999985, 48.608966666666625, 0.2698000000000075, 47.70963333333328, 0.809399999999985, 48.294199999999954, 1.9785333333333381, 1.5288666666666468, 0.1798666666666467, 0.2248333333333458, 0.08993333333332335, 49.23849999999996, 0.9892666666666691, 49.41836666666661, 0.08993333333332335, 0.04496666666666167, 48.33916666666662, 0.08993333333332335, 0.7194666666666617, 0.44966666666665417, 0.7194666666666617, 0.7194666666666617, 0.539600000000015, 0.6745, 0.5845666666666767, 0.13489999999998503, 0.4046999999999925, 0.04496666666666167, 0.7644333333333234, 0.0, 0.6745, 0.4046999999999925, 0.7644333333333234, 0.809399999999985, 49.41836666666661, 49.73313333333328, 48.78883333333331, 48.78883333333331, 0.17986666666668413, 49.37339999999995, 1.349, 47.30493333333328, 0.4046999999999925, 0.539600000000015, 47.61969999999995, 1.1241666666666543, 0.04496666666666167, 47.1700333333333, 0.4946333333333159, 0.31476666666666914, 0.539600000000015, 0.539600000000015, 47.61969999999995, 0.2698000000000075, 0.4046999999999925, 49.37339999999995, 0.4046999999999925, 0.4046999999999925, 0.8993333333333458, 0.35973333333333085, 0.0, 0.1798666666666467, 0.6295333333333383, 1.3040333333333383, 47.66466666666662, 0.2698000000000075, 0.31476666666666914, 49.28346666666662, 48.294199999999954, 0.9443000000000075, 0.2698000000000075, 0.2248333333333458, 0.44966666666665417, 0.8993333333333458, 0.13489999999998503, 49.37339999999995, 48.47406666666664, 0.4946333333333159, 0.35973333333333085, 0.1798666666666467, 0.31476666666666914, 0.8543666666666841, 1.2590666666666765, 0.31476666666666914, 0.8993333333333458, 0.2248333333333458, 0.809399999999985, 0.31476666666666914, 0.04496666666666167, 1.034233333333331, 0.1798666666666467, 1.1241666666666543, 0.08993333333332335, 0.9443000000000075, 48.743866666666605, 48.743866666666605, 0.31476666666666914, 48.42909999999998, 0.5845666666666767, 0.2248333333333458, 0.1798666666666467, 0.4046999999999925, 0.04496666666666167, 0.6295333333333383, 49.14856666666664, 48.0693666666666, 0.0, 0.7194666666666617, 0.08993333333332335, 0.17986666666668413, 48.42909999999998, 0.9892666666666691, 48.294199999999954, 48.0693666666666, 0.539600000000015, 1.1241666666666543, 0.13489999999998503, 0.44966666666665417, 0.6745, 49.10359999999997, 48.923733333333296, 48.923733333333296, 0.6745, 0.7644333333333234, 0.6745, 0.809399999999985, 0.539600000000015, 0.6745, 0.5845666666666767, 0.4046999999999925, 1.214100000000015, 0.4046999999999925, 1.7087333333333308, 0.31476666666666914, 0.8993333333333458, 0.31476666666666914, 0.44966666666665417, 1.4838999999999851, 1.0791999999999926, 0.7644333333333234, 1.3040333333333383, 48.114333333333306, 49.013666666666616, 0.04496666666666167, 48.294199999999954, 0.7644333333333234, 1.2590666666666765, 1.034233333333331, 0.08993333333332335, 0.13489999999998503, 47.30493333333328, 0.7194666666666617, 0.539600000000015, 0.44966666666665417, 49.23849999999996, 0.04496666666666167, 1.2590666666666765, 0.44966666666665417, 0.4946333333333159, 0.08993333333332335, 0.04496666666666167, 0.8543666666666466, 0.13489999999998503, 0.7194666666666617, 0.7194666666666617, 0.08993333333332335, 0.9443000000000075, 0.04496666666666167, 1.7536999999999925, 0.13489999999998503, 0.2248333333333458, 47.48479999999997, 0.31476666666666914, 48.56399999999996, 0.31476666666666914, 0.08993333333332335, 1.5738333333333459, 0.5845666666666767, 0.08993333333332335, 0.9443000000000075, 47.48479999999997, 0.2248333333333458, 0.6295333333333383, 0.08993333333332335, 0.08993333333332335, 0.6745, 0.4046999999999925, 0.13489999999998503, 48.0693666666666, 0.5845666666666767, 0.2248333333333458, 0.0, 48.78883333333331, 47.97943333333328, 0.04496666666666167, 48.42909999999998, 2.4731666666666543, 49.05863333333328, 48.249233333333294, 1.4389333333333234, 1.349, 0.04496666666666167, 0.7194666666666617, 47.66466666666662, 1.5738333333333459, 48.83379999999997, 48.968699999999956, 0.2698000000000075, 0.6295333333333383, 0.04496666666666167, 0.2698000000000075, 1.1241666666666543, 0.6745, 48.698899999999945, 48.42909999999998, 0.7194666666666617, 2.2933000000000074, 0.35973333333333085, 0.04496666666666167, 49.10359999999997, 48.743866666666605, 48.743866666666605, 0.4946333333333159, 0.31476666666666914, 0.4946333333333159, 48.159299999999966, 0.2248333333333458, 0.5845666666666767, 1.1691333333333158, 0.6295333333333383, 0.0, 0.08993333333332335, 47.75459999999998, 0.4046999999999925, 1.3040333333333383, 0.2248333333333458, 0.17986666666668413, 0.7644333333333234, 0.44966666666665417, 48.608966666666625, 48.5190333333333, 0.9892666666666691, 0.8993333333333458, 1.4389333333333234, 0.9892666666666691, 0.6295333333333383, 0.5845666666666767, 1.349, 0.2248333333333458, 0.539600000000015, 1.2590666666666765, 0.2698000000000075, 1.5288666666666468, 47.66466666666662, 49.46333333333331, 0.2698000000000075, 0.31476666666666914, 1.0791999999999926, 0.4046999999999925, 0.7644333333333234, 0.04496666666666167, 0.539600000000015, 47.25996666666663, 49.14856666666664, 0.8543666666666466, 0.4946333333333159, 0.0, 0.0, 0.4046999999999925, 0.2698000000000075, 0.8543666666666466, 0.35973333333333085, 0.7194666666666617, 1.0791999999999926, 0.8543666666666841, 0.08993333333332335, 0.809399999999985, 0.5845666666666767, 0.1798666666666467, 0.4946333333333533, 0.04496666666666167, 1.4389333333333234, 0.539600000000015, 0.2248333333333458, 0.7644333333333234, 48.78883333333331, 1.3040333333333383, 0.4046999999999925, 0.04496666666666167, 0.2698000000000075, 0.4946333333333533, 49.68816666666661, 0.809399999999985, 0.2248333333333458, 0.7644333333333234, 0.4946333333333533, 0.08993333333332335, 0.8543666666666841, 0.08993333333332335, 0.1798666666666467, 0.9443000000000075, 48.608966666666625, 1.1691333333333533, 0.4046999999999925, 0.2248333333333458, 47.08009999999998, 0.4946333333333159, 49.013666666666616, 48.0693666666666, 0.35973333333333085, 19650.433333333316, 0.8543666666666466, 0.35973333333333085, 48.78883333333331, 47.39486666666661, 0.08993333333332335, 1.0791999999999926, 50.09286666666661, 0.6745, 0.31476666666666914, 0.2248333333333458, 0.4046999999999925, 47.12506666666664, 0.2248333333333458, 48.02439999999994, 0.7644333333333234, 0.17986666666668413, 0.8543666666666466, 0.13489999999998503, 47.889499999999956, 48.5190333333333, 0.04496666666666167, 0.6295333333333383, 1.9335666666666766, 1.5288666666666468, 0.31476666666666914, 1.0791999999999926, 0.44966666666665417, 0.6745, 0.04496666666666167, 1.1691333333333158, 47.93446666666662, 2.4281999999999924, 47.21499999999997, 1.034233333333331, 1.7536999999999925, 0.8993333333333458, 48.33916666666662, 0.8543666666666841, 1.3040333333333383, 0.9443000000000075, 1.1241666666666543, 0.08993333333332335, 1.3040333333333383, 46.7653333333333, 1.4389333333333234, 0.13489999999998503, 0.2248333333333458, 0.13489999999998503, 0.44966666666665417, 1.214100000000015, 1.0791999999999926, 1.0791999999999926, 0.31476666666666914, 0.04496666666666167, 1.4389333333333234, 0.17986666666668413, 0.2248333333333458, 48.78883333333331, 0.2698000000000075, 0.7644333333333234, 0.4946333333333159, 0.44966666666665417, 0.35973333333333085, 0.4046999999999925, 0.539600000000015, 0.04496666666666167, 0.4946333333333533, 0.4946333333333159, 0.539600000000015, 1154.5191666666656, 0.8993333333333458, 0.6745, 0.08993333333332335, 47.93446666666662, 48.114333333333306, 48.698899999999945, 0.5845666666666767, 1.034233333333331, 0.6295333333333383, 0.5845666666666767, 1.3939666666666615, 0.44966666666665417, 0.6745, 0.7194666666666617, 48.608966666666625, 0.4046999999999925, 48.698899999999945, 48.42909999999998, 1.0791999999999926, 0.6745, 0.2698000000000075, 0.809399999999985, 1.9785333333333381, 0.13489999999998503, 48.294199999999954, 47.70963333333328, 0.809399999999985, 1.3040333333333383, 0.44966666666665417, 0.2698000000000075, 0.44966666666665417, 0.8543666666666466, 0.1798666666666467, 0.35973333333333085, 49.32843333333329, 1.4389333333333234, 0.7644333333333234, 47.57473333333329, 48.38413333333328, 0.04496666666666167, 0.04496666666666167, 48.33916666666662, 0.2248333333333458, 48.20426666666663, 0.35973333333333085, 0.6745, 48.608966666666625, 0.04496666666666167, 0.7194666666666617, 49.05863333333328, 1.1691333333333158, 1.6188000000000076, 49.823066666666634, 0.4946333333333159, 0.0, 0.31476666666666914, 0.2248333333333458, 0.0, 48.56399999999996, 0.13489999999998503, 0.08993333333332335, 0.31476666666666914, 0.0, 0.4946333333333159, 0.6295333333333383, 0.31476666666666914, 0.2698000000000075, 0.7194666666666617, 0.8993333333333458, 1.3939666666666615, 0.4046999999999925, 1.1241666666666543, 0.08993333333332335, 1.5738333333333459, 1.3040333333333383, 0.539600000000015, 0.1798666666666467, 0.4046999999999925, 49.10359999999997, 0.04496666666666167, 49.50829999999997, 0.35973333333333085, 48.33916666666662, 0.4046999999999925, 0.2248333333333458, 0.539600000000015, 0.08993333333332335, 0.35973333333333085, 0.08993333333332335, 0.4946333333333533, 0.8543666666666466, 1.214100000000015, 0.539600000000015, 0.08993333333332335, 0.539600000000015, 0.35973333333333085, 48.608966666666625, 0.4946333333333159, 48.38413333333328, 48.0693666666666, 1.034233333333331, 1.214100000000015, 0.08993333333332335, 1.3040333333333383, 0.6745, 0.2698000000000075, 0.0, 0.8993333333333458, 0.9892666666666691, 48.653933333333285, 48.653933333333285, 0.539600000000015, 48.33916666666662, 1.3040333333333383, 1.1691333333333158, 0.2248333333333458, 1.1691333333333158, 0.7194666666666617, 0.5845666666666767, 0.44966666666665417, 0.4046999999999925, 47.93446666666662, 1.214100000000015, 0.2248333333333458, 0.2248333333333458, 48.608966666666625, 47.1700333333333, 1.8885999999999776, 0.9443000000000075, 47.93446666666662, 0.6295333333333383, 0.4946333333333533, 1.034233333333331, 48.608966666666625, 0.04496666666666167, 0.31476666666666914, 1.1241666666666543, 0.4946333333333159, 48.33916666666662, 0.2698000000000075, 48.56399999999996, 48.968699999999956, 0.35973333333333085, 0.6745, 0.7644333333333234, 1.1241666666666543, 0.5845666666666767, 48.38413333333328, 0.7194666666666617, 47.8445333333333, 0.7644333333333234, 0.4046999999999925, 48.47406666666664, 0.2698000000000075, 0.9892666666666691, 1.1241666666666543, 47.75459999999998, 47.39486666666661, 0.539600000000015, 48.114333333333306, 0.539600000000015, 48.653933333333285, 49.46333333333331, 48.743866666666605, 49.013666666666616, 0.9443000000000075, 0.44966666666665417, 0.8543666666666466, 0.2248333333333458, 0.4046999999999925, 48.294199999999954, 48.743866666666605, 1.1691333333333533, 0.1798666666666467, 0.6745, 48.114333333333306, 48.294199999999954, 0.13489999999998503, 0.2698000000000075, 0.13489999999998503, 0.9443000000000075, 0.4046999999999925, 48.78883333333331, 0.31476666666666914, 0.2248333333333458, 1.4838999999999851, 0.7644333333333234, 0.1798666666666467, 1.663766666666669, 0.8543666666666466, 48.114333333333306, 49.10359999999997, 0.2698000000000075, 49.14856666666664, 0.4946333333333533, 2.248333333333346, 49.05863333333328, 49.55326666666663, 1.0791999999999926, 48.249233333333294, 0.539600000000015, 0.4046999999999925, 0.04496666666666167, 48.608966666666625, 49.05863333333328, 0.8543666666666841, 48.20426666666663, 1.349, 0.35973333333333085, 0.8543666666666466, 0.539600000000015, 1.4389333333333234, 0.809399999999985, 1.349, 0.7194666666666617, 1.1691333333333158, 0.35973333333333085, 0.2698000000000075, 0.9892666666666691, 48.38413333333328, 0.2698000000000075, 48.114333333333306, 47.93446666666662, 1.214100000000015, 0.2248333333333458, 1.5288666666666468, 0.04496666666666167, 48.743866666666605, 0.35973333333333085, 47.889499999999956, 48.743866666666605, 48.114333333333306, 0.7194666666666617, 48.968699999999956, 48.38413333333328, 0.13489999999998503, 0.08993333333332335, 0.539600000000015, 48.743866666666605, 0.539600000000015, 0.08993333333332335, 0.7194666666666617, 0.13489999999998503, 0.4946333333333533, 0.44966666666665417, 0.9443000000000075, 0.1798666666666467, 0.5845666666666767, 0.6295333333333383, 48.83379999999997, 0.44966666666665417, 49.23849999999996, 47.439833333333304, 48.20426666666663, 49.5982333333333, 0.6295333333333383, 50.04789999999995, 0.04496666666666167, 0.13489999999998503, 0.6295333333333383, 0.1798666666666467, 0.539600000000015, 48.02439999999994, 0.35973333333333085, 0.2698000000000075, 0.13489999999998503, 0.0, 48.653933333333285, 49.8680333333333, 0.08993333333332335, 1.7087333333333308, 0.5845666666666767, 1.1691333333333158, 49.10359999999997, 0.809399999999985, 48.743866666666605, 49.68816666666661, 0.2698000000000075, 0.44966666666665417, 48.968699999999956, 48.56399999999996, 48.38413333333328, 1.3040333333333383, 1.3939666666666615, 0.2248333333333458, 0.809399999999985, 48.114333333333306, 1.034233333333331, 0.44966666666665417, 1.4838999999999851, 0.8993333333333458, 0.1798666666666467, 0.4046999999999925, 0.2698000000000075, 47.61969999999995, 47.79956666666664, 0.4046999999999925, 1.5738333333333459, 47.66466666666662, 0.7194666666666617, 0.0, 0.13489999999998503, 0.04496666666666167, 0.6295333333333383, 0.08993333333332335, 0.6295333333333383, 1.1691333333333533, 0.4946333333333159, 0.7644333333333234, 1.0791999999999926, 0.1798666666666467, 47.8445333333333, 0.13489999999998503, 0.1798666666666467, 0.04496666666666167, 49.1935333333333, 0.2698000000000075, 0.6295333333333383, 0.7644333333333234, 0.13489999999998503, 0.5845666666666767, 0.0, 0.7644333333333234, 0.7644333333333234, 48.78883333333331, 48.878766666666635, 1.0791999999999926, 1.349, 0.17986666666668413, 0.08993333333332335, 0.6745, 0.8993333333333458, 1.3939666666666615, 0.7194666666666617, 0.0, 0.04496666666666167, 0.5845666666666767, 1.214100000000015, 0.0, 0.8543666666666841, 48.249233333333294, 48.5190333333333, 1.4389333333333234, 0.35973333333333085, 1.0791999999999926, 0.4046999999999925, 0.8543666666666466, 0.539600000000015, 0.2698000000000075, 0.8993333333333458, 49.46333333333331, 0.809399999999985, 0.9443000000000075, 0.2698000000000075, 0.5845666666666767, 0.35973333333333085, 0.44966666666665417, 48.78883333333331, 0.5845666666666767, 0.2698000000000075, 1.349, 0.17986666666668413, 0.31476666666666914, 0.08993333333332335, 0.08993333333332335, 0.6745, 0.539600000000015, 0.7194666666666617, 0.4946333333333533, 0.2698000000000075, 0.2698000000000075, 0.2248333333333458, 0.9443000000000075, 0.2698000000000075, 0.08993333333332335, 0.8543666666666466, 1.3939666666666615, 0.08993333333332335, 0.44966666666665417, 0.7644333333333234, 1.2590666666666765, 1.0791999999999926, 0.7644333333333234, 0.8543666666666466, 0.9892666666666691, 0.35973333333333085, 0.35973333333333085, 49.14856666666664, 47.93446666666662, 0.539600000000015, 0.9892666666666691, 49.013666666666616, 0.13489999999998503, 1.1241666666666543, 0.4046999999999925, 47.79956666666664, 0.9443000000000075, 1.0791999999999926, 0.8993333333333458, 0.44966666666665417, 1.3040333333333383, 49.28346666666662, 0.44966666666665417, 0.04496666666666167, 0.31476666666666914, 0.2698000000000075, 49.95796666666662, 48.83379999999997, 0.809399999999985, 1.4838999999999851, 0.2248333333333458, 0.4046999999999925, 0.31476666666666914, 0.7644333333333234, 0.4946333333333159, 0.7644333333333234, 0.8993333333333458, 49.05863333333328, 48.47406666666664, 0.0, 48.38413333333328, 47.75459999999998, 48.743866666666605, 0.539600000000015, 1.034233333333331, 48.159299999999966, 1.2590666666666765, 0.04496666666666167, 0.04496666666666167, 0.2698000000000075, 0.9892666666666691, 0.08993333333332335, 49.41836666666661, 0.44966666666665417, 0.4946333333333533, 0.6295333333333383, 1.0791999999999926, 1.1691333333333158, 0.7194666666666617, 0.8543666666666466, 0.5845666666666767, 0.0, 0.8993333333333458, 0.7644333333333234, 0.31476666666666914, 1.4838999999999851, 0.6745, 0.13489999999998503, 0.44966666666665417, 0.4946333333333159, 0.6745, 0.6745, 0.13489999999998503, 0.04496666666666167, 0.6745, 0.2698000000000075, 0.5845666666666767, 0.2248333333333458, 0.4946333333333159, 0.4046999999999925, 1.214100000000015, 0.2698000000000075, 0.35973333333333085, 0.5845666666666767, 0.6745, 0.4946333333333533, 0.6295333333333383, 0.7644333333333234, 1.7087333333333308, 0.9443000000000075, 0.6745, 0.35973333333333085, 0.7194666666666617, 0.31476666666666914, 0.1798666666666467, 2.158399999999985, 0.4946333333333159, 0.1798666666666467, 0.9892666666666691, 0.2698000000000075, 1.3040333333333383, 0.31476666666666914, 0.1798666666666467, 0.31476666666666914, 0.4946333333333533, 0.8543666666666466, 0.8543666666666466, 0.1798666666666467, 0.13489999999998503, 0.2248333333333458, 0.8543666666666466, 0.7194666666666617, 0.2248333333333458, 0.04496666666666167, 0.8543666666666466, 0.44966666666665417, 1.1691333333333158, 1.034233333333331, 0.2698000000000075, 0.4046999999999925, 0.7644333333333234, 0.4946333333333159, 0.08993333333332335, 0.4946333333333533, 1.4389333333333234, 1.4838999999999851, 1.3939666666666615, 0.4046999999999925, 0.4046999999999925, 0.17986666666668413, 0.17986666666668413, 0.7644333333333234, 1.0791999999999926, 0.2248333333333458, 0.2698000000000075, 0.5845666666666767, 0.0, 0.4046999999999925, 0.4046999999999925, 1.349, 0.08993333333332335, 0.08993333333332335, 1.349, 1.0791999999999926, 0.08993333333332335, 0.1798666666666467, 0.2698000000000075, 0.8543666666666466, 0.7194666666666617, 0.809399999999985, 0.31476666666666914, 0.13489999999998503, 0.0, 0.9892666666666691, 0.2248333333333458, 0.2698000000000075, 0.8993333333333458, 0.13489999999998503, 0.9892666666666691, 0.04496666666666167, 0.31476666666666914, 0.4046999999999925, 0.08993333333332335, 0.2248333333333458, 0.31476666666666914, 0.04496666666666167, 0.0, 0.8543666666666466, 0.4046999999999925, 0.13489999999998503, 0.6295333333333383, 0.5845666666666767, 1.1241666666666543, 0.809399999999985, 0.6745, 0.13489999999998503, 0.08993333333332335, 0.6745, 0.04496666666666167, 0.08993333333332335, 0.5845666666666767, 0.44966666666665417, 47.66466666666662, 0.04496666666666167, 0.9892666666666691, 1.5288666666666468, 1.2590666666666765, 0.6745, 0.8993333333333458, 0.04496666666666167, 0.13489999999998503, 0.7644333333333234, 0.4946333333333533, 49.05863333333328, 49.41836666666661, 0.5845666666666767, 47.61969999999995, 48.608966666666625, 49.28346666666662, 1.5738333333333459, 1.034233333333331, 0.2698000000000075, 0.9443000000000075, 48.78883333333331, 0.13489999999998503, 0.7194666666666617, 0.2698000000000075, 0.809399999999985, 0.6745, 1.034233333333331, 0.8543666666666466, 49.013666666666616, 0.08993333333332335, 48.968699999999956, 0.7194666666666617, 48.20426666666663, 48.923733333333296, 49.68816666666661, 0.44966666666665417, 48.743866666666605, 0.7194666666666617, 48.653933333333285, 47.30493333333328, 1.663766666666669, 1.2590666666666765, 0.0, 48.608966666666625, 48.78883333333331, 1.034233333333331, 48.608966666666625, 49.41836666666661, 49.55326666666663, 48.02439999999994, 0.08993333333332335, 0.9892666666666691, 48.653933333333285, 0.2248333333333458, 48.159299999999966, 0.2698000000000075, 48.78883333333331, 47.70963333333328, 48.923733333333296, 48.608966666666625, 48.159299999999966, 49.1935333333333, 1.4389333333333234, 0.35973333333333085, 0.35973333333333085, 48.608966666666625, 48.608966666666625, 0.4046999999999925, 0.08993333333332335, 48.608966666666625, 48.78883333333331, 48.02439999999994, 48.47406666666664, 0.04496666666666167, 0.5845666666666767, 0.4946333333333533, 48.968699999999956, 48.878766666666635, 0.7194666666666617, 1.1241666666666543, 48.20426666666663, 48.20426666666663, 48.56399999999996, 1.8885999999999776, 0.44966666666665417, 0.7194666666666617, 0.2248333333333458, 1.3040333333333383, 0.44966666666665417, 47.439833333333304, 0.6295333333333383, 48.608966666666625, 49.37339999999995, 0.7644333333333234, 48.743866666666605, 0.7194666666666617, 1.214100000000015, 49.23849999999996, 0.9892666666666691, 0.539600000000015, 48.33916666666662, 0.7194666666666617, 0.35973333333333085, 48.608966666666625, 48.878766666666635, 49.32843333333329, 48.5190333333333, 0.0, 0.7194666666666617, 48.743866666666605, 48.47406666666664, 47.1700333333333, 1.3040333333333383, 1.2590666666666765, 0.04496666666666167, 0.31476666666666914, 1.9335666666666766, 0.7644333333333234, 0.539600000000015, 0.04496666666666167, 0.0, 48.743866666666605, 0.13489999999998503, 0.13489999999998503, 48.78883333333331, 48.38413333333328, 0.6295333333333383, 0.08993333333332335, 48.968699999999956, 48.653933333333285, 0.539600000000015, 0.5845666666666767, 0.4946333333333533, 0.13489999999998503, 1.5288666666666468, 1.1691333333333158, 49.14856666666664, 47.8445333333333, 1.349, 49.46333333333331, 48.923733333333296, 47.93446666666662, 48.47406666666664, 49.05863333333328, 48.47406666666664, 0.44966666666665417, 0.809399999999985, 1.1691333333333158, 49.73313333333328, 48.47406666666664, 0.08993333333332335, 1.9335666666666766, 1.034233333333331, 48.114333333333306, 48.02439999999994, 49.55326666666663, 0.04496666666666167, 47.39486666666661, 47.93446666666662, 48.78883333333331, 48.78883333333331, 0.6745, 0.809399999999985, 0.4946333333333159, 0.44966666666665417, 0.31476666666666914, 0.08993333333332335, 0.539600000000015, 0.4946333333333159, 0.17986666666668413, 0.44966666666665417, 0.7194666666666617, 48.249233333333294, 0.08993333333332335, 0.0, 0.08993333333332335, 0.7194666666666617, 49.23849999999996, 0.08993333333332335, 0.13489999999998503, 49.41836666666661, 48.249233333333294, 47.439833333333304, 0.539600000000015, 48.20426666666663, 0.1798666666666467, 0.8993333333333458, 0.08993333333332335, 1.5288666666666841, 1.3040333333333383, 0.17986666666668413, 1.7087333333333308, 0.9892666666666691, 0.2698000000000075, 0.2698000000000075, 0.2698000000000075, 0.539600000000015, 0.0, 0.7194666666666617, 0.13489999999998503, 0.35973333333333085, 0.13489999999998503, 0.31476666666666914, 0.6295333333333383, 1.0791999999999926, 0.04496666666666167, 0.31476666666666914, 0.809399999999985, 0.04496666666666167, 47.97943333333328, 1.1241666666666543, 49.41836666666661, 48.743866666666605, 47.75459999999998, 0.4946333333333533, 0.9892666666666691, 48.923733333333296, 48.249233333333294, 48.968699999999956, 48.743866666666605, 0.44966666666665417, 47.889499999999956, 0.539600000000015, 0.08993333333332335, 0.31476666666666914, 0.04496666666666167, 48.608966666666625, 0.9443000000000075, 0.8993333333333458, 0.0, 0.04496666666666167, 0.08993333333332335, 0.13489999999998503, 0.809399999999985, 0.6295333333333383, 1.2590666666666765, 2.0235, 1.034233333333331, 0.17986666666668413, 0.04496666666666167, 0.1798666666666467, 0.0, 0.8993333333333458, 0.13489999999998503, 0.04496666666666167, 0.1798666666666467, 0.44966666666665417, 0.31476666666666914, 1.1241666666666543, 0.8993333333333458, 0.13489999999998503, 0.2698000000000075, 0.2248333333333458, 0.35973333333333085, 0.08993333333332335, 47.52976666666663, 48.5190333333333, 48.42909999999998, 1.034233333333331, 48.159299999999966, 0.0, 1.034233333333331, 0.2248333333333458, 0.539600000000015, 0.539600000000015, 0.35973333333333085, 0.6745, 0.08993333333332335, 0.5845666666666767, 0.4046999999999925, 0.539600000000015, 0.2698000000000075, 0.539600000000015, 1.4838999999999851, 0.04496666666666167, 0.44966666666665417, 0.4046999999999925, 0.08993333333332335, 0.809399999999985, 0.31476666666666914, 0.2698000000000075, 0.44966666666665417, 0.04496666666666167, 49.41836666666661, 0.35973333333333085, 0.35973333333333085, 48.608966666666625, 0.8543666666666466, 0.1798666666666467, 0.6745, 0.2248333333333458, 0.08993333333332335, 48.56399999999996, 0.6745, 49.10359999999997, 0.6745, 0.6745, 0.539600000000015, 48.0693666666666, 0.08993333333332335, 48.923733333333296, 0.4946333333333159, 0.5845666666666767, 47.12506666666664, 1.034233333333331, 0.2698000000000075, 0.9443000000000075, 0.539600000000015, 49.32843333333329, 0.8993333333333458, 47.93446666666662, 0.5845666666666767, 0.6295333333333383, 0.44966666666665417, 0.7644333333333234, 0.809399999999985, 0.6295333333333383, 0.4046999999999925, 0.8993333333333458, 1.9785333333333381, 0.2248333333333458, 0.17986666666668413, 0.4946333333333159, 0.8993333333333458, 0.0, 48.743866666666605, 49.1935333333333, 1.3939666666666615, 0.2248333333333458, 49.46333333333331, 0.7194666666666617, 0.4046999999999925, 0.17986666666668413, 0.08993333333332335, 48.33916666666662, 48.38413333333328, 0.13489999999998503, 0.13489999999998503, 47.97943333333328, 47.8445333333333, 0.35973333333333085, 0.7194666666666617, 0.44966666666665417, 0.8993333333333458, 0.08993333333332335, 0.539600000000015, 49.013666666666616, 0.44966666666665417, 0.13489999999998503, 1.214100000000015, 47.8445333333333, 48.20426666666663, 0.35973333333333085, 1.3939666666666615, 48.47406666666664, 48.38413333333328, 0.5845666666666767, 48.968699999999956, 0.2248333333333458, 0.35973333333333085, 48.698899999999945, 48.5190333333333, 47.8445333333333, 0.9443000000000075, 0.13489999999998503, 0.13489999999998503, 0.08993333333332335, 47.8445333333333, 0.4946333333333159, 48.698899999999945, 0.08993333333332335, 48.653933333333285, 48.47406666666664, 47.439833333333304, 0.6745, 0.539600000000015, 0.13489999999998503, 0.0, 0.13489999999998503, 0.5845666666666767, 0.4046999999999925, 0.8543666666666841, 0.9443000000000075, 48.02439999999994, 0.04496666666666167, 0.0, 0.9892666666666691, 0.9443000000000075, 0.08993333333332335, 0.35973333333333085, 48.249233333333294, 48.114333333333306, 0.2698000000000075, 48.78883333333331, 0.31476666666666914, 0.04496666666666167, 48.0693666666666, 0.35973333333333085, 48.608966666666625, 1.2590666666666765, 1.349, 0.539600000000015, 0.7194666666666617, 0.08993333333332335, 0.2248333333333458, 2.248333333333346, 48.294199999999954, 48.294199999999954, 0.2248333333333458, 0.6295333333333383, 0.4946333333333159, 0.809399999999985, 0.4046999999999925, 0.2248333333333458, 0.2698000000000075, 0.0, 0.04496666666666167, 0.7644333333333234, 0.539600000000015, 0.04496666666666167, 0.6745, 0.31476666666666914, 0.4046999999999925, 0.2248333333333458, 0.8993333333333458, 0.809399999999985, 0.13489999999998503, 1.0791999999999926, 1.3939666666666615, 0.35973333333333085, 0.8993333333333458, 1.2590666666666765, 0.31476666666666914, 0.0, 48.294199999999954, 1.0791999999999926, 0.2698000000000075, 0.13489999999998503, 0.44966666666665417, 0.6745, 1.3939666666666615, 0.35973333333333085, 0.35973333333333085, 1.843633333333316, 1.798666666666654, 0.4046999999999925, 0.5845666666666767, 0.8543666666666841, 48.114333333333306, 0.35973333333333085, 0.2248333333333458, 0.1798666666666467, 0.04496666666666167, 0.4946333333333159, 0.35973333333333085, 1.2590666666666765, 0.44966666666665417, 0.0, 48.114333333333306, 46.720366666666614, 49.823066666666634, 0.08993333333332335, 0.809399999999985, 0.8543666666666466, 0.44966666666665417, 0.7194666666666617, 0.4046999999999925, 1.5288666666666468, 0.35973333333333085, 0.04496666666666167, 0.17986666666668413, 0.2248333333333458, 0.9443000000000075, 1.1691333333333158, 0.04496666666666167, 0.2248333333333458, 0.13489999999998503, 1.2590666666666765, 48.653933333333285, 0.7644333333333234, 47.889499999999956, 0.1798666666666467, 0.8993333333333458, 0.04496666666666167, 48.294199999999954, 47.03513333333328, 0.2698000000000075, 0.4046999999999925, 0.31476666666666914, 0.4046999999999925, 0.5845666666666767, 47.21499999999997, 0.2248333333333458, 48.114333333333306, 0.2698000000000075, 47.66466666666662, 0.8993333333333458, 1.1241666666666543, 0.2248333333333458, 0.8543666666666466, 0.8993333333333458, 0.539600000000015, 0.5845666666666767, 1.214100000000015, 1.2590666666666765, 0.08993333333332335, 0.17986666666668413, 0.4046999999999925, 0.08993333333332335, 0.13489999999998503, 0.17986666666668413, 0.13489999999998503, 0.17986666666668413, 1.034233333333331, 0.8993333333333458, 0.4046999999999925, 1.0791999999999926, 0.8993333333333458, 0.9443000000000075, 0.31476666666666914, 0.4946333333333159, 49.013666666666616, 0.6295333333333383, 49.91299999999996, 47.39486666666661, 48.653933333333285, 48.47406666666664, 49.013666666666616, 0.7644333333333234, 0.4046999999999925, 0.1798666666666467, 48.249233333333294, 0.04496666666666167, 0.2248333333333458, 0.6295333333333383, 0.44966666666665417, 0.7194666666666617, 1.5738333333333459, 0.4946333333333533, 0.9443000000000075, 49.1935333333333, 48.159299999999966, 1.0791999999999926, 0.44966666666665417, 0.31476666666666914, 0.04496666666666167, 0.6745, 50.22776666666663, 47.08009999999998, 48.38413333333328, 48.56399999999996, 49.23849999999996, 47.57473333333329, 48.38413333333328, 48.608966666666625, 47.12506666666664, 0.539600000000015, 1.4389333333333234, 0.44966666666665417, 1.6188000000000076, 0.6295333333333383, 0.1798666666666467, 0.0, 0.2698000000000075, 0.2248333333333458, 0.809399999999985, 0.539600000000015, 0.6295333333333383, 1.1691333333333158, 1.5738333333333459, 0.8543666666666466, 0.4946333333333159, 0.13489999999998503, 0.17986666666668413, 0.35973333333333085, 0.2248333333333458, 1.3939666666666615, 0.0, 0.2248333333333458, 0.44966666666665417, 0.4046999999999925, 0.8543666666666466, 0.4946333333333159, 0.0, 47.52976666666663, 48.42909999999998, 0.2698000000000075, 0.17986666666668413, 1.214100000000015, 47.70963333333328, 48.653933333333285, 0.08993333333332335, 0.2698000000000075, 0.44966666666665417, 49.37339999999995, 0.4946333333333159, 0.7194666666666617, 0.4946333333333159, 48.249233333333294, 47.439833333333304, 48.33916666666662, 0.5845666666666767, 0.08993333333332335, 0.539600000000015, 1.3939666666666615, 0.2698000000000075, 1.2590666666666765, 0.9443000000000075, 0.539600000000015, 0.539600000000015, 0.1798666666666467, 0.4946333333333159, 48.20426666666663, 0.9892666666666691, 47.61969999999995, 2.068466666666662, 0.2248333333333458, 0.8993333333333458, 48.968699999999956, 47.75459999999998, 0.6745, 48.47406666666664, 0.08993333333332335, 48.878766666666635, 47.93446666666662, 0.44966666666665417, 0.6295333333333383, 48.159299999999966, 48.78883333333331, 0.13489999999998503, 48.743866666666605, 48.78883333333331, 49.14856666666664, 48.33916666666662, 0.35973333333333085, 0.6745, 0.7644333333333234, 47.97943333333328, 48.159299999999966, 48.56399999999996, 48.5190333333333, 0.35973333333333085, 0.0, 0.7194666666666617, 0.6745, 48.5190333333333, 0.0, 1.0791999999999926, 47.97943333333328, 1.349, 0.31476666666666914, 48.0693666666666, 0.539600000000015, 0.539600000000015, 48.78883333333331, 0.31476666666666914, 0.04496666666666167, 0.2248333333333458, 0.7194666666666617, 0.17986666666668413, 0.2248333333333458, 0.6295333333333383, 0.04496666666666167, 0.2698000000000075, 0.4046999999999925, 0.04496666666666167, 0.7644333333333234, 0.4046999999999925, 0.2248333333333458, 0.13489999999998503, 1.2590666666666765, 0.04496666666666167, 0.4046999999999925, 1.4389333333333234, 0.31476666666666914, 0.04496666666666167, 0.7644333333333234, 48.83379999999997, 0.0, 1.663766666666669, 1.0791999999999926, 0.04496666666666167, 0.2698000000000075, 0.4946333333333159, 0.4046999999999925, 0.6745, 0.4946333333333159, 1.1241666666666543, 0.2698000000000075, 1.3939666666666615, 48.56399999999996, 47.439833333333304, 0.8993333333333458, 47.439833333333304, 1.0791999999999926, 1.0791999999999926, 48.249233333333294, 48.83379999999997, 48.743866666666605, 0.13489999999998503, 48.608966666666625, 48.78883333333331, 0.04496666666666167, 1.034233333333331, 0.0, 0.7644333333333234, 48.608966666666625, 48.83379999999997, 48.159299999999966, 48.38413333333328, 0.2248333333333458, 48.294199999999954, 1.4389333333333234, 0.9443000000000075, 1.1691333333333533, 1.3040333333333383, 0.4946333333333533, 0.8543666666666466, 0.08993333333332335, 0.2698000000000075, 0.1798666666666467, 1.5738333333333459, 1.034233333333331, 0.2698000000000075, 48.78883333333331, 0.35973333333333085, 1.0791999999999926, 1.2590666666666765, 0.5845666666666767, 0.13489999999998503, 49.55326666666663, 49.32843333333329, 49.95796666666662, 48.249233333333294, 0.44966666666665417, 0.809399999999985, 0.13489999999998503, 0.4046999999999925, 0.13489999999998503, 0.2698000000000075, 0.1798666666666467, 0.7644333333333234, 0.08993333333332335, 0.8543666666666466, 0.6745, 0.9892666666666691, 0.5845666666666767, 0.9892666666666691, 0.35973333333333085, 0.31476666666666914, 1.6188000000000076, 0.44966666666665417, 0.44966666666665417, 0.31476666666666914, 0.2698000000000075, 48.608966666666625, 0.2698000000000075, 1.4838999999999851, 48.78883333333331, 0.08993333333332335, 0.08993333333332335, 1.7087333333333308, 1.4389333333333234, 0.44966666666665417, 0.9443000000000075, 48.33916666666662, 49.14856666666664, 48.83379999999997, 47.08009999999998, 48.02439999999994, 0.5845666666666767, 0.539600000000015, 1.3939666666666615, 0.4946333333333159, 0.35973333333333085, 0.5845666666666767, 0.4946333333333159, 0.13489999999998503, 0.4946333333333533, 48.923733333333296, 48.20426666666663, 48.78883333333331, 48.0693666666666, 49.23849999999996, 48.743866666666605, 0.13489999999998503, 0.31476666666666914, 48.698899999999945, 0.6745, 0.31476666666666914, 49.32843333333329, 0.2698000000000075, 0.17986666666668413, 0.1798666666666467, 0.44966666666665417, 48.878766666666635, 48.02439999999994, 0.4946333333333159, 48.653933333333285, 0.31476666666666914, 48.698899999999945, 47.61969999999995, 0.4046999999999925, 0.7194666666666617, 0.539600000000015, 48.114333333333306, 50.40763333333327, 47.34989999999994, 48.56399999999996, 49.1935333333333, 47.79956666666664, 0.08993333333332335, 0.539600000000015, 0.17986666666668413, 47.8445333333333, 50.22776666666663, 47.34989999999994, 0.4046999999999925, 0.7194666666666617, 0.04496666666666167, 1.3939666666666615, 0.1798666666666467, 0.6295333333333383, 1.3939666666666615, 1.349, 0.2698000000000075, 1.843633333333316, 0.04496666666666167, 1.0791999999999926, 0.35973333333333085, 49.5982333333333, 0.2698000000000075, 0.2698000000000075, 1.1241666666666543, 0.31476666666666914, 0.04496666666666167, 0.04496666666666167, 0.6295333333333383, 1.2590666666666765, 0.2698000000000075, 0.0, 0.8993333333333458, 1.034233333333331, 0.9892666666666691, 0.2248333333333458, 0.7644333333333234, 0.04496666666666167, 1.1691333333333158, 0.2248333333333458, 0.13489999999998503, 48.78883333333331, 47.97943333333328, 0.13489999999998503, 49.823066666666634, 47.439833333333304, 48.42909999999998, 0.35973333333333085, 1.3939666666666615, 0.44966666666665417, 47.52976666666663, 0.08993333333332335, 47.889499999999956, 0.35973333333333085, 0.2248333333333458, 0.2698000000000075, 0.4946333333333159, 48.56399999999996, 0.2698000000000075, 48.0693666666666, 47.30493333333328, 0.04496666666666167, 49.64319999999996, 48.608966666666625, 0.35973333333333085, 0.809399999999985, 1.1691333333333158, 48.0693666666666, 0.0, 47.34989999999994, 48.249233333333294, 1.7087333333333308, 0.08993333333332335, 48.653933333333285, 48.83379999999997, 0.6295333333333383, 0.6745, 47.39486666666661, 0.17986666666668413, 1.1691333333333158, 48.968699999999956, 0.17986666666668413, 1.3939666666666615, 0.6295333333333383, 0.44966666666665417, 0.1798666666666467, 0.4946333333333533, 0.6295333333333383, 0.13489999999998503, 0.4946333333333159, 0.6745, 0.5845666666666767, 0.7194666666666617, 48.698899999999945, 0.539600000000015, 0.7194666666666617, 49.37339999999995, 0.6745, 0.4046999999999925, 0.17986666666668413, 0.539600000000015, 0.0, 47.48479999999997, 0.4046999999999925, 1.034233333333331, 48.38413333333328, 0.809399999999985, 0.08993333333332335, 0.9443000000000075, 1.034233333333331, 48.33916666666662, 48.698899999999945, 48.38413333333328, 0.13489999999998503, 49.23849999999996, 0.31476666666666914, 47.75459999999998, 1.3939666666666615, 49.05863333333328, 47.889499999999956, 48.968699999999956, 0.5845666666666767, 0.539600000000015, 0.13489999999998503, 1.1691333333333533, 0.6745, 0.04496666666666167, 48.653933333333285, 47.75459999999998, 49.1935333333333, 0.1798666666666467, 0.5845666666666767, 0.44966666666665417, 0.04496666666666167, 0.9892666666666691, 0.539600000000015, 0.9443000000000075, 0.5845666666666767, 0.13489999999998503, 0.539600000000015, 48.878766666666635, 47.39486666666661, 48.5190333333333, 47.79956666666664, 0.08993333333332335, 48.249233333333294, 1.2590666666666765, 0.809399999999985, 1.1691333333333158, 0.44966666666665417, 0.8543666666666466, 0.04496666666666167, 47.93446666666662, 0.04496666666666167, 0.2248333333333458, 0.6745, 0.2698000000000075, 0.2248333333333458, 48.56399999999996, 48.83379999999997, 0.7644333333333234, 47.75459999999998, 48.159299999999966, 0.08993333333332335, 48.0693666666666, 47.93446666666662, 0.6745, 49.013666666666616, 49.46333333333331, 48.653933333333285, 0.08993333333332335, 0.7194666666666617, 0.8543666666666466, 0.35973333333333085, 1.2590666666666765, 1.7087333333333308, 0.31476666666666914, 0.04496666666666167, 1.0791999999999926, 2.1134333333333233, 0.17986666666668413, 0.04496666666666167, 0.7194666666666617, 0.539600000000015, 48.608966666666625, 49.013666666666616, 1.2590666666666765, 1.0791999999999926, 0.4046999999999925, 1.349, 1.2590666666666765, 1.4389333333333234, 0.9443000000000075, 0.08993333333332335, 0.44966666666665417, 0.31476666666666914, 0.4946333333333533, 0.04496666666666167, 0.13489999999998503, 1.3939666666666615, 0.6295333333333383, 0.539600000000015, 0.539600000000015, 0.8543666666666841, 0.539600000000015, 2.248333333333346, 47.889499999999956, 48.159299999999966, 47.61969999999995, 0.9892666666666691, 1.2590666666666765, 48.38413333333328, 48.294199999999954, 48.294199999999954, 0.8543666666666466, 0.31476666666666914, 0.31476666666666914, 0.1798666666666467, 0.6295333333333383, 0.2698000000000075, 0.8993333333333458, 48.608966666666625, 0.44966666666665417, 49.013666666666616, 48.33916666666662, 0.44966666666665417, 0.44966666666665417, 0.8543666666666466, 0.539600000000015, 48.5190333333333, 47.52976666666663, 0.13489999999998503, 48.878766666666635, 0.6295333333333383, 1.6188000000000076, 0.13489999999998503, 0.13489999999998503, 0.17986666666668413, 0.13489999999998503, 49.05863333333328, 0.809399999999985, 0.08993333333332335, 1.3939666666666615, 48.743866666666605, 0.539600000000015, 0.4046999999999925, 48.78883333333331, 1.349, 48.0693666666666, 0.8993333333333458, 0.44966666666665417, 0.08993333333332335, 49.14856666666664, 0.5845666666666767, 0.4946333333333159, 48.33916666666662, 0.8993333333333458, 1.034233333333331, 47.75459999999998, 47.61969999999995, 48.56399999999996, 48.02439999999994, 48.38413333333328, 0.7194666666666617, 47.57473333333329, 0.08993333333332335, 0.04496666666666167, 1.214100000000015, 1.034233333333331, 0.6745, 49.5982333333333, 0.7644333333333234, 48.33916666666662, 48.20426666666663, 0.35973333333333085, 0.2248333333333458, 0.04496666666666167, 49.23849999999996, 0.9892666666666691, 0.13489999999998503, 0.2698000000000075, 49.41836666666661, 48.743866666666605, 0.08993333333332335, 1.2590666666666765, 48.114333333333306, 0.539600000000015, 47.8445333333333, 0.2698000000000075, 0.4946333333333159, 48.02439999999994, 47.97943333333328, 1.349, 46.67539999999995, 0.6745, 0.1798666666666467, 0.6745, 0.539600000000015, 49.95796666666662, 48.38413333333328, 0.539600000000015, 0.31476666666666914, 0.4946333333333159, 1.3939666666666615, 2.698, 1.034233333333331, 0.7644333333333234, 0.7194666666666617, 0.31476666666666914, 0.04496666666666167, 47.70963333333328, 0.4046999999999925, 0.44966666666665417, 0.35973333333333085, 1.7087333333333308, 0.1798666666666467, 0.7194666666666617, 1.5288666666666468, 0.9443000000000075, 0.6295333333333383, 0.2248333333333458, 49.23849999999996, 48.159299999999966, 0.5845666666666767, 0.31476666666666914, 0.2698000000000075, 1.3040333333333383, 0.13489999999998503, 0.4046999999999925, 0.35973333333333085, 0.13489999999998503, 0.1798666666666467, 0.4046999999999925, 48.83379999999997, 0.44966666666665417, 0.17986666666668413, 49.5982333333333, 48.83379999999997, 1.7536999999999925, 0.7194666666666617, 48.83379999999997, 0.2698000000000075, 1.349, 1.9785333333333381, 0.44966666666665417, 0.5845666666666767, 47.439833333333304, 48.294199999999954, 0.6295333333333383, 48.78883333333331, 0.44966666666665417, 0.7194666666666617, 0.35973333333333085, 0.31476666666666914, 0.2698000000000075, 0.2698000000000075, 0.9443000000000075, 0.809399999999985, 0.31476666666666914, 49.37339999999995, 0.6745, 2.248333333333346, 0.8993333333333458, 48.294199999999954, 48.608966666666625, 0.44966666666665417, 48.653933333333285, 0.2698000000000075, 0.6295333333333383, 0.809399999999985, 0.04496666666666167, 0.4946333333333159, 0.2248333333333458, 1.034233333333331, 0.5845666666666767, 0.9892666666666691, 0.6295333333333383, 48.78883333333331, 48.78883333333331, 0.539600000000015, 0.13489999999998503, 0.1798666666666467, 0.539600000000015, 0.8543666666666466, 0.4046999999999925, 1.5288666666666468, 48.159299999999966, 1.4389333333333234, 0.1798666666666467, 1.1241666666666543, 0.17986666666668413, 0.08993333333332335, 48.114333333333306, 0.08993333333332335, 1.034233333333331, 49.37339999999995, 0.4046999999999925, 1.4389333333333234, 0.35973333333333085, 0.8543666666666466, 49.23849999999996, 0.8993333333333458, 0.8543666666666466, 0.6745, 47.439833333333304, 1.214100000000015, 1.7536999999999925, 0.1798666666666467, 1.3939666666666615, 0.6295333333333383, 1.3939666666666615, 0.9892666666666691, 0.13489999999998503, 0.8543666666666841, 1.034233333333331, 48.249233333333294, 0.8993333333333458, 0.4946333333333159, 0.539600000000015, 48.923733333333296, 47.75459999999998, 0.9443000000000075, 0.2698000000000075, 0.539600000000015, 0.2248333333333458, 0.08993333333332335, 0.539600000000015, 50.18279999999997, 0.2698000000000075, 0.0, 0.0, 0.2248333333333458, 0.13489999999998503, 46.85526666666663, 0.08993333333332335, 48.743866666666605, 0.13489999999998503, 0.44966666666665417, 0.1798666666666467, 48.5190333333333, 0.13489999999998503, 0.08993333333332335, 0.7194666666666617, 0.04496666666666167, 0.35973333333333085, 49.10359999999997, 0.35973333333333085, 0.4946333333333159, 48.5190333333333, 0.6745, 0.1798666666666467, 0.2248333333333458, 0.31476666666666914, 0.809399999999985, 0.08993333333332335, 0.7644333333333234, 0.6295333333333383, 0.5845666666666767, 0.7644333333333234, 47.97943333333328, 0.13489999999998503, 46.90023333333329, 48.47406666666664, 0.6745, 0.1798666666666467, 0.8993333333333458, 1.1691333333333158, 0.7644333333333234, 0.31476666666666914, 0.8993333333333458, 0.9443000000000075, 0.7194666666666617, 1.3040333333333383, 0.35973333333333085, 2.383233333333331, 49.14856666666664, 48.42909999999998, 0.2698000000000075, 47.439833333333304, 0.35973333333333085, 0.2698000000000075, 0.08993333333332335, 48.249233333333294, 47.8445333333333, 0.7644333333333234, 0.9892666666666691, 47.93446666666662, 48.653933333333285, 0.31476666666666914, 0.2698000000000075, 47.61969999999995, 0.809399999999985, 0.6295333333333383, 0.2248333333333458, 0.31476666666666914, 0.4046999999999925, 0.4946333333333533, 1.798666666666654, 0.7194666666666617, 0.7644333333333234, 0.539600000000015, 0.7644333333333234, 0.2248333333333458, 0.04496666666666167, 1656.7968333333317, 0.35973333333333085, 0.809399999999985, 0.17986666666668413, 1.349, 0.5845666666666767, 49.013666666666616, 0.809399999999985, 0.9443000000000075, 0.5845666666666767, 0.7194666666666617, 1.0791999999999926, 0.1798666666666467, 0.13489999999998503, 0.2248333333333458, 0.539600000000015, 0.539600000000015, 48.878766666666635, 0.4046999999999925, 0.44966666666665417, 49.05863333333328, 0.6295333333333383, 0.2248333333333458, 0.35973333333333085, 1.034233333333331, 48.923733333333296, 0.0, 48.33916666666662, 0.4946333333333159, 0.7194666666666617, 0.13489999999998503, 0.0, 0.9443000000000075, 1.1241666666666543, 0.08993333333332335, 0.08993333333332335, 0.1798666666666467, 0.13489999999998503, 0.4046999999999925, 0.08993333333332335, 0.7194666666666617, 0.7644333333333234, 0.04496666666666167, 48.42909999999998, 0.2698000000000075, 1.0791999999999926, 1.5288666666666468, 0.44966666666665417, 0.44966666666665417, 0.2248333333333458, 46.90023333333329, 47.66466666666662, 48.42909999999998, 0.31476666666666914, 0.5845666666666767, 0.44966666666665417, 0.2698000000000075, 0.08993333333332335, 0.04496666666666167, 0.6295333333333383, 1.1241666666666543, 0.35973333333333085, 0.31476666666666914, 1.214100000000015, 0.5845666666666767, 0.1798666666666467, 0.809399999999985, 0.17986666666668413, 0.6745, 0.35973333333333085, 0.2698000000000075, 0.9892666666666691, 1.349, 1.663766666666669, 0.08993333333332335, 0.2698000000000075, 0.31476666666666914, 0.7194666666666617, 48.653933333333285, 0.31476666666666914, 0.04496666666666167, 1.0791999999999926, 0.4046999999999925, 0.1798666666666467, 0.31476666666666914, 0.17986666666668413, 0.08993333333332335, 1.2590666666666765, 0.7194666666666617, 0.35973333333333085, 0.08993333333332335, 0.8993333333333458, 0.2698000000000075, 0.04496666666666167, 1.034233333333331, 49.41836666666661, 0.7644333333333234, 0.6295333333333383, 0.6745, 0.4046999999999925, 47.8445333333333, 0.2698000000000075, 47.34989999999994, 0.8993333333333458, 0.9443000000000075, 0.539600000000015, 0.6295333333333383, 0.5845666666666767, 0.4946333333333159, 1.2590666666666765, 48.653933333333285, 0.0, 0.1798666666666467, 0.13489999999998503, 0.13489999999998503, 0.9892666666666691, 0.04496666666666167, 0.35973333333333085, 0.8543666666666466, 0.35973333333333085, 0.5845666666666767, 0.2698000000000075, 0.809399999999985, 0.9892666666666691, 1.1241666666666543, 0.8543666666666466, 0.31476666666666914, 0.0, 0.2698000000000075, 0.2698000000000075, 0.539600000000015, 0.6295333333333383, 0.2248333333333458, 0.35973333333333085, 0.8993333333333458, 0.8543666666666466, 0.08993333333332335, 0.4046999999999925, 0.44966666666665417, 0.1798666666666467, 0.2248333333333458, 0.04496666666666167, 0.7194666666666617, 48.698899999999945, 47.25996666666663, 0.44966666666665417, 0.9892666666666691, 0.2698000000000075, 1.214100000000015, 0.4046999999999925, 0.5845666666666767, 0.4946333333333159, 47.93446666666662, 0.13489999999998503, 48.5190333333333, 0.08993333333332335, 0.2248333333333458, 0.4946333333333159, 1.4389333333333234, 0.04496666666666167, 0.8543666666666466, 1.1691333333333158, 0.31476666666666914, 1.0791999999999926, 0.2248333333333458, 0.8543666666666466, 0.5845666666666767, 1.8885999999999776, 0.4946333333333159, 0.08993333333332335, 1.1691333333333158, 0.6295333333333383, 0.5845666666666767, 0.04496666666666167, 48.159299999999966, 1.0791999999999926, 1.6188000000000076, 48.5190333333333, 48.47406666666664, 0.5845666666666767, 0.9892666666666691, 0.31476666666666914, 1.4838999999999851, 0.13489999999998503, 0.13489999999998503, 0.2248333333333458, 0.8543666666666466, 0.35973333333333085, 0.2698000000000075, 0.6295333333333383, 0.7644333333333234, 0.6295333333333383, 0.13489999999998503, 0.08993333333332335, 1.4389333333333234, 0.08993333333332335, 0.6745, 1.6188000000000076, 0.2248333333333458, 47.75459999999998, 48.698899999999945, 0.35973333333333085, 0.2248333333333458, 0.35973333333333085, 48.56399999999996, 50.76736666666661, 0.31476666666666914, 48.608966666666625, 0.6745, 1.9335666666666766, 1.3040333333333383, 0.8993333333333458, 0.6295333333333383, 48.42909999999998, 0.809399999999985, 0.2698000000000075, 0.5845666666666767, 0.13489999999998503, 0.539600000000015, 0.6295333333333383, 0.6745, 49.14856666666664, 0.35973333333333085, 0.5845666666666767, 48.743866666666605, 48.294199999999954, 0.04496666666666167, 0.539600000000015, 48.653933333333285, 0.35973333333333085, 0.2248333333333458, 0.2698000000000075, 0.44966666666665417, 0.13489999999998503, 0.08993333333332335, 0.809399999999985, 0.2698000000000075, 0.5845666666666767, 0.13489999999998503, 0.9892666666666691, 0.2698000000000075, 0.8543666666666466, 0.1798666666666467, 0.44966666666665417, 0.44966666666665417, 0.0, 0.4946333333333533, 0.2248333333333458, 48.83379999999997, 48.42909999999998, 1.034233333333331, 49.64319999999996, 0.2698000000000075, 47.97943333333328, 0.8543666666666466, 1.3040333333333383, 0.17986666666668413, 0.6295333333333383, 0.04496666666666167, 0.4046999999999925, 0.539600000000015, 0.2248333333333458, 1.214100000000015, 0.4046999999999925, 0.04496666666666167, 0.8543666666666466, 0.2248333333333458, 0.8543666666666466, 1.2590666666666765, 0.31476666666666914, 0.13489999999998503, 0.0, 2.2033666666666467, 1.1691333333333158, 0.9892666666666691, 0.35973333333333085, 0.13489999999998503, 47.70963333333328, 0.8993333333333458, 47.439833333333304, 0.31476666666666914, 1.4838999999999851, 48.653933333333285, 0.4946333333333159, 49.23849999999996, 0.08993333333332335, 0.7644333333333234, 1.7087333333333308, 0.04496666666666167, 0.2248333333333458, 0.6745, 0.08993333333332335, 0.539600000000015, 48.114333333333306, 0.8543666666666841, 0.31476666666666914, 0.4046999999999925, 1.2590666666666765, 48.878766666666635, 0.31476666666666914, 0.13489999999998503, 0.1798666666666467, 0.31476666666666914, 0.809399999999985, 1.0791999999999926, 1.5738333333333459, 48.83379999999997, 0.809399999999985, 0.35973333333333085, 0.7644333333333234, 0.2248333333333458, 0.17986666666668413, 49.14856666666664, 48.698899999999945, 0.809399999999985, 0.31476666666666914, 0.5845666666666767, 0.17986666666668413, 0.04496666666666167, 0.4946333333333533, 1.663766666666669, 0.08993333333332335, 0.04496666666666167, 0.13489999999998503, 0.2698000000000075, 0.6295333333333383, 0.4046999999999925, 1.1241666666666543, 0.04496666666666167, 0.08993333333332335, 0.809399999999985, 0.4046999999999925, 0.6745, 0.08993333333332335, 0.6745, 0.31476666666666914, 0.04496666666666167, 0.31476666666666914, 0.35973333333333085, 48.33916666666662, 0.0, 48.294199999999954, 1.1241666666666543, 0.5845666666666767, 0.44966666666665417, 0.4946333333333533, 0.7644333333333234, 1.349, 0.2698000000000075, 0.31476666666666914, 0.08993333333332335, 0.4946333333333159, 0.4046999999999925, 0.9892666666666691, 0.6745, 0.6745, 0.8993333333333458, 0.44966666666665417, 0.6295333333333383, 0.0, 1.0791999999999926, 0.7644333333333234, 0.13489999999998503, 1.3040333333333383, 0.2698000000000075, 0.2248333333333458, 0.4946333333333533, 0.4046999999999925, 0.31476666666666914, 0.2698000000000075, 0.31476666666666914, 0.0, 0.2698000000000075, 0.4946333333333159, 0.4946333333333533, 2.0235, 0.1798666666666467, 0.2698000000000075, 1.3040333333333383, 48.249233333333294, 49.28346666666662, 1.349, 0.6295333333333383, 0.4046999999999925, 1.1691333333333533, 0.2248333333333458, 0.0, 0.5845666666666767, 1.2590666666666765, 0.6295333333333383, 0.2698000000000075, 0.13489999999998503, 0.9892666666666691, 0.4046999999999925, 48.02439999999994, 0.44966666666665417, 0.2698000000000075, 0.2698000000000075, 0.44966666666665417, 0.31476666666666914, 0.13489999999998503, 0.2248333333333458, 0.539600000000015, 0.9443000000000075, 1.214100000000015, 0.0, 49.10359999999997, 0.4946333333333159, 0.17986666666668413, 0.809399999999985, 0.539600000000015, 0.2698000000000075, 0.35973333333333085, 0.5845666666666767, 0.13489999999998503, 1.0791999999999926, 0.44966666666665417, 0.04496666666666167, 0.5845666666666767, 0.44966666666665417, 0.08993333333332335, 0.6745, 0.4046999999999925, 0.04496666666666167, 0.04496666666666167, 57.073076923079526, 57.17684615384876, 56.19103846154104, 55.931615384617935, 54.89392307692561, 55.879730769233326, 55.153346153848666, 56.76176923077181, 56.24292307692565, 55.67219230769488, 0.15565384615387937, 0.15565384615383618, 0.2594230769231035, 0.20753846153844824, 1.0895769230769827, 0.8301538461538793, 0.10376923076922412, 0.6226153846153879, 0.5707307692308191, 0.20753846153844824, 1.3490000000000864, 0.7263846153846553, 1.8678461538462503, 55.10146153846406, 1.2452307692308622, 0.31130769230771554, 57.64380769231035, 0.9858076923077588, 1.0895769230769827, 0.466961538461595, 0.15565384615383618, 1.660307692307802, 0.518846153846207, 0.05188461538461206, 0.9339230769231035, 0.20753846153844824, 1.349000000000043, 0.2594230769231035, 0.7782692307692674, 0.2594230769230603, 0.10376923076922412, 1.141461538461595, 0.8301538461538793, 0.466961538461595, 0.15565384615387937, 0.9858076923077588, 1.5046538461539225, 56.76176923077181, 0.8820384615385346, 0.05188461538461206, 56.19103846154104, 55.62030769231022, 1.3490000000000864, 56.08726923077182, 54.47884615384867, 1.815961538461638, 56.34669230769487, 0.05188461538461206, 56.0353846153872, 0.0, 2.127269230769354, 0.20753846153844824, 0.0, 0.36319230769232763, 2.0753846153847415, 0.2594230769230603, 1.0895769230769827, 0.2594230769230603, 0.36319230769232763, 55.62030769231022, 1.193346153846207, 0.7782692307692674, 0.36319230769232763, 0.466961538461595, 0.20753846153849145, 0.10376923076926732, 55.67219230769488, 56.502346153848755, 0.9339230769231467, 55.516538461540996, 55.72407692307949, 0.5707307692307759, 0.9339230769231467, 1.2971153846154744, 56.39857692307949, 56.45046153846415, 57.073076923079526, 0.15565384615383618, 0.466961538461595, 0.518846153846207, 0.31130769230771554, 0.0, 1.349000000000043, 0.20753846153849145, 0.31130769230771554, 57.69569230769496, 54.42696153846401, 56.294807692310265, 55.82784615384871, 0.8301538461538793, 0.7782692307692674, 1.0895769230769827, 56.08726923077182, 0.2594230769230603, 56.0353846153872, 56.554230769233364, 55.98350000000255, 1.660307692307802, 0.5188461538461638, 0.05188461538461206, 0.0, 0.20753846153844824, 1.5046538461539225, 0.15565384615383618, 1.349000000000043, 1.2971153846154744, 56.34669230769487, 56.19103846154104, 55.67219230769488, 0.05188461538461206, 1.815961538461638, 0.46696153846155175, 0.31130769230771554, 1.7640769230770261, 56.60611538461798, 56.96930769231031, 1.141461538461595, 0.2594230769230603, 0.2594230769231035, 1.815961538461638, 0.8820384615385346, 0.8301538461538793, 2.0235000000000865, 0.10376923076926732, 0.8820384615384915, 0.20753846153844824, 0.36319230769232763, 0.10376923076922412, 0.46696153846155175, 0.518846153846207, 0.5707307692308191, 0.8301538461538793, 1.193346153846207, 0.36319230769232763, 0.05188461538461206, 0.10376923076922412, 0.10376923076922412, 1.193346153846207, 0.8301538461538793, 2.179153846153923, 1.0895769230769827, 0.10376923076926732, 0.0, 0.41507692307693966, 0.8301538461538793, 0.41507692307693966, 0.10376923076926732, 0.10376923076922412, 0.46696153846155175, 0.5188461538461638, 0.8301538461538793, 0.10376923076926732, 1.193346153846207, 0.518846153846207, 1.2971153846154744, 1.193346153846207, 0.05188461538461206, 0.7263846153846553, 0.15565384615383618, 0.20753846153844824, 0.05188461538461206, 0.9339230769231467, 1.2971153846154744, 0.7263846153846553, 1.0895769230769827, 0.6226153846154311, 0.05188461538461206, 1.0895769230769827, 1.4527692307692675, 56.81365384615647, 57.02119230769492, 56.502346153848755, 0.15565384615387937, 0.466961538461595, 1.4527692307693105, 0.15565384615387937, 0.31130769230767236, 0.0, 56.60611538461798, 55.879730769233326, 56.19103846154104, 0.466961538461595, 54.68638461538712, 0.466961538461595, 56.60611538461798, 0.20753846153849145, 1.815961538461638, 56.502346153848755, 0.31130769230771554, 0.8301538461538793, 55.30900000000255, 55.10146153846406, 0.41507692307693966, 0.46696153846155175, 0.36319230769232763, 1.6084230769231467, 0.5707307692308191, 0.466961538461595, 0.41507692307693966, 0.6226153846153879, 0.05188461538461206, 1.4527692307692675, 0.10376923076922412, 0.8820384615385346, 0.05188461538461206, 0.41507692307693966, 0.8820384615385346, 1.4527692307693105, 0.6745000000000001, 55.30900000000255, 54.68638461538712, 54.219423076925565, 55.41276923077177, 0.15565384615383618, 55.360884615387164, 0.518846153846207, 57.12496153846414, 0.46696153846155175, 0.6745000000000432, 56.08726923077182, 1.193346153846207, 0.20753846153849145, 0.36319230769232763, 0.15565384615383618, 1.4527692307692675, 0.41507692307693966, 0.518846153846207, 1.0376923076923708, 0.6226153846154311, 0.6745000000000432, 1.712192307692414, 1.0376923076923277, 0.41507692307693966, 0.46696153846155175, 1.660307692307802, 0.9339230769231035, 0.20753846153849145, 0.10376923076926732, 1.5046538461539225, 0.5707307692308191, 0.05188461538461206, 0.15565384615383618, 1.712192307692414, 0.6745000000000001, 0.15565384615383618, 0.20753846153844824, 0.46696153846155175, 1.712192307692414, 0.10376923076922412, 0.10376923076926732, 1.5046538461539225, 0.6226153846153879, 0.5188461538461638, 0.8301538461538793, 0.41507692307693966, 0.10376923076926732, 0.5707307692307759, 0.2594230769230603, 0.6745000000000432, 1.4527692307693105, 0.10376923076922412, 0.31130769230771554, 1.193346153846207, 0.518846153846207, 0.15565384615383618, 54.790153846156336, 0.20753846153849145, 1.0895769230769397, 55.98350000000255, 0.6226153846154311, 0.466961538461595, 0.05188461538461206, 0.2594230769230603, 0.9339230769231035, 0.5707307692308191, 56.24292307692565, 56.502346153848755, 1.660307692307802, 0.15565384615383618, 1.5046538461539225, 55.67219230769488, 1.660307692307802, 1.2971153846154744, 0.6226153846153879, 1.9197307692308623, 0.7782692307692674, 0.0, 1.2971153846154744, 0.10376923076922412, 0.5707307692307759, 0.05188461538461206, 0.10376923076926732, 0.20753846153849145, 0.7782692307692674, 0.10376923076926732, 1.193346153846207, 0.41507692307693966, 0.15565384615387937, 56.81365384615647, 0.31130769230771554, 1.4008846153846986, 1.0376923076923708, 56.81365384615647, 0.10376923076926732, 56.13915384615643, 0.7263846153846553, 0.15565384615383618, 0.8301538461538793, 0.8820384615384915, 0.05188461538461206, 0.5707307692308191, 0.46696153846155175, 0.2594230769231035, 0.20753846153844824, 56.24292307692565, 55.72407692307949, 55.41276923077177, 0.36319230769232763, 0.10376923076922412, 55.568423076925605, 56.45046153846415, 1.141461538461595, 0.7782692307692674, 56.294807692310265, 0.6745000000000432, 0.20753846153844824, 0.2594230769230603, 1.0376923076923277, 0.0, 1.141461538461595, 0.20753846153844824, 0.466961538461595, 0.10376923076926732, 0.05188461538461206, 0.10376923076926732, 0.466961538461595, 1.4527692307692675, 0.36319230769232763, 0.15565384615387937, 0.466961538461595, 0.8820384615385346, 1.4527692307692675, 1.5565384615385347, 0.20753846153844824, 0.46696153846155175, 0.20753846153844824, 0.41507692307693966, 1.6084230769231467, 0.7782692307692674, 0.10376923076922412, 0.7782692307692674, 0.31130769230767236, 1.141461538461595, 0.15565384615383618, 0.41507692307693966, 0.6745000000000432, 1.141461538461595, 0.9858076923077155, 0.2594230769231035, 0.6745000000000432, 0.6226153846153879, 0.8301538461538793, 0.6745000000000432, 0.10376923076926732, 0.9858076923077155, 1.5046538461539225, 0.10376923076922412, 56.19103846154104, 55.516538461540996, 0.20753846153844824, 1.712192307692414, 0.36319230769232763, 0.6745000000000432, 1.4008846153846986, 56.917423076925694, 54.84203846154095, 0.36319230769232763, 55.62030769231022, 0.2594230769231035, 0.31130769230767236, 0.05188461538461206, 0.0, 0.6226153846154311, 1.660307692307802, 0.7263846153846553, 0.05188461538461206, 0.7263846153846553, 0.518846153846207, 0.7263846153846553, 0.15565384615383618, 0.2594230769231035, 0.05188461538461206, 0.6226153846154311, 1.0895769230769827, 0.5188461538461638, 0.9858076923077588, 0.7263846153846553, 0.05188461538461206, 0.5707307692308191, 0.05188461538461206, 1.141461538461595, 0.36319230769232763, 56.34669230769487, 55.67219230769488, 55.67219230769488, 0.7263846153846553, 0.6226153846154311, 55.67219230769488, 0.518846153846207, 56.24292307692565, 57.228730769233415, 0.46696153846155175, 0.31130769230767236, 56.13915384615643, 55.82784615384871, 1.2971153846154313, 0.05188461538461206, 0.518846153846207, 1.8678461538462503, 1.141461538461595, 55.46465384615638, 55.30900000000255, 2.0753846153847415, 0.6745000000000432, 0.10376923076922412, 0.15565384615387937, 0.7782692307692674, 0.6745000000000432, 0.5188461538461638, 1.5565384615385347, 0.20753846153844824, 1.4527692307693105, 0.8820384615385346, 0.10376923076922412, 0.466961538461595, 0.466961538461595, 0.6745000000000001, 0.9339230769231467, 0.05188461538461206, 0.05188461538461206, 0.0, 0.36319230769232763, 0.10376923076926732, 0.8820384615384915, 0.46696153846155175, 0.0, 0.15565384615387937, 0.5707307692308191, 0.6226153846153879, 1.9197307692308623, 0.9339230769231467, 1.2452307692308622, 0.9339230769231035, 0.15565384615387937, 56.502346153848755, 0.05188461538461206, 0.6226153846153879, 0.10376923076926732, 0.518846153846207, 0.20753846153849145, 55.41276923077177, 0.466961538461595, 0.6226153846153879, 0.7782692307692674, 0.0, 0.05188461538461206, 0.05188461538461206, 0.6745000000000432, 0.41507692307693966, 1.712192307692414, 0.6745000000000001, 0.7263846153846553, 1.0895769230769827, 0.9858076923077588, 0.9858076923077588, 0.8301538461538793, 1.0895769230769827, 1.141461538461595, 0.7782692307692674, 57.17684615384876, 56.81365384615647, 57.073076923079526, 0.6226153846153879, 54.582615384617895, 2.231038461538578, 1.141461538461595, 1.141461538461595, 56.08726923077182, 0.6226153846153879, 0.5188461538461638, 0.41507692307693966, 0.8820384615384915, 1.660307692307802, 1.3490000000000864, 0.6745000000000432, 56.34669230769487, 0.05188461538461206, 55.72407692307949, 55.568423076925605, 56.554230769233364, 1.4008846153846986, 55.7759615384641, 55.516538461540996, 56.0353846153872, 0.9858076923077588, 1.0895769230769397, 54.84203846154095, 56.81365384615647, 0.7782692307692674, 55.931615384617935, 0.9339230769231035, 56.96930769231031, 57.12496153846414, 56.60611538461798, 57.02119230769492, 0.5707307692308191, 56.76176923077181, 0.2594230769231035, 0.6226153846154311, 0.0, 1.0376923076923708, 0.10376923076926732, 1.0895769230769827, 0.5707307692308191, 1.3490000000000864, 0.31130769230771554, 0.7263846153846553, 0.41507692307693966, 1.0376923076923277, 0.8820384615384915, 0.7782692307692674, 0.15565384615387937, 0.20753846153844824, 0.7782692307692674, 54.68638461538712, 56.08726923077182, 0.46696153846155175, 0.20753846153849145, 0.7782692307692674, 0.15565384615387937, 0.46696153846155175, 0.2594230769231035, 0.9339230769231467, 1.2452307692308622, 0.6745000000000001, 1.7121923076923709, 1.2971153846154313, 0.15565384615383618, 55.62030769231022, 55.360884615387164, 0.05188461538461206, 0.7263846153846553, 0.0, 0.10376923076926732, 0.20753846153849145, 0.10376923076926732, 0.6226153846154311, 0.20753846153849145, 0.36319230769232763, 55.879730769233326, 0.20753846153849145, 1.141461538461595, 0.8301538461538793, 54.53073076923328, 56.96930769231031, 0.5707307692308191, 0.466961538461595, 0.31130769230767236, 0.8820384615385346, 1.0376923076923277, 55.46465384615638, 0.20753846153844824, 0.0, 1.2971153846154744, 1.0376923076923708, 1.0376923076923708, 56.13915384615643, 55.360884615387164, 56.554230769233364, 0.7782692307692674, 0.10376923076926732, 0.0, 57.280615384618024, 56.39857692307949, 54.94580769231022, 55.62030769231022, 0.9858076923077588, 0.5707307692308191, 0.31130769230771554, 0.31130769230767236, 0.36319230769232763, 0.9339230769231467, 55.30900000000255, 56.0353846153872, 0.8820384615384915, 0.9858076923077588, 56.45046153846415, 55.72407692307949, 0.7263846153846553, 0.15565384615383618, 2.0235000000000865, 0.5707307692307759, 0.8301538461538793, 1.5046538461539225, 0.41507692307693966, 1.141461538461595, 0.6226153846154311, 0.31130769230767236, 0.20753846153844824, 0.8820384615385346, 0.466961538461595, 0.6745000000000001, 0.10376923076922412, 0.05188461538461206, 0.20753846153844824, 1.349000000000043, 2.127269230769354, 1.4008846153846553, 0.466961538461595, 57.17684615384876, 54.634500000002504, 0.8301538461538793, 54.73826923077173, 0.10376923076926732, 0.6745000000000001, 0.31130769230771554, 55.516538461540996, 56.7098846153872, 0.31130769230767236, 0.7263846153846553, 0.15565384615383618, 56.13915384615643, 54.89392307692561, 0.10376923076926732, 56.19103846154104, 0.2594230769230603, 2.0235000000000865, 0.41507692307693966, 0.6745000000000001, 0.5188461538461638, 0.20753846153844824, 2.0753846153847415, 1.4008846153846553, 0.6745000000000432, 0.31130769230771554, 0.41507692307693966, 0.15565384615383618, 0.518846153846207, 0.8301538461538793, 0.41507692307693966, 1.0376923076923277, 0.41507692307693966, 0.36319230769232763, 0.36319230769232763, 0.41507692307693966, 1.141461538461595, 0.8301538461538793, 1.0376923076923708, 0.46696153846155175, 1.764076923076983, 56.502346153848755, 55.568423076925605, 0.2594230769231035, 56.554230769233364, 56.39857692307949, 1.193346153846207, 0.10376923076926732, 1.0376923076923277, 0.20753846153849145, 0.36319230769232763, 0.41507692307693966, 0.7263846153846553, 0.9858076923077588, 0.9858076923077588, 0.10376923076922412, 0.2594230769230603, 1.0895769230769827, 1.9716153846154743, 0.9339230769231467, 1.9716153846154743, 0.20753846153849145, 0.36319230769232763, 1.4008846153846553, 1.0376923076923277, 0.9339230769231035, 0.31130769230767236, 1.5565384615385347, 0.46696153846155175, 0.10376923076926732, 0.6745000000000001, 0.10376923076926732, 0.05188461538461206, 55.72407692307949, 55.62030769231022, 2.179153846153923, 0.0, 56.13915384615643, 55.360884615387164, 0.15565384615387937, 0.6745000000000001, 56.19103846154104, 0.0, 0.20753846153844824, 57.38438461538725, 55.30900000000255, 2.0753846153847415, 55.04957692307944, 0.10376923076922412, 0.41507692307693966, 55.7759615384641, 0.7263846153846553, 0.6226153846153879, 0.36319230769232763, 0.41507692307693966, 0.466961538461595, 0.5707307692308191, 0.5188461538461638, 0.46696153846155175, 1.5565384615385347, 0.2594230769231035, 1.0895769230769827, 0.466961538461595, 0.7782692307692674, 0.466961538461595, 0.9858076923077588, 1.0895769230769827, 55.10146153846406, 1.8678461538462503, 1.2971153846154313, 0.6745000000000001, 1.193346153846207, 1.349000000000043, 1.193346153846207, 55.72407692307949, 56.19103846154104, 56.294807692310265, 0.2594230769231035, 0.10376923076926732, 0.518846153846207, 0.46696153846155175, 0.2594230769231035, 0.10376923076926732, 0.6226153846154311, 0.9858076923077155, 1.193346153846207, 1.5565384615385347, 1.193346153846207, 55.98350000000255, 0.05188461538461206, 0.6745000000000432, 0.6745000000000432, 0.9339230769231467, 0.5188461538461638, 0.5707307692307759, 0.9858076923077588, 0.5707307692307759, 0.05188461538461206, 0.8301538461538793, 56.554230769233364, 0.2594230769231035, 1.0376923076923277, 0.05188461538461206, 0.41507692307693966, 0.10376923076922412, 0.466961538461595, 0.41507692307693966, 0.7263846153846553, 0.31130769230771554, 1.4527692307693105, 0.2594230769230603, 0.6226153846153879, 0.6745000000000432, 0.41507692307693966, 0.518846153846207, 0.15565384615383618, 1.0376923076923708, 0.36319230769232763, 0.31130769230767236, 0.05188461538461206, 1.4527692307692675, 0.6226153846153879, 0.6745000000000001, 0.5188461538461638, 0.20753846153844824, 55.62030769231022, 0.0, 56.7098846153872, 1.0376923076923708, 55.04957692307944, 0.7782692307692674, 0.41507692307693966, 0.6226153846153879, 0.5707307692307759, 0.46696153846155175, 0.7263846153846553, 0.15565384615383618, 0.36319230769232763, 1.141461538461595, 0.9858076923077588, 0.10376923076926732, 0.41507692307693966, 0.8820384615385346, 1.193346153846207, 0.41507692307693966, 0.05188461538461206, 0.466961538461595, 1.5046538461539225, 0.10376923076926732, 0.518846153846207, 0.36319230769232763, 0.31130769230771554, 0.46696153846155175, 1.0376923076923277, 1.712192307692414, 0.5707307692308191, 57.43626923077186, 0.05188461538461206, 0.20753846153849145, 0.9858076923077155, 0.05188461538461206, 0.20753846153849145, 0.518846153846207, 0.10376923076926732, 0.9339230769231035, 0.05188461538461206, 0.36319230769232763, 1.141461538461595, 0.31130769230771554, 0.7263846153846553, 1.5565384615385347, 2.0235000000000865, 1.141461538461595, 1.660307692307802, 0.36319230769232763, 0.8820384615384915, 0.2594230769230603, 0.5707307692307759, 0.5707307692308191, 0.9858076923077155, 0.41507692307693966, 0.2594230769230603, 0.46696153846155175, 0.9858076923077588, 0.2594230769230603, 1.4527692307693105, 0.36319230769232763, 0.7782692307692674, 1.3490000000000864, 0.2594230769230603, 0.2594230769231035, 0.15565384615383618, 1.5565384615385347, 0.2594230769230603, 0.9339230769231467, 0.31130769230771554, 0.15565384615383618, 0.7782692307692674, 1.2971153846154744, 0.31130769230767236, 56.08726923077182, 55.98350000000255, 55.30900000000255, 56.08726923077182, 0.10376923076922412, 0.41507692307693966, 0.10376923076926732, 0.9339230769231035, 0.9858076923077155, 0.9339230769231467, 0.10376923076922412, 0.0, 0.5188461538461638, 55.10146153846406, 55.20523076923328, 2.4904615384616813, 0.6745000000000432, 55.98350000000255, 0.15565384615383618, 0.10376923076922412, 0.10376923076922412, 1.6084230769231467, 0.10376923076926732, 54.89392307692561, 1.0895769230769397, 0.5188461538461638, 57.12496153846414, 0.31130769230771554, 56.45046153846415, 0.15565384615383618, 0.36319230769232763, 56.86553846154108, 55.20523076923328, 0.7782692307692674, 56.81365384615647, 0.10376923076926732, 0.9858076923077588, 0.10376923076926732, 1.141461538461595, 1.0895769230769827, 56.294807692310265, 0.6226153846154311, 1.7640769230770261, 0.9339230769231467, 0.2594230769230603, 0.10376923076926732, 0.10376923076926732, 0.9339230769231035, 1.0376923076923708, 0.05188461538461206, 0.9339230769231467, 0.7263846153846553, 0.10376923076922412, 2.334807692307802, 1.815961538461638, 0.518846153846207, 0.05188461538461206, 0.7263846153846553, 0.7263846153846553, 0.7263846153846553, 0.41507692307693966, 0.518846153846207, 0.7782692307692674, 0.46696153846155175, 56.7098846153872, 0.36319230769232763, 55.62030769231022, 0.5707307692307759, 0.5707307692308191, 0.36319230769232763, 0.0, 0.10376923076926732, 1.141461538461595, 1.5565384615385347, 0.05188461538461206, 0.41507692307693966, 1.0895769230769827, 0.41507692307693966, 0.15565384615383618, 1.5565384615385347, 0.518846153846207, 0.7782692307692674, 1.7640769230770261, 0.8820384615385346, 1.5046538461539225, 0.15565384615383618, 0.10376923076922412, 0.9858076923077588, 0.7263846153846553, 0.0, 1.0895769230769397, 0.8301538461538793, 0.5188461538461638, 0.5188461538461638, 0.31130769230767236, 0.2594230769231035, 0.15565384615383618, 55.46465384615638, 0.10376923076922412, 1.3490000000000864, 0.05188461538461206, 1.3490000000000864, 0.6226153846154311, 55.7759615384641, 55.04957692307944, 0.05188461538461206, 0.20753846153844824, 0.2594230769230603, 0.36319230769232763, 0.5707307692308191, 56.60611538461798, 0.7782692307692674, 0.36319230769232763, 0.8820384615385346, 0.2594230769231035, 0.466961538461595, 0.5707307692308191, 1.3490000000000864, 0.8820384615384915, 1.2971153846154313, 0.518846153846207, 56.86553846154108, 0.466961538461595, 0.20753846153844824, 0.2594230769230603, 0.5188461538461638, 0.36319230769232763, 0.10376923076922412, 0.31130769230771554, 0.10376923076922412, 0.36319230769232763, 0.15565384615383618, 1.193346153846207, 0.9858076923077588, 0.20753846153849145, 0.8820384615385346, 0.5707307692308191, 0.7263846153846553, 0.20753846153844824, 0.10376923076922412, 0.466961538461595, 0.6226153846153879, 0.5707307692308191, 1.193346153846207, 0.05188461538461206, 0.6745000000000432, 0.7782692307692674, 0.41507692307693966, 0.2594230769231035, 0.31130769230767236, 0.2594230769231035, 1.5046538461539225, 0.7782692307692674, 0.36319230769232763, 0.6745000000000001, 0.8820384615385346, 0.20753846153844824, 0.15565384615387937, 0.20753846153844824, 0.466961538461595, 0.6745000000000001, 0.518846153846207, 2.0753846153846984, 0.20753846153849145, 0.5188461538461638, 0.7263846153846553, 0.466961538461595, 1.9716153846154743, 0.10376923076922412, 56.76176923077181, 0.36319230769232763, 0.10376923076926732, 1.660307692307802, 0.6226153846153879, 0.41507692307693966, 0.9339230769231467, 0.8301538461538793, 0.2594230769230603, 0.9858076923077155, 0.7782692307692674, 0.05188461538461206, 0.7263846153846553, 1.4527692307693105, 1.2971153846154744, 0.36319230769232763, 0.6226153846154311, 0.10376923076922412, 1.5046538461539225, 0.9339230769231035, 0.6226153846154311, 0.20753846153844824, 56.658000000002595, 2.7498846153847416, 54.94580769231022, 0.36319230769232763, 0.9339230769231035, 56.658000000002595, 0.7782692307692674, 0.41507692307693966, 1.815961538461638, 1.0376923076923277, 0.466961538461595, 0.7263846153846553, 0.41507692307693966, 0.2594230769231035, 0.5707307692308191, 1.3490000000000864, 0.518846153846207, 0.9339230769231035, 0.31130769230771554, 0.05188461538461206, 1.8159615384615948, 0.15565384615383618, 0.05188461538461206, 0.6226153846154311, 0.0, 0.2594230769230603, 0.2594230769230603, 0.05188461538461206, 1.0895769230769827, 0.15565384615383618, 57.02119230769492, 55.931615384617935, 0.20753846153844824, 0.31130769230771554, 0.6745000000000432, 0.6226153846154311, 55.30900000000255, 57.17684615384876, 0.6745000000000001, 56.81365384615647, 1.0895769230769827, 0.8301538461538793, 28252.62584615515, 28309.076307693613, 0.41507692307693966, 0.20753846153849145, 0.05188461538461206, 56.502346153848755, 0.7782692307692674, 0.8820384615385346, 0.15565384615383618, 0.0, 56.0353846153872, 55.41276923077177, 0.9339230769231467, 0.41507692307693966, 0.31130769230767236, 1.6084230769231467, 0.2594230769231035, 0.518846153846207, 1.5565384615385347, 0.9858076923077155, 1.0376923076923708, 1.2971153846154744, 1.141461538461595, 1.0895769230769397, 1.3490000000000864, 0.10376923076926732, 1.5565384615385347, 0.36319230769232763, 0.7782692307692674, 0.20753846153849145, 0.7263846153846553, 1.0895769230769827, 0.2594230769230603, 0.8301538461538793, 0.05188461538461206, 0.8301538461538793, 1.2971153846154313, 0.5707307692308191, 0.7263846153846553, 0.31130769230771554, 0.10376923076926732, 0.5188461538461638, 0.15565384615387937, 0.2594230769231035, 0.2594230769230603, 2.0753846153847415, 0.518846153846207, 0.20753846153844824, 1.7640769230770261, 0.36319230769232763, 0.36319230769232763, 1.7121923076923709, 1.193346153846207, 1.5046538461539225, 1.4008846153846986, 0.15565384615383618, 0.15565384615383618, 0.7782692307692674, 0.10376923076922412, 1.764076923076983, 55.82784615384871, 1.660307692307802, 0.466961538461595, 1.9716153846154743, 0.36319230769232763, 1.4008846153846553, 0.41507692307693966, 0.6226153846154311, 0.6226153846153879, 0.7782692307692674, 0.7782692307692674, 0.5188461538461638, 0.31130769230767236, 0.5707307692308191, 0.5188461538461638, 0.41507692307693966, 0.15565384615383618, 0.10376923076926732, 56.34669230769487, 1.4008846153846986, 0.7263846153846553, 0.20753846153844824, 0.518846153846207, 55.46465384615638, 55.931615384617935, 0.0, 0.36319230769232763, 54.997692307694834, 1.3490000000000864, 0.05188461538461206, 0.6226153846153879, 57.17684615384876, 55.568423076925605, 0.15565384615387937, 57.280615384618024, 0.8301538461538793, 0.31130769230771554, 0.8820384615385346, 1.5046538461539225, 0.8301538461538793, 0.5188461538461638, 0.46696153846155175, 0.518846153846207, 1.3490000000000864, 0.9339230769231035, 0.36319230769232763, 0.36319230769232763, 0.2594230769231035, 0.31130769230771554, 1.0376923076923708, 0.41507692307693966, 0.2594230769231035, 57.38438461538725, 56.294807692310265, 0.10376923076926732, 1.2971153846154744, 56.39857692307949, 1.9716153846154743, 0.6745000000000001, 0.20753846153844824, 55.931615384617935, 0.5707307692308191, 56.917423076925694, 54.73826923077173, 56.45046153846415, 0.31130769230771554, 2.5942307692309057, 0.41507692307693966, 0.36319230769232763, 0.05188461538461206, 0.10376923076922412, 0.7263846153846553, 57.64380769231035, 54.790153846156336, 57.02119230769492, 0.8301538461538793, 55.82784615384871, 0.5707307692307759, 56.76176923077181, 0.2594230769230603, 56.39857692307949, 0.8301538461538793, 0.31130769230767236, 0.10376923076926732, 0.36319230769232763, 1.3490000000000864, 1.7640769230770261, 0.9858076923077588, 0.0, 0.36319230769232763, 1.2971153846154313, 0.6226153846153879, 0.5188461538461638, 1.349000000000043, 0.5188461538461638, 0.9339230769231467, 1.0895769230769827, 0.2594230769230603, 0.31130769230767236, 1.2971153846154744, 55.879730769233326, 56.554230769233364, 0.6745000000000001, 0.2594230769231035, 1.3490000000000864, 56.39857692307949, 56.658000000002595, 0.41507692307693966, 1.0895769230769827, 1.9197307692308623, 0.31130769230771554, 1.141461538461595, 0.2594230769231035, 1.193346153846207, 0.5707307692308191, 0.9339230769231467, 1.3490000000000864, 0.5707307692308191, 0.05188461538461206, 0.15565384615383618, 0.6745000000000001, 0.7782692307692674, 0.10376923076926732, 0.6745000000000432, 0.7263846153846553, 0.6745000000000001, 0.15565384615387937, 0.20753846153844824, 1.5046538461539225, 0.7782692307692674, 0.41507692307693966, 0.8820384615385346, 56.502346153848755, 55.879730769233326, 55.20523076923328, 0.6226153846153879, 1.5565384615385347, 1.4527692307693105, 0.5707307692307759, 56.86553846154108, 0.10376923076922412, 0.0, 0.36319230769232763, 2.0753846153847415, 0.36319230769232763, 0.41507692307693966, 2.0235000000000865, 0.6226153846154311, 0.20753846153844824, 0.2594230769230603, 0.5707307692307759, 57.073076923079526, 1.3490000000000864, 0.2594230769231035, 1.141461538461595, 55.41276923077177, 1.9197307692308623, 1.712192307692414, 0.2594230769231035, 56.13915384615643, 56.13915384615643, 0.15565384615387937, 56.34669230769487, 0.15565384615387937, 0.7782692307692674, 55.62030769231022, 54.790153846156336, 55.98350000000255, 1.9716153846154743, 0.6226153846153879, 0.41507692307693966, 0.5188461538461638, 0.6226153846153879, 0.05188461538461206, 0.31130769230767236, 1.3490000000000864, 0.7782692307692674, 0.518846153846207, 0.9339230769231035, 0.2594230769230603, 0.05188461538461206, 0.7782692307692674, 0.6226153846153879, 0.36319230769232763, 0.7782692307692674, 0.41507692307693966, 0.10376923076922412, 0.8301538461538793, 0.20753846153844824, 1.0376923076923708, 0.6226153846154311, 0.7782692307692674, 56.81365384615647, 0.15565384615387937, 0.5707307692307759, 1.3490000000000864, 0.6226153846154311, 1.193346153846207, 0.7263846153846553, 0.31130769230771554, 1.4527692307693105, 1.0895769230769827, 0.6226153846154311, 0.5707307692307759, 0.2594230769230603, 0.20753846153844824, 0.20753846153849145, 0.46696153846155175, 0.46696153846155175, 0.36319230769232763, 1.660307692307802, 0.466961538461595, 0.10376923076926732, 56.658000000002595, 56.917423076925694, 0.6745000000000432, 1.193346153846207, 0.2594230769231035, 1.5046538461539225, 56.96930769231031, 56.502346153848755, 0.518846153846207, 57.228730769233415, 0.8301538461538793, 56.294807692310265, 0.6745000000000001, 1.2971153846154313, 56.39857692307949, 0.2594230769231035, 0.6745000000000001, 0.5707307692307759, 0.20753846153849145, 1.6084230769231467, 1.5565384615385347, 56.7098846153872, 0.7782692307692674, 56.19103846154104, 56.24292307692565, 56.13915384615643, 1.141461538461595, 0.10376923076926732, 0.7263846153846553, 0.15565384615383618, 0.05188461538461206, 0.05188461538461206, 0.6226153846153879, 0.9858076923077155, 1.3490000000000864, 56.502346153848755, 0.8301538461538793, 57.073076923079526, 56.24292307692565, 55.879730769233326, 0.2594230769231035, 57.17684615384876, 55.931615384617935, 56.24292307692565, 0.8820384615385346, 0.5707307692308191, 0.2594230769231035, 0.7782692307692674, 1.2971153846154744, 1.6084230769231467, 0.6226153846153879, 0.6745000000000001, 0.5707307692308191, 0.5707307692307759, 1.141461538461595, 0.5188461538461638, 0.36319230769232763, 0.466961538461595, 1.9716153846154743, 0.20753846153849145, 0.20753846153849145, 0.8301538461538793, 0.5707307692307759, 1.2452307692308622, 56.08726923077182, 56.13915384615643, 0.8301538461538793, 1.0895769230769827, 1.5565384615385347, 0.9858076923077155, 1.2971153846154744, 0.6226153846154311, 0.7263846153846553, 0.20753846153844824, 0.15565384615383618, 0.20753846153844824, 0.5707307692307759, 0.20753846153844824, 0.20753846153844824, 1.0376923076923708, 0.5707307692307759, 0.10376923076922412, 0.7263846153846553, 2.0235000000000865, 0.31130769230771554, 0.20753846153849145, 0.518846153846207, 0.8301538461538793, 1.2971153846154744, 0.5188461538461638, 0.20753846153849145, 56.0353846153872, 55.568423076925605, 2.0753846153847415, 54.997692307694834, 1.4008846153846986, 1.4008846153846986, 1.4008846153846986, 0.46696153846155175, 0.10376923076922412, 0.41507692307693966, 0.15565384615383618, 0.10376923076922412, 0.05188461538461206, 1.712192307692414, 0.8301538461538793, 0.2594230769231035, 1.8678461538462503, 0.20753846153844824, 0.2594230769231035, 0.31130769230767236, 0.05188461538461206, 0.10376923076922412, 0.05188461538461206, 0.6745000000000432, 0.5707307692308191, 0.9858076923077588, 0.20753846153844824, 0.36319230769232763, 0.36319230769232763, 0.5707307692308191, 0.36319230769232763, 55.516538461540996, 0.2594230769231035, 0.46696153846155175, 56.19103846154104, 0.46696153846155175, 0.7782692307692674, 0.5188461538461638, 0.15565384615387937, 0.518846153846207, 0.05188461538461206, 0.2594230769231035, 0.6745000000000432, 0.2594230769231035, 55.98350000000255, 0.466961538461595, 1.0895769230769397, 0.5707307692308191, 0.518846153846207, 0.05188461538461206, 0.05188461538461206, 0.46696153846155175, 0.6745000000000001, 57.073076923079526, 0.20753846153844824, 0.2594230769230603, 58.577730769233455, 0.466961538461595, 55.46465384615638, 0.10376923076922412, 55.25711538461793, 0.7263846153846553, 0.0, 0.41507692307693966, 1.2971153846154313, 0.10376923076926732, 0.05188461538461206, 0.2594230769231035, 0.15565384615387937, 0.2594230769230603, 55.568423076925605, 55.931615384617935, 1.193346153846207, 0.9339230769231035, 56.658000000002595, 55.516538461540996, 0.518846153846207, 56.24292307692565, 1.3490000000000864, 0.7263846153846553, 1.193346153846207, 1.141461538461595, 56.08726923077182, 0.2594230769231035, 55.98350000000255, 57.12496153846414, 0.6226153846153879, 0.10376923076926732, 55.516538461540996, 0.41507692307693966, 0.5707307692307759, 0.46696153846155175, 0.31130769230771554, 56.502346153848755, 57.228730769233415, 56.13915384615643, 0.6745000000000001, 55.7759615384641, 0.7263846153846553, 1.7640769230770261, 0.36319230769232763, 58.31830769231035, 0.5707307692307759, 0.36319230769232763, 1.193346153846207, 0.5707307692307759, 1.0895769230769827, 0.5707307692307759, 0.5707307692308191, 0.20753846153844824, 0.8820384615385346, 0.7782692307692674, 0.9339230769231467, 0.8820384615385346, 0.20753846153844824, 56.294807692310265, 56.502346153848755, 56.60611538461798, 1.2971153846154744, 1.5046538461539225, 1.4527692307693105, 0.5707307692308191, 0.518846153846207, 1.0895769230769397, 0.31130769230767236, 0.7782692307692674, 0.36319230769232763, 0.20753846153849145, 0.15565384615387937, 0.6226153846153879, 56.658000000002595, 0.15565384615387937, 0.6745000000000432, 0.05188461538461206, 0.36319230769232763, 0.20753846153844824, 0.05188461538461206, 1.141461538461595, 0.5188461538461638, 1.141461538461595, 56.19103846154104, 0.05188461538461206, 0.36319230769232763, 1.2452307692308622, 0.41507692307693966, 55.7759615384641, 1.712192307692414, 0.6226153846153879, 0.36319230769232763, 1.141461538461595, 0.20753846153849145, 0.8301538461538793, 1.4527692307693105, 0.2594230769231035, 0.9339230769231467, 0.15565384615383618, 1.141461538461595, 0.20753846153844824, 0.41507692307693966, 1.4527692307692675, 0.2594230769231035, 0.7782692307692674, 1.4527692307693105, 0.6226153846153879, 0.36319230769232763, 0.10376923076922412, 0.20753846153849145, 0.7263846153846553, 0.6226153846154311, 1.0376923076923708, 0.9858076923077588, 0.8820384615384915, 0.8820384615384915, 0.10376923076926732, 1.0895769230769397, 1.867846153846207, 0.10376923076926732, 0.6226153846154311, 0.31130769230771554, 0.6226153846153879, 0.0, 0.10376923076922412, 0.20753846153844824, 0.31130769230767236, 0.5707307692308191, 0.6226153846153879, 1.0376923076923708, 1.0376923076923708, 0.6226153846154311, 0.7782692307692674, 0.41507692307693966, 0.6226153846154311, 0.15565384615387937, 1.8678461538462503, 0.46696153846155175, 0.41507692307693966, 1.6084230769231467, 0.6745000000000001, 0.6226153846153879, 0.15565384615387937, 0.20753846153844824, 55.04957692307944, 0.31130769230771554, 0.05188461538461206, 0.6226153846154311, 1.5046538461539225, 1.4527692307693105, 0.5707307692308191, 0.20753846153849145, 0.20753846153844824, 0.10376923076922412, 1.141461538461595, 1.141461538461595, 1.2971153846154313, 0.31130769230767236, 1.2971153846154744, 1.0376923076923277, 0.36319230769232763, 1.193346153846207, 0.36319230769232763, 0.5188461538461638, 0.20753846153849145, 1.0376923076923708, 0.9339230769231035, 0.41507692307693966, 0.9858076923077588, 0.7263846153846553, 1.193346153846207, 1.0376923076923277, 1.4008846153846986, 0.5188461538461638, 0.41507692307693966, 0.8820384615385346, 0.9339230769231467, 0.8820384615384915, 0.7782692307692674, 1.0895769230769827, 1.5046538461539225, 0.518846153846207, 0.20753846153849145, 0.10376923076922412, 0.0, 0.41507692307693966, 0.41507692307693966, 0.2594230769231035, 0.6226153846154311, 0.10376923076922412, 0.10376923076926732, 0.466961538461595, 1.7640769230770261, 0.20753846153844824, 55.62030769231022, 56.13915384615643, 0.20753846153849145, 0.9858076923077588, 0.05188461538461206, 0.466961538461595, 55.62030769231022, 0.6226153846154311, 57.02119230769492, 57.74757692307958, 55.879730769233326, 1.0376923076923708, 1.0376923076923708, 0.05188461538461206, 56.658000000002595, 0.7782692307692674, 55.516538461540996, 54.89392307692561, 0.41507692307693966, 57.48815384615647, 1.6084230769231467, 0.10376923076922412, 0.7782692307692674, 0.36319230769232763, 0.41507692307693966, 1.193346153846207, 57.17684615384876, 0.41507692307693966, 1.2452307692308622, 56.7098846153872, 0.20753846153849145, 0.41507692307693966, 0.05188461538461206, 0.8301538461538793, 0.6226153846153879, 0.466961538461595, 0.7263846153846553, 0.7782692307692674, 0.6745000000000432, 0.20753846153844824, 55.46465384615638, 1.4008846153846986, 56.81365384615647, 56.34669230769487, 0.8301538461538793, 55.879730769233326, 0.10376923076926732, 0.46696153846155175, 0.6226153846153879, 0.36319230769232763, 1.5046538461539225, 55.20523076923328, 0.6226153846154311, 0.10376923076926732, 0.6745000000000001, 0.36319230769232763, 0.5188461538461638, 0.9339230769231467, 0.2594230769230603, 1.7640769230770261, 0.15565384615387937, 0.8301538461538793, 0.15565384615387937, 0.518846153846207, 1.7640769230770261, 0.15565384615387937, 0.6226153846154311, 0.10376923076926732, 0.2594230769231035, 0.5707307692308191, 1.2971153846154744, 0.10376923076926732, 1.193346153846207, 0.20753846153844824, 0.20753846153844824, 1.0376923076923277, 2.1272692307693104, 1.5565384615385347, 0.6745000000000001, 0.8301538461538793, 0.15565384615383618, 0.6226153846153879, 0.10376923076922412, 56.45046153846415, 55.30900000000255, 55.98350000000255, 0.31130769230767236, 0.05188461538461206, 56.34669230769487, 57.33250000000263, 56.08726923077182, 56.86553846154108, 1.2971153846154744, 55.153346153848666, 1.141461538461595, 55.04957692307944, 0.20753846153849145, 0.15565384615387937, 57.12496153846414, 0.05188461538461206, 0.2594230769231035, 0.20753846153844824, 2.334807692307802, 0.518846153846207, 0.6745000000000432, 0.41507692307693966, 0.2594230769231035, 0.8820384615384915, 0.20753846153849145, 1.7640769230770261, 0.7782692307692674, 1.193346153846207, 0.31130769230767236, 1.3490000000000864, 0.0, 0.6226153846154311, 1.2971153846154744, 0.8301538461538793, 0.8301538461538793, 0.20753846153849145, 0.41507692307693966, 0.6226153846153879, 0.0, 0.8301538461538793, 1.193346153846207, 0.10376923076926732, 0.5707307692307759, 0.8820384615385346, 0.5707307692307759, 0.15565384615383618, 56.502346153848755, 56.19103846154104, 1.4008846153846986, 0.9339230769231467, 1.141461538461595, 55.931615384617935, 0.2594230769231035, 0.05188461538461206, 56.554230769233364, 56.554230769233364, 57.12496153846414, 0.2594230769231035, 0.31130769230771554, 0.9339230769231467, 1.5046538461539225, 0.15565384615387937, 1.0376923076923708, 0.6226153846153879, 0.7782692307692674, 0.31130769230767236, 0.05188461538461206, 1.0895769230769827, 1.193346153846207, 0.466961538461595, 0.15565384615387937, 0.2594230769230603, 0.41507692307693966, 1.5046538461539225, 56.76176923077181, 0.20753846153844824, 1.4008846153846553, 0.7782692307692674, 0.2594230769230603, 0.7782692307692674, 55.62030769231022, 57.64380769231035, 1.7640769230770261, 0.7782692307692674, 55.72407692307949, 1.6084230769231467, 0.10376923076926732, 1.3490000000000864, 56.34669230769487, 0.5188461538461638, 1.8678461538462503, 0.36319230769232763, 0.518846153846207, 0.41507692307693966, 1.193346153846207, 0.6745000000000001, 1.4008846153846553, 0.46696153846155175, 0.31130769230771554, 0.518846153846207, 0.10376923076926732, 0.2594230769230603, 0.46696153846155175, 56.13915384615643, 56.86553846154108, 0.05188461538461206, 1.0376923076923277, 0.41507692307693966, 1.3490000000000864, 56.502346153848755, 56.7098846153872, 0.36319230769232763, 55.360884615387164, 0.6745000000000001, 2.0753846153847415, 1.5046538461539225, 1.4527692307693105, 56.86553846154108, 1.9197307692308623, 1.193346153846207, 0.9339230769231467, 0.9339230769231467, 0.31130769230767236, 1.5046538461539225, 0.8301538461538793, 56.39857692307949, 56.08726923077182, 0.36319230769232763, 55.25711538461793, 0.20753846153849145, 55.25711538461793, 56.13915384615643, 55.516538461540996, 54.94580769231022, 1.6084230769231467, 0.7782692307692674, 0.05188461538461206, 0.41507692307693966, 0.466961538461595, 0.2594230769230603, 0.15565384615383618, 0.6745000000000001, 0.518846153846207, 0.0, 0.8820384615385346, 0.10376923076922412, 1.815961538461638, 0.9858076923077588, 0.0, 0.2594230769230603, 0.05188461538461206, 0.5188461538461638, 57.280615384618024, 54.997692307694834, 1.5046538461539225, 56.76176923077181, 0.9339230769231467, 55.20523076923328, 0.7782692307692674, 1.0376923076923277, 0.7782692307692674, 1.712192307692414, 0.15565384615387937, 0.5707307692307759, 0.9339230769231035, 1.660307692307802, 0.20753846153844824, 0.41507692307693966, 0.41507692307693966, 1.193346153846207, 1.4527692307693105, 1.3490000000000864, 0.15565384615387937, 0.5188461538461638, 0.31130769230771554, 0.6226153846154311, 0.31130769230767236, 0.6226153846154311, 0.20753846153844824, 0.10376923076922412, 1.2971153846154313, 1.0376923076923708, 1.2452307692308622, 0.9858076923077588, 0.36319230769232763, 0.36319230769232763, 0.46696153846155175, 0.10376923076926732, 0.9339230769231467, 0.15565384615383618, 1.0895769230769827, 0.46696153846155175, 0.20753846153844824, 0.15565384615383618, 1.4008846153846553, 0.9858076923077155, 1.4527692307693105, 0.10376923076922412, 1.245230769230819, 8235.333692308071, 0.7263846153846553, 0.466961538461595, 1.5046538461539225, 0.2594230769231035, 0.20753846153849145, 0.7263846153846553, 0.7263846153846553, 0.7263846153846553, 0.5707307692308191, 0.8301538461538793, 1.193346153846207, 1.0376923076923708, 2.7498846153847416, 0.6745000000000001, 0.41507692307693966, 0.6226153846154311, 0.7263846153846553, 2.334807692307802, 1.5565384615385347, 0.31130769230767236, 1.2971153846154744, 0.6226153846153879, 0.36319230769232763, 0.8820384615385346, 1.5046538461539225, 0.9339230769231035, 0.10376923076926732, 1.2452307692308622, 1.0376923076923708, 0.31130769230767236, 0.6226153846154311, 0.6745000000000432, 0.05188461538461206, 1.5046538461539225, 1.6084230769231467, 0.15565384615387937, 0.31130769230771554, 0.7263846153846553, 0.31130769230771554, 0.2594230769230603, 1.0376923076923708, 0.5707307692308191, 0.5707307692308191, 1.0895769230769827, 0.05188461538461206, 0.6226153846154311, 0.466961538461595, 0.6226153846153879, 0.31130769230771554, 0.05188461538461206, 0.15565384615387937, 0.10376923076926732, 0.518846153846207, 1.5565384615385347, 1.4008846153846986, 0.05188461538461206, 0.6745000000000432, 0.2594230769231035, 0.20753846153849145, 0.8301538461538793, 0.2594230769231035, 0.518846153846207, 1.0376923076923708, 0.2594230769231035, 0.7782692307692674, 0.36319230769232763, 1.7640769230770261, 0.41507692307693966, 1.4008846153846986, 0.6226153846154311, 55.20523076923328, 0.36319230769232763, 0.7263846153846553, 0.5188461538461638, 0.5707307692307759, 55.67219230769488, 0.15565384615383618, 56.86553846154108, 0.31130769230767236, 55.46465384615638, 55.30900000000255, 1.0376923076923708, 0.6226153846154311, 1.2452307692308622, 56.39857692307949, 56.24292307692565, 0.5707307692308191, 56.60611538461798, 0.6745000000000432, 0.6226153846154311, 56.08726923077182, 0.36319230769232763, 0.7782692307692674, 0.7782692307692674, 56.13915384615643, 55.879730769233326, 0.20753846153849145, 0.36319230769232763, 1.5565384615385347, 55.516538461540996, 0.31130769230767236, 0.9858076923077155, 0.9858076923077588, 0.9339230769231467, 0.10376923076922412, 1.0376923076923708, 0.0, 0.41507692307693966, 0.0, 0.05188461538461206, 0.8820384615385346, 0.2594230769231035, 0.8820384615384915, 0.9339230769231467, 56.658000000002595, 0.2594230769230603, 1.0895769230769827, 54.53073076923328, 0.15565384615387937, 56.554230769233364, 0.6226153846153879, 0.36319230769232763, 1.193346153846207, 0.15565384615387937, 0.518846153846207, 0.466961538461595, 55.72407692307949, 1.3490000000000864, 1.3490000000000864, 0.2594230769230603, 0.5707307692308191, 0.466961538461595, 0.36319230769232763, 1.2971153846154744, 0.20753846153849145, 0.2594230769230603, 0.05188461538461206, 0.2594230769231035, 1.5046538461539225, 0.7263846153846553, 0.36319230769232763, 0.6226153846154311, 1.9197307692308623, 1.193346153846207, 0.7782692307692674, 0.36319230769232763, 0.31130769230767236, 0.466961538461595, 0.5707307692308191, 0.31130769230771554, 0.10376923076922412, 1.0895769230769397, 1.3490000000000864, 0.20753846153849145, 0.41507692307693966, 0.15565384615383618, 0.2594230769230603, 0.20753846153844824, 0.2594230769230603, 0.05188461538461206, 0.6226153846154311, 0.15565384615387937, 0.8301538461538793, 0.8820384615385346, 0.7263846153846553, 56.294807692310265, 0.15565384615383618, 0.6226153846154311, 0.41507692307693966, 0.466961538461595, 56.60611538461798, 57.02119230769492, 0.6226153846153879, 0.36319230769232763, 0.2594230769230603, 56.39857692307949, 1.0895769230769827, 1.0895769230769397, 0.0, 0.6226153846153879, 0.5707307692308191, 0.36319230769232763, 0.05188461538461206, 0.5707307692308191, 0.20753846153849145, 0.15565384615387937, 0.20753846153844824, 0.518846153846207, 0.7782692307692674, 0.10376923076926732, 0.20753846153844824, 1.0376923076923708, 0.8301538461538793, 1.815961538461638, 0.7782692307692674, 0.8301538461538793, 0.8820384615385346, 0.8301538461538793, 0.10376923076926732, 0.31130769230767236, 0.05188461538461206, 0.6226153846154311, 55.98350000000255, 0.41507692307693966, 55.46465384615638, 0.6745000000000001, 0.6226153846153879, 0.8301538461538793, 0.15565384615383618, 1.0376923076923277, 0.2594230769231035, 0.518846153846207, 0.20753846153849145, 1.4527692307693105, 0.36319230769232763, 0.9339230769231467, 0.41507692307693966, 0.7782692307692674, 1.193346153846207, 0.20753846153849145, 1.2971153846154313, 1.3490000000000864, 0.36319230769232763, 0.20753846153844824, 0.2594230769231035, 0.0, 1.5046538461539225, 0.0, 0.05188461538461206, 0.9858076923077155, 0.8820384615385346, 0.8301538461538793, 0.6226153846154311, 0.0, 0.10376923076922412, 0.8820384615385346, 0.41507692307693966, 1.245230769230819, 1.2971153846154744, 0.9339230769231035, 0.0, 1.141461538461595, 0.31130769230771554, 0.05188461538461206, 0.36319230769232763, 1.2452307692308622, 1.3490000000000864, 0.10376923076922412, 0.15565384615383618, 0.20753846153844824, 0.20753846153844824, 0.518846153846207, 0.7782692307692674, 0.20753846153844824, 0.36319230769232763, 0.7263846153846553, 0.20753846153844824, 0.7782692307692674, 0.2594230769230603, 0.9339230769231467, 1.6084230769231467, 0.2594230769231035, 0.15565384615383618, 0.20753846153844824, 0.0, 0.8820384615384915, 0.9339230769231035, 0.518846153846207, 0.05188461538461206, 0.7782692307692674, 0.15565384615387937, 1.0376923076923708, 0.6745000000000432, 0.9339230769231467, 54.89392307692561, 0.5707307692307759, 0.36319230769232763, 56.13915384615643, 56.554230769233364, 0.5188461538461638, 55.41276923077177, 0.6745000000000432, 0.7782692307692674, 1.0376923076923708, 55.879730769233326, 56.0353846153872, 0.2594230769231035, 0.05188461538461206, 0.05188461538461206, 56.13915384615643, 1.2452307692308622, 0.10376923076926732, 1.349000000000043, 0.466961538461595, 0.6745000000000432, 0.7263846153846553, 0.8820384615384915, 1.141461538461595, 0.41507692307693966, 0.5707307692307759, 1.193346153846207, 1.4008846153846986, 0.15565384615387937, 0.31130769230771554, 0.31130769230767236, 0.518846153846207, 0.31130769230771554, 0.05188461538461206, 0.41507692307693966, 0.05188461538461206, 0.36319230769232763, 0.41507692307693966, 0.2594230769230603, 0.10376923076922412, 1.5046538461539225, 1.0376923076923708, 0.9339230769231035, 1.141461538461595, 0.41507692307693966, 55.62030769231022, 56.502346153848755, 56.658000000002595, 0.6745000000000432, 1.6084230769231467, 0.8820384615385346, 0.05188461538461206, 0.15565384615383618, 0.6745000000000432, 1.4527692307692675, 1.2971153846154313, 1.0895769230769397, 0.36319230769232763, 1.4527692307693105, 0.10376923076922412, 0.2594230769230603, 0.10376923076922412, 1.0895769230769827, 0.46696153846155175, 0.46696153846155175, 0.518846153846207, 0.5707307692308191, 0.6226153846154311, 0.31130769230771554, 0.5188461538461638, 1.141461538461595, 0.518846153846207, 0.15565384615383618, 0.6745000000000001, 1.6084230769231467, 0.5707307692308191, 0.10376923076926732, 0.31130769230767236, 0.41507692307693966, 0.31130769230771554, 0.8820384615385346, 1.2452307692308622, 1.193346153846207, 0.41507692307693966, 0.2594230769230603, 0.9858076923077155, 0.15565384615383618, 0.15565384615383618, 0.8820384615385346, 0.2594230769230603, 0.10376923076922412, 0.6745000000000001, 0.41507692307693966, 0.41507692307693966, 0.05188461538461206, 57.228730769233415, 0.5707307692308191, 0.10376923076926732, 0.2594230769230603, 0.36319230769232763, 1.0376923076923277, 0.20753846153849145, 0.05188461538461206, 1.245230769230819, 0.31130769230767236, 1.141461538461595, 1.193346153846207, 1.2971153846154744, 0.10376923076926732, 0.9858076923077588, 0.5188461538461638, 1.3490000000000864, 0.15565384615383618, 1.6084230769231467, 1.6084230769231467, 0.10376923076926732, 0.31130769230771554, 0.10376923076922412, 0.05188461538461206, 0.15565384615387937, 0.05188461538461206, 1.5565384615385347, 0.518846153846207, 0.05188461538461206, 0.41507692307693966, 0.0, 0.8301538461538793, 1.5565384615385347, 0.5188461538461638, 0.6226153846153879, 0.518846153846207, 0.41507692307693966, 0.31130769230771554, 0.5188461538461638, 0.31130769230771554, 0.0, 2.231038461538578, 0.6745000000000432, 0.41507692307693966, 0.7782692307692674, 56.08726923077182, 56.7098846153872, 56.39857692307949, 1.2971153846154744, 0.9858076923077588, 0.8301538461538793, 1.6084230769231467, 0.5188461538461638, 0.518846153846207, 0.31130769230767236, 0.9339230769231467, 1.5046538461539225, 0.10376923076926732, 0.7263846153846553, 1.193346153846207, 0.7782692307692674, 54.89392307692561, 55.62030769231022, 0.2594230769231035, 0.6745000000000432, 56.917423076925694, 0.7782692307692674, 0.46696153846155175, 0.466961538461595, 0.466961538461595, 56.45046153846415, 1.660307692307802, 56.7098846153872, 56.08726923077182, 1.2971153846154313, 55.46465384615638, 0.15565384615383618, 0.5188461538461638, 0.10376923076922412, 1.4527692307693105, 0.5188461538461638, 0.36319230769232763, 1.6084230769231467, 0.36319230769232763, 0.5188461538461638, 1.4008846153846553, 0.2594230769230603, 0.5188461538461638, 0.9858076923077155, 0.20753846153849145, 0.8301538461538793, 0.9858076923077155, 0.7782692307692674, 55.41276923077177, 57.12496153846414, 55.516538461540996, 0.36319230769232763, 0.31130769230771554, 1.3490000000000864, 0.10376923076926732, 1.2971153846154744, 0.0, 55.931615384617935, 0.31130769230767236, 0.36319230769232763, 0.8820384615385346, 0.36319230769232763, 0.20753846153844824, 0.31130769230767236, 0.2594230769231035, 55.879730769233326, 0.7263846153846553, 0.7782692307692674, 0.36319230769232763, 0.9858076923077588, 0.7263846153846553, 0.05188461538461206, 56.60611538461798, 0.05188461538461206, 1.0376923076923708, 0.466961538461595, 0.6745000000000432, 55.516538461540996, 1.141461538461595, 56.294807692310265, 55.41276923077177, 0.466961538461595, 0.466961538461595, 1.0376923076923708, 0.7782692307692674, 1.4527692307693105, 1.660307692307802, 1.0376923076923277, 1.5565384615385347, 0.20753846153849145, 0.36319230769232763, 0.0, 0.7782692307692674, 0.36319230769232763, 0.6745000000000432, 0.10376923076922412, 0.9339230769231035, 1.6084230769231467, 0.5707307692308191, 0.8301538461538793, 0.31130769230767236, 0.31130769230771554, 1.0895769230769827, 0.15565384615383618, 0.9339230769231467, 0.6745000000000432, 0.8820384615384915, 0.15565384615387937, 0.8820384615385346, 0.5707307692307759, 0.7263846153846553, 0.8301538461538793, 0.2594230769230603, 0.5188461538461638, 0.15565384615383618, 0.10376923076922412, 0.10376923076922412, 0.10376923076922412, 55.46465384615638, 0.9858076923077588, 55.7759615384641, 0.518846153846207, 55.67219230769488, 0.41507692307693966, 55.46465384615638, 0.0, 0.466961538461595, 0.10376923076922412, 0.8820384615385346, 57.17684615384876, 1.245230769230819, 56.7098846153872, 56.60611538461798, 55.82784615384871, 55.25711538461793, 55.931615384617935, 54.271307692310174, 1.7640769230770261, 0.31130769230771554, 1.2452307692308622, 0.20753846153844824, 0.36319230769232763, 0.9339230769231467, 56.13915384615643, 55.10146153846406, 1.5565384615385347, 56.60611538461798, 1.4527692307692675, 0.6745000000000001, 0.31130769230767236, 1.4527692307693105, 1.815961538461638, 0.2594230769231035, 1.0895769230769397, 1.3490000000000864, 55.516538461540996, 0.8820384615384915, 0.36319230769232763, 0.05188461538461206, 0.31130769230767236, 0.15565384615387937, 0.9339230769231467, 1.141461538461595, 0.20753846153844824, 0.5707307692308191, 0.8301538461538793, 0.7782692307692674, 0.05188461538461206, 1.764076923076983, 0.05188461538461206, 0.05188461538461206, 0.8301538461538793, 0.8820384615384915, 0.8301538461538793, 1.5565384615385347, 0.36319230769232763, 0.15565384615383618, 0.8820384615385346, 1.815961538461638, 0.15565384615383618, 56.19103846154104, 0.518846153846207, 0.20753846153849145, 0.31130769230771554, 0.15565384615387937, 0.20753846153844824, 0.31130769230767236, 0.7263846153846553, 0.41507692307693966, 0.2594230769230603, 0.5707307692308191, 0.5707307692308191, 0.7263846153846553, 56.34669230769487, 55.72407692307949, 0.36319230769232763, 55.41276923077177, 55.25711538461793, 0.0, 55.153346153848666, 56.0353846153872, 56.294807692310265, 0.0, 1.4008846153846553, 0.31130769230771554, 1.0376923076923277, 0.10376923076922412, 0.2594230769231035, 0.2594230769231035, 0.9339230769231035, 0.20753846153844824, 0.518846153846207, 56.34669230769487, 1.4008846153846986, 0.6226153846153879, 0.15565384615383618, 0.518846153846207, 0.7263846153846553, 0.8820384615385346, 0.2594230769230603, 0.20753846153844824, 56.13915384615643, 0.7263846153846553, 0.15565384615383618, 56.45046153846415, 56.60611538461798, 57.02119230769492, 55.516538461540996, 0.5707307692307759, 1.2452307692308622, 0.0, 0.10376923076922412, 1.0376923076923277, 0.15565384615383618, 0.518846153846207, 0.466961538461595, 2.0235000000000865, 0.10376923076926732, 0.2594230769230603, 0.6226153846154311, 56.13915384615643, 55.7759615384641, 0.5707307692307759, 0.5188461538461638, 0.15565384615387937, 1.815961538461638, 1.2971153846154313, 0.8820384615385346, 56.76176923077181, 55.931615384617935, 0.41507692307693966, 0.36319230769232763, 0.10376923076926732, 56.294807692310265, 1.0895769230769827, 0.2594230769231035, 0.36319230769232763, 55.931615384617935, 0.41507692307693966, 0.41507692307693966, 0.6745000000000432, 0.15565384615387937, 0.2594230769231035, 0.6745000000000001, 0.5707307692307759, 0.05188461538461206, 0.6226153846154311, 0.20753846153844824, 0.31130769230767236, 0.8820384615384915, 1.2971153846154744, 57.955115384618026, 0.36319230769232763, 55.67219230769488, 1.6084230769231467, 0.9858076923077155, 0.20753846153849145, 0.10376923076926732, 56.502346153848755, 56.39857692307949, 0.46696153846155175, 0.7263846153846553, 0.2594230769231035, 55.67219230769488, 57.591923076925696, 55.20523076923328, 56.294807692310265, 57.591923076925696, 0.05188461538461206, 55.46465384615638, 55.516538461540996, 56.45046153846415, 0.10376923076922412, 55.568423076925605, 55.360884615387164, 0.5707307692307759, 2.0235000000000865, 0.10376923076926732, 56.81365384615647, 0.8301538461538793, 0.05188461538461206, 0.7263846153846553, 0.15565384615383618, 1.4527692307693105, 1.2452307692308622, 0.20753846153849145, 0.20753846153849145, 0.2594230769230603, 0.41507692307693966, 0.7263846153846553, 0.46696153846155175, 2.334807692307802, 0.10376923076926732, 0.8820384615385346, 1.193346153846207, 0.7782692307692674, 0.15565384615383618, 0.9858076923077155, 0.31130769230771554, 0.6745000000000432, 1.6084230769231467, 0.31130769230767236, 1.9197307692308623, 0.5707307692307759, 0.10376923076926732, 0.5707307692307759, 1.2452307692308622, 0.7263846153846553, 0.31130769230767236, 0.05188461538461206, 1.6084230769231467, 0.6745000000000432, 0.05188461538461206, 0.5188461538461638, 0.0, 0.2594230769230603, 0.7263846153846553, 0.10376923076926732, 0.36319230769232763, 0.518846153846207, 0.9858076923077155, 0.5188461538461638, 0.20753846153849145, 0.2594230769231035, 0.2594230769231035, 0.31130769230767236, 1.4008846153846986, 1.193346153846207, 1.815961538461638, 1.712192307692414, 0.36319230769232763, 0.31130769230767236, 55.82784615384871, 0.6745000000000432, 57.64380769231035, 1.5046538461539225, 0.7782692307692674, 0.10376923076922412, 0.9339230769231035, 0.8820384615385346, 0.05188461538461206, 0.7782692307692674, 0.2594230769231035, 0.9339230769231035, 0.31130769230767236, 0.10376923076926732, 55.516538461540996, 0.20753846153849145, 0.518846153846207, 1.0376923076923708, 0.31130769230771554, 55.516538461540996, 1.2971153846154744, 0.41507692307693966, 0.2594230769231035, 0.5707307692308191, 0.8820384615384915, 0.20753846153849145, 1.0895769230769827, 0.36319230769232763, 0.466961538461595, 0.6745000000000432, 0.05188461538461206, 0.41507692307693966, 0.5188461538461638, 0.9858076923077588, 1.4008846153846553, 55.62030769231022, 0.7782692307692674, 0.5707307692308191, 1.8159615384615948, 2.0235000000000865, 0.518846153846207, 0.9858076923077588, 0.9858076923077155, 1.141461538461595, 0.9339230769231467, 0.15565384615383618, 0.31130769230767236, 0.2594230769231035, 0.6745000000000001, 1.4527692307692675, 0.41507692307693966, 1.4527692307692675, 56.86553846154108, 0.15565384615383618, 56.96930769231031, 57.02119230769492, 1.660307692307802, 0.6226153846154311, 1.3490000000000864, 55.25711538461793, 56.294807692310265, 0.7263846153846553, 1.6084230769231467, 1.4008846153846986, 0.41507692307693966, 55.568423076925605, 0.9339230769231467, 0.9339230769231467, 0.6745000000000432, 0.0, 0.9858076923077588, 0.6226153846154311, 1.2452307692308622, 0.6226153846153879, 0.46696153846155175, 0.7263846153846553, 0.46696153846155175, 1.5046538461539225, 1.2971153846154313, 0.20753846153844824, 0.7263846153846553, 0.20753846153849145, 56.45046153846415, 0.41507692307693966, 56.39857692307949, 56.81365384615647, 0.7263846153846553, 0.9858076923077588, 0.10376923076922412, 57.48815384615647, 56.502346153848755, 0.2594230769230603, 54.790153846156336, 0.10376923076922412, 1.9197307692308623, 0.05188461538461206, 57.64380769231035, 56.24292307692565, 0.9858076923077588, 55.879730769233326, 0.15565384615383618, 0.5188461538461638, 0.36319230769232763, 56.24292307692565, 0.8820384615385346, 0.5188461538461638, 0.7263846153846553, 0.2594230769231035, 0.36319230769232763, 0.15565384615387937, 0.15565384615387937, 56.86553846154108, 55.46465384615638, 0.8301538461538793, 56.502346153848755, 55.153346153848666, 0.8301538461538793, 0.05188461538461206, 0.7263846153846553, 0.36319230769232763, 0.20753846153849145, 0.46696153846155175, 0.466961538461595, 0.0, 0.41507692307693966, 0.10376923076926732, 0.8301538461538793, 0.7263846153846553, 0.41507692307693966, 0.5707307692308191, 0.5707307692308191, 0.46696153846155175, 1.5046538461539225, 0.9858076923077588, 0.10376923076922412, 0.36319230769232763, 0.20753846153849145, 0.8820384615385346, 55.931615384617935, 0.8301538461538793, 0.15565384615387937, 1.2452307692308622, 0.31130769230771554, 2.0753846153847415, 55.30900000000255, 0.36319230769232763, 0.10376923076922412, 0.466961538461595, 56.34669230769487, 1.2971153846154313, 0.10376923076922412, 1.141461538461595, 56.76176923077181, 57.02119230769492, 0.31130769230771554, 57.02119230769492, 0.7263846153846553, 0.2594230769230603, 0.6226153846153879, 1.3490000000000864, 0.20753846153849145, 0.518846153846207, 0.9858076923077588, 55.98350000000255, 56.658000000002595, 57.90323076923341, 1.349000000000043, 0.2594230769230603, 0.10376923076922412, 0.0, 0.05188461538461206, 0.7263846153846553, 0.8301538461538793, 0.6226153846154311, 0.20753846153844824, 0.05188461538461206, 0.46696153846155175, 1.3490000000000864, 0.10376923076926732, 0.8301538461538793, 1.815961538461638, 0.46696153846155175, 0.9858076923077155, 0.518846153846207, 0.10376923076922412, 0.5707307692308191, 1.2971153846154744, 0.31130769230771554, 0.8301538461538793, 0.6745000000000432, 0.8301538461538793, 0.36319230769232763, 55.879730769233326, 1.7640769230770261, 57.280615384618024, 55.879730769233326, 56.81365384615647, 0.5707307692308191, 56.19103846154104, 0.36319230769232763, 0.7263846153846553, 0.05188461538461206, 55.568423076925605, 0.7263846153846553, 56.19103846154104, 0.2594230769230603, 55.931615384617935, 1.815961538461638, 1.0376923076923277, 0.15565384615383618, 1.3490000000000864, 0.46696153846155175, 1.7640769230770261, 0.6745000000000432, 0.15565384615383618, 0.41507692307693966, 1.4008846153846986, 0.9858076923077155, 2.1791538461539655, 0.41507692307693966, 0.5707307692308191, 0.7263846153846553, 0.15565384615383618, 0.2594230769230603, 0.46696153846155175, 0.7263846153846553, 0.36319230769232763, 0.2594230769231035, 0.41507692307693966, 56.24292307692565, 0.20753846153849145, 55.7759615384641, 0.20753846153849145, 55.516538461540996, 55.153346153848666, 0.20753846153849145, 57.12496153846414, 0.0, 55.879730769233326, 55.41276923077177, 2.0753846153847415, 56.13915384615643, 57.12496153846414, 55.568423076925605, 55.82784615384871, 0.6745000000000001, 1.9716153846154743, 0.36319230769232763, 0.2594230769230603, 0.2594230769230603, 0.6226153846154311, 1.6603076923077587, 2.905538461538621, 0.8820384615384915, 56.294807692310265, 0.15565384615383618, 1.0895769230769397, 1.193346153846207, 0.9858076923077588, 1.7121923076923709, 0.41507692307693966, 0.05188461538461206, 0.5188461538461638, 56.294807692310265, 57.48815384615647, 55.72407692307949, 54.68638461538712, 56.554230769233364, 0.9339230769231035, 1.2971153846154313, 0.31130769230767236, 0.7782692307692674, 1.349000000000043, 0.05188461538461206, 0.5188461538461638, 0.9858076923077155, 0.20753846153849145, 0.05188461538461206, 55.04957692307944, 0.31130769230767236, 1.193346153846207, 56.08726923077182, 54.997692307694834, 1.4008846153846986, 0.20753846153849145, 56.19103846154104, 1.660307692307802, 1.0895769230769397, 1.3490000000000864, 0.2594230769230603, 57.17684615384876, 55.04957692307944, 0.15565384615383618, 1.0376923076923277, 1.141461538461595, 55.67219230769488, 56.13915384615643, 0.10376923076922412, 0.0, 0.10376923076922412, 0.9339230769231467, 0.05188461538461206, 0.2594230769231035, 0.31130769230771554, 0.8820384615385346, 0.31130769230767236, 56.24292307692565, 55.153346153848666, 0.6745000000000432, 55.98350000000255, 55.516538461540996, 55.62030769231022, 1.193346153846207, 0.5707307692308191, 0.46696153846155175, 56.294807692310265, 0.20753846153849145, 0.5188461538461638, 1.0376923076923277, 0.466961538461595, 0.05188461538461206, 0.36319230769232763, 0.31130769230771554, 0.8301538461538793, 0.5707307692308191, 0.7263846153846553, 56.294807692310265, 56.658000000002595, 0.10376923076922412, 0.15565384615387937, 0.9339230769231467, 0.31130769230767236, 0.8820384615385346, 56.39857692307949, 0.6745000000000001, 55.46465384615638, 0.41507692307693966, 0.10376923076922412, 1.4527692307693105, 56.294807692310265, 0.7782692307692674, 0.518846153846207, 1.4008846153846986, 0.9858076923077588, 55.82784615384871, 55.879730769233326, 1.2452307692308622, 0.2594230769231035, 0.2594230769230603, 1.193346153846207, 0.2594230769231035, 1.9197307692308623, 56.13915384615643, 55.72407692307949, 1.4527692307693105, 1.660307692307802, 0.466961538461595, 0.10376923076926732, 0.36319230769232763, 0.5707307692308191, 0.5707307692308191, 0.0, 56.0353846153872, 54.47884615384867, 0.41507692307693966, 57.280615384618024, 0.2594230769230603, 1.0895769230769827, 0.05188461538461206, 0.36319230769232763, 0.31130769230767236, 0.2594230769230603, 0.8301538461538793, 0.9858076923077588, 0.15565384615387937, 0.9339230769231467, 0.05188461538461206, 0.8301538461538793, 0.466961538461595, 1.141461538461595, 0.2594230769231035, 0.518846153846207, 56.554230769233364, 55.67219230769488, 0.05188461538461206, 0.5188461538461638, 56.917423076925694, 0.31130769230767236, 1.193346153846207, 56.86553846154108, 1.8678461538462503, 1.245230769230819, 1.6084230769231467, 1.4527692307693105, 0.36319230769232763, 0.05188461538461206, 55.41276923077177, 0.6226153846154311, 0.5188461538461638, 1.4527692307693105, 1.5046538461539225, 0.15565384615383618, 0.20753846153849145, 1.3490000000000864, 0.8301538461538793, 1.6603076923077587, 0.5707307692307759, 0.36319230769232763, 0.2594230769231035, 0.6745000000000001, 0.2594230769230603, 0.2594230769231035, 0.7263846153846553, 0.41507692307693966, 1.0376923076923708, 0.5707307692308191, 0.20753846153844824, 0.8301538461538793, 1.712192307692414, 0.5707307692307759, 1.5565384615385347, 0.05188461538461206, 0.9339230769231467, 0.15565384615387937, 1.4527692307693105, 0.8301538461538793, 0.36319230769232763, 0.31130769230771554, 0.0, 1.6603076923077587, 0.15565384615387937, 0.2594230769231035, 1.0895769230769827, 55.98350000000255, 0.6745000000000001, 0.8301538461538793, 1.4527692307693105, 0.31130769230767236, 57.12496153846414, 56.76176923077181, 0.20753846153844824, 0.31130769230767236, 0.7782692307692674, 0.05188461538461206, 1.2971153846154744, 1.712192307692414, 1.9197307692308623, 0.518846153846207, 0.8301538461538793, 0.2594230769230603, 1.2452307692308622, 0.05188461538461206, 0.518846153846207, 56.19103846154104, 55.7759615384641, 0.2594230769230603, 1.6603076923077587, 0.05188461538461206, 1.5565384615385347, 0.7782692307692674, 0.2594230769230603, 56.502346153848755, 1.2452307692308622, 0.5188461538461638, 54.634500000002504, 0.0, 0.0, 0.31130769230771554, 0.31130769230771554, 0.20753846153849145, 56.34669230769487, 1.712192307692414, 0.7782692307692674, 56.13915384615643, 0.20753846153844824, 55.72407692307949, 55.568423076925605, 0.2594230769231035, 1.0376923076923708, 0.31130769230771554, 1.9716153846154743, 1.0376923076923708, 1.5046538461539225, 1.3490000000000864, 0.7263846153846553, 56.81365384615647, 0.2594230769230603, 0.7782692307692674, 56.7098846153872, 1.0895769230769827, 57.17684615384876, 1.6084230769231467, 0.8301538461538793, 0.20753846153844824, 0.466961538461595, 0.5188461538461638, 1.4527692307693105, 0.15565384615383618, 0.5707307692308191, 0.05188461538461206, 0.7782692307692674, 2.0753846153847415, 0.518846153846207, 0.6226153846154311, 1.660307692307802, 0.0, 0.41507692307693966, 0.31130769230767236, 0.8301538461538793, 0.36319230769232763, 0.36319230769232763, 56.917423076925694, 0.46696153846155175, 1.2971153846154744, 0.2594230769230603, 1.0895769230769397, 0.41507692307693966, 1.0895769230769827, 0.36319230769232763, 0.7782692307692674, 1.2971153846154744, 0.10376923076922412, 55.82784615384871, 0.5707307692307759, 1.0376923076923708, 0.0, 1.2971153846154313, 0.20753846153849145, 56.45046153846415, 0.7782692307692674, 0.7263846153846553, 0.8820384615384915, 1.2452307692308622, 0.5707307692308191, 1.193346153846207, 56.294807692310265, 56.81365384615647, 55.30900000000255, 1.712192307692414, 0.10376923076926732, 56.7098846153872, 54.997692307694834, 1.193346153846207, 0.2594230769230603, 56.39857692307949, 55.98350000000255, 0.6226153846154311, 56.86553846154108, 0.0, 55.568423076925605, 0.20753846153849145, 0.10376923076922412, 0.15565384615383618, 56.96930769231031, 54.89392307692561, 56.554230769233364, 0.9858076923077588, 0.46696153846155175, 54.219423076925565, 56.24292307692565, 0.15565384615387937, 57.17684615384876, 1.4527692307692675, 57.073076923079526, 0.41507692307693966, 0.9339230769231035, 0.5707307692307759, 0.05188461538461206, 0.7263846153846553, 0.0, 0.20753846153844824, 0.6745000000000001, 0.20753846153849145, 0.05188461538461206, 0.36319230769232763, 0.6745000000000001, 1.0376923076923708, 0.8820384615385346, 0.2594230769230603, 0.10376923076926732, 0.2594230769231035, 0.6745000000000432, 0.41507692307693966, 0.8820384615384915, 1.5046538461539225, 1.0895769230769397, 1.2971153846154313, 0.8301538461538793, 1.4527692307692675, 0.6226153846153879, 0.9339230769231035, 0.46696153846155175, 0.9339230769231467, 0.5707307692308191, 0.5707307692307759, 0.05188461538461206, 0.5707307692307759, 0.15565384615383618, 0.5188461538461638, 0.9339230769231467, 1.245230769230819, 0.36319230769232763, 0.2594230769231035, 0.36319230769232763, 0.6745000000000432, 2.4385769230770693, 0.36319230769232763, 0.518846153846207, 0.2594230769230603, 0.41507692307693966, 0.15565384615387937, 0.6745000000000001, 0.46696153846155175, 1.0376923076923277, 0.7263846153846553, 0.41507692307693966, 0.6745000000000432, 0.2594230769231035, 1.2452307692308622, 1.712192307692414, 0.518846153846207, 0.6226153846153879, 0.31130769230771554, 0.518846153846207, 0.46696153846155175, 0.20753846153844824, 0.8301538461538793, 0.9339230769231467, 0.6745000000000001, 0.15565384615383618, 0.9339230769231467, 0.5188461538461638, 0.41507692307693966, 1.0895769230769397, 0.518846153846207, 0.466961538461595, 0.6745000000000001, 1.0376923076923708, 0.5707307692307759, 0.7782692307692674, 0.6226153846154311, 0.7263846153846553, 0.41507692307693966, 0.05188461538461206, 1.5565384615385347, 0.466961538461595, 0.6745000000000432, 0.05188461538461206, 0.10376923076926732, 0.518846153846207, 0.5707307692307759, 56.294807692310265, 56.0353846153872, 1.7640769230770261, 1.141461538461595, 0.10376923076926732, 0.8301538461538793, 56.294807692310265, 0.8301538461538793, 0.2594230769231035, 54.997692307694834, 55.879730769233326, 56.554230769233364, 0.05188461538461206, 1.141461538461595, 1.0376923076923277, 57.02119230769492, 0.05188461538461206, 0.5188461538461638, 0.41507692307693966, 0.20753846153849145, 0.5707307692308191, 0.7263846153846553, 0.31130769230767236, 0.7782692307692674, 0.6226153846153879, 0.05188461538461206, 0.8820384615385346, 0.15565384615387937, 1.2452307692308622, 0.0, 0.6226153846154311, 1.712192307692414, 0.7263846153846553, 1.5565384615385347, 0.41507692307693966, 1.712192307692414, 0.466961538461595, 0.7782692307692674, 0.15565384615383618, 55.46465384615638, 0.8301538461538793, 2.231038461538578, 0.5188461538461638, 56.7098846153872, 57.228730769233415, 55.568423076925605, 2.231038461538578, 0.6226153846153879, 55.25711538461793, 0.0, 0.36319230769232763, 1.193346153846207, 0.10376923076926732, 0.5707307692308191, 1.0376923076923708, 0.8820384615385346, 0.15565384615387937, 0.41507692307693966, 1.712192307692414, 0.518846153846207, 0.05188461538461206, 0.6226153846154311, 55.879730769233326, 0.15565384615383618, 0.10376923076926732, 0.518846153846207, 1.193346153846207, 0.6226153846153879, 0.6745000000000001, 1.712192307692414, 0.41507692307693966, 0.05188461538461206, 0.10376923076922412, 0.2594230769230603, 1.4008846153846553, 0.20753846153849145, 0.9339230769231467, 0.5707307692307759, 0.2594230769231035, 1.0895769230769397, 0.8820384615385346, 1.3490000000000864, 1.5565384615385347, 0.15565384615387937, 1.9197307692308623, 0.5707307692308191, 1.0895769230769827, 0.20753846153844824, 0.41507692307693966, 0.5188461538461638, 0.10376923076922412, 0.10376923076926732, 1.0376923076923708, 0.5707307692308191, 1.2971153846154313, 0.2594230769230603, 0.31130769230767236, 0.7263846153846553, 0.10376923076926732, 0.31130769230767236, 0.8301538461538793, 0.05188461538461206, 0.5707307692307759, 0.10376923076922412, 0.8820384615385346, 0.36319230769232763, 0.7263846153846553, 1.4527692307693105, 0.36319230769232763, 0.9339230769231035, 0.15565384615387937, 0.7782692307692674, 0.2594230769231035, 0.36319230769232763, 0.15565384615383618, 1.193346153846207, 0.6226153846154311, 0.36319230769232763, 0.41507692307693966, 0.41507692307693966, 0.7263846153846553, 0.7263846153846553, 0.31130769230767236, 0.6226153846154311, 0.05188461538461206, 1.141461538461595, 56.24292307692565, 0.36319230769232763, 1.245230769230819, 0.31130769230771554, 0.31130769230767236, 0.8820384615385346, 1.8159615384615948, 0.20753846153849145, 0.8301538461538793, 0.20753846153844824, 0.6226153846154311, 0.10376923076926732, 0.7782692307692674, 1.9197307692308623, 0.8301538461538793, 0.41507692307693966, 0.15565384615387937, 0.20753846153849145, 0.20753846153849145, 0.8820384615385346, 1.5565384615385347, 0.2594230769231035, 1.2452307692308622, 0.31130769230767236, 0.5707307692307759, 0.0, 1.193346153846207, 0.466961538461595, 0.15565384615387937, 0.20753846153849145, 0.2594230769230603, 0.5188461538461638, 0.31130769230767236, 0.9858076923077588, 0.10376923076922412, 1.4527692307693105, 0.41507692307693966, 0.41507692307693966, 0.7263846153846553, 0.9858076923077588, 1.2971153846154744, 0.20753846153844824, 0.5707307692308191, 0.15565384615383618, 0.466961538461595, 0.2594230769230603, 0.6226153846153879, 1.245230769230819, 0.2594230769231035, 0.5707307692308191, 0.7782692307692674, 0.10376923076922412, 0.10376923076926732, 0.0, 0.10376923076922412, 0.41507692307693966, 1.4527692307692675, 0.41507692307693966, 1.0895769230769827, 0.2594230769231035, 0.466961538461595, 0.7263846153846553, 0.31130769230767236, 1.5046538461539225, 0.31130769230771554, 0.31130769230767236, 0.2594230769231035, 0.0, 0.15565384615383618, 1.4527692307692675, 0.9339230769231467, 0.20753846153849145, 0.9858076923077155, 0.9858076923077588, 0.2594230769230603, 0.31130769230767236, 0.466961538461595, 0.8820384615384915, 0.518846153846207, 1.2971153846154744, 0.31130769230771554, 1.2452307692308622, 0.466961538461595, 0.7263846153846553, 0.10376923076926732, 1.141461538461595, 0.5188461538461638, 0.05188461538461206, 0.2594230769231035, 0.2594230769230603, 0.15565384615387937, 0.6745000000000001, 0.0, 0.15565384615387937, 0.05188461538461206, 1.141461538461595, 0.46696153846155175, 0.10376923076922412, 55.7759615384641, 1.3490000000000864, 0.10376923076926732, 1.141461538461595, 1.0895769230769397, 2.4904615384616813, 1.141461538461595, 0.5188461538461638, 0.8820384615385346, 0.41507692307693966, 0.8820384615385346, 1.8678461538462503, 0.6745000000000432, 0.518846153846207, 0.2594230769230603, 0.10376923076922412, 0.41507692307693966, 0.31130769230771554, 0.466961538461595, 0.7263846153846553, 0.7782692307692674, 0.7263846153846553, 1.3490000000000864, 0.6226153846154311, 0.36319230769232763, 0.46696153846155175, 0.10376923076922412, 0.05188461538461206, 0.466961538461595, 0.518846153846207, 1.0376923076923708, 0.2594230769230603, 0.10376923076926732, 0.6745000000000432, 1.193346153846207, 0.41507692307693966, 0.05188461538461206, 0.9339230769231035, 0.41507692307693966, 0.7263846153846553, 1.3490000000000864, 0.466961538461595, 0.5707307692308191, 0.518846153846207, 0.7782692307692674, 0.466961538461595, 0.20753846153849145, 0.05188461538461206, 0.6226153846153879, 2.0235000000000865, 0.7782692307692674, 0.8301538461538793, 0.8820384615384915, 0.7263846153846553, 1.0376923076923277, 0.31130769230771554, 0.05188461538465526, 0.518846153846207, 0.15565384615387937, 0.6745000000000432, 0.0, 1.4008846153846986, 56.39857692307949, 55.82784615384871, 55.568423076925605, 1.7640769230770261, 0.7782692307692674, 0.518846153846207, 0.36319230769232763, 0.05188461538461206, 0.10376923076922412, 1.0376923076923708, 0.20753846153844824, 0.31130769230767236, 0.10376923076926732, 1.2452307692308622, 0.5707307692307759, 1.4008846153846553, 0.15565384615383618, 0.36319230769228444, 0.15565384615387937, 56.658000000002595, 0.2594230769230603, 0.15565384615383618, 0.36319230769232763, 0.36319230769228444, 0.05188461538461206, 0.20753846153844824, 0.8820384615384915, 56.39857692307949, 0.10376923076926732, 0.8301538461538793, 1.3490000000000864, 0.9339230769231035, 0.2594230769230603, 0.9339230769231035, 0.36319230769232763, 0.8820384615384915, 1.141461538461595, 0.6226153846154311, 0.20753846153849145, 0.5707307692308191, 0.6745000000000001, 1.2971153846154744, 0.31130769230771554, 0.7263846153846121, 0.10376923076922412, 0.15565384615383618, 1.4008846153846553, 0.2594230769230603, 0.36319230769228444, 0.7782692307692674, 0.20753846153849145, 1.660307692307802, 0.8820384615385346, 1.8159615384615948, 0.6745000000000001, 0.466961538461595, 0.2594230769231035, 0.05188461538461206, 1.0895769230769827, 0.15565384615387937, 55.879730769233326, 0.20753846153849145, 56.294807692310265, 0.7263846153846121, 1.3490000000000864, 0.2594230769231035, 0.0, 56.39857692307949, 54.47884615384862, 0.10376923076922412, 0.10376923076922412, 0.0, 0.8820384615384915, 0.20753846153844824, 0.9858076923077588, 1.0895769230769397, 0.31130769230771554, 0.15565384615387937, 0.2594230769231035, 0.20753846153849145, 0.4150769230769829, 0.46696153846155175, 0.5707307692307759, 0.5188461538461638, 2.4385769230770693, 0.15565384615383618, 1.193346153846207, 0.05188461538465526, 1.0895769230769827, 1.2971153846154313, 0.36319230769228444, 0.36319230769228444, 0.2594230769231035, 1.4008846153846986, 0.4150769230769829, 1.4008846153846986, 0.10376923076926732, 0.5707307692308191, 54.790153846156336, 55.82784615384871, 0.9339230769231467, 0.8301538461539225, 1.1414615384615519, 55.568423076925605, 55.20523076923328, 0.8820384615385346, 0.8820384615385346, 56.39857692307949, 56.39857692307949, 0.8301538461539225, 55.72407692307949, 1.141461538461595, 0.20753846153849145, 1.4008846153846553, 0.6226153846154311, 0.7782692307692674, 0.15565384615383618, 55.10146153846406, 54.997692307694834, 0.518846153846207, 55.72407692307949, 57.02119230769492, 0.518846153846207, 0.36319230769228444, 1.3490000000000864, 0.466961538461595, 56.502346153848755, 1.2971153846154313, 0.10376923076926732, 1.0376923076923277, 1.5565384615385347, 0.5707307692307759, 0.7782692307692674, 54.997692307694834, 0.36319230769232763, 1.5046538461539225, 1.4527692307692675, 55.10146153846406, 0.46696153846155175, 1.8678461538462503, 1.0376923076923708, 1.0895769230769827, 0.8301538461538793, 0.8301538461538793, 0.2594230769231035, 0.05188461538461206, 1.815961538461638, 0.2594230769231035, 0.31130769230771554, 1.2971153846154744, 0.5707307692307759, 0.8301538461539225, 0.2594230769230603, 1.4008846153846553, 0.0, 0.7263846153846121, 0.0, 0.41507692307693966, 0.2594230769230603, 0.9858076923077155, 1.867846153846207, 0.7263846153846121, 0.2594230769230603, 1.0376923076923277, 0.15565384615387937, 56.917423076925694, 55.46465384615638, 55.25711538461789, 56.294807692310265, 56.34669230769487, 0.36319230769232763, 54.73826923077173, 0.2594230769231035, 0.10376923076926732, 0.0, 1.0895769230769397, 0.9339230769231467, 1.2971153846154744, 1.0895769230769397, 0.41507692307693966, 1.0895769230769397, 1.2971153846154313, 0.36319230769232763, 1.1414615384615519, 1.0895769230769397, 56.13915384615643, 56.96930769231031, 57.54003846154108, 56.502346153848755, 1.141461538461595, 57.48815384615647, 1.5046538461538792, 0.31130769230771554, 0.9339230769231467, 0.15565384615383618, 0.10376923076926732, 0.0, 0.31130769230771554, 1.6084230769231467, 1.5046538461539225, 0.10376923076922412, 0.31130769230767236, 0.41507692307693966, 0.46696153846155175, 0.466961538461595, 1.4527692307693105, 0.05188461538465526, 0.20753846153849145, 0.5707307692308191, 0.7263846153846553, 0.6745000000000001, 1.4008846153846986, 0.8301538461539225, 0.05188461538465526, 0.7782692307692674, 1.5565384615385347, 0.36319230769228444, 0.6745000000000432, 0.20753846153844824, 0.5707307692307759, 0.5707307692307759, 0.20753846153844824, 0.05188461538461206, 0.9339230769231035, 55.360884615387164, 0.0, 0.20753846153849145, 0.10376923076926732, 0.6226153846154311, 0.15565384615383618, 1.245230769230819, 0.46696153846155175, 0.9858076923077588, 0.8301538461538793, 55.20523076923328, 55.30900000000255, 0.20753846153844824, 1.3490000000000864, 0.05188461538465526, 0.466961538461595, 1.0376923076923277, 0.15565384615383618, 0.8301538461539225, 0.5188461538461638, 1.60842307692319, 0.466961538461595, 0.518846153846207, 0.36319230769228444, 0.15565384615383618, 0.5707307692308191, 0.6226153846153879, 0.2594230769231035, 0.20753846153844824, 0.5188461538461638, 1.245230769230819, 0.05188461538461206, 0.6226153846154311, 0.466961538461595, 1.0895769230769397, 0.9339230769231035, 0.2594230769230603, 0.9339230769231467, 55.672192307694836, 56.658000000002595, 56.60611538461798, 55.82784615384871, 0.15565384615383618, 0.20753846153849145, 0.8301538461539225, 0.5188461538461638, 0.7263846153846121, 1.245230769230819, 0.20753846153844824, 1.0376923076923708, 0.7782692307692674, 0.10376923076926732, 0.0, 0.6226153846154311, 1.2971153846154744, 1.2971153846154744, 0.2594230769231035, 0.05188461538461206, 0.4150769230769829, 0.9858076923077588, 57.02119230769492, 0.7263846153846553, 55.568423076925605, 0.05188461538465526, 0.31130769230771554, 0.6226153846153879, 56.34669230769487, 57.02119230769492, 0.7782692307692674, 0.2594230769231035, 0.7782692307692674, 0.20753846153849145, 1.0376923076923277, 0.7782692307692674, 0.36319230769232763, 0.8820384615384915, 0.9339230769231467, 0.9339230769231467, 0.36319230769228444, 0.10376923076926732, 0.05188461538465526, 1.1933461538462502, 0.20753846153849145, 0.36319230769232763, 0.5707307692307759, 1.9197307692308623, 0.7782692307692674, 0.9858076923077588, 0.15565384615387937, 2.0753846153847415, 0.10376923076926732, 1.0895769230769827, 0.7263846153846553, 0.36319230769232763, 0.9858076923077155, 0.2594230769230603, 0.46696153846155175, 1.660307692307802, 0.10376923076922412, 56.502346153848755, 56.294807692310265, 1.0895769230769827, 54.53073076923328, 54.582615384617895, 1.1414615384615519, 0.46696153846155175, 0.518846153846207, 56.658000000002595, 0.05188461538465526, 0.518846153846207, 1.7121923076923709, 1.0376923076923708, 0.518846153846207, 55.98350000000255, 0.0, 0.05188461538465526, 55.72407692307949, 1.5046538461538792, 0.0, 56.13915384615643, 0.5707307692307759, 54.84203846154095, 56.81365384615643, 0.2594230769231035, 0.5188461538461638, 57.43626923077186, 0.5707307692307759, 0.20753846153849145, 0.10376923076922412, 0.6745000000000001, 0.31130769230767236, 0.0, 0.15565384615387937, 0.20753846153849145, 1.4008846153846553, 0.46696153846155175, 0.7263846153846553, 57.43626923077186, 0.8301538461539225, 1.4527692307693105, 0.9858076923077155, 1.3490000000000864, 0.9858076923077155, 0.20753846153849145, 0.20753846153849145, 56.658000000002595, 55.672192307694836, 55.931615384617935, 56.60611538461798, 56.294807692310265, 55.46465384615638, 0.5188461538461638, 0.31130769230771554, 0.05188461538461206, 56.08726923077182, 55.568423076925605, 55.98350000000255, 57.43626923077186, 0.8820384615385346, 0.466961538461595, 1.141461538461595, 1.141461538461595, 0.9339230769231467, 0.20753846153844824, 56.03538461538716, 1.0376923076923708, 55.72407692307949, 1.4008846153846553, 54.16753846154096, 1.4008846153846986, 0.9858076923077588, 1.141461538461595, 0.6745000000000432, 0.466961538461595, 1.2452307692308622, 0.20753846153849145, 0.2594230769231035, 55.879730769233326, 0.7782692307692674, 0.518846153846207, 0.4150769230769829, 0.10376923076926732, 0.9339230769231467, 1.7640769230770261, 0.6226153846153879, 0.466961538461595, 1.4008846153846553, 0.36319230769232763, 0.15565384615383618, 1.245230769230819, 0.10376923076922412, 1.2452307692308622, 0.4150769230769829, 0.9858076923077588, 0.7263846153846553, 0.2594230769230603, 0.2594230769231035, 1.245230769230819, 0.15565384615387937, 0.2594230769231035, 0.4150769230769829, 56.4504615384641, 1.815961538461638, 55.72407692307949, 1.0376923076923708, 0.9339230769231467, 0.05188461538465526, 0.4150769230769829, 0.6226153846154311, 1.0376923076923277, 1.2971153846154744, 1.3490000000000864, 0.9858076923077588, 0.2594230769231035, 1.141461538461595, 1.6603076923077587, 1.0895769230769827, 0.15565384615383618, 1.7640769230770261, 2.1791538461539655, 1.5046538461539225, 0.7782692307692674, 0.2594230769231035, 0.6745000000000001, 1.0376923076923708, 1.4008846153846553, 1.5565384615385347, 0.518846153846207, 0.5188461538461638, 0.7782692307692674, 0.8301538461539225, 0.4150769230769829, 56.76176923077181, 0.15565384615383618, 55.04957692307944, 57.17684615384876, 57.17684615384876, 0.518846153846207, 0.15565384615383618, 0.7263846153846121, 1.5046538461538792, 0.46696153846155175, 2.386692307692457, 0.6226153846154311, 0.31130769230771554, 1.0895769230769827, 0.8301538461538793, 0.5707307692307759, 0.5707307692308191, 0.4150769230769829, 0.7782692307692674, 0.15565384615383618, 1.0376923076923708, 0.6745000000000432, 2.4385769230770693, 0.8301538461539225, 0.36319230769228444, 0.05188461538461206, 0.31130769230767236, 1.0376923076923277, 1.60842307692319, 0.9339230769231467, 0.2594230769231035, 0.2594230769230603, 0.6226153846154311, 0.20753846153844824, 1.7121923076923709, 0.9339230769231035, 0.31130769230771554, 1.0376923076923277, 0.20753846153849145, 0.6226153846153879, 0.31130769230771554, 55.516538461540996, 55.72407692307949, 1.9716153846154743, 55.672192307694836, 1.4527692307693105, 55.62030769231022, 1.0376923076923708, 0.4150769230769829, 1.0895769230769397, 55.04957692307944, 0.15565384615387937, 0.7263846153846553, 0.20753846153849145, 55.46465384615638, 56.294807692310265, 0.9858076923077588, 55.04957692307944, 0.518846153846207, 1.6603076923077587, 0.0, 0.518846153846207, 1.5565384615385347, 0.4150769230769829, 0.466961538461595, 0.36319230769232763, 0.8301538461538793, 0.6226153846154311, 0.31130769230771554, 0.7782692307692674, 0.36319230769228444, 0.46696153846155175, 0.10376923076926732, 0.05188461538465526, 0.10376923076926732, 0.20753846153844824, 0.15565384615387937, 0.5707307692307759, 0.2594230769231035, 0.05188461538465526, 0.2594230769231035, 0.0, 56.658000000002595, 57.228730769233366, 56.34669230769487, 0.31130769230771554, 0.6226153846154311, 1.141461538461595, 55.46465384615638, 0.10376923076926732, 56.13915384615643, 0.2594230769230603, 0.2594230769230603, 0.15565384615383618, 0.10376923076926732, 0.7263846153846121, 0.7782692307692674, 0.36319230769232763, 0.36319230769228444, 0.7263846153846121, 0.0, 0.10376923076922412, 0.5707307692308191, 0.518846153846207, 0.15565384615383618, 0.15565384615383618, 0.7782692307692674, 0.9858076923077588, 0.7263846153846553, 1.2452307692308622, 0.6226153846153879, 57.12496153846414, 0.2594230769231035, 0.9858076923077155, 55.879730769233326, 55.30900000000255, 1.0895769230769397, 0.41507692307693966, 0.36319230769228444, 0.8820384615385346, 0.6226153846153879, 0.10376923076926732, 1.0895769230769827, 55.7759615384641, 0.9339230769231035, 55.72407692307949, 0.0, 0.466961538461595, 57.228730769233366, 0.7263846153846553, 1.2971153846154744, 54.42696153846401, 0.46696153846155175, 55.879730769233326, 56.96930769231031, 0.4150769230769829, 0.15565384615387937, 0.31130769230767236, 0.10376923076922412, 0.7263846153846553, 0.05188461538465526, 0.36319230769232763, 0.36319230769232763, 0.2594230769231035, 0.46696153846155175, 1.141461538461595, 1.2971153846154313, 0.20753846153849145, 55.46465384615638, 0.6226153846153879, 0.15565384615387937, 0.9858076923077155, 0.0, 0.36319230769228444, 0.20753846153844824, 0.41507692307693966, 55.516538461540996, 1.7121923076923709, 0.5188461538461638, 0.9858076923077588, 0.9858076923077588, 0.10376923076922412, 57.073076923079526, 0.518846153846207, 0.8820384615384915, 56.34669230769487, 56.76176923077181, 0.05188461538465526, 0.6226153846153879, 1.1933461538462502, 0.31130769230767236, 0.5707307692307759, 1.5565384615385347, 1.0376923076923708, 0.41507692307693966, 0.41507692307693966, 0.05188461538461206, 0.46696153846155175, 0.8301538461539225, 0.31130769230767236, 0.9339230769231467, 0.05188461538465526, 0.31130769230771554, 0.6226153846154311, 56.917423076925694, 0.6745000000000001, 0.31130769230767236, 56.24292307692565, 0.05188461538465526, 0.10376923076922412, 55.98350000000255, 0.4150769230769829, 0.5707307692308191, 1.0376923076923708, 0.6745000000000001, 56.03538461538716, 56.81365384615643, 55.98350000000255, 0.05188461538461206, 0.15565384615383618, 1.2971153846154744, 0.2594230769231035, 0.41507692307693966, 0.20753846153844824, 0.5188461538461638, 56.08726923077182, 0.31130769230771554, 56.03538461538716, 0.6226153846154311, 0.05188461538461206, 0.9858076923077155, 0.2594230769230603, 1.60842307692319, 0.31130769230767236, 0.5707307692308191, 0.9858076923077588, 0.5707307692308191, 0.20753846153844824, 0.8820384615384915, 1.1933461538462502, 57.073076923079526, 0.20753846153849145, 0.0, 0.15565384615383618, 56.08726923077182, 55.62030769231022, 55.879730769233326, 1.0376923076923708, 0.36319230769228444, 56.60611538461798, 55.568423076925605, 1.0895769230769397, 0.4150769230769829, 0.41507692307693966, 0.6226153846154311, 0.15565384615387937, 0.20753846153844824, 0.518846153846207, 56.08726923077182, 56.502346153848755, 0.36319230769228444, 0.36319230769228444, 0.36319230769232763, 0.6745000000000432, 0.05188461538461206, 0.15565384615383618, 0.466961538461595, 0.518846153846207, 56.60611538461798, 1.1933461538462502, 1.9197307692308192, 1.5565384615385347, 2.0753846153846984, 55.82784615384871, 0.31130769230767236, 55.879730769233326, 0.46696153846155175, 57.17684615384876, 0.15565384615383618, 0.8301538461538793, 0.36319230769232763, 0.2594230769230603, 1.5046538461539225, 56.502346153848755, 55.25711538461789, 1.2971153846154744, 0.15565384615387937, 0.46696153846155175, 0.5707307692308191, 0.2594230769231035, 0.46696153846155175, 1.349000000000043, 0.9858076923077588, 0.6745000000000001, 0.5188461538461638, 0.05188461538461206, 0.20753846153844824, 0.20753846153849145, 0.5707307692307759, 0.9858076923077588, 0.41507692307693966, 0.0, 57.12496153846414, 57.073076923079526, 56.24292307692565, 0.4150769230769829, 0.6226153846154311, 0.36319230769232763, 0.9858076923077588, 0.20753846153849145, 0.10376923076922412, 0.6226153846154311, 0.7782692307692674, 0.15565384615387937, 0.05188461538461206, 2.0235000000001295, 0.15565384615387937, 0.8820384615384915, 0.10376923076922412, 0.8301538461539225, 0.10376923076922412, 0.4150769230769829, 0.10376923076922412, 1.0376923076923708, 0.7782692307692674, 0.05188461538465526, 0.9339230769231467, 0.10376923076922412, 0.31130769230771554, 0.15565384615387937, 0.05188461538461206, 0.15565384615383618, 0.7263846153846121, 1.0895769230769827, 0.05188461538461206, 1.1414615384615519, 0.36319230769232763, 1.141461538461595, 2.127269230769354, 0.4150769230769829, 0.10376923076922412, 0.05188461538461206, 0.20753846153844824, 1.2452307692308622, 0.36319230769228444, 0.6226153846153879, 0.2594230769230603, 0.0, 0.8820384615385346, 0.7263846153846121, 0.36319230769228444, 0.8301538461539225, 0.36319230769228444, 0.466961538461595, 0.4150769230769829, 0.8820384615385346, 0.6745000000000432, 1.4008846153846986, 0.7263846153846553, 56.917423076925694, 56.86553846154108, 0.2594230769231035, 0.05188461538461206, 0.9339230769231035, 0.20753846153844824, 0.15565384615387937, 0.15565384615387937, 0.36319230769228444, 0.36319230769228444, 0.15565384615387937, 0.8820384615385346, 0.6745000000000001, 0.36319230769232763, 1.141461538461595, 55.62030769231022, 55.672192307694836, 0.31130769230767236, 0.41507692307693966, 0.36319230769228444, 0.20753846153849145, 0.05188461538461206, 54.32319230769479, 0.0, 1.0895769230769827, 0.36319230769228444, 0.15565384615387937, 0.4150769230769829, 0.20753846153844824, 0.8301538461539225, 0.41507692307693966, 0.0, 0.6745000000000432, 0.05188461538461206, 1.1933461538462502, 1.1933461538462502, 0.9339230769231035, 0.8820384615384915, 0.10376923076922412, 0.05188461538461206, 0.4150769230769829, 0.4150769230769829, 0.466961538461595, 0.20753846153849145, 0.6226153846154311, 0.0, 0.31130769230767236, 0.9858076923077588, 0.20753846153844824, 1.0376923076923708, 0.5707307692308191, 1.193346153846207, 0.466961538461595, 1.141461538461595, 1.5046538461539225, 0.31130769230767236, 0.10376923076922412, 1.2971153846154744, 55.72407692307949, 55.568423076925605, 0.0, 0.2594230769231035, 0.15565384615383618, 0.8820384615385346, 0.15565384615383618, 0.518846153846207, 0.36319230769232763, 1.193346153846207, 0.4150769230769829, 0.466961538461595, 0.7263846153846121, 0.20753846153844824, 2337.038730769338, 2337.1425000001077, 0.10376923076926732, 54.53073076923328, 55.72407692307949, 1.141461538461595, 0.10376923076926732, 1.4008846153846986, 0.05188461538461206, 0.7263846153846553, 0.41507692307693966, 57.851346153848795, 57.02119230769492, 55.20523076923328, 0.15565384615387937, 55.568423076925605, 0.36319230769232763, 0.6226153846153879, 0.05188461538461206, 0.6745000000000001, 1.0376923076923708, 0.4150769230769829, 0.0, 1.141461538461595, 0.36319230769232763, 0.5707307692308191, 0.8301538461538793, 0.31130769230771554, 0.0, 0.518846153846207, 0.20753846153844824, 0.466961538461595, 0.15565384615383618, 0.31130769230771554, 0.7782692307692674, 0.6226153846153879, 0.9339230769231467, 0.0, 0.36319230769232763, 1.2452307692308622, 0.5707307692308191, 0.15565384615387937, 0.41507692307693966, 0.6745000000000001, 0.05188461538461206, 0.46696153846155175, 0.6226153846153879, 0.6745000000000432, 0.9339230769231467, 56.502346153848755, 1.4008846153846986, 0.31130769230767236, 0.6745000000000432, 1.764076923076983, 1.245230769230819, 0.15565384615383618, 1.60842307692319, 1.141461538461595, 0.31130769230771554, 1.8159615384615948, 57.12496153846414, 55.62030769231022, 2.334807692307802, 0.6226153846154311, 0.4150769230769829, 1.1933461538462502, 0.36319230769228444, 1.141461538461595, 0.31130769230771554, 0.10376923076926732, 0.8820384615384915, 0.36319230769232763, 0.10376923076926732, 0.8820384615384915, 0.9339230769231467, 0.20753846153844824, 0.20753846153849145, 0.6745000000000001, 0.7782692307692674, 0.15565384615387937, 0.9858076923077588, 0.31130769230767236, 0.2594230769230603, 1.0895769230769397, 56.39857692307949, 55.879730769233326, 0.31130769230771554, 55.20523076923328, 0.5707307692308191, 55.7759615384641, 54.582615384617895, 0.31130769230767236, 56.81365384615643, 0.5707307692307759, 0.05188461538461206, 0.5707307692307759, 0.466961538461595, 0.7263846153846121, 0.36319230769228444, 55.82784615384871, 56.34669230769487, 56.19103846154104, 56.03538461538716, 1.0376923076923708, 57.38438461538725, 55.72407692307949, 0.36319230769228444, 0.10376923076922412, 56.81365384615643, 0.05188461538465526, 0.05188461538465526, 0.466961538461595, 0.0, 55.41276923077177, 54.997692307694834, 55.672192307694836, 0.20753846153844824, 0.2594230769231035, 0.20753846153844824, 0.36319230769232763, 55.7759615384641, 54.94580769231022, 1.0376923076923708, 57.33250000000263, 55.46465384615638, 0.46696153846155175, 1.5565384615385347, 0.6745000000000432, 1.245230769230819, 0.9858076923077588, 56.19103846154104, 55.98350000000255, 0.31130769230767236, 0.46696153846155175, 0.31130769230771554, 0.7263846153846553, 55.672192307694836, 55.931615384617935, 0.8820384615385346, 0.6745000000000432, 0.20753846153849145, 54.997692307694834, 55.46465384615638, 55.516538461540996, 0.20753846153849145, 0.6226153846154311, 0.05188461538465526, 57.02119230769492, 0.05188461538465526, 53.96000000000246, 0.466961538461595, 0.0, 0.41507692307693966, 0.0, 0.10376923076926732, 0.05188461538465526, 57.591923076925696, 0.6226153846154311, 0.05188461538465526, 0.05188461538461206, 1.3490000000000864, 0.15565384615387937, 0.15565384615387937, 0.10376923076922412, 56.39857692307949, 0.20753846153844824, 56.4504615384641, 0.2594230769231035, 0.46696153846155175, 0.10376923076926732, 0.9339230769231035, 0.5188461538461638, 56.81365384615643, 0.518846153846207, 0.7782692307692674, 0.2594230769230603, 0.05188461538465526, 1.2971153846154744, 0.518846153846207, 0.7782692307692674, 0.31130769230767236, 0.05188461538461206, 1.5046538461539225, 0.10376923076926732, 1.1933461538462502, 57.64380769231031, 54.94580769231022, 0.36319230769232763, 1.1933461538462502, 0.466961538461595, 0.518846153846207, 0.46696153846155175, 1.4008846153846986, 0.15565384615383618, 0.8820384615385346, 1.660307692307802, 0.31130769230771554, 0.466961538461595, 1.4008846153846986, 56.39857692307949, 1.5565384615385347, 55.98350000000255, 1.0895769230769827, 0.10376923076926732, 0.6745000000000432, 0.15565384615383618, 0.9858076923077155, 0.8820384615384915, 56.294807692310265, 0.0, 0.36319230769228444, 0.7782692307692674, 0.9339230769231467, 0.15565384615383618, 0.10376923076926732, 0.05188461538465526, 0.20753846153849145, 0.9858076923077588, 1.2452307692308622, 0.31130769230771554, 0.6745000000000001, 0.9339230769231035, 0.10376923076922412, 0.9858076923077155, 1.867846153846207, 0.466961538461595, 0.15565384615387937, 1.5565384615385347, 0.9858076923077588, 0.10376923076926732, 0.10376923076926732, 0.05188461538461206, 1.193346153846207, 0.5707307692308191, 1.60842307692319, 1.0376923076923708, 0.8820384615385346, 0.10376923076926732, 0.9858076923077588, 0.5707307692307759, 1.2452307692308622, 0.2594230769230603, 56.81365384615643, 0.9339230769231467, 0.466961538461595, 0.0, 56.81365384615643, 55.931615384617935, 1.2971153846154744, 1.6084230769231467, 0.9858076923077588, 0.9858076923077155, 0.518846153846207, 0.6745000000000432, 1.9197307692308192, 0.7263846153846553, 1.0376923076923708, 0.20753846153849145, 0.518846153846207, 0.5707307692307759, 0.5707307692308191, 1.2452307692308622, 56.294807692310265, 0.20753846153844824, 55.62030769231022, 0.41507692307693966, 57.17684615384876, 0.8301538461539225, 0.518846153846207, 1.0895769230769827, 0.466961538461595, 0.5707307692307759, 0.31130769230771554, 1.8678461538462503, 0.466961538461595, 56.39857692307949, 1.4008846153846553, 0.20753846153844824, 56.39857692307949, 0.5707307692308191, 1.8678461538462503, 1.5565384615385347, 0.466961538461595, 0.20753846153849145, 0.4150769230769829, 56.76176923077181, 55.62030769231022, 0.2594230769231035, 55.10146153846406, 57.02119230769492, 0.5188461538461638, 0.36319230769232763, 1.60842307692319, 0.36319230769228444, 56.39857692307949, 0.41507692307693966, 0.9858076923077588, 0.6745000000000001, 1.660307692307802, 55.82784615384871, 0.05188461538461206, 0.8301538461538793, 0.4150769230769829, 56.554230769233364, 0.36319230769228444, 0.10376923076926732, 0.5707307692308191, 0.7263846153846553, 0.10376923076922412, 0.7782692307692674, 56.60611538461798, 55.153346153848666, 1.141461538461595, 2.0753846153847415, 0.7782692307692674, 0.36319230769228444, 1.3490000000000864, 57.02119230769492, 0.05188461538465526, 1.2452307692308622, 0.41507692307693966, 0.8301538461539225, 56.39857692307949, 55.41276923077177, 0.31130769230771554, 0.6745000000000432, 1.4527692307692675, 0.6745000000000432, 0.6745000000000001, 0.6226153846153879, 0.2594230769231035, 0.466961538461595, 0.41507692307693966, 0.6745000000000432, 0.518846153846207, 0.0, 0.15565384615387937, 1.4527692307693105, 1.4008846153846553, 0.0, 0.36319230769228444, 0.9858076923077588, 1.5046538461538792, 0.10376923076922412, 1.0895769230769397, 0.10376923076922412, 0.5707307692308191, 0.46696153846155175, 1.2452307692308622, 0.36319230769232763, 1.0376923076923708, 0.0, 0.2594230769230603, 56.294807692310265, 56.76176923077181, 57.64380769231031, 0.5188461538461638, 0.7263846153846553, 0.5188461538461638, 0.05188461538465526, 1.1933461538462502, 56.08726923077182, 0.31130769230771554, 0.15565384615387937, 0.36319230769232763, 0.2594230769230603, 0.31130769230771554, 0.7782692307692674, 0.7263846153846553, 0.9339230769231467, 55.516538461540996, 0.05188461538465526, 0.05188461538461206, 57.64380769231031, 0.2594230769231035, 0.36319230769232763, 54.219423076925565, 56.08726923077182, 0.15565384615383618, 0.31130769230767236, 1.245230769230819, 1.141461538461595, 56.4504615384641, 55.153346153848666, 0.10376923076922412, 1.1933461538462502, 1.2971153846154313, 1.141461538461595, 0.31130769230771554, 0.36319230769232763, 0.6745000000000001, 0.6226153846153879, 1.4527692307693105, 1.1414615384615519, 0.518846153846207, 1.9197307692308192, 1167.9745769231306, 11412.124923077448, 0.6745000000000001, 0.9858076923077588, 0.31130769230767236, 0.9339230769231467, 0.6226153846154311, 0.36319230769232763, 0.8301538461539225, 0.5707307692308191, 0.36319230769228444, 0.10376923076926732, 0.9339230769231467, 1.0376923076923277, 0.466961538461595, 0.05188461538465526, 1.7640769230770261, 0.6226153846153879, 0.36319230769232763, 0.05188461538461206, 0.7782692307692674, 0.2594230769230603, 0.41507692307693966, 0.41507692307693966, 0.8820384615384915, 0.20753846153849145, 0.6226153846154311, 0.46696153846155175, 0.31130769230771554, 0.15565384615383618, 0.9339230769231467, 0.31130769230771554, 1.141461538461595, 55.41276923077177, 55.516538461540996, 0.36319230769228444, 0.4150769230769829, 0.4150769230769829, 0.31130769230771554, 0.36319230769232763, 0.5188461538461638, 1.815961538461638, 2.0753846153847415, 0.15565384615383618, 1.141461538461595, 0.7782692307692674, 0.20753846153849145, 0.6226153846153879, 1.4008846153846553, 0.15565384615383618, 0.10376923076922412, 1.0376923076923708, 0.15565384615383618, 0.31130769230771554, 0.41507692307693966, 1.4527692307693105, 0.05188461538461206, 0.41507692307693966, 1.712192307692414, 1.0376923076923708, 0.8820384615384915, 1.8678461538462503, 0.466961538461595, 1.1933461538462502, 0.9858076923077155, 2.4904615384616813, 0.518846153846207, 0.9339230769231467, 0.10376923076926732, 0.7263846153846553, 1.4008846153846553, 1.2971153846154744, 0.466961538461595, 1.815961538461638, 0.15565384615383618, 57.33250000000263, 55.931615384617935, 0.0, 1.0895769230769397, 0.05188461538465526, 1.1933461538462502, 56.76176923077181, 0.2594230769231035, 0.6226153846154311, 0.2594230769230603, 0.8820384615385346, 56.917423076925694, 0.7263846153846553, 0.41507692307693966, 0.6226153846153879, 1.815961538461638, 0.5707307692307759, 57.74757692307958, 0.10376923076926732, 0.2594230769231035, 1.1933461538462502, 1.1414615384615519, 56.76176923077181, 55.72407692307949, 0.20753846153849145, 0.518846153846207, 55.7759615384641, 0.8820384615385346, 0.41507692307693966, 1.5565384615385347, 0.05188461538465526, 56.554230769233364, 55.672192307694836, 1.4008846153846986, 55.46465384615638, 56.86553846154108, 0.5707307692307759, 55.672192307694836, 0.8301538461539225, 56.13915384615643, 0.466961538461595, 56.502346153848755, 0.9339230769231467, 0.5188461538461638, 0.2594230769231035, 0.9339230769231467, 56.34669230769487, 0.2594230769230603, 1.3490000000000864, 0.10376923076922412, 0.9339230769231467, 1.2971153846154313, 1.5046538461538792, 56.96930769231031, 0.8820384615385346, 2.1791538461539655, 1.1414615384615519, 1.5046538461539225, 1.0895769230769397, 0.20753846153844824, 0.31130769230767236, 1.712192307692414, 0.9858076923077588, 0.6745000000000432, 0.8301538461539225, 0.466961538461595, 0.20753846153844824, 0.518846153846207, 0.6226153846153879, 0.7263846153846553, 0.5188461538461638, 0.7263846153846553, 0.9339230769231035, 0.8301538461539225, 0.7782692307692674, 0.15565384615387937, 0.10376923076926732, 56.4504615384641, 56.502346153848755, 0.6745000000000432, 0.10376923076926732, 1.60842307692319, 1.2452307692308622, 0.518846153846207, 1.712192307692414, 1.660307692307802, 0.518846153846207, 0.10376923076922412, 0.10376923076922412, 0.10376923076922412, 0.2594230769231035, 0.2594230769231035, 0.518846153846207, 0.5188461538461638, 0.9339230769231467, 0.15565384615383618, 1.4008846153846986, 1.0895769230769827, 0.20753846153844824, 0.2594230769231035, 0.31130769230767236, 0.9858076923077588, 0.7782692307692674, 0.8301538461538793, 0.15565384615383618, 0.6226153846154311, 0.466961538461595, 1.1414615384615519, 0.5188461538461638, 0.8820384615385346, 1.349000000000043, 0.5188461538461638, 0.20753846153844824, 1.3490000000000864, 0.9339230769231467, 0.15565384615383618, 0.2594230769230603, 0.20753846153849145, 0.6226153846154311, 55.931615384617935, 0.2594230769231035, 0.15565384615383618, 1.193346153846207, 0.466961538461595, 0.10376923076926732, 0.31130769230771554, 0.31130769230767236, 0.41507692307693966, 57.33250000000263, 55.931615384617935, 0.0, 0.15565384615383618, 0.0, 2.1791538461539655, 0.05188461538461206, 55.41276923077177, 55.568423076925605, 1.2452307692308622, 0.15565384615387937, 0.10376923076922412, 1.3490000000000864, 0.36319230769232763, 0.41507692307693966, 0.4150769230769829, 0.8820384615385346, 1.0376923076923708, 1.2971153846154313, 0.15565384615387937, 0.10376923076926732, 0.7782692307692674, 1.815961538461638, 0.9339230769231035, 0.5707307692308191, 1.141461538461595, 0.10376923076926732, 0.6745000000000001, 56.81365384615643, 0.4150769230769829, 0.9858076923077588, 1.0376923076923277, 0.36319230769228444, 55.879730769233326, 0.10376923076926732, 1.349000000000043, 0.31130769230771554, 0.05188461538465526, 0.20753846153844824, 0.6226153846153879, 55.98350000000255, 0.9339230769231467, 0.8820384615385346, 57.64380769231031, 0.4150769230769829, 0.8301538461538793, 0.36319230769232763, 1.5565384615385347, 1.2971153846154744, 0.05188461538465526, 0.9339230769231467, 0.518846153846207, 1.9197307692308192, 0.41507692307693966, 56.294807692310265, 0.7263846153846553, 0.10376923076926732, 0.9339230769231467, 1.5565384615385347, 1.3490000000000864, 55.72407692307949, 2.0753846153846984, 0.7263846153846553, 1.3490000000000864, 0.6226153846153879, 0.4150769230769829, 0.6745000000000001, 0.6745000000000432, 1.0376923076923277, 0.05188461538465526, 0.5707307692307759, 0.8820384615385346, 0.10376923076926732, 0.5707307692308191, 1.4008846153846986, 0.36319230769232763, 55.10146153846406, 1.9197307692308623, 0.7782692307692674, 0.36319230769232763, 1.4008846153846986, 0.10376923076926732, 1.60842307692319, 0.36319230769228444, 1.245230769230819, 1.60842307692319, 1.1933461538462502, 1.5565384615385347, 0.7782692307692674, 0.466961538461595, 0.46696153846155175, 2.4385769230770693, 0.31130769230771554, 1.0895769230769397, 0.9858076923077155, 0.20753846153844824, 0.9858076923077588, 56.08726923077182, 55.98350000000255, 0.6226153846154311, 57.591923076925696, 0.15565384615383618, 0.20753846153849145, 0.20753846153849145, 0.518846153846207, 56.60611538461798, 56.86553846154108, 0.9858076923077588, 0.7263846153846121, 0.7782692307692674, 0.6745000000000001, 55.672192307694836, 1.5046538461539225, 0.15565384615383618, 55.72407692307949, 55.568423076925605, 57.38438461538725, 0.20753846153844824, 1.3490000000000864, 0.0, 0.7782692307692674, 0.2594230769230603, 0.20753846153844824, 0.46696153846155175, 56.294807692310265, 1.1414615384615519, 55.931615384617935, 54.634500000002504, 56.81365384615643, 56.294807692310265, 56.08726923077182, 0.36319230769228444, 0.9858076923077588, 0.5188461538461638, 0.46696153846155175, 0.41507692307693966, 0.36319230769228444, 0.6226153846153879, 0.4150769230769829, 0.7263846153846121, 55.10146153846406, 55.568423076925605, 56.03538461538716, 0.2594230769231035, 0.31130769230771554, 0.15565384615387937, 0.41507692307693966, 55.931615384617935, 56.294807692310265, 0.31130769230767236, 0.46696153846155175, 0.05188461538461206, 0.36319230769232763, 1.0895769230769397, 0.31130769230771554, 0.05188461538465526, 56.08726923077182, 55.672192307694836, 0.31130769230767236, 0.6226153846154311, 1.1933461538462502, 0.31130769230771554, 0.7263846153846553, 0.10376923076922412, 0.4150769230769829, 0.0, 0.9858076923077155, 0.466961538461595, 0.7782692307692674, 0.10376923076922412, 0.05188461538461206, 0.46696153846155175, 0.20753846153849145, 0.10376923076922412, 0.5707307692308191, 1.60842307692319, 1.0376923076923277, 0.6226153846154311, 0.8301538461539225, 1.3490000000000864, 0.8301538461538793, 0.15565384615383618, 0.2594230769231035, 0.5188461538461638, 0.9339230769231467, 0.466961538461595, 0.518846153846207, 56.294807692310265, 54.634500000002504, 0.10376923076922412, 0.2594230769231035, 0.6226153846154311, 0.10376923076926732, 0.10376923076926732, 0.5707307692308191, 0.6745000000000432, 56.34669230769487, 0.15565384615387937, 1.60842307692319, 1.7121923076923709, 0.6226153846154311, 0.36319230769228444, 1.2971153846154313, 1.141461538461595, 1.5565384615385347, 0.518846153846207, 56.7098846153872, 0.9339230769231035, 57.02119230769492, 0.6226153846153879, 0.0, 57.54003846154108, 55.04957692307944, 55.82784615384871, 1.3490000000000864, 55.82784615384871, 0.15565384615383618, 0.6745000000000432, 0.36319230769232763, 0.4150769230769829, 0.05188461538461206, 0.518846153846207, 2.0753846153847415, 56.76176923077181, 0.8820384615385346, 1.1933461538462502, 0.2594230769231035, 56.13915384615643, 55.72407692307949, 0.10376923076922412, 0.7782692307692674, 1.0376923076923708, 0.6745000000000001, 0.4150769230769829, 56.76176923077181, 0.8820384615384915, 56.4504615384641, 56.502346153848755, 56.24292307692565, 0.9339230769231467, 1.5046538461539225, 1.1933461538462502, 0.466961538461595, 55.62030769231022, 55.62030769231022, 1.4008846153846986, 0.8820384615385346, 0.466961538461595, 2.4904615384616813, 1.0376923076923708, 0.6745000000000001, 0.5707307692308191, 0.466961538461595, 0.8301538461539225, 0.518846153846207, 0.31130769230767236, 0.20753846153844824, 0.36319230769228444, 0.2594230769231035, 0.5188461538461638, 55.568423076925605, 0.5188461538461638, 0.36319230769232763, 0.10376923076926732, 0.9858076923077155, 0.46696153846155175, 2.0235000000000865, 0.10376923076926732, 1.349000000000043, 1.0895769230769397, 0.9339230769231467, 0.9858076923077588, 56.60611538461798, 54.89392307692557, 0.5707307692307759, 57.228730769233366, 56.7098846153872, 56.34669230769487, 1.5046538461539225, 56.7098846153872, 0.7263846153846121, 0.5707307692308191, 0.466961538461595, 55.98350000000255, 56.76176923077181, 0.5707307692308191, 0.46696153846155175, 55.879730769233326, 0.6745000000000001, 0.20753846153849145, 0.2594230769231035, 55.516538461540996, 55.20523076923328, 1.0895769230769397, 0.46696153846155175, 0.7782692307692674, 0.05188461538465526, 0.7263846153846553, 0.8820384615385346, 0.41507692307693966, 0.46696153846155175, 0.7782692307692674, 0.6745000000000432, 0.10376923076926732, 0.7782692307692674, 0.10376923076926732, 0.31130769230767236, 0.8820384615385346, 0.9339230769231467, 0.36319230769232763, 0.05188461538461206, 0.6226153846154311, 0.0, 0.466961538461595, 0.5707307692307759, 0.2594230769231035, 0.10376923076922412, 0.31130769230767236, 1.1933461538462502, 0.20753846153849145, 1.2452307692308622, 0.9339230769231467, 1.0895769230769827, 0.5707307692308191, 0.2594230769231035, 0.31130769230771554, 1.349000000000043, 1.815961538461638, 0.05188461538465526, 0.10376923076926732, 1.5565384615385347, 0.6226153846153879, 0.15565384615387937, 1.2971153846154744, 1.8678461538462503, 1.1933461538462502, 1.3490000000000864, 0.10376923076922412, 0.7263846153846121, 56.03538461538716, 56.502346153848755, 1.193346153846207, 0.6745000000000432, 1.9716153846154743, 0.4150769230769829, 0.7263846153846121, 0.466961538461595, 0.5188461538461638, 0.0, 56.03538461538716, 0.466961538461595, 0.20753846153849145, 2.1791538461539655, 0.9858076923077588, 56.4504615384641, 56.39857692307949, 0.7263846153846121, 1.0376923076923708, 56.658000000002595, 0.31130769230767236, 0.9339230769231035, 56.19103846154104, 0.7263846153846553, 56.81365384615643, 0.6745000000000001, 0.10376923076926732, 1.245230769230819, 0.0, 0.15565384615387937, 0.4150769230769829, 0.05188461538461206, 1.245230769230819, 0.15565384615387937, 0.8301538461538793, 0.8820384615384915, 0.15565384615383618, 0.0, 0.05188461538461206, 0.4150769230769829, 0.6745000000000432, 0.2594230769230603, 0.6226153846154311, 1.0895769230769827, 0.0, 0.518846153846207, 0.7263846153846553, 0.05188461538465526, 0.46696153846155175, 0.2594230769231035, 1.0376923076923277, 0.31130769230771554, 0.6745000000000432, 56.60611538461798, 1.5046538461539225, 0.4150769230769829, 0.36319230769228444, 0.20753846153844824, 56.294807692310265, 56.4504615384641, 55.62030769231022, 0.8301538461539225, 56.19103846154104, 0.5188461538461638, 1.0376923076923277, 0.7263846153846553, 0.46696153846155175, 1.4008846153846986, 1.60842307692319, 56.13915384615643, 55.7759615384641, 1.141461538461595, 0.15565384615383618, 0.05188461538465526, 0.6745000000000432, 1.0895769230769827, 0.9339230769231467, 0.10376923076922412, 0.2594230769230603, 0.9858076923077588, 0.7782692307692674, 0.8820384615385346, 0.31130769230771554, 0.46696153846155175, 1.2971153846154313, 0.05188461538465526, 0.05188461538465526, 0.10376923076926732, 0.20753846153844824, 0.20753846153849145, 0.41507692307693966, 1.2452307692308622, 0.0, 0.9339230769231035, 0.31130769230771554, 0.10376923076922412, 0.5188461538461638, 0.05188461538461206, 1.60842307692319, 0.20753846153844824, 0.8301538461539225, 1.141461538461595, 1.0895769230769827, 1.660307692307802, 1.9197307692308623, 0.31130769230771554, 0.9339230769231467, 1.2971153846154313, 0.20753846153844824, 0.5707307692308191, 1.1933461538462502, 0.20753846153844824, 0.6226153846153879, 57.280615384618024, 0.7782692307692674, 0.9339230769231467, 1.5565384615385347, 0.10376923076926732, 0.7263846153846553, 0.6226153846153879, 0.20753846153849145, 0.36319230769232763, 0.4150769230769829, 57.073076923079526, 55.98350000000255, 0.4150769230769829, 0.46696153846155175, 0.36319230769228444, 1.245230769230819, 55.516538461540996, 0.4150769230769829, 0.9858076923077588, 0.2594230769231035, 0.8301538461539225, 0.05188461538465526, 1.193346153846207, 0.20753846153849145, 1.193346153846207, 1.141461538461595, 55.879730769233326, 0.0, 0.15565384615383618, 1.349000000000043, 0.7263846153846553, 0.7782692307692674, 0.9339230769231467, 0.4150769230769829, 0.6226153846154311, 0.5188461538461638, 0.05188461538461206, 1.4008846153846553, 0.5707307692307759, 0.0, 0.15565384615387937, 0.518846153846207, 0.31130769230771554, 1.60842307692319, 0.0, 0.15565384615383618, 0.15565384615383618, 0.31130769230771554, 1.1933461538462502, 1.0376923076923708, 0.6745000000000432, 0.10376923076922412, 1.660307692307802, 0.8301538461539225, 1.3490000000000864, 0.8301538461539225, 0.46696153846155175, 0.6226153846153879, 0.518846153846207, 0.36319230769232763, 0.15565384615387937, 0.15565384615383618, 0.2594230769230603, 1.1933461538462502, 2.0753846153847415, 0.20753846153849145, 56.03538461538716, 1.3490000000000864, 1.349000000000043, 0.9858076923077588, 0.0, 0.9339230769231467, 0.4150769230769829, 0.15565384615383618, 56.294807692310265, 56.13915384615643, 56.294807692310265, 0.20753846153849145, 1.4527692307692675, 0.9339230769231467, 55.30900000000255, 55.568423076925605, 1.712192307692414, 1.660307692307802, 56.554230769233364, 0.6745000000000432, 0.6226153846153879, 1.2971153846154744, 0.41507692307693966, 1.60842307692319, 0.10376923076922412, 0.36319230769228444, 56.13915384615643, 0.9858076923077155, 56.76176923077181, 0.2594230769230603, 0.31130769230767236, 0.6745000000000432, 0.2594230769230603, 0.6745000000000001, 1.9197307692308192, 55.72407692307949, 57.591923076925696, 0.6745000000000432, 56.81365384615643, 0.6745000000000432, 56.294807692310265, 0.466961538461595, 55.46465384615638, 0.05188461538461206, 0.46696153846155175, 57.69569230769496, 0.15565384615383618, 0.15565384615387937, 1.9716153846154743, 0.9339230769231035, 0.05188461538465526, 0.466961538461595, 0.2594230769231035, 0.8820384615384915, 0.6745000000000432, 1.5565384615385347, 0.518846153846207, 0.05188461538461206, 0.5188461538461638, 0.05188461538465526, 0.9339230769231467, 0.31130769230771554, 1.2971153846154313, 0.4150769230769829, 0.8301538461538793, 1.6603076923077587, 1.2971153846154744, 56.24292307692565, 56.24292307692565, 0.05188461538461206, 1.7640769230770261, 56.4504615384641, 1.2452307692308622, 0.5707307692308191, 56.502346153848755, 0.4150769230769829, 56.08726923077182, 55.04957692307944, 56.13915384615643, 1.5565384615385347, 1.3490000000000864, 0.6745000000000432, 0.518846153846207, 0.7782692307692674, 0.15565384615387937, 0.2594230769231035, 0.20753846153844824, 0.8301538461539225, 0.15565384615387937, 0.10376923076926732, 1.3490000000000864, 0.6745000000000001, 0.20753846153849145, 0.20753846153844824, 2.127269230769354, 56.554230769233364, 0.5707307692307759, 0.7263846153846121, 56.76176923077181, 0.10376923076926732, 56.08726923077182, 0.2594230769230603, 54.997692307694834, 1.5565384615385347, 0.41507692307693966, 0.5188461538461638, 0.2594230769230603, 0.8301538461539225, 0.9339230769231467, 0.15565384615383618, 0.7263846153846553, 1.1933461538462502, 1.7640769230770261, 55.879730769233326, 0.9339230769231035, 0.518846153846207, 0.05188461538461206, 0.2594230769230603, 0.36319230769228444, 0.466961538461595, 0.15565384615383618, 0.5188461538461638, 0.2594230769231035, 0.2594230769231035, 1.4008846153846986, 0.15565384615383618, 1.0376923076923277, 0.2594230769231035, 1.0376923076923708, 0.2594230769231035, 1.5565384615385347, 0.36319230769232763, 0.7263846153846121, 0.05188461538465526, 55.62030769231022, 54.53073076923328, 0.15565384615387937, 1.193346153846207, 56.917423076925694, 55.879730769233326, 0.15565384615387937, 0.6226153846153879, 56.554230769233364, 56.658000000002595, 0.2594230769231035, 56.08726923077182, 0.9339230769231467, 0.9339230769231467, 0.4150769230769829, 1.4008846153846986, 1.245230769230819, 0.41507692307693966, 0.15565384615383618, 1.2971153846154313, 0.0, 0.20753846153849145, 55.25711538461789, 0.10376923076922412, 0.9339230769231035, 0.4150769230769829, 1.5565384615385347, 56.917423076925694, 0.05188461538461206, 0.8301538461538793, 55.98350000000255, 0.20753846153844824, 1.2971153846154744, 0.05188461538465526, 0.05188461538465526, 0.20753846153849145, 0.46696153846155175, 0.20753846153844824, 0.9858076923077588, 0.10376923076922412, 0.15565384615383618, 0.10376923076922412, 57.17684615384876, 55.41276923077177, 0.46696153846155175, 0.8820384615385346, 54.997692307694834, 0.8820384615385346, 0.7782692307692674, 0.10376923076922412, 0.8820384615385346, 0.41507692307693966, 0.10376923076922412, 0.2594230769231035, 0.05188461538461206, 2.4904615384616813, 1.2971153846154313, 0.2594230769230603, 56.08726923077182, 0.10376923076922412, 0.15565384615383618, 0.8820384615384915, 0.8301538461538793, 0.36319230769232763, 0.0, 1.0376923076923708, 0.8301538461539225, 56.08726923077182, 0.5707307692307759, 0.31130769230767236, 0.9339230769231467, 0.8820384615385346, 0.10376923076926732, 0.7782692307692674, 1.3490000000000864, 55.41276923077177, 1.60842307692319, 0.31130769230771554, 55.72407692307949, 1.2971153846154744, 0.15565384615383618, 1.815961538461638, 0.9339230769231467, 0.20753846153844824, 1.0376923076923708, 0.15565384615387937, 0.36319230769228444, 0.9339230769231467, 0.5707307692308191, 1.5046538461538792, 0.15565384615387937, 0.466961538461595, 0.6226153846153879, 1.4527692307692675, 0.5707307692308191, 56.502346153848755, 1.0376923076923708, 0.31130769230771554, 0.0, 0.4150769230769829, 0.5707307692308191, 0.10376923076926732, 0.0, 1.4008846153846553, 0.20753846153849145, 0.05188461538461206, 1.9197307692308623, 0.10376923076926732, 0.15565384615383618, 0.6745000000000432, 0.05188461538461206, 0.7782692307692674, 0.6226153846154311, 1.2971153846154744, 0.4150769230769829, 0.05188461538461206, 0.5707307692308191, 1.5046538461539225, 0.0, 0.2594230769230603, 2.386692307692457, 0.8301538461539225, 0.36319230769232763, 0.10376923076926732, 57.90323076923341, 1.3490000000000864, 0.5188461538461638, 0.10376923076926732, 0.05188461538461206, 0.7782692307692674, 0.518846153846207, 2.905538461538621, 0.7263846153846553, 0.36319230769228444, 0.5707307692307759, 0.2594230769230603, 1.0895769230769397, 0.9858076923077588, 0.6226153846154311, 0.6745000000000001, 0.41507692307693966, 0.8301538461538793, 0.2594230769230603, 0.9339230769231467, 0.6226153846154311, 0.2594230769231035, 0.46696153846155175, 0.6226153846153879, 0.6745000000000432, 0.518846153846207, 0.2594230769230603, 0.8301538461538793, 1.712192307692414, 0.5707307692307759, 0.8301538461539225, 56.60611538461798, 0.8301538461539225, 0.5707307692308191, 0.36319230769228444, 0.6226153846154311, 1.1933461538462502, 1.3490000000000864, 55.46465384615638, 0.31130769230771554, 55.41276923077177, 56.08726923077182, 0.2594230769231035, 0.36319230769232763, 0.36319230769232763, 56.19103846154104, 56.502346153848755, 0.8301538461539225, 54.790153846156336, 0.41507692307693966, 0.05188461538461206, 55.41276923077177, 56.60611538461798, 0.36319230769232763, 56.19103846154104, 57.12496153846414, 0.8301538461538793, 1.141461538461595, 1.7640769230770261, 54.16753846154096, 56.03538461538716, 0.6745000000000432, 0.6745000000000001, 0.8820384615384915, 0.15565384615387937, 0.6226153846153879, 56.658000000002595, 56.4504615384641, 55.879730769233326, 55.72407692307949, 56.96930769231031, 56.4504615384641, 0.0, 0.20753846153844824, 1.4527692307693105, 0.31130769230771554, 1.1414615384615519, 0.0, 0.0, 0.2594230769231035, 0.41507692307693966, 0.8301538461539225, 54.84203846154095, 55.360884615387164, 55.153346153848666, 0.2594230769230603, 0.6226153846154311, 0.8820384615385346, 0.05188461538465526, 0.466961538461595, 3.216846153846337, 0.7263846153846121, 0.05188461538461206, 1.2971153846154313, 1.2971153846154744, 0.05188461538465526, 0.9858076923077588, 0.36319230769232763, 0.7782692307692674, 0.6745000000000432, 2.957423076923233, 0.8301538461539225, 0.7263846153846121, 0.7263846153846553, 0.7782692307692674, 0.10376923076922412, 0.2594230769230603, 0.31130769230767236, 0.7782692307692674, 1.4008846153846986, 0.15565384615387937, 56.24292307692565, 0.6226153846153879, 55.98350000000255, 0.41507692307693966, 0.4150769230769829, 0.05188461538461206, 0.6745000000000432, 1.60842307692319, 0.6226153846153879, 0.10376923076922412, 1.2452307692308622, 0.10376923076922412, 0.6226153846153879, 0.15565384615387937, 0.05188461538465526, 1.660307692307802, 1.141461538461595, 56.19103846154104, 57.33250000000263, 0.2594230769230603, 55.516538461540996, 55.46465384615638, 0.31130769230771554, 0.7263846153846553, 56.86553846154108, 1.0376923076923277, 0.0, 0.31130769230767236, 1.5565384615385347, 0.36319230769228444, 0.10376923076926732, 0.8820384615385346, 0.05188461538461206, 0.5707307692308191, 0.466961538461595, 0.7263846153846553, 0.15565384615387937, 56.4504615384641, 0.2594230769231035, 0.0, 0.36319230769232763, 0.46696153846155175, 0.7782692307692674, 0.36319230769228444, 0.0, 1.4008846153846986, 0.6226153846154311, 0.36319230769228444, 1.0895769230769397, 0.7782692307692674, 0.7263846153846121, 0.8301538461539225, 0.20753846153849145, 0.6226153846153879, 0.0, 2.2829230769231468, 0.10376923076926732, 1.1933461538462502, 2.1791538461539655, 1.2971153846154313, 0.7263846153846121, 55.7759615384641, 0.36319230769228444, 56.34669230769487, 0.46696153846155175, 0.9858076923077588, 0.31130769230771554, 1.0895769230769397, 0.4150769230769829, 0.6226153846154311, 0.36319230769232763, 0.8820384615384915, 55.25711538461789, 0.10376923076926732, 56.7098846153872, 0.15565384615387937, 0.46696153846155175, 55.98350000000255, 0.20753846153849145, 0.0, 0.31130769230771554, 1.349000000000043, 0.0, 1.5046538461538792, 0.05188461538465526, 1.7640769230770261, 0.7263846153846553, 0.20753846153849145, 0.36319230769228444, 1.3490000000000864, 55.41276923077177, 0.6745000000000432, 56.554230769233364, 0.0, 1.5565384615385347, 0.05188461538461206, 0.7263846153846553, 1.193346153846207, 0.5188461538461638, 1.193346153846207, 0.8301538461538793, 0.6745000000000432, 0.15565384615387937, 0.2594230769230603, 0.31130769230767236, 0.2594230769231035, 0.8820384615385346, 0.31130769230771554, 1.2971153846154313, 56.86553846154108, 56.294807692310265, 0.8820384615385346, 0.05188461538461206, 0.8820384615385346, 0.2594230769231035, 55.82784615384871, 56.7098846153872, 0.46696153846155175, 56.24292307692565, 56.554230769233364, 1.6603076923077587, 54.73826923077173, 0.41507692307693966, 0.36319230769228444, 0.36319230769228444, 0.7263846153846553, 0.466961538461595, 0.31130769230771554, 1.4008846153846986, 0.20753846153844824, 0.5188461538461638, 0.05188461538461206, 1.0376923076923708, 0.4150769230769829, 0.15565384615383618, 1.3490000000000864, 0.466961538461595, 0.7263846153846121, 0.31130769230767236, 0.7782692307692674, 0.05188461538465526, 0.05188461538465526, 0.466961538461595, 0.36319230769228444, 1.2971153846154744, 0.466961538461595, 0.8301538461539225, 0.15565384615383618, 0.41507692307693966, 55.7759615384641, 1.0376923076923277, 0.6226153846153879, 0.6745000000000432, 0.36319230769228444, 0.05188461538465526, 0.20753846153844824, 0.8820384615384915, 55.25711538461789, 0.36319230769232763, 55.25711538461789, 55.46465384615638, 0.7782692307692674, 0.8301538461538793, 1.141461538461595, 0.6745000000000432, 0.05188461538461206, 0.9339230769231467, 0.6226153846154311, 55.153346153848666, 56.658000000002595, 0.20753846153849145, 57.073076923079526, 54.84203846154095, 56.86553846154108, 0.15565384615383618, 0.05188461538465526, 0.466961538461595, 0.8820384615385346, 0.7263846153846553, 0.8820384615385346, 55.82784615384871, 55.20523076923328, 0.6226153846154311, 0.10376923076926732, 1.0376923076923277, 0.7782692307692674, 2.1791538461539655, 0.518846153846207, 0.5707307692308191, 1.5046538461539225, 0.2594230769231035, 2.4904615384616813, 1.0895769230769827, 1.660307692307802, 0.9858076923077588, 0.7782692307692674, 54.997692307694834, 0.0, 0.15565384615387937, 0.5188461538461638, 58.007000000002634, 1.2452307692308622, 56.08726923077182, 1.7640769230770261, 56.19103846154104, 0.9858076923077588, 0.10376923076922412, 0.15565384615383618, 0.05188461538465526, 0.5707307692307759, 0.36319230769232763, 0.9339230769231035, 0.8301538461539225, 0.7263846153846121, 0.4150769230769829, 0.6745000000000432, 0.9339230769231467, 0.10376923076926732, 0.4150769230769829, 0.6226153846153879, 0.6226153846153879, 1.0895769230769397, 0.7782692307692674, 0.10376923076922412, 0.10376923076926732, 0.0, 1.60842307692319, 0.4150769230769829, 0.2594230769231035, 0.466961538461595, 1.2971153846154744, 1.0376923076923277, 0.15565384615387937, 0.0, 0.8301538461539225, 1.1414615384615519, 0.20753846153844824, 0.46696153846155175, 0.6226153846153879, 0.6745000000000432, 0.10376923076926732, 0.2594230769230603, 0.6226153846153879, 0.6226153846153879, 0.466961538461595, 0.6226153846154311, 0.9858076923077588, 0.4150769230769829, 0.10376923076926732, 0.5707307692308191, 0.20753846153849145, 0.6745000000000001, 1.245230769230819, 0.6226153846153879, 1.193346153846207, 1.660307692307802, 0.0, 0.36319230769228444, 55.568423076925605, 55.04957692307944, 0.20753846153849145, 56.24292307692565, 55.931615384617935, 0.15565384615387937, 0.15565384615383618, 55.30900000000255, 0.41507692307693966, 0.05188461538465526, 1.0895769230769397, 1.815961538461638, 1.660307692307802, 0.10376923076926732, 0.0, 0.41507692307693966, 0.518846153846207, 0.9858076923077588, 0.0, 0.10376923076922412, 0.5707307692307759, 0.8301538461539225, 0.2594230769231035, 1.349000000000043, 1.5046538461539225, 0.31130769230767236, 1.764076923076983, 0.8301538461539225, 0.4150769230769829, 0.05188461538461206, 0.5707307692308191, 0.7263846153846553, 0.8820384615385346, 0.31130769230771554, 0.15565384615387937, 0.7263846153846553, 0.466961538461595, 0.5188461538461638, 0.518846153846207, 1.141461538461595, 1.2971153846154313, 1.2971153846154313, 0.9858076923077155, 0.6745000000000001, 0.7263846153846553, 0.7263846153846121, 0.2594230769230603, 0.2594230769230603, 1.4008846153846986, 0.05188461538461206, 0.5188461538461638, 1.60842307692319, 1.3490000000000864, 0.20753846153844824, 1.141461538461595, 0.7263846153846553, 2.4385769230770693, 56.294807692310265, 0.8820384615385346, 0.4150769230769829, 0.6745000000000432, 0.10376923076926732, 0.20753846153849145, 0.7782692307692674, 1.1933461538462502, 57.228730769233366, 0.518846153846207, 1.0376923076923708, 0.15565384615383618, 0.5188461538461638, 0.518846153846207, 0.31130769230771554, 1.2452307692308622, 0.5188461538461638, 0.05188461538465526, 0.31130769230767236, 56.34669230769487, 56.7098846153872, 0.518846153846207, 58.1107692307719, 56.294807692310265, 0.05188461538465526, 0.466961538461595, 0.5188461538461638, 0.15565384615383618, 1.141461538461595, 1.4527692307692675, 0.31130769230767236, 1.0895769230769397, 0.8301538461538793, 56.502346153848755, 0.05188461538461206, 0.05188461538461206, 0.5707307692308191, 0.7263846153846121, 1.141461538461595, 0.10376923076922412, 56.554230769233364, 56.917423076925694, 0.4150769230769829, 0.36319230769232763, 2.231038461538578, 0.41507692307693966, 0.6226153846153879, 0.15565384615387937, 0.0, 1.712192307692414, 0.4150769230769829, 1.660307692307802, 0.7263846153846553, 0.15565384615387937, 0.6745000000000432, 0.5188461538461638, 1.193346153846207, 0.6226153846154311, 0.8301538461538793, 0.31130769230767236, 0.15565384615383618, 0.7782692307692674, 0.466961538461595, 0.9339230769231035, 0.41507692307693966, 57.228730769233366, 56.19103846154104, 0.05188461538461206, 55.360884615387164, 1.5046538461539225, 0.0, 0.05188461538461206, 0.20753846153844824, 0.15565384615387937, 54.790153846156336, 0.4150769230769829, 0.5188461538461638, 0.5188461538461638, 55.568423076925605, 1.4008846153846986, 0.0, 0.10376923076922412, 0.6745000000000432, 55.20523076923328, 0.2594230769230603, 55.568423076925605, 0.20753846153849145, 0.20753846153849145, 56.34669230769487, 0.9858076923077588, 0.5707307692307759, 0.518846153846207, 0.41507692307693966, 56.658000000002595, 56.7098846153872, 0.36319230769228444, 0.2594230769230603, 1.0376923076923708, 0.6226153846154311, 0.41507692307693966, 56.294807692310265, 55.516538461540996, 55.98350000000255, 54.219423076925565, 0.46696153846155175, 0.2594230769231035, 0.20753846153844824, 0.5707307692307759, 0.10376923076926732, 1.2452307692308622, 1.2971153846154313, 0.0, 0.20753846153849145, 1.0376923076923277, 1.1933461538462502, 0.9858076923077588, 0.05188461538461206, 0.9339230769231467, 0.6226153846154311, 0.31130769230767236, 0.31130769230771554, 0.7263846153846553, 0.8820384615385346, 0.2594230769231035, 1.0376923076923277, 0.10376923076926732, 55.672192307694836, 0.05188461538465526, 0.518846153846207, 1.0895769230769827, 1.0895769230769397, 0.466961538461595, 0.7263846153846553, 0.6226153846154311, 57.955115384618026, 55.41276923077177, 0.8301538461539225, 57.02119230769492, 56.24292307692565, 0.6745000000000001, 0.05188461538461206, 0.20753846153849145, 2.0235000000001295, 0.9858076923077155, 1.2971153846154744, 0.2594230769230603, 0.466961538461595, 55.30900000000255, 56.08726923077182, 0.4150769230769829, 0.05188461538461206, 0.7263846153846553, 0.31130769230771554, 1.2971153846154744, 0.6226153846153879, 0.5707307692307759, 1.1414615384615519, 0.15565384615383618, 0.6226153846153879, 0.2594230769231035, 0.6226153846154311, 0.8820384615385346, 56.13915384615643, 0.6745000000000432, 56.658000000002595, 0.8820384615385346, 0.31130769230771554, 0.36319230769228444, 0.6745000000000432, 55.98350000000255, 56.502346153848755, 55.72407692307949, 0.0, 0.8301538461538793, 0.6226153846154311, 1.1933461538462502, 0.20753846153849145, 0.6745000000000432, 1.0895769230769827, 0.36319230769232763, 0.31130769230771554, 0.05188461538465526, 0.5188461538461638, 1.5565384615385347, 0.20753846153849145, 0.9339230769231467, 0.7782692307692674, 56.24292307692565, 0.36319230769228444, 0.518846153846207, 0.31130769230771554, 0.6745000000000432, 1.141461538461595, 56.4504615384641, 56.658000000002595, 0.20753846153849145, 55.10146153846406, 0.10376923076922412, 1.660307692307802, 0.41507692307693966, 0.15565384615387937, 0.5188461538461638, 56.4504615384641, 0.05188461538465526, 0.10376923076926732, 0.6226153846154311, 0.518846153846207, 0.05188461538461206, 56.19103846154104, 0.10376923076922412, 0.6745000000000432, 0.9339230769231035, 0.20753846153849145, 0.6745000000000432, 0.46696153846155175, 55.25711538461789, 1.141461538461595, 0.36319230769232763, 57.64380769231031, 0.31130769230767236, 56.24292307692565, 0.5188461538461638, 0.31130769230767236, 0.8820384615385346, 0.15565384615387937, 55.516538461540996, 56.502346153848755, 1.9197307692308623, 1.3490000000000864, 0.7263846153846553, 0.0, 56.658000000002595, 0.10376923076922412, 0.518846153846207, 0.9858076923077588, 0.15565384615387937, 1.0376923076923708, 1.0895769230769827, 0.31130769230767236, 0.10376923076922412, 0.41507692307693966, 0.518846153846207, 0.31130769230771554, 0.5188461538461638, 1.0895769230769827, 0.15565384615383618, 0.8820384615384915, 0.6226153846153879, 1.141461538461595, 0.36319230769232763, 0.5188461538461638, 0.05188461538461206, 0.46696153846155175, 0.20753846153849145, 55.20523076923328, 0.05188461538461206, 54.219423076925565, 55.98350000000255, 56.34669230769487, 1.660307692307802, 1.141461538461595, 0.5188461538461638, 0.8301538461539225, 0.5707307692307759, 0.36319230769232763, 1.4527692307692675, 0.2594230769230603, 56.08726923077182, 57.02119230769492, 56.4504615384641, 0.6226153846153879, 1.0895769230769827, 55.153346153848666, 56.19103846154104, 0.05188461538465526, 0.20753846153849145, 0.0, 0.15565384615387937, 56.13915384615643, 0.8820384615385346, 0.5188461538461638, 0.6226153846154311, 0.36319230769232763, 55.360884615387164, 0.466961538461595, 56.34669230769487, 1.0895769230769827, 54.47884615384862, 56.34669230769487, 1.8678461538462503, 0.41507692307693966, 56.4504615384641, 0.0, 0.8820384615385346, 0.6745000000000432, 0.10376923076922412, 0.2594230769230603, 0.0, 0.20753846153844824, 0.31130769230771554, 1.2452307692308622, 55.46465384615638, 0.7263846153846121, 0.4150769230769829, 0.31130769230767236, 0.05188461538461206, 1.245230769230819, 0.5707307692307759, 1.9716153846154743, 1.9197307692308623, 0.20753846153849145, 0.2594230769230603, 0.36319230769228444, 1.7640769230770261, 54.89392307692557, 0.10376923076922412, 56.7098846153872, 55.72407692307949, 0.31130769230767236, 55.25711538461789, 56.294807692310265, 0.9339230769231467, 55.98350000000255, 0.20753846153844824, 0.6745000000000001, 55.931615384617935, 1.2452307692308622, 56.76176923077181, 0.7263846153846121, 0.15565384615383618, 0.15565384615383618, 1.4008846153846986, 0.10376923076926732, 0.466961538461595, 0.8820384615384915, 0.8820384615384915, 57.02119230769492, 56.19103846154104, 55.20523076923328, 55.72407692307949, 0.2594230769230603, 0.6745000000000432, 57.228730769233366, 58.05888461538729, 56.13915384615643, 0.15565384615387937, 0.2594230769230603, 2.4385769230770693, 54.997692307694834, 0.466961538461595, 55.516538461540996, 0.7782692307692674, 0.05188461538465526, 1.9716153846154743, 0.5188461538461638, 0.15565384615387937, 1.0376923076923708, 1.2971153846154744, 0.41507692307693966, 0.36319230769228444, 0.20753846153849145, 0.0, 0.8820384615385346, 0.20753846153844824, 0.20753846153844824, 0.6226153846154311, 0.20753846153849145, 2.0235000000001295, 0.0, 1.2971153846154744, 0.2594230769231035, 0.0, 0.8820384615385346, 0.10376923076926732, 0.10376923076922412, 0.41507692307693966, 0.05188461538465526, 0.10376923076926732, 0.15565384615387937, 0.36319230769232763, 0.9339230769231467, 55.10146153846406, 54.1156538461563, 1.0376923076923277, 1.141461538461595, 0.20753846153844824, 0.7263846153846553, 0.10376923076926732, 0.20753846153844824, 1.1933461538462502, 0.31130769230767236, 55.82784615384871, 0.46696153846155175, 55.153346153848666, 55.672192307694836, 57.33250000000263, 0.05188461538465526, 56.34669230769487, 56.294807692310265, 0.41507692307693966, 0.6226153846153879, 55.04957692307944, 0.518846153846207, 0.0, 0.9858076923077588, 0.41507692307693966, 0.466961538461595, 0.466961538461595, 0.6226153846153879, 2.1791538461539655, 0.7263846153846121, 0.6745000000000432, 0.20753846153844824, 0.41507692307693966, 0.20753846153849145, 1.60842307692319, 1.0895769230769397, 0.4150769230769829, 0.6226153846154311, 55.98350000000255, 0.6745000000000432, 0.7263846153846553, 0.05188461538465526, 0.36319230769228444, 1.0895769230769827, 1.2971153846154744, 0.31130769230767236, 2.231038461538578, 56.81365384615643, 0.6226153846154311, 1.764076923076983, 0.8301538461538793, 0.4150769230769829, 0.20753846153849145, 0.31130769230767236, 0.10376923076922412, 0.7263846153846553, 0.36319230769232763, 0.518846153846207, 0.7263846153846553, 0.20753846153844824, 0.2594230769230603, 56.7098846153872, 0.5707307692308191, 55.7759615384641, 56.7098846153872, 55.82784615384871, 56.34669230769487, 0.31130769230771554, 0.8820384615384915, 0.10376923076926732, 0.10376923076922412, 0.6226153846153879, 0.36319230769232763, 0.36319230769228444, 0.31130769230771554, 0.36319230769232763, 0.20753846153849145, 0.7263846153846553, 0.6745000000000432, 1.660307692307802, 0.7263846153846553, 0.4150769230769829, 0.0, 0.46696153846155175, 0.7263846153846121, 1.193346153846207, 1.6084230769231467, 0.05188461538461206, 0.5707307692308191, 0.15565384615383618, 0.2594230769230603, 0.2594230769231035, 0.2594230769231035, 0.8820384615384915, 0.15565384615383618, 0.20753846153849145, 0.05188461538461206, 55.98350000000255, 0.5707307692307759, 0.31130769230767236, 0.466961538461595, 0.2594230769230603, 1.0895769230769397, 0.5707307692308191, 0.05188461538465526, 0.05188461538465526, 0.4150769230769829, 0.05188461538461206, 0.7782692307692674, 0.9339230769231035, 0.7263846153846121, 1.0895769230769827, 0.6745000000000001, 0.15565384615383618, 0.36319230769232763, 0.7263846153846553, 1.4008846153846986, 1.0376923076923277, 1.0376923076923708, 0.0, 1.0895769230769827, 0.2594230769231035, 0.0, 0.5707307692308191, 0.31130769230771554, 0.10376923076926732, 0.20753846153844824, 0.6745000000000432, 0.518846153846207, 1.5046538461538792, 0.6745000000000432, 0.15565384615387937, 1.815961538461638, 0.05188461538461206, 0.46696153846155175, 0.15565384615383618, 0.9858076923077588, 0.20753846153849145, 0.15565384615383618, 0.05188461538461206, 0.7782692307692674, 0.36319230769232763, 0.7263846153846553, 0.6226153846154311, 0.20753846153849145, 1.0895769230769397, 0.7782692307692674, 0.7782692307692674, 56.76176923077181, 0.8820384615385346, 0.15565384615383618, 0.8301538461539225, 0.20753846153849145, 0.8820384615385346, 0.2594230769230603, 56.39857692307949, 0.41507692307693966, 55.672192307694836, 57.12496153846414, 0.6226153846154311, 0.10376923076922412, 56.658000000002595, 55.04957692307944, 55.10146153846406, 0.05188461538461206, 56.08726923077182, 0.36319230769232763, 0.9339230769231467, 0.5707307692308191, 0.7263846153846121, 0.05188461538461206, 0.10376923076926732, 0.15565384615387937, 55.516538461540996, 56.03538461538716, 1.0376923076923708, 0.7263846153846553, 1.9197307692308623, 1.60842307692319, 0.518846153846207, 0.15565384615387937, 1.1414615384615519, 1.1933461538462502, 1.0895769230769827, 1.2452307692308622, 0.31130769230767236, 0.518846153846207, 0.0, 56.60611538461798, 0.15565384615383618, 0.466961538461595, 0.4150769230769829, 55.30900000000255, 56.4504615384641, 0.9339230769231467, 55.04957692307944, 55.72407692307949, 0.4150769230769829, 56.76176923077181, 0.6226153846154311, 0.46696153846155175, 57.02119230769492, 55.41276923077177, 55.360884615387164, 55.20523076923328, 0.15565384615383618, 2.1791538461539655, 0.36319230769228444, 57.02119230769492, 0.31130769230767236, 0.31130769230767236, 0.36319230769228444, 0.36319230769228444, 0.15565384615387937, 0.05188461538465526, 55.82784615384871, 54.790153846156336, 0.15565384615387937, 56.13915384615643, 0.2594230769231035, 1.193346153846207, 56.08726923077182, 56.08726923077182, 1.0895769230769827, 0.05188461538465526, 55.360884615387164, 1.7121923076923709, 0.41507692307693966, 0.9339230769231467, 0.2594230769231035, 0.9339230769231467, 0.36319230769228444, 1.2971153846154744, 0.2594230769231035, 0.10376923076922412, 0.518846153846207, 0.2594230769231035, 0.15565384615383618, 0.36319230769228444, 1.5046538461539225, 0.05188461538461206, 1.7640769230770261, 0.5707307692308191, 1.4008846153846986, 0.0, 55.46465384615638, 56.554230769233364, 55.30900000000255, 0.8301538461538793, 0.36319230769228444, 0.8301538461539225, 1.349000000000043, 0.5707307692308191, 0.6745000000000001, 1.5046538461538792, 0.7782692307692674, 1.349000000000043, 0.05188461538465526, 0.05188461538465526, 57.48815384615647, 55.20523076923328, 0.10376923076926732, 1.1933461538462502, 56.24292307692565, 0.36319230769232763, 0.5707307692307759, 0.20753846153849145, 57.33250000000263, 0.518846153846207, 0.8820384615385346, 56.34669230769487, 56.4504615384641, 0.4150769230769829, 55.46465384615638, 55.153346153848666, 56.19103846154104, 0.15565384615383618, 1.2452307692308622, 0.2594230769230603, 1.1933461538462502, 0.9858076923077155, 0.7782692307692674, 0.8820384615385346, 0.8820384615385346, 0.36319230769232763, 0.6745000000000432, 0.36319230769232763, 1.0895769230769827, 0.15565384615383618, 1.2971153846154744, 1.2452307692308622, 0.9339230769231467, 0.9858076923077155, 0.7782692307692674, 0.20753846153844824, 0.2594230769231035, 0.518846153846207, 0.10376923076926732, 0.8301538461539225, 0.4150769230769829, 0.466961538461595, 0.20753846153849145, 0.466961538461595, 1.0895769230769827, 0.36319230769232763, 0.31130769230771554, 0.7782692307692674, 0.0, 0.9339230769231035, 0.2594230769231035, 0.2594230769230603, 1.0376923076923277, 0.20753846153849145, 0.20753846153849145, 0.6745000000000001, 1.815961538461638, 0.05188461538465526, 0.8820384615385346, 1.2452307692308622, 0.20753846153849145, 56.658000000002595, 0.5707307692308191, 0.2594230769231035, 0.466961538461595, 0.05188461538461206, 0.4150769230769829, 0.8301538461539225, 1.141461538461595, 1.5046538461539225, 0.518846153846207, 0.05188461538461206, 1.0895769230769827, 0.8820384615385346, 0.7263846153846553, 0.6226153846153879, 0.15565384615383618, 0.6745000000000001, 0.10376923076922412, 0.15565384615383618, 0.0, 0.15565384615387937, 0.5707307692308191, 0.9339230769231467, 0.518846153846207, 0.10376923076922412, 0.2594230769230603, 0.9339230769231035, 0.46696153846155175, 0.518846153846207, 0.8820384615385346, 0.5707307692308191, 1.8678461538462503, 56.294807692310265, 0.10376923076926732, 1.815961538461638, 56.24292307692565, 54.634500000002504, 55.879730769233326, 0.6226153846154311, 1.1933461538462502, 0.9339230769231035, 0.20753846153849145, 0.9858076923077588, 1.0376923076923277, 0.20753846153849145, 54.89392307692557, 54.997692307694834, 0.6745000000000001, 1.141461538461595, 0.7263846153846121, 0.36319230769228444, 55.20523076923328, 0.2594230769231035, 0.10376923076922412, 0.8820384615384915, 0.05188461538461206, 0.8301538461539225, 0.5707307692308191, 56.76176923077181, 0.20753846153849145, 0.8301538461539225, 0.7263846153846553, 0.5707307692307759, 0.9339230769231467, 0.36319230769228444, 0.31130769230771554, 0.8301538461539225, 0.10376923076922412, 0.0, 0.05188461538465526, 0.8820384615385346, 0.15565384615387937, 0.20753846153849145, 0.9339230769231467, 0.466961538461595, 0.518846153846207, 0.31130769230771554, 55.82784615384871, 0.05188461538461206, 0.05188461538465526, 1.2971153846154744, 0.46696153846155175, 0.8820384615384915, 0.6226153846154311, 0.6745000000000432, 0.2594230769230603, 0.5707307692308191, 1.0376923076923708, 0.9858076923077588, 0.10376923076926732, 0.5188461538461638, 0.5707307692307759, 1.815961538461638, 0.4150769230769829, 0.7782692307692674, 0.6745000000000432, 1.2971153846154744, 0.7782692307692674, 0.5707307692308191, 0.20753846153849145, 0.8301538461539225, 2.905538461538621, 0.31130769230771554, 2.0235000000001295, 0.9858076923077588, 55.41276923077177, 1.9197307692308623, 0.41507692307693966, 0.6226153846153879, 1.349000000000043, 0.36319230769228444, 0.0, 0.5707307692308191, 1.141461538461595, 0.4150769230769829, 1.0895769230769827, 0.10376923076922412, 0.466961538461595, 0.2594230769231035, 0.8301538461539225, 0.2594230769231035, 0.6226153846154311, 0.2594230769231035, 1.141461538461595, 0.7263846153846553, 1.193346153846207, 0.5707307692308191, 1.0895769230769397, 0.5188461538461638, 2.0235000000000865, 0.6226153846154311, 0.05188461538465526, 0.6226153846153879, 0.5707307692308191, 0.20753846153844824, 0.9858076923077588, 1.0895769230769827, 0.8820384615385346, 1.5046538461538792, 0.20753846153844824, 0.6226153846154311, 0.7782692307692674, 0.6226153846154311, 0.7782692307692674, 1.245230769230819, 0.36319230769232763, 0.8820384615384915, 0.0, 0.9858076923077588, 0.466961538461595, 0.518846153846207, 1.4008846153846553, 0.05188461538465526, 1.245230769230819, 0.31130769230771554, 0.8820384615385346, 0.0, 56.24292307692565, 56.86553846154108, 0.05188461538465526, 0.4150769230769829, 0.05188461538465526, 1.4527692307692675, 1.4527692307693105, 0.8820384615385346, 0.2594230769231035, 0.20753846153849145, 1.1933461538462502, 0.05188461538461206, 0.46696153846155175, 1.1414615384615519, 0.7782692307692674, 1.0895769230769397, 0.10376923076922412, 0.8820384615385346, 0.5707307692308191, 0.6226153846153879, 0.9858076923077588, 0.7263846153846553, 0.46696153846155175, 0.15565384615387937, 0.466961538461595, 0.7782692307692674, 0.31130769230771554, 0.0, 0.518846153846207, 0.466961538461595, 0.05188461538461206, 0.36319230769232763, 1.0376923076923708, 0.8820384615385346, 1.5565384615385347, 0.10376923076926732, 55.30900000000255, 56.4504615384641, 0.15565384615383618, 55.360884615387164, 0.6745000000000432, 0.10376923076926732, 0.36319230769228444, 0.31130769230771554, 1.4008846153846986, 0.5188461538461638, 0.2594230769231035, 1.5565384615385347, 0.4150769230769829, 56.60611538461798, 0.8301538461538793, 55.41276923077177, 0.4150769230769829, 0.2594230769231035, 0.10376923076926732, 0.2594230769231035, 0.46696153846155175, 0.8301538461539225, 0.10376923076926732, 55.516538461540996, 56.917423076925694, 0.31130769230771554, 0.9339230769231035, 0.10376923076926732, 0.8301538461539225, 0.4150769230769829, 56.24292307692565, 0.05188461538461206, 0.31130769230771554, 2.1791538461539655, 0.2594230769231035, 56.502346153848755, 0.5188461538461638, 0.0, 1.2971153846154313, 0.31130769230767236, 0.6745000000000432, 1.0895769230769397, 0.518846153846207, 0.7263846153846553, 0.41507692307693966, 0.15565384615387937, 0.15565384615387937, 56.294807692310265, 0.6226153846153879, 55.25711538461789, 0.5707307692308191, 55.10146153846406, 0.10376923076926732, 55.360884615387164, 0.36319230769232763, 0.31130769230767236, 1.1933461538462502, 0.8820384615385346, 55.879730769233326, 57.74757692307958, 56.39857692307949, 0.466961538461595, 55.82784615384871, 0.31130769230767236, 55.672192307694836, 55.72407692307949, 0.36319230769232763, 57.64380769231031, 0.466961538461595, 0.9858076923077588, 0.6226153846154311, 0.10376923076926732, 0.36319230769228444, 1.193346153846207, 0.10376923076922412, 2.0235000000001295, 0.15565384615387937, 0.8301538461539225, 1.349000000000043, 0.2594230769231035, 55.82784615384871, 0.20753846153844824, 0.6745000000000432, 0.7263846153846121, 57.33250000000263, 56.81365384615643, 0.10376923076922412, 0.7263846153846121, 0.6745000000000432, 0.2594230769231035, 0.7782692307692674, 1.0895769230769397, 56.4504615384641, 56.13915384615643, 0.8820384615385346, 0.8301538461539225, 1.5046538461539225, 0.05188461538461206, 0.0, 1.4008846153846986, 0.05188461538461206, 0.31130769230767236, 0.05188461538461206, 55.7759615384641, 1.2971153846154744, 0.10376923076926732, 0.10376923076922412, 0.46696153846155175, 54.634500000002504, 55.931615384617935, 56.7098846153872, 0.9858076923077155, 0.31130769230767236, 1.4527692307693105, 2.801769230769397, 0.41507692307693966, 0.4150769230769829, 0.466961538461595, 0.15565384615383618, 0.36319230769232763, 0.31130769230771554, 0.31130769230771554, 1.0895769230769397, 0.2594230769231035, 1.0895769230769827, 1.4008846153846986, 1.141461538461595, 0.2594230769230603, 0.36319230769228444, 0.5188461538461638, 0.518846153846207, 0.5707307692308191, 0.31130769230767236, 54.32319230769479, 56.4504615384641, 0.31130769230771554, 0.9858076923077588, 0.05188461538465526, 2.1791538461539655, 0.05188461538461206, 55.10146153846406, 0.7263846153846121, 0.0, 0.6226153846153879, 1.0895769230769827, 1.0895769230769827, 0.2594230769231035, 1.8159615384615948, 0.6745000000000432, 0.31130769230771554, 55.7759615384641, 55.41276923077177, 0.5707307692307759, 0.9339230769231467, 0.4150769230769829, 56.24292307692565, 55.04957692307944, 0.6226153846154311, 0.31130769230767236, 0.5188461538461638, 0.31130769230771554, 0.6745000000000001, 0.20753846153844824, 0.36319230769228444, 0.6226153846154311, 0.10376923076926732, 0.2594230769231035, 0.20753846153849145, 0.10376923076922412, 0.31130769230767236, 0.2594230769230603, 55.46465384615638, 0.8301538461539225, 0.36319230769232763, 1.141461538461595, 0.5707307692308191, 55.7759615384641, 56.08726923077182, 1.141461538461595, 1.2971153846154744, 0.7263846153846553, 0.9339230769231467, 0.7263846153846553, 0.05188461538461206, 0.4150769230769829, 1.141461538461595, 0.10376923076922412, 0.10376923076922412, 1.5565384615385347, 1.9197307692308623, 0.6745000000000432, 0.46696153846155175, 0.4150769230769829, 0.8820384615385346, 55.568423076925605, 55.82784615384871, 0.0, 0.7782692307692674, 0.6745000000000432, 0.518846153846207, 1.1933461538462502, 0.15565384615383618, 0.6226153846153879, 0.2594230769230603, 0.4150769230769829, 0.31130769230767236, 0.41507692307693966, 1.867846153846207, 1.5046538461538792, 1.2452307692308622, 1.7121923076923709, 0.5188461538461638, 0.15565384615383618, 1.0895769230769397, 0.2594230769231035, 0.518846153846207, 0.4150769230769829, 0.7782692307692674, 57.64380769231031, 55.46465384615638, 0.7263846153846553, 0.31130769230767236, 1.349000000000043, 55.672192307694836, 56.03538461538716, 56.24292307692565, 0.8820384615385346, 56.86553846154108, 0.20753846153849145, 1.2971153846154313, 0.6226153846154311, 56.39857692307949, 55.672192307694836, 0.9858076923077155, 0.10376923076922412, 1.4527692307692675, 0.5707307692308191, 0.9339230769231035, 0.6745000000000432, 0.7263846153846121, 0.15565384615383618, 0.5707307692307759, 0.6226153846153879, 0.20753846153849145, 0.31130769230771554, 0.20753846153844824, 0.4150769230769829, 1.867846153846207, 0.41507692307693966, 1.660307692307802, 0.15565384615383618, 56.7098846153872, 56.13915384615643, 57.17684615384876, 0.9339230769231467, 0.4150769230769829, 56.294807692310265, 57.280615384618024, 0.5707307692307759, 0.8301538461539225, 55.04957692307944, 55.7759615384641, 0.10376923076926732, 56.917423076925694, 2.386692307692414, 57.33250000000263, 55.672192307694836, 1.0376923076923708, 55.516538461540996, 0.2594230769231035, 0.20753846153844824, 0.5707307692307759, 0.05188461538465526, 0.05188461538461206, 0.20753846153844824, 0.8820384615385346, 0.8820384615385346, 0.0, 0.466961538461595, 0.15565384615383618, 0.05188461538461206, 0.0, 0.15565384615387937, 0.6745000000000001, 1.9197307692308192, 1.0895769230769397, 0.36319230769232763, 55.153346153848666, 0.5188461538461638, 0.7263846153846553, 0.20753846153844824, 0.31130769230767236, 1.5046538461538792, 0.5188461538461638, 1.245230769230819, 0.6226153846153879, 0.2594230769230603, 0.7263846153846553, 0.8301538461539225, 1.1933461538462502, 0.10376923076926732, 0.5707307692308191, 0.41507692307693966, 0.466961538461595, 0.31130769230767236, 54.94580769231022, 1.1933461538462502, 0.9339230769231467, 56.34669230769487, 0.7782692307692674, 1.1414615384615519, 0.2594230769230603, 0.5707307692307759, 1.0895769230769397, 1.4008846153846553, 0.05188461538465526, 57.33250000000263, 55.62030769231022, 0.9858076923077155, 1.8159615384615948, 56.19103846154104, 1.9197307692308623, 0.46696153846155175, 0.7263846153846553, 0.518846153846207, 0.5188461538461638, 0.36319230769232763, 0.41507692307693966, 0.7782692307692674, 1.1933461538462502, 0.8301538461539225, 55.7759615384641, 0.6226153846154311, 55.568423076925605, 0.9339230769231467, 1.2452307692308622, 0.31130769230771554, 0.05188461538461206, 1.2452307692308622, 0.4150769230769829, 0.7263846153846121, 0.31130769230771554, 0.36319230769232763, 1.5046538461539225, 1.1414615384615519, 56.19103846154104, 0.15565384615387937, 1.245230769230819, 55.72407692307949, 55.72407692307949, 55.82784615384871, 0.31130769230771554, 0.6745000000000432, 0.466961538461595, 0.41507692307693966, 0.5707307692308191, 0.5188461538461638, 0.15565384615387937, 0.4150769230769829, 0.7263846153846553, 1.1414615384615519, 0.20753846153844824, 0.4150769230769829, 0.41507692307693966, 1.4008846153846986, 0.5188461538461638, 0.7782692307692674, 0.31130769230771554, 1.764076923076983, 0.0, 55.98350000000255, 0.5188461538461638, 0.05188461538465526, 0.31130769230771554, 1.3490000000000864, 0.20753846153844824, 0.6745000000000432, 0.7782692307692674, 0.10376923076922412, 0.4150769230769829, 0.36319230769228444, 0.10376923076926732, 0.7782692307692674, 0.15565384615383618, 0.466961538461595, 0.5188461538461638, 0.31130769230767236, 0.2594230769231035, 56.19103846154104, 0.8301538461539225, 0.5188461538461638, 0.8301538461538793, 0.31130769230767236, 0.0, 1.1933461538462502, 1.245230769230819, 0.6226153846154311, 0.10376923076926732, 0.5188461538461638, 0.5188461538461638, 0.7263846153846121, 0.05188461538465526, 0.36319230769232763, 0.05188461538465526, 0.2594230769231035, 0.518846153846207, 0.466961538461595, 0.15565384615387937, 0.20753846153849145, 0.15565384615387937, 0.10376923076926732, 0.8820384615385346, 0.31130769230771554, 0.6745000000000432, 1.0376923076923277, 0.36319230769228444, 1.712192307692414, 1.0376923076923708, 0.0, 1.764076923076983, 55.931615384617935, 55.879730769233326, 0.15565384615387937, 1.0376923076923708, 0.20753846153849145, 0.6745000000000001, 55.04957692307944, 1.193346153846207, 0.6226153846154311, 0.15565384615387937, 0.4150769230769829, 0.466961538461595, 1.5046538461539225, 0.20753846153844824, 0.7263846153846553, 0.7263846153846553, 1.3490000000000864, 0.7782692307692674, 0.9339230769231035, 0.20753846153844824, 0.05188461538461206, 0.7263846153846121, 0.20753846153849145, 0.46696153846155175, 1.0895769230769397, 0.5707307692307759, 0.466961538461595, 0.10376923076926732, 0.0, 0.05188461538465526, 1.141461538461595, 1.245230769230819, 0.31130769230771554, 0.2594230769231035, 0.2594230769231035, 1.141461538461595, 55.20523076923328, 0.4150769230769829, 0.20753846153844824, 1.245230769230819, 0.31130769230771554, 1.6084230769231467, 2.0753846153847415, 0.466961538461595, 0.5707307692307759, 0.8301538461538793, 0.7263846153846553, 0.05188461538465526, 0.7263846153846553, 0.46696153846155175, 0.0, 0.2594230769231035, 0.466961538461595, 0.10376923076922412, 0.36319230769232763, 1.7640769230770261, 0.2594230769231035, 0.41507692307693966, 0.6226153846153879, 1.0895769230769397, 0.6745000000000001, 0.5707307692307759, 0.8820384615384915, 0.10376923076926732, 0.6226153846153879, 0.7782692307692674, 0.7263846153846121, 0.41507692307693966, 1.3490000000000864, 0.31130769230771554, 1.5046538461539225, 0.31130769230771554, 0.4150769230769829, 0.9858076923077155, 0.466961538461595, 0.31130769230767236, 1.2971153846154744, 1.815961538461638, 0.05188461538461206, 1.0376923076923277, 0.05188461538461206, 0.31130769230771554, 1.660307692307802, 0.05188461538465526, 1.193346153846207, 0.20753846153844824, 0.31130769230767236, 1.2971153846154313, 0.7782692307692674, 1.0895769230769397, 1.0376923076923277, 1.141461538461595, 1.0895769230769827, 0.05188461538461206, 1.193346153846207, 1.0895769230769397, 1.4008846153846986, 0.6745000000000001, 1.4008846153846986, 1.2971153846154744, 0.05188461538465526, 0.2594230769231035, 0.31130769230771554, 1.193346153846207, 1.245230769230819, 0.36319230769228444, 0.6226153846154311, 0.5707307692308191, 1.2971153846154744, 0.05188461538461206, 1.1414615384615519, 0.2594230769231035, 0.7263846153846553, 0.15565384615387937, 0.10376923076922412, 0.9339230769231035, 0.31130769230767236, 0.466961538461595, 0.5707307692308191, 0.466961538461595, 1.141461538461595, 0.10376923076926732, 0.5707307692308191, 0.41507692307693966, 0.9339230769231467, 0.7782692307692674, 0.2594230769230603, 0.20753846153849145, 0.10376923076922412, 0.0, 0.05188461538465526, 0.7263846153846553, 0.05188461538461206, 0.20753846153844824, 1.1414615384615519, 0.10376923076922412, 1.245230769230819, 0.5707307692308191, 0.8301538461538793, 0.518846153846207, 0.05188461538461206, 1.2452307692308622, 1.141461538461595, 0.05188461538461206, 0.9339230769231035, 0.7782692307692674, 1.0895769230769397, 0.15565384615383618, 0.0, 2.179153846153783, 0.15565384615382621, 0.622615384615348, 0.10376923076926067, 0.20753846153843494, 0.3113076923076956, 0.5188461538461737, 0.051884615384608736, 1.08957692307687, 0.3631923076923043, 0.7782692307692175, 56.657999999998964, 0.3631923076923043, 0.5707307692307393, 0.0, 0.7782692307692175, 1.0376923076922613, 0.7782692307692175, 1.1414615384615217, 0.0, 1.1414615384615217, 0.622615384615348, 1.1933461538461305, 1.764076923076913, 0.051884615384608736, 1.089576923076913, 0.8301538461538261, 0.10376923076926067, 1.1414615384615217, 1.0376923076922613, 0.20753846153847816, 1.7121923076923042, 55.77596153846053, 0.5188461538461306, 0.10376923076926067, 1.7121923076922612, 0.1556538461538694, 0.882038461538435, 0.1556538461538694, 0.7263846153846086, 0.8301538461538261, 0.10376923076926067, 1.089576923076913, 0.1556538461538694, 0.5188461538461737, 0.4150769230769131, 1.0376923076923044, 0.6745, 0.46696153846152183, 0.20753846153843494, 0.6745, 0.9858076923076956, 0.3113076923076956, 1.089576923076913, 0.3113076923076956, 0.5707307692307825, 1.349, 1.0376923076923044, 0.0, 0.7263846153846086, 1.0376923076923044, 0.622615384615348, 0.882038461538435, 0.25942307692304367, 0.4150769230769131, 1.5046538461538261, 0.20753846153847816, 0.10376923076926067, 0.25942307692308686, 0.5188461538461306, 0.10376923076921747, 0.5188461538461737, 0.3113076923076956, 0.3113076923076956, 0.5188461538461737, 0.4150769230769131, 1.1933461538461305, 0.9858076923076956, 0.9858076923076956, 0.0, 0.3113076923076956, 0.10376923076921747, 0.7263846153846086, 0.4669615384615651, 0.20753846153847816, 1.0376923076922613, 0.5188461538461306, 0.7263846153846086, 0.051884615384608736, 0.1556538461538694, 1.8159615384614785, 0.051884615384608736, 0.8820384615384782, 0.6744999999999568, 0.9858076923076956, 1.2452307692307825, 0.3113076923076956, 0.622615384615348, 0.10376923076926067, 0.6745, 0.6744999999999568, 1.3489999999999567, 0.10376923076921747, 0.8301538461538261, 0.6226153846153912, 0.051884615384608736, 0.7263846153846086, 0.20753846153847816, 0.3113076923076956, 56.08726923076823, 0.4150769230769131, 0.051884615384608736, 2.0753846153846087, 56.19103846153744, 0.3631923076923043, 0.8301538461538261, 0.7782692307692175, 0.051884615384608736, 0.10376923076921747, 0.6226153846153912, 0.9339230769230868, 0.3113076923076956, 0.4150769230769131, 1.297115384615391, 0.46696153846152183, 1.0376923076923044, 54.9458076923067, 55.98349999999896, 55.82784615384514, 0.622615384615348, 0.622615384615348, 55.77596153846053, 55.62030769230665, 56.03538461538361, 1.1933461538461305, 0.20753846153847816, 0.8820384615384782, 0.8301538461538261, 56.08726923076823, 0.0, 0.6744999999999568, 0.3631923076923043, 55.931615384614354, 56.761769230768174, 0.1556538461538694, 57.384384615383574, 0.8301538461538261, 0.4669615384615651, 55.51653846153744, 55.82784615384514, 1.1933461538461305, 0.25942307692304367, 0.622615384615348, 1.2971153846153483, 0.15565384615382621, 0.5707307692307393, 0.20753846153847816, 0.10376923076921747, 0.10376923076926067, 0.10376923076926067, 0.9339230769230868, 0.0, 0.10376923076926067, 0.3113076923076956, 1.0376923076923044, 1.3489999999999567, 1.2452307692307394, 1.0376923076922613, 1.089576923076913, 0.20753846153847816, 0.3631923076923043, 0.5188461538461306, 0.5188461538461306, 0.5188461538461737, 0.5188461538461737, 0.5188461538461737, 0.1556538461538694, 0.051884615384608736, 0.31130769230765243, 0.3113076923076956, 2.1272692307692176, 0.7782692307692175, 0.1556538461538694, 1.1414615384615217, 0.6226153846153912, 0.9339230769230868, 0.7782692307692175, 0.5188461538461737, 0.051884615384608736, 1.6084230769230436, 1.1414615384615217, 0.6226153846153912, 0.9858076923076524, 0.7782692307692175, 0.4150769230769131, 0.882038461538435, 0.20753846153843494, 0.25942307692308686, 1.297115384615391, 55.101461538460526, 0.8301538461538261, 0.7782692307692175, 54.53073076922979, 54.9458076923067, 0.8301538461538261, 0.3631923076923043, 0.051884615384608736, 0.051884615384608736, 0.9858076923076524, 0.20753846153843494, 0.4150769230769131, 0.5707307692307393, 0.3113076923076956, 53.9081153846144, 1.6084230769230436, 55.153346153845135, 1.4008846153846088, 0.882038461538435, 0.5707307692307825, 0.20753846153847816, 0.6745, 0.6745, 0.8820384615384782, 1.089576923076913, 0.7782692307692175, 0.10376923076921747, 1.6084230769230436, 1.2452307692307825, 0.10376923076926067, 57.384384615383574, 54.99769230769131, 56.19103846153744, 55.931615384614354, 0.15565384615382621, 0.622615384615348, 0.5188461538461306, 1.089576923076913, 1.556538461538435, 0.25942307692308686, 0.20753846153847816, 0.7782692307692175, 0.20753846153847816, 0.5188461538461737, 0.10376923076921747, 0.15565384615382621, 0.10376923076921747, 0.31130769230765243, 0.5188461538461306, 0.15565384615382621, 0.5707307692307825, 0.051884615384608736, 0.15565384615382621, 0.8301538461538261, 0.3113076923076956, 0.4669615384615651, 0.3631923076923043, 0.5188461538461737, 1.1933461538461305, 0.8820384615384782, 0.6745, 1.1933461538461305, 1.4527692307692173, 0.20753846153847816, 0.4150769230769131, 0.10376923076926067, 0.1556538461538694, 1.1933461538461305, 56.606115384614355, 0.6226153846153912, 1.0376923076923044, 0.31130769230765243, 0.10376923076926067, 1.349, 0.20753846153843494, 1.0376923076922613, 0.0, 0.10376923076921747, 0.051884615384608736, 0.1556538461538694, 0.6744999999999568, 0.25942307692308686, 1.1933461538461305, 0.6744999999999568, 2.179153846153826, 0.3113076923076956, 54.99769230769131, 0.8820384615384782, 54.21942307692209, 0.4150769230769131, 0.051884615384608736, 1.349, 0.3113076923076956, 1.4008846153846088, 2.2829230769230433, 56.86553846153744, 0.3113076923076956, 0.3113076923076956, 0.20753846153843494, 56.606115384614355, 54.89392307692209, 56.91742307692205, 0.3631923076923043, 55.257115384614394, 0.20753846153847816, 55.67219230769131, 0.6744999999999568, 1.5046538461538261, 0.3113076923076956, 0.10376923076921747, 1.2452307692307825, 0.3631923076923043, 1.556538461538435, 56.70988461538357, 0.3113076923076956, 0.25942307692304367, 0.6744999999999568, 0.5707307692307825, 0.8820384615384782, 0.10376923076921747, 0.1556538461538694, 56.86553846153744, 55.98349999999896, 0.9339230769230437, 0.7263846153846086, 1.2452307692307825, 0.622615384615348, 0.3631923076923043, 0.051884615384608736, 55.04957692307592, 56.19103846153744, 0.8820384615384782, 0.7782692307692175, 1.0376923076923044, 1.0376923076923044, 0.15565384615382621, 1.349, 0.4150769230769131, 0.6744999999999568, 57.073076923075874, 0.20753846153843494, 0.25942307692308686, 55.41276923076822, 56.81365384615283, 0.5707307692307825, 0.20753846153843494, 0.1556538461538694, 1.297115384615391, 0.7263846153846086, 0.051884615384608736, 0.8820384615384782, 0.25942307692308686, 0.622615384615348, 0.8301538461538261, 55.46465384615283, 58.00699999999897, 0.5188461538461737, 55.77596153846053, 56.70988461538357, 0.4669615384615651, 56.29480769230666, 0.051884615384608736, 0.0, 0.6226153846153912, 0.31130769230765243, 57.69569230769127, 57.12496153846048, 1.556538461538435, 0.051884615384608736, 0.7782692307692175, 0.9858076923076956, 0.3113076923076956, 0.46696153846152183, 1.1933461538461305, 0.46696153846152183, 1.6603076923076523, 0.9858076923076956, 0.20753846153843494, 1.08957692307687, 0.15565384615382621, 0.5707307692307393, 0.5188461538461737, 0.10376923076921747, 1.1933461538461305, 0.7782692307692175, 0.25942307692308686, 1.089576923076913, 0.6226153846153912, 0.4150769230769131, 0.46696153846152183, 0.3631923076923043, 0.4150769230769131, 0.1556538461538694, 0.622615384615348, 0.7782692307692175, 0.4150769230769131, 1.8678461538461306, 1.2452307692307394, 0.25942307692304367, 0.051884615384608736, 0.6745, 2.0234999999999568, 56.81365384615283, 56.39857692307587, 56.91742307692205, 0.10376923076921747, 0.0, 1.7121923076923042, 0.0, 0.10376923076926067, 1.0376923076922613, 1.8159615384615218, 1.4527692307691744, 1.4008846153846088, 0.6226153846153912, 0.20753846153847816, 0.5707307692307825, 0.25942307692308686, 0.20753846153847816, 0.0, 0.6226153846153912, 1.4008846153846088, 1.2971153846153483, 0.8301538461538261, 56.19103846153744, 0.20753846153847816, 0.9858076923076956, 0.25942307692308686, 1.3489999999999567, 55.931615384614354, 56.19103846153744, 56.13915384615283, 56.34669230769127, 0.5707307692307393, 0.9339230769230868, 0.0, 0.3631923076923043, 56.55423076922974, 0.8301538461538261, 54.47884615384518, 56.13915384615283, 0.10376923076926067, 0.051884615384608736, 0.5188461538461737, 55.30899999999901, 1.4527692307691744, 1.8678461538460873, 55.931615384614354, 57.12496153846048, 0.5188461538461737, 1.089576923076913, 0.6744999999999568, 0.882038461538435, 0.20753846153847816, 0.7263846153846086, 0.5707307692307825, 0.6744999999999568, 1.556538461538435, 1.5046538461538261, 0.9339230769230868, 0.3631923076923043, 2.179153846153783, 1.764076923076913, 0.1556538461538694, 56.70988461538357, 0.9339230769230868, 55.153346153845135, 55.82784615384514, 0.7263846153846086, 0.051884615384608736, 0.9339230769230868, 1.764076923076913, 2.594230769230739, 0.3113076923076956, 1.8678461538461306, 1.2452307692307394, 0.10376923076926067, 0.0, 0.20753846153843494, 0.25942307692308686, 56.45046153846053, 1.4527692307691744, 0.4150769230769131, 1.0376923076922613, 0.4150769230769131, 55.20523076922975, 0.4150769230769131, 0.051884615384608736, 0.3631923076923043, 0.5188461538461306, 1.2971153846153483, 0.051884615384608736, 0.6744999999999568, 0.46696153846152183, 0.7782692307692175, 0.7782692307692175, 1.349, 1.1414615384615217, 1.1414615384615217, 0.1556538461538694, 2.179153846153826, 1.1933461538461305, 0.9339230769230868, 55.51653846153744, 55.98349999999896, 0.7782692307692175, 55.67219230769131, 56.29480769230666, 56.13915384615283, 56.08726923076823, 56.08726923076823, 56.24292307692205, 0.9339230769230868, 2.0234999999999568, 0.10376923076921747, 0.10376923076926067, 56.19103846153744, 1.0376923076922613, 0.5707307692307393, 0.3631923076923043, 0.3631923076923043, 1.4527692307692173, 56.606115384614355, 0.7782692307692175, 0.5188461538461737, 55.77596153846053, 56.606115384614355, 0.46696153846152183, 57.17684615384509, 0.25942307692304367, 0.5188461538461306, 56.55423076922974, 55.153346153845135, 0.20753846153843494, 56.91742307692205, 55.931615384614354, 55.879730769229745, 56.13915384615283, 1.2452307692307394, 0.9858076923076524, 0.6745, 1.5046538461538261, 1.1414615384615217, 56.13915384615283, 56.91742307692205, 56.91742307692205, 57.12496153846048, 55.51653846153744, 55.62030769230665, 56.03538461538361, 0.4669615384615651, 54.634499999999, 0.46696153846152183, 0.10376923076921747, 0.25942307692308686, 1.089576923076913, 0.46696153846152183, 0.10376923076921747, 0.46696153846152183, 0.051884615384608736, 0.051884615384608736, 1.4008846153846088, 1.349, 0.9858076923076956, 1.08957692307687, 55.46465384615283, 1.1933461538461305, 1.1933461538461305, 55.72407692307592, 54.842038461537435, 0.7782692307692175, 55.879730769229745, 55.36088461538361, 0.8301538461538261, 3.5800384615383916, 0.5707307692307825, 0.20753846153847816, 0.6744999999999568, 0.5707307692307825, 55.20523076922975, 0.051884615384608736, 0.7263846153846086, 55.46465384615283, 56.606115384614355, 1.1933461538461305, 56.50234615384514, 55.77596153846053, 0.4150769230769131, 0.15565384615382621, 0.1556538461538694, 0.3631923076923043, 0.6745, 0.0, 1.089576923076913, 0.6745, 0.5707307692307825, 0.5707307692307825, 0.25942307692308686, 0.9858076923076524, 0.46696153846152183, 0.3631923076923043, 0.7263846153846086, 0.46696153846152183, 0.4150769230769131, 1.4008846153846088, 0.4150769230769131, 0.7782692307692175, 0.7263846153846086, 0.6226153846153912, 0.051884615384608736, 56.03538461538361, 1.9197307692307393, 55.04957692307592, 0.20753846153843494, 1.1414615384615217, 0.31130769230765243, 0.9858076923076524, 1.1414615384615217, 56.45046153846053, 0.4669615384615651, 55.30899999999901, 0.4150769230769131, 0.5188461538461306, 0.10376923076921747, 1.556538461538435, 56.50234615384514, 56.606115384614355, 56.24292307692205, 0.7263846153846086, 0.46696153846152183, 54.686384615383616, 1.4008846153846088, 1.1414615384615217, 1.2971153846153483, 0.5188461538461737, 56.13915384615283, 56.39857692307587, 0.5707307692307825, 0.6745, 0.882038461538435, 0.31130769230765243, 0.10376923076926067, 0.46696153846152183, 0.7263846153846086, 55.67219230769131, 1.349, 0.5188461538461306, 0.4150769230769131, 0.7263846153846086, 0.8301538461538261, 0.3631923076923043, 0.4150769230769131, 0.4150769230769131, 0.8301538461538261, 0.10376923076921747, 0.4150769230769131, 0.7782692307692175, 0.20753846153843494, 0.5188461538461737, 0.8301538461538261, 0.15565384615382621, 0.46696153846152183, 0.9339230769230437, 0.9858076923076524, 0.25942307692308686, 0.15565384615382621, 57.48815384615279, 54.89392307692209, 56.657999999998964, 56.08726923076823, 57.64380769230666, 56.24292307692205, 1.1414615384615217, 0.9339230769230868, 55.56842307692205, 56.96930769230666, 0.9339230769230868, 55.62030769230665, 0.25942307692304367, 0.4669615384615651, 56.34669230769127, 0.20753846153843494, 1.297115384615391, 55.36088461538361, 55.62030769230665, 1.1414615384615217, 0.4669615384615651, 56.19103846153744, 0.051884615384608736, 0.3631923076923043, 0.6226153846153912, 1.1414615384615217, 0.10376923076926067, 1.6084230769230436, 0.0, 0.6745, 0.7263846153846086, 0.6745, 0.46696153846152183, 0.8301538461538261, 0.7263846153846086, 0.8820384615384782, 0.7782692307692175, 0.25942307692308686, 0.5188461538461737, 0.1556538461538694, 0.3631923076923043, 0.9858076923076956, 1.764076923076913, 0.6745, 0.10376923076921747, 0.5707307692307825, 0.20753846153847816, 0.8301538461538261, 0.25942307692304367, 1.0376923076922613, 0.051884615384608736, 0.3113076923076956, 0.5707307692307825, 0.6226153846153912, 0.3631923076923043, 0.4150769230769131, 0.8301538461538261, 0.9339230769230868, 0.1556538461538694, 0.5707307692307393, 0.8301538461538261, 2.0234999999999568, 0.10376923076921747, 0.20753846153847816, 2.0234999999999568, 0.10376923076921747, 0.3113076923076956, 0.8820384615384782, 0.20753846153847816, 0.8301538461538261, 1.4008846153845655, 56.29480769230666, 0.9339230769230437, 1.556538461538435, 56.657999999998964, 56.45046153846053, 0.051884615384608736, 0.10376923076921747, 0.15565384615382621, 0.5188461538461306, 2.853653846153826, 0.10376923076926067, 0.5707307692307825, 0.8301538461538261, 0.5188461538461306, 0.051884615384608736, 0.5707307692307825, 0.0, 0.051884615384608736, 1.2452307692307825, 1.4008846153845655, 0.15565384615382621, 0.10376923076921747, 0.4150769230769131, 1.8678461538461306, 0.622615384615348, 0.7263846153846086, 0.25942307692304367, 0.5707307692307825, 1.0376923076923044, 0.4150769230769131, 0.20753846153843494, 1.9716153846153481, 0.4150769230769131, 1.2452307692307825, 0.10376923076921747, 1.0376923076923044, 1.349, 0.10376923076926067, 0.7782692307692175, 0.9858076923076524, 2.2829230769230002, 1.2971153846153483, 0.9858076923076956, 0.5707307692307825, 0.7263846153846086, 0.4150769230769131, 1.556538461538435, 0.20753846153843494, 0.9339230769230868, 0.5707307692307393, 0.3113076923076956, 0.051884615384608736, 0.31130769230765243, 1.556538461538435, 0.4150769230769131, 1.349, 0.051884615384608736, 0.0, 0.0, 0.6744999999999568, 0.9339230769230868, 0.15565384615382621, 0.4150769230769131, 0.5188461538461306, 0.20753846153847816, 1.1414615384615217, 0.20753846153843494, 0.5707307692307825, 1.8678461538461306, 0.4669615384615651, 1.2452307692307825, 0.7263846153846086, 1.556538461538435, 1.1933461538461305, 0.1556538461538694, 0.0, 0.5188461538461306, 0.10376923076921747, 0.9858076923076956, 1.349, 0.3631923076923043, 0.7782692307692175, 0.6226153846153912, 0.9858076923076956, 1.7121923076923042, 0.882038461538435, 0.7263846153846086, 0.1556538461538694, 0.31130769230765243, 1.0376923076923044, 0.3631923076923043, 0.1556538461538694, 1.1414615384615217, 0.20753846153847816, 0.20753846153847816, 0.10376923076921747, 0.7263846153846086, 0.25942307692308686, 0.3113076923076956, 0.4669615384615651, 0.8301538461538261, 0.1556538461538694, 0.10376923076921747, 1.08957692307687, 0.622615384615348, 0.9339230769230437, 0.882038461538435, 1.297115384615391, 0.3631923076923043, 0.7263846153846086, 0.10376923076926067, 0.3631923076923043, 0.5188461538461306, 0.622615384615348, 0.0, 0.7263846153846086, 0.9339230769230868, 0.20753846153843494, 0.1556538461538694, 1.349, 0.7782692307692175, 0.10376923076921747, 0.051884615384608736, 56.50234615384514, 0.20753846153847816, 56.81365384615283, 0.5707307692307393, 0.5707307692307825, 1.1414615384615217, 1.349, 0.25942307692308686, 57.12496153846048, 0.9858076923076956, 0.8301538461538261, 0.20753846153847816, 0.051884615384608736, 0.25942307692304367, 0.8820384615384782, 1.2452307692307394, 0.6226153846153912, 0.15565384615382621, 0.5188461538461306, 0.5707307692307825, 1.297115384615391, 0.3113076923076956, 55.36088461538361, 54.842038461537435, 1.297115384615391, 0.8820384615384782, 1.0376923076923044, 2.0234999999999568, 0.622615384615348, 56.86553846153744, 57.384384615383574, 56.86553846153744, 0.15565384615382621, 0.25942307692308686, 0.6745, 0.31130769230765243, 0.0, 0.5188461538461737, 57.073076923075874, 56.45046153846053, 0.20753846153843494, 57.799461538460484, 57.9032307692297, 56.91742307692205, 56.19103846153744, 56.70988461538357, 0.31130769230765243, 1.1933461538461305, 0.6226153846153912, 1.7121923076923042, 0.4669615384615651, 56.50234615384514, 56.96930769230666, 56.606115384614355, 55.62030769230665, 55.153346153845135, 0.8820384615384782, 0.7782692307692175, 0.8301538461538261, 0.5188461538461737, 1.2452307692307825, 55.67219230769131, 0.5707307692307825, 0.6745, 0.0, 0.46696153846152183, 0.6226153846153912, 0.15565384615382621, 0.7782692307692175, 0.10376923076926067, 0.7263846153846086, 1.6084230769230436, 0.8301538461538261, 0.15565384615382621, 1.6084230769230436, 0.1556538461538694, 0.25942307692304367, 0.4150769230769131, 0.5707307692307825, 1.089576923076913, 0.1556538461538694, 0.5707307692307825, 1.764076923076913, 56.50234615384514, 0.9339230769230868, 0.8301538461538261, 0.1556538461538694, 0.25942307692304367, 0.10376923076921747, 1.0376923076923044, 0.20753846153843494, 0.051884615384608736, 0.1556538461538694, 1.9716153846153481, 2.231038461538435, 0.8301538461538261, 0.25942307692308686, 0.7782692307692175, 0.3631923076923043, 0.20753846153847816, 55.101461538460526, 0.10376923076921747, 0.622615384615348, 55.153346153845135, 55.98349999999896, 0.0, 0.25942307692304367, 0.622615384615348, 2.0753846153846087, 0.4669615384615651, 0.051884615384608736, 0.31130769230765243, 0.5707307692307825, 0.1556538461538694, 0.8820384615384782, 0.4150769230769131, 0.25942307692308686, 1.08957692307687, 0.7263846153846086, 0.25942307692304367, 0.10376923076926067, 1.7121923076923042, 0.25942307692308686, 0.9339230769230437, 0.3631923076923043, 1.764076923076913, 0.051884615384608736, 0.15565384615382621, 0.15565384615382621, 0.1556538461538694, 0.10376923076921747, 1.6603076923076523, 1.1414615384615217, 0.3631923076923043, 55.46465384615283, 56.13915384615283, 0.3113076923076956, 56.34669230769127, 1.1414615384615217, 56.55423076922974, 0.7782692307692175, 0.4150769230769131, 0.051884615384608736, 56.34669230769127, 1.9716153846153481, 0.7263846153846086, 2.3348076923076526, 0.25942307692308686, 55.82784615384514, 0.1556538461538694, 56.50234615384514, 0.6226153846153912, 56.81365384615283, 1.4527692307692173, 0.622615384615348, 1.0376923076922613, 0.31130769230765243, 0.0, 0.622615384615348, 1.297115384615391, 0.25942307692308686, 0.5188461538461737, 1.1933461538461305, 0.9858076923076956, 0.3631923076923043, 55.67219230769131, 57.799461538460484, 0.0, 54.79015384615283, 1.76407692307687, 0.051884615384608736, 56.24292307692205, 55.51653846153744, 57.17684615384509, 0.7782692307692175, 0.051884615384608736, 55.931615384614354, 0.3631923076923043, 56.03538461538361, 0.8820384615384782, 0.882038461538435, 1.1414615384615217, 0.1556538461538694, 0.5707307692307825, 1.08957692307687, 0.20753846153847816, 0.4669615384615651, 0.7263846153846086, 0.15565384615382621, 1.0376923076922613, 0.15565384615382621, 1.08957692307687, 0.7263846153846086, 1.5046538461538261, 0.5707307692307825, 1.8678461538461306, 0.3113076923076956, 0.5707307692307825, 1.08957692307687, 0.20753846153843494, 0.4669615384615651, 1.1933461538461305, 0.3113076923076956, 0.882038461538435, 1.6603076923076523, 1.1933461538461305, 0.10376923076921747, 55.931615384614354, 0.1556538461538694, 54.2713076923067, 56.34669230769127, 0.6745, 1.349, 0.8820384615384782, 1.9197307692307393, 0.0, 0.622615384615348, 0.15565384615382621, 0.051884615384608736, 0.6226153846153912, 0.3113076923076956, 0.051884615384608736, 0.051884615384608736, 0.3631923076923043, 1.4008846153846088, 0.9858076923076524, 56.45046153846053, 0.4669615384615651, 0.8820384615384782, 0.5188461538461306, 1.4527692307692173, 1.1414615384615217, 54.738269230768225, 0.10376923076926067, 55.101461538460526, 0.5188461538461737, 0.46696153846152183, 0.20753846153847816, 56.45046153846053, 0.8301538461538261, 0.6745, 0.051884615384608736, 0.5188461538461737, 1.4527692307691744, 0.1556538461538694, 1.089576923076913, 0.46696153846152183, 0.4150769230769131, 0.6745, 0.20753846153847816, 0.4150769230769131, 0.051884615384608736, 0.6744999999999568, 0.4150769230769131, 0.9339230769230437, 0.1556538461538694, 0.5707307692307393, 1.2452307692307825, 0.9339230769230868, 0.051884615384608736, 0.25942307692304367, 0.31130769230765243, 0.051884615384608736, 0.9858076923076524, 56.24292307692205, 57.384384615383574, 56.91742307692205, 0.46696153846152183, 0.8301538461538261, 0.3631923076923043, 0.20753846153843494, 0.7782692307692175, 0.7782692307692175, 2.075384615384565, 0.25942307692304367, 0.882038461538435, 0.10376923076921747, 0.9339230769230437, 0.6744999999999568, 0.10376923076921747, 0.9339230769230868, 0.25942307692304367, 0.5188461538461306, 0.4150769230769131, 0.622615384615348, 0.20753846153843494, 1.3489999999999567, 0.051884615384608736, 0.10376923076921747, 0.9858076923076956, 1.089576923076913, 0.051884615384608736, 1.3489999999999567, 56.45046153846053, 0.051884615384608736, 0.9339230769230437, 1.0376923076923044, 0.0, 1.349, 0.051884615384608736, 0.5188461538461737, 0.20753846153843494, 0.9339230769230868, 0.051884615384608736, 1.5046538461538261, 1.2452307692307825, 0.4150769230769131, 1.1414615384615217, 0.8301538461538261, 1.4008846153846088, 0.6226153846153912, 0.7263846153846086, 0.051884615384608736, 0.051884615384608736, 0.10376923076926067, 0.10376923076921747, 0.5707307692307393, 0.31130769230765243, 1.4008846153846088, 1.4008846153845655, 0.6745, 0.3631923076923043, 0.622615384615348, 0.31130769230765243, 56.657999999998964, 0.051884615384608736, 55.62030769230665, 0.051884615384608736, 0.8301538461538261, 55.101461538460526, 0.8301538461538261, 0.4150769230769131, 57.021192307691265, 0.1556538461538694, 0.6226153846153912, 0.051884615384608736, 0.4669615384615651, 0.4150769230769131, 0.6745, 0.9339230769230868, 0.9858076923076956, 0.20753846153847816, 0.31130769230765243, 0.8301538461538261, 0.7782692307692175, 0.5188461538461306, 0.15565384615382621, 0.10376923076926067, 1.4527692307692173, 1.0376923076923044, 1.4527692307691744, 0.7782692307692175, 1.4008846153845655, 0.5188461538461737, 0.7263846153846086, 0.7782692307692175, 1.349, 57.48815384615279, 0.0, 0.3631923076923043, 0.6745, 0.3113076923076956, 0.46696153846152183, 56.50234615384514, 56.19103846153744, 0.20753846153843494, 56.657999999998964, 54.842038461537435, 0.051884615384608736, 0.8301538461538261, 1.8678461538460873, 0.7782692307692175, 0.20753846153847816, 0.3113076923076956, 0.15565384615382621, 0.4669615384615651, 0.3113076923076956, 55.36088461538361, 0.25942307692308686, 0.9858076923076956, 0.7782692307692175, 0.3113076923076956, 56.39857692307587, 0.3631923076923043, 0.6226153846153912, 0.8301538461538261, 0.5188461538461737, 0.25942307692304367, 55.101461538460526, 1.349, 0.7263846153846086, 0.3113076923076956, 57.22873076922975, 55.879730769229745, 0.0, 0.6745, 0.4150769230769131, 0.9339230769230868, 1.0376923076923044, 1.556538461538435, 0.10376923076921747, 0.20753846153847816, 0.5188461538461306, 0.6745, 0.8301538461538261, 0.15565384615382621, 1.3489999999999567, 0.5707307692307825, 0.8301538461538261, 1.556538461538435, 0.882038461538435, 1.089576923076913, 0.5707307692307393, 0.25942307692308686, 0.9858076923076524, 1.0376923076923044, 0.25942307692304367, 0.0, 1.349, 0.3113076923076956, 1.1933461538461305, 0.1556538461538694, 0.9858076923076524, 0.25942307692304367, 1.1414615384615217, 0.0, 56.50234615384514, 55.36088461538361, 0.7263846153846086, 0.7782692307692175, 0.3113076923076956, 0.3113076923076956, 0.3631923076923043, 0.0, 0.10376923076926067, 57.12496153846048, 56.70988461538357, 0.6226153846153912, 55.98349999999896, 1.9716153846153481, 0.4150769230769131, 0.7263846153846086, 0.3631923076923043, 0.25942307692308686, 0.25942307692304367, 56.45046153846053, 1.297115384615391, 0.5188461538461737, 1.4527692307691744, 0.7782692307692175, 0.10376923076921747, 1.08957692307687, 0.31130769230765243, 0.25942307692308686, 0.31130769230765243, 0.051884615384608736, 0.25942307692308686, 1.764076923076913, 0.25942307692308686, 0.6745, 0.7782692307692175, 0.7782692307692175, 0.15565384615382621, 0.10376923076926067, 0.6745, 1.2452307692307825, 0.1556538461538694, 1.8159615384615218, 0.20753846153843494, 0.7263846153846086, 0.9858076923076956, 1.0376923076923044, 0.8301538461538261, 1.2452307692307825, 1.1414615384615217, 0.6226153846153912, 0.4669615384615651, 0.3631923076923043, 0.9339230769230868, 0.051884615384608736, 0.5188461538461306, 0.8820384615384782, 0.4150769230769131, 1.7121923076922612, 0.5188461538461737, 0.8820384615384782, 1.1933461538461305, 0.15565384615382621, 1.297115384615391, 0.6744999999999568, 0.3631923076923043, 0.5707307692307825, 0.15565384615382621, 1.0376923076923044, 1.1933461538461305, 1.089576923076913, 0.20753846153847816, 0.8301538461538261, 0.25942307692308686, 0.7263846153846086, 0.4150769230769131, 0.5188461538461737, 56.24292307692205, 0.15565384615382621, 0.5707307692307825, 0.9858076923076956, 0.0, 1.9197307692307393, 0.051884615384608736, 56.45046153846053, 55.77596153846053, 0.7782692307692175, 1.089576923076913, 0.10376923076926067, 0.9339230769230868, 57.384384615383574, 55.62030769230665, 56.03538461538361, 1.5046538461538261, 55.153346153845135, 55.30899999999901, 57.12496153846048, 0.15565384615382621, 56.761769230768174, 56.657999999998964, 56.19103846153744, 56.70988461538357, 55.41276923076822, 54.99769230769131, 1.1414615384615217, 56.34669230769127, 1.297115384615391, 55.56842307692205, 0.6745, 0.051884615384608736, 0.3631923076923043, 0.7782692307692175, 0.15565384615382621, 0.5707307692307825, 0.0, 0.25942307692304367, 0.10376923076921747, 0.31130769230765243, 0.4150769230769131, 0.3631923076923043, 0.7782692307692175, 0.1556538461538694, 0.10376923076921747, 0.8301538461538261, 0.8820384615384782, 1.297115384615391, 0.4150769230769131, 1.1414615384615217, 0.10376923076926067, 0.622615384615348, 1.349, 0.9339230769230437, 1.6603076923076523, 0.051884615384608736, 1.3489999999999567, 0.5707307692307825, 0.1556538461538694, 0.1556538461538694, 0.622615384615348, 0.6226153846153912, 0.5707307692307825, 0.622615384615348, 0.15565384615382621, 1.6603076923076523, 1.7121923076923042, 0.8820384615384782, 0.6745, 57.021192307691265, 55.46465384615283, 0.0, 0.8820384615384782, 0.0, 0.8301538461538261, 0.8820384615384782, 0.5707307692307393, 55.30899999999901, 1.2452307692307825, 56.34669230769127, 1.1933461538461305, 0.7782692307692175, 0.051884615384608736, 0.3113076923076956, 0.20753846153847816, 0.4150769230769131, 0.5707307692307825, 0.20753846153843494, 0.8301538461538261, 0.9339230769230868, 0.622615384615348, 0.4150769230769131, 0.5188461538461737, 1.1414615384615217, 0.7782692307692175, 0.8820384615384782, 0.6745, 0.5707307692307825, 0.5707307692307393, 0.9858076923076956, 0.1556538461538694, 0.25942307692304367, 0.882038461538435, 0.1556538461538694, 1.297115384615391, 0.3631923076923043, 0.051884615384608736, 0.4150769230769131, 0.622615384615348, 0.31130769230765243, 1.3489999999999567, 0.3113076923076956, 0.15565384615382621, 57.021192307691265, 0.9858076923076524, 1.2452307692307394, 55.77596153846053, 55.51653846153744, 0.3631923076923043, 0.6745, 1.1933461538461305, 56.55423076922974, 0.20753846153847816, 56.45046153846053, 57.384384615383574, 54.79015384615283, 0.25942307692304367, 55.153346153845135, 0.10376923076921747, 0.5707307692307393, 1.6603076923076956, 0.5707307692307825, 0.5707307692307825, 1.5046538461538261, 0.20753846153847816, 0.20753846153843494, 0.25942307692304367, 1.1933461538461305, 0.25942307692308686, 0.5188461538461737, 1.5046538461538261, 1.4527692307692173, 0.20753846153847816, 1.089576923076913, 0.6226153846153912, 0.6745, 56.08726923076823, 0.7263846153846086, 0.20753846153843494, 0.8301538461538261, 0.25942307692308686, 0.5707307692307825, 0.7782692307692175, 0.25942307692308686, 0.3631923076923043, 0.5188461538461306, 1.089576923076913, 0.46696153846152183, 1.089576923076913, 0.882038461538435, 0.5707307692307825, 0.6745, 0.6226153846153912, 1.556538461538435, 0.10376923076926067, 0.31130769230765243, 0.4150769230769131, 0.8301538461538261, 0.0, 0.25942307692304367, 1.6084230769230436, 0.20753846153847816, 0.15565384615382621, 1.0376923076922613, 0.25942307692304367, 0.15565384615382621, 0.5188461538461306, 0.051884615384608736, 0.9858076923076956, 0.6226153846153912, 10200.72292307674, 1.1414615384615217, 0.10376923076921747, 0.6226153846153912, 1.1933461538461305, 1.7121923076923042, 0.5707307692307393, 0.051884615384608736, 0.20753846153843494, 2.386692307692261, 0.0, 0.9858076923076524, 0.0, 56.08726923076823, 56.50234615384514, 0.0, 56.34669230769127, 0.10376923076926067, 0.9339230769230868, 1.4008846153846088, 0.6745, 0.5707307692307393, 0.10376923076921747, 57.021192307691265, 56.19103846153744, 0.8301538461538261, 55.20523076922975, 0.4150769230769131, 0.3113076923076956, 0.9339230769230868, 0.4150769230769131, 1.1414615384615217, 0.6745, 54.99769230769131, 0.9339230769230868, 0.7782692307692175, 1.297115384615391, 0.4150769230769131, 0.8301538461538261, 0.8301538461538261, 0.622615384615348, 0.7782692307692175, 0.25942307692304367, 0.0, 1.6084230769230436, 0.3631923076923043, 0.10376923076921747, 1.2452307692307394, 0.8301538461538261, 0.3631923076923043, 0.5188461538461737, 0.5188461538461306, 0.5707307692307825, 0.15565384615382621, 0.4150769230769131, 1.08957692307687, 0.10376923076921747, 0.10376923076926067, 1.6084230769230436, 1.0376923076923044, 0.15565384615382621, 1.4008846153846088, 0.25942307692308686, 1.556538461538435, 0.5707307692307393, 0.4150769230769131, 1.556538461538435, 0.7782692307692175, 0.051884615384608736, 0.882038461538435, 0.1556538461538694, 0.3113076923076956, 0.4150769230769131, 0.0, 0.5707307692307393, 0.7263846153846086, 0.0, 0.4669615384615651, 0.31130769230765243, 0.6745, 1.9197307692307393, 1.4527692307692173, 0.6745, 0.5188461538461306, 0.3631923076923043, 0.5188461538461737, 0.25942307692308686, 0.7263846153846086, 1.5046538461538261, 0.7782692307692175, 1.0376923076922613, 1.4527692307692173, 1.2452307692307825, 0.1556538461538694, 0.25942307692308686, 0.5707307692307393, 0.25942307692304367, 0.7782692307692175, 0.7782692307692175, 0.7263846153846086, 0.8301538461538261, 0.6226153846153912, 0.46696153846152183, 0.051884615384608736, 1.4008846153846088, 0.622615384615348, 0.15565384615382621, 1.1933461538461305, 0.7782692307692175, 0.4669615384615651, 0.6226153846153912, 1.349, 1.1414615384615217, 0.051884615384608736, 0.051884615384608736, 1.0376923076923044, 0.5188461538461306, 1.2971153846153483, 57.48815384615279, 55.82784615384514, 0.9858076923076956, 0.10376923076926067, 0.051884615384608736, 1.0376923076923044, 56.606115384614355, 0.882038461538435, 55.62030769230665, 56.29480769230666, 0.9858076923076956, 0.8820384615384782, 0.9858076923076524, 0.1556538461538694, 0.5188461538461737, 0.051884615384608736, 0.3631923076923043, 0.6745, 1.3489999999999567, 56.50234615384514, 1.1933461538461305, 56.70988461538357, 56.24292307692205, 55.77596153846053, 56.29480769230666, 0.051884615384608736, 56.55423076922974, 56.39857692307587, 57.17684615384509, 55.98349999999896, 56.50234615384514, 0.4150769230769131, 56.606115384614355, 0.3113076923076956, 0.4150769230769131, 55.931615384614354, 0.4669615384615651, 56.657999999998964, 56.29480769230666, 0.25942307692308686, 56.70988461538357, 0.3631923076923043, 55.98349999999896, 56.24292307692205, 56.606115384614355, 56.70988461538357, 0.4150769230769131, 56.657999999998964, 56.45046153846053, 56.03538461538361, 57.95511538461431, 1.089576923076913, 0.20753846153847816, 0.1556538461538694, 0.6226153846153912, 0.10376923076926067, 0.622615384615348, 0.20753846153847816, 0.5707307692307393, 0.051884615384608736, 1.5046538461538261, 0.882038461538435, 1.4008846153846088, 1.4008846153846088, 0.051884615384608736, 0.1556538461538694, 1.2971153846153483, 0.10376923076921747, 0.1556538461538694, 0.20753846153847816, 1.089576923076913, 0.4669615384615651, 0.10376923076926067, 0.46696153846152183, 0.5188461538461737, 0.20753846153843494, 56.96930769230666, 55.72407692307592, 55.879730769229745, 0.9858076923076524, 0.5707307692307825, 0.25942307692304367, 57.22873076922975, 56.761769230768174, 0.051884615384608736, 0.7263846153846086, 0.0, 0.1556538461538694, 0.5188461538461737, 0.3113076923076956, 1.1933461538461305, 0.25942307692308686, 0.051884615384608736, 0.4669615384615651, 1.556538461538435, 0.15565384615382621, 0.0, 0.10376923076926067, 1.2971153846153483, 0.3113076923076956, 2.386692307692261, 1.6603076923076956, 0.0, 1.1933461538461305, 1.6084230769230436, 1.556538461538435, 0.10376923076926067, 0.10376923076921747, 0.6745, 1.2452307692307394, 1.556538461538435, 0.8820384615384782, 0.7782692307692175, 54.53073076922979, 56.24292307692205, 0.7263846153846086, 57.073076923075874, 0.15565384615382621, 0.7263846153846086, 1.5046538461538261, 0.8820384615384782, 0.8301538461538261, 55.101461538460526, 0.20753846153847816, 0.9339230769230868, 0.46696153846152183, 0.9858076923076524, 1.2452307692307825, 0.4150769230769131, 0.8301538461538261, 0.9858076923076524, 0.4150769230769131, 54.842038461537435, 0.5188461538461306, 56.13915384615283, 54.738269230768225, 0.3631923076923043, 55.98349999999896, 0.10376923076921747, 56.55423076922974, 56.55423076922974, 56.55423076922974, 0.25942307692308686, 0.4669615384615651, 0.7263846153846086, 0.5188461538461737, 0.5188461538461737, 56.91742307692205, 56.50234615384514, 0.4150769230769131, 0.31130769230765243, 56.29480769230666, 0.10376923076926067, 1.1414615384615217, 0.3631923076923043, 1.8159615384615218, 0.25942307692308686, 1.1933461538461305, 0.051884615384608736, 0.882038461538435, 1.8678461538460873, 0.6744999999999568, 0.8301538461538261, 0.5707307692307825, 0.7782692307692175, 1.3489999999999567, 0.7782692307692175, 1.349, 1.9716153846153481, 1.2452307692307825, 0.7782692307692175, 1.08957692307687, 1.1933461538461305, 0.6226153846153912, 0.8820384615384782, 0.7782692307692175, 0.25942307692304367, 0.4150769230769131, 0.3631923076923043, 0.7263846153846086, 1.1414615384615217, 0.3113076923076956, 0.25942307692304367, 0.46696153846152183, 0.8301538461538261, 0.3631923076923043, 0.1556538461538694, 0.4150769230769131, 0.6226153846153912, 0.25942307692304367, 0.5188461538461306, 1.089576923076913, 0.31130769230765243, 55.67219230769131, 1.1414615384615217, 0.7782692307692175, 0.5707307692307825, 1.297115384615391, 1.0376923076922613, 1.1933461538461305, 0.10376923076921747, 0.0, 0.20753846153843494, 0.1556538461538694, 0.5707307692307393, 2.1272692307692176, 0.3631923076923043, 0.7782692307692175, 0.10376923076921747, 0.3631923076923043, 0.4669615384615651, 0.10376923076926067, 1.089576923076913, 0.7782692307692175, 0.5188461538461737, 0.3631923076923043, 0.6745, 56.45046153846053, 54.89392307692209, 1.349, 56.55423076922974, 0.46696153846152183, 0.5707307692307393, 1.2971153846153483, 1.297115384615391, 1.1414615384615217, 55.153346153845135, 55.20523076922975, 0.7782692307692175, 0.10376923076921747, 55.98349999999896, 56.19103846153744, 0.31130769230765243, 1.1414615384615217, 1.2971153846153483, 0.5188461538461306, 0.6745, 0.051884615384608736, 0.20753846153847816, 0.46696153846152183, 0.9858076923076524, 0.9858076923076956, 0.5707307692307825, 1.4008846153845655, 0.1556538461538694, 0.10376923076926067, 1.5046538461538261, 0.3113076923076956, 0.4669615384615651, 1.7121923076923042, 0.5188461538461737, 1.2452307692307394, 0.6745, 0.051884615384608736, 0.7263846153846086, 1.4008846153846088, 0.6745, 0.6744999999999568, 0.20753846153843494, 0.4669615384615651, 0.8301538461538261, 0.20753846153847816, 1.1933461538461305, 0.051884615384608736, 56.55423076922974, 1.764076923076913, 56.91742307692205, 1.3489999999999567, 56.29480769230666, 0.6226153846153912, 0.882038461538435, 0.051884615384608736, 0.0, 0.20753846153847816, 0.20753846153847816, 0.7782692307692175, 0.10376923076921747, 0.25942307692304367, 0.4150769230769131, 0.0, 0.1556538461538694, 0.8301538461538261, 0.15565384615382621, 0.25942307692308686, 0.5188461538461737, 0.9858076923076956, 0.5707307692307393, 0.8301538461538261, 0.5707307692307825, 0.15565384615382621, 0.9339230769230437, 0.8301538461538261, 0.10376923076926067, 0.051884615384608736, 0.10376923076926067, 0.4150769230769131, 0.25942307692308686, 0.3113076923076956, 56.13915384615283, 56.761769230768174, 0.8301538461538261, 0.20753846153843494, 56.03538461538361, 0.051884615384608736, 0.051884615384608736, 53.959999999999006, 0.15565384615382621, 0.3113076923076956, 55.153346153845135, 0.4150769230769131, 0.8820384615384782, 0.051884615384608736, 0.15565384615382621, 0.7263846153846086, 0.10376923076926067, 0.10376923076926067, 0.5707307692307825, 0.3631923076923043, 1.3489999999999567, 1.297115384615391, 0.0, 0.5707307692307393, 0.25942307692304367, 0.0, 0.8301538461538261, 1.6603076923076523, 0.4669615384615651, 56.03538461538361, 55.879730769229745, 0.0, 56.08726923076823, 0.051884615384608736, 57.073076923075874, 0.20753846153847816, 55.30899999999901, 0.3631923076923043, 0.6745, 0.7782692307692175, 0.20753846153843494, 0.1556538461538694, 0.10376923076926067, 1.5046538461538261, 0.3113076923076956, 0.6745, 0.5707307692307825, 1.556538461538435, 0.622615384615348, 1.1414615384615217, 55.46465384615283, 0.7263846153846086, 0.3631923076923043, 0.20753846153843494, 0.4669615384615651, 0.6226153846153912, 0.15565384615382621, 0.0, 56.34669230769127, 0.25942307692304367, 0.15565384615382621, 55.67219230769131, 0.9339230769230868, 1.08957692307687, 0.7263846153846086, 0.7263846153846086, 0.7782692307692175, 0.31130769230765243, 57.747576923075876, 56.34669230769127, 0.0, 55.72407692307592, 56.03538461538361, 0.6226153846153912, 56.39857692307587, 1.76407692307687, 56.13915384615283, 1.5046538461538261, 55.879730769229745, 56.13915384615283, 0.3113076923076956, 56.45046153846053, 0.5188461538461737, 0.051884615384608736, 0.6226153846153912, 0.051884615384608736, 1.1414615384615217, 1.1414615384615217, 1.1414615384615217, 0.4150769230769131, 1.2452307692307825, 1.08957692307687, 1.5046538461538261, 0.5707307692307825, 0.051884615384608736, 0.5707307692307825, 1.8159615384615218, 0.25942307692308686, 0.5707307692307825, 0.8301538461538261, 0.8301538461538261, 1.1933461538461305, 0.7263846153846086, 0.9858076923076524, 0.0, 54.5826153846144, 0.20753846153843494, 56.39857692307587, 0.0, 54.79015384615283, 56.13915384615283, 1.0376923076922613, 0.5707307692307393, 56.91742307692205, 0.7782692307692175, 56.19103846153744, 56.24292307692205, 56.24292307692205, 1.4008846153846088, 55.56842307692205, 55.82784615384514, 0.6226153846153912, 56.24292307692205, 0.46696153846152183, 1.349, 0.7263846153846086, 1.1933461538461305, 0.20753846153843494, 0.5707307692307825, 0.8301538461538261, 56.39857692307587, 56.50234615384514, 57.43626923076818, 57.799461538460484, 56.19103846153744, 0.10376923076926067, 0.46696153846152183, 0.0, 0.10376923076926067, 0.10376923076926067, 0.15565384615382621, 0.3631923076923043, 56.657999999998964, 55.77596153846053, 1.4008846153845655, 0.882038461538435, 0.20753846153843494, 0.051884615384608736, 0.4669615384615651, 55.51653846153744, 56.761769230768174, 0.6745, 55.41276923076822, 0.3113076923076956, 0.051884615384608736, 0.9339230769230437, 0.5707307692307825, 0.1556538461538694, 0.4150769230769131, 0.25942307692308686, 0.46696153846152183, 1.2971153846153483, 0.9339230769230437, 1.556538461538435, 0.25942307692308686, 0.15565384615382621, 0.25942307692308686, 0.4150769230769131, 1.3489999999999567, 0.7263846153846086, 0.10376923076921747, 0.3631923076923043, 0.9858076923076524, 1.2971153846153483, 55.62030769230665, 0.10376923076926067, 0.25942307692308686, 0.46696153846152183, 0.3631923076923043, 55.72407692307592, 1.4008846153846088, 56.91742307692205, 0.3631923076923043, 0.3113076923076956, 0.8301538461538261, 55.77596153846053, 55.931615384614354, 1.2452307692307825, 0.8301538461538261, 0.8301538461538261, 1.1933461538461305, 0.3631923076923043, 0.7263846153846086, 0.4669615384615651, 0.25942307692308686, 0.9339230769230868, 56.50234615384514, 0.882038461538435, 0.9339230769230868, 55.82784615384514, 56.55423076922974, 0.5188461538461737, 0.20753846153847816, 0.8301538461538261, 0.6744999999999568, 0.0, 56.29480769230666, 1.556538461538435, 56.19103846153744, 0.46696153846152183, 55.62030769230665, 55.67219230769131, 55.56842307692205, 57.799461538460484, 0.882038461538435, 55.41276923076822, 0.4669615384615651, 0.1556538461538694, 54.47884615384518, 55.879730769229745, 0.8820384615384782, 54.89392307692209, 56.96930769230666, 0.10376923076921747, 56.657999999998964, 0.1556538461538694, 56.45046153846053, 56.45046153846053, 56.19103846153744, 57.17684615384509, 0.4669615384615651, 57.021192307691265, 1.1933461538461305, 0.20753846153843494, 0.3631923076923043, 56.55423076922974, 57.384384615383574, 0.3113076923076956, 54.738269230768225, 55.30899999999901, 0.882038461538435, 0.4150769230769131, 57.17684615384509, 1.089576923076913, 53.959999999999006, 0.4150769230769131, 0.3631923076923043, 1.8159615384615218, 0.8820384615384782, 0.3113076923076956, 0.5188461538461306, 1.2971153846153483, 0.20753846153847816, 0.3113076923076956, 0.0, 0.4150769230769131, 0.622615384615348, 1.2452307692307825, 0.31130769230765243, 0.051884615384608736, 0.9339230769230437, 0.7263846153846086, 0.6744999999999568, 54.53073076922979, 0.051884615384608736, 56.08726923076823, 0.8301538461538261, 54.5826153846144, 56.55423076922974, 0.9858076923076956, 1.0376923076923044, 0.8301538461538261, 1.089576923076913, 0.7263846153846086, 0.4669615384615651, 0.25942307692304367, 0.4669615384615651, 1.089576923076913, 1.4008846153846088, 0.4669615384615651, 0.31130769230765243, 0.46696153846152183, 1.556538461538435, 0.051884615384608736, 0.5188461538461737, 55.879730769229745, 0.7782692307692175, 0.4150769230769131, 0.4669615384615651, 0.4669615384615651, 0.8301538461538261, 0.5188461538461306, 0.4150769230769131, 1.2452307692307825, 0.20753846153847816, 0.4669615384615651, 1.089576923076913, 0.9858076923076524, 1.556538461538435, 1.0376923076923044, 1.1414615384615217, 0.4669615384615651, 0.882038461538435, 1.1414615384615217, 0.0, 0.9858076923076524, 0.10376923076926067, 1.8678461538461306, 0.25942307692308686, 0.4669615384615651, 0.5707307692307393, 1.0376923076922613, 0.6744999999999568, 0.5707307692307825, 0.31130769230765243, 1.0376923076923044, 0.3113076923076956, 1.4527692307692173, 0.6745, 0.5707307692307825, 0.5188461538461737, 1.089576923076913, 0.9339230769230437, 57.33249999999896, 1.1933461538461305, 56.13915384615283, 56.86553846153744, 55.257115384614394, 0.5188461538461737, 0.5707307692307825, 0.0, 0.6744999999999568, 0.4669615384615651, 0.1556538461538694, 0.3631923076923043, 0.9339230769230437, 0.4150769230769131, 0.5707307692307825, 0.5188461538461737, 0.7782692307692175, 1.089576923076913, 0.6226153846153912, 0.051884615384608736, 0.1556538461538694, 0.3631923076923043, 0.10376923076921747, 0.622615384615348, 0.10376923076926067, 0.3631923076923043, 0.4150769230769131, 56.08726923076823, 1.4008846153846088, 0.8301538461538261, 0.4150769230769131, 0.31130769230765243, 0.9858076923076956, 1.089576923076913, 0.7782692307692175, 0.10376923076926067, 0.15565384615382621, 0.5707307692307393, 0.8301538461538261, 1.1414615384615217, 0.7782692307692175, 0.5707307692307825, 0.25942307692304367, 0.8301538461538261, 0.15565384615382621, 0.9858076923076956, 0.051884615384608736, 1.764076923076913, 0.9339230769230868, 0.5188461538461306, 0.4150769230769131, 55.82784615384514, 1.4527692307692173, 54.99769230769131, 1.2971153846153483, 0.6226153846153912, 2.3348076923076526, 55.67219230769131, 54.738269230768225, 0.9858076923076956, 54.115653846152874, 0.7263846153846086, 55.72407692307592, 0.25942307692308686, 0.15565384615382621, 0.9339230769230868, 0.4150769230769131, 0.5188461538461737, 0.7782692307692175, 1.7121923076923042, 0.15565384615382621, 0.9858076923076956, 0.9339230769230868, 1.1933461538461305, 0.0, 1.349, 0.20753846153847816, 0.0, 1.1414615384615217, 0.4669615384615651, 0.0, 0.25942307692304367, 0.5707307692307825, 0.4669615384615651, 0.5707307692307825, 0.7782692307692175, 1.1933461538461305, 1.556538461538435, 56.45046153846053, 0.6226153846153912, 55.51653846153744, 0.8301538461538261, 0.10376923076926067, 1.08957692307687, 0.3631923076923043, 1.0376923076923044, 0.4669615384615651, 1.1414615384615217, 0.882038461538435, 0.8820384615384782, 0.622615384615348, 1.6603076923076956, 56.86553846153744, 55.67219230769131, 54.99769230769131, 0.7263846153846086, 1.6603076923076956, 0.6226153846153912, 55.30899999999901, 0.9858076923076524, 56.96930769230666, 0.051884615384608736, 55.82784615384514, 56.39857692307587, 0.8820384615384782, 55.67219230769131, 0.4150769230769131, 0.25942307692304367, 0.25942307692308686, 55.82784615384514, 55.931615384614354, 0.9339230769230868, 56.34669230769127, 0.25942307692308686, 0.6745, 0.4150769230769131, 0.1556538461538694, 0.5707307692307825, 1.1414615384615217, 1.9197307692307393, 0.20753846153847816, 0.3631923076923043, 0.6226153846153912, 0.3631923076923043, 0.8820384615384782, 1.8678461538461306, 0.25942307692304367, 0.051884615384608736, 1.1933461538461305, 55.77596153846053, 0.9858076923076956, 0.10376923076921747, 0.6744999999999568, 0.4669615384615651, 1.4008846153846088, 55.77596153846053, 54.738269230768225, 55.46465384615283, 0.8820384615384782, 0.4150769230769131, 56.50234615384514, 0.8301538461538261, 57.28061538461435, 1.1933461538461305, 0.10376923076921747, 1.8678461538461306, 0.8301538461538261, 0.5707307692307393, 0.4150769230769131, 1.297115384615391, 0.4150769230769131, 0.5188461538461737, 0.622615384615348, 0.9339230769230437, 0.10376923076926067, 1.9197307692307393, 0.8820384615384782, 0.5188461538461737, 0.4669615384615651, 1.089576923076913, 0.15565384615382621, 2.7498846153845657, 0.5707307692307825, 1.297115384615391, 1.8159615384615218, 0.051884615384608736, 0.8301538461538261, 56.24292307692205, 0.7263846153846086, 0.051884615384608736, 1.2452307692307825, 0.4150769230769131, 0.25942307692308686, 1.0376923076923044, 0.5707307692307393, 0.1556538461538694, 0.10376923076921747, 0.25942307692308686, 0.7263846153846086, 0.3631923076923043, 0.25942307692304367, 0.9339230769230868, 56.55423076922974, 56.45046153846053, 0.7782692307692175, 0.882038461538435, 0.0, 56.39857692307587, 54.634499999999, 0.9339230769230437, 1.0376923076923044, 0.5188461538461737, 0.15565384615382621, 0.1556538461538694, 0.4150769230769131, 0.3631923076923043, 0.3631923076923043, 1.1933461538461305, 0.20753846153843494, 0.9858076923076524, 0.31130769230765243, 1.3489999999999567, 0.9339230769230868, 0.4150769230769131, 1.6084230769230436, 1.0376923076922613, 0.20753846153843494, 1.9716153846153481, 0.5707307692307825, 0.6226153846153912, 0.3631923076923043, 1.556538461538435, 1.764076923076913, 1.6603076923076956, 0.5707307692307825, 0.051884615384608736, 0.8820384615384782, 0.3113076923076956, 56.24292307692205, 2.386692307692261, 56.19103846153744, 0.7782692307692175, 0.9339230769230868, 0.3113076923076956, 56.606115384614355, 1.8678461538460873, 0.3631923076923043, 0.7782692307692175, 55.72407692307592, 54.634499999999, 1.1933461538461305, 55.51653846153744, 1.1414615384615217, 0.4150769230769131, 0.4150769230769131, 0.46696153846152183, 0.7782692307692175, 0.3631923076923043, 0.5707307692307825, 0.31130769230765243, 0.1556538461538694, 0.10376923076926067, 0.6745, 0.9858076923076956, 0.882038461538435, 1.089576923076913, 0.4150769230769131, 0.0, 0.5707307692307825, 0.25942307692308686, 0.3631923076923043, 0.6226153846153912, 1.0376923076922613, 0.9339230769230868, 1.4527692307691744, 0.7263846153846086, 0.9339230769230868, 0.8301538461538261, 0.3631923076923043, 0.20753846153847816, 1.297115384615391, 0.8820384615384782, 0.4150769230769131, 1.0376923076923044, 0.622615384615348, 55.62030769230665, 54.47884615384518, 1.6603076923076956, 53.9081153846144, 55.36088461538361, 0.9858076923076956, 0.4669615384615651, 0.4150769230769131, 0.7263846153846086, 0.051884615384608736, 0.15565384615382621, 1.1933461538461305, 55.98349999999896, 55.67219230769131, 0.15565384615382621, 0.8301538461538261, 0.7263846153846086, 0.25942307692308686, 0.3113076923076956, 0.5188461538461306, 0.3631923076923043, 0.6226153846153912, 0.8301538461538261, 0.3631923076923043, 0.622615384615348, 56.39857692307587, 1.1414615384615217, 0.7782692307692175, 0.0, 1.2971153846153483, 1.8678461538461306, 0.3113076923076956, 1.1933461538461305, 0.15565384615382621, 0.15565384615382621, 0.7263846153846086, 0.4150769230769131, 0.051884615384608736, 56.657999999998964, 0.7263846153846086, 1.349, 55.931615384614354, 56.45046153846053, 56.45046153846053, 0.8301538461538261, 0.882038461538435, 1.764076923076913, 0.46696153846152183, 0.5188461538461306, 0.6226153846153912, 0.051884615384608736, 0.4150769230769131, 0.7263846153846086, 0.7782692307692175, 0.622615384615348, 0.882038461538435, 0.3631923076923043, 0.6744999999999568, 0.0, 1.556538461538435, 0.1556538461538694, 0.20753846153847816, 0.4150769230769131, 56.50234615384514, 0.4150769230769131, 0.3113076923076956, 55.20523076922975, 0.25942307692308686, 0.051884615384608736, 0.6226153846153912, 0.0, 0.20753846153843494, 1.1414615384615217, 0.9339230769230437, 0.5188461538461737, 1.4008846153845655, 1.556538461538435, 0.622615384615348, 0.31130769230765243, 0.7263846153846086, 1.5046538461538261, 0.6226153846153912, 0.25942307692308686, 0.3631923076923043, 0.10376923076926067, 0.6226153846153912, 0.7782692307692175, 0.5188461538461737, 1.556538461538435, 0.3113076923076956, 0.7782692307692175, 0.5188461538461737, 0.3113076923076956, 1.1414615384615217, 0.10376923076926067, 0.7782692307692175, 0.3113076923076956, 0.7782692307692175, 0.46696153846152183, 1.0376923076923044, 1.5046538461538261, 0.5707307692307825, 0.46696153846152183, 0.6744999999999568, 0.20753846153847816, 0.5188461538461306, 0.9858076923076524, 0.10376923076921747, 0.5188461538461737, 56.34669230769127, 0.051884615384608736, 0.4150769230769131, 0.7263846153846086, 0.4150769230769131, 0.3631923076923043, 0.20753846153843494, 0.20753846153843494, 56.606115384614355, 0.20753846153847816, 0.3631923076923043, 0.6226153846153912, 0.4150769230769131, 1.7121923076923042, 56.606115384614355, 0.4669615384615651, 0.051884615384608736, 0.04496666666666167, 1.0791999999999926, 0.9892666666666691, 0.5395999999999775, 0.6745, 0.539600000000015, 1.034233333333331, 0.2248333333333458, 0.4046999999999925, 0.08993333333332335, 0.08993333333332335, 0.08993333333332335, 0.4496666666666916, 0.22483333333330838, 0.6745, 1.663766666666669, 47.48479999999993, 47.39486666666661, 0.7644333333333234, 0.4046999999999925, 61.154666666666614, 48.653933333333285, 48.249233333333294, 48.743866666666605, 48.4740666666666, 48.608966666666625, 48.11433333333327, 48.294199999999954, 1.2140999999999775, 48.78883333333327, 0.22483333333330838, 0.2698000000000075, 47.93446666666662, 49.5982333333333, 47.97943333333328, 0.809399999999985, 0.2698000000000075, 48.294199999999954, 48.78883333333327, 49.148566666666596, 48.83379999999993, 0.6295333333333383, 0.5845666666666767, 0.5395999999999775, 0.7644333333333234, 0.2698000000000075, 0.9443000000000075, 0.7194666666666617, 0.2698000000000075, 0.809399999999985, 0.8993333333333083, 0.5395999999999775, 1.1691333333333158, 0.8094000000000224, 0.1798666666666467, 0.4946333333333533, 0.04496666666666167, 0.13489999999998503, 0.2248333333333458, 0.44966666666665417, 0.6295333333333383, 0.22483333333330838, 0.0, 0.17986666666668413, 9865.281966666658, 0.2698000000000075, 0.7194666666666617, 0.2698000000000075, 0.4046999999999925, 0.22483333333330838, 0.31476666666666914, 0.0, 48.294199999999954, 57.64726666666659, 48.698899999999945, 0.2248333333333458, 49.013666666666616, 0.4946333333333533, 0.8094000000000224, 47.70963333333328, 0.04496666666666167, 47.57473333333329, 47.57473333333329, 49.41836666666661, 0.0, 1.0791999999999926, 0.04496666666666167, 1.7536999999999925, 0.8993333333333083, 0.13490000000002245, 0.35973333333333085, 0.4046999999999925, 0.35973333333333085, 0.7194666666666617, 0.539600000000015, 0.8993333333333083, 0.2698000000000075, 1.4389333333333234, 0.35973333333333085, 0.2248333333333458, 1.0791999999999926, 0.1798666666666467, 0.4946333333333533, 0.08993333333332335, 0.08993333333332335, 0.31476666666666914, 0.5845666666666767, 1.034233333333331, 0.1798666666666467, 0.35973333333333085, 49.013666666666616, 0.2698000000000075, 1.5288666666666841, 48.56399999999996, 0.7644333333333234, 0.4496666666666916, 0.31476666666666914, 0.8993333333333083, 0.6745, 0.44966666666665417, 0.8543666666666841, 0.5845666666666767, 0.809399999999985, 0.31476666666666914, 0.31476666666666914, 0.4046999999999925, 0.9892666666666691, 0.08993333333332335, 0.5395999999999775, 1.349, 0.4946333333333533, 0.1798666666666467, 0.9892666666666691, 0.22483333333330838, 0.2248333333333458, 0.35973333333333085, 0.4496666666666916, 0.5845666666666767, 49.68816666666661, 0.08993333333332335, 0.4946333333333533, 0.0, 0.13489999999998503, 0.5845666666666767, 0.4946333333333533, 0.539600000000015, 1.3040333333333383, 1.0791999999999926, 0.17986666666668413, 0.4946333333333159, 49.37339999999995, 0.8993333333333458, 0.44966666666665417, 48.4740666666666, 49.1935333333333, 47.8445333333333, 48.42909999999994, 47.889499999999956, 0.31476666666666914, 0.35973333333333085, 0.04496666666666167, 1.663766666666669, 49.28346666666662, 0.08993333333332335, 0.13489999999998503, 0.08993333333332335, 0.4046999999999925, 0.08993333333332335, 0.4496666666666916, 0.2248333333333458, 0.08993333333332335, 0.04496666666666167, 1.0791999999999926, 1.2140999999999775, 0.539600000000015, 48.294199999999954, 0.0, 47.93446666666662, 48.4740666666666, 0.7194666666666617, 0.08993333333332335, 47.125066666666605, 0.13489999999998503, 0.8543666666666466, 48.698899999999945, 47.70963333333328, 48.698899999999945, 48.968699999999956, 49.148566666666596, 0.2698000000000075, 47.61969999999995, 1.2590666666666765, 0.31476666666666914, 2.1584000000000225, 1.4389333333333234, 0.4046999999999925, 0.7644333333333234, 48.968699999999956, 47.70963333333328, 0.8094000000000224, 0.1798666666666467, 1.8436333333333532, 48.02439999999994, 0.5395999999999775, 0.7194666666666617, 0.13490000000002245, 1.6188000000000076, 0.17986666666668413, 47.43983333333327, 1.4389333333333234, 0.6295333333333383, 0.31476666666666914, 48.4740666666666, 0.6745, 0.08993333333332335, 0.17986666666668413, 0.2248333333333458, 0.4496666666666916, 1.2590666666666765, 0.08993333333332335, 1.1691333333333533, 48.4740666666666, 47.889499999999956, 48.38413333333328, 1.1241666666666543, 48.83379999999993, 0.04496666666666167, 47.57473333333329, 0.8543666666666841, 49.05863333333328, 47.93446666666662, 48.38413333333328, 0.539600000000015, 48.249233333333294, 48.653933333333285, 48.608966666666625, 0.8993333333333458, 0.08993333333332335, 0.6745, 0.4046999999999925, 0.7194666666666617, 1.349, 0.5845666666666767, 0.31476666666666914, 48.968699999999956, 47.21499999999997, 49.32843333333329, 0.5395999999999775, 1.1691333333333158, 48.56399999999996, 0.2698000000000075, 0.4946333333333159, 47.7995666666666, 47.48479999999993, 0.7644333333333234, 0.31476666666666914, 48.83379999999993, 0.7644333333333234, 0.1798666666666467, 0.2248333333333458, 1.0791999999999926, 0.5845666666666767, 0.2698000000000075, 0.2248333333333458, 0.4946333333333533, 0.13489999999998503, 0.8993333333333458, 0.08993333333332335, 1.3939666666666615, 0.6745, 0.7194666666666617, 0.35973333333333085, 0.04496666666666167, 0.04496666666666167, 0.9892666666666691, 0.13490000000002245, 0.5845666666666767, 0.08993333333332335, 1.214100000000015, 0.8993333333333458, 1.4389333333333234, 0.35973333333333085, 0.8094000000000224, 0.5845666666666767, 0.08993333333332335, 0.31476666666666914, 0.7644333333333234, 0.6745, 0.7194666666666617, 0.17986666666668413, 1.3939666666666615, 1.1241666666666543, 0.4496666666666916, 0.13490000000002245, 0.8993333333333083, 1.4839000000000224, 0.4046999999999925, 1.214100000000015, 47.57473333333329, 1.349, 0.4046999999999925, 0.1798666666666467, 48.968699999999956, 48.294199999999954, 0.08993333333332335, 0.13489999999998503, 0.04496666666666167, 0.9892666666666691, 1.034233333333331, 48.743866666666605, 48.653933333333285, 48.923733333333296, 0.5845666666666767, 0.35973333333333085, 47.25996666666663, 47.48479999999993, 1.4839000000000224, 0.44966666666665417, 0.35973333333333085, 1.0791999999999926, 0.04496666666666167, 0.8993333333333083, 0.2698000000000075, 0.5395999999999775, 0.1798666666666467, 46.90023333333329, 48.11433333333327, 0.4496666666666916, 48.42909999999994, 1.349, 0.9443000000000075, 1.1241666666666916, 0.2248333333333458, 1.7536999999999925, 0.9892666666666691, 0.17986666666668413, 0.04496666666666167, 0.04496666666666167, 0.1798666666666467, 1.1691333333333158, 0.7644333333333234, 1.4389333333333234, 0.5395999999999775, 0.04496666666666167, 0.8543666666666841, 0.7644333333333234, 48.38413333333328, 48.33916666666662, 48.878766666666635, 47.93446666666662, 0.4496666666666916, 48.83379999999993, 48.968699999999956, 0.6295333333333383, 48.5190333333333, 0.17986666666668413, 48.923733333333296, 0.08993333333332335, 49.1935333333333, 0.13490000000002245, 0.4496666666666916, 0.31476666666666914, 0.6295333333333383, 1.9785333333333381, 0.4046999999999925, 0.5845666666666767, 0.04496666666666167, 0.04496666666666167, 0.6745, 0.8993333333333458, 0.7644333333333234, 0.9443000000000075, 0.4046999999999925, 0.1798666666666467, 1.0791999999999926, 0.8543666666666841, 0.7194666666666617, 0.8094000000000224, 1.1691333333333158, 0.04496666666666167, 0.5395999999999775, 0.0, 0.0, 0.2698000000000075, 1.349, 0.8094000000000224, 0.22483333333330838, 48.653933333333285, 47.97943333333328, 0.2698000000000075, 48.923733333333296, 0.08993333333332335, 0.7644333333333234, 0.2248333333333458, 1.2140999999999775, 0.7644333333333234, 0.4046999999999925, 0.4046999999999925, 0.9892666666666691, 0.8543666666666466, 1.034233333333331, 0.2698000000000075, 0.5395999999999775, 0.13490000000002245, 0.4046999999999925, 0.04496666666666167, 0.2248333333333458, 0.8993333333333458, 1.1241666666666916, 1.1241666666666916, 0.17986666666668413, 0.08993333333332335, 0.7644333333333234, 0.539600000000015, 0.9892666666666691, 0.2248333333333458, 0.8094000000000224, 0.04496666666666167, 0.0, 47.97943333333328, 47.75459999999994, 0.539600000000015, 48.294199999999954, 49.73313333333328, 0.4946333333333159, 0.4946333333333533, 0.31476666666666914, 0.31476666666666914, 0.35973333333333085, 0.8993333333333083, 0.8993333333333458, 0.0, 0.35973333333333085, 0.539600000000015, 0.13490000000002245, 0.9892666666666691, 0.31476666666666914, 0.44966666666665417, 0.04496666666666167, 0.6295333333333383, 0.9892666666666691, 1.0791999999999926, 1.5288666666666468, 0.4046999999999925, 0.5395999999999775, 0.9443000000000075, 1.0791999999999926, 50.45259999999994, 47.8445333333333, 1.0791999999999926, 47.43983333333327, 0.31476666666666914, 48.15929999999993, 0.9443000000000075, 0.35973333333333085, 0.4946333333333159, 0.08993333333332335, 0.6745, 0.6295333333333383, 0.13489999999998503, 0.4946333333333533, 0.9892666666666691, 49.64319999999996, 0.5845666666666767, 0.4046999999999925, 0.08993333333332335, 0.35973333333333085, 0.5395999999999775, 1.2140999999999775, 0.9892666666666691, 0.4946333333333159, 0.2698000000000075, 0.9443000000000075, 1.7087333333333308, 0.31476666666666914, 0.04496666666666167, 0.4496666666666916, 0.539600000000015, 0.7644333333333234, 0.17986666666668413, 0.08993333333332335, 1.034233333333331, 1.4839000000000224, 0.35973333333333085, 49.1935333333333, 48.78883333333327, 0.8094000000000224, 48.38413333333328, 0.5845666666666767, 0.8993333333333083, 0.4496666666666916, 0.13489999999998503, 0.7644333333333234, 0.2698000000000075, 0.539600000000015, 0.2698000000000075, 0.13489999999998503, 0.8993333333333458, 48.38413333333328, 47.66466666666662, 49.05863333333328, 48.249233333333294, 49.23849999999996, 50.09286666666661, 0.4946333333333533, 49.508299999999934, 0.5845666666666767, 0.04496666666666167, 49.28346666666662, 48.20426666666663, 48.968699999999956, 48.56399999999996, 1.1691333333333533, 0.04496666666666167, 0.8543666666666841, 47.39486666666661, 0.0, 0.1798666666666467, 0.539600000000015, 0.04496666666666167, 0.7644333333333234, 48.56399999999996, 48.923733333333296, 0.2248333333333458, 0.2698000000000075, 0.9443000000000075, 0.08993333333332335, 0.9892666666666691, 1.214100000000015, 0.35973333333333085, 1.1241666666666916, 1.0791999999999926, 0.35973333333333085, 0.08993333333332335, 0.31476666666666914, 0.4046999999999925, 0.2698000000000075, 1.888600000000015, 1.4839000000000224, 0.0, 0.31476666666666914, 0.7194666666666617, 0.8543666666666466, 0.17986666666668413, 1.5738333333333459, 0.539600000000015, 0.8094000000000224, 49.23849999999996, 1.3040333333333383, 0.08993333333332335, 0.4496666666666916, 0.08993333333332335, 0.08993333333332335, 0.8543666666666466, 1.4389333333333234, 0.4046999999999925, 0.4946333333333533, 0.31476666666666914, 0.7194666666666617, 48.78883333333327, 0.6295333333333383, 0.809399999999985, 0.44966666666665417, 49.1935333333333, 0.7644333333333234, 48.0693666666666, 0.5845666666666767, 0.8993333333333083, 0.31476666666666914, 0.6295333333333383, 0.2698000000000075, 0.35973333333333085, 0.04496666666666167, 0.4496666666666916, 48.968699999999956, 48.249233333333294, 47.61969999999995, 2.0235, 47.93446666666662, 48.294199999999954, 0.31476666666666914, 0.6745, 48.38413333333328, 49.68816666666661, 48.42909999999994, 0.7644333333333234, 0.22483333333330838, 48.78883333333327, 49.68816666666661, 48.20426666666663, 48.42909999999994, 0.6295333333333383, 0.8094000000000224, 0.35973333333333085, 0.35973333333333085, 0.6295333333333383, 0.4046999999999925, 0.0, 0.6745, 0.539600000000015, 0.13489999999998503, 0.08993333333332335, 49.1935333333333, 48.33916666666662, 1.2140999999999775, 0.04496666666666167, 0.31476666666666914, 0.9443000000000075, 0.7644333333333234, 0.6745, 0.13489999999998503, 0.8543666666666466, 0.5845666666666767, 0.04496666666666167, 0.6745, 0.08993333333332335, 0.4046999999999925, 0.8094000000000224, 0.8094000000000224, 1.4389333333333234, 0.5845666666666767, 0.7194666666666617, 0.31476666666666914, 1.3939666666666615, 0.6745, 0.31476666666666914, 1.3040333333333383, 0.35973333333333085, 0.8993333333333083, 0.2698000000000075, 48.83379999999993, 1.1241666666666916, 49.41836666666661, 48.78883333333327, 0.6295333333333383, 0.8094000000000224, 0.2248333333333458, 0.8094000000000224, 1.4838999999999851, 0.8094000000000224, 0.4496666666666916, 0.8543666666666841, 0.31476666666666914, 48.653933333333285, 49.148566666666596, 0.4046999999999925, 48.4740666666666, 0.4496666666666916, 0.04496666666666167, 0.04496666666666167, 48.5190333333333, 0.5395999999999775, 1.034233333333331, 47.8445333333333, 47.7995666666666, 0.4046999999999925, 0.08993333333332335, 0.5395999999999775, 1.1691333333333533, 0.17986666666668413, 0.7194666666666617, 1.1691333333333533, 0.8543666666666466, 0.5845666666666767, 0.4046999999999925, 1.214100000000015, 0.7644333333333234, 0.2698000000000075, 0.4046999999999925, 0.22483333333330838, 0.2248333333333458, 0.35973333333333085, 0.9443000000000075, 0.44966666666665417, 48.15929999999993, 0.7194666666666617, 0.809399999999985, 0.8993333333333458, 0.2698000000000075, 0.9443000000000075, 0.04496666666666167, 0.6745, 48.83379999999993, 0.8543666666666841, 1.4389333333333234, 0.13489999999998503, 0.2698000000000075, 0.6745, 0.8094000000000224, 47.889499999999956, 0.13489999999998503, 0.9443000000000075, 49.8230666666666, 1.1241666666666543, 0.2698000000000075, 48.42909999999994, 0.2698000000000075, 1.888600000000015, 0.35973333333333085, 0.8993333333333458, 0.4046999999999925, 48.653933333333285, 48.923733333333296, 0.0, 48.11433333333327, 0.7644333333333234, 0.2248333333333458, 0.35973333333333085, 0.809399999999985, 49.10359999999994, 0.44966666666665417, 47.889499999999956, 48.968699999999956, 0.2698000000000075, 0.8543666666666841, 0.6295333333333383, 48.608966666666625, 47.52976666666663, 49.23849999999996, 49.55326666666663, 48.294199999999954, 0.6745, 49.508299999999934, 0.7644333333333234, 1.1691333333333533, 0.04496666666666167, 0.8543666666666841, 0.08993333333332335, 0.2248333333333458, 0.5845666666666767, 0.13489999999998503, 0.7194666666666617, 0.8543666666666841, 0.22483333333330838, 1.798666666666654, 0.4046999999999925, 0.6745, 0.2248333333333458, 1.349, 0.31476666666666914, 0.8993333333333458, 0.9443000000000075, 0.31476666666666914, 0.1798666666666467, 0.35973333333333085, 0.6295333333333383, 49.508299999999934, 48.923733333333296, 1.0791999999999926, 1.349, 0.4046999999999925, 0.8094000000000224, 0.8543666666666466, 0.6295333333333383, 1.1691333333333158, 0.2248333333333458, 0.4046999999999925, 0.13490000000002245, 0.2248333333333458, 0.2698000000000075, 0.08993333333332335, 0.6745, 0.04496666666666167, 0.31476666666666914, 1.2140999999999775, 0.8094000000000224, 48.78883333333327, 0.7644333333333234, 0.7194666666666617, 48.78883333333327, 0.9892666666666691, 1.3939666666666615, 0.9443000000000075, 48.968699999999956, 0.35973333333333085, 0.2698000000000075, 0.22483333333330838, 1.1241666666666916, 0.4496666666666916, 0.9892666666666691, 0.809399999999985, 0.0, 0.4946333333333533, 48.608966666666625, 48.698899999999945, 0.08993333333332335, 1.888600000000015, 0.6745, 0.8543666666666841, 0.9892666666666691, 0.539600000000015, 0.8094000000000224, 0.9892666666666691, 0.04496666666666167, 0.35973333333333085, 2.068466666666662, 0.9892666666666691, 1.1241666666666543, 0.2698000000000075, 0.6295333333333383, 0.4046999999999925, 0.04496666666666167, 1.6188000000000076, 0.2698000000000075, 0.6745, 0.5845666666666767, 0.04496666666666167, 2.2933000000000074, 1.0791999999999926, 0.35973333333333085, 0.13489999999998503, 0.08993333333332335, 0.08993333333332335, 0.31476666666666914, 0.6295333333333383, 0.08993333333332335, 1.0791999999999926, 0.4046999999999925, 1.1691333333333158, 0.2698000000000075, 48.15929999999993, 0.8094000000000224, 0.6745, 0.44966666666665417, 0.6745, 0.2698000000000075, 0.7644333333333234, 0.4046999999999925, 0.8993333333333458, 0.7644333333333234, 0.8543666666666841, 0.1798666666666467, 0.22483333333330838, 0.08993333333332335, 0.44966666666665417, 0.22483333333330838, 0.08993333333332335, 0.809399999999985, 0.04496666666666167, 0.9892666666666691, 1.034233333333331, 0.7194666666666617, 0.08993333333332335, 48.923733333333296, 1.2590666666666765, 0.4496666666666916, 47.93446666666662, 49.148566666666596, 48.743866666666605, 0.7644333333333234, 0.35973333333333085, 0.5845666666666767, 0.04496666666666167, 47.21499999999997, 0.13490000000002245, 0.7194666666666617, 47.93446666666662, 48.743866666666605, 1.1691333333333158, 47.43983333333327, 0.9443000000000075, 0.539600000000015, 0.2248333333333458, 0.13490000000002245, 0.31476666666666914, 0.5845666666666767, 0.9443000000000075, 1.0791999999999926, 1.2590666666666765, 0.539600000000015, 0.22483333333330838, 1.214100000000015, 0.7194666666666617, 0.04496666666666167, 0.08993333333332335, 0.08993333333332335, 0.08993333333332335, 0.22483333333330838, 0.22483333333330838, 0.8094000000000224, 0.8094000000000224, 1.3040333333333383, 0.31476666666666914, 1.2590666666666765, 0.4946333333333159, 0.35973333333333085, 0.04496666666666167, 0.31476666666666914, 48.743866666666605, 0.13489999999998503, 47.8445333333333, 48.11433333333327, 49.28346666666662, 0.6295333333333383, 0.31476666666666914, 48.20426666666663, 0.7644333333333234, 0.17986666666668413, 47.97943333333328, 0.4946333333333533, 47.125066666666605, 0.8543666666666841, 48.743866666666605, 48.968699999999956, 47.93446666666662, 48.4740666666666, 0.2248333333333458, 0.5845666666666767, 1.2590666666666765, 0.4946333333333159, 49.32843333333329, 48.294199999999954, 49.05863333333328, 0.17986666666668413, 0.4496666666666916, 0.4946333333333533, 0.4496666666666916, 1.2590666666666765, 48.608966666666625, 49.23849999999996, 0.809399999999985, 0.4496666666666916, 0.6295333333333383, 1.2590666666666765, 0.7644333333333234, 0.8993333333333458, 0.31476666666666914, 0.31476666666666914, 0.8094000000000224, 0.35973333333333085, 1.4389333333333234, 0.5845666666666767, 0.35973333333333085, 0.2698000000000075, 0.22483333333330838, 49.8230666666666, 1.034233333333331, 0.8543666666666466, 0.08993333333332335, 1.1691333333333533, 48.923733333333296, 48.878766666666635, 48.15929999999993, 0.08993333333332335, 48.968699999999956, 0.6295333333333383, 48.249233333333294, 48.923733333333296, 0.4496666666666916, 2.1134333333333233, 0.7644333333333234, 0.4946333333333533, 0.4046999999999925, 1.034233333333331, 0.4496666666666916, 0.9892666666666691, 0.9892666666666691, 0.8543666666666466, 1.349, 0.4946333333333533, 0.5845666666666767, 0.08993333333332335, 1.6188000000000076, 0.9443000000000075, 0.08993333333332335, 0.8993333333333458, 0.13490000000002245, 0.2698000000000075, 0.6295333333333383, 48.5190333333333, 0.7194666666666617, 0.6745, 0.22483333333330838, 0.08993333333332335, 1.1691333333333533, 0.13489999999998503, 1.3040333333333383, 0.8094000000000224, 0.8993333333333458, 0.22483333333330838, 0.2248333333333458, 0.5845666666666767, 0.9892666666666691, 0.539600000000015, 0.22483333333330838, 0.8543666666666841, 0.539600000000015, 0.4946333333333533, 0.1798666666666467, 0.1798666666666467, 0.9892666666666691, 0.35973333333333085, 49.10359999999994, 0.8543666666666841, 1.0791999999999926, 0.4946333333333533, 0.04496666666666167, 0.9443000000000075, 0.04496666666666167, 0.9892666666666691, 1.0791999999999926, 0.9892666666666691, 0.809399999999985, 1.0791999999999926, 0.44966666666665417, 0.7194666666666617, 0.5845666666666767, 1.4838999999999851, 48.878766666666635, 47.30493333333328, 0.4946333333333159, 0.9443000000000075, 47.43983333333327, 47.97943333333328, 48.294199999999954, 0.22483333333330838, 1.4839000000000224, 0.0, 0.04496666666666167, 0.13490000000002245, 48.294199999999954, 47.61969999999995, 48.42909999999994, 1.1241666666666916, 0.35973333333333085, 49.46333333333327, 48.4740666666666, 1.5288666666666841, 49.91299999999996, 1.7087333333333308, 47.34989999999994, 0.4046999999999925, 0.5845666666666767, 0.9443000000000075, 0.5395999999999775, 48.0693666666666, 47.66466666666662, 49.8230666666666, 0.539600000000015, 0.08993333333332335, 47.39486666666661, 0.0, 1.034233333333331, 0.08993333333332335, 48.743866666666605, 48.38413333333328, 0.9892666666666691, 0.8993333333333083, 0.6295333333333383, 49.508299999999934, 0.17986666666668413, 47.97943333333328, 48.42909999999994, 48.78883333333327, 0.7644333333333234, 0.31476666666666914, 47.52976666666663, 0.7644333333333234, 0.2698000000000075, 0.6745, 0.809399999999985, 0.6745, 0.22483333333330838, 0.04496666666666167, 0.31476666666666914, 1.3939666666666615, 0.6295333333333383, 0.1798666666666467, 0.4496666666666916, 1.034233333333331, 0.4946333333333159, 0.04496666666666167, 0.4046999999999925, 1.034233333333331, 0.22483333333330838, 0.04496666666666167, 0.8993333333333083, 0.1798666666666467, 0.44966666666665417, 0.04496666666666167, 0.9892666666666691, 0.8094000000000224, 0.35973333333333085, 0.17986666666668413, 0.35973333333333085, 1.034233333333331, 0.9443000000000075, 0.4046999999999925, 0.8543666666666841, 0.6745, 0.9443000000000075, 0.35973333333333085, 1.1691333333333533, 0.5395999999999775, 0.7644333333333234, 1.4839000000000224, 1.349, 1.349, 1.6188000000000076, 1.1241666666666916, 0.539600000000015, 0.0, 0.2698000000000075, 0.31476666666666914, 0.17986666666668413, 0.08993333333332335, 0.17986666666668413, 1.4389333333333234, 0.8543666666666841, 0.08993333333332335, 0.17986666666668413, 0.44966666666665417, 0.8094000000000224, 0.5845666666666767, 0.4946333333333533, 0.4046999999999925, 1.2590666666666765, 0.6745, 1.663766666666669, 47.1700333333333, 0.2698000000000075, 47.52976666666663, 0.04496666666666167, 0.22483333333330838, 0.4496666666666916, 1.7536999999999925, 49.73313333333328, 48.56399999999996, 0.22483333333330838, 0.31476666666666914, 0.8993333333333083, 1.214100000000015, 0.22483333333330838, 0.4496666666666916, 0.04496666666666167, 1.0791999999999926, 0.04496666666666167, 0.9892666666666691, 0.7194666666666617, 0.2248333333333458, 0.5845666666666767, 1.0791999999999926, 1.3939666666666615, 0.04496666666666167, 0.9892666666666691, 1.7536999999999925, 0.2248333333333458, 0.13490000000002245, 0.17986666666668413, 0.6745, 48.743866666666605, 48.968699999999956, 0.22483333333330838, 0.17986666666668413, 0.8543666666666841, 0.13489999999998503, 1.3040333333333383, 1.3939666666666615, 48.968699999999956, 48.78883333333327, 0.17986666666668413, 0.04496666666666167, 0.8993333333333458, 0.6295333333333383, 0.8094000000000224, 0.7644333333333234, 49.55326666666663, 0.8543666666666466, 48.878766666666635, 48.608966666666625, 0.2248333333333458, 0.8993333333333458, 48.33916666666662, 49.37339999999995, 1.214100000000015, 47.43983333333327, 49.46333333333327, 0.35973333333333085, 0.08993333333332335, 0.17986666666668413, 0.539600000000015, 0.6295333333333383, 0.4496666666666916, 0.35973333333333085, 0.22483333333330838, 1.6188000000000076, 48.743866666666605, 0.6745, 0.35973333333333085, 48.78883333333327, 48.38413333333328, 0.4046999999999925, 0.1798666666666467, 0.35973333333333085, 0.13489999999998503, 0.4496666666666916, 1.0791999999999926, 0.31476666666666914, 1.1691333333333533, 0.2698000000000075, 1.1691333333333158, 0.8543666666666841, 0.5845666666666767, 1.0791999999999926, 0.8543666666666841, 48.38413333333328, 48.743866666666605, 48.5190333333333, 0.6295333333333383, 0.17986666666668413, 0.35973333333333085, 49.148566666666596, 48.4740666666666, 48.878766666666635, 0.5845666666666767, 0.08993333333332335, 0.08993333333332335, 48.294199999999954, 1.5738333333333459, 0.4046999999999925, 0.2698000000000075, 0.4496666666666916, 0.539600000000015, 0.6295333333333383, 1.7536999999999925, 0.4046999999999925, 0.6295333333333383, 0.5845666666666767, 1.0791999999999926, 0.04496666666666167, 0.6745, 1.2590666666666765, 0.13489999999998503, 0.31476666666666914, 0.08993333333332335, 0.5845666666666767, 0.13490000000002245, 0.22483333333330838, 0.13490000000002245, 0.2248333333333458, 49.013666666666616, 0.35973333333333085, 0.04496666666666167, 48.698899999999945, 0.4946333333333533, 47.75459999999994, 0.4046999999999925, 0.35973333333333085, 0.8993333333333458, 0.7194666666666617, 0.7194666666666617, 0.0, 0.2698000000000075, 0.35973333333333085, 1.0791999999999926, 0.0, 0.13490000000002245, 0.8094000000000224, 0.2248333333333458, 47.30493333333328, 0.2698000000000075, 0.13490000000002245, 0.9443000000000075, 0.2698000000000075, 48.83379999999993, 48.743866666666605, 1.2140999999999775, 48.4740666666666, 48.5190333333333, 0.2248333333333458, 0.31476666666666914, 0.08993333333332335, 0.7194666666666617, 48.20426666666663, 49.05863333333328, 0.13489999999998503, 0.04496666666666167, 0.9443000000000075, 0.31476666666666914, 0.9443000000000075, 0.5845666666666767, 0.4046999999999925, 0.6295333333333383, 0.0, 1.034233333333331, 0.08993333333332335, 0.8543666666666841, 1.2590666666666765, 0.8543666666666466, 0.7194666666666617, 0.08993333333332335, 0.6295333333333383, 0.2248333333333458, 2.1584000000000225, 0.22483333333330838, 0.6295333333333383, 0.44966666666665417, 48.83379999999993, 0.08993333333332335, 1.349, 0.13489999999998503, 0.539600000000015, 49.28346666666662, 0.1798666666666467, 0.9892666666666691, 0.4946333333333533, 0.539600000000015, 48.5190333333333, 1.5288666666666468, 0.1798666666666467, 0.2248333333333458, 0.13489999999998503, 0.2248333333333458, 0.13490000000002245, 0.9443000000000075, 0.17986666666668413, 0.31476666666666914, 0.08993333333332335, 0.2698000000000075, 0.5395999999999775, 1.1691333333333158, 1.1691333333333533, 1.214100000000015, 1.4389333333333234, 0.6745, 0.8993333333333458, 1.5738333333333083, 0.13490000000002245, 0.9443000000000075, 0.9443000000000075, 0.9892666666666691, 0.2698000000000075, 1.798666666666654, 0.7644333333333234, 0.8993333333333458, 0.2698000000000075, 1.1241666666666916, 0.13489999999998503, 0.31476666666666914, 0.04496666666666167, 1.6188000000000076, 0.4946333333333159, 0.2698000000000075, 0.7194666666666617, 0.08993333333332335, 0.13490000000002245, 0.9443000000000075, 0.7194666666666617, 1.214100000000015, 1.0791999999999926, 0.2698000000000075, 0.5845666666666767, 0.8543666666666841, 0.9443000000000075, 0.4046999999999925, 0.04496666666666167, 1.8436333333333532, 0.0, 0.8543666666666466, 1.4839000000000224, 0.809399999999985, 0.8543666666666841, 0.13489999999998503, 0.4046999999999925, 1.1691333333333533, 0.2248333333333458, 1.2590666666666765, 0.4496666666666916, 0.13489999999998503, 48.878766666666635, 48.5190333333333, 0.13490000000002245, 0.13489999999998503, 1.1241666666666543, 0.6295333333333383, 0.08993333333332335, 1.4389333333333234, 0.4046999999999925, 48.608966666666625, 0.4046999999999925, 48.83379999999993, 1.0791999999999926, 1.6188000000000076, 0.6745, 0.7644333333333234, 47.93446666666662, 47.70963333333328, 0.6295333333333383, 48.15929999999993, 1.4839000000000224, 1.3939666666666615, 0.44966666666665417, 0.2248333333333458, 0.44966666666665417, 0.539600000000015, 0.08993333333332335, 0.2698000000000075, 47.93446666666662, 47.889499999999956, 0.0, 1.3040333333333383, 0.8543666666666841, 0.22483333333330838, 0.5845666666666767, 1.034233333333331, 48.38413333333328, 47.97943333333328, 49.73313333333328, 0.6295333333333383, 0.17986666666668413, 0.22483333333330838, 0.08993333333332335, 0.13489999999998503, 0.8543666666666841, 0.44966666666665417, 0.4046999999999925, 0.8543666666666466, 1.1241666666666916, 0.8094000000000224, 0.539600000000015, 0.4946333333333533, 0.1798666666666467, 0.4496666666666916, 0.9892666666666691, 0.6295333333333383, 0.9443000000000075, 0.8543666666666466, 0.1798666666666467, 1.4389333333333234, 0.6295333333333383, 0.4946333333333159, 0.13490000000002245, 0.2248333333333458, 1.2590666666666765, 0.5395999999999775, 49.86803333333326, 1.798666666666654, 1.214100000000015, 0.31476666666666914, 0.04496666666666167, 0.7194666666666617, 48.33916666666662, 48.33916666666662, 0.2698000000000075, 0.13489999999998503, 0.13489999999998503, 1.214100000000015, 50.09286666666661, 0.539600000000015, 0.539600000000015, 1.1241666666666543, 0.6295333333333383, 0.04496666666666167, 48.20426666666663, 48.878766666666635, 0.4496666666666916, 0.31476666666666914, 0.9892666666666691, 0.5845666666666767, 0.4046999999999925, 1.1691333333333533, 0.8543666666666841, 0.5845666666666767, 0.31476666666666914, 0.2248333333333458, 0.539600000000015, 0.4946333333333533, 0.2698000000000075, 2.0235, 0.6295333333333383, 0.4946333333333159, 1.1241666666666543, 0.22483333333330838, 1.214100000000015, 0.04496666666666167, 0.809399999999985, 0.2698000000000075, 48.83379999999993, 0.4946333333333533, 48.78883333333327, 1.3040333333333383, 47.39486666666661, 48.653933333333285, 49.05863333333328, 1.214100000000015, 0.35973333333333085, 0.5845666666666767, 0.44966666666665417, 1.214100000000015, 0.5845666666666767, 0.2698000000000075, 1.4389333333333234, 0.4046999999999925, 0.17986666666668413, 0.31476666666666914, 1.1691333333333533, 0.6745, 0.31476666666666914, 0.6295333333333383, 0.35973333333333085, 2.0235, 0.44966666666665417, 0.7644333333333234, 0.6295333333333383, 48.653933333333285, 48.42909999999994, 48.249233333333294, 0.9443000000000075, 47.75459999999994, 0.0, 0.31476666666666914, 0.22483333333330838, 0.5845666666666767, 0.4046999999999925, 49.37339999999995, 0.6295333333333383, 49.10359999999994, 0.8993333333333458, 0.08993333333332335, 0.2698000000000075, 0.31476666666666914, 50.00293333333329, 0.22483333333330838, 0.35973333333333085, 48.38413333333328, 0.17986666666668413, 47.93446666666662, 49.5982333333333, 0.31476666666666914, 49.32843333333329, 48.878766666666635, 48.83379999999993, 1.9335666666666766, 47.03513333333328, 49.05863333333328, 48.5190333333333, 47.93446666666662, 0.4946333333333533, 47.39486666666661, 0.2698000000000075, 0.2698000000000075, 0.08993333333332335, 0.8543666666666841, 0.4496666666666916, 0.1798666666666467, 48.56399999999996, 47.70963333333328, 1.214100000000015, 0.8543666666666841, 0.6745, 1.3939666666666615, 0.4046999999999925, 1.5738333333333459, 0.7194666666666617, 0.8094000000000224, 0.0, 0.04496666666666167, 0.35973333333333085, 0.1798666666666467, 0.35973333333333085, 0.9443000000000075, 0.9443000000000075, 0.31476666666666914, 48.02439999999994, 0.31476666666666914, 1.663766666666669, 48.249233333333294, 48.20426666666663, 48.11433333333327, 47.57473333333329, 0.9443000000000075, 0.4046999999999925, 48.653933333333285, 49.1935333333333, 48.02439999999994, 0.8094000000000224, 1.1241666666666916, 0.0, 1.3040333333333383, 0.2248333333333458, 0.809399999999985, 48.743866666666605, 0.8094000000000224, 0.04496666666666167, 1.2590666666666765, 0.08993333333332335, 0.08993333333332335, 0.6745, 0.2698000000000075, 0.31476666666666914, 0.04496666666666167, 0.13490000000002245, 0.9892666666666691, 1.8436333333333532, 0.7644333333333234, 0.4946333333333533, 0.13490000000002245, 0.17986666666668413, 0.08993333333332335, 0.2248333333333458, 0.17986666666668413, 1.8436333333333532, 0.2698000000000075, 0.6295333333333383, 1.1241666666666916, 0.6745, 0.35973333333333085, 0.8543666666666466, 0.5395999999999775, 0.8993333333333458, 1.4389333333333234, 0.8993333333333458, 0.8094000000000224, 1.4389333333333234, 1.349, 0.31476666666666914, 48.5190333333333, 1.0791999999999926, 0.8543666666666841, 0.04496666666666167, 47.97943333333328, 47.08009999999994, 0.17986666666668413, 47.889499999999956, 0.809399999999985, 1.3040333333333383, 0.4046999999999925, 0.6745, 0.13489999999998503, 0.4046999999999925, 48.83379999999993, 48.56399999999996, 46.315666666666615, 0.6295333333333383, 1.2590666666666765, 0.6295333333333383, 0.17986666666668413, 48.56399999999996, 0.7644333333333234, 0.7644333333333234, 49.1935333333333, 0.5395999999999775, 0.2698000000000075, 0.0, 0.0, 1.1241666666666543, 1.034233333333331, 0.6295333333333383, 1.0791999999999926, 0.35973333333333085, 0.31476666666666914, 1.1691333333333533, 0.8543666666666841, 0.6745, 0.04496666666666167, 0.08993333333332335, 48.38413333333328, 0.4496666666666916, 0.7194666666666617, 0.4046999999999925, 0.04496666666666167, 48.294199999999954, 48.698899999999945, 0.4496666666666916, 0.4946333333333533, 0.04496666666666167, 0.4946333333333533, 2.1134333333333233, 1.5738333333333083, 47.57473333333329, 0.8094000000000224, 0.22483333333330838, 47.52976666666663, 48.02439999999994, 0.17986666666668413, 0.4496666666666916, 48.20426666666663, 0.17986666666668413, 1.2590666666666765, 1.4839000000000224, 0.7644333333333234, 1.1241666666666543, 0.08993333333332335, 0.35973333333333085, 0.6295333333333383, 1.214100000000015, 0.4946333333333533, 0.4946333333333533, 0.31476666666666914, 0.2248333333333458, 0.1798666666666467, 0.31476666666666914, 47.889499999999956, 48.698899999999945, 48.608966666666625, 0.9443000000000075, 0.7194666666666617, 0.7194666666666617, 0.4496666666666916, 1.1691333333333533, 0.539600000000015, 0.0, 1.2590666666666765, 0.44966666666665417, 0.9892666666666691, 0.6295333333333383, 0.04496666666666167, 0.5395999999999775, 49.32843333333329, 50.31769999999995, 1.3939666666666615, 0.4496666666666916, 49.148566666666596, 0.5395999999999775, 0.7194666666666617, 0.6745, 0.4496666666666916, 1.1241666666666543, 0.44966666666665417, 48.20426666666663, 0.7194666666666617, 1.3040333333333383, 0.13489999999998503, 0.2698000000000075, 0.08993333333332335, 1.214100000000015, 50.22776666666663, 0.08993333333332335, 1.3040333333333383, 0.2698000000000075, 0.04496666666666167, 0.8543666666666466, 0.17986666666668413, 0.6745, 0.5845666666666767, 0.0, 48.5190333333333, 0.4046999999999925, 0.539600000000015, 0.2698000000000075, 0.8993333333333083, 0.6295333333333383, 1.843633333333316, 0.2698000000000075, 0.13489999999998503, 0.31476666666666914, 0.08993333333332335, 0.17986666666668413, 0.13490000000002245, 0.0, 0.8094000000000224, 1.034233333333331, 0.8543666666666466, 0.2698000000000075, 0.2248333333333458, 1.1241666666666916, 0.6745, 1.3040333333333383, 0.8543666666666466, 0.6295333333333383, 0.13490000000002245, 0.8543666666666841, 49.37339999999995, 48.923733333333296, 0.5845666666666767, 0.6295333333333383, 1.0791999999999926, 0.35973333333333085, 0.08993333333332335, 0.8543666666666841, 0.31476666666666914, 0.4496666666666916, 0.2698000000000075, 0.22483333333330838, 0.5395999999999775, 0.5845666666666767, 1.4389333333333234, 0.8543666666666841, 0.9443000000000075, 0.9892666666666691, 1.4389333333333234, 1.034233333333331, 0.7644333333333234, 0.35973333333333085, 0.2698000000000075, 0.5395999999999775, 0.04496666666666167, 0.539600000000015, 0.6745, 0.0, 0.4946333333333159, 0.22483333333330838, 0.08993333333332335, 0.4946333333333533, 0.7194666666666617, 0.7644333333333234, 0.7194666666666617, 1.3939666666666615, 0.809399999999985, 0.4496666666666916, 0.0, 0.4046999999999925, 1.1241666666666916, 0.4946333333333159, 0.13489999999998503, 1.349, 47.97943333333328, 0.04496666666666167, 0.31476666666666914, 0.08993333333332335, 0.17986666666668413, 0.8993333333333083, 0.7194666666666617, 0.13490000000002245, 0.6295333333333383, 0.4946333333333533, 0.5845666666666767, 0.08993333333332335, 0.17986666666668413, 0.22483333333330838, 0.6745, 0.13489999999998503, 0.539600000000015, 0.17986666666668413, 0.9443000000000075, 1.214100000000015, 0.08993333333332335, 0.08993333333332335, 0.7194666666666617, 0.22483333333330838, 0.2698000000000075, 0.2248333333333458, 0.8993333333333458, 1.2590666666666765, 0.7644333333333234, 1.1691333333333533, 1.4389333333333234, 0.35973333333333085, 0.2698000000000075, 1.7536999999999925, 0.0, 0.31476666666666914, 0.0, 0.31476666666666914, 1.1691333333333533, 0.13490000000002245, 0.35973333333333085, 0.1798666666666467, 0.2698000000000075, 0.17986666666668413, 0.1798666666666467, 0.35973333333333085, 0.8543666666666466, 1.6188000000000076, 0.08993333333332335, 47.97943333333328, 0.31476666666666914, 48.698899999999945, 0.35973333333333085, 48.249233333333294, 0.2248333333333458, 0.7644333333333234, 0.2698000000000075, 0.7194666666666617, 1.5738333333333459, 0.809399999999985, 0.04496666666666167, 0.9443000000000075, 48.249233333333294, 0.8543666666666841, 1.1241666666666916, 0.35973333333333085, 0.08993333333332335, 0.539600000000015, 0.17986666666668413, 1.663766666666669, 1.4839000000000224, 0.08993333333332335, 0.8094000000000224, 0.35973333333333085, 0.0, 0.7194666666666617, 0.4946333333333533, 1.1241666666666916, 0.9443000000000075, 0.08993333333332335, 0.7644333333333234, 0.35973333333333085, 48.5190333333333, 0.9892666666666691, 48.294199999999954, 0.8543666666666466, 49.10359999999994, 0.5845666666666767, 0.539600000000015, 1.8436333333333532, 0.5845666666666767, 0.6295333333333383, 0.0, 0.4496666666666916, 47.75459999999994, 48.878766666666635, 0.35973333333333085, 49.05863333333328, 49.23849999999996, 0.2698000000000075, 0.2248333333333458, 0.04496666666666167, 0.8543666666666466, 0.04496666666666167, 0.13489999999998503, 49.28346666666662, 0.7644333333333234, 49.013666666666616, 0.6295333333333383, 0.8094000000000224, 1.034233333333331, 0.31476666666666914, 48.78883333333327, 0.17986666666668413, 0.17986666666668413, 47.889499999999956, 1.4389333333333234, 0.44966666666665417, 0.04496666666666167, 49.10359999999994, 0.08993333333332335, 0.4046999999999925, 0.31476666666666914, 0.7194666666666617, 0.4946333333333159, 50.40763333333327, 0.5845666666666767, 48.83379999999993, 1.0791999999999926, 49.46333333333327, 50.00293333333329, 0.08993333333332335, 0.17986666666668413, 1.663766666666669, 0.7194666666666617, 0.04496666666666167, 1.5738333333333459, 0.5395999999999775, 49.10359999999994, 1.0791999999999926, 48.5190333333333, 47.48479999999993, 1.7536999999999925, 0.13489999999998503, 48.923733333333296, 49.10359999999994, 0.4946333333333533, 1.214100000000015, 0.35973333333333085, 1.3040333333333383, 0.44966666666665417, 0.539600000000015, 0.22483333333330838, 48.42909999999994, 0.13490000000002245, 49.05863333333328, 2.2033666666666845, 48.11433333333327, 0.9443000000000075, 1.3040333333333383, 0.4046999999999925, 0.8543666666666466, 0.6745, 0.2698000000000075, 0.4496666666666916, 2.1134333333333233, 0.8993333333333458, 0.6745, 0.539600000000015, 1.8436333333333532, 1.663766666666669, 0.2698000000000075, 0.6295333333333383, 0.35973333333333085, 49.013666666666616, 49.148566666666596, 48.02439999999994, 0.35973333333333085, 0.0, 0.8993333333333458, 0.6295333333333383, 0.6745, 1.7536999999999925, 0.6295333333333383, 1.3040333333333383, 1.4389333333333234, 0.4046999999999925, 0.4046999999999925, 49.37339999999995, 48.20426666666663, 1.9335666666666766, 0.539600000000015, 48.15929999999993, 0.04496666666666167, 0.6745, 1.0791999999999926, 0.22483333333330838, 0.0, 0.6295333333333383, 1.4389333333333234, 0.4946333333333533, 47.75459999999994, 0.22483333333330838, 1.0791999999999926, 0.6745, 48.33916666666662, 0.13489999999998503, 0.08993333333332335, 0.7194666666666617, 47.75459999999994, 1.8436333333333532, 1.1241666666666916, 48.743866666666605, 48.743866666666605, 1.9785333333333381, 0.0, 0.7644333333333234, 0.7194666666666617, 1.034233333333331, 48.294199999999954, 0.8993333333333458, 0.13489999999998503, 2.2033666666666845, 0.2698000000000075, 0.9443000000000075, 0.13490000000002245, 0.22483333333330838, 0.04496666666666167, 0.04496666666666167, 0.9892666666666691, 0.04496666666666167, 1.0791999999999926, 0.8993333333333458, 0.7194666666666617, 0.35973333333333085, 1.0791999999999926, 0.13490000000002245, 0.8543666666666841, 0.31476666666666914, 0.2248333333333458, 0.31476666666666914, 1.349, 0.7194666666666617, 0.539600000000015, 1.5738333333333459, 0.8993333333333458, 1.2590666666666765, 1.7087333333333308, 0.9443000000000075, 1.214100000000015, 0.8543666666666466, 0.9443000000000075, 0.5395999999999775, 0.6295333333333383, 1.034233333333331, 1.1691333333333533, 0.1798666666666467, 0.6745, 0.5395999999999775, 0.08993333333332335, 0.5845666666666767, 0.08993333333332335, 48.5190333333333, 2.383233333333331, 48.653933333333285, 0.2698000000000075, 47.61969999999995, 0.6745, 0.8993333333333083, 1.034233333333331, 1.4389333333333234, 0.31476666666666914, 0.35973333333333085, 0.17986666666668413, 48.5190333333333, 0.08993333333332335, 0.4946333333333533, 0.4046999999999925, 0.31476666666666914, 0.5845666666666767, 0.7644333333333234, 1.1241666666666543, 0.22483333333330838, 0.5395999999999775, 0.809399999999985, 0.8543666666666466, 0.4046999999999925, 0.17986666666668413, 0.539600000000015, 1.214100000000015, 48.78883333333327, 0.4946333333333533, 0.2698000000000075, 0.04496666666666167, 0.8993333333333458, 0.5395999999999775, 0.2248333333333458, 1.6188000000000076, 48.923733333333296, 0.4496666666666916, 0.4046999999999925, 49.41836666666661, 0.04496666666666167, 49.1935333333333, 49.68816666666661, 48.698899999999945, 0.6295333333333383, 1.5288666666666841, 0.22483333333330838, 0.2698000000000075, 0.13490000000002245, 0.35973333333333085, 0.08993333333332335, 1.7536999999999925, 1.0791999999999926, 0.7644333333333234, 0.13490000000002245, 0.35973333333333085, 0.6745, 0.13489999999998503, 48.33916666666662, 48.968699999999956, 48.608966666666625, 48.968699999999956, 50.31769999999995, 49.013666666666616, 1.2590666666666765, 0.4946333333333533, 0.04496666666666167, 0.1798666666666467, 0.4946333333333159, 0.4946333333333159, 0.35973333333333085, 0.4946333333333159, 48.653933333333285, 1.6188000000000076, 0.17986666666668413, 0.4046999999999925, 0.4496666666666916, 0.35973333333333085, 0.31476666666666914, 0.5845666666666767, 0.04496666666666167, 48.249233333333294, 49.013666666666616, 1.214100000000015, 47.75459999999994, 0.4946333333333159, 0.6745, 48.56399999999996, 48.294199999999954, 0.35973333333333085, 0.4046999999999925, 48.42909999999994, 0.1798666666666467, 1.3040333333333383, 0.04496666666666167, 49.1935333333333, 48.923733333333296, 1.2590666666666765, 0.4496666666666916, 48.0693666666666, 48.78883333333327, 0.08993333333332335, 0.8543666666666841, 49.41836666666661, 49.148566666666596, 1.888600000000015, 0.7644333333333234, 48.923733333333296, 0.08993333333332335, 0.35973333333333085, 0.8993333333333458, 0.7194666666666617, 48.56399999999996, 0.6295333333333383, 0.6745, 0.17986666666668413, 49.91299999999996, 48.878766666666635, 47.75459999999994, 49.013666666666616, 0.44966666666665417, 0.6745, 0.08993333333332335, 49.1935333333333, 0.2698000000000075, 1.1691333333333158, 0.4946333333333159, 0.04496666666666167, 0.2698000000000075, 0.2698000000000075, 0.08993333333332335, 1.034233333333331, 0.2248333333333458, 0.9443000000000075, 0.2698000000000075, 0.809399999999985, 0.7194666666666617, 0.4046999999999925, 0.04496666666666167, 0.7644333333333234, 0.2698000000000075, 0.4946333333333159, 0.22483333333330838, 0.31476666666666914, 48.923733333333296, 0.44966666666665417, 47.97943333333328, 0.04496666666666167, 0.04496666666666167, 0.539600000000015, 0.6295333333333383, 1.0791999999999926, 0.2698000000000075, 0.13489999999998503, 0.6745, 0.9443000000000075, 1.4838999999999851, 1.4389333333333234, 47.8445333333333, 47.7995666666666, 49.5982333333333, 1.0791999999999926, 48.698899999999945, 0.35973333333333085, 0.1798666666666467, 0.13489999999998503, 0.08993333333332335, 0.08993333333332335, 0.5845666666666767, 0.04496666666666167, 1.1691333333333158, 0.35973333333333085, 48.78883333333327, 0.7194666666666617, 0.08993333333332335, 0.13489999999998503, 0.4496666666666916, 0.7194666666666617, 1.2140999999999775, 0.7194666666666617, 0.35973333333333085, 0.8993333333333083, 0.2698000000000075, 1.1691333333333158, 0.8993333333333083, 0.1798666666666467, 0.4046999999999925, 0.1798666666666467, 0.6745, 0.6745, 0.13490000000002245, 0.8543666666666841, 0.1798666666666467, 0.1798666666666467, 1.4839000000000224, 0.4046999999999925, 0.9443000000000075, 0.8993333333333458, 1.2590666666666765, 0.4946333333333159, 0.4046999999999925, 0.7194666666666617, 0.08993333333332335, 1.349, 1.0791999999999926, 0.08993333333332335, 1.2590666666666765, 0.539600000000015, 0.6295333333333383, 1.1241666666666916, 0.04496666666666167, 48.249233333333294, 0.8543666666666841, 0.6295333333333383, 0.4046999999999925, 48.968699999999956, 0.4496666666666916, 0.7194666666666617, 0.31476666666666914, 0.04496666666666167, 0.2248333333333458, 0.9443000000000075, 0.35973333333333085, 0.9892666666666691, 0.4946333333333159, 47.7995666666666, 49.148566666666596, 0.6745, 0.08993333333332335, 49.32843333333329, 0.539600000000015, 0.4946333333333533, 0.5845666666666767, 0.4046999999999925, 0.13490000000002245, 0.7194666666666617, 0.1798666666666467, 0.8993333333333458, 0.17986666666668413, 0.4046999999999925, 0.4046999999999925, 0.13490000000002245, 0.08993333333332335, 0.31476666666666914, 0.539600000000015, 0.9443000000000075, 0.13490000000002245, 0.4946333333333533, 0.6745, 0.13489999999998503, 49.148566666666596, 48.5190333333333, 48.698899999999945, 0.539600000000015, 0.8094000000000224, 1.1241666666666543, 48.11433333333327, 0.6745, 47.30493333333328, 48.294199999999954, 0.13490000000002245, 0.04496666666666167, 1.034233333333331, 0.17986666666668413, 1.034233333333331, 0.04496666666666167, 0.6295333333333383, 1.349, 49.05863333333328, 47.7995666666666, 1.034233333333331, 0.6295333333333383, 48.968699999999956, 1.2590666666666765, 48.294199999999954, 0.17986666666668413, 1.5738333333333459, 0.8094000000000224, 0.1798666666666467, 48.56399999999996, 0.2698000000000075, 0.08993333333332335, 0.4946333333333159, 0.44966666666665417, 1.1241666666666916, 49.013666666666616, 1.888600000000015, 48.38413333333328, 0.8543666666666466, 0.08993333333332335, 0.9443000000000075, 1.2590666666666765, 0.13490000000002245, 0.4946333333333159, 49.013666666666616, 47.57473333333329, 0.8993333333333458, 47.66466666666662, 0.8993333333333458, 0.4946333333333159, 0.2248333333333458, 1.5738333333333459, 0.17986666666668413, 0.13489999999998503, 0.13490000000002245, 0.35973333333333085, 1.4389333333333234, 0.7194666666666617, 0.6745, 0.4946333333333533, 0.7194666666666617, 0.8543666666666841, 0.4046999999999925, 1.4389333333333234, 0.2698000000000075, 0.5845666666666767, 48.0693666666666, 0.13489999999998503, 0.8543666666666466, 0.4046999999999925, 0.2698000000000075, 0.2248333333333458, 0.4946333333333159, 0.4946333333333159, 0.35973333333333085, 0.4946333333333533, 0.8094000000000224, 0.9892666666666691, 0.13489999999998503, 0.2698000000000075, 0.8543666666666466, 0.08993333333332335, 0.31476666666666914, 0.6745, 0.04496666666666167, 0.6295333333333383, 1.2590666666666765, 0.2248333333333458, 0.35973333333333085, 0.5845666666666767, 0.2698000000000075, 0.1798666666666467, 0.2698000000000075, 0.35973333333333085, 0.17986666666668413, 0.8094000000000224, 0.8993333333333458, 0.539600000000015, 0.5845666666666767, 1.034233333333331, 0.4046999999999925, 0.539600000000015, 0.6745, 0.31476666666666914, 48.4740666666666, 0.22483333333330838, 0.6745, 0.5395999999999775, 0.44966666666665417, 0.9892666666666691, 0.9892666666666691, 0.7644333333333234, 0.04496666666666167, 0.13490000000002245, 2.2933000000000074, 0.4946333333333533, 0.6295333333333383, 47.34989999999994, 0.7194666666666617, 0.8543666666666466, 0.1798666666666467, 48.83379999999993, 1.034233333333331, 0.9443000000000075, 0.08993333333332335, 0.539600000000015, 0.8094000000000224, 0.2248333333333458, 0.4046999999999925, 0.4946333333333533, 0.7194666666666617, 0.08993333333332335, 0.6745, 1.5738333333333459, 0.04496666666666167, 0.6295333333333383, 0.17986666666668413, 1.034233333333331, 0.4046999999999925, 0.0, 0.08993333333332335, 0.5395999999999775, 1.4839000000000224, 48.78883333333327, 48.653933333333285, 49.148566666666596, 48.38413333333328, 0.7644333333333234, 48.5190333333333, 48.0693666666666, 0.31476666666666914, 0.35973333333333085, 0.2698000000000075, 0.31476666666666914, 0.04496666666666167, 47.7995666666666, 49.23849999999996, 48.33916666666662, 48.608966666666625, 0.6295333333333383, 0.4946333333333533, 0.7194666666666617, 0.5395999999999775, 0.7194666666666617, 0.13490000000002245, 0.1798666666666467, 0.22483333333330838, 48.5190333333333, 48.249233333333294, 0.0, 48.38413333333328, 49.1935333333333, 1.798666666666654, 1.1691333333333533, 0.17986666666668413, 0.2698000000000075, 48.968699999999956, 0.5845666666666767, 48.698899999999945, 48.249233333333294, 0.31476666666666914, 0.17986666666668413, 0.7644333333333234, 0.08993333333332335, 0.44966666666665417, 49.1935333333333, 0.13489999999998503, 48.15929999999993, 0.08993333333332335, 0.7644333333333234, 0.8993333333333083, 0.4046999999999925, 0.5845666666666767, 1.3040333333333383, 1.4389333333333234, 0.17986666666668413, 0.9443000000000075, 0.13489999999998503, 0.9443000000000075, 1.1241666666666543, 2.1134333333333233, 0.539600000000015, 0.08993333333332335, 0.08993333333332335, 0.13489999999998503, 1.7087333333333308, 0.4946333333333533, 0.08993333333332335, 0.2698000000000075, 0.04496666666666167, 0.809399999999985, 0.5845666666666767, 0.04496666666666167, 0.4046999999999925, 0.1798666666666467, 0.08993333333332335, 0.08993333333332335, 0.9443000000000075, 0.4946333333333533, 0.13489999999998503, 1.214100000000015, 0.22483333333330838, 1.7536999999999925, 0.9892666666666691, 0.08993333333332335, 0.9892666666666691, 0.6295333333333383, 0.4946333333333159, 0.6745, 0.2248333333333458, 0.0, 0.7194666666666617, 0.13490000000002245, 0.8094000000000224, 0.5845666666666767, 0.1798666666666467, 0.4946333333333159, 0.5395999999999775, 1.2590666666666765, 0.22483333333330838, 1.034233333333331, 47.57473333333329, 0.22483333333330838, 0.539600000000015, 1.1691333333333533, 0.6295333333333383, 0.35973333333333085, 1.4839000000000224, 0.6295333333333383, 0.8993333333333458, 48.78883333333327, 48.249233333333294, 49.1935333333333, 0.22483333333330838, 0.13490000000002245, 47.97943333333328, 48.968699999999956, 0.08993333333332335, 0.04496666666666167, 0.8993333333333458, 0.22483333333330838, 0.31476666666666914, 0.1798666666666467, 1.2590666666666765, 0.17986666666668413, 0.13489999999998503, 1.5288666666666841, 0.9443000000000075, 1.2590666666666765, 0.2698000000000075, 0.17986666666668413, 0.7194666666666617, 0.539600000000015, 49.46333333333327, 0.5845666666666767, 1.0791999999999926, 1.214100000000015, 1.5288666666666841, 0.8993333333333458, 0.539600000000015, 0.13490000000002245, 0.31476666666666914, 0.22483333333330838, 0.5845666666666767, 1.1691333333333533, 0.5395999999999775, 0.0, 0.4496666666666916, 0.9443000000000075, 1.034233333333331, 0.2698000000000075, 0.8993333333333083, 0.4046999999999925, 1.7536999999999925, 0.13490000000002245, 0.8543666666666466, 0.08993333333332335, 0.4046999999999925, 0.13490000000002245, 0.35973333333333085, 0.5845666666666767, 0.5395999999999775, 0.9443000000000075, 0.809399999999985, 0.13490000000002245, 0.7194666666666617, 0.31476666666666914, 0.8993333333333458, 0.08993333333332335, 0.5395999999999775, 0.13490000000002245, 0.0, 0.31476666666666914, 0.4046999999999925, 1.3040333333333383, 1.5738333333333459, 1.3040333333333383, 0.8993333333333083, 0.9443000000000075, 0.04496666666666167, 0.8993333333333083, 0.08993333333332335, 1.0791999999999926, 0.4046999999999925, 0.08993333333332335, 0.22483333333330838, 0.6745, 49.77809999999994, 48.42909999999994, 49.1935333333333, 0.08993333333332335, 47.7995666666666, 1.5288666666666841, 0.8993333333333083, 48.653933333333285, 48.38413333333328, 48.653933333333285, 48.33916666666662, 0.8543666666666466, 0.31476666666666914, 0.17986666666668413, 0.5395999999999775, 0.4046999999999925, 0.8543666666666841, 0.13490000000002245, 0.2698000000000075, 1.5738333333333459, 0.4946333333333159, 0.1798666666666467, 0.31476666666666914, 1.2140999999999775, 0.4946333333333533, 0.35973333333333085, 0.9443000000000075, 0.2248333333333458, 49.64319999999996, 0.04496666666666167, 0.6295333333333383, 0.08993333333332335, 1.3939666666666615, 48.968699999999956, 0.2248333333333458, 0.8543666666666841, 0.5845666666666767, 0.31476666666666914, 0.08993333333332335, 0.5395999999999775, 0.31476666666666914, 0.08993333333332335, 0.17986666666668413, 0.04496666666666167, 1.663766666666669, 0.35973333333333085, 0.9892666666666691, 1.1691333333333533, 0.539600000000015, 0.8543666666666841, 0.08993333333332335, 0.4046999999999925, 0.1798666666666467, 0.8543666666666466, 0.4046999999999925, 0.31476666666666914, 1.349, 0.8993333333333458, 1.214100000000015, 1.214100000000015, 1.214100000000015, 0.17986666666668413, 1.4839000000000224, 0.8993333333333458, 49.77809999999994, 48.653933333333285, 48.249233333333294, 49.013666666666616, 49.5982333333333, 0.4946333333333533, 1.1241666666666543, 0.08993333333332335, 47.52976666666663, 1.9785333333333381, 48.698899999999945, 0.17986666666668413, 49.32843333333329, 0.4496666666666916, 49.5982333333333, 48.38413333333328, 49.5982333333333, 0.4496666666666916, 0.31476666666666914, 0.539600000000015, 48.5190333333333, 0.13490000000002245, 48.698899999999945, 0.2248333333333458, 0.7644333333333234, 0.44966666666665417, 0.4496666666666916, 1.034233333333331, 0.2698000000000075, 0.08993333333332335, 0.31476666666666914, 0.4046999999999925, 0.5845666666666767, 0.539600000000015, 0.8993333333333083, 48.5190333333333, 0.7644333333333234, 48.249233333333294, 48.294199999999954, 48.4740666666666, 1.1241666666666916, 1.0791999999999926, 0.13489999999998503, 48.743866666666605, 48.11433333333327, 0.1798666666666467, 0.44966666666665417, 0.6745, 0.5845666666666767, 0.2698000000000075, 0.6745, 0.04496666666666167, 1.7536999999999925, 0.13490000000002245, 0.04496666666666167, 0.35973333333333085, 0.2698000000000075, 0.8094000000000224, 0.13490000000002245, 0.7194666666666617, 0.539600000000015, 0.8543666666666841, 1.034233333333331, 0.6745, 0.4496666666666916, 1.3040333333333383, 1.2590666666666765, 0.13490000000002245, 0.2248333333333458, 0.6745, 49.23849999999996, 0.4496666666666916, 1.2590666666666765, 0.17986666666668413, 0.04496666666666167, 0.17986666666668413, 47.57473333333329, 48.0693666666666, 0.22483333333330838, 0.6745, 48.608966666666625, 1.1241666666666916, 1.034233333333331, 48.923733333333296, 48.608966666666625, 0.7644333333333234, 47.889499999999956, 0.04496666666666167, 0.9892666666666691, 0.13490000000002245, 1.4839000000000224, 0.08993333333332335, 48.5190333333333, 48.653933333333285, 47.97943333333328, 0.539600000000015, 1.5738333333333083, 48.653933333333285, 0.8993333333333458, 1.7087333333333308, 0.13489999999998503, 2.1134333333333233, 0.35973333333333085, 0.8094000000000224, 0.4946333333333533, 0.08993333333332335, 0.13490000000002245, 1.0791999999999926, 1.5288666666666841, 0.13489999999998503, 48.11433333333327, 49.148566666666596, 48.878766666666635, 1.1241666666666543, 0.4046999999999925, 0.8993333333333458, 0.4946333333333159, 0.4946333333333533, 0.4496666666666916, 0.809399999999985, 0.08993333333332335, 0.7194666666666617, 0.539600000000015, 0.31476666666666914, 0.9443000000000075, 0.6295333333333383, 0.04496666666666167, 0.7194666666666617, 48.4740666666666, 48.83379999999993, 47.70963333333328, 0.2698000000000075, 0.31476666666666914, 1.9785333333333381, 0.809399999999985, 0.04496666666666167, 0.4496666666666916, 0.4946333333333533, 0.5845666666666767, 0.04496666666666167, 0.7644333333333234, 1.3939666666666615, 0.9443000000000075, 0.4046999999999925, 1.3040333333333383, 0.31476666666666914, 0.08993333333332335, 48.56399999999996, 48.743866666666605, 48.11433333333327, 0.1798666666666467, 0.13489999999998503, 48.33916666666662, 0.31476666666666914, 47.75459999999994, 0.9443000000000075, 49.013666666666616, 0.22483333333330838, 1.0791999999999926, 0.7194666666666617, 0.08993333333332335, 0.539600000000015, 0.8993333333333458, 0.4946333333333533, 1.349, 0.9443000000000075, 0.2248333333333458, 1.0791999999999926, 0.6295333333333383, 0.1798666666666467, 0.7194666666666617, 0.44966666666665417, 0.04496666666666167, 0.08993333333332335, 0.539600000000015, 0.13490000000002245, 1.798666666666654, 0.8543666666666841, 0.8993333333333458, 0.35973333333333085, 1.1691333333333533, 0.0, 0.4946333333333159, 1.034233333333331, 0.31476666666666914, 1.4389333333333234, 0.17986666666668413, 0.13490000000002245, 0.13490000000002245, 0.35973333333333085, 0.31476666666666914, 0.17986666666668413, 1.2140999999999775, 0.13490000000002245, 0.8543666666666841, 0.4046999999999925, 0.0, 1.4389333333333234, 1.0791999999999926, 0.13489999999998503, 48.249233333333294, 0.7644333333333234, 48.653933333333285, 0.9443000000000075, 48.42909999999994, 49.013666666666616, 0.13490000000002245, 0.13489999999998503, 0.08993333333332335, 0.6295333333333383, 0.35973333333333085, 1.1241666666666916, 1.1241666666666916, 0.9443000000000075, 0.1798666666666467, 1.5288666666666841, 0.44966666666665417, 0.4946333333333159, 0.22483333333330838, 1.0791999999999926, 1.034233333333331, 0.22483333333330838, 0.35973333333333085, 0.4046999999999925, 0.6295333333333383, 0.0, 0.5845666666666767, 0.6295333333333383, 0.6295333333333383, 48.608966666666625, 48.5190333333333, 0.4946333333333159, 49.148566666666596, 49.41836666666661, 49.41836666666661, 1.214100000000015, 48.38413333333328, 0.13490000000002245, 48.923733333333296, 0.4496666666666916, 47.70963333333328, 0.8543666666666841, 1.8436333333333532, 0.0, 0.5845666666666767, 0.13489999999998503, 48.38413333333328, 0.31476666666666914, 47.97943333333328, 0.6745, 0.7644333333333234, 48.83379999999993, 0.04496666666666167, 1.5288666666666468, 1.034233333333331, 49.148566666666596, 0.6295333333333383, 0.4496666666666916, 0.08993333333332335, 0.7194666666666617, 0.9443000000000075, 0.5395999999999775, 0.2248333333333458, 0.6745, 0.8993333333333458, 49.28346666666662, 48.02439999999994, 0.4046999999999925, 0.4946333333333533, 0.2698000000000075, 48.11433333333327, 0.4046999999999925, 50.00293333333329, 49.1935333333333, 0.08993333333332335, 0.4946333333333533, 1.4389333333333234, 1.349, 0.2248333333333458, 1.1241666666666916, 0.9892666666666691, 48.20426666666663, 0.35973333333333085, 48.38413333333328, 0.2248333333333458, 0.4046999999999925, 0.2698000000000075, 0.1798666666666467, 48.33916666666662, 0.35973333333333085, 0.8993333333333458, 0.4496666666666916, 0.8094000000000224, 1.3040333333333383, 1.3939666666666615, 0.6295333333333383, 49.23849999999996, 0.04496666666666167, 48.698899999999945, 48.294199999999954, 0.31476666666666914, 0.35973333333333085, 0.5395999999999775, 47.57473333333329, 47.43983333333327, 0.5845666666666767, 0.5845666666666767, 0.4046999999999925, 0.13489999999998503, 0.8543666666666841, 49.37339999999995, 47.43983333333327, 0.0, 1.1241666666666916, 0.17986666666668413, 0.31476666666666914, 0.7194666666666617, 0.8993333333333458, 0.35973333333333085, 1.4389333333333234, 0.7194666666666617, 0.2248333333333458, 0.1798666666666467, 0.4946333333333159, 0.04496666666666167, 0.08993333333332335, 0.13489999999998503, 0.4946333333333533, 1.034233333333331, 0.44966666666665417, 0.08993333333332335, 49.1935333333333, 48.38413333333328, 1.2590666666666765, 0.5845666666666767, 0.17986666666668413, 0.6745, 1.034233333333331, 0.7644333333333234, 0.13489999999998503, 1.4389333333333234, 0.13489999999998503, 0.6745, 0.13490000000002245, 48.83379999999993, 0.08993333333332335, 0.4946333333333533, 1.5288666666666841, 1.3040333333333383, 0.2248333333333458, 1.5288666666666841, 0.6745, 0.13489999999998503, 49.41836666666661, 48.968699999999956, 0.8543666666666466, 0.6295333333333383, 48.249233333333294, 0.0, 0.44966666666665417, 1.034233333333331, 0.8543666666666466, 0.0, 0.4496666666666916, 0.5395999999999775, 0.8543666666666466, 0.35973333333333085, 0.2698000000000075, 0.22483333333330838, 0.35973333333333085, 0.5395999999999775, 1.2140999999999775, 48.02439999999994, 0.08993333333332335, 48.0693666666666, 47.93446666666662, 1.0791999999999926, 48.38413333333328, 0.2248333333333458, 0.7194666666666617, 0.6295333333333383, 0.35973333333333085, 0.08993333333332335, 0.35973333333333085, 0.5845666666666767, 0.35973333333333085, 0.31476666666666914, 0.13490000000002245, 1.6188000000000076, 0.22483333333330838, 0.7644333333333234, 0.4946333333333533, 1.3040333333333383, 1.1241666666666543, 0.8993333333333458, 0.04496666666666167, 1.2140999999999775, 0.539600000000015, 0.4046999999999925, 0.4046999999999925, 0.6745, 0.4046999999999925, 0.9443000000000075, 0.4496666666666916, 0.13490000000002245, 0.4046999999999925, 0.6745, 0.5845666666666767, 0.8993333333333083, 0.1798666666666467, 0.17986666666668413, 0.6745, 1.1241666666666916, 0.4046999999999925, 0.5845666666666767, 1.5288666666666468, 47.75459999999994, 0.2698000000000075, 0.6745, 49.77809999999994, 1.3040333333333383, 1.1241666666666916, 1.1691333333333158, 0.2248333333333458, 48.743866666666605, 49.55326666666663, 0.31476666666666914, 48.5190333333333, 48.653933333333285, 48.5190333333333, 0.08993333333332335, 1.5288666666666841, 0.2248333333333458, 0.8993333333333458, 0.7194666666666617, 49.1935333333333, 48.56399999999996, 0.8993333333333458, 0.22483333333330838, 0.4496666666666916, 0.13489999999998503, 47.57473333333329, 0.31476666666666914, 0.31476666666666914, 0.22483333333330838, 0.08993333333332335, 1.1241666666666916, 47.7995666666666, 0.6295333333333383, 48.42909999999994, 0.04496666666666167, 1.5288666666666841, 0.7644333333333234, 0.5845666666666767, 0.809399999999985, 47.39486666666661, 47.21499999999997, 0.4046999999999925, 0.4946333333333533, 0.809399999999985, 0.44966666666665417, 48.743866666666605, 0.8543666666666466, 49.28346666666662, 0.17986666666668413, 48.56399999999996, 0.13490000000002245, 0.44966666666665417, 48.878766666666635, 0.2698000000000075, 0.35973333333333085, 0.4496666666666916, 49.10359999999994, 48.653933333333285, 0.08993333333332335, 0.7644333333333234, 0.31476666666666914, 48.968699999999956, 50.31769999999995, 47.43983333333327, 1.3939666666666615, 0.4946333333333533, 48.20426666666663, 50.04789999999995, 0.8993333333333458, 47.48479999999993, 1.0791999999999926, 0.2248333333333458, 1.1241666666666916, 1.214100000000015, 0.35973333333333085, 0.13490000000002245, 48.02439999999994, 47.52976666666663, 0.7644333333333234, 0.0, 49.64319999999996, 0.5845666666666767, 48.5190333333333, 0.2248333333333458, 47.889499999999956, 48.4740666666666, 0.2248333333333458, 0.5845666666666767, 0.6745, 1.1691333333333158, 49.77809999999994, 47.30493333333328, 0.5845666666666767, 0.9892666666666691, 48.968699999999956, 48.56399999999996, 48.11433333333327, 0.7194666666666617, 0.13489999999998503, 0.8543666666666841, 0.6295333333333383, 1.0791999999999926, 0.2248333333333458, 0.4946333333333159, 0.22483333333330838, 0.17986666666668413, 0.2248333333333458, 1.034233333333331, 0.8543666666666466, 1.5288666666666468, 0.9892666666666691, 0.2698000000000075, 0.8543666666666841, 0.31476666666666914, 0.539600000000015, 48.698899999999945, 0.8543666666666466, 0.5845666666666767, 49.05863333333328, 49.05863333333328, 0.35973333333333085, 0.7644333333333234, 48.11433333333327, 0.31476666666666914, 1.1241666666666916, 0.35973333333333085, 48.653933333333285, 48.608966666666625, 0.7644333333333234, 48.608966666666625, 0.8993333333333458, 0.4046999999999925, 1.034233333333331, 0.8543666666666841, 0.9443000000000075, 0.7194666666666617, 0.6745, 0.8993333333333458, 1.4389333333333234, 1.2590666666666765, 0.0, 48.42909999999994, 49.37339999999995, 0.6745, 1.3939666666666615, 48.20426666666663, 0.5395999999999775, 48.249233333333294, 1.1241666666666916, 0.35973333333333085, 0.31476666666666914, 0.04496666666666167, 0.1798666666666467, 0.1798666666666467, 0.17986666666668413, 49.37339999999995, 0.5845666666666767, 48.56399999999996, 0.4046999999999925, 0.5845666666666767, 0.35973333333333085, 49.55326666666663, 0.9892666666666691, 0.2698000000000075, 47.8445333333333, 1.034233333333331, 47.57473333333329, 1.4839000000000224, 0.0, 0.8543666666666841, 48.878766666666635, 0.6745, 1.798666666666654, 1.034233333333331, 48.38413333333328, 47.70963333333328, 0.2698000000000075, 1.349, 0.2698000000000075, 0.31476666666666914, 0.5845666666666767, 0.9443000000000075, 0.5395999999999775, 1.1691333333333533, 0.6295333333333383, 1.5738333333333459, 0.9892666666666691, 1.349, 0.1798666666666467, 0.4946333333333159, 0.08993333333332335, 0.4496666666666916, 0.17986666666668413, 0.4946333333333533, 0.7644333333333234, 0.6745, 0.6295333333333383, 0.0, 0.17986666666668413, 0.31476666666666914, 0.7644333333333234, 1.5738333333333459, 0.5845666666666767, 49.05863333333328, 0.5395999999999775, 48.38413333333328, 0.4946333333333159, 1.1691333333333533, 47.889499999999956, 49.64319999999996, 0.7194666666666617, 0.8094000000000224, 0.2248333333333458, 0.31476666666666914, 0.9892666666666691, 48.653933333333285, 0.2248333333333458, 0.4046999999999925, 47.889499999999956, 0.4946333333333533, 0.6745, 48.02439999999994, 48.83379999999993, 1.214100000000015, 0.04496666666666167, 0.13490000000002245, 0.5845666666666767, 47.97943333333328, 1.1691333333333533, 0.4046999999999925, 48.20426666666663, 49.1935333333333, 0.04496666666666167, 0.4946333333333159, 48.968699999999956, 0.08993333333332335, 49.28346666666662, 48.20426666666663, 48.968699999999956, 1.0791999999999926, 0.13489999999998503, 48.56399999999996, 0.04496666666666167, 47.70963333333328, 0.2698000000000075, 49.013666666666616, 0.1798666666666467, 50.31769999999995, 48.20426666666663, 0.4496666666666916, 0.2698000000000075, 0.4046999999999925, 1.1241666666666916, 0.04496666666666167, 48.56399999999996, 0.9443000000000075, 47.93446666666662, 0.5845666666666767, 1.7536999999999925, 1.5288666666666841, 0.4046999999999925, 0.8094000000000224, 49.1935333333333, 49.013666666666616, 48.56399999999996, 49.05863333333328, 0.4046999999999925, 1.0791999999999926, 1.1241666666666916, 1.0791999999999926, 48.698899999999945, 48.15929999999993, 0.2698000000000075, 48.78883333333327, 49.68816666666661, 48.33916666666662, 0.4946333333333159, 0.6295333333333383, 0.31476666666666914, 49.28346666666662, 48.56399999999996, 47.8445333333333, 1.888600000000015, 0.35973333333333085, 1.0791999999999926, 0.04496666666666167, 0.08993333333332335, 49.32843333333329, 48.83379999999993, 1.5288666666666841, 0.6295333333333383, 0.1798666666666467, 0.08993333333332335, 48.294199999999954, 0.08993333333332335, 1.1691333333333533, 0.8543666666666466, 0.6745, 0.4046999999999925, 0.2698000000000075, 1.5738333333333459, 0.6295333333333383, 1.6188000000000076, 0.17986666666668413, 0.8094000000000224, 0.6295333333333383, 0.539600000000015, 0.35973333333333085, 1.3040333333333383, 0.6295333333333383, 0.08993333333332335, 0.0, 1.663766666666669, 0.0, 0.31476666666666914, 1.4389333333333234, 0.13489999999998503, 47.97943333333328, 47.61969999999995, 0.31476666666666914, 48.0693666666666, 49.46333333333327, 0.6745, 48.249233333333294, 48.78883333333327, 1.3939666666666615, 1.7536999999999925, 0.2698000000000075, 0.0, 0.22483333333330838, 0.4946333333333533, 0.539600000000015, 0.1798666666666467, 0.4046999999999925, 0.22483333333330838, 0.2698000000000075, 0.6745, 0.44966666666665417, 0.4496666666666916, 1.2140999999999775, 0.6295333333333383, 0.6745, 0.6295333333333383, 0.35973333333333085, 0.2698000000000075, 47.70963333333328, 47.43983333333327, 1.1241666666666916, 0.22483333333330838, 48.294199999999954, 48.968699999999956, 0.04496666666666167, 0.13490000000002245, 0.7194666666666617, 0.44966666666665417, 0.13490000000002245, 0.4496666666666916, 0.04496666666666167, 48.83379999999993, 0.5395999999999775, 0.7194666666666617, 0.4946333333333533, 0.35973333333333085, 1.5738333333333459, 0.4946333333333159, 0.4046999999999925, 0.04496666666666167, 1.1241666666666916, 1.2590666666666765, 0.5395999999999775, 0.9892666666666691, 0.13489999999998503, 49.32843333333329, 0.4946333333333159, 47.66466666666662, 0.04496666666666167, 48.33916666666662, 1.349, 0.08993333333332335, 47.93446666666662, 0.35973333333333085, 48.20426666666663, 48.698899999999945, 0.31476666666666914, 0.6745, 0.4496666666666916, 0.6295333333333383, 0.4496666666666916, 0.04496666666666167, 0.35973333333333085, 0.2698000000000075, 0.35973333333333085, 0.9892666666666691, 1.1691333333333533, 0.2248333333333458, 0.08993333333332335, 0.6745, 0.4946333333333533, 0.35973333333333085, 0.4946333333333533, 0.539600000000015, 0.17986666666668413, 0.7644333333333234, 0.7194666666666617, 1.1241666666666543, 0.809399999999985, 0.2698000000000075, 0.13489999999998503, 0.6745, 0.8094000000000224, 0.8543666666666841, 0.7644333333333234, 0.4046999999999925, 0.6745, 0.35973333333333085, 49.55326666666663, 0.9443000000000075, 48.02439999999994, 0.44966666666665417, 0.6295333333333383, 0.22483333333330838, 0.04496666666666167, 47.889499999999956, 1.0791999999999926, 0.8993333333333458, 1.7087333333333308, 0.8543666666666466, 0.5845666666666767, 1.034233333333331, 0.4946333333333159, 47.97943333333328, 0.35973333333333085, 0.04496666666666167, 0.5845666666666767, 0.5845666666666767, 0.31476666666666914, 0.8993333333333083, 48.56399999999996, 1.4389333333333234, 0.9443000000000075, 49.013666666666616, 49.23849999999996, 0.2698000000000075, 1.6188000000000076, 0.13490000000002245, 0.22483333333330838, 0.13490000000002245, 0.539600000000015, 48.249233333333294, 47.75459999999994, 1.3939666666666615, 49.23849999999996, 0.04496666666666167, 0.08993333333332335, 48.698899999999945, 49.10359999999994, 49.28346666666662, 0.7644333333333234, 1.6188000000000076, 48.653933333333285, 0.8094000000000224, 0.31476666666666914, 1.1691333333333533, 0.2698000000000075, 0.2698000000000075, 0.31476666666666914, 0.4046999999999925, 0.08993333333332335, 0.539600000000015, 1.3040333333333383, 0.7644333333333234, 0.6745, 50.04789999999995, 48.33916666666662, 0.22483333333330838, 0.31476666666666914, 0.4496666666666916, 0.7644333333333234, 0.04496666666666167, 0.5845666666666767, 0.5395999999999775, 0.8543666666666841, 48.33916666666662, 48.38413333333328, 0.2248333333333458, 48.923733333333296, 0.4046999999999925, 0.6745, 1.034233333333331, 0.5395999999999775, 0.2698000000000075, 0.31476666666666914, 48.4740666666666, 0.4496666666666916, 1.0791999999999926, 1.214100000000015, 0.13489999999998503, 0.539600000000015, 0.31476666666666914, 47.93446666666662, 0.4946333333333533, 50.00293333333329, 0.17986666666668413, 1.1241666666666916, 0.1798666666666467, 0.5395999999999775, 0.04496666666666167, 49.32843333333329, 0.8094000000000224, 48.608966666666625, 0.22483333333330838, 0.9892666666666691, 0.809399999999985, 0.4946333333333533, 0.7644333333333234, 47.7995666666666, 1.6188000000000076, 0.4046999999999925, 0.1798666666666467, 48.0693666666666, 1.1241666666666916, 0.7194666666666617, 0.8543666666666841, 0.44966666666665417, 0.539600000000015, 47.75459999999994, 0.8094000000000224, 0.35973333333333085, 0.5395999999999775, 1.2590666666666765, 0.7194666666666617, 0.44966666666665417, 0.5845666666666767, 0.6745, 0.2698000000000075, 0.7194666666666617, 1.0791999999999926, 0.35973333333333085, 0.4046999999999925, 0.7194666666666617, 0.4496666666666916, 1.1241666666666543, 0.2698000000000075, 0.5395999999999775, 0.08993333333332335, 0.2698000000000075, 0.2698000000000075, 48.968699999999956, 0.04496666666666167, 1.1241666666666916, 0.0, 0.7644333333333234, 0.6295333333333383, 0.9443000000000075, 1.3040333333333383, 0.9443000000000075, 0.539600000000015, 0.9443000000000075, 0.0, 0.13489999999998503, 0.04496666666666167, 0.13489999999998503, 0.7194666666666617, 1.1241666666666543, 1.034233333333331, 0.5845666666666767, 0.539600000000015, 1.349, 0.9443000000000075, 0.35973333333333085, 0.6745, 0.04496666666666167, 0.08993333333332335, 0.809399999999985, 1.214100000000015, 0.2698000000000075, 1.4389333333333234, 49.1935333333333, 0.7194666666666617, 0.4496666666666916, 0.4496666666666916, 0.31476666666666914, 0.2698000000000075, 0.31476666666666914, 48.78883333333327, 1.034233333333331, 0.0, 0.2698000000000075, 0.31476666666666914, 47.52976666666663, 0.9443000000000075, 1.2140999999999775, 0.6295333333333383, 0.13490000000002245, 48.20426666666663, 47.7995666666666, 0.08993333333332335, 0.8543666666666841, 1.9335666666666766, 1.7087333333333308, 0.08993333333332335, 1.0791999999999926, 1.6188000000000076, 1.349, 2.068466666666662, 0.4946333333333533, 0.31476666666666914, 0.4946333333333533, 0.4046999999999925, 0.08993333333332335, 49.55326666666663, 0.08993333333332335, 47.97943333333328, 0.9892666666666691, 48.743866666666605, 48.743866666666605, 48.5190333333333, 1.2590666666666765, 0.6745, 1.3939666666666615, 0.7194666666666617, 0.2698000000000075, 0.7194666666666617, 0.2698000000000075, 47.97943333333328, 0.9443000000000075, 1.034233333333331, 1.3040333333333383, 0.08993333333332335, 0.31476666666666914, 0.4946333333333533, 0.9443000000000075, 0.5845666666666767, 0.4046999999999925, 0.809399999999985, 0.13490000000002245, 0.4046999999999925, 0.04496666666666167, 0.5845666666666767, 0.08993333333332335, 0.2698000000000075, 0.5845666666666767, 1.5738333333333459, 0.35973333333333085, 0.22483333333330838, 0.4046999999999925, 0.13489999999998503, 0.2698000000000075, 0.13490000000002245, 0.2698000000000075, 0.7194666666666617, 0.13489999999998503, 0.0, 48.33916666666662, 0.13489999999998503, 0.31476666666666914, 0.4496666666666916, 0.31476666666666914, 49.10359999999994, 0.4046999999999925, 49.013666666666616, 0.5845666666666767, 0.539600000000015, 0.4946333333333159, 0.8993333333333458, 0.8543666666666841, 47.61969999999995, 0.539600000000015, 49.23849999999996, 0.8543666666666466, 0.2698000000000075, 0.08993333333332335, 0.31476666666666914, 48.698899999999945, 0.04496666666666167, 0.4046999999999925, 0.35973333333333085, 0.35973333333333085, 0.4046999999999925, 0.4496666666666916, 0.04496666666666167, 0.6745, 0.4496666666666916, 0.7194666666666617, 0.17986666666668413, 0.5845666666666767, 0.6745, 0.9443000000000075, 0.35973333333333085, 0.08993333333332335, 0.5845666666666767, 0.13490000000002245, 0.4946333333333533, 0.04496666666666167, 0.17986666666668413, 0.04496666666666167, 0.31476666666666914, 0.8094000000000224, 0.4496666666666916, 0.04496666666666167, 0.1798666666666467, 0.6745, 1.0791999999999926, 0.8543666666666466, 0.7194666666666617, 49.508299999999934, 1.034233333333331, 0.08993333333332335, 0.08993333333332335, 0.4496666666666916, 0.7194666666666617, 0.5845666666666767, 0.22483333333330838, 1.1241666666666543, 0.9892666666666691, 0.13489999999998503, 0.4946333333333533, 0.08993333333332335, 0.22483333333330838, 0.0, 1.2590666666666765, 0.35973333333333085, 0.4046999999999925, 0.31476666666666914, 0.08993333333332335, 0.22483333333330838, 0.6745, 0.4946333333333533, 1.2590666666666765, 0.9443000000000075, 0.4496666666666916, 0.6745, 47.889499999999956, 0.31476666666666914, 0.5845666666666767, 1.0791999999999926, 0.35973333333333085, 0.22483333333330838, 0.4046999999999925, 0.2248333333333458, 0.4946333333333533, 0.7644333333333234, 0.7194666666666617, 0.4046999999999925, 0.539600000000015, 0.2248333333333458, 0.7194666666666617, 0.6295333333333383, 0.31476666666666914, 1.3040333333333383, 0.6295333333333383, 0.7194666666666617, 0.4496666666666916, 0.4946333333333159, 0.6745, 0.1798666666666467, 0.6745, 0.31476666666666914, 1.3040333333333383, 1.663766666666669, 0.04496666666666167, 0.35973333333333085, 1.2590666666666765, 1.2590666666666765, 0.04496666666666167, 0.1798666666666467, 48.249233333333294, 0.5845666666666767, 0.08993333333332335, 48.4740666666666, 1.1241666666666916, 0.13490000000002245, 0.4946333333333533, 48.878766666666635, 0.04496666666666167, 0.04496666666666167, 0.2698000000000075, 0.4496666666666916, 0.31476666666666914, 1.1691333333333533, 47.1700333333333, 1.034233333333331, 0.08993333333332335, 1.663766666666669, 0.31476666666666914, 0.8094000000000224, 0.6295333333333383, 0.5845666666666767, 0.0, 0.5845666666666767, 0.7194666666666617, 0.04496666666666167, 0.44966666666665417, 0.1798666666666467, 0.2248333333333458, 0.4046999999999925, 0.2248333333333458, 0.04496666666666167, 0.6745, 0.8543666666666841, 49.148566666666596, 48.42909999999994, 48.5190333333333, 0.08993333333332335, 0.4946333333333533, 49.013666666666616, 1.2590666666666765, 0.31476666666666914, 0.08993333333332335, 0.4046999999999925, 0.7644333333333234, 0.4946333333333533, 0.4046999999999925, 48.249233333333294, 0.04496666666666167, 0.6295333333333383, 0.08993333333332335, 0.31476666666666914, 1.034233333333331, 0.0, 1.1691333333333533, 0.8993333333333083, 0.6295333333333383, 49.23849999999996, 0.08993333333332335, 0.4946333333333533, 0.6745, 0.04496666666666167, 0.7644333333333234, 0.4946333333333533, 0.2248333333333458, 0.08993333333332335, 0.1798666666666467, 0.4496666666666916, 0.8543666666666841, 0.35973333333333085, 0.1798666666666467, 0.4496666666666916, 0.8543666666666841, 0.2698000000000075, 0.5845666666666767, 0.35973333333333085, 0.1798666666666467, 1.2590666666666765, 0.8543666666666466, 0.7194666666666617, 0.4496666666666916, 1.1691333333333158, 0.5395999999999775, 0.31476666666666914, 0.13490000000002245, 0.7194666666666617, 0.08993333333332335, 0.8094000000000224, 0.44966666666665417, 0.31476666666666914, 0.8993333333333458, 1.214100000000015, 1.7087333333333308, 0.08993333333332335, 0.4496666666666916, 0.7644333333333234, 0.2698000000000075, 0.04496666666666167, 1.3939666666666615, 0.1798666666666467, 1.034233333333331, 0.0, 0.04496666666666167, 49.28346666666662, 0.2698000000000075, 0.08993333333332335, 49.013666666666616, 0.13490000000002245, 1.3040333333333383, 0.2698000000000075, 0.4046999999999925, 0.35973333333333085, 0.6295333333333383, 1.0791999999999926, 0.35973333333333085, 0.9443000000000075, 0.2248333333333458, 0.13489999999998503, 0.4046999999999925, 0.2698000000000075, 0.7194666666666617, 0.5845666666666767, 0.31476666666666914, 1.1241666666666543, 0.13489999999998503, 0.7194666666666617, 0.44966666666665417, 0.44966666666665417, 0.04496666666666167, 0.8543666666666466, 0.2698000000000075, 0.6745, 0.7194666666666617, 1.2140999999999775, 0.04496666666666167, 0.04496666666666167, 1.6188000000000076, 0.8993333333333083, 0.0, 0.5845666666666767, 1.0791999999999926, 0.5845666666666767, 0.4046999999999925, 0.6745, 0.0, 0.08993333333332335, 0.04496666666666167, 0.22483333333330838, 0.4946333333333533, 0.31476666666666914, 0.35973333333333085, 0.6295333333333383, 0.8993333333333083, 0.44966666666665417, 0.6295333333333383, 0.8543666666666466, 0.539600000000015, 0.9443000000000075, 1.4839000000000224, 0.9892666666666691, 0.6745, 48.11433333333327, 0.13489999999998503, 48.38413333333328, 49.68816666666661]",15.814842775180521,0.6745,329.81722089818743,0.0,28309.076307693613,24712.0,7.0,3.0,1.0
2,"[54.73826923077173, 0.36319230769232763, 1.5046538461539225, 56.86553846154108, 56.39857692307949, 55.25711538461793, 56.0353846153872, 56.60611538461798, 54.42696153846401, 55.04957692307944, 56.7098846153872, 56.554230769233364, 55.516538461540996, 0.5707307692307759, 56.658000000002595, 0.9339230769231467, 55.20523076923328, 0.8301538461538793, 0.10376923076926732, 54.997692307694834, 56.34669230769487, 0.8301538461538793, 1.193346153846207, 0.9858076923077588, 55.7759615384641, 0.7782692307692674, 54.73826923077173, 57.54003846154108, 55.7759615384641, 0.7263846153846553, 0.5707307692307759, 0.6745000000000432, 54.997692307694834, 0.36319230769232763, 57.12496153846414, 55.7759615384641, 0.20753846153849145, 0.15565384615383618, 56.554230769233364, 0.2594230769230603, 0.5188461538461638, 1.7121923076923709, 1.2452307692308622, 1.2971153846154313, 1.4527692307692675, 56.45046153846415, 55.931615384617935, 56.34669230769487, 57.073076923079526, 56.294807692310265, 0.7782692307692674, 57.33250000000263, 56.917423076925694, 56.7098846153872, 56.76176923077181, 0.31130769230771554, 55.20523076923328, 55.41276923077177, 0.2594230769231035, 55.62030769231022, 0.20753846153849145, 0.8301538461538793, 1.5565384615385347, 0.41507692307693966, 1.2971153846154744, 56.24292307692565, 1.3490000000000864, 0.5188461538461638, 1.4008846153846986, 0.8301538461538793, 1.141461538461595, 0.10376923076926732, 1.7640769230770261, 0.6745000000000001, 0.8301538461538793, 0.2594230769231035, 0.05188461538461206, 0.8301538461538793, 0.41507692307693966, 0.15565384615387937, 0.7782692307692674, 0.15565384615387937, 0.31130769230767236, 56.60611538461798, 56.76176923077181, 55.98350000000255, 0.15565384615383618, 0.7782692307692674, 55.879730769233326, 0.466961538461595, 56.45046153846415, 0.466961538461595, 0.2594230769231035, 0.15565384615387937, 55.931615384617935, 56.39857692307949, 1.4008846153846553, 1.4008846153846986, 0.6226153846154311, 0.10376923076922412, 0.7782692307692674, 1.4008846153846986, 0.41507692307693966, 0.6745000000000432, 0.5707307692308191, 1.5565384615385347, 56.45046153846415, 56.502346153848755, 55.46465384615638, 55.82784615384871, 0.2594230769230603, 0.7263846153846553, 0.20753846153849145, 0.9339230769231467, 0.10376923076926732, 1.4527692307693105, 0.466961538461595, 0.20753846153849145, 0.05188461538461206, 1.8678461538462503, 0.0, 56.658000000002595, 0.8301538461538793, 0.41507692307693966, 0.36319230769232763, 1.193346153846207, 1.5565384615385347, 0.10376923076922412, 56.24292307692565, 0.8820384615385346, 1.712192307692414, 0.36319230769232763, 55.98350000000255, 1.193346153846207, 0.7782692307692674, 1.2452307692308622, 56.658000000002595, 0.9339230769231467, 0.15565384615387937, 0.518846153846207, 0.6745000000000001, 0.31130769230771554, 0.20753846153849145, 0.6226153846154311, 0.518846153846207, 0.05188461538461206, 0.20753846153844824, 56.86553846154108, 0.10376923076926732, 0.6226153846153879, 0.5707307692308191, 0.7782692307692674, 1.6603076923077587, 0.0, 55.98350000000255, 0.36319230769232763, 0.46696153846155175, 57.280615384618024, 56.19103846154104, 56.554230769233364, 56.0353846153872, 54.94580769231022, 56.13915384615643, 0.5707307692308191, 1.2452307692308622, 56.24292307692565, 55.04957692307944, 0.05188461538461206, 0.10376923076926732, 57.38438461538725, 0.9858076923077155, 0.46696153846155175, 0.2594230769230603, 55.62030769231022, 55.931615384617935, 56.96930769231031, 0.15565384615387937, 57.38438461538725, 0.05188461538461206, 1.4527692307693105, 0.36319230769232763, 0.8301538461538793, 1.0895769230769827, 0.36319230769232763, 0.10376923076926732, 0.15565384615383618, 0.6745000000000432, 0.20753846153849145, 0.8820384615385346, 0.2594230769231035, 0.05188461538461206, 0.10376923076926732, 1.815961538461638, 0.8301538461538793, 0.10376923076926732, 0.15565384615383618, 0.6745000000000432, 0.7263846153846553, 55.516538461540996, 56.19103846154104, 0.15565384615387937, 0.5707307692308191, 0.05188461538461206, 0.5707307692308191, 0.15565384615387937, 1.3490000000000864, 0.2594230769230603, 0.9858076923077155, 0.7263846153846553, 0.7263846153846553, 0.5707307692307759, 0.10376923076922412, 0.15565384615383618, 2.127269230769354, 0.36319230769232763, 0.7782692307692674, 0.2594230769230603, 55.20523076923328, 56.39857692307949, 0.7782692307692674, 1.867846153846207, 1.193346153846207, 0.05188461538461206, 2.5423461538462937, 0.9339230769231035, 0.05188461538461206, 0.41507692307693966, 0.46696153846155175, 0.466961538461595, 0.6745000000000432, 0.41507692307693966, 1.867846153846207, 0.31130769230771554, 0.7782692307692674, 0.5707307692308191, 0.7263846153846553, 0.46696153846155175, 0.2594230769231035, 0.9858076923077588, 0.0, 0.6745000000000432, 1.3490000000000864, 0.7263846153846553, 0.20753846153849145, 0.05188461538461206, 0.41507692307693966, 0.10376923076922412, 0.9339230769231467, 0.518846153846207, 55.72407692307949, 0.41507692307693966, 55.72407692307949, 55.516538461540996, 56.08726923077182, 1.4527692307693105, 2.0753846153846984, 1.0376923076923277, 0.05188461538461206, 1.5565384615385347, 1.2452307692308622, 0.31130769230771554, 0.10376923076922412, 1.5046538461539225, 0.8820384615385346, 0.2594230769231035, 0.41507692307693966, 0.0, 55.30900000000255, 0.36319230769232763, 0.5707307692308191, 54.73826923077173, 56.554230769233364, 56.19103846154104, 54.73826923077173, 0.6226153846154311, 0.05188461538461206, 1.2452307692308622, 55.516538461540996, 0.10376923076926732, 55.62030769231022, 1.0895769230769827, 0.41507692307693966, 0.8820384615385346, 0.31130769230767236, 0.15565384615387937, 0.05188461538461206, 1.0376923076923708, 0.8301538461538793, 0.31130769230771554, 1.2452307692308622, 0.10376923076926732, 57.228730769233415, 55.25711538461793, 0.8820384615385346, 55.10146153846406, 0.7782692307692674, 0.10376923076926732, 0.466961538461595, 0.466961538461595, 1.4008846153846986, 1.4008846153846553, 0.15565384615387937, 1.0895769230769827, 0.05188461538461206, 0.7263846153846553, 0.9858076923077588, 0.05188461538461206, 55.879730769233326, 0.466961538461595, 0.9858076923077155, 0.5707307692308191, 0.05188461538461206, 55.20523076923328, 0.6226153846154311, 0.10376923076922412, 56.86553846154108, 57.43626923077186, 54.73826923077173, 0.9339230769231035, 57.43626923077186, 0.10376923076922412, 1.193346153846207, 0.2594230769231035, 0.31130769230771554, 0.5707307692308191, 55.568423076925605, 0.2594230769231035, 0.2594230769230603, 0.31130769230767236, 0.31130769230771554, 1.193346153846207, 1.712192307692414, 1.3490000000000864, 0.7782692307692674, 0.7782692307692674, 56.294807692310265, 56.19103846154104, 1.141461538461595, 55.25711538461793, 0.10376923076922412, 55.931615384617935, 0.6745000000000001, 0.5707307692307759, 1.349000000000043, 0.10376923076926732, 56.81365384615647, 0.5707307692308191, 0.05188461538461206, 0.5188461538461638, 56.81365384615647, 55.46465384615638, 55.98350000000255, 1.2452307692308622, 0.31130769230771554, 0.0, 1.4008846153846986, 1.0895769230769397, 0.5707307692307759, 0.10376923076926732, 1.349000000000043, 0.36319230769232763, 0.36319230769232763, 0.36319230769232763, 0.10376923076926732, 55.04957692307944, 55.67219230769488, 0.05188461538461206, 0.15565384615387937, 0.7782692307692674, 0.36319230769232763, 56.658000000002595, 0.5188461538461638, 0.6226153846153879, 0.9339230769231467, 0.7263846153846553, 56.294807692310265, 57.17684615384876, 0.41507692307693966, 0.5707307692307759, 56.0353846153872, 0.10376923076926732, 0.6226153846154311, 1.2452307692308622, 56.34669230769487, 56.45046153846415, 0.6226153846154311, 56.13915384615643, 54.634500000002504, 55.72407692307949, 55.82784615384871, 0.8301538461538793, 0.8301538461538793, 55.516538461540996, 0.6745000000000001, 57.38438461538725, 0.0, 0.7782692307692674, 0.05188461538461206, 1.2452307692308622, 55.62030769231022, 0.36319230769232763, 0.6745000000000432, 0.10376923076926732, 0.15565384615387937, 55.04957692307944, 56.60611538461798, 0.9858076923077588, 56.60611538461798, 0.2594230769230603, 0.10376923076926732, 57.02119230769492, 0.466961538461595, 0.31130769230767236, 55.7759615384641, 56.13915384615643, 0.0, 1.9197307692308623, 0.8820384615384915, 0.7263846153846553, 1.141461538461595, 0.15565384615387937, 0.9339230769231467, 57.33250000000263, 0.10376923076922412, 1.349000000000043, 54.790153846156336, 56.19103846154104, 56.502346153848755, 0.41507692307693966, 56.294807692310265, 0.36319230769232763, 0.05188461538461206, 55.931615384617935, 54.582615384617895, 0.5188461538461638, 0.15565384615383618, 0.2594230769231035, 56.96930769231031, 56.554230769233364, 56.39857692307949, 0.31130769230771554, 0.2594230769231035, 0.05188461538461206, 0.518846153846207, 56.39857692307949, 55.82784615384871, 0.05188461538461206, 0.05188461538461206, 0.46696153846155175, 0.9339230769231035, 1.0895769230769827, 0.6745000000000432, 55.82784615384871, 0.36319230769232763, 1.193346153846207, 0.8301538461538793, 57.073076923079526, 55.879730769233326, 0.15565384615383618, 0.6745000000000001, 0.7782692307692674, 0.15565384615387937, 0.46696153846155175, 0.20753846153849145, 1.0376923076923708, 1.2971153846154744, 0.36319230769232763, 0.15565384615387937, 1.660307692307802, 0.15565384615383618, 0.2594230769230603, 0.20753846153849145, 0.36319230769232763, 0.15565384615383618, 0.5707307692308191, 0.7782692307692674, 0.31130769230771554, 0.36319230769232763, 55.82784615384871, 56.76176923077181, 1.5565384615385347, 0.5707307692308191, 0.36319230769232763, 0.05188461538461206, 0.36319230769232763, 1.0376923076923708, 0.10376923076926732, 0.8301538461538793, 0.5188461538461638, 0.41507692307693966, 0.466961538461595, 55.516538461540996, 0.2594230769231035, 0.6226153846154311, 0.466961538461595, 0.31130769230771554, 0.2594230769230603, 0.46696153846155175, 1.3490000000000864, 0.9339230769231035, 1.349000000000043, 0.05188461538461206, 0.6226153846153879, 0.6745000000000001, 0.20753846153844824, 0.5188461538461638, 0.7782692307692674, 1.9716153846154743, 0.15565384615383618, 0.20753846153849145, 0.9339230769231467, 56.76176923077181, 56.7098846153872, 55.98350000000255, 55.931615384617935, 56.39857692307949, 0.466961538461595, 1.349000000000043, 0.10376923076922412, 0.36319230769232763, 1.712192307692414, 57.17684615384876, 0.6745000000000432, 57.69569230769496, 55.41276923077177, 0.05188461538461206, 55.25711538461793, 0.6226153846154311, 0.8301538461538793, 55.153346153848666, 1.0895769230769827, 0.8820384615385346, 2.231038461538578, 0.9339230769231467, 0.31130769230771554, 55.72407692307949, 0.2594230769231035, 0.5707307692308191, 0.7263846153846553, 0.518846153846207, 0.36319230769232763, 2.4385769230770693, 0.20753846153849145, 0.466961538461595, 0.15565384615383618, 0.7263846153846553, 1.4527692307692675, 1.193346153846207, 0.2594230769230603, 0.5707307692308191, 0.36319230769232763, 1.141461538461595, 57.228730769233415, 0.7782692307692674, 0.46696153846155175, 58.1107692307719, 0.10376923076922412, 0.7263846153846553, 55.10146153846406, 0.10376923076922412, 56.45046153846415, 55.98350000000255, 55.98350000000255, 0.8820384615385346, 0.8301538461538793, 0.518846153846207, 1.0376923076923708, 56.45046153846415, 0.6745000000000432, 1.193346153846207, 0.41507692307693966, 1.4527692307693105, 0.10376923076922412, 0.31130769230771554, 0.10376923076922412, 0.6745000000000432, 1.867846153846207, 0.8820384615385346, 0.10376923076926732, 0.2594230769231035, 1.141461538461595, 0.5707307692307759, 0.9339230769231467, 1.6084230769231467, 1.2452307692308622, 0.31130769230771554, 1.4527692307693105, 0.0, 0.46696153846155175, 0.9339230769231467, 0.10376923076922412, 0.9339230769231467, 0.2594230769231035, 1.0376923076923708, 0.31130769230771554, 55.879730769233326, 56.917423076925694, 0.20753846153844824, 56.13915384615643, 0.20753846153844824, 0.466961538461595, 56.39857692307949, 0.31130769230767236, 0.31130769230771554, 55.931615384617935, 54.94580769231022, 0.15565384615383618, 0.2594230769231035, 1.141461538461595, 0.6226153846153879, 0.9339230769231467, 1.193346153846207, 0.15565384615383618, 0.7782692307692674, 1.0895769230769397, 0.5707307692307759, 0.2594230769231035, 0.10376923076926732, 0.9339230769231467, 1.8159615384615948, 0.6226153846154311, 0.8301538461538793, 0.20753846153844824, 1.5565384615385347, 1.4008846153846986, 0.20753846153849145, 0.6745000000000432, 0.5188461538461638, 0.31130769230767236, 1.6084230769231467, 0.10376923076922412, 0.7782692307692674, 1.2452307692308622, 0.0, 1.141461538461595, 0.20753846153849145, 0.9339230769231467, 0.36319230769232763, 0.7782692307692674, 0.7263846153846553, 0.10376923076922412, 0.7263846153846553, 1.5565384615385347, 0.15565384615387937, 0.10376923076922412, 0.9858076923077155, 0.41507692307693966, 0.5707307692307759, 0.5707307692307759, 1.660307692307802, 2.4385769230770693, 0.7263846153846553, 0.46696153846155175, 0.05188461538461206, 1.141461538461595, 0.6226153846154311, 0.7782692307692674, 1.4008846153846986, 0.36319230769232763, 56.45046153846415, 0.0, 0.2594230769231035, 56.19103846154104, 57.280615384618024, 0.2594230769231035, 54.790153846156336, 0.36319230769232763, 55.72407692307949, 0.518846153846207, 56.45046153846415, 0.41507692307693966, 0.6745000000000001, 0.20753846153844824, 55.62030769231022, 0.5707307692308191, 1.0895769230769827, 0.41507692307693966, 0.20753846153844824, 0.5188461538461638, 1.5046538461539225, 0.7263846153846553, 0.9339230769231467, 1.6084230769231467, 1.0376923076923708, 0.2594230769230603, 0.41507692307693966, 1.0895769230769827, 1.7640769230770261, 0.05188461538461206, 0.15565384615383618, 0.8820384615385346, 0.9858076923077588, 0.6226153846154311, 0.7782692307692674, 0.8301538461538793, 0.0, 0.05188461538461206, 0.6226153846154311, 0.6745000000000001, 57.38438461538725, 0.41507692307693966, 0.466961538461595, 55.46465384615638, 1.0376923076923708, 0.9339230769231467, 2.127269230769354, 0.8820384615385346, 0.05188461538461206, 1.5046538461539225, 0.36319230769232763, 1.712192307692414, 0.0, 0.2594230769231035, 0.31130769230767236, 0.6745000000000001, 0.9339230769231035, 1.5565384615385347, 0.36319230769232763, 0.10376923076922412, 1.2971153846154313, 0.05188461538461206, 0.36319230769232763, 0.05188461538461206, 0.36319230769232763, 0.15565384615387937, 0.7782692307692674, 1.0895769230769397, 56.45046153846415, 56.658000000002595, 0.15565384615387937, 0.6745000000000001, 0.5707307692308191, 2.1791538461539655, 0.518846153846207, 1.141461538461595, 55.20523076923328, 1.4008846153846553, 1.712192307692414, 0.466961538461595, 0.46696153846155175, 1.764076923076983, 0.41507692307693966, 0.0, 0.10376923076926732, 0.2594230769230603, 1.815961538461638, 1.0895769230769827, 0.20753846153844824, 1.245230769230819, 0.05188461538461206, 0.2594230769230603, 0.7782692307692674, 0.466961538461595, 0.9858076923077155, 0.7782692307692674, 1.3490000000000864, 0.8820384615385346, 0.0, 0.5707307692308191, 0.8820384615385346, 0.466961538461595, 0.15565384615387937, 1.5565384615385347, 0.7263846153846553, 0.518846153846207, 0.15565384615383618, 55.98350000000255, 0.0, 0.8301538461538793, 0.8301538461538793, 0.518846153846207, 56.658000000002595, 0.36319230769232763, 0.41507692307693966, 0.36319230769232763, 0.2594230769230603, 0.36319230769232763, 0.8301538461538793, 0.6745000000000432, 0.5707307692307759, 0.46696153846155175, 0.7263846153846553, 1.3490000000000864, 1.9716153846154743, 0.15565384615387937, 0.7263846153846553, 1.4527692307692675, 1.7121923076923709, 57.48815384615647, 0.5707307692307759, 0.518846153846207, 0.8301538461538793, 56.45046153846415, 56.294807692310265, 55.7759615384641, 0.8820384615385346, 0.36319230769232763, 0.6226153846154311, 0.9339230769231035, 56.81365384615647, 56.658000000002595, 55.879730769233326, 0.10376923076926732, 1.2452307692308622, 1.0376923076923708, 55.20523076923328, 55.72407692307949, 55.04957692307944, 0.36319230769232763, 1.4008846153846986, 0.36319230769232763, 56.7098846153872, 55.82784615384871, 0.5707307692307759, 54.582615384617895, 0.2594230769230603, 0.15565384615383618, 0.0, 55.568423076925605, 0.10376923076926732, 0.8820384615385346, 0.2594230769231035, 0.20753846153844824, 1.0895769230769827, 0.5707307692307759, 56.0353846153872, 0.8301538461538793, 0.9339230769231467, 0.05188461538461206, 1.0376923076923708, 0.8301538461538793, 0.31130769230771554, 1.4527692307693105, 0.15565384615387937, 0.8820384615384915, 0.05188461538461206, 0.6226153846154311, 1.0895769230769397, 1.5046538461539225, 1.5565384615385347, 0.0, 0.10376923076926732, 0.518846153846207, 1.4527692307693105, 0.20753846153844824, 0.8820384615385346, 0.05188461538461206, 0.31130769230767236, 54.42696153846401, 1.141461538461595, 0.7263846153846553, 0.10376923076926732, 1.8678461538462503, 0.31130769230771554, 0.41507692307693966, 56.658000000002595, 54.89392307692561, 0.15565384615383618, 1.9716153846154743, 0.7782692307692674, 56.917423076925694, 0.20753846153849145, 55.62030769231022, 0.5707307692307759, 55.25711538461793, 55.20523076923328, 0.15565384615383618, 0.5707307692308191, 0.9858076923077155, 1.5046538461539225, 1.141461538461595, 0.15565384615383618, 0.9339230769231467, 0.36319230769232763, 0.2594230769230603, 0.518846153846207, 1.141461538461595, 1.141461538461595, 2.0235000000000865, 0.6226153846154311, 1.5046538461539225, 0.2594230769231035, 0.20753846153844824, 1.2971153846154744, 56.86553846154108, 0.6226153846154311, 0.7263846153846553, 1.6084230769231467, 54.997692307694834, 0.36319230769232763, 0.7782692307692674, 0.0, 55.72407692307949, 55.30900000000255, 0.5707307692308191, 1.193346153846207, 0.8301538461538793, 0.7782692307692674, 0.15565384615387937, 0.10376923076922412, 0.46696153846155175, 1.4527692307693105, 1.815961538461638, 0.6745000000000001, 0.2594230769230603, 0.20753846153849145, 0.0, 0.466961538461595, 0.10376923076922412, 0.6226153846153879, 1.9197307692308623, 0.5188461538461638, 55.7759615384641, 56.08726923077182, 57.33250000000263, 1.3490000000000864, 0.05188461538461206, 1.141461538461595, 0.20753846153844824, 0.10376923076922412, 0.7263846153846553, 0.20753846153849145, 0.20753846153844824, 0.05188461538461206, 1.0376923076923708, 0.7782692307692674, 0.05188461538461206, 0.05188461538461206, 0.7263846153846553, 0.8301538461538793, 2.6980000000001296, 1.0895769230769827, 54.582615384617895, 0.15565384615383618, 0.10376923076922412, 1.3490000000000864, 56.502346153848755, 55.360884615387164, 0.15565384615387937, 0.9858076923077588, 0.31130769230767236, 0.41507692307693966, 1.5046538461539225, 0.6745000000000001, 0.15565384615387937, 0.46696153846155175, 0.7263846153846553, 0.466961538461595, 0.31130769230767236, 0.0, 0.5707307692307759, 0.41507692307693966, 0.05188461538461206, 0.31130769230771554, 0.518846153846207, 0.41507692307693966, 0.10376923076926732, 0.7782692307692674, 0.8820384615384915, 0.36319230769232763, 0.8820384615384915, 1.0895769230769397, 56.76176923077181, 0.9858076923077588, 56.08726923077182, 56.60611538461798, 0.31130769230771554, 0.7263846153846553, 0.6226153846154311, 2.1791538461539655, 0.466961538461595, 1.349000000000043, 0.10376923076922412, 1.9716153846154743, 1.815961538461638, 0.15565384615387937, 0.10376923076926732, 0.466961538461595, 1.7640769230770261, 0.2594230769230603, 0.518846153846207, 0.6226153846153879, 0.10376923076926732, 0.41507692307693966, 0.36319230769232763, 0.6226153846154311, 0.6226153846153879, 0.9858076923077155, 0.46696153846155175, 0.10376923076926732, 0.6226153846154311, 0.41507692307693966, 56.7098846153872, 56.294807692310265, 0.7782692307692674, 1.141461538461595, 55.98350000000255, 0.36319230769232763, 56.294807692310265, 54.89392307692561, 55.516538461540996, 0.518846153846207, 0.36319230769232763, 0.15565384615383618, 56.7098846153872, 56.34669230769487, 55.879730769233326, 0.36319230769232763, 1.6084230769231467, 56.0353846153872, 1.2971153846154744, 56.60611538461798, 0.31130769230767236, 56.7098846153872, 0.2594230769231035, 55.153346153848666, 56.0353846153872, 56.34669230769487, 56.34669230769487, 56.34669230769487, 0.2594230769231035, 0.31130769230771554, 0.05188461538461206, 1.0895769230769827, 0.05188461538461206, 0.10376923076922412, 0.31130769230771554, 55.82784615384871, 1.815961538461638, 2.1791538461539655, 55.7759615384641, 56.24292307692565, 0.46696153846155175, 55.72407692307949, 1.2971153846154313, 56.294807692310265, 55.67219230769488, 0.20753846153844824, 0.466961538461595, 0.10376923076926732, 0.5707307692308191, 0.31130769230771554, 0.15565384615383618, 0.36319230769232763, 0.05188461538461206, 55.30900000000255, 0.20753846153844824, 0.15565384615383618, 1.2452307692308622, 55.568423076925605, 55.879730769233326, 0.8820384615385346, 0.8820384615385346, 1.4008846153846986, 0.31130769230771554, 0.7782692307692674, 1.4008846153846986, 0.6226153846154311, 0.41507692307693966, 0.2594230769230603, 0.15565384615387937, 0.6226153846153879, 0.7263846153846553, 0.20753846153849145, 0.15565384615383618, 0.2594230769231035, 0.7263846153846553, 0.20753846153844824, 1.141461538461595, 0.31130769230767236, 55.7759615384641, 0.2594230769230603, 56.39857692307949, 0.7782692307692674, 0.36319230769232763, 0.20753846153849145, 56.554230769233364, 55.41276923077177, 56.0353846153872, 1.245230769230819, 1.8159615384615948, 0.5707307692308191, 56.34669230769487, 55.20523076923328, 0.2594230769230603, 0.0, 0.31130769230771554, 0.2594230769230603, 0.8301538461538793, 0.6226153846153879, 57.64380769231035, 1.4527692307692675, 1.245230769230819, 57.48815384615647, 55.46465384615638, 0.2594230769230603, 0.15565384615387937, 0.6226153846154311, 1.5565384615385347, 0.41507692307693966, 0.6226153846153879, 56.45046153846415, 55.72407692307949, 1.4008846153846986, 0.0, 0.2594230769231035, 0.05188461538461206, 56.13915384615643, 0.6226153846153879, 0.7782692307692674, 0.05188461538461206, 0.466961538461595, 1.141461538461595, 0.9858076923077155, 1.712192307692414, 0.6226153846153879, 0.05188461538461206, 0.10376923076926732, 0.0, 0.05188461538461206, 0.7263846153846553, 0.5707307692308191, 1.2971153846154744, 0.31130769230771554, 0.15565384615387937, 0.466961538461595, 0.41507692307693966, 0.7782692307692674, 1.0376923076923708, 1.245230769230819, 0.8820384615385346, 1.712192307692414, 0.10376923076922412, 0.31130769230767236, 0.2594230769230603, 0.41507692307693966, 0.7263846153846553, 0.7782692307692674, 0.41507692307693966, 0.5707307692308191, 0.5707307692308191, 0.2594230769230603, 0.15565384615387937, 0.05188461538461206, 0.5707307692308191, 0.31130769230771554, 0.31130769230771554, 1.0376923076923708, 0.46696153846155175, 55.67219230769488, 55.72407692307949, 0.2594230769230603, 0.6745000000000432, 0.5188461538461638, 0.10376923076922412, 55.04957692307944, 1.5046538461539225, 55.568423076925605, 0.2594230769231035, 0.41507692307693966, 0.0, 1.2971153846154744, 0.31130769230767236, 0.20753846153844824, 0.15565384615387937, 2.231038461538578, 1.3490000000000864, 1.2971153846154313, 1.4008846153846986, 0.05188461538461206, 0.10376923076922412, 1.2971153846154313, 0.8301538461538793, 1.0895769230769827, 0.2594230769230603, 1.0376923076923277, 0.41507692307693966, 0.7782692307692674, 56.554230769233364, 56.294807692310265, 0.5188461538461638, 57.02119230769492, 0.0, 56.81365384615647, 0.05188461538461206, 0.6226153846153879, 55.20523076923328, 1.0895769230769827, 56.0353846153872, 0.41507692307693966, 2.0235000000000865, 0.6226153846153879, 57.12496153846414, 0.8820384615384915, 0.6745000000000432, 55.25711538461793, 57.33250000000263, 0.6226153846154311, 55.72407692307949, 0.36319230769232763, 0.2594230769231035, 0.2594230769230603, 0.5707307692308191, 0.518846153846207, 55.41276923077177, 55.82784615384871, 55.82784615384871, 0.0, 0.6745000000000432, 1.193346153846207, 56.554230769233364, 56.81365384615647, 56.86553846154108, 1.2971153846154313, 1.9197307692308623, 1.815961538461638, 1.4008846153846553, 0.8820384615385346, 0.36319230769232763, 1.5046538461539225, 0.8820384615385346, 0.15565384615383618, 0.8301538461538793, 1.0376923076923277, 0.8820384615385346, 55.25711538461793, 0.9339230769231467, 0.46696153846155175, 0.15565384615387937, 1.4008846153846986, 0.5707307692308191, 0.10376923076922412, 0.36319230769232763, 0.36319230769232763, 0.31130769230767236, 2.5942307692309057, 1.141461538461595, 853.4500384615777, 0.2594230769231035, 0.6226153846153879, 0.2594230769231035, 0.41507692307693966, 54.73826923077173, 55.41276923077177, 0.518846153846207, 1.4527692307693105, 0.7782692307692674, 57.02119230769492, 0.6226153846154311, 0.10376923076922412, 55.7759615384641, 55.25711538461793, 1.815961538461638, 56.08726923077182, 1.349000000000043, 1.4527692307693105, 56.34669230769487, 0.36319230769232763, 0.9858076923077588, 0.9858076923077588, 1.245230769230819, 0.5707307692308191, 0.31130769230767236, 0.5707307692308191, 1.9197307692308623, 0.20753846153849145, 0.7782692307692674, 0.7263846153846553, 1.8678461538462503, 0.10376923076922412, 0.9858076923077588, 0.20753846153849145, 0.0, 1.141461538461595, 1.4527692307692675, 0.41507692307693966, 0.05188461538461206, 0.6226153846154311, 0.31130769230767236, 0.41507692307693966, 0.8820384615385346, 1.5046538461539225, 0.10376923076922412, 0.6745000000000001, 0.8301538461538793, 0.9858076923077155, 0.6226153846154311, 1.5565384615385347, 55.20523076923328, 0.5707307692308191, 0.518846153846207, 0.2594230769230603, 0.31130769230771554, 0.7263846153846553, 0.466961538461595, 0.2594230769230603, 0.9858076923077588, 1.0376923076923277, 0.20753846153849145, 0.2594230769231035, 0.6745000000000001, 0.46696153846155175, 0.8301538461538793, 0.10376923076922412, 0.7263846153846553, 1.9197307692308623, 0.05188461538461206, 0.36319230769232763, 0.466961538461595, 1.0895769230769827, 0.15565384615387937, 0.2594230769231035, 1.6084230769231467, 56.60611538461798, 55.7759615384641, 0.7782692307692674, 0.31130769230767236, 0.466961538461595, 0.20753846153849145, 0.31130769230767236, 0.2594230769230603, 0.8820384615385346, 1.660307692307802, 0.5707307692307759, 0.05188461538461206, 1.0895769230769827, 1.712192307692414, 0.10376923076922412, 0.15565384615383618, 1.141461538461595, 0.20753846153849145, 0.8301538461538793, 0.20753846153849145, 0.7263846153846553, 0.20753846153849145, 0.7782692307692674, 0.7782692307692674, 1.2971153846154744, 1.5046538461539225, 0.6745000000000001, 0.2594230769230603, 0.05188461538461206, 0.9858076923077155, 0.36319230769232763, 0.2594230769231035, 0.5707307692307759, 0.05188461538461206, 0.15565384615387937, 0.46696153846155175, 0.466961538461595, 0.518846153846207, 1.0376923076923708, 0.05188461538461206, 0.6226153846154311, 1.5565384615385347, 0.6226153846154311, 0.5188461538461638, 0.6745000000000432, 0.7263846153846553, 0.6745000000000001, 0.05188461538461206, 0.9339230769231467, 1.0376923076923708, 0.05188461538461206, 0.8301538461538793, 2.0753846153847415, 0.31130769230767236, 0.0, 0.8301538461538793, 0.15565384615387937, 0.10376923076922412, 0.0, 2.4904615384616813, 1.4527692307693105, 0.6745000000000432, 0.31130769230771554, 0.8301538461538793, 0.46696153846155175, 0.41507692307693966, 0.2594230769230603, 0.31130769230771554, 1.5046538461539225, 0.8820384615385346, 0.7782692307692674, 3.1649615384616814, 1.2971153846154744, 0.31130769230771554, 0.9858076923077588, 0.0, 0.10376923076922412, 0.9339230769231467, 0.2594230769230603, 1.5046538461539225, 0.41507692307693966, 1.3490000000000864, 0.41507692307693966, 0.05188461538461206, 0.20753846153849145, 0.6745000000000432, 0.5707307692308191, 0.518846153846207, 1.0376923076923708, 0.6226153846153879, 0.15565384615383618, 1.8678461538462503, 0.7263846153846553, 0.36319230769232763, 0.20753846153844824, 1.0376923076923277, 1.0895769230769397, 55.98350000000255, 56.294807692310265, 56.45046153846415, 1.141461538461595, 55.82784615384871, 57.280615384618024, 57.12496153846414, 57.17684615384876, 0.5188461538461638, 1.9716153846154743, 0.6226153846154311, 55.879730769233326, 0.6226153846154311, 0.20753846153849145, 0.20753846153849145, 55.46465384615638, 0.466961538461595, 0.20753846153849145, 1.0895769230769827, 1.2971153846154313, 0.5188461538461638, 1.141461538461595, 0.0, 1.141461538461595, 0.518846153846207, 0.20753846153849145, 0.15565384615383618, 0.518846153846207, 0.7782692307692674, 0.10376923076922412, 0.5707307692307759, 0.6226153846153879, 0.31130769230771554, 0.05188461538461206, 1.2971153846154744, 0.9858076923077155, 0.8820384615385346, 0.31130769230771554, 0.0, 0.10376923076926732, 0.7263846153846553, 0.6745000000000001, 0.518846153846207, 0.05188461538461206, 0.10376923076926732, 0.31130769230767236, 0.466961538461595, 0.46696153846155175, 0.2594230769230603, 0.05188461538461206, 0.7263846153846553, 55.98350000000255, 55.46465384615638, 0.05188461538461206, 0.5707307692308191, 0.10376923076922412, 0.5188461538461638, 0.36319230769232763, 56.502346153848755, 0.05188461538461206, 0.518846153846207, 0.20753846153849145, 0.8301538461538793, 0.7263846153846553, 0.31130769230771554, 0.10376923076926732, 0.20753846153849145, 0.9858076923077588, 3.1130769230770694, 2.5423461538462937, 0.05188461538461206, 1.712192307692414, 0.46696153846155175, 0.46696153846155175, 0.15565384615387937, 0.466961538461595, 0.7263846153846553, 0.9339230769231035, 1.5565384615385347, 0.466961538461595, 0.7782692307692674, 0.05188461538461206, 0.5707307692308191, 0.518846153846207, 0.6745000000000432, 0.2594230769231035, 1.141461538461595, 0.10376923076926732, 0.9858076923077588, 0.31130769230771554, 0.2594230769231035, 1.0895769230769827, 0.05188461538461206, 0.05188461538461206, 1.0376923076923708, 0.9858076923077588, 0.7782692307692674, 0.7782692307692674, 0.2594230769231035, 0.466961538461595, 1.0376923076923708, 1.712192307692414, 1.0895769230769827, 0.5188461538461638, 0.0, 1.2452307692308622, 0.10376923076922412, 0.466961538461595, 0.5188461538461638, 1.815961538461638, 0.15565384615383618, 0.20753846153849145, 0.466961538461595, 0.0, 0.31130769230771554, 1.0895769230769397, 0.15565384615387937, 0.41507692307693966, 1.5565384615385347, 0.46696153846155175, 0.8820384615385346, 0.518846153846207, 0.31130769230767236, 0.41507692307693966, 0.20753846153849145, 0.8301538461538793, 0.6226153846154311, 0.05188461538461206, 0.6745000000000001, 0.05188461538461206, 1.141461538461595, 0.15565384615387937, 0.5707307692308191, 1.2452307692308622, 1.0376923076923708, 1.815961538461638, 1.4008846153846986, 1.4008846153846986, 1.5565384615385347, 0.5707307692307759, 0.05188461538461206, 0.7263846153846553, 1.5046538461539225, 0.9339230769231035, 0.15565384615383618, 1.4527692307693105, 0.7782692307692674, 2.0753846153846984, 0.8301538461538793, 1.193346153846207, 0.20753846153849145, 0.31130769230767236, 0.20753846153849145, 0.41507692307693966, 0.15565384615387937, 0.41507692307693966, 57.12496153846414, 56.24292307692565, 0.7263846153846553, 56.19103846154104, 56.76176923077181, 55.20523076923328, 0.41507692307693966, 0.8820384615384915, 0.36319230769232763, 55.82784615384871, 0.46696153846155175, 56.13915384615643, 57.02119230769492, 56.7098846153872, 55.41276923077177, 56.19103846154104, 56.917423076925694, 0.41507692307693966, 0.5188461538461638, 0.15565384615387937, 0.15565384615387937, 0.15565384615387937, 0.36319230769232763, 55.82784615384871, 55.30900000000255, 0.2594230769231035, 1.0376923076923708, 1.2452307692308622, 0.20753846153844824, 0.9858076923077588, 0.2594230769230603, 56.24292307692565, 56.502346153848755, 0.05188461538461206, 0.36319230769232763, 0.5188461538461638, 0.5188461538461638, 56.08726923077182, 1.4008846153846986, 1.245230769230819, 0.31130769230767236, 0.9339230769231035, 56.917423076925694, 56.39857692307949, 1.0376923076923708, 0.7782692307692674, 56.658000000002595, 1.5565384615385347, 0.518846153846207, 0.5188461538461638, 0.9339230769231035, 0.5707307692307759, 55.10146153846406, 56.08726923077182, 0.7782692307692674, 0.7782692307692674, 1.6084230769231467, 0.36319230769232763, 56.39857692307949, 0.36319230769232763, 0.5188461538461638, 0.6226153846153879, 0.8820384615384915, 0.9339230769231035, 0.8301538461538793, 0.10376923076922412, 0.05188461538461206, 0.46696153846155175, 0.31130769230771554, 55.931615384617935, 56.08726923077182, 0.15565384615383618, 0.5188461538461638, 0.7782692307692674, 0.10376923076926732, 0.7782692307692674, 1.5565384615385347, 0.7782692307692674, 1.0376923076923277, 0.8820384615385346, 0.7263846153846553, 1.0895769230769827, 0.5707307692307759, 0.6745000000000432, 0.5707307692308191, 0.05188461538461206, 0.2594230769231035, 0.7782692307692674, 0.466961538461595, 0.5707307692308191, 2.127269230769354, 0.20753846153849145, 1.0376923076923708, 0.20753846153849145, 0.6745000000000432, 0.5707307692307759, 0.5707307692308191, 0.518846153846207, 1.2452307692308622, 0.6745000000000001, 0.36319230769232763, 1.0895769230769827, 0.5188461538461638, 0.518846153846207, 0.7263846153846553, 56.76176923077181, 56.24292307692565, 0.7782692307692674, 0.36319230769232763, 0.7263846153846553, 0.10376923076926732, 1.7121923076923709, 1.0376923076923277, 1.193346153846207, 0.518846153846207, 1.349000000000043, 1.2971153846154744, 1.0895769230769397, 0.05188461538461206, 0.05188461538461206, 1.0895769230769827, 0.20753846153844824, 1.0376923076923708, 0.6745000000000001, 0.5707307692308191, 0.05188461538461206, 0.7263846153846553, 0.10376923076926732, 0.20753846153844824, 0.41507692307693966, 1.5565384615385347, 0.46696153846155175, 0.31130769230767236, 0.6226153846153879, 0.2594230769231035, 0.9858076923077588, 1.6603076923077587, 2.386692307692414, 57.02119230769492, 0.31130769230771554, 0.41507692307693966, 0.10376923076926732, 0.36319230769232763, 0.10376923076922412, 56.60611538461798, 55.879730769233326, 0.20753846153849145, 1.193346153846207, 54.271307692310174, 0.10376923076922412, 55.931615384617935, 0.8820384615385346, 0.5188461538461638, 56.08726923077182, 0.31130769230767236, 55.62030769231022, 56.13915384615643, 0.9858076923077588, 56.08726923077182, 0.9858076923077155, 1.0376923076923708, 0.7263846153846553, 0.15565384615387937, 0.6745000000000432, 0.15565384615383618, 0.15565384615383618, 0.10376923076926732, 1.5565384615385347, 0.9858076923077155, 0.5707307692307759, 56.76176923077181, 57.073076923079526, 0.5188461538461638, 56.13915384615643, 55.25711538461793, 0.6226153846154311, 0.15565384615387937, 1.349000000000043, 0.0, 0.05188461538461206, 0.7263846153846553, 0.8301538461538793, 0.31130769230771554, 1.5565384615385347, 1.193346153846207, 1.2452307692308622, 1.0376923076923277, 55.20523076923328, 1.660307692307802, 0.20753846153844824, 0.41507692307693966, 0.31130769230771554, 1.141461538461595, 0.466961538461595, 1.5046538461539225, 0.41507692307693966, 0.518846153846207, 0.20753846153844824, 1.6084230769231467, 0.5707307692307759, 0.2594230769231035, 56.60611538461798, 0.05188461538461206, 55.153346153848666, 55.931615384617935, 54.68638461538712, 1.193346153846207, 0.15565384615383618, 1.2971153846154744, 2.386692307692414, 0.41507692307693966, 0.36319230769232763, 0.6226153846154311, 0.466961538461595, 0.20753846153844824, 2.4385769230770693, 1.5565384615385347, 0.7782692307692674, 56.45046153846415, 57.43626923077186, 56.86553846154108, 55.7759615384641, 0.10376923076922412, 0.6745000000000001, 0.2594230769231035, 0.2594230769230603, 56.45046153846415, 0.7263846153846553, 0.20753846153844824, 0.41507692307693966, 0.5707307692307759, 0.10376923076922412, 0.8820384615385346, 0.41507692307693966, 2.4385769230770693, 0.10376923076926732, 0.5707307692307759, 1.2971153846154313, 1.0895769230769827, 0.10376923076926732, 0.15565384615387937, 1.4008846153846553, 0.8820384615384915, 0.5707307692308191, 0.2594230769230603, 1.0895769230769397, 0.46696153846155175, 55.72407692307949, 0.10376923076926732, 56.554230769233364, 0.5188461538461638, 1.7640769230770261, 0.9339230769231467, 0.8820384615385346, 0.10376923076926732, 0.8301538461538793, 0.6226153846153879, 0.466961538461595, 0.7782692307692674, 0.36319230769232763, 1.4527692307693105, 1.349000000000043, 0.20753846153844824, 56.39857692307949, 0.6745000000000001, 1.4527692307692675, 0.41507692307693966, 0.6226153846154311, 0.9858076923077588, 0.2594230769231035, 0.05188461538461206, 1.0895769230769397, 0.05188461538461206, 0.6226153846153879, 0.8301538461538793, 0.6226153846153879, 0.05188461538461206, 0.31130769230771554, 54.73826923077173, 56.502346153848755, 55.568423076925605, 0.10376923076926732, 1.4527692307693105, 0.466961538461595, 0.15565384615387937, 0.10376923076926732, 56.19103846154104, 1.0376923076923708, 1.0376923076923708, 0.31130769230771554, 0.20753846153849145, 56.45046153846415, 56.7098846153872, 0.6226153846154311, 0.05188461538461206, 1.193346153846207, 0.41507692307693966, 1.7640769230770261, 0.5707307692308191, 0.8820384615384915, 0.20753846153849145, 0.518846153846207, 1.0895769230769397, 1.5046538461539225, 1.9197307692308623, 0.10376923076922412, 0.05188461538461206, 0.9339230769231467, 0.05188461538461206, 1.193346153846207, 57.073076923079526, 0.15565384615387937, 55.879730769233326, 56.502346153848755, 55.46465384615638, 57.02119230769492, 56.60611538461798, 0.15565384615383618, 1.8159615384615948, 1.6603076923077587, 0.8820384615385346, 0.05188461538461206, 0.8301538461538793, 0.7782692307692674, 0.9858076923077588, 0.6745000000000432, 0.9858076923077588, 0.31130769230771554, 0.10376923076926732, 0.5188461538461638, 0.7782692307692674, 0.2594230769230603, 0.518846153846207, 0.05188461538461206, 1.193346153846207, 0.9858076923077588, 0.20753846153844824, 0.6745000000000001, 0.5188461538461638, 1.4527692307692675, 0.36319230769232763, 1.0895769230769397, 0.5188461538461638, 0.0, 0.36319230769232763, 56.554230769233364, 0.0, 1.0895769230769397, 0.6745000000000001, 0.05188461538461206, 0.2594230769230603, 0.5707307692307759, 1.2452307692308622, 0.6745000000000432, 56.39857692307949, 56.0353846153872, 56.45046153846415, 55.98350000000255, 0.2594230769231035, 0.15565384615383618, 56.658000000002595, 55.98350000000255, 0.8820384615385346, 0.7782692307692674, 0.10376923076926732, 0.46696153846155175, 1.4527692307692675, 0.05188461538461206, 0.5707307692308191, 0.41507692307693966, 0.518846153846207, 0.6226153846153879, 0.10376923076922412, 1.3490000000000864, 0.41507692307693966, 55.879730769233326, 0.0, 0.05188461538461206, 1.2452307692308622, 0.36319230769232763, 56.08726923077182, 1.5565384615385347, 0.5707307692307759, 56.34669230769487, 55.879730769233326, 0.15565384615387937, 0.20753846153849145, 0.9858076923077588, 0.46696153846155175, 0.2594230769231035, 0.36319230769232763, 0.41507692307693966, 0.8820384615384915, 0.31130769230767236, 0.10376923076926732, 0.10376923076922412, 0.5707307692308191, 0.7263846153846553, 0.2594230769231035, 0.31130769230767236, 1.0376923076923277, 0.05188461538461206, 0.518846153846207, 0.10376923076926732, 0.0, 0.2594230769231035, 0.41507692307693966, 0.20753846153844824, 0.15565384615387937, 0.5707307692308191, 0.31130769230767236, 0.20753846153849145, 0.20753846153844824, 0.10376923076922412, 0.15565384615383618, 0.41507692307693966, 0.6226153846153879, 0.05188461538461206, 0.518846153846207, 1.193346153846207, 0.7782692307692674, 1.6084230769231467, 1.3490000000000864, 0.6226153846153879, 0.10376923076922412, 1.9716153846154743, 56.658000000002595, 0.20753846153849145, 2.438576923077026, 0.466961538461595, 0.8301538461538793, 55.67219230769488, 56.96930769231031, 55.04957692307944, 56.34669230769487, 56.19103846154104, 0.2594230769230603, 0.2594230769230603, 0.15565384615387937, 0.05188461538461206, 0.6226153846154311, 0.2594230769231035, 1.815961538461638, 0.20753846153849145, 1.0895769230769397, 0.20753846153844824, 0.15565384615387937, 0.518846153846207, 0.15565384615387937, 0.8301538461538793, 0.31130769230767236, 1.2971153846154313, 0.7782692307692674, 0.46696153846155175, 56.19103846154104, 0.5707307692308191, 0.518846153846207, 56.658000000002595, 55.931615384617935, 54.42696153846401, 0.20753846153849145, 0.36319230769232763, 55.568423076925605, 0.10376923076922412, 0.6745000000000001, 0.41507692307693966, 0.9858076923077588, 0.8820384615385346, 0.466961538461595, 1.141461538461595, 0.36319230769232763, 0.7782692307692674, 1.0895769230769397, 0.7263846153846553, 0.8820384615384915, 0.6226153846153879, 0.36319230769232763, 0.20753846153844824, 0.8820384615384915, 0.2594230769231035, 0.36319230769232763, 1.8678461538462503, 0.20753846153849145, 0.20753846153849145, 54.89392307692561, 56.34669230769487, 1.2971153846154744, 0.41507692307693966, 55.72407692307949, 0.6226153846154311, 1.4527692307693105, 1.5565384615385347, 0.6745000000000432, 1.7121923076923709, 56.19103846154104, 55.30900000000255, 0.7263846153846553, 0.20753846153849145, 0.41507692307693966, 0.31130769230767236, 0.8301538461538793, 0.9339230769231467, 0.36319230769232763, 56.294807692310265, 0.2594230769230603, 0.0, 1.193346153846207, 0.10376923076922412, 0.36319230769232763, 0.36319230769232763, 0.2594230769231035, 0.518846153846207, 0.15565384615383618, 0.05188461538461206, 0.10376923076922412, 0.15565384615383618, 0.8820384615385346, 0.36319230769232763, 0.9339230769231035, 1.2971153846154744, 0.5707307692307759, 0.31130769230767236, 1.3490000000000864, 1.4008846153846986, 1.0895769230769397, 0.9858076923077588, 56.917423076925694, 0.31130769230767236, 0.31130769230767236, 0.10376923076922412, 1.0376923076923277, 1.4008846153846553, 0.36319230769232763, 1.6603076923077587, 0.05188461538461206, 0.36319230769232763, 0.7782692307692674, 1.0895769230769397, 0.8820384615385346, 0.20753846153844824, 0.2594230769230603, 0.0, 0.8820384615385346, 0.466961538461595, 0.46696153846155175, 0.8301538461538793, 0.20753846153849145, 0.2594230769230603, 0.8301538461538793, 0.6226153846153879, 0.8820384615385346, 1.193346153846207, 0.8820384615384915, 0.31130769230771554, 0.10376923076926732, 0.5707307692308191, 56.502346153848755, 57.073076923079526, 0.41507692307693966, 56.502346153848755, 0.10376923076922412, 57.073076923079526, 57.12496153846414, 55.25711538461793, 1.0895769230769827, 0.5188461538461638, 0.6226153846154311, 0.7782692307692674, 1.141461538461595, 0.6745000000000001, 0.8820384615385346, 0.31130769230767236, 0.518846153846207, 0.9339230769231035, 0.6745000000000432, 0.31130769230767236, 1.245230769230819, 0.5707307692308191, 0.41507692307693966, 1.2971153846154313, 0.20753846153844824, 0.20753846153849145, 0.8301538461538793, 1.3490000000000864, 0.41507692307693966, 0.6745000000000001, 0.31130769230767236, 0.9339230769231467, 0.466961538461595, 0.8820384615385346, 56.60611538461798, 0.6745000000000432, 0.6745000000000001, 1.0895769230769397, 1.141461538461595, 0.10376923076922412, 0.7263846153846553, 0.05188461538461206, 0.15565384615387937, 0.41507692307693966, 0.5188461538461638, 0.5707307692308191, 0.2594230769230603, 0.41507692307693966, 0.20753846153849145, 0.6226153846153879, 55.25711538461793, 2.231038461538578, 0.20753846153844824, 0.41507692307693966, 0.15565384615387937, 1.4008846153846986, 0.31130769230771554, 0.2594230769231035, 0.36319230769232763, 0.9858076923077155, 0.7782692307692674, 0.31130769230767236, 0.15565384615387937, 0.20753846153844824, 0.7263846153846553, 0.36319230769232763, 0.31130769230767236, 0.05188461538461206, 0.8820384615385346, 1.4527692307692675, 0.7782692307692674, 0.9858076923077155, 0.10376923076922412, 0.2594230769231035, 0.9858076923077155, 0.46696153846155175, 2.1272692307693104, 0.0, 1.193346153846207, 0.10376923076922412, 0.36319230769232763, 0.10376923076926732, 0.46696153846155175, 1.4008846153846553, 56.917423076925694, 55.98350000000255, 0.9339230769231467, 0.41507692307693966, 0.8820384615384915, 1.2971153846154313, 0.6745000000000001, 56.554230769233364, 0.31130769230771554, 55.568423076925605, 0.05188461538461206, 0.466961538461595, 0.46696153846155175, 1.0376923076923708, 1.4527692307693105, 1.2452307692308622, 0.15565384615387937, 0.05188461538461206, 0.20753846153844824, 55.7759615384641, 0.0, 0.31130769230767236, 0.6226153846153879, 1.4008846153846553, 0.8820384615384915, 0.7782692307692674, 0.20753846153844824, 55.516538461540996, 1.4527692307693105, 0.05188461538461206, 0.7263846153846553, 1.8159615384615948, 0.6226153846154311, 0.5707307692308191, 1.141461538461595, 1.4008846153846986, 1.2452307692308622, 0.6745000000000432, 1.0895769230769827, 0.20753846153849145, 1.867846153846207, 1.6084230769231467, 0.05188461538461206, 0.41507692307693966, 0.20753846153849145, 1.0376923076923708, 0.10376923076922412, 0.36319230769232763, 0.05188461538461206, 0.20753846153844824, 0.05188461538461206, 0.10376923076926732, 0.31130769230771554, 0.6745000000000432, 0.518846153846207, 0.5707307692307759, 0.6745000000000001, 0.5707307692307759, 0.15565384615387937, 0.2594230769231035, 0.5188461538461638, 0.5188461538461638, 0.31130769230771554, 0.6226153846154311, 0.36319230769232763, 0.20753846153849145, 0.9339230769231467, 0.6226153846153879, 0.10376923076922412, 0.15565384615387937, 0.2594230769230603, 0.05188461538461206, 1.4008846153846986, 0.0, 0.36319230769232763, 1.2971153846154744, 0.05188461538461206, 0.0, 0.5707307692307759, 0.05188461538461206, 0.9858076923077155, 57.228730769233415, 57.073076923079526, 0.41507692307693966, 56.502346153848755, 0.05188461538461206, 55.360884615387164, 0.20753846153849145, 0.10376923076926732, 0.6745000000000432, 0.41507692307693966, 0.15565384615387937, 1.141461538461595, 0.15565384615387937, 0.0, 55.879730769233326, 0.41507692307693966, 0.31130769230767236, 0.15565384615387937, 1.141461538461595, 56.39857692307949, 54.94580769231022, 0.8820384615385346, 0.10376923076922412, 0.20753846153844824, 0.2594230769230603, 54.84203846154095, 0.8820384615385346, 55.72407692307949, 1.193346153846207, 0.20753846153849145, 0.2594230769231035, 1.141461538461595, 1.5565384615385347, 1.0376923076923708, 0.8820384615385346, 1.712192307692414, 1.193346153846207, 0.10376923076926732, 1.7121923076923709, 0.6745000000000001, 1.2452307692308622, 0.2594230769230603, 0.6745000000000001, 0.6226153846154311, 0.2594230769231035, 0.518846153846207, 0.31130769230771554, 0.20753846153849145, 0.10376923076922412, 0.9858076923077155, 0.6745000000000001, 0.7263846153846553, 56.34669230769487, 0.6226153846153879, 1.712192307692414, 55.82784615384871, 0.10376923076926732, 55.931615384617935, 0.6745000000000001, 55.931615384617935, 0.15565384615383618, 0.05188461538461206, 1.4008846153846986, 1.7121923076923709, 0.10376923076922412, 0.2594230769230603, 0.31130769230767236, 0.0, 2.5942307692309057, 0.05188461538461206, 0.8301538461538793, 0.518846153846207, 0.5188461538461638, 0.10376923076926732, 0.2594230769231035, 0.20753846153844824, 0.36319230769232763, 55.25711538461793, 0.7263846153846553, 0.8820384615384915, 0.9858076923077588, 1.3490000000000864, 1.660307692307802, 55.62030769231022, 0.6226153846153879, 0.518846153846207, 0.10376923076926732, 0.20753846153844824, 0.05188461538461206, 1.2452307692308622, 1.193346153846207, 0.10376923076926732, 0.41507692307693966, 1.2971153846154313, 0.2594230769231035, 0.31130769230767236, 0.31130769230767236, 0.6745000000000432, 0.05188461538461206, 1.193346153846207, 0.0, 56.86553846154108, 0.9339230769231035, 55.41276923077177, 55.41276923077177, 0.9858076923077588, 0.6226153846153879, 56.34669230769487, 1.141461538461595, 0.5707307692307759, 0.41507692307693966, 0.9858076923077588, 1.245230769230819, 1.5046538461539225, 0.466961538461595, 0.05188461538461206, 1.2971153846154744, 0.8301538461538793, 0.15565384615387937, 0.9858076923077155, 1.4527692307693105, 1.2971153846154744, 0.10376923076922412, 1.2971153846154313, 0.41507692307693966, 1.0895769230769827, 0.0, 0.15565384615387937, 1.4008846153846986, 0.36319230769232763, 0.5707307692307759, 0.2594230769230603, 1.3490000000000864, 0.46696153846155175, 1.193346153846207, 1.2971153846154744, 1.245230769230819, 0.466961538461595, 0.9858076923077155, 1.5565384615385347, 56.19103846154104, 0.0, 0.36319230769232763, 1.0895769230769827, 0.05188461538461206, 0.05188461538461206, 0.5188461538461638, 0.6226153846153879, 0.46696153846155175, 0.31130769230771554, 0.2594230769230603, 0.2594230769231035, 1.4008846153846986, 1.4008846153846553, 1.5565384615385347, 0.6226153846154311, 0.10376923076926732, 1.193346153846207, 56.86553846154108, 55.10146153846406, 0.518846153846207, 0.05188461538461206, 1.0895769230769827, 56.34669230769487, 56.34669230769487, 0.0, 0.6226153846154311, 1.9716153846154743, 1.245230769230819, 0.15565384615387937, 1.141461538461595, 0.05188461538461206, 0.5707307692308191, 0.9339230769231035, 1.0376923076923277, 0.2594230769231035, 0.15565384615383618, 0.20753846153849145, 0.6226153846153879, 1.0376923076923708, 0.05188461538461206, 0.36319230769232763, 0.6745000000000432, 1.4008846153846986, 0.20753846153844824, 0.518846153846207, 0.20753846153849145, 1.815961538461638, 0.466961538461595, 56.917423076925694, 56.60611538461798, 1.660307692307802, 56.60611538461798, 56.7098846153872, 56.60611538461798, 0.10376923076926732, 0.6226153846153879, 0.31130769230771554, 0.5707307692307759, 1.2452307692308622, 0.2594230769230603, 0.6226153846154311, 1.245230769230819, 0.518846153846207, 0.6226153846154311, 0.9339230769231467, 0.10376923076926732, 0.6745000000000001, 0.15565384615383618, 0.05188461538461206, 0.46696153846155175, 0.15565384615387937, 0.9339230769231035, 0.5707307692308191, 0.8820384615384915, 0.6745000000000432, 1.0376923076923708, 0.41507692307693966, 0.20753846153844824, 57.280615384618024, 0.7263846153846553, 0.9858076923077588, 55.568423076925605, 0.2594230769230603, 0.7263846153846553, 0.10376923076926732, 0.41507692307693966, 56.45046153846415, 0.6745000000000432, 0.20753846153844824, 0.05188461538461206, 0.41507692307693966, 0.0, 0.31130769230771554, 0.518846153846207, 0.466961538461595, 1.2971153846154313, 56.34669230769487, 55.98350000000255, 0.15565384615383618, 1.0895769230769827, 1.6084230769231467, 0.7263846153846553, 0.7263846153846553, 0.41507692307693966, 0.7782692307692674, 1.5565384615385347, 0.36319230769232763, 0.466961538461595, 0.6226153846154311, 0.0, 0.05188461538461206, 0.5707307692307759, 0.2594230769231035, 0.36319230769232763, 0.10376923076926732, 0.05188461538461206, 0.2594230769230603, 0.2594230769230603, 0.05188461538461206, 56.45046153846415, 0.20753846153849145, 0.2594230769231035, 1.0895769230769827, 0.10376923076926732, 0.6226153846154311, 55.931615384617935, 54.634500000002504, 1.141461538461595, 0.05188461538461206, 56.96930769231031, 57.280615384618024, 0.10376923076926732, 0.8820384615384915, 57.073076923079526, 0.8820384615385346, 56.294807692310265, 55.25711538461793, 0.0, 0.41507692307693966, 0.0, 1.4008846153846986, 55.931615384617935, 56.96930769231031, 56.08726923077182, 54.997692307694834, 1.712192307692414, 56.294807692310265, 56.45046153846415, 0.2594230769230603, 0.31130769230771554, 0.518846153846207, 0.15565384615387937, 1.0895769230769827, 0.8820384615384915, 1.0376923076923277, 0.31130769230767236, 0.46696153846155175, 0.41507692307693966, 0.5188461538461638, 0.9339230769231467, 0.9858076923077588, 0.7782692307692674, 0.5188461538461638, 1.712192307692414, 1.7640769230770261, 0.36319230769232763, 0.0, 0.9339230769231467, 0.0, 1.5046538461539225, 0.0, 1.2971153846154744, 0.41507692307693966, 0.05188461538461206, 0.6745000000000432, 0.6226153846154311, 0.31130769230767236, 0.8820384615385346, 0.6226153846154311, 1.141461538461595, 0.15565384615383618, 0.0, 0.6226153846153879, 0.36319230769232763, 0.8301538461538793, 0.15565384615383618, 0.6226153846154311, 0.15565384615387937, 0.20753846153844824, 0.2594230769230603, 0.2594230769230603, 0.10376923076926732, 0.20753846153849145, 0.15565384615387937, 0.518846153846207, 1.0376923076923277, 0.6226153846153879, 1.0376923076923277, 1.0376923076923708, 0.31130769230767236, 0.10376923076926732, 0.20753846153844824, 0.15565384615383618, 0.6226153846154311, 0.36319230769232763, 1.5046538461539225, 0.41507692307693966, 0.9858076923077588, 0.41507692307693966, 56.24292307692565, 0.9339230769231035, 0.2594230769230603, 0.20753846153849145, 0.05188461538461206, 0.2594230769231035, 1.2452307692308622, 0.20753846153844824, 0.8820384615384915, 55.62030769231022, 56.658000000002595, 57.228730769233415, 0.20753846153849145, 57.280615384618024, 56.0353846153872, 0.466961538461595, 0.466961538461595, 2.438576923077026, 1.0376923076923708, 56.0353846153872, 0.15565384615383618, 0.9858076923077588, 1.193346153846207, 0.9858076923077155, 0.15565384615387937, 0.20753846153849145, 1.5565384615385347, 55.98350000000255, 0.9858076923077155, 56.13915384615643, 56.81365384615647, 0.7782692307692674, 0.8301538461538793, 1.2971153846154744, 0.10376923076922412, 0.9339230769231467, 0.05188461538461206, 0.31130769230767236, 0.6745000000000001, 0.8820384615384915, 0.36319230769232763, 55.7759615384641, 0.6226153846153879, 0.6745000000000432, 0.41507692307693966, 0.2594230769231035, 55.67219230769488, 0.7263846153846553, 55.41276923077177, 0.36319230769232763, 0.466961538461595, 56.13915384615643, 55.98350000000255, 0.41507692307693966, 56.96930769231031, 55.72407692307949, 56.502346153848755, 1.9197307692308623, 55.72407692307949, 0.8301538461538793, 0.41507692307693966, 0.10376923076922412, 56.08726923077182, 0.9858076923077155, 0.2594230769231035, 0.6226153846154311, 1.2971153846154744, 0.9858076923077588, 0.6745000000000001, 0.6226153846154311, 0.20753846153849145, 1.0895769230769827, 0.15565384615383618, 0.518846153846207, 0.518846153846207, 0.31130769230771554, 0.41507692307693966, 0.8820384615385346, 0.6745000000000432, 0.31130769230767236, 0.518846153846207, 0.8301538461538793, 0.7263846153846553, 0.2594230769231035, 0.2594230769230603, 0.05188461538461206, 55.25711538461793, 0.7263846153846553, 0.31130769230771554, 0.2594230769231035, 0.05188461538461206, 1.9197307692308623, 0.8301538461538793, 55.72407692307949, 56.0353846153872, 0.6226153846153879, 0.8301538461538793, 0.7263846153846553, 54.997692307694834, 55.82784615384871, 0.2594230769230603, 56.39857692307949, 0.05188461538461206, 0.8301538461538793, 55.153346153848666, 56.34669230769487, 55.46465384615638, 55.25711538461793, 56.60611538461798, 0.10376923076926732, 0.7782692307692674, 0.05188461538461206, 1.9197307692308623, 0.9858076923077155, 0.36319230769232763, 0.15565384615383618, 0.5707307692308191, 56.7098846153872, 55.931615384617935, 56.08726923077182, 0.518846153846207, 0.466961538461595, 0.2594230769231035, 0.5707307692308191, 2.0235000000000865, 0.7782692307692674, 0.7263846153846553, 0.05188461538461206, 1.5046538461539225, 0.518846153846207, 0.10376923076926732, 0.20753846153849145, 1.712192307692414, 0.20753846153844824, 0.7263846153846553, 1.2452307692308622, 0.8301538461538793, 0.466961538461595, 0.20753846153844824, 0.20753846153849145, 1.245230769230819, 0.31130769230771554, 0.8301538461538793, 0.05188461538461206, 1.2971153846154744, 0.7782692307692674, 0.0, 0.41507692307693966, 1.8159615384615948, 0.7263846153846553, 0.7782692307692674, 0.518846153846207, 55.10146153846406, 54.790153846156336, 56.60611538461798, 56.294807692310265, 0.31130769230767236, 54.997692307694834, 0.8301538461538793, 57.17684615384876, 1.2971153846154744, 55.67219230769488, 56.08726923077182, 56.24292307692565, 1.8678461538462503, 0.7263846153846553, 57.33250000000263, 57.851346153848795, 0.9339230769231035, 0.466961538461595, 0.20753846153844824, 0.5188461538461638, 56.34669230769487, 1.5565384615385347, 0.15565384615383618, 1.9197307692308623, 0.9339230769231467, 0.9858076923077588, 0.20753846153849145, 0.15565384615387937, 0.31130769230771554, 1.5565384615385347, 1.4527692307693105, 1.9197307692308623, 0.6745000000000001, 0.05188461538461206, 0.05188461538461206, 0.36319230769232763, 55.516538461540996, 0.05188461538461206, 0.10376923076922412, 1.349000000000043, 0.6226153846154311, 0.8820384615384915, 0.7263846153846553, 0.466961538461595, 0.41507692307693966, 0.7782692307692674, 0.466961538461595, 56.45046153846415, 0.31130769230771554, 0.10376923076926732, 0.31130769230771554, 0.15565384615387937, 0.05188461538461206, 0.8820384615385346, 0.36319230769232763, 0.36319230769232763, 0.8820384615385346, 0.5188461538461638, 55.153346153848666, 1.9716153846154743, 1.349000000000043, 0.36319230769232763, 0.6226153846154311, 1.8678461538462503, 0.20753846153844824, 0.8301538461538793, 0.6226153846154311, 0.2594230769231035, 1.5565384615385347, 0.10376923076922412, 55.879730769233326, 56.60611538461798, 1.141461538461595, 0.20753846153849145, 0.41507692307693966, 0.466961538461595, 0.20753846153844824, 1.0895769230769397, 1.7121923076923709, 0.8820384615384915, 1.193346153846207, 0.41507692307693966, 0.6745000000000001, 0.466961538461595, 0.9339230769231467, 0.9339230769231467, 1.5565384615385347, 0.5707307692307759, 1.4527692307693105, 0.2594230769230603, 0.36319230769232763, 0.15565384615383618, 0.6226153846154311, 0.20753846153844824, 0.20753846153844824, 0.9339230769231467, 0.31130769230767236, 0.7782692307692674, 0.8301538461538793, 0.10376923076922412, 1.712192307692414, 0.8301538461538793, 0.0, 0.5707307692307759, 0.36319230769232763, 0.05188461538461206, 0.8301538461538793, 0.7782692307692674, 0.0, 0.7263846153846553, 0.9858076923077588, 0.6226153846154311, 0.5707307692308191, 1.0376923076923708, 1.0895769230769827, 1.141461538461595, 0.6226153846154311, 55.25711538461793, 57.591923076925696, 56.24292307692565, 0.2594230769231035, 55.41276923077177, 55.82784615384871, 55.41276923077177, 1.660307692307802, 0.0, 55.153346153848666, 0.05188461538461206, 1.141461538461595, 0.9858076923077155, 1.2971153846154744, 1.4008846153846986, 0.20753846153844824, 0.41507692307693966, 0.15565384615387937, 0.6745000000000432, 1.5565384615385347, 0.41507692307693966, 0.5707307692307759, 0.7782692307692674, 0.20753846153849145, 56.658000000002595, 55.82784615384871, 56.86553846154108, 1.0376923076923277, 1.141461538461595, 0.36319230769232763, 0.31130769230771554, 0.2594230769230603, 0.20753846153844824, 1.3490000000000864, 0.41507692307693966, 0.9858076923077155, 0.7263846153846553, 0.20753846153849145, 0.0, 0.518846153846207, 0.8820384615385346, 1.0376923076923277, 0.05188461538461206, 0.466961538461595, 1.0376923076923708, 0.2594230769230603, 0.6226153846153879, 0.7263846153846553, 0.46696153846155175, 0.466961538461595, 0.8820384615385346, 0.6226153846154311, 0.8820384615385346, 0.05188461538461206, 0.5707307692307759, 1.0895769230769397, 0.46696153846155175, 0.518846153846207, 0.20753846153849145, 0.7782692307692674, 0.31130769230771554, 1.193346153846207, 1.2452307692308622, 1.245230769230819, 0.9339230769231467, 56.554230769233364, 1.0376923076923708, 0.2594230769230603, 0.36319230769232763, 0.0, 0.10376923076926732, 0.15565384615387937, 0.466961538461595, 0.7782692307692674, 0.9339230769231035, 0.6226153846154311, 0.31130769230771554, 0.518846153846207, 0.8301538461538793, 0.8301538461538793, 0.2594230769231035, 1.0895769230769397, 0.10376923076926732, 0.15565384615383618, 0.5707307692308191, 0.10376923076926732, 0.20753846153844824, 1.193346153846207, 0.15565384615387937, 1.0895769230769827, 1.4527692307693105, 1.0895769230769827, 0.8301538461538793, 0.15565384615387937, 0.2594230769231035, 0.518846153846207, 1.4008846153846986, 1.5046538461539225, 0.5188461538461638, 0.15565384615383618, 0.7782692307692674, 0.9339230769231035, 0.10376923076926732, 0.466961538461595, 0.6226153846153879, 0.05188461538461206, 0.41507692307693966, 0.41507692307693966, 0.7782692307692674, 0.8820384615385346, 0.5707307692307759, 0.7782692307692674, 0.20753846153849145, 0.6226153846153879, 1.245230769230819, 0.10376923076922412, 0.518846153846207, 1.4008846153846986, 1.0376923076923708, 0.7263846153846553, 0.7782692307692674, 1.5046538461539225, 0.20753846153844824, 0.10376923076922412, 0.2594230769230603, 0.0, 0.41507692307693966, 0.8820384615385346, 0.41507692307693966, 0.31130769230771554, 0.5707307692307759, 0.2594230769230603, 0.9339230769231467, 0.8301538461538793, 0.6745000000000001, 0.6226153846153879, 0.0, 0.9339230769231467, 1.0376923076923708, 2.0235000000000865, 0.36319230769232763, 1.141461538461595, 0.10376923076926732, 0.36319230769232763, 0.41507692307693966, 0.6226153846154311, 0.15565384615387937, 0.15565384615383618, 0.05188461538461206, 1.867846153846207, 0.15565384615383618, 0.46696153846155175, 0.10376923076922412, 0.15565384615383618, 0.15565384615383618, 1.5046538461539225, 1.0376923076923708, 0.15565384615383618, 0.20753846153844824, 0.15565384615387937, 0.05188461538461206, 0.10376923076922412, 0.2594230769231035, 1.6084230769231467, 1.245230769230819, 1.349000000000043, 0.31130769230771554, 0.2594230769231035, 1.4527692307693105, 0.8820384615385346, 1.8678461538462503, 1.0895769230769827, 0.31130769230767236, 1.6084230769231467, 0.05188461538461206, 0.31130769230767236, 0.466961538461595, 1.141461538461595, 0.41507692307693966, 0.518846153846207, 0.31130769230771554, 0.10376923076922412, 0.10376923076922412, 0.7782692307692674, 1.0895769230769397, 0.5707307692307759, 0.6226153846154311, 1.0895769230769397, 0.46696153846155175, 0.9339230769231467, 0.7263846153846553, 1.2971153846154313, 0.15565384615387937, 1.712192307692414, 0.8820384615385346, 56.502346153848755, 57.280615384618024, 0.5188461538461638, 55.568423076925605, 55.879730769233326, 1.141461538461595, 0.10376923076926732, 0.7263846153846553, 0.15565384615387937, 1.4527692307693105, 0.6226153846154311, 0.10376923076926732, 0.2594230769231035, 1.4008846153846986, 56.0353846153872, 0.0, 0.5707307692307759, 0.20753846153849145, 1.0895769230769827, 56.7098846153872, 1.4008846153846986, 0.41507692307693966, 0.15565384615383618, 1.5565384615385347, 0.9858076923077588, 0.20753846153844824, 0.0, 0.10376923076922412, 0.2594230769231035, 0.8820384615385346, 56.39857692307949, 1.3490000000000864, 0.7263846153846553, 1.712192307692414, 54.997692307694834, 1.4527692307693105, 1.4527692307693105, 0.0, 0.36319230769232763, 0.10376923076926732, 0.7263846153846553, 0.518846153846207, 0.36319230769232763, 0.31130769230771554, 0.0, 57.43626923077186, 0.5707307692308191, 0.7263846153846553, 0.20753846153844824, 55.931615384617935, 0.6745000000000432, 55.10146153846406, 56.917423076925694, 56.13915384615643, 0.10376923076922412, 0.20753846153844824, 0.20753846153844824, 56.19103846154104, 57.12496153846414, 0.6745000000000432, 55.20523076923328, 0.20753846153849145, 0.8301538461538793, 0.2594230769230603, 0.05188461538461206, 0.8301538461538793, 0.36319230769232763, 0.518846153846207, 0.20753846153849145, 0.31130769230771554, 0.9858076923077588, 1.5565384615385347, 0.9858076923077588, 0.6745000000000432, 0.05188461538461206, 0.6745000000000432, 1.4527692307693105, 1.2971153846154313, 0.8301538461538793, 1.0895769230769827, 1.193346153846207, 0.05188461538461206, 0.8301538461538793, 0.5707307692308191, 0.15565384615387937, 0.8301538461538793, 0.36319230769232763, 0.2594230769231035, 0.2594230769231035, 0.15565384615387937, 54.582615384617895, 56.19103846154104, 0.6745000000000001, 55.67219230769488, 55.72407692307949, 1.7640769230770261, 1.193346153846207, 0.31130769230771554, 0.5188461538461638, 0.36319230769232763, 0.466961538461595, 56.917423076925694, 1.815961538461638, 55.931615384617935, 0.05188461538461206, 1.5046538461539225, 0.05188461538461206, 1.4008846153846986, 0.7782692307692674, 1.5046538461539225, 0.05188461538461206, 0.7263846153846553, 0.6226153846154311, 1.193346153846207, 0.7782692307692674, 0.2594230769230603, 1.4527692307693105, 0.9858076923077155, 56.76176923077181, 0.05188461538461206, 0.36319230769232763, 0.36319230769232763, 0.8820384615385346, 0.05188461538461206, 0.0, 0.10376923076922412, 0.15565384615383618, 0.20753846153844824, 0.6226153846154311, 55.72407692307949, 0.31130769230767236, 0.9858076923077588, 0.2594230769230603, 0.7263846153846553, 0.0, 0.15565384615383618, 1.0895769230769827, 0.9858076923077155, 1.193346153846207, 0.46696153846155175, 0.41507692307693966, 0.20753846153849145, 0.05188461538461206, 0.31130769230767236, 0.8820384615385346, 0.9339230769231035, 0.15565384615383618, 1.4008846153846986, 0.6226153846154311, 0.9339230769231035, 1.141461538461595, 1.8678461538462503, 0.05188461538461206, 0.8301538461538793, 0.6745000000000001, 2.4385769230770693, 0.10376923076926732, 0.466961538461595, 0.36319230769232763, 0.9339230769231467, 0.05188461538461206, 0.6226153846153879, 0.6226153846153879, 0.10376923076922412, 0.20753846153849145, 1.4527692307693105, 1.0895769230769827, 0.8301538461538793, 0.7782692307692674, 0.05188461538461206, 1.3490000000000864, 0.5707307692307759, 0.36319230769232763, 0.2594230769231035, 0.05188461538461206, 1.660307692307802, 0.7782692307692674, 0.31130769230767236, 0.2594230769230603, 0.7263846153846553, 0.6745000000000001, 1.5565384615385347, 0.2594230769231035, 0.10376923076922412, 0.20753846153844824, 0.15565384615383618, 0.31130769230771554, 0.36319230769232763, 0.6226153846153879, 0.8301538461538793, 0.05188461538461206, 0.10376923076926732, 0.9858076923077588, 0.15565384615387937, 0.8301538461538793, 1.3490000000000864, 0.46696153846155175, 0.6745000000000432, 0.10376923076926732, 56.81365384615647, 0.20753846153844824, 0.10376923076922412, 0.8820384615385346, 1.5565384615385347, 1.6603076923077587, 0.8820384615385346, 0.41507692307693966, 1.5046538461539225, 1.141461538461595, 0.05188461538461206, 0.8301538461538793, 2.1791538461539655, 0.6226153846154311, 1.0376923076923277, 0.6226153846154311, 55.82784615384871, 0.36319230769232763, 0.2594230769231035, 0.2594230769230603, 1.0895769230769397, 1.2971153846154744, 0.518846153846207, 1.193346153846207, 0.05188461538461206, 0.41507692307693966, 0.518846153846207, 0.9858076923077155, 0.15565384615383618, 0.8301538461538793, 0.31130769230767236, 0.6226153846154311, 0.9339230769231467, 0.31130769230767236, 0.9858076923077155, 0.46696153846155175, 0.8820384615385346, 0.2594230769230603, 0.9339230769231035, 0.05188461538461206, 0.6745000000000432, 1.5565384615385347, 0.20753846153844824, 0.36319230769232763, 0.0, 0.9858076923077588, 0.7782692307692674, 0.10376923076926732, 0.5707307692308191, 0.31130769230771554, 0.2594230769231035, 0.8820384615384915, 0.8820384615384915, 0.518846153846207, 0.15565384615387937, 1.141461538461595, 0.10376923076926732, 0.8820384615384915, 0.9339230769231467, 1.0895769230769827, 0.0, 1.0895769230769397, 0.31130769230767236, 0.20753846153844824, 0.466961538461595, 0.31130769230771554, 0.46696153846155175, 0.0, 0.2594230769231035, 0.10376923076926732, 0.5188461538461638, 0.15565384615387937, 1.2452307692308622, 1.4008846153846986, 0.9339230769231467, 1.2452307692308622, 55.7759615384641, 0.36319230769232763, 0.9858076923077155, 1.0895769230769397, 0.10376923076922412, 0.8820384615384915, 0.20753846153844824, 1.141461538461595, 0.15565384615387937, 0.05188461538461206, 0.7263846153846553, 0.05188461538461206, 0.46696153846155175, 0.10376923076922412, 0.10376923076922412, 0.7782692307692674, 0.41507692307693966, 0.46696153846155175, 0.5707307692308191, 1.5565384615385347, 0.05188461538461206, 0.2594230769230603, 0.15565384615383618, 0.518846153846207, 0.2594230769231035, 0.5707307692308191, 0.8301538461538793, 1.2452307692308622, 0.8301538461538793, 1.0376923076923277, 0.2594230769231035, 0.8301538461538793, 0.05188461538461206, 0.05188461538461206, 0.10376923076922412, 0.6226153846154311, 0.9339230769231035, 0.36319230769232763, 0.8301538461538793, 0.15565384615387937, 0.6745000000000001, 0.20753846153844824, 1.4008846153846553, 0.5188461538461638, 0.6226153846154311, 0.2594230769230603, 1.141461538461595, 0.2594230769230603, 0.518846153846207, 0.36319230769232763, 0.466961538461595, 57.12496153846414, 1.349000000000043, 0.20753846153844824, 0.2594230769231035, 0.7782692307692674, 0.15565384615383618, 0.0, 0.5707307692308191, 0.466961538461595, 0.31130769230767236, 0.36319230769232763, 0.466961538461595, 0.20753846153849145, 0.8301538461538793, 0.20753846153844824, 0.36319230769232763, 0.8820384615385346, 1.2971153846154744, 0.8301538461538793, 0.6226153846153879, 1.141461538461595, 0.36319230769232763, 0.05188461538461206, 0.05188461538461206, 0.2594230769230603, 1.193346153846207, 0.2594230769230603, 0.8301538461538793, 0.10376923076926732, 0.9858076923077155, 0.5707307692307759, 0.8301538461538793, 1.141461538461595, 0.2594230769231035, 2.28292307692319, 1.0376923076923708, 1.193346153846207, 0.41507692307693966, 0.05188461538461206, 0.6226153846153879, 0.0, 0.46696153846155175, 0.9858076923077155, 0.10376923076922412, 0.15565384615387937, 56.08726923077182, 0.41507692307693966, 0.36319230769232763, 1.5046538461539225, 0.7263846153846553, 0.7263846153846553, 0.9858076923077155, 0.466961538461595, 0.6226153846153879, 0.31130769230767236, 0.2594230769231035, 0.36319230769232763, 0.6226153846153879, 0.10376923076922412, 1.8678461538462503, 1.0895769230769827, 0.15565384615383618, 0.46696153846155175, 0.15565384615387937, 0.0, 0.05188461538461206, 1.9197307692308623, 0.20753846153849145, 0.05188461538461206, 0.05188461538461206, 0.5707307692307759, 2.6980000000001296, 0.31130769230767236, 0.7782692307692674, 0.41507692307693966, 0.15565384615387937, 0.15565384615387937, 0.5707307692307825, 1.4008846153846088, 56.24292307692205, 56.03538461538361, 1.4008846153845655, 0.20753846153847816, 1.089576923076913, 56.29480769230666, 0.20753846153847816, 56.76176923076822, 55.983499999999005, 57.43626923076818, 55.36088461538361, 55.77596153846053, 0.7263846153846086, 55.77596153846053, 55.30899999999901, 0.9858076923076956, 0.882038461538435, 0.20753846153843494, 1.8678461538461306, 1.0376923076923044, 0.3631923076923043, 0.051884615384608736, 0.3631923076923043, 0.10376923076921747, 0.20753846153847816, 0.10376923076921747, 0.46696153846152183, 0.3113076923076956, 0.0, 55.879730769229745, 56.13915384615283, 56.08726923076823, 55.46465384615283, 55.30899999999901, 56.03538461538361, 54.99769230769131, 0.25942307692304367, 56.55423076922974, 1.1933461538461305, 1.4008846153846088, 1.089576923076913, 0.46696153846152183, 1.0376923076923044, 0.9339230769230437, 57.073076923075874, 55.56842307692205, 55.6203076923067, 56.606115384614355, 0.882038461538435, 55.6203076923067, 55.67219230769131, 55.72407692307592, 55.983499999999005, 1.6084230769230436, 56.81365384615283, 1.0376923076923044, 0.6226153846153912, 0.3631923076923043, 0.6745, 0.6226153846153912, 0.46696153846152183, 1.089576923076913, 0.9858076923076956, 1.556538461538435, 0.7263846153846086, 0.7263846153846086, 0.882038461538435, 0.3113076923076956, 0.8301538461538261, 0.20753846153847816, 0.25942307692308686, 0.5707307692307393, 0.25942307692304367, 1.4527692307692173, 1.5046538461538261, 0.10376923076921747, 0.5707307692307393, 0.1556538461538694, 0.5188461538461306, 0.051884615384608736, 0.3631923076923043, 56.55423076922974, 1.4527692307692173, 55.46465384615283, 0.7782692307692175, 56.29480769230666, 0.7782692307692175, 1.349, 0.0, 0.6226153846153912, 1.1933461538461305, 0.6745, 0.46696153846152183, 0.46696153846152183, 0.5188461538461737, 0.3631923076923043, 55.6203076923067, 1.089576923076913, 1.6084230769230436, 2.386692307692261, 0.1556538461538694, 56.81365384615283, 0.25942307692308686, 0.7782692307692175, 0.6745, 0.46696153846152183, 0.622615384615348, 0.25942307692308686, 0.15565384615382621, 0.46696153846152183, 1.1933461538461305, 57.747576923075876, 55.82784615384514, 1.089576923076913, 0.6226153846153912, 0.0, 0.0, 55.56842307692205, 1.9197307692307393, 0.7782692307692175, 55.36088461538361, 55.36088461538361, 56.13915384615283, 55.67219230769131, 0.7782692307692175, 55.51653846153744, 0.6226153846153912, 2.3348076923076526, 0.051884615384608736, 56.96930769230666, 0.3113076923076956, 0.25942307692308686, 56.39857692307592, 54.99769230769131, 1.4527692307692173, 55.51653846153744, 55.6203076923067, 1.297115384615391, 55.77596153846053, 1.7121923076923042, 0.0, 0.6745, 0.051884615384608736, 1.1933461538461305, 0.10376923076921747, 0.3631923076923043, 0.3113076923076956, 0.3631923076923043, 0.5707307692307825, 0.051884615384608736, 0.051884615384608736, 0.7782692307692175, 0.20753846153847816, 0.3631923076923043, 0.8301538461538261, 0.4150769230769131, 0.3631923076923043, 0.4150769230769131, 1.1414615384615217, 55.77596153846053, 0.5707307692307825, 0.5707307692307825, 0.7263846153846086, 57.073076923075874, 2.075384615384565, 0.8301538461538261, 0.6745, 0.051884615384608736, 0.1556538461538694, 0.5188461538461306, 56.606115384614355, 55.983499999999005, 55.983499999999005, 0.6745, 56.39857692307592, 55.36088461538361, 0.8301538461538261, 1.7121923076922612, 0.3113076923076956, 0.051884615384608736, 1.2971153846153483, 0.25942307692308686, 0.15565384615382621, 0.4150769230769131, 0.882038461538435, 56.03538461538361, 0.882038461538435, 0.25942307692308686, 0.4150769230769131, 0.3113076923076956, 1.5046538461538261, 0.8301538461538261, 1.1933461538461305, 2.179153846153826, 0.15565384615382621, 0.6745, 0.3631923076923043, 0.5188461538461737, 0.25942307692308686, 0.051884615384608736, 1.2452307692307394, 1.556538461538435, 0.9858076923076956, 0.622615384615348, 0.051884615384608736, 0.3113076923076956, 1.7121923076923042, 0.3631923076923043, 0.8301538461538261, 0.20753846153843494, 1.4527692307692173, 0.9858076923076956, 0.20753846153847816, 0.7263846153846086, 0.6745, 0.5188461538461306, 54.16753846153749, 55.6203076923067, 1.4527692307692173, 0.10376923076921747, 0.882038461538435, 0.5707307692307393, 1.349, 1.2452307692307394, 0.5707307692307825, 1.0376923076923044, 0.1556538461538694, 0.051884615384608736, 2.231038461538435, 0.4150769230769131, 0.8301538461538261, 1.0376923076922613, 1.2452307692307394, 0.3631923076923043, 0.882038461538435, 0.46696153846152183, 0.6745, 0.6226153846153912, 0.6226153846153912, 0.1556538461538694, 0.4150769230769131, 54.37507692307592, 0.25942307692304367, 1.6084230769230436, 0.5188461538461737, 0.5188461538461737, 0.25942307692304367, 0.7782692307692175, 0.10376923076921747, 55.82784615384514, 55.46465384615283, 54.79015384615283, 56.76176923076822, 56.50234615384514, 0.25942307692304367, 1.3489999999999567, 56.70988461538357, 0.6745, 54.9458076923067, 55.51653846153744, 0.25942307692308686, 0.8301538461538261, 0.3631923076923043, 0.3631923076923043, 1.556538461538435, 0.3631923076923043, 1.1933461538461305, 1.6603076923076523, 0.5707307692307825, 1.1933461538461305, 0.3113076923076956, 0.051884615384608736, 0.3631923076923043, 0.6745, 0.10376923076921747, 0.4150769230769131, 1.1933461538461305, 0.882038461538435, 0.3631923076923043, 0.25942307692304367, 0.3631923076923043, 0.15565384615382621, 0.9858076923076956, 0.20753846153847816, 0.7782692307692175, 1.1933461538461305, 0.25942307692308686, 0.15565384615382621, 1.1414615384615217, 0.3631923076923043, 0.4150769230769131, 54.738269230768225, 0.15565384615382621, 56.50234615384514, 55.101461538460526, 57.021192307691265, 0.7263846153846086, 0.20753846153847816, 1.089576923076913, 1.8159615384615218, 0.25942307692304367, 0.7263846153846086, 1.1414615384615217, 0.6745, 0.25942307692308686, 0.25942307692304367, 0.6226153846153912, 0.6745, 54.738269230768225, 56.29480769230666, 0.8301538461538261, 55.67219230769131, 0.4150769230769131, 1.764076923076913, 0.5188461538461737, 56.34669230769127, 0.5707307692307825, 56.13915384615283, 0.20753846153847816, 2.2829230769230433, 0.25942307692304367, 1.1414615384615217, 1.0376923076923044, 0.25942307692308686, 0.6226153846153912, 0.20753846153843494, 0.7263846153846086, 0.3113076923076956, 0.20753846153847816, 0.0, 0.7263846153846086, 0.46696153846152183, 1.8159615384615218, 0.9858076923076524, 0.5707307692307825, 0.7782692307692175, 0.9858076923076524, 0.5707307692307825, 0.1556538461538694, 0.6745, 0.5188461538461306, 0.5188461538461737, 0.6226153846153912, 1.764076923076913, 0.8301538461538261, 0.622615384615348, 0.20753846153843494, 0.46696153846152183, 0.5188461538461737, 0.25942307692304367, 0.882038461538435, 0.051884615384608736, 0.25942307692304367, 0.3113076923076956, 0.8301538461538261, 56.657999999998964, 0.3113076923076956, 1.4527692307692173, 1.0376923076922613, 1.1933461538461305, 0.1556538461538694, 55.82784615384514, 0.3113076923076956, 55.67219230769131, 56.45046153846053, 0.46696153846152183, 0.6745, 0.25942307692308686, 0.3631923076923043, 0.20753846153847816, 0.3631923076923043, 55.72407692307592, 55.205230769229786, 1.1933461538461305, 0.6226153846153912, 0.15565384615382621, 0.9858076923076524, 0.5707307692307393, 0.15565384615382621, 0.5188461538461737, 0.25942307692304367, 0.20753846153847816, 2.179153846153826, 0.4150769230769131, 0.051884615384608736, 0.7263846153846086, 0.051884615384608736, 0.25942307692308686, 0.20753846153847816, 1.4527692307692173, 1.2452307692307394, 0.051884615384608736, 0.7263846153846086, 56.24292307692205, 55.72407692307592, 55.82784615384514, 1.089576923076913, 0.20753846153843494, 1.4008846153846088, 0.3631923076923043, 0.10376923076921747, 0.4150769230769131, 0.9339230769230868, 56.50234615384514, 0.25942307692304367, 0.25942307692308686, 0.20753846153843494, 0.20753846153847816, 0.25942307692304367, 0.882038461538435, 1.089576923076913, 0.4150769230769131, 0.0, 1.76407692307687, 0.20753846153843494, 0.5188461538461306, 0.10376923076921747, 0.051884615384608736, 1.1933461538461305, 0.3113076923076956, 0.4150769230769131, 0.051884615384608736, 0.882038461538435, 0.3631923076923043, 1.2452307692307394, 0.051884615384608736, 0.5707307692307393, 1.7121923076923042, 0.051884615384608736, 0.622615384615348, 0.051884615384608736, 0.20753846153843494, 1.4527692307692173, 0.6745, 0.051884615384608736, 55.36088461538361, 55.04957692307592, 56.657999999998964, 0.25942307692308686, 55.82784615384514, 56.657999999998964, 1.5046538461538261, 0.051884615384608736, 56.19103846153744, 0.10376923076921747, 1.1933461538461305, 55.04957692307592, 0.3631923076923043, 56.19103846153744, 56.55423076922974, 1.6603076923076523, 57.021192307691265, 56.55423076922974, 55.77596153846053, 0.10376923076921747, 0.051884615384608736, 56.13915384615283, 0.46696153846152183, 0.7782692307692175, 0.0, 55.983499999999005, 55.983499999999005, 1.1414615384615217, 0.0, 0.25942307692308686, 57.073076923075874, 55.931615384614354, 0.20753846153843494, 55.931615384614354, 0.051884615384608736, 0.0, 0.5188461538461306, 0.882038461538435, 0.10376923076921747, 0.882038461538435, 1.556538461538435, 0.3113076923076956, 1.2971153846153483, 0.20753846153847816, 0.46696153846152183, 55.67219230769131, 0.8301538461538261, 55.153346153845135, 55.41276923076822, 0.5707307692307393, 1.089576923076913, 0.9339230769230868, 56.55423076922974, 56.03538461538361, 0.7782692307692175, 0.4150769230769131, 0.4150769230769131, 0.25942307692308686, 0.9339230769230437, 0.3631923076923043, 0.25942307692308686, 0.46696153846152183, 0.46696153846152183, 0.622615384615348, 0.6745, 0.6745, 0.9858076923076956, 0.5188461538461737, 0.5707307692307825, 0.8301538461538261, 0.1556538461538694, 0.1556538461538694, 0.0, 0.4150769230769131, 0.9858076923076956, 0.25942307692304367, 0.46696153846152183, 55.46465384615283, 1.3489999999999567, 0.7782692307692175, 0.46696153846152183, 0.3631923076923043, 0.5188461538461306, 0.051884615384608736, 0.5188461538461737, 0.1556538461538694, 1.556538461538435, 1.6603076923076523, 0.4150769230769131, 0.25942307692304367, 0.3113076923076956, 1.349, 0.6226153846153912, 1.089576923076913, 0.3113076923076956, 0.051884615384608736, 56.29480769230666, 1.1414615384615217, 0.25942307692308686, 0.9858076923076956, 0.9858076923076956, 0.5707307692307825, 0.20753846153843494, 0.10376923076921747, 1.1414615384615217, 0.3631923076923043, 0.9858076923076956, 0.6745, 0.9858076923076524, 1.5046538461538261, 0.46696153846152183, 0.1556538461538694, 1.4008846153846088, 0.6226153846153912, 0.051884615384608736, 0.20753846153843494, 1.2452307692307394, 1.297115384615391, 0.6745, 0.3113076923076956, 0.5707307692307393, 1.6603076923076523, 1.0376923076922613, 0.15565384615382621, 1.4527692307692173, 1.0376923076923044, 0.9339230769230437, 0.4150769230769131, 0.6745, 1.6603076923076523, 1.8159615384615218, 1.9716153846153481, 0.7782692307692175, 0.20753846153847816, 0.622615384615348, 2.179153846153826, 0.6745, 0.3113076923076956, 56.70988461538357, 0.25942307692308686, 0.9858076923076956, 0.25942307692308686, 0.9339230769230868, 1.0376923076923044, 0.10376923076921747, 0.20753846153843494, 0.6226153846153912, 55.983499999999005, 55.36088461538361, 0.6226153846153912, 0.15565384615382621, 0.051884615384608736, 0.25942307692308686, 0.4150769230769131, 1.349, 0.5707307692307393, 0.46696153846152183, 0.3631923076923043, 0.25942307692308686, 0.4150769230769131, 0.3631923076923043, 0.4150769230769131, 1.5046538461538261, 56.03538461538361, 57.073076923075874, 1.6084230769230436, 0.46696153846152183, 0.10376923076921747, 54.99769230769131, 0.7263846153846086, 55.41276923076822, 0.4150769230769131, 0.7782692307692175, 0.0, 0.8301538461538261, 56.39857692307592, 56.91742307692205, 0.25942307692304367, 0.5707307692307825, 0.4150769230769131, 0.7263846153846086, 55.67219230769131, 0.5707307692307825, 0.5188461538461737, 0.9339230769230868, 0.3631923076923043, 0.7782692307692175, 0.7263846153846086, 0.4150769230769131, 1.1933461538461305, 56.45046153846053, 0.6745, 0.10376923076921747, 0.051884615384608736, 54.842038461537484, 56.91742307692205, 56.45046153846053, 1.297115384615391, 0.15565384615382621, 0.9858076923076956, 0.46696153846152183, 1.4527692307692173, 0.5707307692307825, 0.051884615384608736, 1.6603076923076523, 0.6745, 0.4150769230769131, 0.3631923076923043, 1.4527692307692173, 0.9858076923076956, 1.297115384615391, 2.1272692307692176, 2.075384615384565, 1.556538461538435, 1.297115384615391, 1.0376923076923044, 55.67219230769131, 56.13915384615283, 0.5707307692307825, 55.51653846153744, 56.29480769230666, 0.25942307692304367, 0.46696153846152183, 0.0, 57.17684615384513, 0.051884615384608736, 0.7263846153846086, 0.20753846153843494, 0.7782692307692175, 0.4150769230769131, 55.04957692307592, 0.5188461538461737, 0.25942307692308686, 1.1414615384615217, 1.349, 0.6226153846153912, 0.25942307692308686, 0.051884615384608736, 0.6745, 0.7263846153846086, 0.6745, 1.7121923076923042, 1.556538461538435, 0.4150769230769131, 0.051884615384608736, 0.7782692307692175, 0.3113076923076956, 0.9858076923076956, 0.5188461538461737, 0.5188461538461306, 1.4527692307692173, 0.882038461538435, 0.882038461538435, 1.1414615384615217, 0.051884615384608736, 0.6745, 0.46696153846152183, 1.0376923076923044, 1.2452307692307394, 0.20753846153843494, 1.4527692307692173, 1.9197307692307393, 0.6745, 0.5188461538461306, 0.622615384615348, 1.1933461538461305, 55.77596153846053, 0.20753846153847816, 0.8301538461538261, 2.075384615384565, 0.25942307692308686, 0.25942307692308686, 0.882038461538435, 1.5046538461538261, 0.15565384615382621, 0.051884615384608736, 1.2452307692307394, 0.4150769230769131, 55.6203076923067, 55.51653846153744, 0.5188461538461737, 56.13915384615283, 0.5707307692307825, 1.2971153846153483, 0.15565384615382621, 56.29480769230666, 54.686384615383616, 0.1556538461538694, 0.10376923076921747, 0.8301538461538261, 0.622615384615348, 0.3113076923076956, 1.6603076923076523, 1.2452307692307394, 1.6603076923076523, 0.25942307692308686, 0.1556538461538694, 0.9858076923076956, 0.5707307692307825, 56.08726923076823, 56.34669230769127, 0.4150769230769131, 0.7263846153846086, 0.6745, 0.7263846153846086, 0.4150769230769131, 1.4527692307692173, 0.10376923076921747, 55.879730769229745, 56.91742307692205, 0.20753846153843494, 1.349, 0.8301538461538261, 0.7263846153846086, 0.4150769230769131, 0.1556538461538694, 0.3113076923076956, 0.4150769230769131, 0.20753846153843494, 0.46696153846152183, 0.6226153846153912, 0.7263846153846086, 0.5707307692307393, 0.7263846153846086, 0.3113076923076956, 1.1933461538461305, 0.20753846153843494, 0.0, 0.25942307692308686, 1.6603076923076523, 0.3113076923076956, 1.6603076923076523, 0.5707307692307825, 56.29480769230666, 55.56842307692205, 0.3113076923076956, 1.1933461538461305, 1.9197307692307393, 0.6745, 0.5188461538461737, 0.4150769230769131, 0.051884615384608736, 1.0376923076923044, 0.6226153846153912, 0.7263846153846086, 0.25942307692304367, 0.20753846153847816, 1.349, 0.3631923076923043, 2.5423461538461307, 0.7263846153846086, 0.25942307692308686, 0.7263846153846086, 56.39857692307592, 0.3631923076923043, 1.349, 0.20753846153847816, 0.6226153846153912, 1.089576923076913, 1.8678461538461306, 0.8301538461538261, 0.9339230769230868, 1.6084230769230436, 1.1414615384615217, 0.5188461538461737, 1.764076923076913, 0.9339230769230868, 1.2452307692307394, 0.7263846153846086, 0.20753846153843494, 55.205230769229786, 57.12496153846048, 54.842038461537484, 0.7782692307692175, 1.1933461538461305, 1.089576923076913, 55.67219230769131, 55.46465384615283, 1.5046538461538261, 55.77596153846053, 54.89392307692209, 1.0376923076923044, 1.6603076923076523, 0.4150769230769131, 0.9858076923076956, 0.051884615384608736, 0.3113076923076956, 0.20753846153843494, 0.10376923076921747, 0.6226153846153912, 0.5707307692307825, 0.622615384615348, 0.20753846153847816, 0.8301538461538261, 0.882038461538435, 0.6745, 0.3113076923076956, 0.9339230769230868, 1.1414615384615217, 0.20753846153843494, 0.25942307692304367, 1.1414615384615217, 0.3631923076923043, 0.20753846153843494, 0.882038461538435, 0.7782692307692175, 0.10376923076921747, 1.1414615384615217, 1.7121923076923042, 56.08726923076823, 0.5707307692307393, 0.25942307692304367, 0.5188461538461737, 0.10376923076921747, 1.1414615384615217, 0.6745, 0.5188461538461737, 0.9339230769230437, 0.6745, 0.20753846153847816, 1.2452307692307394, 0.1556538461538694, 0.4150769230769131, 0.9858076923076524, 0.10376923076921747, 2.490461538461522, 54.9458076923067, 56.39857692307592, 0.0, 55.41276923076822, 55.56842307692205, 0.6226153846153912, 0.20753846153843494, 0.46696153846152183, 0.25942307692308686, 54.738269230768225, 56.03538461538361, 0.0, 0.8301538461538261, 1.4008846153846088, 0.3631923076923043, 1.764076923076913, 1.6084230769230436, 0.0, 0.20753846153847816, 1.3489999999999567, 0.25942307692308686, 0.882038461538435, 0.051884615384608736, 0.3631923076923043, 0.25942307692308686, 0.8301538461538261, 0.6226153846153912, 0.9858076923076956, 0.3631923076923043, 0.622615384615348, 0.6226153846153912, 0.10376923076921747, 0.8301538461538261, 0.9858076923076956, 55.51653846153744, 0.25942307692304367, 0.10376923076921747, 0.1556538461538694, 1.5046538461538261, 1.2452307692307394, 1.4527692307692173, 1.8159615384614785, 0.25942307692304367, 0.3113076923076956, 0.4150769230769131, 2.075384615384565, 0.0, 1.4008846153846088, 0.25942307692308686, 1.349, 0.25942307692304367, 1.089576923076913, 0.9858076923076956, 1.089576923076913, 0.4150769230769131, 0.7782692307692175, 0.882038461538435, 0.7263846153846086, 0.1556538461538694, 0.051884615384608736, 0.051884615384608736, 0.25942307692308686, 0.10376923076921747, 0.0, 0.4150769230769131, 0.0, 1.4008846153846088, 1.0376923076922613, 0.051884615384608736, 1.349, 0.5707307692307393, 0.8301538461538261, 0.051884615384608736, 0.051884615384608736, 2.231038461538435, 0.6226153846153912, 0.3631923076923043, 0.46696153846152183, 0.10376923076921747, 0.3631923076923043, 2.4385769230768695, 0.4150769230769131, 0.7782692307692175, 0.6745, 0.20753846153843494, 1.6084230769230436, 0.6745, 0.882038461538435, 1.4008846153846088, 0.4150769230769131, 0.051884615384608736, 0.3631923076923043, 0.25942307692304367, 0.10376923076921747, 1.2452307692307394, 0.3113076923076956, 0.10376923076921747, 0.882038461538435, 0.3631923076923043, 55.879730769229745, 55.30899999999901, 0.46696153846152183, 55.30899999999901, 55.56842307692205, 0.1556538461538694, 0.20753846153847816, 0.10376923076921747, 0.25942307692308686, 0.10376923076921747, 0.4150769230769131, 56.24292307692205, 56.08726923076823, 1.6084230769230436, 0.20753846153843494, 0.051884615384608736, 0.051884615384608736, 0.7263846153846086, 0.8301538461538261, 1.6603076923076523, 1.1414615384615217, 0.3631923076923043, 1.297115384615391, 0.7782692307692175, 1.6603076923076523, 1.1933461538461305, 0.46696153846152183, 0.882038461538435, 0.0, 0.3113076923076956, 0.882038461538435, 0.15565384615382621, 0.9339230769230868, 0.7263846153846086, 0.5707307692307825, 55.67219230769131, 56.19103846153744, 55.72407692307592, 0.4150769230769131, 56.03538461538361, 55.101461538460526, 1.6603076923076523, 0.3113076923076956, 2.2829230769230433, 1.556538461538435, 0.7782692307692175, 1.1933461538461305, 1.089576923076913, 1.8678461538461306, 0.20753846153843494, 1.349, 2.0234999999999568, 0.7782692307692175, 0.4150769230769131, 0.7782692307692175, 0.20753846153843494, 0.10376923076921747, 0.3113076923076956, 1.349, 1.556538461538435, 0.10376923076921747, 1.556538461538435, 0.20753846153843494, 0.4150769230769131, 0.0, 0.7263846153846086, 0.0, 0.20753846153847816, 0.20753846153843494, 0.3113076923076956, 0.051884615384608736, 0.4150769230769131, 0.4150769230769131, 0.9858076923076956, 1.0376923076923044, 1.4008846153846088, 55.82784615384514, 57.28061538461435, 0.15565384615382621, 0.46696153846152183, 0.15565384615382621, 1.9197307692307393, 0.051884615384608736, 0.882038461538435, 0.4150769230769131, 0.25942307692308686, 0.6745, 0.20753846153843494, 0.3113076923076956, 0.20753846153843494, 55.77596153846053, 56.39857692307592, 57.33249999999896, 55.983499999999005, 0.9858076923076956, 56.08726923076823, 0.3113076923076956, 0.10376923076921747, 0.7782692307692175, 0.7263846153846086, 0.8301538461538261, 1.0376923076922613, 0.3631923076923043, 0.46696153846152183, 0.0, 0.1556538461538694, 0.7263846153846086, 1.1414615384615217, 1.556538461538435, 0.0, 1.0376923076923044, 0.5707307692307825, 56.29480769230666, 55.46465384615283, 0.15565384615382621, 55.51653846153744, 0.5707307692307825, 1.556538461538435, 56.45046153846053, 1.556538461538435, 55.72407692307592, 1.349, 55.257115384614394, 0.882038461538435, 56.29480769230666, 0.25942307692308686, 56.45046153846053, 1.4527692307692173, 0.8301538461538261, 0.4150769230769131, 0.8301538461538261, 0.8301538461538261, 1.349, 2.594230769230739, 1.1933461538461305, 1.1414615384615217, 1.6084230769230436, 0.25942307692308686, 0.051884615384608736, 0.4150769230769131, 0.6226153846153912, 1.089576923076913, 0.622615384615348, 0.4150769230769131, 2.2829230769230433, 0.25942307692304367, 1.764076923076913, 0.15565384615382621, 0.20753846153847816, 55.257115384614394, 55.983499999999005, 0.5707307692307825, 56.29480769230666, 55.82784615384514, 0.3113076923076956, 55.56842307692205, 0.051884615384608736, 1.297115384615391, 0.15565384615382621, 1.4008846153846088, 0.882038461538435, 1.089576923076913, 1.0376923076923044, 0.7263846153846086, 0.5707307692307393, 2.0234999999999568, 0.5188461538461737, 0.9339230769230437, 0.6226153846153912, 0.3113076923076956, 0.4150769230769131, 1.1933461538461305, 0.4150769230769131, 0.6226153846153912, 56.81365384615283, 1.2452307692307394, 0.25942307692308686, 0.051884615384608736, 2.1272692307692176, 1.089576923076913, 1.1414615384615217, 1.1933461538461305, 0.46696153846152183, 0.3631923076923043, 1.089576923076913, 0.3631923076923043, 0.20753846153847816, 57.073076923075874, 54.21942307692209, 0.5707307692307825, 0.6226153846153912, 0.25942307692304367, 0.051884615384608736, 0.3113076923076956, 0.46696153846152183, 0.20753846153843494, 56.606115384614355, 0.3113076923076956, 56.03538461538361, 0.7263846153846086, 0.882038461538435, 1.089576923076913, 1.4008846153846088, 0.15565384615382621, 1.5046538461538261, 0.0, 1.1414615384615217, 0.4150769230769131, 0.9339230769230868, 0.6745, 1.1414615384615217, 0.0, 1.4008846153845655, 0.25942307692304367, 1.6084230769230436, 0.051884615384608736, 0.25942307692308686, 0.5707307692307825, 56.03538461538361, 1.1933461538461305, 0.15565384615382621, 55.983499999999005, 55.153346153845135, 1.4527692307692173, 56.91742307692205, 0.6745, 0.3113076923076956, 0.5188461538461737, 1.6084230769230436, 0.5707307692307825, 0.9339230769230437, 56.13915384615283, 56.34669230769127, 0.46696153846152183, 55.67219230769131, 56.13915384615283, 0.3113076923076956, 0.10376923076921747, 0.5188461538461306, 0.3631923076923043, 0.1556538461538694, 0.051884615384608736, 0.0, 0.0, 1.297115384615391, 0.6745, 0.15565384615382621, 0.3113076923076956, 0.10376923076921747, 0.6226153846153912, 1.6084230769230436, 0.8301538461538261, 0.051884615384608736, 0.882038461538435, 0.10376923076921747, 54.011884615383615, 0.5707307692307825, 1.4008846153845655, 0.4150769230769131, 0.25942307692304367, 0.6745, 0.7782692307692175, 1.4527692307692173, 0.25942307692304367, 56.70988461538357, 55.257115384614394, 55.04957692307592, 55.46465384615283, 1.1414615384615217, 1.2452307692307394, 0.25942307692304367, 0.3113076923076956, 0.46696153846152183, 1.0376923076923044, 0.3113076923076956, 1.0376923076922613, 0.3113076923076956, 0.3113076923076956, 0.20753846153847816, 0.46696153846152183, 0.051884615384608736, 0.8301538461538261, 0.46696153846152183, 0.15565384615382621, 1.556538461538435, 0.3113076923076956, 55.82784615384514, 56.29480769230666, 0.10376923076921747, 0.20753846153847816, 1.1414615384615217, 0.10376923076921747, 0.8301538461538261, 0.46696153846152183, 0.6226153846153912, 1.1414615384615217, 1.764076923076913, 0.10376923076921747, 0.5188461538461737, 0.20753846153843494, 0.10376923076921747, 1.6084230769230436, 1.0376923076923044, 0.3631923076923043, 1.297115384615391, 1.1414615384615217, 1.349, 0.3631923076923043, 0.25942307692304367, 0.20753846153843494, 0.9858076923076524, 55.82784615384514, 1.8678461538461306, 0.8301538461538261, 0.9339230769230437, 0.8301538461538261, 0.9339230769230437, 0.3113076923076956, 0.3113076923076956, 0.25942307692308686, 1.4527692307692173, 1.4527692307692173, 1.089576923076913, 0.3113076923076956, 0.051884615384608736, 0.10376923076921747, 0.7782692307692175, 0.9339230769230868, 0.4150769230769131, 0.3631923076923043, 0.3631923076923043, 0.9858076923076956, 0.4150769230769131, 0.051884615384608736, 0.5188461538461737, 0.5188461538461737, 1.8678461538461306, 1.9716153846153481, 0.46696153846152183, 0.0, 0.7263846153846086, 0.051884615384608736, 0.10376923076921747, 0.622615384615348, 1.1414615384615217, 1.089576923076913, 0.46696153846152183, 56.81365384615283, 0.46696153846152183, 0.6226153846153912, 0.6745, 56.50234615384514, 0.10376923076921747, 56.76176923076822, 54.5826153846144, 0.1556538461538694, 0.5188461538461306, 54.9458076923067, 56.81365384615283, 0.051884615384608736, 0.882038461538435, 54.89392307692209, 54.89392307692209, 1.5046538461538261, 0.25942307692308686, 55.153346153845135, 0.7782692307692175, 0.9858076923076956, 55.983499999999005, 1.556538461538435, 2.2829230769230433, 0.25942307692308686, 0.051884615384608736, 0.46696153846152183, 0.882038461538435, 0.5188461538461306, 0.20753846153843494, 1.6603076923076523, 1.2452307692307394, 1.089576923076913, 1.349, 0.6745, 0.622615384615348, 0.3631923076923043, 0.25942307692308686, 0.20753846153843494, 0.3113076923076956, 57.021192307691265, 0.4150769230769131, 1.7121923076922612, 1.76407692307687, 56.24292307692205, 56.13915384615283, 1.764076923076913, 54.79015384615283, 1.4527692307692173, 0.8301538461538261, 0.7782692307692175, 0.20753846153847816, 0.46696153846152183, 1.297115384615391, 0.5188461538461737, 0.4150769230769131, 0.4150769230769131, 55.931615384614354, 0.46696153846152183, 57.073076923075874, 1.297115384615391, 55.30899999999901, 56.08726923076823, 56.606115384614355, 0.7263846153846086, 0.3631923076923043, 1.4008846153845655, 0.5707307692307825, 56.55423076922974, 55.46465384615283, 0.15565384615382621, 55.46465384615283, 0.46696153846152183, 0.051884615384608736, 55.879730769229745, 54.99769230769131, 0.6745, 0.4150769230769131, 1.2452307692307394, 0.4150769230769131, 0.882038461538435, 0.882038461538435, 0.7263846153846086, 0.4150769230769131, 0.9858076923076524, 0.6226153846153912, 0.1556538461538694, 0.3631923076923043, 0.4150769230769131, 1.7121923076923042, 0.882038461538435, 0.6226153846153912, 0.3113076923076956, 0.5188461538461306, 1.8678461538461306, 1.3489999999999567, 1.1933461538461305, 0.25942307692308686, 0.051884615384608736, 0.7263846153846086, 0.051884615384608736, 0.9858076923076524, 1.2452307692307394, 55.77596153846053, 1.4008846153845655, 0.7782692307692175, 0.0, 0.20753846153847816, 0.4150769230769131, 0.6745, 0.10376923076921747, 0.051884615384608736, 0.7782692307692175, 0.15565384615382621, 0.6226153846153912, 0.20753846153843494, 1.297115384615391, 1.4008846153846088, 0.9858076923076956, 0.7263846153846086, 1.556538461538435, 0.20753846153843494, 0.0, 0.7263846153846086, 0.10376923076921747, 0.46696153846152183, 1.089576923076913, 0.4150769230769131, 0.051884615384608736, 0.3631923076923043, 0.3631923076923043, 0.25942307692308686, 0.20753846153847816, 0.46696153846152183, 0.4150769230769131, 1.4008846153845655, 0.1556538461538694, 55.931615384614354, 0.3631923076923043, 0.0, 0.3113076923076956, 0.8301538461538261, 0.10376923076921747, 1.8159615384615218, 56.55423076922974, 1.2452307692307394, 0.25942307692308686, 0.5707307692307825, 0.5707307692307393, 1.2452307692307394, 1.6603076923076523, 1.5046538461538261, 1.1414615384615217, 0.4150769230769131, 1.1414615384615217, 0.7782692307692175, 0.20753846153847816, 0.051884615384608736, 1.8678461538461306, 0.5707307692307825, 0.9858076923076956, 0.051884615384608736, 1.1933461538461305, 0.7263846153846086, 0.20753846153843494, 0.25942307692308686, 0.46696153846152183, 0.10376923076921747, 0.7263846153846086, 0.10376923076921747, 1.6084230769230436, 0.5707307692307825, 0.20753846153847816, 0.3113076923076956, 0.9339230769230868, 1.1414615384615217, 0.5707307692307825, 0.10376923076921747, 0.20753846153843494, 1.8678461538461306, 0.15565384615382621, 0.3631923076923043, 0.882038461538435, 0.4150769230769131, 0.6226153846153912, 1.1414615384615217, 1.0376923076923044, 0.9339230769230437, 0.5188461538461306, 0.46696153846152183, 0.15565384615382621, 0.051884615384608736, 1.089576923076913, 0.3113076923076956, 0.46696153846152183, 0.4150769230769131, 0.1556538461538694, 0.7263846153846086, 0.7782692307692175, 0.9339230769230437, 2.075384615384565, 1.7121923076923042, 1.556538461538435, 0.051884615384608736, 0.3113076923076956, 0.15565384615382621, 0.622615384615348, 2.490461538461522, 0.3631923076923043, 0.20753846153843494, 0.0, 0.6226153846153912, 0.5188461538461737, 0.15565384615382621, 0.7263846153846086, 1.2452307692307394, 0.051884615384608736, 57.28061538461435, 0.46696153846152183, 55.77596153846053, 1.4527692307692173, 0.15565384615382621, 56.13915384615283, 1.1414615384615217, 0.8301538461538261, 1.089576923076913, 1.8678461538461306, 56.70988461538357, 0.882038461538435, 0.5188461538461737, 2.231038461538435, 55.6203076923067, 58.47396153846048, 0.1556538461538694, 1.089576923076913, 56.19103846153744, 56.24292307692205, 1.4527692307692173, 0.7263846153846086, 0.051884615384608736, 2.0234999999999568, 1.349, 0.3631923076923043, 1.089576923076913, 0.882038461538435, 0.7263846153846086, 0.882038461538435, 1.4008846153846088, 0.20753846153843494, 0.3631923076923043, 1.6603076923076523, 0.882038461538435, 0.5707307692307393, 1.3489999999999567, 0.20753846153847816, 0.4150769230769131, 0.5188461538461306, 0.051884615384608736, 0.7263846153846086, 0.20753846153843494, 0.6226153846153912, 54.738269230768225, 0.051884615384608736, 56.86553846153744, 0.6745, 1.0376923076922613, 56.76176923076822, 2.4385769230768695, 0.25942307692304367, 0.3113076923076956, 0.6226153846153912, 56.657999999998964, 56.29480769230666, 1.2452307692307394, 2.231038461538435, 1.2452307692307394, 0.5188461538461306, 0.4150769230769131, 1.0376923076923044, 0.7263846153846086, 0.051884615384608736, 0.9339230769230868, 0.6226153846153912, 0.6745, 1.1414615384615217, 0.5188461538461306, 0.051884615384608736, 0.4150769230769131, 0.7263846153846086, 0.6226153846153912, 0.3631923076923043, 0.7263846153846086, 1.2452307692307394, 0.20753846153843494, 0.5707307692307393, 0.4150769230769131, 1.2452307692307394, 0.6226153846153912, 0.3631923076923043, 0.4150769230769131, 55.30899999999901, 55.205230769229786, 0.3113076923076956, 1.2452307692307394, 1.1414615384615217, 0.5188461538461306, 0.051884615384608736, 0.5188461538461306, 0.9858076923076956, 0.10376923076921747, 1.8159615384615218, 56.45046153846053, 56.606115384614355, 55.931615384614354, 0.882038461538435, 0.15565384615382621, 0.20753846153843494, 55.82784615384514, 55.205230769229786, 0.5188461538461737, 1.089576923076913, 0.6745, 0.051884615384608736, 0.10376923076921747, 55.6203076923067, 0.3113076923076956, 54.5826153846144, 56.24292307692205, 0.1556538461538694, 1.089576923076913, 0.20753846153843494, 1.556538461538435, 0.5707307692307393, 0.10376923076921747, 56.19103846153744, 56.45046153846053, 0.3631923076923043, 0.3631923076923043, 0.5707307692307393, 57.28061538461435, 56.39857692307592, 56.39857692307592, 0.3631923076923043, 0.25942307692308686, 1.1933461538461305, 1.0376923076923044, 0.10376923076921747, 0.6226153846153912, 56.70988461538357, 57.22873076922975, 56.55423076922974, 0.3113076923076956, 0.46696153846152183, 56.70988461538357, 1.1414615384615217, 0.20753846153847816, 0.1556538461538694, 56.39857692307592, 2.3348076923076526, 0.7782692307692175, 0.25942307692308686, 1.2452307692307394, 55.67219230769131, 0.10376923076921747, 56.70988461538357, 54.738269230768225, 0.3113076923076956, 56.29480769230666, 0.5188461538461737, 0.7782692307692175, 1.089576923076913, 0.46696153846152183, 0.882038461538435, 0.7263846153846086, 0.3113076923076956, 0.6745, 0.622615384615348, 0.5707307692307825, 0.10376923076921747, 1.1933461538461305, 0.6226153846153912, 1.0376923076922613, 0.3631923076923043, 0.3113076923076956, 0.7263846153846086, 0.20753846153843494, 0.0, 0.0, 56.70988461538357, 0.051884615384608736, 55.82784615384514, 56.03538461538361, 0.20753846153847816, 56.96930769230666, 55.77596153846053, 0.15565384615382621, 1.5046538461538261, 0.7782692307692175, 0.46696153846152183, 0.3631923076923043, 0.10376923076921747, 0.10376923076921747, 0.3113076923076956, 0.1556538461538694, 1.4527692307692173, 0.622615384615348, 0.25942307692304367, 55.931615384614354, 56.96930769230666, 54.9458076923067, 1.3489999999999567, 57.69569230769127, 0.7782692307692175, 0.25942307692304367, 0.4150769230769131, 0.051884615384608736, 56.606115384614355, 56.39857692307592, 57.12496153846048, 0.20753846153847816, 0.1556538461538694, 56.03538461538361, 0.6745, 1.7121923076923042, 1.4527692307692173, 1.0376923076923044, 0.4150769230769131, 55.205230769229786, 55.41276923076822, 0.46696153846152183, 0.9858076923076956, 55.72407692307592, 56.29480769230666, 0.3113076923076956, 0.10376923076921747, 0.0, 1.1414615384615217, 1.9197307692307393, 0.3631923076923043, 0.10376923076921747, 0.5707307692307825, 1.7121923076923042, 0.5188461538461737, 0.5188461538461737, 1.9197307692307393, 0.6226153846153912, 1.2971153846153483, 0.3113076923076956, 0.5707307692307393, 0.10376923076921747, 0.7782692307692175, 1.8678461538461306, 0.20753846153843494, 1.4527692307692173, 0.3113076923076956, 0.46696153846152183, 0.5707307692307393, 1.297115384615391, 55.931615384614354, 0.9339230769230868, 54.99769230769131, 55.46465384615283, 56.86553846153744, 0.25942307692308686, 0.051884615384608736, 0.5188461538461737, 1.5046538461538261, 0.5707307692307825, 0.6745, 0.0, 0.46696153846152183, 0.3113076923076956, 0.46696153846152183, 0.20753846153847816, 0.3631923076923043, 1.76407692307687, 1.349, 0.46696153846152183, 0.46696153846152183, 0.20753846153843494, 1.0376923076923044, 0.6226153846153912, 1.76407692307687, 1.349, 0.20753846153843494, 0.4150769230769131, 56.03538461538361, 55.51653846153744, 1.9197307692307393, 0.8301538461538261, 0.7782692307692175, 0.5188461538461737, 0.9858076923076524, 57.22873076922975, 56.70988461538357, 2.231038461538435, 0.3113076923076956, 56.19103846153744, 56.70988461538357, 0.7782692307692175, 1.089576923076913, 2.853653846153783, 0.9339230769230437, 0.4150769230769131, 1.089576923076913, 0.25942307692308686, 0.0, 0.10376923076921747, 0.7263846153846086, 0.5188461538461306, 1.1933461538461305, 1.3489999999999567, 0.051884615384608736, 0.8301538461538261, 0.20753846153847816, 0.3631923076923043, 0.6745, 0.25942307692304367, 0.0, 2.0234999999999568, 0.4150769230769131, 0.20753846153843494, 0.051884615384608736, 0.5707307692307393, 1.6084230769230436, 1.9197307692307393, 0.9858076923076524, 1.4008846153846088, 0.3631923076923043, 0.7263846153846086, 0.10376923076921747, 0.20753846153847816, 0.6745, 0.6745, 56.91742307692205, 0.9858076923076524, 55.56842307692205, 56.03538461538361, 1.4008846153846088, 0.20753846153847816, 0.46696153846152183, 1.1414615384615217, 56.24292307692205, 56.34669230769127, 55.41276923076822, 0.46696153846152183, 0.20753846153843494, 1.556538461538435, 1.2452307692307394, 57.43626923076818, 56.13915384615283, 0.5188461538461737, 0.10376923076921747, 0.0, 0.5707307692307393, 0.10376923076921747, 0.5707307692307825, 0.0, 0.882038461538435, 0.6226153846153912, 0.3631923076923043, 1.0376923076922613, 0.46696153846152183, 0.25942307692304367, 0.20753846153847816, 1.2452307692307394, 56.86553846153744, 0.3113076923076956, 0.3631923076923043, 55.51653846153744, 0.882038461538435, 56.24292307692205, 0.882038461538435, 0.10376923076921747, 1.8159615384615218, 0.9858076923076956, 56.70988461538357, 1.2452307692307394, 0.25942307692308686, 1.0376923076923044, 0.8301538461538261, 56.19103846153744, 0.4150769230769131, 0.7263846153846086, 1.4527692307692173, 0.7782692307692175, 1.297115384615391, 0.25942307692308686, 0.10376923076921747, 55.41276923076822, 55.6203076923067, 56.55423076922974, 0.4150769230769131, 0.6226153846153912, 0.20753846153847816, 0.9858076923076524, 0.10376923076921747, 0.8301538461538261, 0.25942307692304367, 1.1933461538461305, 0.0, 0.6226153846153912, 0.051884615384608736, 0.6226153846153912, 0.051884615384608736, 0.46696153846152183, 0.882038461538435, 0.7782692307692175, 0.6745, 56.657999999998964, 0.4150769230769131, 0.5707307692307393, 55.205230769229786, 56.34669230769127, 0.3631923076923043, 0.6226153846153912, 0.6745, 0.882038461538435, 0.15565384615382621, 0.46696153846152183, 0.7782692307692175, 1.1933461538461305, 0.3631923076923043, 0.10376923076921747, 0.46696153846152183, 1.349, 55.72407692307592, 0.5707307692307393, 2.075384615384565, 56.08726923076823, 56.91742307692205, 0.46696153846152183, 55.205230769229786, 0.3113076923076956, 1.0376923076923044, 57.384384615383574, 55.101461538460526, 0.4150769230769131, 0.7782692307692175, 0.46696153846152183, 1.0376923076923044, 55.983499999999005, 0.4150769230769131, 56.03538461538361, 0.6226153846153912, 0.10376923076921747, 0.9339230769230868, 0.4150769230769131, 57.021192307691265, 0.1556538461538694, 0.051884615384608736, 0.7263846153846086, 0.9339230769230868, 0.882038461538435, 1.089576923076913, 0.5707307692307825, 0.3113076923076956, 0.7782692307692175, 0.10376923076921747, 0.4150769230769131, 1.349, 0.5707307692307393, 0.5188461538461306, 0.25942307692304367, 0.0, 0.10376923076921747, 0.8301538461538261, 0.46696153846152183, 0.9858076923076524, 0.25942307692308686, 0.3631923076923043, 1.089576923076913, 0.4150769230769131, 0.622615384615348, 1.089576923076913, 0.5707307692307393, 1.5046538461538261, 56.24292307692205, 56.606115384614355, 54.842038461537484, 0.10376923076921747, 55.101461538460526, 0.10376923076921747, 0.5707307692307393, 54.738269230768225, 1.2452307692307394, 0.9339230769230868, 55.41276923076822, 55.56842307692205, 1.1933461538461305, 0.1556538461538694, 1.4008846153845655, 0.3631923076923043, 1.6084230769230436, 0.622615384615348, 55.51653846153744, 0.20753846153847816, 1.9716153846153481, 0.5707307692307393, 0.3631923076923043, 1.7121923076923042, 1.349, 0.8301538461538261, 0.6745, 56.39857692307592, 56.29480769230666, 1.6603076923076523, 1.7121923076922612, 55.41276923076822, 0.25942307692308686, 0.882038461538435, 0.25942307692304367, 0.46696153846152183, 0.25942307692308686, 1.1933461538461305, 56.24292307692205, 0.9339230769230868, 0.1556538461538694, 0.5188461538461306, 0.20753846153843494, 0.4150769230769131, 0.5707307692307825, 0.10376923076921747, 0.25942307692304367, 0.5707307692307825, 0.9858076923076956, 0.051884615384608736, 1.1933461538461305, 0.20753846153843494, 0.5188461538461737, 0.3113076923076956, 55.879730769229745, 0.15565384615382621, 56.29480769230666, 0.7263846153846086, 56.81365384615283, 0.051884615384608736, 55.41276923076822, 55.879730769229745, 1.764076923076913, 0.20753846153843494, 54.99769230769131, 56.45046153846053, 55.72407692307592, 0.25942307692308686, 56.45046153846053, 0.622615384615348, 0.15565384615382621, 0.5707307692307825, 57.747576923075876, 55.257115384614394, 0.1556538461538694, 0.5707307692307393, 1.2971153846153483, 0.7782692307692175, 1.556538461538435, 0.20753846153847816, 0.5188461538461306, 1.3489999999999567, 0.9858076923076524, 1.0376923076923044, 0.46696153846152183, 0.4150769230769131, 0.25942307692304367, 1.8678461538461306, 1.4527692307692173, 0.8301538461538261, 0.25942307692304367, 0.25942307692304367, 1.089576923076913, 0.5707307692307825, 0.882038461538435, 0.7782692307692175, 0.20753846153847816, 0.25942307692308686, 0.3113076923076956, 0.8301538461538261, 0.0, 0.9339230769230868, 0.10376923076921747, 56.34669230769127, 56.70988461538357, 0.3631923076923043, 55.6203076923067, 55.6203076923067, 56.29480769230666, 0.3113076923076956, 0.051884615384608736, 0.15565384615382621, 0.10376923076921747, 0.1556538461538694, 55.983499999999005, 0.7782692307692175, 0.10376923076921747, 2.179153846153826, 2.179153846153826, 0.0, 0.882038461538435, 56.55423076922974, 0.1556538461538694, 1.76407692307687, 0.051884615384608736, 0.3631923076923043, 0.3113076923076956, 55.983499999999005, 54.9458076923067, 1.764076923076913, 56.50234615384514, 0.4150769230769131, 57.28061538461435, 0.7263846153846086, 0.5707307692307393, 56.24292307692205, 55.101461538460526, 56.19103846153744, 57.384384615383574, 0.6745, 54.53073076922979, 56.70988461538357, 0.4150769230769131, 57.22873076922975, 2.179153846153783, 57.69569230769127, 0.20753846153847816, 0.1556538461538694, 56.76176923076822, 0.4150769230769131, 0.6745, 55.30899999999901, 56.13915384615283, 1.556538461538435, 56.96930769230666, 0.7782692307692175, 0.20753846153847816, 1.1933461538461305, 0.3631923076923043, 0.20753846153847816, 0.4150769230769131, 0.1556538461538694, 0.9858076923076956, 0.5707307692307393, 0.5707307692307825, 0.15565384615382621, 2.542346153846087, 0.10376923076921747, 0.25942307692304367, 0.15565384615382621, 0.6745, 0.10376923076921747, 0.9339230769230868, 0.6745, 55.153346153845135, 1.2452307692307394, 57.021192307691265, 0.4150769230769131, 0.7263846153846086, 0.10376923076921747, 0.0, 55.205230769229786, 56.657999999998964, 0.3113076923076956, 56.657999999998964, 55.983499999999005, 2.127269230769174, 0.5188461538461306, 1.6603076923076523, 0.9858076923076956, 0.15565384615382621, 55.72407692307592, 0.5188461538461737, 1.4008846153846088, 55.72407692307592, 0.0, 0.3113076923076956, 56.50234615384514, 0.10376923076921747, 0.7782692307692175, 56.70988461538357, 0.4150769230769131, 0.3631923076923043, 0.10376923076921747, 1.1414615384615217, 0.9339230769230437, 1.3489999999999567, 0.25942307692304367, 0.3113076923076956, 0.10376923076921747, 0.6745, 0.8301538461538261, 0.15565384615382621, 0.15565384615382621, 0.0, 0.8301538461538261, 0.051884615384608736, 1.297115384615391, 0.3631923076923043, 56.29480769230666, 57.22873076922975, 56.50234615384514, 1.297115384615391, 1.349, 56.19103846153744, 0.10376923076921747, 0.6226153846153912, 0.5707307692307393, 0.3113076923076956, 0.10376923076921747, 0.25942307692308686, 1.8159615384615218, 1.089576923076913, 55.931615384614354, 0.46696153846152183, 0.10376923076921747, 55.56842307692205, 56.76176923076822, 0.051884615384608736, 56.13915384615283, 1.2452307692307394, 0.882038461538435, 0.622615384615348, 0.46696153846152183, 0.3113076923076956, 0.9858076923076956, 1.349, 1.6084230769230436, 0.9858076923076524, 0.15565384615382621, 0.9339230769230868, 0.3113076923076956, 0.46696153846152183, 0.15565384615382621, 0.3113076923076956, 0.6745, 0.4150769230769131, 0.9858076923076524, 1.5046538461538261, 0.0, 1.0376923076922613, 0.051884615384608736, 0.882038461538435, 0.15565384615382621, 0.10376923076921747, 56.08726923076823, 0.3631923076923043, 55.983499999999005, 0.9858076923076956, 56.55423076922974, 0.0, 55.30899999999901, 57.43626923076818, 56.03538461538361, 0.6226153846153912, 0.20753846153843494, 56.29480769230666, 1.349, 0.882038461538435, 0.5188461538461306, 0.622615384615348, 0.7782692307692175, 56.70988461538357, 0.15565384615382621, 56.34669230769127, 0.051884615384608736, 56.13915384615283, 0.051884615384608736, 1.5046538461538261, 0.10376923076921747, 0.6745, 55.205230769229786, 0.5188461538461737, 0.1556538461538694, 58.31830769230661, 55.36088461538361, 0.15565384615382621, 0.9339230769230868, 0.3113076923076956, 56.24292307692205, 55.879730769229745, 1.4008846153845655, 0.7782692307692175, 0.0, 56.86553846153744, 0.0, 56.657999999998964, 56.13915384615283, 1.7121923076923042, 56.29480769230666, 0.25942307692304367, 0.6226153846153912, 0.3113076923076956, 0.0, 0.3113076923076956, 1.8678461538461306, 1.764076923076913, 1.0376923076923044, 0.3631923076923043, 0.1556538461538694, 0.9858076923076956, 0.8301538461538261, 0.882038461538435, 1.6084230769230436, 0.20753846153843494, 0.9339230769230437, 0.6226153846153912, 56.34669230769127, 0.1556538461538694, 0.051884615384608736, 0.15565384615382621, 0.10376923076921747, 0.8301538461538261, 0.051884615384608736, 1.6603076923076523, 2.075384615384565, 1.8678461538461306, 56.39857692307592, 56.13915384615283, 56.50234615384514, 1.0376923076923044, 0.6226153846153912, 0.9339230769230868, 1.4008846153846088, 1.089576923076913, 0.7263846153846086, 0.3631923076923043, 1.3489999999999567, 1.4008846153846088, 0.5707307692307393, 56.29480769230666, 0.7263846153846086, 55.72407692307592, 55.257115384614394, 1.1414615384615217, 0.051884615384608736, 0.10376923076921747, 56.24292307692205, 56.29480769230666, 0.20753846153847816, 0.15565384615382621, 1.0376923076922613, 0.622615384615348, 1.6084230769230436, 1.1933461538461305, 1.6084230769230436, 0.882038461538435, 0.10376923076921747, 0.0, 0.0, 55.983499999999005, 55.56842307692205, 0.46696153846152183, 56.657999999998964, 56.81365384615283, 54.9458076923067, 56.39857692307592, 0.20753846153847816, 1.2452307692307394, 55.82784615384514, 0.3113076923076956, 55.257115384614394, 56.606115384614355, 0.3113076923076956, 0.46696153846152183, 0.7263846153846086, 0.15565384615382621, 0.20753846153847816, 0.1556538461538694, 0.3631923076923043, 1.0376923076923044, 0.3631923076923043, 0.20753846153847816, 0.8301538461538261, 1.1414615384615217, 0.6745, 1.0376923076923044, 0.7782692307692175, 54.37507692307592, 0.3113076923076956, 0.4150769230769131, 56.13915384615283, 0.6745, 57.22873076922975, 1.5046538461538261, 0.15565384615382621, 0.20753846153847816, 0.20753846153847816, 0.20753846153843494, 0.882038461538435, 0.3113076923076956, 0.7263846153846086, 0.3631923076923043, 1.1414615384615217, 1.1933461538461305, 0.3631923076923043, 0.15565384615382621, 0.10376923076921747, 0.3631923076923043, 0.3113076923076956, 0.6226153846153912, 1.4527692307692173, 0.9339230769230868, 0.20753846153847816, 0.20753846153847816, 0.4150769230769131, 1.4008846153846088, 0.46696153846152183, 0.3113076923076956, 0.0, 0.4150769230769131, 0.3113076923076956, 0.1556538461538694, 1.4008846153845655, 1.1414615384615217, 56.24292307692205, 55.879730769229745, 57.54003846153739, 56.50234615384514, 0.46696153846152183, 0.051884615384608736, 2.4385769230768695, 0.46696153846152183, 56.91742307692205, 54.32319230769131, 0.15565384615382621, 0.7782692307692175, 0.4150769230769131, 0.4150769230769131, 0.882038461538435, 0.10376923076921747, 0.46696153846152183, 0.3113076923076956, 57.12496153846048, 56.08726923076823, 0.051884615384608736, 56.45046153846053, 0.5707307692307393, 0.5188461538461737, 0.7263846153846086, 1.2971153846153483, 0.6745, 0.20753846153847816, 56.29480769230666, 55.879730769229745, 55.879730769229745, 0.6745, 1.4008846153846088, 57.22873076922975, 55.56842307692205, 55.67219230769131, 0.882038461538435, 56.50234615384514, 55.77596153846053, 2.075384615384565, 55.205230769229786, 56.24292307692205, 0.5707307692307393, 55.205230769229786, 54.634499999999, 56.13915384615283, 55.6203076923067, 56.657999999998964, 0.8301538461538261, 0.20753846153843494, 0.20753846153847816, 0.0, 1.089576923076913, 0.3631923076923043, 1.297115384615391, 0.20753846153847816, 0.3113076923076956, 1.4527692307692173, 0.25942307692304367, 1.1933461538461305, 0.882038461538435, 0.10376923076921747, 0.051884615384608736, 0.051884615384608736, 0.051884615384608736, 0.9339230769230437, 0.5188461538461737, 1.1414615384615217, 0.051884615384608736, 0.46696153846152183, 1.2452307692307394, 0.051884615384608736, 0.46696153846152183, 0.10376923076921747, 0.10376923076921747, 0.46696153846152183, 1.1933461538461305, 0.15565384615382621, 57.54003846153739, 55.6203076923067, 54.842038461537484, 56.08726923076823, 1.089576923076913, 0.25942307692304367, 0.6745, 0.5707307692307825, 0.6745, 0.7782692307692175, 0.3631923076923043, 1.7121923076922612, 0.7263846153846086, 0.10376923076921747, 0.8301538461538261, 1.5046538461538261, 2.5423461538461307, 0.9339230769230868, 0.051884615384608736, 0.8301538461538261, 0.15565384615382621, 0.6745, 0.9339230769230437, 0.9339230769230868, 2.231038461538392, 0.8301538461538261, 1.0376923076922613, 0.4150769230769131, 0.7263846153846086, 56.45046153846053, 0.7263846153846086, 0.0, 0.20753846153843494, 0.051884615384608736, 0.8301538461538261, 0.051884615384608736, 0.3113076923076956, 0.5188461538461737, 0.0, 0.9858076923076956, 0.5188461538461306, 0.7263846153846086, 0.8301538461538261, 1.5046538461538261, 0.7263846153846086, 55.41276923076822, 57.64380769230666, 56.96930769230666, 0.622615384615348, 0.15565384615382621, 0.3113076923076956, 1.8678461538461306, 0.4150769230769131, 1.089576923076913, 0.5188461538461737, 0.10376923076921747, 0.3631923076923043, 0.25942307692308686, 0.7782692307692175, 0.4150769230769131, 0.15565384615382621, 0.7782692307692175, 1.089576923076913, 0.0, 0.882038461538435, 0.15565384615382621, 1.4008846153846088, 0.4150769230769131, 0.7782692307692175, 1.089576923076913, 0.7263846153846086, 0.4150769230769131, 56.70988461538357, 0.5707307692307825, 0.1556538461538694, 0.9858076923076956, 57.073076923075874, 1.089576923076913, 0.051884615384608736, 0.3113076923076956, 1.297115384615391, 0.3113076923076956, 0.4150769230769131, 1.6603076923076523, 0.051884615384608736, 1.3489999999999567, 0.7782692307692175, 0.6226153846153912, 0.8301538461538261, 0.882038461538435, 0.46696153846152183, 0.4150769230769131, 1.2452307692307394, 0.7782692307692175, 0.25942307692304367, 0.3113076923076956, 1.089576923076913, 0.46696153846152183, 0.9339230769230868, 0.46696153846152183, 0.051884615384608736, 0.882038461538435, 0.0, 55.77596153846053, 56.39857692307592, 1.4008846153846088, 0.9339230769230868, 0.46696153846152183, 1.1414615384615217, 0.46696153846152183, 1.6084230769230436, 0.9858076923076524, 0.20753846153843494, 0.6745, 0.5188461538461306, 0.9339230769230868, 56.24292307692205, 56.657999999998964, 0.882038461538435, 0.9858076923076956, 0.6745, 1.089576923076913, 1.297115384615391, 0.46696153846152183, 0.6226153846153912, 0.6745, 0.5188461538461737, 0.25942307692308686, 0.25942307692304367, 0.8301538461538261, 0.5707307692307825, 0.8301538461538261, 0.10376923076921747, 1.2452307692307394, 0.9339230769230868, 0.8301538461538261, 0.051884615384608736, 0.051884615384608736, 1.5046538461538261, 1.76407692307687, 0.46696153846152183, 0.20753846153843494, 57.33249999999896, 55.56842307692205, 56.76176923076822, 56.81365384615283, 1.0376923076923044, 0.25942307692308686, 0.46696153846152183, 54.32319230769131, 56.50234615384514, 54.99769230769131, 0.7782692307692175, 0.46696153846152183, 55.153346153845135, 56.50234615384514, 0.25942307692308686, 0.051884615384608736, 0.5707307692307393, 56.76176923076822, 56.29480769230666, 56.34669230769127, 0.8301538461538261, 0.051884615384608736, 0.5188461538461306, 0.25942307692308686, 0.10376923076921747, 0.46696153846152183, 58.2145384615374, 55.77596153846053, 1.2452307692307394, 56.39857692307592, 0.7782692307692175, 1.5046538461538261, 1.0376923076923044, 0.3631923076923043, 0.5188461538461737, 0.4150769230769131, 0.1556538461538694, 0.46696153846152183, 0.20753846153843494, 0.4150769230769131, 0.5707307692307393, 0.1556538461538694, 1.8678461538461306, 0.6226153846153912, 0.46696153846152183, 0.7263846153846086, 1.2452307692307394, 0.15565384615382621, 0.10376923076921747, 0.5188461538461737, 0.5707307692307825, 0.4150769230769131, 0.5707307692307825, 0.5707307692307825, 0.7263846153846086, 0.10376923076921747, 1.1933461538461305, 0.46696153846152183, 0.8301538461538261, 0.1556538461538694, 0.3113076923076956, 0.4150769230769131, 0.25942307692308686, 0.4150769230769131, 0.051884615384608736, 0.10376923076921747, 0.7263846153846086, 0.5188461538461306, 0.4150769230769131, 0.5707307692307825, 0.5707307692307393, 0.882038461538435, 0.25942307692308686, 1.7121923076923042, 0.6745, 0.8301538461538261, 0.5188461538461737, 0.3113076923076956, 56.55423076922974, 1.1933461538461305, 0.3631923076923043, 0.4150769230769131, 0.3113076923076956, 1.297115384615391, 56.96930769230666, 56.76176923076822, 0.25942307692304367, 0.20753846153847816, 1.1414615384615217, 0.6745, 0.882038461538435, 0.6745, 0.3631923076923043, 0.46696153846152183, 0.7263846153846086, 0.20753846153843494, 0.5707307692307825, 0.882038461538435, 1.1933461538461305, 0.0, 1.297115384615391, 0.5707307692307825, 0.051884615384608736, 0.5188461538461737, 0.9858076923076524, 1.556538461538435, 0.5188461538461737, 0.25942307692308686, 1.8159615384615218, 1.4527692307692173, 55.101461538460526, 55.77596153846053, 55.205230769229786, 0.10376923076921747, 56.81365384615283, 0.3631923076923043, 54.9458076923067, 55.931615384614354, 56.81365384615283, 0.15565384615382621, 0.9858076923076956, 0.7263846153846086, 0.4150769230769131, 0.3113076923076956, 0.8301538461538261, 0.051884615384608736, 0.5707307692307393, 0.25942307692308686, 56.45046153846053, 55.6203076923067, 0.1556538461538694, 2.594230769230739, 0.25942307692308686, 0.7782692307692175, 56.45046153846053, 0.7782692307692175, 0.0, 1.7121923076922612, 0.9858076923076956, 0.5707307692307393, 0.0, 0.9339230769230437, 1.1933461538461305, 1.089576923076913, 0.10376923076921747, 56.45046153846053, 0.3631923076923043, 0.5188461538461737, 2.697999999999957, 0.3113076923076956, 0.4150769230769131, 55.153346153845135, 0.15565384615382621, 0.1556538461538694, 0.20753846153843494, 56.86553846153744, 1.556538461538435, 1.297115384615391, 57.12496153846048, 0.1556538461538694, 0.7263846153846086, 0.4150769230769131, 55.82784615384514, 0.051884615384608736, 0.10376923076921747, 0.3631923076923043, 55.46465384615283, 55.72407692307592, 0.3631923076923043, 0.6745, 0.25942307692304367, 55.46465384615283, 0.6745, 0.0, 0.0, 0.4150769230769131, 0.3631923076923043, 0.46696153846152183, 0.6745, 0.882038461538435, 0.25942307692308686, 0.10376923076921747, 0.051884615384608736, 0.20753846153847816, 0.8301538461538261, 55.101461538460526, 55.30899999999901, 0.46696153846152183, 0.3113076923076956, 1.4008846153845655, 0.7782692307692175, 55.67219230769131, 56.76176923076822, 0.5707307692307393, 0.3113076923076956, 1.5046538461538261, 0.6745, 0.9858076923076956, 1.9716153846153481, 0.25942307692308686, 56.81365384615283, 55.51653846153744, 0.10376923076921747, 57.48815384615279, 54.79015384615283, 56.24292307692205, 0.25942307692304367, 55.205230769229786, 0.622615384615348, 56.08726923076823, 55.931615384614354, 0.3113076923076956, 0.6745, 56.19103846153744, 56.96930769230666, 0.20753846153847816, 2.0234999999999568, 56.86553846153744, 56.96930769230666, 56.70988461538357, 54.842038461537484, 56.70988461538357, 55.879730769229745, 1.556538461538435, 55.983499999999005, 0.10376923076921747, 57.43626923076822, 0.10376923076921747, 2.7498846153845657, 0.3113076923076956, 55.82784615384514, 0.15565384615382621, 55.101461538460526, 55.879730769229745, 0.10376923076921747, 0.7782692307692175, 0.622615384615348, 0.46696153846152183, 0.10376923076921747, 0.20753846153843494, 0.20753846153847816, 1.089576923076913, 0.5707307692307393, 1.4008846153846088, 0.10376923076921747, 1.1414615384615217, 0.25942307692304367, 0.6745, 0.3631923076923043, 0.9858076923076956, 0.3631923076923043, 0.1556538461538694, 1.556538461538435, 0.5707307692307825, 0.46696153846152183, 0.15565384615382621, 0.9858076923076956, 0.25942307692304367, 0.3631923076923043, 1.4527692307692173, 1.4008846153845655, 1.9716153846153481, 0.7263846153846086, 0.051884615384608736, 0.25942307692308686, 0.1556538461538694, 0.20753846153843494, 1.556538461538435, 0.3631923076923043, 55.931615384614354, 56.24292307692205, 56.13915384615283, 0.0, 0.3113076923076956, 1.0376923076922613, 56.91742307692205, 56.45046153846053, 55.879730769229745, 55.101461538460526, 0.4150769230769131, 0.5188461538461737, 0.15565384615382621, 57.384384615383574, 56.34669230769127, 0.20753846153843494, 1.9716153846153481, 0.8301538461538261, 1.9197307692307393, 1.2452307692307394, 0.3631923076923043, 0.9858076923076524, 1.5046538461538261, 0.46696153846152183, 0.3113076923076956, 0.25942307692308686, 57.384384615383574, 0.5188461538461306, 0.4150769230769131, 0.6226153846153912, 0.10376923076921747, 0.20753846153847816, 0.25942307692308686, 0.5188461538461306, 0.0, 0.1556538461538694, 0.3113076923076956, 0.4150769230769131, 1.6603076923076523, 1.5046538461538261, 0.9858076923076956, 0.051884615384608736, 1.4008846153846088, 0.10376923076921747, 0.10376923076921747, 56.24292307692205, 55.67219230769131, 0.46696153846152183, 0.46696153846152183, 0.051884615384608736, 1.089576923076913, 0.4150769230769131, 0.622615384615348, 0.15565384615382621, 1.764076923076913, 55.101461538460526, 0.46696153846152183, 0.20753846153847816, 0.0, 1.1933461538461305, 1.1933461538461305, 0.051884615384608736, 1.1933461538461305, 0.20753846153843494, 1.089576923076913, 0.3113076923076956, 57.17684615384513, 1.2452307692307394, 56.29480769230666, 0.5707307692307393, 0.4150769230769131, 0.4150769230769131, 1.2452307692307394, 0.5707307692307825, 0.46696153846152183, 0.6226153846153912, 1.4008846153846088, 0.10376923076921747, 1.4008846153846088, 1.8159615384615218, 0.7782692307692175, 0.7782692307692175, 1.349, 1.6084230769230436, 0.10376923076921747, 0.46696153846152183, 0.46696153846152183, 1.1414615384615217, 0.20753846153847816, 1.349, 0.051884615384608736, 55.46465384615283, 56.50234615384514, 0.6226153846153912, 0.051884615384608736, 0.9858076923076956, 1.0376923076923044, 0.10376923076921747, 0.3631923076923043, 1.089576923076913, 0.5188461538461306, 0.0, 54.842038461537484, 0.6226153846153912, 0.6745, 0.622615384615348, 0.46696153846152183, 0.5707307692307825, 55.82784615384514, 55.983499999999005, 1.5046538461538261, 0.4150769230769131, 0.25942307692308686, 2.5423461538461307, 54.634499999999, 1.2971153846153483, 0.1556538461538694, 0.20753846153847816, 0.20753846153843494, 1.556538461538435, 0.1556538461538694, 0.46696153846152183, 0.6745, 1.7121923076923042, 0.20753846153843494, 0.46696153846152183, 1.6603076923076523, 1.764076923076913, 0.1556538461538694, 0.3631923076923043, 1.4527692307692173, 0.4150769230769131, 1.5046538461538261, 0.20753846153843494, 0.3631923076923043, 0.7782692307692175, 1.1933461538461305, 0.20753846153847816, 1.3489999999999567, 0.25942307692308686, 1.3489999999999567, 1.6603076923076523, 1.0376923076922613, 0.3113076923076956, 0.3631923076923043, 0.4150769230769131, 0.25942307692308686, 0.8301538461538261, 0.20753846153843494, 0.7263846153846086, 0.9858076923076956, 0.0, 0.6226153846153912, 0.3113076923076956, 0.6226153846153912, 0.051884615384608736, 0.6226153846153912, 0.1556538461538694, 0.8301538461538261, 0.46696153846152183, 0.3113076923076956, 2.075384615384565, 2.1272692307692176, 0.622615384615348, 1.089576923076913, 0.10376923076921747, 0.3113076923076956, 0.3113076923076956, 0.9339230769230437, 0.15565384615382621, 0.8301538461538261, 1.1414615384615217, 0.5707307692307825, 0.4150769230769131, 55.983499999999005, 0.46696153846152183, 55.36088461538361, 0.882038461538435, 0.20753846153847816, 55.983499999999005, 54.686384615383616, 0.7263846153846086, 0.20753846153847816, 0.7782692307692175, 0.20753846153843494, 0.5188461538461306, 0.7263846153846086, 0.5707307692307825, 0.3631923076923043, 0.6226153846153912, 54.99769230769131, 0.882038461538435, 55.6203076923067, 0.3113076923076956, 0.7782692307692175, 1.1414615384615217, 0.7263846153846086, 0.15565384615382621, 0.1556538461538694, 0.051884615384608736, 0.3113076923076956, 0.5707307692307825, 0.10376923076921747, 0.3113076923076956, 0.5707307692307825, 0.7782692307692175, 1.5046538461538261, 0.20753846153847816, 0.8301538461538261, 1.8159615384615218, 0.3113076923076956, 1.6603076923076523, 1356.5232692307447, 1356.367615384591, 0.6745, 1.6084230769230436, 0.25942307692304367, 0.051884615384608736, 1.1933461538461305, 2.231038461538435, 0.051884615384608736, 0.15565384615382621, 0.622615384615348, 0.25942307692304367, 0.25942307692304367, 0.8301538461538261, 57.073076923075874, 55.983499999999005, 0.051884615384608736, 0.15565384615382621, 1.4008846153845655, 0.051884615384608736, 0.5188461538461306, 0.8301538461538261, 2.179153846153783, 0.4150769230769131, 0.7263846153846086, 0.5188461538461306, 0.20753846153847816, 0.9858076923076956, 0.051884615384608736, 0.882038461538435, 0.6226153846153912, 1.089576923076913, 0.882038461538435, 1.1414615384615217, 55.51653846153744, 1.2452307692307394, 0.46696153846152183, 0.25942307692308686, 1.1414615384615217, 0.0, 0.25942307692308686, 0.7782692307692175, 0.20753846153843494, 0.051884615384608736, 0.0, 0.5188461538461306, 0.5707307692307825, 1.349, 0.3631923076923043, 0.25942307692304367, 0.0, 0.15565384615382621, 0.882038461538435, 0.25942307692308686, 0.622615384615348, 0.4150769230769131, 1.4008846153846088, 0.7782692307692175, 2.1272692307692176, 0.6745, 0.9858076923076956, 0.5188461538461306, 0.6745, 0.9339230769230868, 1.2452307692307394, 0.051884615384608736, 0.46696153846152183, 1.4527692307692173, 0.1556538461538694, 0.0, 0.3631923076923043, 0.5707307692307825, 0.25942307692304367, 0.3631923076923043, 0.46696153846152183, 0.4150769230769131, 0.7263846153846086, 0.10376923076921747, 0.46696153846152183, 0.1556538461538694, 2.0234999999999568, 1.4527692307692173, 0.9339230769230437, 1.4008846153845655, 0.25942307692304367, 0.10376923076921747, 0.5188461538461737, 0.5188461538461737, 1.1414615384615217, 0.46696153846152183, 0.9339230769230868, 0.9858076923076956, 0.9339230769230437, 0.5707307692307825, 0.0, 1.6084230769230436, 0.1556538461538694, 0.5188461538461737, 1.0376923076923044, 0.9858076923076524, 0.3631923076923043, 0.20753846153843494, 0.7782692307692175, 0.25942307692304367, 0.3113076923076956, 0.3113076923076956, 0.1556538461538694, 0.0, 0.10376923076921747, 0.9339230769230868, 1.0376923076922613, 0.1556538461538694, 0.051884615384608736, 56.45046153846053, 0.10376923076921747, 0.46696153846152183]",10.241255043014071,0.6745000000000001,32.61310692284705,0.0,1356.5232692307447,6742.0,2.0,2.0,0.67
